1193840 3288.4
1193850 3288.4
1193860 3288.3
1193870 3288.5
1193880 3288.5
1193890 3288.5
1193900 3288.4
1193910 3288.4
1193920 3288.0
1193930 3284.9
1193940 3284.9
1193950 3284.3
1193960 3283.5
1193970 3282.5
1193980 3282.5
1193990 3281.3
1194000 3280.0
1194010 3280.0
1194020 3278.7
1194030 3277.6
1194040 3277.6
1194050 3277.2
1194060 3277.4
1194070 3277.4
1194080 3278.2
1194090 3279.5
1194100 3279.5
1194110 3281.2
1194120 3283.1
1194130 3285.1
1194140 3285.1
1194150 3287.3
1194160 3289.5
1194170 3289.5
1194180 3292.0
1194190 3294.9
1194200 3294.9
1194210 3298.5
1194220 3303.0
1194230 3303.0
1194240 3308.0
1194250 3313.1
1194260 3313.1
1194270 3318.2
1194280 3322.9
1194290 3322.9
1194300 3326.4
1194310 3331.2
1194320 3334.9
1194330 3334.9
1194340 3337.4
1194350 3338.7
1194360 3338.7
1194370 3335.4
1194380 3333.6
1194390 3333.6
1194400 3334.5
1194410 3338.6
1194420 3338.6
1194430 3346.7
1194440 3361.1
1194450 3361.1
1194460 3375.5
1194470 3390.8
1194480 3390.8
1194490 3406.9
1194500 3423.7
1194510 3436.1
1194520 3436.1
1194530 3437.4
1194540 3425.7
1194550 3425.7
1194560 3411.6
1194570 3399.1
1194580 3399.1
1194590 3390.0
1194600 3381.8
1194610 3381.8
1194620 3374.1
1194630 3366.5
1194640 3366.5
1194650 3360.0
1194660 3355.0
1194670 3350.0
1194680 3350.0
1194690 3344.1
1194700 3339.7
1194710 3339.7
1194720 3335.1
1194730 3331.0
1194740 3331.0
1194750 3327.5
1194760 3324.7
1194770 3324.7
1194780 3322.6
1194790 3321.6
1194800 3320.2
1194810 3322.5
1194820 3323.9
1194830 3323.9
1194840 3323.1
1194850 3320.5
1194860 3317.3
1194870 3317.3
1194880 3312.3
1194890 3306.6
1194900 3306.6
1194910 3300.9
1194920 3293.6
1194930 3293.6
1194940 3282.1
1194950 3268.9
1194960 3268.9
1194970 3258.1
1194980 3249.9
1194990 3249.9
1195000 3240.7
1195010 3233.9
1195020 3233.9
1195030 3232.5
1195040 3231.5
1195050 3226.9
1195060 3226.9
1195070 3222.8
1195080 3220.8
1195090 3220.8
1195100 3217.7
1195110 3215.1
1195120 3215.1
1195130 3213.1
1195140 3212.8
1195150 3212.8
1195160 3212.8
1195170 3213.0
1195180 3213.0
1195190 3213.4
1195200 3214.5
1195210 3215.2
1195220 3215.2
1195230 3214.5
1195240 3206.6
1195250 3206.6
1195260 3208.1
1195270 3214.9
1195280 3214.9
1195290 3219.4
1195300 3221.1
1195310 3221.1
1195320 3226.4
1195330 3228.9
1195340 3228.9
1195350 3226.1
1195360 3226.1
1195370 3226.1
1195380 3225.4
1195390 3225.8
1195400 3228.6
1195410 3228.6
1195420 3232.7
1195430 3240.9
1195440 3240.9
1195450 3243.8
1195460 3237.0
1195470 3237.0
1195480 3231.9
1195490 3229.5
1195500 3229.5
1195510 3228.8
1195520 3230.5
1195530 3230.5
1195540 3230.3
1195550 3231.5
1195560 3240.0
1195570 3240.0
1195580 3245.8
1195590 3247.7
1195600 3247.7
1195610 3244.9
1195620 3239.7
1195630 3239.7
1195640 3233.2
1195650 3230.4
1195660 3230.4
1195670 3229.2
1195680 3233.0
1195690 3233.0
1195700 3231.7
1195710 3231.0
1195720 3231.0
1195730 3229.8
1195740 3229.2
1195750 3228.8
1195760 3228.8
1195770 3228.3
1195780 3227.6
1195790 3227.6
1195800 3227.1
1195810 3226.0
1195820 3226.0
1195830 3224.9
1195840 3224.1
1195850 3224.1
1195860 3223.9
1195870 3223.8
1195880 3223.8
1195890 3222.9
1195900 3222.4
1195910 3222.4
1195920 3221.6
1195930 3221.4
1195940 3218.2
1195950 3218.2
1195960 3217.4
1195970 3216.2
1195980 3216.2
1195990 3216.2
1196000 3213.2
1196010 3213.2
1196020 3207.1
1196030 3201.5
1196040 3201.5
1196050 3196.6
1196060 3192.3
1196070 3192.3
1196080 3189.7
1196090 3188.7
1196100 3188.5
1196110 3178.7
1196120 3175.8
1196130 3172.3
1196140 3172.3
1196150 3169.3
1196160 3166.5
1196170 3166.5
1196180 3163.9
1196190 3161.9
1196200 3161.9
1196210 3161.6
1196220 3163.2
1196230 3163.2
1196240 3163.5
1196250 3163.8
1196260 3163.8
1196270 3165.9
1196280 3168.5
1196290 3171.8
1196300 3171.8
1196310 3175.4
1196320 3177.1
1196330 3177.1
1196340 3184.0
1196350 3190.1
1196360 3190.1
1196370 3194.0
1196380 3198.1
1196390 3198.1
1196400 3201.6
1196410 3200.0
1196420 3200.0
1196430 3195.3
1196440 3190.1
1196450 3185.6
1196460 3185.6
1196470 3182.0
1196480 3178.6
1196490 3178.6
1196500 3175.5
1196510 3171.7
1196520 3171.7
1196530 3167.2
1196540 3163.1
1196550 3160.7
1196560 3157.0
1196570 3153.4
1196580 3153.4
1196590 3149.8
1196600 3146.5
1196610 3146.5
1196620 3143.0
1196630 3139.8
1196640 3138.0
1196650 3138.0
1196660 3135.9
1196670 3135.0
1196680 3135.0
1196690 3134.3
1196700 3133.7
1196710 3133.7
1196720 3132.5
1196730 3130.8
1196740 3130.8
1196750 3130.0
1196760 3129.5
1196770 3129.5
1196780 3128.8
1196790 3129.2
1196800 3129.2
1196810 3129.9
1196820 3130.6
1196830 3129.5
1196840 3129.5
1196850 3126.9
1196860 3125.1
1196870 3125.1
1196880 3126.0
1196890 3126.2
1196900 3126.2
1196910 3127.1
1196920 3127.0
1196930 3127.0
1196940 3124.7
1196950 3121.4
1196960 3121.4
1196970 3116.8
1196980 3112.7
1196990 3105.6
1197000 3105.6
1197010 3102.5
1197020 3100.7
1197030 3100.7
1197040 3099.1
1197050 3097.7
1197060 3097.7
1197070 3097.9
1197080 3098.6
1197090 3098.6
1197100 3099.2
1197110 3099.9
1197120 3099.9
1197130 3100.4
1197140 3100.8
1197150 3100.8
1197160 3101.1
1197170 3101.3
1197180 3101.5
1197190 3101.5
1197200 3101.6
1197210 3101.5
1197220 3101.5
1197230 3101.3
1197240 3101.1
1197250 3101.1
1197260 3100.8
1197270 3100.6
1197280 3100.6
1197290 3100.4
1197300 3100.1
1197310 3100.1
1197320 3100.0
1197330 3099.8
1197340 3099.6
1197350 3099.6
1197360 3099.5
1197370 3099.4
1197380 3099.4
1197390 3099.5
1197400 3099.7
1197410 3099.7
1197420 3099.9
1197430 3102.9
1197440 3102.9
1197450 3103.1
1197460 3103.4
1197470 3103.4
1197480 3103.5
1197490 3102.0
1197500 3102.0
1197510 3099.0
1197520 3099.4
1197530 3103.1
1197540 3103.1
1197550 3106.6
1197560 3109.0
1197570 3109.0
1197580 3111.0
1197590 3113.2
1197600 3113.2
1197610 3115.3
1197620 3117.2
1197630 3117.2
1197640 3119.1
1197650 3121.0
1197660 3121.0
1197670 3123.0
1197680 3125.2
1197690 3125.2
1197700 3127.7
1197710 3130.4
1197720 3133.5
1197730 3133.5
1197740 3137.2
1197750 3142.0
1197760 3142.0
1197770 3146.7
1197780 3152.0
1197790 3152.0
1197800 3159.1
1197810 3165.1
1197820 3165.1
1197830 3167.4
1197840 3171.8
1197850 3171.8
1197860 3175.5
1197870 3190.1
1197880 3194.5
1197890 3194.5
1197900 3193.3
1197910 3188.7
1197920 3188.7
1197930 3182.8
1197940 3176.4
1197950 3176.4
1197960 3170.6
1197970 3164.3
1197980 3164.3
1197990 3157.4
1198000 3151.0
1198010 3151.0
1198020 3145.6
1198030 3140.1
1198040 3140.1
1198050 3134.5
1198060 3128.8
1198070 3124.9
1198080 3124.9
1198090 3122.8
1198100 3120.6
1198110 3120.6
1198120 3118.0
1198130 3117.7
1198140 3117.7
1198150 3119.1
1198160 3119.6
1198170 3119.6
1198180 3119.4
1198190 3120.5
1198200 3120.5
1198210 3122.3
1198220 3122.7
1198230 3123.9
1198240 3123.9
1198250 3131.9
1198260 3136.1
1198270 3136.1
1198280 3139.5
1198290 3147.3
1198300 3147.3
1198310 3141.1
1198320 3142.3
1198330 3142.3
1198340 3149.3
1198350 3148.3
1198360 3148.3
1198370 3146.0
1198380 3144.5
1198390 3144.5
1198400 3146.2
1198410 3150.0
1198420 3155.1
1198430 3155.1
1198440 3159.9
1198450 3164.4
1198460 3164.4
1198470 3171.1
1198480 3179.4
1198490 3179.4
1198500 3186.6
1198510 3193.7
1198520 3193.7
1198530 3197.4
1198540 3192.9
1198550 3192.9
1198560 3187.3
1198570 3181.9
1198580 3181.9
1198590 3176.5
1198600 3169.5
1198610 3159.3
1198620 3159.3
1198630 3150.2
1198640 3143.1
1198650 3143.1
1198660 3136.5
1198670 3130.8
1198680 3130.8
1198690 3127.6
1198700 3126.2
1198710 3126.2
1198720 3125.7
1198730 3126.4
1198740 3126.4
1198750 3123.8
1198760 3124.8
1198770 3125.8
1198780 3125.8
1198790 3126.6
1198800 3125.9
1198810 3125.9
1198820 3127.0
1198830 3128.8
1198840 3128.8
1198850 3132.4
1198860 3139.5
1198870 3139.5
1198880 3143.0
1198890 3145.2
1198900 3145.2
1198910 3143.5
1198920 3139.7
1198930 3139.7
1198940 3135.5
1198950 3133.3
1198960 3132.2
1198970 3132.2
1198980 3128.2
1198990 3123.9
1199000 3123.9
1199010 3119.0
1199020 3115.0
1199030 3115.0
1199040 3112.0
1199050 3108.1
1199060 3108.1
1199070 3103.0
1199080 3097.7
1199090 3097.7
1199100 3092.6
1199110 3086.9
1199120 3086.9
1199130 3080.3
1199140 3073.2
1199150 3066.6
1199160 3066.6
1199170 3060.8
1199180 3055.6
1199190 3052.9
1199200 3048.1
1199210 3044.3
1199220 3044.3
1199230 3040.8
1199240 3038.1
1199250 3038.1
1199260 3037.0
1199270 3035.0
1199280 3035.0
1199290 3032.9
1199300 3032.0
1199310 3034.7
1199320 3034.7
1199330 3037.2
1199340 3038.9
1199350 3038.9
1199360 3041.7
1199370 3044.5
1199380 3044.5
1199390 3047.3
1199400 3049.9
1199410 3049.9
1199420 3051.6
1199430 3051.0
1199440 3051.0
1199450 3047.1
1199460 3042.0
1199470 3042.0
1199480 3037.6
1199490 3031.6
1199500 3021.0
1199510 3021.0
1199520 3013.2
1199530 3009.3
1199540 3009.3
1199550 3006.5
1199560 3005.0
1199570 3005.0
1199580 3003.1
1199590 3000.6
1199600 3000.6
1199610 2998.1
1199620 2995.4
1199630 2993.1
1199640 2990.7
1199650 2986.7
1199660 2976.8
1199670 2976.8
1199680 2965.8
1199690 2958.5
1199700 2958.5
1199710 2949.1
1199720 2944.8
1199730 2944.8
1199740 2939.5
1199750 2934.5
1199760 2934.5
1199770 2930.8
1199780 2927.8
1199790 2927.8
1199800 2926.3
1199810 2924.7
1199820 2924.7
1199830 2924.1
1199840 2924.6
1199850 2923.3
1199860 2923.3
1199870 2921.6
1199880 2919.8
1199890 2919.8
1199900 2917.3
1199910 2914.2
1199920 2914.2
1199930 2911.0
1199940 2909.2
1199950 2909.2
1199960 2907.4
1199970 2905.6
1199980 2905.6
1199990 2904.0
