1193310 3417.1
1193320 3417.7
1193330 3417.7
1193340 3418.7
1193350 3419.8
1193360 3419.8
1193370 3420.9
1193380 3422.0
1193390 3423.1
1193400 3423.1
1193410 3424.3
1193420 3425.7
1193430 3425.7
1193440 3427.2
1193450 3428.8
1193460 3428.8
1193470 3430.5
1193480 3432.2
1193490 3432.2
1193500 3433.8
1193510 3435.3
1193520 3435.3
1193530 3436.7
1193540 3437.8
1193550 3438.6
1193560 3438.6
1193570 3439.0
1193580 3439.2
1193590 3439.2
1193600 3439.2
1193610 3438.9
1193620 3438.9
1193630 3438.9
1193640 3439.8
1193650 3438.0
1193660 3439.4
1193670 3441.5
1193680 3441.5
1193690 3444.3
1193700 3447.8
1193710 3447.8
1193720 3452.3
1193730 3460.2
1193740 3474.7
1193750 3474.7
1193760 3497.4
1193770 3508.4
1193780 3508.4
1193790 3519.0
1193800 3530.4
1193810 3530.4
1193820 3548.9
1193830 3566.5
1193840 3566.5
1193850 3580.1
1193860 3584.5
1193870 3584.5
1193880 3592.3
1193890 3601.3
1193900 3601.3
1193910 3609.9
1193920 3618.0
1193930 3631.4
1193940 3631.4
1193950 3657.0
1193960 3671.2
1193970 3671.2
1193980 3682.7
1193990 3693.9
1194000 3693.9
1194010 3705.2
1194020 3711.2
1194030 3711.2
1194040 3705.5
1194050 3697.1
1194060 3697.1
1194070 3687.3
1194080 3677.0
1194090 3671.3
1194100 3671.3
1194110 3661.5
1194120 3652.2
1194130 3652.2
1194140 3641.6
1194150 3634.7
1194160 3634.7
1194170 3627.3
1194180 3619.8
1194190 3619.8
1194200 3612.9
1194210 3606.0
1194220 3606.0
1194230 3599.2
1194240 3593.0
1194250 3593.0
1194260 3587.1
1194270 3581.1
1194280 3575.0
1194290 3575.0
1194300 3568.4
1194310 3561.1
1194320 3561.1
1194330 3553.2
1194340 3544.5
1194350 3544.5
1194360 3537.0
1194370 3528.7
1194380 3528.7
1194390 3520.1
1194400 3511.6
1194410 3511.6
1194420 3503.2
1194430 3494.8
1194440 3494.8
1194450 3486.2
1194460 3477.9
1194470 3469.9
1194480 3469.9
1194490 3462.8
1194500 3456.2
1194510 3456.2
1194520 3451.5
1194530 3445.6
1194540 3445.6
1194550 3439.8
1194560 3434.2
1194570 3434.2
1194580 3429.1
1194590 3424.6
1194600 3424.6
1194610 3420.4
1194620 3416.4
1194630 3412.5
1194640 3412.5
1194650 3408.7
1194660 3405.0
1194670 3405.0
1194680 3401.3
1194690 3397.4
1194700 3397.4
1194710 3393.1
1194720 3388.4
1194730 3388.4
1194740 3383.8
1194750 3379.3
1194760 3379.3
1194770 3375.0
1194780 3371.0
1194790 3371.0
1194800 3367.7
1194810 3364.8
1194820 3362.0
1194830 3362.0
1194840 3357.2
1194850 3355.7
1194860 3355.7
1194870 3353.0
1194880 3349.6
1194890 3349.6
1194900 3347.1
1194910 3344.6
1194920 3344.6
1194930 3341.1
1194940 3336.9
1194950 3336.9
1194960 3332.0
1194970 3327.7
1194980 3327.7
1194990 3323.3
1195000 3319.0
1195010 3314.7
1195020 3314.7
1195030 3310.3
1195040 3306.0
1195050 3306.0
1195060 3301.8
1195070 3298.0
1195080 3298.0
1195090 3294.4
1195100 3291.2
1195110 3291.2
1195120 3288.6
1195130 3286.1
1195140 3286.1
1195150 3283.8
1195160 3281.5
1195170 3279.3
1195180 3279.3
1195190 3277.1
1195200 3275.1
1195210 3275.1
1195220 3273.2
1195230 3271.0
1195240 3271.0
1195250 3268.5
1195260 3266.1
1195270 3266.1
1195280 3263.9
1195290 3261.8
1195300 3261.8
1195310 3259.8
1195320 3257.8
1195330 3257.8
1195340 3255.3
1195350 3251.5
1195360 3247.9
1195370 3247.9
1195380 3243.5
1195390 3241.4
1195400 3241.4
1195410 3237.5
1195420 3232.7
1195430 3232.7
1195440 3228.6
1195450 3224.6
1195460 3224.6
1195470 3221.3
1195480 3218.7
1195490 3218.7
1195500 3215.9
1195510 3212.3
1195520 3212.3
1195530 3208.2
1195540 3203.1
1195550 3196.9
1195560 3196.9
1195570 3190.3
1195580 3183.2
1195590 3183.2
1195600 3176.2
1195610 3170.3
1195620 3170.3
1195630 3166.1
1195640 3163.4
1195650 3163.4
1195660 3161.3
1195670 3160.1
1195680 3160.1
1195690 3159.9
1195700 3159.8
1195710 3159.3
1195720 3159.3
1195730 3158.5
1195740 3157.5
1195750 3157.5
1195760 3156.4
1195770 3155.4
1195780 3155.4
1195790 3154.9
1195800 3154.8
1195810 3154.8
1195820 3155.0
1195830 3154.1
1195840 3154.1
1195850 3154.3
1195860 3154.1
1195870 3154.1
1195880 3153.3
1195890 3153.0
1195900 3152.4
1195910 3152.4
1195920 3151.0
1195930 3149.5
1195940 3149.5
1195950 3147.8
1195960 3146.1
1195970 3146.1
1195980 3144.6
1195990 3142.8
1196000 3142.8
1196010 3140.9
1196020 3139.1
1196030 3139.1
1196040 3137.3
1196050 3135.9
1196060 3135.9
1196070 3134.7
1196080 3133.4
1196090 3132.3
1196100 3132.3
1196110 3131.1
1196120 3130.1
1196130 3130.1
1196140 3129.1
1196150 3128.0
1196160 3128.0
1196170 3126.9
1196180 3125.8
1196190 3125.8
1196200 3124.9
1196210 3124.1
1196220 3124.1
1196230 3123.5
1196240 3122.9
1196250 3122.8
1196260 3122.8
1196270 3120.3
1196280 3119.9
1196290 3119.9
1196300 3119.4
1196310 3118.8
1196320 3118.8
1196330 3118.3
1196340 3118.2
1196350 3118.2
1196360 3118.5
1196370 3119.4
1196380 3119.4
1196390 3120.4
1196400 3121.2
1196410 3121.2
1196420 3121.7
1196430 3121.7
1196440 3121.4
1196450 3121.4
1196460 3120.8
1196470 3120.3
1196480 3120.3
1196490 3119.8
1196500 3119.3
1196510 3119.3
1196520 3118.8
1196530 3118.5
1196540 3118.5
1196550 3118.1
1196560 3117.4
1196570 3117.4
1196580 3116.4
1196590 3115.1
1196600 3115.1
1196610 3113.6
1196620 3111.8
1196630 3109.9
1196640 3109.9
1196650 3107.9
1196660 3105.7
1196670 3105.7
1196680 3103.6
1196690 3101.5
1196700 3101.5
1196710 3095.9
1196720 3093.9
1196730 3093.9
1196740 3091.7
1196750 3089.3
1196760 3089.3
1196770 3086.7
1196780 3083.8
1196790 3080.9
1196800 3080.9
1196810 3078.3
1196820 3076.5
1196830 3076.5
1196840 3076.1
1196850 3075.3
1196860 3075.3
1196870 3074.9
1196880 3074.0
1196890 3074.0
1196900 3070.1
1196910 3066.5
1196920 3066.5
1196930 3064.0
1196940 3061.7
1196950 3061.7
1196960 3060.0
1196970 3059.8
1196980 3060.2
1196990 3060.2
1197000 3058.8
1197010 3056.3
1197020 3056.3
1197030 3053.1
1197040 3050.2
1197050 3050.2
1197060 3046.5
1197070 3043.6
1197080 3043.6
1197090 3039.3
1197100 3034.5
1197110 3034.5
1197120 3031.4
1197130 3029.2
1197140 3023.8
1197150 3021.8
1197160 3021.5
1197170 3019.1
1197180 3019.1
1197190 3015.8
1197200 3011.9
1197210 3011.9
1197220 3011.1
1197230 3011.4
1197240 3011.4
1197250 3011.8
1197260 3012.7
1197270 3012.7
1197280 3014.0
1197290 3015.6
1197300 3015.6
1197310 3017.0
1197320 3017.7
1197330 3018.0
1197340 3018.0
1197350 3018.1
1197360 3019.7
1197370 3019.7
1197380 3020.5
1197390 3020.9
1197400 3020.9
1197410 3022.6
1197420 3024.6
1197430 3024.6
1197440 3025.0
1197450 3024.7
1197460 3024.7
1197470 3024.0
1197480 3022.6
1197490 3022.6
1197500 3021.0
1197510 3019.3
1197520 3017.8
1197530 3017.8
1197540 3015.5
1197550 3013.0
1197560 3013.0
1197570 3011.3
1197580 3007.1
1197590 3007.1
1197600 3002.5
1197610 2999.1
1197620 2999.1
1197630 2995.6
1197640 2990.7
1197650 2990.7
1197660 2986.1
1197670 2983.7
1197680 2982.7
1197690 2982.7
1197700 2981.7
1197710 2980.0
1197720 2980.0
1197730 2977.6
1197740 2975.2
1197750 2975.2
1197760 2972.8
1197770 2969.9
1197780 2969.9
1197790 2967.0
1197800 2964.5
1197810 2964.5
1197820 2962.0
1197830 2959.6
1197840 2959.6
1197850 2958.2
1197860 2957.5
1197870 2956.5
1197880 2956.5
1197890 2954.6
1197900 2951.4
1197910 2951.4
1197920 2947.3
1197930 2943.6
1197940 2943.6
1197950 2939.6
1197960 2935.0
1197970 2935.0
1197980 2929.5
1197990 2925.2
1198000 2925.2
1198010 2922.6
1198020 2915.0
1198030 2915.0
1198040 2913.1
1198050 2911.7
1198060 2910.6
1198070 2910.6
1198080 2908.7
1198090 2905.4
1198100 2905.4
1198110 2901.5
1198120 2897.4
1198130 2897.4
1198140 2893.7
1198150 2890.4
1198160 2890.4
1198170 2886.5
1198180 2882.5
1198190 2882.5
1198200 2879.4
1198210 2875.9
1198220 2872.7
1198230 2872.7
1198240 2869.4
1198250 2866.1
1198260 2866.1
1198270 2862.6
1198280 2860.6
1198290 2860.6
1198300 2860.8
1198310 2862.0
1198320 2862.0
1198330 2862.1
1198340 2862.1
1198350 2862.1
1198360 2861.9
1198370 2861.5
1198380 2861.5
1198390 2861.0
1198400 2860.3
1198410 2859.7
1198420 2859.7
1198430 2858.9
1198440 2858.1
1198450 2858.1
1198460 2858.8
1198470 2858.0
1198480 2858.0
1198490 2857.1
1198500 2856.0
1198510 2856.0
1198520 2854.9
1198530 2853.9
1198540 2853.9
1198550 2852.8
1198560 2851.8
1198570 2851.8
1198580 2850.9
1198590 2849.9
1198600 2848.9
1198610 2848.9
1198620 2847.9
1198630 2847.2
1198640 2847.2
1198650 2846.6
1198660 2846.2
1198670 2846.2
1198680 2845.9
1198690 2845.8
1198700 2845.8
1198710 2845.8
1198720 2845.6
1198730 2845.6
1198740 2845.9
1198750 2846.1
1198760 2846.3
1198770 2846.3
1198780 2846.3
1198790 2846.6
1198800 2846.6
1198810 2846.8
1198820 2846.7
1198830 2846.7
1198840 2846.4
1198850 2846.1
1198860 2846.1
1198870 2845.7
1198880 2845.5
1198890 2845.5
1198900 2846.2
1198910 2846.0
1198920 2846.0
1198930 2845.6
1198940 2845.1
1198950 2844.8
1198960 2844.8
1198970 2844.5
1198980 2844.1
1198990 2844.1
1199000 2843.6
1199010 2842.9
1199020 2842.9
1199030 2842.4
1199040 2841.9
1199050 2841.9
1199060 2841.3
1199070 2840.7
1199080 2840.7
1199090 2839.8
1199100 2838.8
1199110 2838.8
1199120 2837.6
1199130 2836.3
1199140 2835.1
1199150 2835.1
1199160 2833.9
1199170 2832.7
1199180 2832.7
1199190 2831.7
1199200 2831.0
1199210 2831.0
1199220 2830.7
1199230 2830.4
1199240 2830.4
1199250 2830.4
1199260 2830.9
1199270 2830.9
1199280 2831.3
1199290 2832.0
1199300 2833.3
1199310 2833.3
1199320 2834.5
1199330 2835.6
1199340 2835.6
1199350 2839.1
1199360 2840.3
1199370 2840.3
1199380 2841.7
1199390 2843.1
1199400 2843.1
1199410 2844.7
1199420 2847.0
1199430 2847.0
1199440 2849.3
1199450 2852.2
1199460 2852.2
1199470 2856.0
1199480 2863.4
1199490 2869.4
1199500 2869.4
1199510 2870.5
1199520 2870.7
1199530 2870.7
1199540 2872.6
1199550 2875.8
1199560 2875.8
1199570 2879.8
1199580 2884.3
1199590 2884.3
1199600 2888.6
1199610 2892.9
1199620 2892.9
1199630 2897.4
1199640 2902.6
1199650 2902.6
1199660 2908.2
1199670 2913.2
1199680 2918.2
1199690 2918.2
1199700 2923.6
1199710 2928.9
1199720 2928.9
1199730 2933.7
1199740 2937.7
1199750 2937.7
1199760 2941.1
1199770 2944.1
1199780 2944.1
1199790 2951.0
1199800 2954.1
1199810 2954.1
1199820 2957.0
1199830 2959.8
1199840 2962.1
1199850 2962.1
1199860 2964.4
1199870 2966.8
1199880 2966.8
1199890 2969.5
1199900 2972.3
1199910 2972.3
1199920 2975.2
1199930 2978.3
1199940 2978.3
1199950 2981.5
1199960 2985.2
1199970 2985.2
1199980 2989.1
1199990 2993.6
