1193550 3404.3
1193560 3404.3
1193570 3408.3
1193580 3412.2
1193590 3412.2
1193600 3416.0
1193610 3419.4
1193620 3419.4
1193630 3422.2
1193640 3427.3
1193650 3424.5
1193660 3428.9
1193670 3432.7
1193680 3436.1
1193690 3436.1
1193700 3439.1
1193710 3441.5
1193720 3441.5
1193730 3443.4
1193740 3446.8
1193750 3446.8
1193760 3449.5
1193770 3451.4
1193780 3451.4
1193790 3454.3
1193800 3456.4
1193810 3456.4
1193820 3458.3
1193830 3460.1
1193840 3460.1
1193850 3461.8
1193860 3463.4
1193870 3465.0
1193880 3465.0
1193890 3466.5
1193900 3468.1
1193910 3468.1
1193920 3469.7
1193930 3471.3
1193940 3471.3
1193950 3472.9
1193960 3474.5
1193970 3474.5
1193980 3476.2
1193990 3477.8
1194000 3477.8
1194010 3479.5
1194020 3481.2
1194030 3482.8
1194040 3482.8
1194050 3484.4
1194060 3486.0
1194070 3486.0
1194080 3484.9
1194090 3486.4
1194100 3486.4
1194110 3487.8
1194120 3489.1
1194130 3489.1
1194140 3490.3
1194150 3491.5
1194160 3491.5
1194170 3492.5
1194180 3493.4
1194190 3493.4
1194200 3494.1
1194210 3494.7
1194220 3495.2
1194230 3495.2
1194240 3495.4
1194250 3495.6
1194260 3495.6
1194270 3496.0
1194280 3495.9
1194290 3495.9
1194300 3495.7
1194310 3493.4
1194320 3493.4
1194330 3480.7
1194340 3473.8
1194350 3473.8
1194360 3469.2
1194370 3464.5
1194380 3464.5
1194390 3460.0
1194400 3451.7
1194410 3446.6
1194420 3446.6
1194430 3434.7
1194440 3421.9
1194450 3421.9
1194460 3415.3
1194470 3410.3
1194480 3410.3
1194490 3403.1
1194500 3396.0
1194510 3391.0
1194520 3385.3
1194530 3371.9
1194540 3371.9
1194550 3365.3
1194560 3361.1
1194570 3357.5
1194580 3357.5
1194590 3353.8
1194600 3348.5
1194610 3348.5
1194620 3344.3
1194630 3344.7
1194640 3344.7
1194650 3342.4
1194660 3338.5
1194670 3338.5
1194680 3335.1
1194690 3333.5
1194700 3333.5
1194710 3332.0
1194720 3329.7
1194730 3329.7
1194740 3327.3
1194750 3325.4
1194760 3324.2
1194770 3324.2
1194780 3323.5
1194790 3323.1
1194800 3323.1
1194810 3323.0
1194820 3323.0
1194830 3323.0
1194840 3323.1
1194850 3323.3
1194860 3323.3
1194870 3323.4
1194880 3323.5
1194890 3323.5
1194900 3323.5
1194910 3323.6
1194920 3323.6
1194930 3323.5
1194940 3323.2
1194950 3321.2
1194960 3321.2
1194970 3320.6
1194980 3320.0
1194990 3320.0
1195000 3319.3
1195010 3318.3
1195020 3318.3
1195030 3317.7
1195040 3316.9
1195050 3316.9
1195060 3315.5
1195070 3313.8
1195080 3313.8
1195090 3312.1
1195100 3310.3
1195110 3308.0
1195120 3308.0
1195130 3305.4
1195140 3302.4
1195150 3302.4
1195160 3299.8
1195170 3296.8
1195180 3296.8
1195190 3293.2
1195200 3289.3
1195210 3289.3
1195220 3284.9
1195230 3281.2
1195240 3281.2
1195250 3276.7
1195260 3272.9
1195270 3272.9
1195280 3268.7
1195290 3264.3
1195300 3260.1
1195310 3260.1
1195320 3255.0
1195330 3250.7
1195340 3250.7
1195350 3246.6
1195360 3242.2
1195370 3242.2
1195380 3238.0
1195390 3235.8
1195400 3235.8
1195410 3231.3
1195420 3226.5
1195430 3226.5
1195440 3221.5
1195450 3216.3
1195460 3211.1
1195470 3211.1
1195480 3205.8
1195490 3200.4
1195500 3200.4
1195510 3195.4
1195520 3190.7
1195530 3190.7
1195540 3186.2
1195550 3181.7
1195560 3181.7
1195570 3177.3
1195580 3172.9
1195590 3172.9
1195600 3168.6
1195610 3164.4
1195620 3164.4
1195630 3160.3
1195640 3156.7
1195650 3153.3
1195660 3153.3
1195670 3150.0
1195680 3146.6
1195690 3146.6
1195700 3143.0
1195710 3139.4
1195720 3139.4
1195730 3136.1
1195740 3133.3
1195750 3133.3
1195760 3131.0
1195770 3129.4
1195780 3129.4
1195790 3128.0
1195800 3126.9
1195810 3126.9
1195820 3125.6
1195830 3125.1
1195840 3124.9
1195850 3124.9
1195860 3124.8
1195870 3124.9
1195880 3124.9
1195890 3125.0
1195900 3125.2
1195910 3125.2
1195920 3125.3
1195930 3125.0
1195940 3125.0
1195950 3124.8
1195960 3125.0
1195970 3125.0
1195980 3124.9
1195990 3124.3
1196000 3123.1
1196010 3123.1
1196020 3122.7
1196030 3121.0
1196040 3121.0
1196050 3120.5
1196060 3118.3
1196070 3118.3
1196080 3116.9
1196090 3114.3
1196100 3114.3
1196110 3112.8
1196120 3110.3
1196130 3110.3
1196140 3105.9
1196150 3104.6
1196160 3104.6
1196170 3101.2
1196180 3097.3
1196190 3093.0
1196200 3093.0
1196210 3088.6
1196220 3083.8
1196230 3083.8
1196240 3079.2
1196250 3074.8
1196260 3073.8
1196270 3069.6
1196280 3065.7
1196290 3065.7
1196300 3062.3
1196310 3059.5
1196320 3059.5
1196330 3057.2
1196340 3055.5
1196350 3055.5
1196360 3054.0
1196370 3052.9
1196380 3052.1
1196390 3052.1
1196400 3051.4
1196410 3050.8
1196420 3050.8
1196430 3050.4
1196440 3050.2
1196450 3050.2
1196460 3050.0
1196470 3049.5
1196480 3049.5
1196490 3048.8
1196500 3047.9
1196510 3047.9
1196520 3046.5
1196530 3045.1
1196540 3043.8
1196550 3043.8
1196560 3042.2
1196570 3040.4
1196580 3040.4
1196590 3038.5
1196600 3036.4
1196610 3036.4
1196620 3034.5
1196630 3032.8
1196640 3032.8
1196650 3031.0
1196660 3029.2
1196670 3029.2
1196680 3027.3
1196690 3025.4
1196700 3026.2
1196710 3024.5
1196720 3022.6
1196730 3020.7
1196740 3020.7
1196750 3018.8
1196760 3016.9
1196770 3016.9
1196780 3015.0
1196790 3013.1
1196800 3013.1
1196810 3011.3
1196820 3009.4
1196830 3009.4
1196840 3007.5
1196850 3005.6
1196860 3005.6
1196870 3003.6
1196880 3001.5
1196890 2999.5
1196900 2999.5
1196910 2997.5
1196920 2995.4
1196930 2995.4
1196940 2993.3
1196950 2991.1
1196960 2991.1
1196970 2989.0
1196980 2986.9
1196990 2986.9
1197000 2984.8
1197010 2982.7
1197020 2982.7
1197030 2980.6
1197040 2978.7
1197050 2978.7
1197060 2976.8
1197070 2975.0
1197080 2973.2
1197090 2973.2
1197100 2971.5
1197110 2969.9
1197120 2969.9
1197130 2968.3
1197140 2967.4
1197150 2967.4
1197160 2965.8
1197170 2964.3
1197180 2964.3
1197190 2962.8
1197200 2961.4
1197210 2961.4
1197220 2959.9
1197230 2958.4
1197240 2958.4
1197250 2956.9
1197260 2955.5
1197270 2954.1
1197280 2954.1
1197290 2952.8
1197300 2951.6
1197310 2951.6
1197320 2950.4
1197330 2949.2
1197340 2949.2
1197350 2948.1
1197360 2947.2
1197370 2947.2
1197380 2946.4
1197390 2945.6
1197400 2945.6
1197410 2944.9
1197420 2944.2
1197430 2943.5
1197440 2943.5
1197450 2942.8
1197460 2942.1
1197470 2942.1
1197480 2941.2
1197490 2940.3
1197500 2940.3
1197510 2939.4
1197520 2938.4
1197530 2938.4
1197540 2937.4
1197550 2936.4
1197560 2936.4
1197570 2935.4
1197580 2934.5
1197590 2934.5
1197600 2933.5
1197610 2932.5
1197620 2931.5
1197630 2931.5
1197640 2930.6
1197650 2929.6
1197660 2929.6
1197670 2928.7
1197680 2927.9
1197690 2927.9
1197700 2927.0
1197710 2926.1
1197720 2926.1
1197730 2925.3
1197740 2924.5
1197750 2924.5
1197760 2923.8
1197770 2923.0
1197780 2923.0
1197790 2922.3
1197800 2921.6
1197810 2921.0
1197820 2921.0
1197830 2920.2
1197840 2919.5
1197850 2919.5
1197860 2918.7
1197870 2917.9
1197880 2917.9
1197890 2917.2
1197900 2916.4
1197910 2916.4
1197920 2915.5
1197930 2914.7
1197940 2914.7
1197950 2913.8
1197960 2912.9
1197970 2911.9
1197980 2911.9
1197990 2910.9
1198000 2909.9
1198010 2909.9
1198020 2908.7
1198030 2907.7
1198040 2907.7
1198050 2906.7
1198060 2905.7
1198070 2905.7
1198080 2904.8
1198090 2904.0
1198100 2904.0
1198110 2903.2
1198120 2902.4
1198130 2902.4
1198140 2901.5
1198150 2900.6
1198160 2899.7
1198170 2899.7
1198180 2899.3
1198190 2899.0
1198200 2899.0
1198210 2898.6
1198220 2898.2
1198230 2898.2
1198240 2897.6
1198250 2897.3
1198260 2897.3
1198270 2897.6
1198280 2898.0
1198290 2898.0
1198300 2898.2
1198310 2897.9
1198320 2897.5
1198330 2897.5
1198340 2896.7
1198350 2896.0
1198360 2896.0
1198370 2895.9
1198380 2896.2
1198390 2896.2
1198400 2896.4
1198410 2897.3
1198420 2897.3
1198430 2898.4
1198440 2898.9
1198450 2898.9
1198460 2903.0
1198470 2904.4
1198480 2904.4
1198490 2906.2
1198500 2908.1
1198510 2910.0
1198520 2910.0
1198530 2911.7
1198540 2913.2
1198550 2913.2
1198560 2914.8
1198570 2916.3
1198580 2916.3
1198590 2917.9
1198600 2919.8
1198610 2919.8
1198620 2922.0
1198630 2923.1
1198640 2923.1
1198650 2924.5
1198660 2926.4
1198670 2926.4
1198680 2927.6
1198690 2928.9
1198700 2930.0
1198710 2930.0
1198720 2931.5
1198730 2933.5
1198740 2933.5
1198750 2936.0
1198760 2937.7
1198770 2937.7
1198780 2939.1
1198790 2940.8
1198800 2940.8
1198810 2942.3
1198820 2944.2
1198830 2944.2
1198840 2946.2
1198850 2948.7
1198860 2950.9
1198870 2950.9
1198880 2953.5
1198890 2956.4
1198900 2961.9
1198910 2965.2
1198920 2969.0
1198930 2969.0
1198940 2971.1
1198950 2973.4
1198960 2973.4
1198970 2976.4
1198980 2980.4
1198990 2980.4
1199000 2985.3
1199010 2991.2
1199020 2991.2
1199030 2998.2
1199040 3003.7
1199050 3007.0
1199060 3007.0
1199070 3010.1
1199080 3014.7
1199090 3014.7
1199100 3021.4
1199110 3026.5
1199120 3026.5
1199130 3034.2
1199140 3043.7
1199150 3043.7
1199160 3051.2
1199170 3058.0
1199180 3058.0
1199190 3065.1
1199200 3073.3
1199210 3073.3
1199220 3080.5
1199230 3084.6
1199240 3087.3
1199250 3087.3
1199260 3090.3
1199270 3094.1
1199280 3094.1
1199290 3100.5
1199300 3107.0
1199310 3107.0
1199320 3113.2
1199330 3114.9
1199340 3125.4
1199350 3127.0
1199360 3128.6
1199370 3128.6
1199380 3131.3
1199390 3133.1
1199400 3136.5
1199410 3136.5
1199420 3140.3
1199430 3144.9
1199440 3144.9
1199450 3152.0
1199460 3156.1
1199470 3156.1
1199480 3154.0
1199490 3151.4
1199500 3151.4
1199510 3148.7
1199520 3146.0
1199530 3146.0
1199540 3143.6
1199550 3141.6
1199560 3141.6
1199570 3139.4
1199580 3137.0
1199590 3131.7
1199600 3131.7
1199610 3125.2
1199620 3121.4
1199630 3121.4
1199640 3120.7
1199650 3120.3
1199660 3120.3
1199670 3120.2
1199680 3120.3
1199690 3120.3
1199700 3120.6
1199710 3121.0
1199720 3121.0
1199730 3121.5
1199740 3122.0
1199750 3122.7
1199760 3122.7
1199770 3123.4
1199780 3127.4
1199790 3127.4
1199800 3128.1
1199810 3129.1
1199820 3129.1
1199830 3130.3
1199840 3131.6
1199850 3131.6
1199860 3133.1
1199870 3134.8
1199880 3134.8
1199890 3136.5
1199900 3138.5
1199910 3138.5
1199920 3140.6
1199930 3142.9
1199940 3145.3
1199950 3145.3
1199960 3148.6
1199970 3153.2
1199980 3153.2
1199990 3158.9
