1194640 3289.4
1194650 3289.4
1194660 3284.3
1194670 3275.6
1194680 3268.0
1194690 3268.0
1194700 3260.0
1194710 3253.7
1194720 3253.7
1194730 3247.0
1194740 3240.8
1194750 3240.8
1194760 3234.8
1194770 3228.6
1194780 3228.6
1194790 3223.1
1194800 3217.3
1194810 3217.3
1194820 3211.3
1194830 3206.1
1194840 3201.6
1194850 3201.6
1194860 3197.7
1194870 3194.8
1194880 3194.8
1194890 3192.5
1194900 3191.8
1194910 3191.8
1194920 3189.9
1194930 3188.5
1194940 3188.5
1194950 3187.3
1194960 3186.3
1194970 3186.3
1194980 3185.5
1194990 3184.7
1195000 3184.7
1195010 3184.1
1195020 3183.9
1195030 3184.1
1195040 3184.1
1195050 3184.6
1195060 3185.3
1195070 3185.3
1195080 3186.1
1195090 3186.8
1195100 3186.8
1195110 3187.6
1195120 3188.2
1195130 3188.2
1195140 3188.7
1195150 3189.0
1195160 3189.0
1195170 3189.2
1195180 3189.3
1195190 3189.3
1195200 3189.3
1195210 3189.1
1195220 3188.8
1195230 3188.8
1195240 3188.3
1195250 3187.6
1195260 3187.6
1195270 3186.8
1195280 3185.8
1195290 3185.8
1195300 3184.6
1195310 3183.5
1195320 3183.5
1195330 3183.9
1195340 3183.1
1195350 3183.1
1195360 3182.4
1195370 3181.7
1195380 3181.1
1195390 3181.1
1195400 3180.7
1195410 3180.3
1195420 3180.3
1195430 3180.1
1195440 3180.1
1195450 3180.1
1195460 3180.4
1195470 3181.2
1195480 3181.2
1195490 3182.6
1195500 3185.1
1195510 3185.1
1195520 3188.1
1195530 3191.9
1195540 3191.9
1195550 3196.1
1195560 3200.5
1195570 3204.8
1195580 3204.8
1195590 3209.1
1195600 3213.6
1195610 3213.6
1195620 3218.2
1195630 3226.1
1195640 3226.1
1195650 3240.2
1195660 3253.4
1195670 3253.4
1195680 3261.0
1195690 3265.3
1195700 3265.3
1195710 3271.5
1195720 3275.6
1195730 3275.6
1195740 3278.7
1195750 3281.0
1195760 3283.7
1195770 3290.0
1195780 3294.6
1195790 3301.7
1195800 3301.7
1195810 3309.4
1195820 3319.7
1195830 3319.7
1195840 3329.3
1195850 3340.7
1195860 3340.7
1195870 3352.0
1195880 3358.3
1195890 3358.3
1195900 3361.7
1195910 3367.5
1195920 3373.7
1195930 3373.7
1195940 3380.0
1195950 3386.2
1195960 3386.2
1195970 3392.3
1195980 3398.1
1195990 3398.1
1196000 3403.5
1196010 3408.6
1196020 3408.6
1196030 3413.6
1196040 3419.1
1196050 3419.1
1196060 3426.2
1196070 3435.6
1196080 3435.6
1196090 3445.2
1196100 3453.5
1196110 3462.1
1196120 3462.1
1196130 3473.6
1196140 3482.2
1196150 3482.2
1196160 3486.3
1196170 3485.9
1196180 3485.9
1196190 3485.0
1196200 3481.4
1196210 3477.2
1196220 3472.6
1196230 3468.5
1196240 3468.5
1196250 3465.0
1196260 3462.1
1196270 3462.1
1196280 3459.8
1196290 3457.8
1196300 3456.3
1196310 3456.3
1196320 3455.0
1196330 3453.8
1196340 3453.8
1196350 3452.6
1196360 3451.4
1196370 3451.4
1196380 3450.1
1196390 3448.7
1196400 3448.7
1196410 3447.1
1196420 3445.0
1196430 3445.0
1196440 3442.2
1196450 3438.7
1196460 3438.7
1196470 3434.1
1196480 3428.6
1196490 3422.0
1196500 3422.0
1196510 3414.4
1196520 3406.1
1196530 3406.1
1196540 3397.2
1196550 3388.9
1196560 3388.9
1196570 3381.2
1196580 3374.2
1196590 3374.2
1196600 3368.0
1196610 3363.2
1196620 3363.2
1196630 3359.1
1196640 3354.7
1196650 3346.0
1196660 3346.0
1196670 3342.3
1196680 3338.9
1196690 3338.9
1196700 3336.5
1196710 3334.4
1196720 3334.4
1196730 3331.5
1196740 3329.3
1196750 3329.3
1196760 3328.3
1196770 3327.9
1196780 3327.9
1196790 3328.6
1196800 3327.3
1196810 3327.3
1196820 3320.1
1196830 3311.8
1196840 3305.0
1196850 3305.0
1196860 3296.5
1196870 3288.9
1196880 3288.9
1196890 3282.6
1196900 3278.2
1196910 3278.2
1196920 3276.2
1196930 3275.7
1196940 3275.7
1196950 3274.4
1196960 3267.2
1196970 3267.2
1196980 3258.6
1196990 3252.4
1197000 3252.4
1197010 3249.5
1197020 3247.0
1197030 3244.6
1197040 3244.6
1197050 3241.7
1197060 3238.5
1197070 3238.5
1197080 3230.2
1197090 3228.5
1197100 3228.5
1197110 3226.6
1197120 3224.7
1197130 3224.7
1197140 3222.1
1197150 3218.9
1197160 3218.9
1197170 3215.1
1197180 3210.7
1197190 3205.9
1197200 3205.9
1197210 3200.6
1197220 3195.1
1197230 3195.1
1197240 3189.5
1197250 3183.9
1197260 3183.9
1197270 3178.0
1197280 3171.9
1197290 3171.9
1197300 3166.2
1197310 3160.9
1197320 3160.9
1197330 3155.3
1197340 3149.7
1197350 3149.7
1197360 3144.9
1197370 3138.6
1197380 3131.5
1197390 3131.5
1197400 3124.1
1197410 3117.1
1197420 3117.1
1197430 3111.7
1197440 3106.7
1197450 3106.7
1197460 3101.4
1197470 3096.6
1197480 3096.6
1197490 3092.4
1197500 3089.3
1197510 3089.3
1197520 3082.0
1197530 3078.2
1197540 3078.2
1197550 3074.2
1197560 3069.4
1197570 3064.6
1197580 3064.6
1197590 3059.5
1197600 3055.0
1197610 3055.0
1197620 3050.7
1197630 3045.6
1197640 3045.6
1197650 3041.1
1197660 3037.7
1197670 3037.7
1197680 3033.6
1197690 3029.2
1197700 3029.2
1197710 3027.4
1197720 3025.6
1197730 3023.2
1197740 3023.2
1197750 3019.6
1197760 3015.4
1197770 3015.4
1197780 3010.2
1197790 3005.6
1197800 3005.6
1197810 3002.6
1197820 2999.9
1197830 2999.9
1197840 2996.9
1197850 2994.1
1197860 2994.1
1197870 2991.9
1197880 2989.7
1197890 2989.7
1197900 2987.0
1197910 2984.3
1197920 2982.8
1197930 2982.8
1197940 2982.4
1197950 2982.1
1197960 2977.0
1197970 2976.0
1197980 2975.1
1197990 2975.1
1198000 2974.7
1198010 2974.1
1198020 2974.1
1198030 2973.2
1198040 2972.9
1198050 2972.9
1198060 2972.4
1198070 2972.0
1198080 2972.0
1198090 2971.6
1198100 2971.2
1198110 2969.4
1198120 2969.4
1198130 2967.3
1198140 2964.9
1198150 2964.9
1198160 2962.0
1198170 2959.8
1198180 2959.8
1198190 2957.9
1198200 2955.9
1198210 2955.9
1198220 2953.7
1198230 2951.7
1198240 2951.7
1198250 2949.6
1198260 2947.2
1198270 2944.5
1198280 2944.5
1198290 2941.3
1198300 2937.6
1198310 2937.6
1198320 2933.6
1198330 2929.6
1198340 2929.6
1198350 2925.4
1198360 2921.0
1198370 2921.0
1198380 2916.3
1198390 2911.8
1198400 2910.2
1198410 2905.4
1198420 2899.7
1198430 2899.7
1198440 2894.5
1198450 2889.8
1198460 2884.1
1198470 2884.1
1198480 2878.4
1198490 2872.8
1198500 2872.8
1198510 2867.0
1198520 2859.6
1198530 2859.6
1198540 2850.7
1198550 2842.5
1198560 2842.5
1198570 2836.9
1198580 2832.1
1198590 2832.1
1198600 2826.9
1198610 2820.7
1198620 2820.7
1198630 2814.5
1198640 2809.1
1198650 2804.5
1198660 2804.5
1198670 2798.7
1198680 2790.1
1198690 2790.1
1198700 2778.1
1198710 2769.7
1198720 2769.7
1198730 2764.2
1198740 2759.9
1198750 2759.9
1198760 2755.9
1198770 2752.2
1198780 2752.2
1198790 2750.8
1198800 2751.6
1198810 2752.4
1198820 2752.4
1198830 2753.1
1198840 2753.8
1198850 2754.7
1198860 2755.3
1198870 2755.5
1198880 2755.5
1198890 2755.8
1198900 2756.0
1198910 2756.0
1198920 2756.1
1198930 2756.0
1198940 2756.0
1198950 2755.8
1198960 2755.5
1198970 2755.5
1198980 2755.4
1198990 2755.3
1199000 2755.0
1199010 2755.0
1199020 2754.9
1199030 2754.5
1199040 2754.5
1199050 2754.0
1199060 2754.2
1199070 2754.2
1199080 2754.3
1199090 2754.3
1199100 2754.3
1199110 2754.0
1199120 2753.3
1199130 2753.3
1199140 2753.0
1199150 2752.6
1199160 2752.6
1199170 2752.7
1199180 2752.7
1199190 2752.6
1199200 2752.6
1199210 2752.5
1199220 2752.4
1199230 2752.4
1199240 2752.1
1199250 2751.5
1199260 2751.5
1199270 2750.8
1199280 2750.0
1199290 2750.5
1199300 2749.9
1199310 2749.5
1199320 2749.5
1199330 2749.4
1199340 2749.2
1199350 2749.0
1199360 2749.0
1199370 2748.8
1199380 2748.3
1199390 2748.3
1199400 2747.9
1199410 2747.3
1199420 2747.3
1199430 2746.7
1199440 2746.0
1199450 2746.0
1199460 2745.3
1199470 2744.5
1199480 2744.5
1199490 2743.6
1199500 2742.7
1199510 2742.7
1199520 2741.9
1199530 2741.1
1199540 2740.6
1199550 2740.6
1199560 2740.6
1199570 2740.4
1199580 2740.4
1199590 2740.3
1199600 2740.1
1199610 2740.1
1199620 2739.6
1199630 2739.0
1199640 2739.0
1199650 2738.2
1199660 2737.1
1199670 2737.1
1199680 2735.6
1199690 2734.1
1199700 2734.1
1199710 2732.5
1199720 2731.2
1199730 2731.6
1199740 2731.6
1199750 2732.0
1199760 2732.8
1199770 2732.8
1199780 2733.2
1199790 2733.4
1199800 2733.4
1199810 2734.5
1199820 2738.2
1199830 2738.2
1199840 2743.6
1199850 2746.4
1199860 2746.4
1199870 2749.7
1199880 2754.9
1199890 2760.2
1199900 2760.2
1199910 2764.6
1199920 2768.0
1199930 2768.0
1199940 2771.5
1199950 2775.2
1199960 2775.2
1199970 2776.9
1199980 2777.4
1199990 2777.4
