1195080 3149.9
1195090 3149.9
1195100 3149.8
1195110 3150.5
1195120 3150.5
1195130 3151.3
1195140 3152.3
1195150 3152.3
1195160 3152.0
1195170 3148.5
1195180 3148.5
1195190 3150.6
1195200 3151.7
1195210 3151.7
1195220 3149.8
1195230 3144.8
1195240 3144.8
1195250 3143.3
1195260 3144.4
1195270 3147.5
1195280 3147.5
1195290 3150.9
1195300 3153.2
1195310 3153.2
1195320 3152.0
1195330 3152.1
1195340 3152.1
1195350 3148.7
1195360 3147.0
1195370 3154.1
1195380 3153.1
1195390 3154.5
1195400 3154.5
1195410 3155.7
1195420 3156.0
1195430 3155.6
1195440 3155.6
1195450 3154.6
1195460 3152.9
1195470 3152.9
1195480 3150.6
1195490 3148.5
1195500 3148.5
1195510 3147.7
1195520 3147.9
1195530 3147.9
1195540 3148.4
1195550 3149.1
1195560 3149.1
1195570 3151.0
1195580 3152.6
1195590 3152.6
1195600 3153.7
1195610 3154.8
1195620 3156.6
1195630 3156.6
1195640 3158.6
1195650 3160.6
1195660 3160.6
1195670 3162.7
1195680 3165.0
1195690 3165.0
1195700 3167.3
1195710 3174.0
1195720 3174.0
1195730 3187.7
1195740 3196.6
1195750 3196.6
1195760 3202.8
1195770 3209.5
1195780 3209.5
1195790 3214.7
1195800 3233.3
1195810 3252.2
1195820 3252.2
1195830 3263.6
1195840 3272.9
1195850 3272.9
1195860 3281.4
1195870 3288.6
1195880 3288.6
1195890 3293.3
1195900 3297.3
1195910 3297.3
1195920 3301.7
1195930 3305.9
1195940 3305.9
1195950 3309.5
1195960 3312.6
1195970 3312.6
1195980 3315.4
1195990 3318.3
1196000 3322.5
1196010 3322.5
1196020 3328.7
1196030 3340.7
1196040 3340.7
1196050 3358.5
1196060 3374.6
1196070 3374.6
1196080 3394.2
1196090 3414.0
1196100 3414.0
1196110 3424.4
1196120 3432.6
1196130 3432.6
1196140 3443.5
1196150 3459.0
1196160 3471.3
1196170 3471.3
1196180 3484.7
1196190 3493.0
1196200 3493.0
1196210 3496.4
1196220 3498.1
1196230 3498.1
1196240 3495.7
1196250 3490.3
1196260 3490.3
1196270 3483.1
1196280 3476.5
1196290 3476.5
1196300 3471.6
1196310 3468.3
1196320 3468.3
1196330 3465.8
1196340 3463.5
1196350 3460.8
1196360 3460.8
1196370 3457.2
1196380 3452.8
1196390 3452.8
1196400 3448.1
1196410 3443.2
1196420 3443.2
1196430 3437.9
1196440 3432.6
1196450 3432.6
1196460 3426.3
1196470 3419.7
1196480 3419.7
1196490 3413.3
1196500 3407.4
1196510 3407.4
1196520 3402.3
1196530 3397.2
1196540 3392.7
1196550 3392.7
1196560 3388.1
1196570 3383.6
1196580 3383.6
1196590 3379.6
1196600 3376.8
1196610 3376.8
1196620 3373.9
1196630 3373.8
1196640 3373.8
1196650 3372.3
1196660 3369.2
1196670 3369.2
1196680 3369.3
1196690 3360.4
1196700 3349.0
1196710 3349.0
1196720 3334.6
1196730 3324.2
1196740 3324.2
1196750 3311.8
1196760 3302.8
1196770 3302.8
1196780 3297.3
1196790 3294.7
1196800 3294.7
1196810 3292.3
1196820 3289.7
1196830 3289.7
1196840 3287.1
1196850 3284.5
1196860 3284.5
1196870 3281.7
1196880 3278.8
1196890 3275.6
1196900 3275.6
1196910 3272.6
1196920 3269.9
1196930 3269.9
1196940 3267.6
1196950 3265.6
1196960 3265.6
1196970 3264.1
1196980 3263.0
1196990 3263.0
1197000 3262.3
1197010 3261.3
1197020 3261.3
1197030 3259.6
1197040 3256.2
1197050 3256.2
1197060 3252.0
1197070 3250.5
1197080 3252.1
1197090 3252.1
1197100 3250.7
1197110 3247.5
1197120 3252.2
1197130 3253.1
1197140 3255.4
1197150 3255.4
1197160 3259.8
1197170 3267.3
1197180 3267.3
1197190 3280.1
1197200 3284.8
1197210 3284.8
1197220 3285.7
1197230 3287.4
1197240 3289.6
1197250 3289.6
1197260 3292.8
1197270 3295.9
1197280 3295.9
1197290 3296.1
1197300 3290.7
1197310 3290.7
1197320 3285.3
1197330 3274.8
1197340 3274.8
1197350 3262.4
1197360 3252.8
1197370 3252.8
1197380 3245.0
1197390 3239.4
1197400 3239.4
1197410 3233.6
1197420 3228.9
1197430 3224.8
1197440 3224.8
1197450 3220.0
1197460 3215.9
1197470 3215.9
1197480 3208.9
1197490 3201.5
1197500 3201.5
1197510 3190.6
1197520 3178.4
1197530 3178.4
1197540 3170.5
1197550 3162.0
1197560 3155.5
1197570 3149.1
1197580 3144.0
1197590 3144.0
1197600 3138.6
1197610 3132.8
1197620 3126.4
1197630 3126.4
1197640 3120.0
1197650 3113.8
1197660 3113.8
1197670 3108.5
1197680 3105.2
1197690 3105.2
1197700 3103.0
1197710 3101.0
1197720 3101.0
1197730 3099.5
1197740 3098.2
1197750 3098.2
1197760 3096.0
1197770 3093.5
1197780 3091.1
1197790 3091.1
1197800 3088.9
1197810 3087.1
1197820 3087.1
1197830 3085.4
1197840 3084.6
1197850 3084.6
1197860 3083.5
1197870 3083.1
1197880 3083.1
1197890 3084.1
1197900 3085.4
1197910 3085.4
1197920 3088.4
1197930 3091.9
1197940 3091.9
1197950 3095.1
1197960 3097.1
1197970 3095.8
1197980 3095.8
1197990 3091.1
1198000 3082.5
1198010 3082.5
1198020 3077.1
1198030 3073.3
1198040 3073.3
1198050 3069.9
1198060 3066.0
1198070 3066.0
1198080 3061.7
1198090 3058.7
1198100 3058.7
1198110 3056.7
1198120 3053.2
1198130 3053.2
1198140 3049.0
1198150 3044.9
1198160 3040.4
1198170 3040.4
1198180 3035.3
1198190 3029.2
1198200 3029.2
1198210 3023.2
1198220 3017.7
1198230 3017.7
1198240 3012.1
1198250 3006.1
1198260 3006.1
1198270 3000.3
1198280 2994.8
1198290 2994.8
1198300 2989.4
1198310 2984.1
1198320 2979.0
1198330 2979.0
1198340 2973.2
1198350 2966.7
1198360 2966.7
1198370 2960.0
1198380 2953.8
1198390 2953.8
1198400 2947.7
1198410 2941.8
1198420 2941.8
1198430 2935.9
1198440 2925.7
1198450 2925.7
1198460 2921.2
1198470 2916.0
1198480 2916.0
1198490 2909.8
1198500 2903.4
1198510 2897.3
1198520 2897.3
1198530 2891.2
1198540 2886.0
1198550 2886.0
1198560 2880.4
1198570 2873.1
1198580 2873.1
1198590 2864.9
1198600 2856.9
1198610 2856.9
1198620 2847.2
1198630 2839.9
1198640 2839.9
1198650 2834.4
1198660 2827.2
1198670 2827.2
1198680 2819.4
1198690 2813.2
1198700 2811.1
1198710 2811.1
1198720 2809.6
1198730 2805.7
1198740 2805.7
1198750 2799.6
1198760 2792.9
1198770 2792.9
1198780 2786.4
1198790 2780.1
1198800 2780.1
1198810 2773.8
1198820 2768.2
1198830 2768.2
1198840 2762.5
1198850 2754.8
1198860 2754.8
1198870 2748.1
1198880 2742.2
1198890 2740.5
1198900 2740.5
1198910 2740.1
1198920 2740.2
1198930 2740.2
1198940 2740.5
1198950 2741.0
1198960 2741.0
1198970 2741.6
1198980 2742.3
1198990 2742.3
1199000 2742.8
1199010 2742.8
1199020 2742.8
1199030 2742.8
1199040 2742.8
1199050 2742.6
1199060 2742.6
1199070 2742.6
1199080 2742.9
1199090 2742.9
1199100 2742.6
1199110 2742.1
1199120 2742.1
1199130 2741.6
1199140 2741.3
1199150 2741.3
1199160 2741.1
1199170 2741.0
1199180 2741.0
1199190 2740.6
1199200 2740.0
1199210 2740.0
1199220 2739.7
1199230 2739.5
1199240 2739.3
1199250 2739.3
1199260 2738.9
1199270 2738.1
1199280 2738.1
1199290 2737.1
1199300 2736.2
1199310 2736.2
1199320 2735.9
1199330 2735.4
1199340 2735.4
1199350 2735.2
1199360 2735.1
1199370 2735.1
1199380 2734.9
1199390 2734.9
1199400 2734.9
1199410 2735.1
1199420 2734.8
1199430 2734.4
1199440 2734.4
1199450 2733.8
1199460 2733.5
1199470 2733.5
1199480 2733.3
1199490 2733.0
1199500 2733.0
1199510 2732.6
1199520 2732.1
1199530 2732.1
1199540 2731.4
1199550 2730.7
1199560 2730.7
1199570 2730.1
1199580 2729.5
1199590 2729.1
1199600 2729.1
1199610 2728.7
1199620 2728.3
1199630 2728.3
1199640 2727.8
1199650 2727.1
1199660 2727.1
1199670 2726.4
1199680 2725.8
1199690 2725.8
1199700 2725.0
1199710 2724.1
1199720 2724.1
1199730 2723.0
1199740 2721.7
1199750 2721.7
1199760 2720.4
1199770 2718.2
1199780 2715.7
1199790 2715.7
1199800 2712.9
1199810 2709.7
1199820 2709.7
1199830 2706.7
1199840 2704.1
1199850 2704.1
1199860 2701.6
1199870 2699.1
1199880 2699.1
1199890 2697.2
1199900 2695.6
1199910 2695.6
1199920 2695.0
1199930 2695.2
1199940 2695.2
1199950 2696.0
1199960 2696.9
1199970 2697.4
1199980 2697.4
1199990 2698.8
