1195830 2969.1
1195840 2969.1
1195850 2969.2
1195860 2969.7
1195870 2969.7
1195880 2970.4
1195890 2970.5
1195900 2970.5
1195910 2969.9
1195920 2970.3
1195930 2970.3
1195940 2971.2
1195950 2973.6
1195960 2982.4
1195970 2982.4
1195980 3017.7
1195990 3034.6
1196000 3034.6
1196010 3044.1
1196020 3058.8
1196030 3058.8
1196040 3071.9
1196050 3086.3
1196060 3082.8
1196070 3099.5
1196080 3115.4
1196090 3115.4
1196100 3128.2
1196110 3135.6
1196120 3135.6
1196130 3133.6
1196140 3129.3
1196150 3124.2
1196160 3124.2
1196170 3117.0
1196180 3108.2
1196190 3108.2
1196200 3100.2
1196210 3093.5
1196220 3093.5
1196230 3090.8
1196240 3089.2
1196250 3089.2
1196260 3088.9
1196270 3089.0
1196280 3089.0
1196290 3089.6
1196300 3091.1
1196310 3091.1
1196320 3092.5
1196330 3093.8
1196340 3095.2
1196350 3095.2
1196360 3096.4
1196370 3097.4
1196380 3097.4
1196390 3098.4
1196400 3098.9
1196410 3098.9
1196420 3098.8
1196430 3098.0
1196440 3098.0
1196450 3097.0
1196460 3096.1
1196470 3096.1
1196480 3094.4
1196490 3093.6
1196500 3111.3
1196510 3130.4
1196520 3137.1
1196530 3135.5
1196540 3135.5
1196550 3134.1
1196560 3131.1
1196570 3131.1
1196580 3133.2
1196590 3143.4
1196600 3143.4
1196610 3152.9
1196620 3162.5
1196630 3162.5
1196640 3179.6
1196650 3194.1
1196660 3194.1
1196670 3192.7
1196680 3187.2
1196690 3180.4
1196700 3180.4
1196710 3174.3
1196720 3171.5
1196730 3171.5
1196740 3169.5
1196750 3167.9
1196760 3167.9
1196770 3166.3
1196780 3164.6
1196790 3164.6
1196800 3163.1
1196810 3161.8
1196820 3161.8
1196830 3160.3
1196840 3158.8
1196850 3158.8
1196860 3157.2
1196870 3155.7
1196880 3154.1
1196890 3154.1
1196900 3152.4
1196910 3150.5
1196920 3150.5
1196930 3148.5
1196940 3144.2
1196950 3144.2
1196960 3142.1
1196970 3139.7
1196980 3139.7
1196990 3136.9
1197000 3134.0
1197010 3134.0
1197020 3131.1
1197030 3128.4
1197040 3128.4
1197050 3125.5
1197060 3122.5
1197070 3119.7
1197080 3119.7
1197090 3117.2
1197100 3114.6
1197110 3114.6
1197120 3111.9
1197130 3109.4
1197140 3109.4
1197150 3107.4
1197160 3105.5
1197170 3105.5
1197180 3102.8
1197190 3099.5
1197200 3099.5
1197210 3096.6
1197220 3093.9
1197230 3091.5
1197240 3091.5
1197250 3088.9
1197260 3086.9
1197270 3086.9
1197280 3085.2
1197290 3083.2
1197300 3083.2
1197310 3081.9
1197320 3081.3
1197330 3081.3
1197340 3081.4
1197350 3081.7
1197360 3081.7
1197370 3081.7
1197380 3078.5
1197390 3078.5
1197400 3077.2
1197410 3075.7
1197420 3074.1
1197430 3074.1
1197440 3072.3
1197450 3070.5
1197460 3070.5
1197470 3068.8
1197480 3066.9
1197490 3066.9
1197500 3065.0
1197510 3063.6
1197520 3063.6
1197530 3062.3
1197540 3061.2
1197550 3061.2
1197560 3060.0
1197570 3058.8
1197580 3058.8
1197590 3057.7
1197600 3056.6
1197610 3055.5
1197620 3055.5
1197630 3054.5
1197640 3053.4
1197650 3053.4
1197660 3052.4
1197670 3051.5
1197680 3051.5
1197690 3050.5
1197700 3049.2
1197710 3049.2
1197720 3048.0
1197730 3047.0
1197740 3047.0
1197750 3045.7
1197760 3044.4
1197770 3044.4
1197780 3043.0
1197790 3041.6
1197800 3040.0
1197810 3040.0
1197820 3034.7
1197830 3032.5
1197840 3032.5
1197850 3030.2
1197860 3027.7
1197870 3027.7
1197880 3025.2
1197890 3022.7
1197900 3022.7
1197910 3019.6
1197920 3016.7
1197930 3016.7
1197940 3014.0
1197950 3011.7
1197960 3009.8
1197970 3009.8
1197980 3008.8
1197990 3007.4
1198000 3007.4
1198010 3006.0
1198020 3005.4
1198030 3005.4
1198040 3004.4
1198050 3003.3
1198060 3003.3
1198070 3002.1
1198080 3000.8
1198090 3000.8
1198100 2999.5
1198110 2998.1
1198120 2998.1
1198130 2996.6
1198140 2994.9
1198150 2992.9
1198160 2992.9
1198170 2990.4
1198180 2987.9
1198190 2987.9
1198200 2986.1
1198210 2984.5
1198220 2984.5
1198230 2982.6
1198240 2980.5
1198250 2980.5
1198260 2978.3
1198270 2975.8
1198280 2975.8
1198290 2972.9
1198300 2969.8
1198310 2969.8
1198320 2966.4
1198330 2962.9
1198340 2959.0
1198350 2959.0
1198360 2955.0
1198370 2951.1
1198380 2951.1
1198390 2947.4
1198400 2945.0
1198410 2945.0
1198420 2943.0
1198430 2941.1
1198440 2941.1
1198450 2939.3
1198460 2938.2
1198470 2938.2
1198480 2938.7
1198490 2939.8
1198500 2941.7
1198510 2941.7
1198520 2943.5
1198530 2946.1
1198540 2946.1
1198550 2947.5
1198560 2947.8
1198570 2947.8
1198580 2945.2
1198590 2941.3
1198600 2941.3
1198610 2941.4
1198620 2947.2
1198630 2947.2
1198640 2953.6
1198650 2957.5
1198660 2957.5
1198670 2959.3
1198680 2961.9
1198690 2964.1
1198700 2950.9
1198710 2950.5
1198720 2951.4
1198730 2951.4
1198740 2953.4
1198750 2954.9
1198760 2954.9
1198770 2955.9
1198780 2957.1
1198790 2957.1
1198800 2958.1
1198810 2959.3
1198820 2959.3
1198830 2960.4
1198840 2961.7
1198850 2961.7
1198860 2962.3
1198870 2962.3
1198880 2962.0
1198890 2962.0
1198900 2961.9
1198910 2961.1
1198920 2961.1
1198930 2961.1
1198940 2960.0
1198950 2960.0
1198960 2957.9
1198970 2956.5
1198980 2956.5
1198990 2955.6
1199000 2953.7
1199010 2953.7
1199020 2951.0
1199030 2948.7
1199040 2948.7
1199050 2947.2
1199060 2946.5
1199070 2946.2
1199080 2946.2
1199090 2946.9
1199100 2948.1
1199110 2948.1
1199120 2949.5
1199130 2952.0
1199140 2943.8
1199150 2944.4
1199160 2944.3
1199170 2944.3
1199180 2943.7
1199190 2942.2
1199200 2942.2
1199210 2941.6
1199220 2940.0
1199230 2938.7
1199240 2938.7
1199250 2936.6
1199260 2933.5
1199270 2933.5
1199280 2929.1
1199290 2923.1
1199300 2923.1
1199310 2916.7
1199320 2908.8
1199330 2908.8
1199340 2901.7
1199350 2897.4
1199360 2897.4
1199370 2894.2
1199380 2892.2
1199390 2892.2
1199400 2890.5
1199410 2889.0
1199420 2887.9
1199430 2887.9
1199440 2886.1
1199450 2883.9
1199460 2883.9
1199470 2881.9
1199480 2880.1
1199490 2880.1
1199500 2877.7
1199510 2872.2
1199520 2872.2
1199530 2868.4
1199540 2863.5
1199550 2863.5
1199560 2857.9
1199570 2851.4
1199580 2846.7
1199590 2840.9
1199600 2835.7
1199610 2830.7
1199620 2830.7
1199630 2824.8
1199640 2818.7
1199650 2818.7
1199660 2814.2
1199670 2810.8
1199680 2810.8
1199690 2807.9
1199700 2806.5
1199710 2806.5
1199720 2802.6
1199730 2797.4
1199740 2797.4
1199750 2792.4
1199760 2788.3
1199770 2783.5
1199780 2783.5
1199790 2777.8
1199800 2771.7
1199810 2771.7
1199820 2764.7
1199830 2757.9
1199840 2757.9
1199850 2751.9
1199860 2747.0
1199870 2747.0
1199880 2741.3
1199890 2735.4
1199900 2735.4
1199910 2729.0
1199920 2722.2
1199930 2722.2
1199940 2715.8
1199950 2709.9
1199960 2704.2
1199970 2704.2
1199980 2698.7
1199990 2693.2
