1195790 2985.1
1195800 2985.1
1195810 2985.5
1195820 2986.2
1195830 2986.2
1195840 2989.1
1195850 2989.0
1195860 2989.0
1195870 2989.7
1195880 2990.9
1195890 2990.9
1195900 2992.1
1195910 2993.0
1195920 2995.9
1195930 2995.9
1195940 2999.4
1195950 3004.6
1195960 3004.6
1195970 3010.5
1195980 3022.3
1195990 3022.3
1196000 3042.2
1196010 3061.0
1196020 3061.0
1196030 3081.0
1196040 3100.0
1196050 3100.0
1196060 3115.1
1196070 3123.2
1196080 3123.2
1196090 3131.6
1196100 3142.9
1196110 3160.1
1196120 3160.1
1196130 3168.8
1196140 3163.2
1196150 3163.2
1196160 3154.2
1196170 3146.8
1196180 3146.8
1196190 3140.9
1196200 3135.9
1196210 3135.9
1196220 3132.0
1196230 3128.9
1196240 3128.9
1196250 3127.0
1196260 3125.9
1196270 3131.9
1196280 3131.2
1196290 3131.2
1196300 3131.4
1196310 3131.4
1196320 3131.5
1196330 3132.4
1196340 3132.4
1196350 3133.4
1196360 3134.8
1196370 3134.8
1196380 3136.8
1196390 3139.0
1196400 3139.0
1196410 3141.5
1196420 3144.2
1196430 3144.2
1196440 3147.4
1196450 3151.3
1196460 3161.9
1196470 3161.9
1196480 3178.4
1196490 3192.0
1196500 3192.0
1196510 3197.2
1196520 3202.4
1196530 3202.4
1196540 3204.0
1196550 3206.8
1196560 3206.8
1196570 3209.2
1196580 3207.9
1196590 3207.9
1196600 3207.8
1196610 3206.5
1196620 3206.5
1196630 3204.9
1196640 3202.3
1196650 3199.2
1196660 3199.2
1196670 3194.7
1196680 3188.6
1196690 3188.6
1196700 3180.7
1196710 3177.5
1196720 3177.5
1196730 3173.2
1196740 3169.4
1196750 3169.4
1196760 3165.9
1196770 3162.4
1196780 3162.4
1196790 3159.0
1196800 3155.7
1196810 3155.7
1196820 3152.2
1196830 3148.9
1196840 3145.7
1196850 3145.7
1196860 3142.7
1196870 3139.7
1196880 3139.7
1196890 3137.4
1196900 3134.7
1196910 3134.7
1196920 3132.6
1196930 3130.8
1196940 3130.8
1196950 3128.8
1196960 3127.0
1196970 3127.0
1196980 3125.1
1196990 3123.1
1197000 3123.1
1197010 3121.2
1197020 3119.1
1197030 3116.9
1197040 3116.9
1197050 3114.7
1197060 3112.4
1197070 3112.4
1197080 3110.1
1197090 3107.8
1197100 3107.8
1197110 3105.5
1197120 3103.2
1197130 3103.2
1197140 3101.1
1197150 3098.1
1197160 3098.1
1197170 3096.1
1197180 3094.2
1197190 3092.2
1197200 3092.2
1197210 3090.3
1197220 3088.6
1197230 3088.6
1197240 3086.6
1197250 3084.7
1197260 3084.7
1197270 3083.0
1197280 3081.2
1197290 3081.2
1197300 3079.6
1197310 3078.0
1197320 3078.0
1197330 3076.5
1197340 3075.0
1197350 3075.0
1197360 3073.6
1197370 3072.0
1197380 3070.4
1197390 3070.4
1197400 3069.1
1197410 3067.8
1197420 3067.8
1197430 3066.9
1197440 3066.0
1197450 3066.0
1197460 3064.9
1197470 3063.7
1197480 3063.7
1197490 3062.5
1197500 3061.2
1197510 3061.2
1197520 3059.8
1197530 3058.1
1197540 3058.1
1197550 3056.4
1197560 3054.6
1197570 3052.9
1197580 3052.9
1197590 3051.6
1197600 3050.5
1197610 3050.5
1197620 3049.3
1197630 3048.0
1197640 3048.0
1197650 3046.8
1197660 3045.7
1197670 3045.7
1197680 3044.5
1197690 3043.3
1197700 3043.3
1197710 3041.9
1197720 3040.9
1197730 3039.9
1197740 3039.9
1197750 3038.5
1197760 3037.0
1197770 3037.0
1197780 3035.8
1197790 3034.1
1197800 3034.1
1197810 3029.6
1197820 3027.0
1197830 3027.0
1197840 3027.6
1197850 3026.6
1197860 3026.6
1197870 3024.6
1197880 3022.7
1197890 3022.7
1197900 3021.4
1197910 3019.5
1197920 3017.4
1197930 3017.4
1197940 3015.4
1197950 3013.5
1197960 3013.5
1197970 3011.2
1197980 3008.8
1197990 3008.8
1198000 3006.7
1198010 3004.8
1198020 3004.8
1198030 3003.6
1198040 3001.9
1198050 3001.9
1198060 3000.2
1198070 2998.3
1198080 2998.3
1198090 2996.4
1198100 2994.6
1198110 2993.0
1198120 2993.0
1198130 2991.4
1198140 2989.4
1198150 2989.4
1198160 2987.5
1198170 2985.5
1198180 2985.5
1198190 2983.1
1198200 2980.9
1198210 2980.9
1198220 2979.5
1198230 2978.0
1198240 2978.0
1198250 2975.8
1198260 2973.0
1198270 2973.0
1198280 2968.5
1198290 2967.9
1198300 2965.9
1198310 2965.9
1198320 2963.2
1198330 2959.8
1198340 2959.8
1198350 2956.2
1198360 2952.7
1198370 2952.7
1198380 2949.7
1198390 2946.7
1198400 2946.7
1198410 2943.9
1198420 2941.4
1198430 2941.4
1198440 2939.1
1198450 2937.2
1198460 2935.5
1198470 2935.0
1198480 2933.5
1198490 2932.2
1198500 2932.2
1198510 2930.8
1198520 2928.2
1198530 2928.2
1198540 2926.4
1198550 2922.1
1198560 2922.1
1198570 2919.9
1198580 2920.0
1198590 2920.0
1198600 2919.0
1198610 2917.2
1198620 2917.2
1198630 2915.3
1198640 2913.1
1198650 2910.6
1198660 2910.6
1198670 2908.8
1198680 2906.2
1198690 2906.2
1198700 2903.4
1198710 2900.5
1198720 2900.5
1198730 2897.6
1198740 2894.8
1198750 2894.8
1198760 2892.0
1198770 2889.8
1198780 2889.8
1198790 2890.7
1198800 2894.1
1198810 2894.1
1198820 2897.5
1198830 2901.1
1198840 2905.1
1198850 2905.1
1198860 2909.7
1198870 2915.0
1198880 2915.0
1198890 2918.7
1198900 2919.6
1198910 2909.6
1198920 2910.8
1198930 2912.2
1198940 2912.2
1198950 2913.5
1198960 2912.3
1198970 2912.3
1198980 2910.9
1198990 2908.8
1199000 2905.4
1199010 2905.4
1199020 2901.4
1199030 2896.0
1199040 2896.0
1199050 2893.5
1199060 2892.0
1199070 2892.0
1199080 2890.3
1199090 2888.9
1199100 2888.9
1199110 2889.5
1199120 2891.5
1199130 2891.5
1199140 2892.9
1199150 2893.8
1199160 2893.8
1199170 2894.0
1199180 2893.8
1199190 2893.1
1199200 2893.1
1199210 2891.5
1199220 2888.8
1199230 2888.8
1199240 2885.2
1199250 2881.2
1199260 2881.2
1199270 2877.1
1199280 2873.0
1199290 2873.0
1199300 2868.9
1199310 2864.8
1199320 2864.8
1199330 2859.5
1199340 2854.1
1199350 2848.0
1199360 2844.7
1199370 2841.8
1199380 2838.5
1199390 2838.5
1199400 2834.5
1199410 2830.4
1199420 2830.4
1199430 2827.8
1199440 2825.1
1199450 2825.1
1199460 2821.5
1199470 2818.3
1199480 2818.3
1199490 2815.2
1199500 2812.0
1199510 2812.0
1199520 2809.1
1199530 2806.1
1199540 2806.1
1199550 2802.7
1199560 2799.4
1199570 2796.3
1199580 2796.3
1199590 2793.1
1199600 2789.6
1199610 2789.6
1199620 2784.7
1199630 2778.7
1199640 2778.7
1199650 2771.8
1199660 2764.1
1199670 2764.1
1199680 2757.3
1199690 2752.5
1199700 2752.5
1199710 2748.4
1199720 2744.9
1199730 2740.5
1199740 2740.5
1199750 2735.6
1199760 2730.7
1199770 2730.7
1199780 2727.0
1199790 2724.1
1199800 2720.7
1199810 2717.8
1199820 2713.7
1199830 2713.7
1199840 2708.3
1199850 2703.7
1199860 2703.7
1199870 2699.7
1199880 2694.1
1199890 2694.1
1199900 2687.0
1199910 2681.0
1199920 2675.7
1199930 2675.7
1199940 2671.1
1199950 2666.5
1199960 2666.5
1199970 2663.4
1199980 2660.0
1199990 2660.0
