1195620 3052.6
1195630 3053.0
1195640 3053.0
1195650 3053.3
1195660 3052.8
1195670 3052.8
1195680 3052.1
1195690 3051.5
1195700 3050.9
1195710 3050.9
1195720 3050.1
1195730 3049.3
1195740 3049.3
1195750 3048.7
1195760 3048.1
1195770 3048.1
1195780 3047.7
1195790 3047.8
1195800 3047.8
1195810 3048.4
1195820 3050.0
1195830 3050.0
1195840 3057.5
1195850 3061.8
1195860 3061.8
1195870 3065.8
1195880 3069.7
1195890 3073.9
1195900 3073.9
1195910 3078.3
1195920 3083.1
1195930 3083.1
1195940 3088.2
1195950 3093.2
1195960 3093.2
1195970 3098.4
1195980 3104.5
1195990 3104.5
1196000 3113.1
1196010 3122.8
1196020 3122.8
1196030 3139.9
1196040 3155.3
1196050 3155.3
1196060 3167.5
1196070 3185.3
1196080 3201.7
1196090 3201.7
1196100 3217.2
1196110 3230.5
1196120 3230.5
1196130 3247.0
1196140 3260.2
1196150 3260.2
1196160 3268.5
1196170 3275.2
1196180 3275.2
1196190 3285.2
1196200 3295.4
1196210 3295.4
1196220 3306.0
1196230 3316.0
1196240 3316.0
1196250 3322.9
1196260 3320.4
1196270 3324.9
1196280 3324.9
1196290 3327.3
1196300 3329.4
1196310 3329.4
1196320 3330.7
1196330 3331.2
1196340 3331.2
1196350 3331.2
1196360 3330.4
1196370 3330.4
1196380 3329.0
1196390 3327.2
1196400 3327.2
1196410 3324.9
1196420 3322.4
1196430 3319.5
1196440 3319.5
1196450 3316.2
1196460 3312.6
1196470 3312.6
1196480 3308.7
1196490 3304.6
1196500 3304.6
1196510 3300.7
1196520 3296.9
1196530 3296.9
1196540 3293.4
1196550 3289.9
1196560 3289.9
1196570 3286.0
1196580 3280.9
1196590 3280.9
1196600 3275.0
1196610 3267.7
1196620 3258.9
1196630 3258.9
1196640 3249.5
1196650 3240.6
1196660 3240.6
1196670 3232.9
1196680 3225.8
1196690 3225.8
1196700 3219.2
1196710 3216.6
1196720 3216.6
1196730 3211.5
1196740 3206.3
1196750 3206.3
1196760 3201.4
1196770 3197.1
1196780 3197.1
1196790 3192.6
1196800 3188.6
1196810 3184.6
1196820 3184.6
1196830 3180.2
1196840 3176.5
1196850 3176.5
1196860 3172.7
1196870 3168.3
1196880 3168.3
1196890 3164.0
1196900 3159.5
1196910 3159.5
1196920 3155.0
1196930 3150.5
1196940 3150.5
1196950 3146.2
1196960 3142.3
1196970 3138.8
1196980 3138.8
1196990 3135.4
1197000 3132.2
1197010 3132.2
1197020 3129.3
1197030 3126.4
1197040 3126.4
1197050 3123.6
1197060 3120.9
1197070 3120.9
1197080 3118.4
1197090 3116.0
1197100 3116.0
1197110 3113.9
1197120 3112.0
1197130 3112.0
1197140 3110.3
1197150 3111.6
1197160 3110.0
1197170 3110.0
1197180 3108.6
1197190 3107.3
1197200 3107.3
1197210 3106.1
1197220 3104.9
1197230 3104.9
1197240 3103.8
1197250 3102.6
1197260 3102.6
1197270 3101.5
1197280 3100.3
1197290 3100.3
1197300 3098.9
1197310 3097.5
1197320 3097.5
1197330 3096.0
1197340 3094.4
1197350 3092.7
1197360 3092.7
1197370 3091.0
1197380 3089.2
1197390 3089.2
1197400 3087.3
1197410 3085.5
1197420 3085.5
1197430 3083.6
1197440 3081.8
1197450 3081.8
1197460 3080.2
1197470 3078.7
1197480 3078.7
1197490 3077.5
1197500 3076.5
1197510 3075.8
1197520 3075.8
1197530 3075.3
1197540 3074.9
1197550 3074.9
1197560 3074.5
1197570 3073.8
1197580 3073.8
1197590 3075.4
1197600 3074.2
1197610 3074.2
1197620 3073.5
1197630 3073.5
1197640 3073.5
1197650 3072.3
1197660 3070.7
1197670 3070.7
1197680 3068.7
1197690 3066.1
1197700 3064.0
1197710 3064.0
1197720 3061.9
1197730 3059.6
1197740 3059.6
1197750 3057.4
1197760 3055.1
1197770 3055.1
1197780 3052.5
1197790 3050.2
1197800 3050.2
1197810 3047.7
1197820 3045.1
1197830 3045.1
1197840 3042.6
1197850 3040.1
1197860 3040.1
1197870 3037.6
1197880 3035.1
1197890 3032.4
1197900 3032.4
1197910 3029.7
1197920 3027.1
1197930 3027.1
1197940 3024.5
1197950 3022.0
1197960 3022.0
1197970 3019.5
1197980 3016.9
1197990 3016.9
1198000 3014.2
1198010 3011.5
1198020 3011.5
1198030 3009.9
1198040 3007.6
1198050 3007.6
1198060 3004.9
1198070 3002.5
1198080 2999.5
1198090 2999.5
1198100 2996.6
1198110 2993.9
1198120 2993.9
1198130 2990.9
1198140 2988.4
1198150 2988.4
1198160 2985.9
1198170 2983.3
1198180 2983.3
1198190 2980.8
1198200 2978.3
1198210 2978.3
1198220 2975.9
1198230 2973.5
1198240 2970.6
1198250 2970.6
1198260 2968.7
1198270 2966.3
1198280 2966.3
1198290 2963.8
1198300 2960.2
1198310 2960.2
1198320 2956.3
1198330 2952.8
1198340 2952.8
1198350 2949.2
1198360 2945.7
1198370 2945.7
1198380 2942.5
1198390 2939.7
1198400 2939.7
1198410 2937.1
1198420 2934.6
1198430 2931.9
1198440 2931.9
1198450 2928.5
1198460 2924.4
1198470 2922.3
1198480 2918.1
1198490 2913.8
1198500 2913.8
1198510 2909.3
1198520 2904.8
1198530 2904.8
1198540 2900.1
1198550 2895.3
1198560 2895.3
1198570 2890.5
1198580 2886.4
1198590 2886.4
1198600 2884.1
1198610 2880.6
1198620 2875.3
1198630 2875.3
1198640 2869.6
1198650 2864.4
1198660 2864.4
1198670 2859.6
1198680 2854.9
1198690 2854.9
1198700 2851.0
1198710 2847.2
1198720 2847.2
1198730 2843.4
1198740 2840.0
1198750 2840.0
1198760 2838.2
1198770 2836.4
1198780 2832.3
1198790 2832.3
1198800 2827.2
1198810 2824.3
1198820 2824.3
1198830 2823.2
1198840 2822.7
1198850 2822.7
1198860 2822.5
1198870 2820.0
1198880 2820.0
1198890 2813.8
1198900 2806.3
1198910 2806.7
1198920 2801.5
1198930 2794.4
1198940 2794.4
1198950 2789.7
1198960 2786.0
1198970 2782.4
1198980 2782.4
1198990 2779.3
1199000 2776.7
1199010 2776.7
1199020 2774.3
1199030 2771.9
1199040 2771.9
1199050 2770.4
1199060 2769.7
1199070 2769.7
1199080 2767.9
1199090 2765.2
1199100 2765.2
1199110 2762.6
1199120 2759.6
1199130 2759.6
1199140 2756.7
1199150 2753.7
1199160 2750.2
1199170 2750.2
1199180 2747.2
1199190 2744.4
1199200 2744.4
1199210 2741.8
1199220 2739.3
1199230 2739.3
1199240 2736.8
1199250 2734.5
1199260 2734.5
1199270 2732.1
1199280 2729.7
1199290 2729.7
1199300 2727.2
1199310 2725.0
1199320 2723.0
1199330 2723.0
1199340 2720.6
1199350 2716.2
1199360 2716.2
1199370 2713.0
1199380 2708.8
1199390 2708.8
1199400 2703.8
1199410 2700.2
1199420 2700.2
1199430 2697.6
1199440 2695.2
1199450 2695.2
1199460 2694.1
1199470 2694.4
1199480 2694.4
1199490 2694.9
1199500 2694.9
1199510 2693.5
1199520 2693.5
1199530 2692.1
1199540 2690.4
1199550 2690.4
1199560 2689.2
1199570 2688.2
1199580 2688.2
1199590 2687.8
1199600 2687.6
1199610 2687.6
1199620 2687.3
1199630 2687.0
1199640 2687.0
1199650 2686.6
1199660 2686.2
1199670 2686.2
1199680 2685.7
1199690 2685.4
1199700 2684.9
1199710 2684.9
1199720 2684.4
1199730 2683.7
1199740 2683.7
1199750 2683.1
1199760 2682.4
1199770 2682.4
1199780 2681.6
1199790 2680.7
1199800 2681.2
1199810 2680.4
1199820 2679.7
1199830 2679.7
1199840 2679.0
1199850 2678.3
1199860 2678.3
1199870 2677.6
1199880 2676.9
1199890 2676.1
1199900 2676.1
1199910 2675.3
1199920 2674.4
1199930 2674.4
1199940 2673.4
1199950 2672.6
1199960 2672.6
1199970 2672.0
1199980 2671.4
1199990 2671.4
