1195960 2931.6
1195970 2933.3
1195980 2938.3
1195990 2938.3
1196000 2944.2
1196010 2950.7
1196020 2950.7
1196030 2960.4
1196040 2964.9
1196050 2964.9
1196060 2965.9
1196070 2969.9
1196080 2969.9
1196090 2974.4
1196100 2978.2
1196110 2985.9
1196120 2987.3
1196130 2990.1
1196140 2990.1
1196150 2993.2
1196160 2995.9
1196170 2998.3
1196180 2998.3
1196190 3000.6
1196200 3002.6
1196210 3002.6
1196220 3004.3
1196230 3005.7
1196240 3005.7
1196250 3006.9
1196260 3008.4
1196270 3008.4
1196280 3010.8
1196290 3014.4
1196300 3014.4
1196310 3018.9
1196320 3023.6
1196330 3023.6
1196340 3029.6
1196350 3033.5
1196360 3036.6
1196370 3036.6
1196380 3039.8
1196390 3042.7
1196400 3042.7
1196410 3043.7
1196420 3047.5
1196430 3047.5
1196440 3050.6
1196450 3052.8
1196460 3052.8
1196470 3055.2
1196480 3057.3
1196490 3057.3
1196500 3059.3
1196510 3060.9
1196520 3061.6
1196530 3061.6
1196540 3062.7
1196550 3065.3
1196560 3065.3
1196570 3070.2
1196580 3076.1
1196590 3076.1
1196600 3081.6
1196610 3088.7
1196620 3088.7
1196630 3104.5
1196640 3121.6
1196650 3121.6
1196660 3143.5
1196670 3162.7
1196680 3162.7
1196690 3181.6
1196700 3202.3
1196710 3227.3
1196720 3227.3
1196730 3243.3
1196740 3244.5
1196750 3244.5
1196760 3249.7
1196770 3264.6
1196780 3264.6
1196790 3284.3
1196800 3288.5
1196810 3288.5
1196820 3283.0
1196830 3277.0
1196840 3277.0
1196850 3272.0
1196860 3268.6
1196870 3268.6
1196880 3266.6
1196890 3265.4
1196900 3265.6
1196910 3265.6
1196920 3267.5
1196930 3267.2
1196940 3267.2
1196950 3265.7
1196960 3268.8
1196970 3268.8
1196980 3275.8
1196990 3268.2
1197000 3268.2
1197010 3268.7
1197020 3267.8
1197030 3267.8
1197040 3265.7
1197050 3262.2
1197060 3262.2
1197070 3257.7
1197080 3251.6
1197090 3244.9
1197100 3244.9
1197110 3238.4
1197120 3232.3
1197130 3232.3
1197140 3226.5
1197150 3221.3
1197160 3221.3
1197170 3216.7
1197180 3212.3
1197190 3212.3
1197200 3208.3
1197210 3204.4
1197220 3204.4
1197230 3200.0
1197240 3199.0
1197250 3200.8
1197260 3200.8
1197270 3202.1
1197280 3199.7
1197290 3199.7
1197300 3197.7
1197310 3197.4
1197320 3197.4
1197330 3197.0
1197340 3195.6
1197350 3195.6
1197360 3193.6
1197370 3191.4
1197380 3191.4
1197390 3189.7
1197400 3189.3
1197410 3189.3
1197420 3189.8
1197430 3184.1
1197440 3185.5
1197450 3185.5
1197460 3186.1
1197470 3188.1
1197480 3188.1
1197490 3192.6
1197500 3197.3
1197510 3197.3
1197520 3197.8
1197530 3193.4
1197540 3193.4
1197550 3187.4
1197560 3179.7
1197570 3179.7
1197580 3173.1
1197590 3169.2
1197600 3169.2
1197610 3166.0
1197620 3161.9
1197630 3157.2
1197640 3157.2
1197650 3152.5
1197660 3147.6
1197670 3147.6
1197680 3142.6
1197690 3137.4
1197700 3137.4
1197710 3132.6
1197720 3127.8
1197730 3127.8
1197740 3123.1
1197750 3118.8
1197760 3118.8
1197770 3115.0
1197780 3111.5
1197790 3111.5
1197800 3107.9
1197810 3104.9
1197820 3102.1
1197830 3102.1
1197840 3099.4
1197850 3096.9
1197860 3096.9
1197870 3090.3
1197880 3088.0
1197890 3088.0
1197900 3085.7
1197910 3083.4
1197920 3083.4
1197930 3080.9
1197940 3078.4
1197950 3078.4
1197960 3076.0
1197970 3073.7
1197980 3071.6
1197990 3071.6
1198000 3069.7
1198010 3067.7
1198020 3067.7
1198030 3065.2
1198040 3062.7
1198050 3062.7
1198060 3060.4
1198070 3058.0
1198080 3058.0
1198090 3055.9
1198100 3054.4
1198110 3054.4
1198120 3053.2
1198130 3052.1
1198140 3052.1
1198150 3050.9
1198160 3049.2
1198170 3050.2
1198180 3050.2
1198190 3054.6
1198200 3060.6
1198210 3060.6
1198220 3070.6
1198230 3080.6
1198240 3080.6
1198250 3091.6
1198260 3095.8
1198270 3095.8
1198280 3097.3
1198290 3097.4
1198300 3097.4
1198310 3090.0
1198320 3089.5
1198330 3089.5
1198340 3089.3
1198350 3088.6
1198360 3093.9
1198370 3093.9
1198380 3097.0
1198390 3100.5
1198400 3100.5
1198410 3103.4
1198420 3104.5
1198430 3104.5
1198440 3104.3
1198450 3103.1
1198460 3103.1
1198470 3101.5
1198480 3100.6
1198490 3100.6
1198500 3100.5
1198510 3101.2
1198520 3101.1
1198530 3101.1
1198540 3100.9
1198550 3102.0
1198560 3102.0
1198570 3102.5
1198580 3102.6
1198590 3102.6
1198600 3102.6
1198610 3102.9
1198620 3102.9
1198630 3105.0
1198640 3106.2
1198650 3106.2
1198660 3105.7
1198670 3104.3
1198680 3104.3
1198690 3102.8
1198700 3100.7
1198710 3096.7
1198720 3096.7
1198730 3089.7
1198740 3081.5
1198750 3089.1
1198760 3081.7
1198770 3073.0
1198780 3073.0
1198790 3066.1
1198800 3061.0
1198810 3061.0
1198820 3056.6
1198830 3052.5
1198840 3052.5
1198850 3048.1
1198860 3043.5
1198870 3043.5
1198880 3039.2
1198890 3035.1
1198900 3031.2
1198910 3031.2
1198920 3027.5
1198930 3024.0
1198940 3024.0
1198950 3020.8
1198960 3017.6
1198970 3017.6
1198980 3014.4
1198990 3011.2
1199000 3011.2
1199010 3007.8
1199020 3004.5
1199030 3004.5
1199040 3001.1
1199050 2997.8
1199060 2997.8
1199070 2994.6
1199080 2991.9
1199090 2989.1
1199100 2989.1
1199110 2986.1
1199120 2983.1
1199130 2983.1
1199140 2980.1
1199150 2978.2
1199160 2978.2
1199170 2976.2
1199180 2974.3
1199190 2979.0
1199200 2975.8
1199210 2972.5
1199220 2972.5
1199230 2969.2
1199240 2965.8
1199250 2961.4
1199260 2961.4
1199270 2957.3
1199280 2954.6
1199290 2954.6
1199300 2951.3
1199310 2947.3
1199320 2947.3
1199330 2942.0
1199340 2936.1
1199350 2936.1
1199360 2929.1
1199370 2921.5
1199380 2921.5
1199390 2916.1
1199400 2910.9
1199410 2910.9
1199420 2905.7
1199430 2899.4
1199440 2893.5
1199450 2893.5
1199460 2889.3
1199470 2884.0
1199480 2884.0
1199490 2876.6
1199500 2869.0
1199510 2869.0
1199520 2863.7
1199530 2860.5
1199540 2860.5
1199550 2858.4
1199560 2855.7
1199570 2855.7
1199580 2853.1
1199590 2850.4
1199600 2850.4
1199610 2844.4
1199620 2837.7
1199630 2833.3
1199640 2833.3
1199650 2831.5
1199660 2828.6
1199670 2828.6
1199680 2825.0
1199690 2821.2
1199700 2821.2
1199710 2818.1
1199720 2815.6
1199730 2815.6
1199740 2814.3
1199750 2813.7
1199760 2813.7
1199770 2812.3
1199780 2811.4
1199790 2809.0
1199800 2809.0
1199810 2805.7
1199820 2802.3
1199830 2802.3
1199840 2799.2
1199850 2795.6
1199860 2795.6
1199870 2791.9
1199880 2787.8
1199890 2787.8
1199900 2784.2
1199910 2780.0
1199920 2780.0
1199930 2774.8
1199940 2770.9
1199950 2770.9
1199960 2770.0
1199970 2770.2
1199980 2768.9
1199990 2768.9
