1196410 3185.9
1196420 3185.9
1196430 3188.9
1196440 3193.1
1196450 3195.6
1196460 3195.6
1196470 3198.6
1196480 3203.4
1196490 3203.4
1196500 3207.0
1196510 3209.2
1196520 3209.2
1196530 3212.1
1196540 3213.6
1196550 3213.6
1196560 3214.9
1196570 3216.0
1196580 3216.0
1196590 3217.0
1196600 3218.2
1196610 3218.2
1196620 3219.4
1196630 3220.6
1196640 3221.6
1196650 3221.6
1196660 3222.4
1196670 3223.0
1196680 3223.0
1196690 3223.6
1196700 3224.4
1196710 3224.4
1196720 3225.8
1196730 3227.6
1196740 3227.6
1196750 3229.7
1196760 3232.0
1196770 3232.0
1196780 3234.3
1196790 3236.5
1196800 3236.5
1196810 3238.7
1196820 3240.7
1196830 3242.4
1196840 3242.4
1196850 3244.1
1196860 3245.6
1196870 3245.6
1196880 3246.9
1196890 3248.0
1196900 3248.0
1196910 3248.9
1196920 3249.5
1196930 3249.5
1196940 3250.0
1196950 3250.2
1196960 3250.6
1196970 3250.5
1196980 3250.2
1196990 3250.2
1197000 3249.7
1197010 3249.3
1197020 3249.5
1197030 3249.5
1197040 3250.3
1197050 3251.5
1197060 3251.5
1197070 3253.0
1197080 3254.9
1197090 3254.9
1197100 3257.1
1197110 3259.9
1197120 3259.9
1197130 3263.3
1197140 3267.4
1197150 3267.4
1197160 3272.0
1197170 3277.0
1197180 3282.5
1197190 3282.5
1197200 3288.5
1197210 3294.7
1197220 3294.7
1197230 3300.4
1197240 3306.0
1197250 3306.0
1197260 3311.2
1197270 3315.7
1197280 3315.7
1197290 3321.3
1197300 3326.0
1197310 3326.0
1197320 3330.2
1197330 3334.0
1197340 3334.0
1197350 3336.3
1197360 3341.4
1197370 3344.9
1197380 3344.9
1197390 3348.2
1197400 3352.2
1197410 3352.2
1197420 3355.2
1197430 3358.2
1197440 3358.2
1197450 3361.3
1197460 3364.8
1197470 3364.8
1197480 3368.7
1197490 3372.6
1197500 3372.6
1197510 3376.3
1197520 3380.1
1197530 3380.1
1197540 3383.0
1197550 3385.6
1197560 3387.8
1197570 3387.8
1197580 3389.7
1197590 3391.3
1197600 3391.3
1197610 3392.7
1197620 3393.9
1197630 3393.9
1197640 3394.8
1197650 3395.5
1197660 3395.5
1197670 3396.0
1197680 3396.2
1197690 3396.2
1197700 3396.2
1197710 3396.1
1197720 3396.1
1197730 3395.8
1197740 3395.4
1197750 3395.0
1197760 3395.0
1197770 3394.4
1197780 3393.7
1197790 3393.7
1197800 3392.9
1197810 3392.0
1197820 3392.0
1197830 3390.9
1197840 3390.6
1197850 3390.6
1197860 3389.4
1197870 3387.9
1197880 3387.9
1197890 3386.1
1197900 3384.1
1197910 3381.8
1197920 3381.8
1197930 3379.3
1197940 3376.3
1197950 3376.3
1197960 3373.2
1197970 3370.1
1197980 3370.1
1197990 3367.0
1198000 3364.3
1198010 3364.3
1198020 3361.8
1198030 3359.4
1198040 3359.4
1198050 3357.1
1198060 3354.7
1198070 3354.7
1198080 3351.9
1198090 3347.6
1198100 3341.8
1198110 3341.8
1198120 3336.2
1198130 3331.4
1198140 3331.4
1198150 3326.8
1198160 3322.1
1198170 3322.1
1198180 3317.0
1198190 3311.8
1198200 3311.8
1198210 3306.5
1198220 3301.2
1198230 3301.2
1198240 3296.4
1198250 3291.3
1198260 3291.3
1198270 3285.9
1198280 3278.5
1198290 3273.1
1198300 3273.1
1198310 3267.7
1198320 3262.2
1198330 3262.2
1198340 3256.4
1198350 3250.4
1198360 3250.4
1198370 3244.7
1198380 3239.8
1198390 3239.8
1198400 3236.3
1198410 3234.5
1198420 3234.5
1198430 3233.6
1198440 3232.9
1198450 3232.9
1198460 3232.2
1198470 3231.1
1198480 3228.3
1198490 3228.3
1198500 3229.1
1198510 3226.9
1198520 3226.9
1198530 3223.6
1198540 3219.6
1198550 3219.6
1198560 3218.4
1198570 3215.8
1198580 3215.8
1198590 3211.8
1198600 3207.1
1198610 3207.1
1198620 3203.5
1198630 3198.5
1198640 3193.3
1198650 3193.3
1198660 3189.0
1198670 3184.5
1198680 3184.5
1198690 3180.3
1198700 3176.7
1198710 3176.7
1198720 3173.3
1198730 3165.1
1198740 3165.1
1198750 3163.0
1198760 3161.3
1198770 3161.3
1198780 3159.4
1198790 3157.5
1198800 3157.5
1198810 3155.5
1198820 3153.3
1198830 3151.2
1198840 3151.2
1198850 3149.4
1198860 3148.5
1198870 3148.5
1198880 3148.3
1198890 3148.4
1198900 3148.4
1198910 3148.3
1198920 3147.6
1198930 3147.6
1198940 3146.3
1198950 3144.2
1198960 3144.2
1198970 3141.7
1198980 3138.4
1198990 3138.4
1199000 3135.3
1199010 3133.2
1199020 3131.4
1199030 3131.4
1199040 3129.2
1199050 3126.9
1199060 3126.9
1199070 3123.9
1199080 3121.5
1199090 3121.5
1199100 3119.5
1199110 3118.8
1199120 3118.8
1199130 3118.7
1199140 3117.5
1199150 3117.5
1199160 3115.1
1199170 3104.8
1199180 3104.8
1199190 3102.8
1199200 3101.4
1199210 3098.5
1199220 3098.5
1199230 3096.3
1199240 3094.9
1199250 3094.9
1199260 3096.6
1199270 3098.8
1199280 3098.8
1199290 3099.9
1199300 3099.7
1199310 3099.7
1199320 3098.1
1199330 3097.0
1199340 3097.0
1199350 3096.3
1199360 3096.4
1199370 3095.1
1199380 3095.1
1199390 3093.6
1199400 3091.8
1199410 3091.8
1199420 3089.1
1199430 3086.3
1199440 3086.3
1199450 3083.0
1199460 3079.0
1199470 3079.0
1199480 3073.9
1199490 3069.3
1199500 3069.3
1199510 3063.9
1199520 3053.7
1199530 3053.7
1199540 3046.2
1199550 3039.6
1199560 3033.1
1199570 3033.1
1199580 3027.3
1199590 3021.1
1199600 3021.1
1199610 3019.9
1199620 3015.4
1199630 3015.4
1199640 3011.9
1199650 3008.8
1199660 3008.8
1199670 3005.6
1199680 3002.8
1199690 3002.8
1199700 2999.7
1199710 2996.9
1199720 2996.9
1199730 2993.3
1199740 2989.3
1199750 2984.3
1199760 2984.3
1199770 2979.4
1199780 2975.2
1199790 2975.2
1199800 2972.2
1199810 2970.7
1199820 2970.7
1199830 2969.0
1199840 2967.1
1199850 2967.1
1199860 2965.9
1199870 2965.0
1199880 2965.0
1199890 2964.1
1199900 2963.1
1199910 2963.1
1199920 2961.4
1199930 2958.6
1199940 2956.5
1199950 2956.5
1199960 2954.7
1199970 2952.8
1199980 2952.8
1199990 2950.4
