1196160 2931.2
1196170 2931.2
1196180 2933.8
1196190 2939.4
1196200 2953.6
1196210 2953.6
1196220 2981.7
1196230 3006.2
1196240 3006.2
1196250 3023.3
1196260 3032.8
1196270 3032.8
1196280 3041.9
1196290 3050.1
1196300 3050.1
1196310 3059.8
1196320 3071.3
1196330 3071.3
1196340 3088.7
1196350 3110.1
1196360 3110.1
1196370 3136.3
1196380 3168.3
1196390 3176.2
1196400 3176.2
1196410 3185.4
1196420 3196.0
1196430 3196.0
1196440 3204.7
1196450 3215.3
1196460 3215.3
1196470 3228.6
1196480 3243.5
1196490 3243.5
1196500 3249.6
1196510 3251.7
1196520 3251.7
1196530 3253.8
1196540 3255.8
1196550 3257.8
1196560 3257.8
1196570 3259.6
1196580 3261.2
1196590 3261.2
1196600 3262.6
1196610 3263.9
1196620 3263.9
1196630 3265.1
1196640 3266.3
1196650 3266.3
1196660 3267.5
1196670 3268.5
1196680 3268.5
1196690 3269.4
1196700 3270.1
1196710 3270.1
1196720 3270.7
1196730 3271.5
1196740 3272.4
1196750 3272.4
1196760 3273.1
1196770 3273.7
1196780 3273.7
1196790 3274.2
1196800 3274.6
1196810 3274.6
1196820 3274.8
1196830 3274.9
1196840 3274.9
1196850 3277.3
1196860 3277.1
1196870 3277.1
1196880 3277.0
1196890 3276.9
1196900 3276.9
1196910 3276.9
1196920 3277.1
1196930 3277.4
1196940 3277.4
1196950 3277.8
1196960 3278.5
1196970 3278.5
1196980 3279.4
1196990 3280.6
1197000 3280.6
1197010 3281.9
1197020 3283.4
1197030 3283.4
1197040 3284.9
1197050 3286.5
1197060 3286.5
1197070 3288.1
1197080 3289.7
1197090 3291.4
1197100 3291.4
1197110 3293.2
1197120 3295.0
1197130 3295.0
1197140 3296.9
1197150 3299.1
1197160 3299.1
1197170 3301.5
1197180 3304.0
1197190 3304.0
1197200 3306.7
1197210 3309.6
1197220 3309.6
1197230 3312.8
1197240 3316.3
1197250 3316.3
1197260 3319.9
1197270 3323.9
1197280 3328.1
1197290 3328.1
1197300 3332.5
1197310 3337.1
1197320 3337.1
1197330 3341.9
1197340 3347.0
1197350 3347.0
1197360 3352.5
1197370 3358.1
1197380 3358.1
1197390 3365.3
1197400 3376.9
1197410 3376.9
1197420 3390.8
1197430 3400.2
1197440 3400.2
1197450 3407.1
1197460 3413.0
1197470 3417.9
1197480 3417.9
1197490 3418.7
1197500 3417.8
1197510 3417.8
1197520 3417.3
1197530 3414.7
1197540 3414.7
1197550 3407.0
1197560 3397.2
1197570 3397.2
1197580 3385.3
1197590 3372.2
1197600 3372.2
1197610 3364.6
1197620 3354.2
1197630 3354.2
1197640 3342.1
1197650 3335.5
1197660 3336.6
1197670 3336.6
1197680 3334.4
1197690 3334.2
1197700 3334.2
1197710 3336.0
1197720 3339.2
1197730 3326.1
1197740 3326.4
1197750 3322.9
1197760 3322.9
1197770 3319.6
1197780 3315.5
1197790 3315.5
1197800 3312.9
1197810 3312.3
1197820 3313.9
1197830 3313.9
1197840 3312.4
1197850 3304.8
1197860 3304.8
1197870 3296.8
1197880 3291.7
1197890 3291.7
1197900 3288.9
1197910 3287.7
1197920 3287.7
1197930 3285.7
1197940 3285.3
1197950 3285.3
1197960 3286.0
1197970 3289.3
1197980 3289.3
1197990 3295.0
1198000 3300.4
1198010 3305.9
1198020 3305.9
1198030 3309.9
1198040 3311.6
1198050 3311.6
1198060 3312.7
1198070 3310.4
1198080 3310.4
1198090 3304.6
1198100 3295.2
1198110 3295.2
1198120 3284.7
1198130 3274.3
1198140 3274.3
1198150 3266.6
1198160 3260.2
1198170 3261.5
1198180 3255.3
1198190 3249.1
1198200 3243.2
1198210 3243.2
1198220 3238.9
1198230 3235.1
1198240 3235.1
1198250 3231.6
1198260 3228.3
1198270 3228.3
1198280 3225.2
1198290 3222.0
1198300 3222.0
1198310 3218.5
1198320 3214.0
1198330 3214.0
1198340 3209.4
1198350 3205.1
1198360 3205.1
1198370 3200.2
1198380 3195.3
1198390 3190.6
1198400 3190.6
1198410 3185.9
1198420 3181.5
1198430 3181.5
1198440 3177.9
1198450 3173.9
1198460 3173.9
1198470 3169.7
1198480 3165.6
1198490 3165.6
1198500 3161.6
1198510 3157.9
1198520 3157.9
1198530 3154.2
1198540 3150.8
1198550 3147.4
1198560 3147.4
1198570 3144.2
1198580 3140.8
1198590 3140.8
1198600 3137.5
1198610 3131.5
1198620 3131.5
1198630 3128.5
1198640 3125.9
1198650 3125.9
1198660 3123.7
1198670 3122.0
1198680 3122.0
1198690 3120.9
1198700 3119.7
1198710 3119.7
1198720 3118.5
1198730 3117.1
1198740 3115.8
1198750 3115.8
1198760 3114.5
1198770 3112.8
1198780 3112.8
1198790 3110.4
1198800 3108.5
1198810 3108.5
1198820 3106.8
1198830 3104.3
1198840 3104.3
1198850 3101.7
1198860 3099.2
1198870 3099.2
1198880 3097.0
1198890 3095.2
1198900 3095.2
1198910 3093.5
1198920 3091.6
1198930 3089.6
1198940 3089.6
1198950 3087.7
1198960 3085.9
1198970 3085.9
1198980 3083.7
1198990 3080.9
1199000 3080.9
1199010 3078.7
1199020 3076.0
1199030 3076.0
1199040 3073.4
1199050 3066.5
1199060 3066.5
1199070 3064.4
1199080 3062.2
1199090 3062.2
1199100 3059.9
1199110 3056.5
1199120 3052.4
1199130 3052.4
1199140 3047.6
1199150 3042.9
1199160 3042.9
1199170 3038.6
1199180 3035.1
1199190 3035.1
1199200 3033.0
1199210 3030.3
1199220 3030.3
1199230 3025.9
1199240 3020.7
1199250 3020.7
1199260 3015.5
1199270 3010.4
1199280 3007.4
1199290 3007.4
1199300 3004.7
1199310 3001.9
1199320 3001.9
1199330 2998.7
1199340 2995.5
1199350 2995.5
1199360 2992.1
1199370 2988.4
1199380 2988.4
1199390 2984.8
1199400 2981.9
1199410 2981.9
1199420 2979.9
1199430 2977.9
1199440 2977.9
1199450 2975.7
1199460 2973.4
1199470 2973.7
1199480 2973.7
1199490 2968.4
1199500 2967.4
1199510 2967.4
1199520 2968.5
1199530 2969.6
1199540 2969.6
1199550 2968.8
1199560 2966.2
1199570 2966.2
1199580 2964.0
1199590 2961.8
1199600 2961.8
1199610 2959.9
1199620 2957.4
1199630 2957.4
1199640 2954.8
1199650 2952.7
1199660 2949.5
1199670 2949.5
1199680 2945.9
1199690 2942.5
1199700 2942.5
1199710 2939.3
1199720 2936.0
1199730 2936.0
1199740 2932.2
1199750 2928.6
1199760 2928.6
1199770 2925.2
1199780 2921.3
1199790 2921.3
1199800 2919.4
1199810 2920.0
1199820 2918.1
1199830 2918.1
1199840 2914.4
1199850 2911.8
1199860 2911.8
1199870 2911.3
1199880 2912.7
1199890 2912.7
1199900 2915.0
1199910 2916.9
1199920 2916.9
1199930 2917.9
1199940 2910.0
1199950 2910.0
1199960 2903.9
1199970 2897.5
1199980 2897.5
1199990 2891.3
