1193130 3003.7
1193140 3008.0
1193150 3008.0
1193160 3010.9
1193170 3016.8
1193180 3016.8
1193190 3022.0
1193200 3033.9
1193210 3033.9
1193220 3056.1
1193230 3076.1
1193240 3075.5
1193250 3075.5
1193260 3089.9
1193270 3104.2
1193280 3104.2
1193290 3110.4
1193300 3116.3
1193310 3116.3
1193320 3121.5
1193330 3125.4
1193340 3125.4
1193350 3126.7
1193360 3138.6
1193370 3138.6
1193380 3152.2
1193390 3167.7
1193400 3179.2
1193410 3179.2
1193420 3181.1
1193430 3185.7
1193440 3185.7
1193450 3199.2
1193460 3215.1
1193470 3215.1
1193480 3231.2
1193490 3241.3
1193500 3241.3
1193510 3251.2
1193520 3258.1
1193530 3258.1
1193540 3262.0
1193550 3271.2
1193560 3271.2
1193570 3282.0
1193580 3294.3
1193590 3301.1
1193600 3301.1
1193610 3310.8
1193620 3323.3
1193630 3323.3
1193640 3332.4
1193650 3340.8
1193660 3340.8
1193670 3334.2
1193680 3333.7
1193690 3333.7
1193700 3338.3
1193710 3343.1
1193720 3343.1
1193730 3344.0
1193740 3345.5
1193750 3345.5
1193760 3346.7
1193770 3346.6
1193780 3345.7
1193790 3345.7
1193800 3343.8
1193810 3342.9
1193820 3342.9
1193830 3342.0
1193840 3340.8
1193850 3340.8
1193860 3339.5
1193870 3338.2
1193880 3338.2
1193890 3336.8
1193900 3335.2
1193910 3335.2
1193920 3333.3
1193930 3331.2
1193940 3331.2
1193950 3329.1
1193960 3326.9
1193970 3324.9
1193980 3324.9
1193990 3322.9
1194000 3320.8
1194010 3320.8
1194020 3319.0
1194030 3317.3
1194040 3317.3
1194050 3315.7
1194060 3314.2
1194070 3314.2
1194080 3313.0
1194090 3312.0
1194100 3312.0
1194110 3309.3
1194120 3308.7
1194130 3308.7
1194140 3308.2
1194150 3307.8
1194160 3307.4
1194170 3307.4
1194180 3307.0
1194190 3306.5
1194200 3306.5
1194210 3306.1
1194220 3305.5
1194230 3305.5
1194240 3304.8
1194250 3304.0
1194260 3304.0
1194270 3303.0
1194280 3302.0
1194290 3302.0
1194300 3300.9
1194310 3299.8
1194320 3298.6
1194330 3298.6
1194340 3297.5
1194350 3296.3
1194360 3296.3
1194370 3295.1
1194380 3293.9
1194390 3293.9
1194400 3292.7
1194410 3291.5
1194420 3291.5
1194430 3290.5
1194440 3289.5
1194450 3289.5
1194460 3288.5
1194470 3287.6
1194480 3287.6
1194490 3286.8
1194500 3286.1
1194510 3285.5
1194520 3285.5
1194530 3285.1
1194540 3283.9
1194550 3283.9
1194560 3283.6
1194570 3283.3
1194580 3283.3
1194590 3283.1
1194600 3282.9
1194610 3282.9
1194620 3282.7
1194630 3282.4
1194640 3282.4
1194650 3282.0
1194660 3281.6
1194670 3281.6
1194680 3281.2
1194690 3280.7
1194700 3280.2
1194710 3280.2
1194720 3279.6
1194730 3279.0
1194740 3279.0
1194750 3278.3
1194760 3277.6
1194770 3277.6
1194780 3276.9
1194790 3276.1
1194800 3276.1
1194810 3275.2
1194820 3274.4
1194830 3274.4
1194840 3273.5
1194850 3272.7
1194860 3272.7
1194870 3271.8
1194880 3270.9
1194890 3270.0
1194900 3270.0
1194910 3269.0
1194920 3268.1
1194930 3268.1
1194940 3267.1
1194950 3266.1
1194960 3266.1
1194970 3265.1
1194980 3263.6
1194990 3263.6
1195000 3262.6
1195010 3261.5
1195020 3261.5
1195030 3260.3
1195040 3259.2
1195050 3259.2
1195060 3258.0
1195070 3256.8
1195080 3255.6
1195090 3255.6
1195100 3254.4
1195110 3253.1
1195120 3253.1
1195130 3251.8
1195140 3250.6
1195150 3250.6
1195160 3249.2
1195170 3247.9
1195180 3247.9
1195190 3246.5
1195200 3245.1
1195210 3245.1
1195220 3243.7
1195230 3242.3
1195240 3242.3
1195250 3240.9
1195260 3239.4
1195270 3237.8
1195280 3237.8
1195290 3236.1
1195300 3234.4
1195310 3234.4
1195320 3232.8
1195330 3231.1
1195340 3231.1
1195350 3229.3
1195360 3227.6
1195370 3227.6
1195380 3225.9
1195390 3224.3
1195400 3224.3
1195410 3222.0
1195420 3220.8
1195430 3219.8
1195440 3219.8
1195450 3219.0
1195460 3218.3
1195470 3218.3
1195480 3217.6
1195490 3217.0
1195500 3217.0
1195510 3216.3
1195520 3215.8
1195530 3215.8
1195540 3215.1
1195550 3214.5
1195560 3214.5
1195570 3213.8
1195580 3212.9
1195590 3212.9
1195600 3211.9
1195610 3211.0
1195620 3209.9
1195630 3209.9
1195640 3208.8
1195650 3207.6
1195660 3207.6
1195670 3206.5
1195680 3205.3
1195690 3205.3
1195700 3204.2
1195710 3203.1
1195720 3203.1
1195730 3202.0
1195740 3201.0
1195750 3201.0
1195760 3200.1
1195770 3199.2
1195780 3199.2
1195790 3198.4
1195800 3197.6
1195810 3196.9
1195820 3196.9
1195830 3196.2
1195840 3195.5
1195850 3195.8
1195860 3195.0
1195870 3194.3
1195880 3194.3
1195890 3193.4
1195900 3192.6
1195910 3192.6
1195920 3191.8
1195930 3191.0
1195940 3191.0
1195950 3190.1
1195960 3189.2
1195970 3189.2
1195980 3188.3
1195990 3187.3
1196000 3186.2
1196010 3186.2
1196020 3185.1
1196030 3184.0
1196040 3184.0
1196050 3183.0
1196060 3182.0
1196070 3182.0
1196080 3181.0
1196090 3180.1
1196100 3180.1
1196110 3179.2
1196120 3178.3
1196130 3178.3
1196140 3177.6
1196150 3176.9
1196160 3176.9
1196170 3176.2
1196180 3175.5
1196190 3174.9
1196200 3174.9
1196210 3174.4
1196220 3173.9
1196230 3173.9
1196240 3173.4
1196250 3172.9
1196260 3172.9
1196270 3172.3
1196280 3171.8
1196290 3172.2
1196300 3171.6
1196310 3171.1
1196320 3171.1
1196330 3170.4
1196340 3169.9
1196350 3169.3
1196360 3169.3
1196370 3168.8
1196380 3168.4
1196390 3168.4
1196400 3167.9
1196410 3167.4
1196420 3167.4
1196430 3167.1
1196440 3166.7
1196450 3166.7
1196460 3166.3
1196470 3165.9
1196480 3165.9
1196490 3165.6
1196500 3165.3
1196510 3165.3
1196520 3164.9
1196530 3164.6
1196540 3164.3
1196550 3164.3
1196560 3164.0
1196570 3163.7
1196580 3163.7
1196590 3163.4
1196600 3163.0
1196610 3163.0
1196620 3162.6
1196630 3162.3
1196640 3162.3
1196650 3162.0
1196660 3161.6
1196670 3161.6
1196680 3161.3
1196690 3161.0
1196700 3161.0
1196710 3160.7
1196720 3160.5
1196730 3160.9
1196740 3160.9
1196750 3160.8
1196760 3160.7
1196770 3160.7
1196780 3160.6
1196790 3160.5
1196800 3160.5
1196810 3160.4
1196820 3160.4
1196830 3160.4
1196840 3160.3
1196850 3160.3
1196860 3160.3
1196870 3160.2
1196880 3160.2
1196890 3160.2
1196900 3160.2
1196910 3160.1
1196920 3160.0
1196930 3160.0
1196940 3159.9
1196950 3159.9
1196960 3159.9
1196970 3159.8
1196980 3159.7
1196990 3159.7
1197000 3159.7
1197010 3159.7
1197020 3159.7
1197030 3159.7
1197040 3159.7
1197050 3159.7
1197060 3159.8
1197070 3159.9
1197080 3159.9
1197090 3160.0
1197100 3160.2
1197110 3160.4
1197120 3160.4
1197130 3160.6
1197140 3160.9
1197150 3160.9
1197160 3161.7
1197170 3162.0
1197180 3162.0
1197190 3162.3
1197200 3162.7
1197210 3162.7
1197220 3163.0
1197230 3163.4
1197240 3163.4
1197250 3163.8
1197260 3164.3
1197270 3164.8
1197280 3164.8
1197290 3165.3
1197300 3165.8
1197310 3165.8
1197320 3166.3
1197330 3166.8
1197340 3166.8
1197350 3167.4
1197360 3167.9
1197370 3167.9
1197380 3168.3
1197390 3168.8
1197400 3168.8
1197410 3169.2
1197420 3169.6
1197430 3169.6
1197440 3169.9
1197450 3170.2
1197460 3170.5
1197470 3170.5
1197480 3170.7
1197490 3170.9
1197500 3170.9
1197510 3171.1
1197520 3171.2
1197530 3171.2
1197540 3171.4
1197550 3171.6
1197560 3171.6
1197570 3171.8
1197580 3172.0
1197590 3172.0
1197600 3172.6
1197610 3172.8
1197620 3172.8
1197630 3173.0
1197640 3173.3
1197650 3173.5
1197660 3173.5
1197670 3173.7
1197680 3174.0
1197690 3174.0
1197700 3174.2
1197710 3174.4
1197720 3174.4
1197730 3174.7
1197740 3175.0
1197750 3175.0
1197760 3175.3
1197770 3175.7
1197780 3175.7
1197790 3176.0
1197800 3176.4
1197810 3176.4
1197820 3176.7
1197830 3176.9
1197840 3177.1
1197850 3177.1
1197860 3177.3
1197870 3177.3
1197880 3177.3
1197890 3177.2
1197900 3177.0
1197910 3177.0
1197920 3176.6
1197930 3176.0
1197940 3176.0
1197950 3175.1
1197960 3174.1
1197970 3174.1
1197980 3172.8
1197990 3171.5
1198000 3171.5
1198010 3170.5
1198020 3170.5
1198030 3171.2
1198040 3172.2
1198050 3173.1
1198060 3174.0
1198070 3174.0
1198080 3175.0
1198090 3176.0
1198100 3176.0
1198110 3177.2
1198120 3178.6
1198130 3178.6
1198140 3180.4
1198150 3182.5
1198160 3182.5
1198170 3184.9
1198180 3187.4
1198190 3190.1
1198200 3190.1
1198210 3192.6
1198220 3195.1
1198230 3195.1
1198240 3197.4
1198250 3199.6
1198260 3199.6
1198270 3201.7
1198280 3203.5
1198290 3203.5
1198300 3205.2
1198310 3206.8
1198320 3206.8
1198330 3208.2
1198340 3209.4
1198350 3209.4
1198360 3210.4
1198370 3211.3
1198380 3212.1
1198390 3212.1
1198400 3212.8
1198410 3213.6
1198420 3213.6
1198430 3214.3
1198440 3215.1
1198450 3215.1
1198460 3215.6
1198470 3216.1
1198480 3216.1
1198490 3217.5
1198500 3217.7
1198510 3217.7
1198520 3217.9
1198530 3217.9
1198540 3217.9
1198550 3217.9
1198560 3217.9
1198570 3217.9
1198580 3217.9
1198590 3217.8
1198600 3217.7
1198610 3217.7
1198620 3217.6
1198630 3217.4
1198640 3217.4
1198650 3217.2
1198660 3216.9
1198670 3216.9
1198680 3216.6
1198690 3216.2
1198700 3216.2
1198710 3215.8
1198720 3215.4
1198730 3215.4
1198740 3215.1
1198750 3214.7
1198760 3214.3
1198770 3214.3
1198780 3214.0
1198790 3213.7
1198800 3213.7
1198810 3213.5
1198820 3213.4
1198830 3213.4
1198840 3213.2
1198850 3213.2
1198860 3213.2
1198870 3213.1
1198880 3213.1
1198890 3213.1
1198900 3213.1
1198910 3213.1
1198920 3213.1
1198930 3212.7
1198940 3212.6
1198950 3212.3
1198960 3212.3
1198970 3211.8
1198980 3211.3
1198990 3211.3
1199000 3210.6
1199010 3210.0
1199020 3210.0
1199030 3209.7
1199040 3210.0
1199050 3210.0
1199060 3210.6
1199070 3211.5
1199080 3211.5
1199090 3212.5
1199100 3213.7
1199110 3213.7
1199120 3215.0
1199130 3216.5
1199140 3218.1
1199150 3218.1
1199160 3219.7
1199170 3221.2
1199180 3221.2
1199190 3222.7
1199200 3224.2
1199210 3224.2
1199220 3225.6
1199230 3226.9
1199240 3226.9
1199250 3228.2
1199260 3229.5
1199270 3229.5
1199280 3230.7
1199290 3231.9
1199300 3233.1
1199310 3233.1
1199320 3234.2
1199330 3235.3
1199340 3235.3
1199350 3236.4
1199360 3237.5
1199370 3238.9
1199380 3240.0
1199390 3241.2
1199400 3241.2
1199410 3242.4
1199420 3243.6
1199430 3243.6
1199440 3244.8
1199450 3246.1
1199460 3246.1
1199470 3247.4
1199480 3248.7
1199490 3250.1
1199500 3250.1
1199510 3251.4
1199520 3252.8
1199530 3252.8
1199540 3254.1
1199550 3255.4
1199560 3255.4
1199570 3256.7
1199580 3257.8
1199590 3257.8
1199600 3258.8
1199610 3259.8
1199620 3259.8
1199630 3260.7
1199640 3261.5
1199650 3261.5
1199660 3262.2
1199670 3262.8
1199680 3263.2
1199690 3263.2
1199700 3263.6
1199710 3263.9
1199720 3263.9
1199730 3264.2
1199740 3264.4
1199750 3264.4
1199760 3264.6
1199770 3264.9
1199780 3264.9
1199790 3265.1
1199800 3265.5
1199810 3266.2
1199820 3266.7
1199830 3267.2
1199840 3267.2
1199850 3267.8
1199860 3268.4
1199870 3269.2
1199880 3269.2
1199890 3270.1
1199900 3271.0
1199910 3271.0
1199920 3272.0
1199930 3273.1
1199940 3273.1
1199950 3274.1
1199960 3275.1
1199970 3275.1
1199980 3276.1
1199990 3277.1
