1192830 3056.8
1192840 3056.8
1192850 3064.0
1192860 3073.8
1192870 3073.8
1192880 3081.8
1192890 3089.9
1192900 3089.9
1192910 3100.8
1192920 3117.2
1192930 3117.2
1192940 3129.8
1192950 3144.5
1192960 3144.5
1192970 3169.5
1192980 3187.9
1192990 3185.9
1193000 3185.9
1193010 3177.3
1193020 3175.7
1193030 3175.7
1193040 3172.4
1193050 3167.2
1193060 3167.2
1193070 3164.6
1193080 3163.0
1193090 3163.0
1193100 3164.0
1193110 3173.1
1193120 3173.1
1193130 3192.8
1193140 3213.8
1193150 3213.8
1193160 3239.0
1193170 3251.0
1193180 3266.2
1193190 3266.2
1193200 3280.5
1193210 3295.3
1193220 3295.3
1193230 3313.6
1193240 3332.4
1193250 3332.4
1193260 3344.1
1193270 3355.9
1193280 3355.9
1193290 3370.3
1193300 3375.6
1193310 3375.6
1193320 3376.7
1193330 3379.1
1193340 3382.5
1193350 3382.5
1193360 3385.4
1193370 3387.8
1193380 3387.8
1193390 3389.4
1193400 3391.6
1193410 3391.6
1193420 3393.1
1193430 3395.4
1193440 3395.4
1193450 3398.0
1193460 3399.2
1193470 3399.2
1193480 3399.6
1193490 3400.8
1193500 3400.8
1193510 3401.4
1193520 3402.0
1193530 3402.9
1193540 3402.9
1193550 3403.9
1193560 3404.9
1193570 3404.0
1193580 3405.0
1193590 3405.8
1193600 3405.8
1193610 3406.6
1193620 3407.3
1193630 3407.3
1193640 3408.0
1193650 3408.5
1193660 3408.5
1193670 3408.6
1193680 3408.4
1193690 3408.4
1193700 3407.7
1193710 3406.9
1193720 3406.1
1193730 3406.1
1193740 3405.0
1193750 3403.8
1193760 3403.8
1193770 3402.3
1193780 3400.8
1193790 3400.8
1193800 3399.1
1193810 3397.2
1193820 3397.2
1193830 3395.4
1193840 3393.6
1193850 3393.6
1193860 3391.9
1193870 3390.4
1193880 3390.4
1193890 3388.9
1193900 3387.6
1193910 3386.3
1193920 3386.3
1193930 3385.1
1193940 3383.9
1193950 3383.9
1193960 3382.7
1193970 3381.5
1193980 3381.5
1193990 3380.3
1194000 3378.1
1194010 3378.1
1194020 3376.8
1194030 3375.5
1194040 3375.5
1194050 3374.3
1194060 3373.0
1194070 3373.0
1194080 3371.6
1194090 3370.1
1194100 3368.6
1194110 3368.6
1194120 3367.1
1194130 3365.3
1194140 3365.3
1194150 3363.5
1194160 3361.5
1194170 3361.5
1194180 3359.5
1194190 3357.4
1194200 3357.4
1194210 3355.1
1194220 3352.7
1194230 3352.7
1194240 3350.1
1194250 3347.1
1194260 3347.1
1194270 3344.3
1194280 3341.6
1194290 3338.8
1194300 3338.8
1194310 3336.2
1194320 3333.9
1194330 3333.9
1194340 3331.6
1194350 3329.4
1194360 3329.4
1194370 3327.3
1194380 3325.4
1194390 3325.4
1194400 3323.7
1194410 3322.2
1194420 3322.2
1194430 3320.8
1194440 3319.3
1194450 3318.1
1194460 3318.1
1194470 3316.9
1194480 3315.8
1194490 3315.8
1194500 3314.7
1194510 3313.6
1194520 3313.6
1194530 3312.5
1194540 3311.4
1194550 3311.4
1194560 3310.4
1194570 3309.3
1194580 3309.3
1194590 3308.2
1194600 3307.1
1194610 3307.1
1194620 3306.0
1194630 3304.8
1194640 3303.5
1194650 3303.5
1194660 3302.3
1194670 3301.0
1194680 3301.0
1194690 3299.6
1194700 3298.3
1194710 3298.3
1194720 3296.9
1194730 3295.5
1194740 3295.5
1194750 3294.1
1194760 3292.7
1194770 3292.7
1194780 3291.3
1194790 3289.9
1194800 3289.9
1194810 3288.6
1194820 3287.2
1194830 3285.9
1194840 3285.9
1194850 3284.6
1194860 3283.1
1194870 3282.9
1194880 3281.5
1194890 3279.9
1194900 3279.9
1194910 3278.3
1194920 3276.6
1194930 3276.6
1194940 3274.9
1194950 3273.0
1194960 3273.0
1194970 3271.2
1194980 3269.3
1194990 3269.3
1195000 3267.4
1195010 3265.4
1195020 3263.4
1195030 3263.4
1195040 3261.4
1195050 3259.4
1195060 3259.4
1195070 3257.4
1195080 3255.5
1195090 3255.5
1195100 3253.7
1195110 3251.8
1195120 3251.8
1195130 3250.0
1195140 3248.2
1195150 3248.2
1195160 3246.5
1195170 3244.8
1195180 3244.8
1195190 3243.2
1195200 3241.6
1195210 3240.1
1195220 3240.1
1195230 3238.5
1195240 3236.8
1195250 3236.8
1195260 3235.1
1195270 3233.1
1195280 3233.1
1195290 3231.2
1195300 3229.7
1195310 3229.9
1195320 3228.5
1195330 3227.1
1195340 3227.1
1195350 3225.6
1195360 3224.2
1195370 3224.2
1195380 3222.9
1195390 3221.8
1195400 3221.0
1195410 3221.0
1195420 3220.3
1195430 3219.7
1195440 3219.7
1195450 3219.1
1195460 3218.6
1195470 3218.6
1195480 3218.1
1195490 3217.7
1195500 3217.7
1195510 3217.3
1195520 3216.9
1195530 3216.9
1195540 3216.6
1195550 3216.2
1195560 3215.9
1195570 3215.9
1195580 3215.4
1195590 3214.7
1195600 3214.7
1195610 3214.0
1195620 3213.2
1195630 3213.2
1195640 3212.3
1195650 3211.1
1195660 3211.1
1195670 3210.0
1195680 3208.7
1195690 3208.7
1195700 3207.4
1195710 3206.0
1195720 3206.0
1195730 3204.5
1195740 3203.1
1195750 3202.0
1195760 3202.0
1195770 3200.5
1195780 3198.9
1195790 3198.9
1195800 3197.4
1195810 3196.0
1195820 3196.0
1195830 3194.6
1195840 3193.3
1195850 3193.3
1195860 3192.0
1195870 3190.7
1195880 3190.7
1195890 3189.4
1195900 3188.1
1195910 3188.1
1195920 3186.9
1195930 3185.7
1195940 3184.5
1195950 3184.5
1195960 3183.2
1195970 3182.1
1195980 3182.1
1195990 3181.0
1196000 3179.9
1196010 3179.9
1196020 3178.9
1196030 3177.9
1196040 3177.9
1196050 3176.9
1196060 3176.0
1196070 3176.0
1196080 3175.1
1196090 3174.2
1196100 3174.2
1196110 3173.4
1196120 3172.6
1196130 3171.8
1196140 3171.8
1196150 3171.1
1196160 3170.4
1196170 3170.4
1196180 3169.9
1196190 3169.2
1196200 3169.2
1196210 3168.7
1196220 3168.1
1196230 3168.1
1196240 3167.5
1196250 3166.9
1196260 3166.9
1196270 3166.2
1196280 3165.6
1196290 3165.6
1196300 3164.9
1196310 3164.3
1196320 3163.7
1196330 3163.7
1196340 3163.1
1196350 3162.5
1196360 3162.5
1196370 3162.0
1196380 3161.4
1196390 3161.4
1196400 3160.9
1196410 3160.2
1196420 3160.2
1196430 3159.6
1196440 3158.9
1196450 3158.9
1196460 3158.2
1196470 3157.2
1196480 3157.2
1196490 3156.3
1196500 3155.6
1196510 3154.7
1196520 3154.7
1196530 3153.8
1196540 3152.8
1196550 3152.8
1196560 3151.7
1196570 3150.6
1196580 3150.6
1196590 3149.6
1196600 3148.6
1196610 3148.6
1196620 3148.3
1196630 3147.5
1196640 3147.5
1196650 3146.7
1196660 3145.9
1196670 3145.1
1196680 3145.1
1196690 3144.4
1196700 3143.8
1196710 3143.8
1196720 3143.2
1196730 3142.7
1196740 3142.7
1196750 3142.3
1196760 3141.9
1196770 3141.9
1196780 3141.5
1196790 3141.1
1196800 3141.1
1196810 3140.8
1196820 3140.4
1196830 3140.4
1196840 3140.1
1196850 3139.9
1196860 3139.7
1196870 3139.7
1196880 3139.5
1196890 3139.3
1196900 3139.3
1196910 3139.0
1196920 3138.7
1196930 3138.7
1196940 3138.5
1196950 3138.3
1196960 3138.3
1196970 3138.0
1196980 3137.9
1196990 3137.9
1197000 3137.7
1197010 3137.5
1197020 3137.5
1197030 3137.5
1197040 3137.4
1197050 3137.5
1197060 3138.3
1197070 3138.4
1197080 3138.7
1197090 3138.7
1197100 3139.1
1197110 3139.5
1197120 3139.5
1197130 3140.1
1197140 3140.7
1197150 3140.7
1197160 3141.3
1197170 3141.9
1197180 3141.9
1197190 3142.6
1197200 3143.5
1197210 3143.5
1197220 3144.7
1197230 3146.1
1197240 3147.6
1197250 3147.6
1197260 3148.8
1197270 3150.1
1197280 3150.1
1197290 3151.4
1197300 3152.7
1197310 3152.7
1197320 3154.0
1197330 3155.6
1197340 3155.6
1197350 3157.0
1197360 3158.4
1197370 3158.4
1197380 3159.8
1197390 3161.1
1197400 3161.1
1197410 3162.3
1197420 3163.4
1197430 3164.0
1197440 3164.0
1197450 3165.3
1197460 3166.3
1197470 3166.3
1197480 3167.2
1197490 3167.9
1197500 3167.9
1197510 3168.4
1197520 3168.8
1197530 3168.8
1197540 3169.2
1197550 3169.5
1197560 3169.5
1197570 3169.5
1197580 3169.4
1197590 3169.1
1197600 3169.1
1197610 3168.7
1197620 3168.2
1197630 3168.2
1197640 3167.5
1197650 3166.9
1197660 3166.9
1197670 3166.5
1197680 3166.2
1197690 3166.2
1197700 3165.9
1197710 3165.7
1197720 3165.7
1197730 3165.5
1197740 3165.3
1197750 3165.3
1197760 3165.1
1197770 3164.8
1197780 3164.5
1197790 3164.5
1197800 3164.3
1197810 3164.0
1197820 3164.0
1197830 3164.0
1197840 3164.0
1197850 3164.0
1197860 3164.1
1197870 3164.1
1197880 3164.1
1197890 3164.0
1197900 3163.9
1197910 3163.9
1197920 3163.8
1197930 3163.6
1197940 3164.6
1197950 3164.5
1197960 3164.3
1197970 3164.1
1197980 3164.1
1197990 3163.9
1198000 3163.4
1198010 3163.4
1198020 3162.9
1198030 3162.2
1198040 3162.2
1198050 3161.5
1198060 3160.6
1198070 3160.6
1198080 3159.5
1198090 3158.3
1198100 3158.3
1198110 3157.1
1198120 3155.9
1198130 3155.9
1198140 3155.0
1198150 3154.5
1198160 3154.1
1198170 3154.1
1198180 3154.0
1198190 3154.0
1198200 3154.0
1198210 3154.2
1198220 3154.5
1198230 3154.5
1198240 3155.2
1198250 3156.2
1198260 3156.2
1198270 3157.4
1198280 3159.0
1198290 3159.0
1198300 3161.0
1198310 3163.1
1198320 3163.1
1198330 3165.3
1198340 3167.5
1198350 3169.6
1198360 3169.6
1198370 3171.5
1198380 3173.8
1198390 3173.8
1198400 3175.3
1198410 3176.7
1198420 3176.7
1198430 3178.0
1198440 3179.1
1198450 3179.1
1198460 3180.0
1198470 3180.8
1198480 3180.8
1198490 3181.3
1198500 3181.7
1198510 3181.7
1198520 3181.9
1198530 3182.0
1198540 3182.1
1198550 3182.1
1198560 3181.9
1198570 3181.8
1198580 3181.8
1198590 3181.5
1198600 3181.1
1198610 3181.1
1198620 3180.7
1198630 3180.3
1198640 3180.3
1198650 3180.1
1198660 3180.0
1198670 3180.0
1198680 3180.0
1198690 3180.2
1198700 3180.3
1198710 3180.3
1198720 3180.5
1198730 3180.7
1198740 3180.7
1198750 3180.8
1198760 3181.0
1198770 3181.0
1198780 3181.3
1198790 3181.5
1198800 3181.5
1198810 3181.7
1198820 3183.0
1198830 3183.0
1198840 3183.5
1198850 3184.2
1198860 3184.2
1198870 3185.0
1198880 3186.1
1198890 3187.4
1198900 3187.4
1198910 3188.9
1198920 3190.7
1198930 3190.7
1198940 3192.7
1198950 3195.0
1198960 3195.0
1198970 3197.3
1198980 3199.8
1198990 3199.8
1199000 3202.3
1199010 3204.7
1199020 3204.7
1199030 3207.0
1199040 3209.3
1199050 3209.3
1199060 3211.4
1199070 3213.3
1199080 3215.2
1199090 3215.2
1199100 3217.0
1199110 3218.4
1199120 3218.4
1199130 3219.7
1199140 3220.8
1199150 3220.8
1199160 3221.8
1199170 3222.7
1199180 3222.7
1199190 3223.5
1199200 3224.4
1199210 3224.4
1199220 3225.2
1199230 3226.1
1199240 3226.1
1199250 3227.1
1199260 3228.5
1199270 3229.4
1199280 3229.4
1199290 3230.2
1199300 3231.0
1199310 3231.0
1199320 3231.8
1199330 3232.6
1199340 3232.6
1199350 3233.4
1199360 3234.2
1199370 3234.2
1199380 3235.1
1199390 3236.0
1199400 3236.0
1199410 3236.9
1199420 3237.8
1199430 3237.8
1199440 3238.6
1199450 3239.5
1199460 3240.3
1199470 3240.3
1199480 3241.2
1199490 3242.1
1199500 3242.1
1199510 3243.0
1199520 3243.9
1199530 3243.9
1199540 3244.8
1199550 3245.6
1199560 3245.6
1199570 3246.4
1199580 3247.3
1199590 3247.3
1199600 3248.0
1199610 3248.8
1199620 3249.6
1199630 3249.6
1199640 3250.4
1199650 3251.1
1199660 3251.1
1199670 3251.9
1199680 3252.7
1199690 3252.7
1199700 3253.5
1199710 3254.1
1199720 3254.1
1199730 3254.7
1199740 3255.4
1199750 3255.4
1199760 3256.1
1199770 3256.7
1199780 3256.7
1199790 3257.3
1199800 3257.8
1199810 3258.3
1199820 3258.3
1199830 3258.7
1199840 3259.0
1199850 3259.0
1199860 3259.4
1199870 3259.7
1199880 3259.7
1199890 3260.0
1199900 3260.3
1199910 3260.3
1199920 3260.6
1199930 3260.8
1199940 3260.8
1199950 3261.1
1199960 3261.3
1199970 3261.3
1199980 3261.5
1199990 3261.7
