1192230 3206.4
1192240 3210.8
1192250 3210.8
1192260 3218.2
1192270 3225.2
1192280 3228.3
1192290 3228.3
1192300 3234.3
1192310 3266.4
1192320 3266.4
1192330 3268.0
1192340 3264.6
1192350 3264.6
1192360 3264.2
1192370 3262.6
1192380 3262.6
1192390 3265.8
1192400 3279.0
1192410 3279.0
1192420 3296.1
1192430 3303.2
1192440 3303.2
1192450 3314.6
1192460 3322.0
1192470 3323.1
1192480 3323.1
1192490 3317.6
1192500 3312.3
1192510 3312.3
1192520 3314.6
1192530 3320.1
1192540 3320.1
1192550 3314.8
1192560 3315.1
1192570 3315.1
1192580 3314.4
1192590 3314.5
1192600 3314.5
1192610 3318.3
1192620 3322.7
1192630 3322.7
1192640 3328.5
1192650 3338.5
1192660 3351.0
1192670 3351.0
1192680 3359.6
1192690 3358.4
1192700 3358.4
1192710 3355.1
1192720 3355.3
1192730 3355.3
1192740 3345.4
1192750 3345.3
1192760 3345.3
1192770 3349.4
1192780 3354.8
1192790 3354.8
1192800 3363.1
1192810 3373.0
1192820 3373.0
1192830 3377.8
1192840 3388.3
1192850 3390.3
1192860 3390.3
1192870 3392.4
1192880 3401.4
1192890 3401.4
1192900 3422.2
1192910 3424.0
1192920 3424.0
1192930 3425.3
1192940 3427.7
1192950 3427.7
1192960 3429.8
1192970 3431.7
1192980 3431.7
1192990 3433.6
1193000 3435.0
1193010 3435.0
1193020 3436.2
1193030 3437.3
1193040 3438.1
1193050 3438.1
1193060 3438.7
1193070 3439.3
1193080 3439.3
1193090 3439.8
1193100 3440.3
1193110 3440.3
1193120 3440.8
1193130 3441.3
1193140 3441.3
1193150 3441.8
1193160 3442.1
1193170 3442.1
1193180 3441.4
1193190 3441.6
1193200 3441.6
1193210 3441.6
1193220 3441.4
1193230 3441.0
1193240 3441.0
1193250 3440.5
1193260 3439.8
1193270 3439.8
1193280 3439.1
1193290 3438.1
1193300 3438.1
1193310 3436.8
1193320 3435.4
1193330 3435.4
1193340 3434.0
1193350 3432.7
1193360 3432.7
1193370 3431.4
1193380 3430.0
1193390 3428.9
1193400 3428.9
1193410 3427.8
1193420 3426.8
1193430 3426.8
1193440 3425.9
1193450 3425.0
1193460 3425.0
1193470 3424.2
1193480 3423.4
1193490 3423.4
1193500 3422.6
1193510 3421.7
1193520 3421.7
1193530 3420.8
1193540 3419.7
1193550 3419.7
1193560 3418.4
1193570 3417.0
1193580 3415.5
1193590 3415.5
1193600 3413.9
1193610 3411.9
1193620 3411.9
1193630 3410.0
1193640 3407.9
1193650 3407.9
1193660 3405.8
1193670 3403.7
1193680 3403.7
1193690 3401.5
1193700 3399.3
1193710 3399.3
1193720 3397.0
1193730 3394.7
1193740 3394.7
1193750 3392.4
1193760 3390.1
1193770 3387.8
1193780 3387.8
1193790 3385.6
1193800 3383.4
1193810 3383.4
1193820 3381.2
1193830 3379.2
1193840 3379.2
1193850 3377.1
1193860 3374.8
1193870 3374.8
1193880 3372.5
1193890 3369.9
1193900 3369.9
1193910 3367.0
1193920 3364.2
1193930 3364.2
1193940 3361.5
1193950 3358.8
1193960 3356.1
1193970 3356.1
1193980 3353.2
1193990 3350.1
1194000 3350.1
1194010 3346.9
1194020 3343.8
1194030 3343.8
1194040 3343.3
1194050 3339.9
1194060 3339.9
1194070 3336.2
1194080 3332.5
1194090 3332.5
1194100 3328.9
1194110 3325.5
1194120 3325.5
1194130 3322.0
1194140 3318.8
1194150 3315.7
1194160 3315.7
1194170 3312.7
1194180 3309.7
1194190 3309.7
1194200 3306.7
1194210 3303.6
1194220 3303.6
1194230 3300.4
1194240 3297.1
1194250 3297.1
1194260 3293.8
1194270 3290.8
1194280 3290.8
1194290 3288.4
1194300 3286.4
1194310 3286.4
1194320 3285.0
1194330 3283.7
1194340 3281.2
1194350 3281.2
1194360 3280.9
1194370 3281.8
1194380 3281.8
1194390 3281.0
1194400 3279.7
1194410 3279.7
1194420 3278.8
1194430 3277.4
1194440 3277.4
1194450 3275.9
1194460 3274.1
1194470 3274.1
1194480 3275.7
1194490 3273.7
1194500 3271.3
1194510 3271.3
1194520 3268.7
1194530 3266.1
1194540 3266.1
1194550 3263.6
1194560 3261.2
1194570 3261.2
1194580 3259.1
1194590 3257.0
1194600 3257.0
1194610 3254.8
1194620 3252.7
1194630 3252.7
1194640 3250.7
1194650 3248.6
1194660 3248.6
1194670 3246.6
1194680 3244.8
1194690 3243.2
1194700 3243.2
1194710 3241.8
1194720 3240.8
1194730 3240.8
1194740 3240.1
1194750 3239.7
1194760 3239.7
1194770 3239.6
1194780 3239.7
1194790 3239.7
1194800 3240.1
1194810 3240.1
1194820 3240.1
1194830 3239.2
1194840 3237.5
1194850 3237.5
1194860 3235.3
1194870 3233.4
1194880 3231.9
1194890 3231.9
1194900 3231.2
1194910 3234.1
1194920 3234.1
1194930 3233.6
1194940 3232.9
1194950 3232.9
1194960 3231.7
1194970 3229.6
1194980 3229.6
1194990 3226.9
1195000 3223.9
1195010 3223.9
1195020 3220.1
1195030 3215.9
1195040 3215.9
1195050 3212.0
1195060 3208.4
1195070 3204.5
1195080 3204.5
1195090 3200.9
1195100 3197.7
1195110 3197.7
1195120 3195.0
1195130 3192.4
1195140 3192.4
1195150 3189.8
1195160 3187.2
1195170 3187.2
1195180 3184.6
1195190 3182.1
1195200 3182.1
1195210 3179.9
1195220 3178.0
1195230 3178.0
1195240 3176.3
1195250 3174.8
1195260 3173.6
1195270 3173.6
1195280 3172.6
1195290 3171.5
1195300 3171.5
1195310 3170.5
1195320 3169.4
1195330 3169.4
1195340 3168.4
1195350 3169.2
1195360 3169.2
1195370 3167.9
1195380 3166.7
1195390 3166.7
1195400 3165.1
1195410 3163.5
1195420 3163.5
1195430 3161.6
1195440 3159.5
1195450 3157.3
1195460 3157.3
1195470 3155.0
1195480 3152.6
1195490 3152.6
1195500 3150.2
1195510 3148.0
1195520 3148.0
1195530 3146.2
1195540 3144.8
1195550 3144.8
1195560 3143.9
1195570 3143.2
1195580 3143.2
1195590 3142.8
1195600 3142.4
1195610 3142.1
1195620 3142.1
1195630 3141.8
1195640 3141.4
1195650 3141.4
1195660 3141.0
1195670 3140.5
1195680 3140.5
1195690 3139.8
1195700 3139.1
1195710 3139.1
1195720 3138.0
1195730 3136.9
1195740 3136.9
1195750 3135.8
1195760 3134.5
1195770 3134.5
1195780 3133.2
1195790 3133.7
1195800 3132.4
1195810 3132.4
1195820 3131.1
1195830 3129.9
1195840 3129.9
1195850 3128.8
1195860 3127.7
1195870 3127.7
1195880 3126.7
1195890 3125.8
1195900 3125.8
1195910 3124.9
1195920 3124.1
1195930 3124.1
1195940 3123.3
1195950 3122.5
1195960 3122.5
1195970 3121.7
1195980 3120.9
1195990 3120.1
1196000 3120.1
1196010 3119.4
1196020 3118.7
1196030 3118.7
1196040 3118.1
1196050 3117.6
1196060 3117.6
1196070 3117.1
1196080 3116.9
1196090 3116.9
1196100 3116.9
1196110 3117.1
1196120 3117.1
1196130 3117.8
1196140 3118.7
1196150 3118.7
1196160 3119.6
1196170 3120.4
1196180 3121.0
1196190 3121.0
1196200 3120.9
1196210 3120.9
1196220 3120.9
1196230 3123.9
1196240 3123.4
1196250 3123.4
1196260 3122.8
1196270 3122.1
1196280 3122.1
1196290 3121.5
1196300 3120.8
1196310 3120.8
1196320 3120.0
1196330 3119.0
1196340 3119.0
1196350 3118.0
1196360 3117.0
1196370 3115.8
1196380 3115.8
1196390 3114.6
1196400 3113.4
1196410 3113.4
1196420 3112.1
1196430 3110.8
1196440 3110.8
1196450 3109.5
1196460 3108.5
1196470 3108.5
1196480 3107.7
1196490 3107.2
1196500 3107.2
1196510 3107.1
1196520 3107.1
1196530 3107.1
1196540 3106.8
1196550 3106.0
1196560 3104.7
1196570 3104.7
1196580 3104.3
1196590 3105.4
1196600 3105.4
1196610 3106.7
1196620 3107.8
1196630 3107.8
1196640 3108.7
1196650 3109.6
1196660 3111.7
1196670 3112.3
1196680 3112.7
1196690 3112.7
1196700 3112.9
1196710 3112.6
1196720 3112.0
1196730 3112.0
1196740 3110.4
1196750 3108.9
1196760 3108.9
1196770 3108.4
1196780 3107.6
1196790 3107.6
1196800 3106.3
1196810 3105.0
1196820 3105.0
1196830 3103.7
1196840 3101.9
1196850 3101.9
1196860 3099.9
1196870 3097.5
1196880 3097.5
1196890 3094.5
1196900 3091.9
1196910 3090.3
1196920 3090.3
1196930 3090.1
1196940 3090.7
1196950 3090.7
1196960 3090.1
1196970 3089.3
1196980 3089.3
1196990 3088.4
1197000 3087.2
1197010 3087.2
1197020 3085.9
1197030 3084.6
1197040 3084.6
1197050 3083.3
1197060 3082.1
1197070 3082.1
1197080 3081.0
1197090 3079.9
1197100 3080.6
1197110 3080.6
1197120 3079.5
1197130 3078.4
1197140 3078.4
1197150 3077.4
1197160 3076.3
1197170 3076.3
1197180 3075.1
1197190 3074.0
1197200 3074.0
1197210 3072.9
1197220 3071.8
1197230 3071.8
1197240 3070.8
1197250 3069.7
1197260 3069.7
1197270 3068.6
1197280 3067.5
1197290 3066.4
1197300 3066.4
1197310 3065.4
1197320 3064.5
1197330 3064.5
1197340 3063.7
1197350 3062.9
1197360 3062.9
1197370 3062.3
1197380 3061.9
1197390 3061.9
1197400 3061.8
1197410 3062.0
1197420 3062.0
1197430 3062.4
1197440 3063.0
1197450 3063.0
1197460 3063.6
1197470 3064.2
1197480 3064.9
1197490 3064.9
1197500 3065.8
1197510 3067.0
1197520 3067.0
1197530 3068.6
1197540 3074.1
1197550 3074.1
1197560 3078.1
1197570 3082.5
1197580 3082.5
1197590 3086.5
1197600 3089.6
1197610 3089.6
1197620 3091.9
1197630 3093.6
1197640 3093.6
1197650 3095.0
1197660 3096.0
1197670 3096.3
1197680 3096.3
1197690 3096.0
1197700 3095.2
1197710 3095.2
1197720 3093.8
1197730 3091.9
1197740 3091.9
1197750 3089.2
1197760 3085.8
1197770 3085.8
1197780 3085.8
1197790 3089.1
1197800 3089.1
1197810 3091.5
1197820 3093.0
1197830 3093.0
1197840 3094.4
1197850 3095.8
1197860 3097.0
1197870 3097.0
1197880 3098.2
1197890 3099.2
1197900 3099.2
1197910 3100.2
1197920 3101.0
1197930 3101.0
1197940 3101.8
1197950 3102.6
1197960 3102.6
1197970 3103.2
1197980 3105.4
1197990 3105.4
1198000 3105.7
1198010 3105.9
1198020 3105.9
1198030 3105.9
1198040 3105.9
1198050 3105.8
1198060 3105.8
1198070 3105.6
1198080 3105.4
1198090 3105.4
1198100 3105.1
1198110 3104.9
1198120 3104.9
1198130 3104.8
1198140 3104.9
1198150 3104.9
1198160 3105.2
1198170 3105.7
1198180 3105.7
1198190 3106.3
1198200 3107.1
1198210 3107.9
1198220 3107.9
1198230 3108.6
1198240 3109.4
1198250 3109.4
1198260 3110.2
1198270 3111.0
1198280 3111.0
1198290 3111.7
1198300 3112.5
1198310 3112.5
1198320 3113.5
1198330 3114.5
1198340 3114.5
1198350 3115.6
1198360 3116.8
1198370 3116.8
1198380 3118.0
1198390 3118.9
1198400 3119.7
1198410 3119.7
1198420 3121.5
1198430 3122.0
1198440 3122.0
1198450 3122.3
1198460 3122.6
1198470 3122.6
1198480 3122.9
1198490 3123.6
1198500 3123.6
1198510 3124.2
1198520 3125.0
1198530 3125.0
1198540 3125.9
1198550 3126.8
1198560 3126.8
1198570 3128.0
1198580 3129.2
1198590 3130.6
1198600 3130.6
1198610 3131.9
1198620 3133.0
1198630 3133.0
1198640 3134.1
1198650 3135.2
1198660 3135.2
1198670 3136.3
1198680 3137.4
1198690 3137.4
1198700 3138.4
1198710 3139.4
1198720 3139.4
1198730 3140.5
1198740 3141.7
1198750 3141.7
1198760 3142.9
1198770 3144.4
1198780 3145.9
1198790 3145.9
1198800 3147.4
1198810 3148.9
1198820 3148.9
1198830 3150.4
1198840 3151.9
1198850 3151.9
1198860 3153.3
1198870 3154.7
1198880 3154.7
1198890 3156.1
1198900 3157.5
1198910 3157.5
1198920 3158.8
1198930 3160.2
1198940 3160.2
1198950 3161.7
1198960 3163.0
1198970 3164.3
1198980 3164.3
1198990 3165.5
1199000 3166.7
1199010 3166.7
1199020 3167.9
1199030 3169.1
1199040 3169.1
1199050 3170.2
1199060 3171.2
1199070 3171.2
1199080 3172.2
1199090 3173.1
1199100 3173.1
1199110 3173.9
1199120 3174.8
1199130 3175.7
1199140 3175.7
1199150 3176.6
1199160 3177.4
1199170 3177.4
1199180 3178.3
1199190 3179.2
1199200 3179.2
1199210 3180.1
1199220 3181.0
1199230 3181.0
1199240 3181.7
1199250 3182.5
1199260 3182.5
1199270 3183.3
1199280 3184.1
1199290 3184.1
1199300 3184.9
1199310 3186.2
1199320 3187.1
1199330 3187.1
1199340 3187.9
1199350 3188.7
1199360 3188.7
1199370 3189.5
1199380 3190.2
1199390 3190.2
1199400 3191.0
1199410 3191.7
1199420 3191.7
1199430 3192.4
1199440 3193.2
1199450 3193.2
1199460 3193.9
1199470 3194.7
1199480 3194.7
1199490 3195.4
1199500 3196.2
1199510 3196.8
1199520 3196.8
1199530 3197.6
1199540 3198.2
1199550 3198.2
1199560 3198.9
1199570 3199.7
1199580 3199.7
1199590 3200.4
1199600 3201.1
1199610 3201.1
1199620 3201.8
1199630 3202.6
1199640 3202.6
1199650 3203.3
1199660 3203.9
1199670 3203.9
1199680 3204.6
1199690 3205.3
1199700 3206.0
1199710 3206.0
1199720 3206.7
1199730 3207.4
1199740 3207.4
1199750 3208.5
1199760 3209.2
1199770 3209.2
1199780 3209.9
1199790 3210.5
1199800 3210.5
1199810 3211.1
1199820 3211.8
1199830 3211.8
1199840 3212.4
1199850 3212.8
1199860 3212.8
1199870 3213.3
1199880 3213.7
1199890 3214.1
1199900 3214.1
1199910 3214.4
1199920 3214.6
1199930 3214.6
1199940 3214.7
1199950 3214.8
1199960 3214.8
1199970 3214.8
1199980 3214.8
1199990 3214.8
