1190770 2886.4
1190780 2886.4
1190790 2880.7
1190800 2879.7
1190810 2879.7
1190820 2881.6
1190830 2882.3
1190840 2882.3
1190850 2882.1
1190860 2882.0
1190870 2882.0
1190880 2880.6
1190890 2881.2
1190900 2882.7
1190910 2882.7
1190920 2883.9
1190930 2886.2
1190940 2886.2
1190950 2886.7
1190960 2885.7
1190970 2885.7
1190980 2887.0
1190990 2889.2
1191000 2889.2
1191010 2890.2
1191020 2891.1
1191030 2891.1
1191040 2893.8
1191050 2897.5
1191060 2897.5
1191070 2902.5
1191080 2908.1
1191090 2914.0
1191100 2914.0
1191110 2919.8
1191120 2926.0
1191130 2926.0
1191140 2932.2
1191150 2938.6
1191160 2938.6
1191170 2945.3
1191180 2952.3
1191190 2952.3
1191200 2959.6
1191210 2967.1
1191220 2967.1
1191230 2976.0
1191240 2984.8
1191250 2984.8
1191260 2992.1
1191270 2999.7
1191280 3006.2
1191290 3006.2
1191300 3014.5
1191310 3020.4
1191320 3020.4
1191330 3028.5
1191340 3036.2
1191350 3036.2
1191360 3043.6
1191370 3051.6
1191380 3051.6
1191390 3059.9
1191400 3068.3
1191410 3068.3
1191420 3075.9
1191430 3084.0
1191440 3084.0
1191450 3092.8
1191460 3101.7
1191470 3111.9
1191480 3111.9
1191490 3117.8
1191500 3122.9
1191510 3122.9
1191520 3127.9
1191530 3131.3
1191540 3131.3
1191550 3136.7
1191560 3144.1
1191570 3144.1
1191580 3151.7
1191590 3159.9
1191600 3159.9
1191610 3168.8
1191620 3177.1
1191630 3177.1
1191640 3186.7
1191650 3196.5
1191660 3203.8
1191670 3203.8
1191680 3209.6
1191690 3210.1
1191700 3210.1
1191710 3211.7
1191720 3215.8
1191730 3215.8
1191740 3218.1
1191750 3225.4
1191760 3225.4
1191770 3226.4
1191780 3223.1
1191790 3223.1
1191800 3219.5
1191810 3215.8
1191820 3212.5
1191830 3212.5
1191840 3209.7
1191850 3206.3
1191860 3206.3
1191870 3202.1
1191880 3199.0
1191890 3199.0
1191900 3197.0
1191910 3196.4
1191920 3196.4
1191930 3195.8
1191940 3195.8
1191950 3195.8
1191960 3197.2
1191970 3200.0
1191980 3200.0
1191990 3203.6
1192000 3207.3
1192010 3212.7
1192020 3212.7
1192030 3224.3
1192040 3232.9
1192050 3232.9
1192060 3242.4
1192070 3249.9
1192080 3249.9
1192090 3257.8
1192100 3259.5
1192110 3259.5
1192120 3255.0
1192130 3249.5
1192140 3249.5
1192150 3243.3
1192160 3237.4
1192170 3231.4
1192180 3227.7
1192190 3226.3
1192200 3225.0
1192210 3225.0
1192220 3224.0
1192230 3223.3
1192240 3223.3
1192250 3222.8
1192260 3222.5
1192270 3222.5
1192280 3222.6
1192290 3222.9
1192300 3222.9
1192310 3223.1
1192320 3223.7
1192330 3223.7
1192340 3224.6
1192350 3225.5
1192360 3225.5
1192370 3227.4
1192380 3230.2
1192390 3231.9
1192400 3231.9
1192410 3234.7
1192420 3238.1
1192430 3238.1
1192440 3243.8
1192450 3254.5
1192460 3254.5
1192470 3267.0
1192480 3280.1
1192490 3280.1
1192500 3285.2
1192510 3288.4
1192520 3288.4
1192530 3290.5
1192540 3295.0
1192550 3295.0
1192560 3301.9
1192570 3309.7
1192580 3317.5
1192590 3317.5
1192600 3325.6
1192610 3337.0
1192620 3337.0
1192630 3347.4
1192640 3357.6
1192650 3357.6
1192660 3366.0
1192670 3370.1
1192680 3370.1
1192690 3373.3
1192700 3377.6
1192710 3377.6
1192720 3382.5
1192730 3389.3
1192740 3389.3
1192750 3397.9
1192760 3406.6
1192770 3415.5
1192780 3415.5
1192790 3427.6
1192800 3440.5
1192810 3440.5
1192820 3451.5
1192830 3461.4
1192840 3461.4
1192850 3471.4
1192860 3484.8
1192870 3484.8
1192880 3492.5
1192890 3494.4
1192900 3494.4
1192910 3495.1
1192920 3496.0
1192930 3496.0
1192940 3497.2
1192950 3498.2
1192960 3499.1
1192970 3499.1
1192980 3499.7
1192990 3500.2
1193000 3500.2
1193010 3500.6
1193020 3500.8
1193030 3500.8
1193040 3500.6
1193050 3500.5
1193060 3500.5
1193070 3500.2
1193080 3499.7
1193090 3499.7
1193100 3499.0
1193110 3498.1
1193120 3498.1
1193130 3496.9
1193140 3495.3
1193150 3493.6
1193160 3493.6
1193170 3491.6
1193180 3489.4
1193190 3489.4
1193200 3486.7
1193210 3483.7
1193220 3483.7
1193230 3480.6
1193240 3477.4
1193250 3477.4
1193260 3474.4
1193270 3471.9
1193280 3471.9
1193290 3471.1
1193300 3471.0
1193310 3469.5
1193320 3469.5
1193330 3466.5
1193340 3462.4
1193350 3462.4
1193360 3459.1
1193370 3452.6
1193380 3452.6
1193390 3440.0
1193400 3428.6
1193410 3428.6
1193420 3421.6
1193430 3414.9
1193440 3414.9
1193450 3407.8
1193460 3403.2
1193470 3403.7
1193480 3401.1
1193490 3398.5
1193500 3396.0
1193510 3396.0
1193520 3393.7
1193530 3391.2
1193540 3391.2
1193550 3387.2
1193560 3384.6
1193570 3384.6
1193580 3382.6
1193590 3379.2
1193600 3379.2
1193610 3375.4
1193620 3371.3
1193630 3371.3
1193640 3367.8
1193650 3364.5
1193660 3364.5
1193670 3361.3
1193680 3358.3
1193690 3355.1
1193700 3355.1
1193710 3351.9
1193720 3348.7
1193730 3348.7
1193740 3345.3
1193750 3341.6
1193760 3341.6
1193770 3337.8
1193780 3333.8
1193790 3333.8
1193800 3329.7
1193810 3325.6
1193820 3325.6
1193830 3321.4
1193840 3317.3
1193850 3317.3
1193860 3313.3
1193870 3309.4
1193880 3305.4
1193890 3305.4
1193900 3301.4
1193910 3299.3
1193920 3299.3
1193930 3295.2
1193940 3291.2
1193950 3291.2
1193960 3287.5
1193970 3284.1
1193980 3284.1
1193990 3281.1
1194000 3278.3
1194010 3278.3
1194020 3275.7
1194030 3273.3
1194040 3273.3
1194050 3271.1
1194060 3268.9
1194070 3266.7
1194080 3266.7
1194090 3264.6
1194100 3262.4
1194110 3262.4
1194120 3260.3
1194130 3258.2
1194140 3258.2
1194150 3256.0
1194160 3253.8
1194170 3253.8
1194180 3251.6
1194190 3249.3
1194200 3249.3
1194210 3246.9
1194220 3244.6
1194230 3244.6
1194240 3242.2
1194250 3239.9
1194260 3237.5
1194270 3237.5
1194280 3235.1
1194290 3232.8
1194300 3232.8
1194310 3230.5
1194320 3228.3
1194330 3228.3
1194340 3225.2
1194350 3223.1
1194360 3223.1
1194370 3221.2
1194380 3219.3
1194390 3219.3
1194400 3217.4
1194410 3215.5
1194420 3215.5
1194430 3213.6
1194440 3211.6
1194450 3209.5
1194460 3209.5
1194470 3207.5
1194480 3205.4
1194490 3205.4
1194500 3203.4
1194510 3201.2
1194520 3201.2
1194530 3199.1
1194540 3197.0
1194550 3197.0
1194560 3195.0
1194570 3193.1
1194580 3193.1
1194590 3191.3
1194600 3189.6
1194610 3188.0
1194620 3188.0
1194630 3186.6
1194640 3185.4
1194650 3185.4
1194660 3184.4
1194670 3183.6
1194680 3183.6
1194690 3182.9
1194700 3182.3
1194710 3182.3
1194720 3182.0
1194730 3181.6
1194740 3181.6
1194750 3181.3
1194760 3181.1
1194770 3181.1
1194780 3181.5
1194790 3181.2
1194800 3180.8
1194810 3180.8
1194820 3180.4
1194830 3180.0
1194840 3180.0
1194850 3179.5
1194860 3179.0
1194870 3179.0
1194880 3178.4
1194890 3177.8
1194900 3177.8
1194910 3177.2
1194920 3176.5
1194930 3176.5
1194940 3175.8
1194950 3174.8
1194960 3174.8
1194970 3174.1
1194980 3171.7
1194990 3172.5
1195000 3172.5
1195010 3171.8
1195020 3170.8
1195030 3170.8
1195040 3169.9
1195050 3169.1
1195060 3169.1
1195070 3168.0
1195080 3167.0
1195090 3167.0
1195100 3165.8
1195110 3164.5
1195120 3164.5
1195130 3163.1
1195140 3161.5
1195150 3161.5
1195160 3160.0
1195170 3158.6
1195180 3157.2
1195190 3157.2
1195200 3155.7
1195210 3154.1
1195220 3154.1
1195230 3152.3
1195240 3150.5
1195250 3150.5
1195260 3149.0
1195270 3147.2
1195280 3147.2
1195290 3145.3
1195300 3143.4
1195310 3143.4
1195320 3141.8
1195330 3140.5
1195340 3140.5
1195350 3138.8
1195360 3136.8
1195370 3135.2
1195380 3135.2
1195390 3133.3
1195400 3130.9
1195410 3130.9
1195420 3128.1
1195430 3126.5
1195440 3126.5
1195450 3123.7
1195460 3122.3
1195470 3122.3
1195480 3122.0
1195490 3121.8
1195500 3121.8
1195510 3119.9
1195520 3117.4
1195530 3117.4
1195540 3114.7
1195550 3112.3
1195560 3110.9
1195570 3110.9
1195580 3110.5
1195590 3109.1
1195600 3109.1
1195610 3107.4
1195620 3105.7
1195630 3105.7
1195640 3104.3
1195650 3102.6
1195660 3102.6
1195670 3101.5
1195680 3100.5
1195690 3100.5
1195700 3099.6
1195710 3098.8
1195720 3098.8
1195730 3097.9
1195740 3097.1
1195750 3096.3
1195760 3096.3
1195770 3095.5
1195780 3094.8
1195790 3094.8
1195800 3093.8
1195810 3092.4
1195820 3092.4
1195830 3092.0
1195840 3092.0
1195850 3092.0
1195860 3090.1
1195870 3084.4
1195880 3084.4
1195890 3083.6
1195900 3085.5
1195910 3084.6
1195920 3084.6
1195930 3083.8
1195940 3083.8
1195950 3083.8
1195960 3082.3
1195970 3081.5
1195980 3081.5
1195990 3079.3
1196000 3077.3
1196010 3077.3
1196020 3075.4
1196030 3071.5
1196040 3071.5
1196050 3071.3
1196060 3071.6
1196070 3071.6
1196080 3071.2
1196090 3072.2
1196100 3072.1
1196110 3072.1
1196120 3071.2
1196130 3070.0
1196140 3070.0
1196150 3068.8
1196160 3067.7
1196170 3067.7
1196180 3066.0
1196190 3065.3
1196200 3065.3
1196210 3063.9
1196220 3062.2
1196230 3062.2
1196240 3060.3
1196250 3058.4
1196260 3058.4
1196270 3056.6
1196280 3055.3
1196290 3053.6
1196300 3053.6
1196310 3051.4
1196320 3048.9
1196330 3048.9
1196340 3046.4
1196350 3043.8
1196360 3043.8
1196370 3041.2
1196380 3038.8
1196390 3038.8
1196400 3036.6
1196410 3034.6
1196420 3034.6
1196430 3032.7
1196440 3031.0
1196450 3031.0
1196460 3029.1
1196470 3027.5
1196480 3026.1
1196490 3026.1
1196500 3024.8
1196510 3023.7
1196520 3024.7
1196530 3023.7
1196540 3022.9
1196550 3022.9
1196560 3022.3
1196570 3021.7
1196580 3021.7
1196590 3021.2
1196600 3020.8
1196610 3020.8
1196620 3020.5
1196630 3020.3
1196640 3020.3
1196650 3020.1
1196660 3019.9
1196670 3019.6
1196680 3019.6
1196690 3019.4
1196700 3019.2
1196710 3019.2
1196720 3019.1
1196730 3018.9
1196740 3018.9
1196750 3018.8
1196760 3018.7
1196770 3018.7
1196780 3018.6
1196790 3018.7
1196800 3018.7
1196810 3018.9
1196820 3019.0
1196830 3019.0
1196840 3019.2
1196850 3019.3
1196860 3019.5
1196870 3019.5
1196880 3019.9
1196890 3020.3
1196900 3020.3
1196910 3020.8
1196920 3021.3
1196930 3021.3
1196940 3021.7
1196950 3022.1
1196960 3023.0
1196970 3023.7
1196980 3024.5
1196990 3024.5
1197000 3025.3
1197010 3026.3
1197020 3026.3
1197030 3027.3
1197040 3028.4
1197050 3029.5
1197060 3029.5
1197070 3030.5
1197080 3031.5
1197090 3031.5
1197100 3032.6
1197110 3033.6
1197120 3033.6
1197130 3034.5
1197140 3035.4
1197150 3035.4
1197160 3036.1
1197170 3036.7
1197180 3036.7
1197190 3037.3
1197200 3037.8
1197210 3038.3
1197220 3038.3
1197230 3038.7
1197240 3039.1
1197250 3039.1
1197260 3039.5
1197270 3039.8
1197280 3039.8
1197290 3040.0
1197300 3040.2
1197310 3040.2
1197320 3040.5
1197330 3040.6
1197340 3040.6
1197350 3040.8
1197360 3041.0
1197370 3041.0
1197380 3041.1
1197390 3041.5
1197400 3042.4
1197410 3042.4
1197420 3042.7
1197430 3042.9
1197440 3042.9
1197450 3043.1
1197460 3043.2
1197470 3043.2
1197480 3043.3
1197490 3043.4
1197500 3043.4
1197510 3043.5
1197520 3043.3
1197530 3043.3
1197540 3043.1
1197550 3042.8
1197560 3042.8
1197570 3042.5
1197580 3042.3
1197590 3042.1
1197600 3042.1
1197610 3042.0
1197620 3041.8
1197630 3041.8
1197640 3041.4
1197650 3041.1
1197660 3041.1
1197670 3040.8
1197680 3040.4
1197690 3040.4
1197700 3040.2
1197710 3040.3
1197720 3040.3
1197730 3040.7
1197740 3041.3
1197750 3041.3
1197760 3042.2
1197770 3043.2
1197780 3044.4
1197790 3044.4
1197800 3045.7
1197810 3046.6
1197820 3046.6
1197830 3048.4
1197840 3051.0
1197850 3051.0
1197860 3052.3
1197870 3052.2
1197880 3052.2
1197890 3050.0
1197900 3052.9
1197910 3052.9
1197920 3056.2
1197930 3055.8
1197940 3055.8
1197950 3053.9
1197960 3051.6
1197970 3054.4
1197980 3054.4
1197990 3058.4
1198000 3060.5
1198010 3060.5
1198020 3060.6
1198030 3061.0
1198040 3061.0
1198050 3062.3
1198060 3064.5
1198070 3064.5
1198080 3064.8
1198090 3064.2
1198100 3064.2
1198110 3063.7
1198120 3063.3
1198130 3063.3
1198140 3064.5
1198150 3064.2
1198160 3063.4
1198170 3063.4
1198180 3062.6
1198190 3060.6
1198200 3060.6
1198210 3061.1
1198220 3059.3
1198230 3059.3
1198240 3056.4
1198250 3053.8
1198260 3053.8
1198270 3051.3
1198280 3051.6
1198290 3051.6
1198300 3050.1
1198310 3049.7
1198320 3049.7
1198330 3049.1
1198340 3048.2
1198350 3047.0
1198360 3047.0
1198370 3046.1
1198380 3045.1
1198390 3045.1
1198400 3044.1
1198410 3042.9
1198420 3042.9
1198430 3041.6
1198440 3040.6
1198450 3040.6
1198460 3039.7
1198470 3038.8
1198480 3038.8
1198490 3037.8
1198500 3036.7
1198510 3035.8
1198520 3035.8
1198530 3035.0
1198540 3034.2
1198550 3034.2
1198560 3034.0
1198570 3034.0
1198580 3034.0
1198590 3034.5
1198600 3035.3
1198610 3035.3
1198620 3036.2
1198630 3037.6
1198640 3037.6
1198650 3039.9
1198660 3041.8
1198670 3041.8
1198680 3043.1
1198690 3044.5
1198700 3047.9
1198710 3047.9
1198720 3052.9
1198730 3057.5
1198740 3057.5
1198750 3063.9
1198760 3070.7
1198770 3070.7
1198780 3077.4
1198790 3083.9
1198800 3083.9
1198810 3090.9
1198820 3099.5
1198830 3099.5
1198840 3108.8
1198850 3117.3
1198860 3117.3
1198870 3127.0
1198880 3141.3
1198890 3155.6
1198900 3155.6
1198910 3160.3
1198920 3163.9
1198930 3163.9
1198940 3170.1
1198950 3177.0
1198960 3177.0
1198970 3183.8
1198980 3189.9
1198990 3189.9
1199000 3195.8
1199010 3200.8
1199020 3200.8
1199030 3205.7
1199040 3210.3
1199050 3210.3
1199060 3214.2
1199070 3218.0
1199080 3221.9
1199090 3221.9
1199100 3225.8
1199110 3229.5
1199120 3229.5
1199130 3232.8
1199140 3235.7
1199150 3235.7
1199160 3238.5
1199170 3245.4
1199180 3245.4
1199190 3249.1
1199200 3253.1
1199210 3253.1
1199220 3257.2
1199230 3260.9
1199240 3260.9
1199250 3264.5
1199260 3269.4
1199270 3276.2
1199280 3276.2
1199290 3283.3
1199300 3290.0
1199310 3290.0
1199320 3297.1
1199330 3304.3
1199340 3304.3
1199350 3311.2
1199360 3319.4
1199370 3319.4
1199380 3328.8
1199390 3339.2
1199400 3339.2
1199410 3347.6
1199420 3356.7
1199430 3356.7
1199440 3360.1
1199450 3357.8
1199460 3356.5
1199470 3356.5
1199480 3357.0
1199490 3358.3
1199500 3358.3
1199510 3359.7
1199520 3361.1
1199530 3361.1
1199540 3362.8
1199550 3364.6
1199560 3364.6
1199570 3366.5
1199580 3368.7
1199590 3368.7
1199600 3370.7
1199610 3367.1
1199620 3367.1
1199630 3368.3
1199640 3368.5
1199650 3367.0
1199660 3367.0
1199670 3364.2
1199680 3360.7
1199690 3360.7
1199700 3356.9
1199710 3353.1
1199720 3353.1
1199730 3348.6
1199740 3337.1
1199750 3337.1
1199760 3317.6
1199770 3302.0
1199780 3302.0
1199790 3293.4
1199800 3286.3
1199810 3280.4
1199820 3280.4
1199830 3275.1
1199840 3270.2
1199850 3270.2
1199860 3265.3
1199870 3260.6
1199880 3260.6
1199890 3256.2
1199900 3252.0
1199910 3252.0
1199920 3248.3
1199930 3245.0
1199940 3245.0
1199950 3242.2
1199960 3239.9
1199970 3239.9
1199980 3238.1
1199990 3236.6
