1191090 2867.1
1191100 2867.1
1191110 2874.7
1191120 2884.1
1191130 2884.1
1191140 2897.2
1191150 2914.6
1191160 2932.0
1191170 2932.0
1191180 2941.3
1191190 2954.7
1191200 2954.7
1191210 2982.1
1191220 2995.3
1191230 2995.3
1191240 3004.4
1191250 3008.6
1191260 3008.6
1191270 3012.0
1191280 3015.7
1191290 3015.7
1191300 3018.6
1191310 3019.5
1191320 3019.5
1191330 3018.3
1191340 3017.0
1191350 3015.5
1191360 3015.5
1191370 3014.9
1191380 3015.9
1191390 3015.9
1191400 3017.4
1191410 3018.9
1191420 3018.9
1191430 3019.4
1191440 3019.2
1191450 3019.2
1191460 3019.9
1191470 3021.1
1191480 3021.1
1191490 3022.0
1191500 3022.6
1191510 3022.6
1191520 3022.4
1191530 3022.8
1191540 3025.2
1191550 3025.2
1191560 3027.4
1191570 3031.5
1191580 3031.5
1191590 3036.2
1191600 3040.7
1191610 3040.7
1191620 3047.8
1191630 3059.9
1191640 3059.9
1191650 3063.2
1191660 3067.1
1191670 3067.1
1191680 3075.0
1191690 3080.1
1191700 3080.1
1191710 3078.6
1191720 3077.0
1191730 3076.3
1191740 3076.3
1191750 3078.1
1191760 3080.7
1191770 3080.7
1191780 3083.4
1191790 3086.0
1191800 3086.0
1191810 3088.2
1191820 3090.3
1191830 3090.3
1191840 3092.2
1191850 3093.9
1191860 3093.9
1191870 3095.5
1191880 3097.1
1191890 3099.0
1191900 3099.0
1191910 3101.3
1191920 3104.2
1191930 3104.2
1191940 3107.4
1191950 3110.9
1191960 3110.9
1191970 3114.6
1191980 3118.5
1191990 3118.5
1192000 3122.4
1192010 3126.2
1192020 3126.2
1192030 3129.9
1192040 3133.2
1192050 3133.2
1192060 3136.5
1192070 3139.7
1192080 3142.7
1192090 3141.2
1192100 3144.0
1192110 3146.8
1192120 3146.8
1192130 3149.4
1192140 3152.0
1192150 3152.0
1192160 3154.5
1192170 3156.9
1192180 3156.9
1192190 3159.2
1192200 3161.6
1192210 3161.6
1192220 3164.0
1192230 3166.4
1192240 3166.4
1192250 3168.9
1192260 3171.5
1192270 3174.3
1192280 3174.3
1192290 3177.1
1192300 3179.9
1192310 3179.9
1192320 3182.6
1192330 3185.5
1192340 3185.5
1192350 3188.4
1192360 3191.5
1192370 3191.5
1192380 3194.6
1192390 3197.9
1192400 3197.9
1192410 3201.3
1192420 3204.7
1192430 3204.7
1192440 3208.2
1192450 3211.9
1192460 3215.8
1192470 3215.8
1192480 3219.9
1192490 3224.5
1192500 3224.5
1192510 3229.9
1192520 3235.3
1192530 3235.3
1192540 3242.6
1192550 3251.5
1192560 3251.5
1192570 3262.7
1192580 3271.7
1192590 3271.7
1192600 3285.0
1192610 3298.4
1192620 3298.4
1192630 3307.3
1192640 3315.3
1192650 3324.0
1192660 3324.0
1192670 3330.4
1192680 3339.5
1192690 3339.5
1192700 3350.6
1192710 3362.5
1192720 3362.5
1192730 3374.6
1192740 3386.0
1192750 3386.0
1192760 3394.2
1192770 3402.2
1192780 3402.2
1192790 3410.5
1192800 3419.4
1192810 3419.4
1192820 3430.3
1192830 3445.8
1192840 3453.4
1192850 3453.4
1192860 3460.0
1192870 3464.2
1192880 3464.2
1192890 3467.2
1192900 3469.4
1192910 3469.4
1192920 3470.9
1192930 3471.7
1192940 3471.7
1192950 3472.0
1192960 3471.9
1192970 3471.9
1192980 3471.4
1192990 3470.8
1193000 3469.9
1193010 3469.9
1193020 3468.7
1193030 3467.3
1193040 3467.3
1193050 3465.9
1193060 3464.3
1193070 3464.3
1193080 3462.7
1193090 3460.9
1193100 3460.9
1193110 3459.0
1193120 3457.0
1193130 3457.0
1193140 3455.0
1193150 3453.0
1193160 3453.0
1193170 3451.2
1193180 3449.4
1193190 3447.6
1193200 3447.6
1193210 3446.0
1193220 3444.4
1193230 3444.4
1193240 3443.0
1193250 3441.6
1193260 3441.6
1193270 3440.2
1193280 3438.7
1193290 3438.7
1193300 3437.3
1193310 3435.8
1193320 3435.8
1193330 3434.2
1193340 3432.6
1193350 3432.6
1193360 3430.9
1193370 3429.1
1193380 3427.6
1193390 3427.6
1193400 3425.7
1193410 3423.8
1193420 3423.8
1193430 3421.9
1193440 3419.9
1193450 3419.9
1193460 3417.9
1193470 3415.7
1193480 3415.7
1193490 3413.4
1193500 3411.2
1193510 3411.2
1193520 3409.0
1193530 3406.6
1193540 3406.6
1193550 3404.1
1193560 3401.6
1193570 3398.9
1193580 3398.9
1193590 3396.2
1193600 3393.5
1193610 3393.5
1193620 3390.7
1193630 3388.0
1193640 3388.0
1193650 3385.3
1193660 3382.5
1193670 3382.5
1193680 3379.9
1193690 3377.3
1193700 3377.3
1193710 3374.8
1193720 3372.4
1193730 3372.4
1193740 3370.1
1193750 3367.7
1193760 3365.4
1193770 3365.4
1193780 3362.4
1193790 3358.9
1193800 3358.9
1193810 3357.4
1193820 3355.3
1193830 3355.3
1193840 3350.3
1193850 3350.0
1193860 3350.0
1193870 3344.9
1193880 3341.2
1193890 3341.2
1193900 3340.0
1193910 3338.8
1193920 3338.8
1193930 3335.7
1193940 3331.4
1193950 3327.1
1193960 3327.1
1193970 3322.3
1193980 3317.5
1193990 3317.5
1194000 3312.7
1194010 3307.8
1194020 3307.8
1194030 3303.3
1194040 3299.2
1194050 3299.2
1194060 3295.3
1194070 3291.3
1194080 3291.3
1194090 3287.4
1194100 3283.8
1194110 3283.8
1194120 3280.6
1194130 3277.5
1194140 3274.2
1194150 3274.2
1194160 3270.7
1194170 3267.1
1194180 3267.1
1194190 3263.4
1194200 3259.5
1194210 3259.5
1194220 3255.5
1194230 3251.2
1194240 3251.2
1194250 3249.6
1194260 3245.2
1194270 3245.2
1194280 3240.9
1194290 3236.8
1194300 3233.0
1194310 3233.0
1194320 3229.4
1194330 3226.0
1194340 3226.0
1194350 3222.9
1194360 3220.0
1194370 3220.0
1194380 3217.4
1194390 3214.9
1194400 3214.9
1194410 3212.7
1194420 3210.8
1194430 3210.8
1194440 3209.3
1194450 3208.0
1194460 3208.0
1194470 3206.8
1194480 3205.8
1194490 3204.9
1194500 3204.9
1194510 3203.9
1194520 3203.0
1194530 3203.0
1194540 3202.2
1194550 3201.2
1194560 3201.2
1194570 3200.3
1194580 3199.3
1194590 3199.3
1194600 3198.3
1194610 3197.3
1194620 3197.3
1194630 3196.2
1194640 3195.3
1194650 3195.3
1194660 3194.6
1194670 3193.9
1194680 3193.4
1194690 3194.5
1194700 3194.0
1194710 3193.5
1194720 3193.5
1194730 3192.9
1194740 3192.5
1194750 3192.5
1194760 3192.0
1194770 3191.6
1194780 3191.6
1194790 3191.2
1194800 3190.8
1194810 3190.8
1194820 3190.5
1194830 3190.2
1194840 3190.2
1194850 3189.7
1194860 3189.4
1194870 3189.3
1194880 3189.3
1194890 3188.9
1194900 3188.6
1194910 3188.6
1194920 3188.1
1194930 3187.5
1194940 3187.5
1194950 3187.0
1194960 3186.3
1194970 3186.3
1194980 3185.6
1194990 3184.7
1195000 3184.7
1195010 3183.9
1195020 3182.8
1195030 3182.8
1195040 3181.4
1195050 3179.7
1195060 3177.7
1195070 3177.7
1195080 3175.4
1195090 3172.7
1195100 3172.7
1195110 3169.7
1195120 3166.7
1195130 3166.7
1195140 3163.0
1195150 3159.2
1195160 3159.2
1195170 3155.4
1195180 3151.6
1195190 3151.6
1195200 3148.0
1195210 3144.3
1195220 3144.3
1195230 3140.8
1195240 3137.7
1195250 3134.9
1195260 3134.9
1195270 3132.4
1195280 3130.4
1195290 3130.4
1195300 3128.6
1195310 3126.8
1195320 3126.8
1195330 3125.1
1195340 3123.6
1195350 3123.6
1195360 3122.2
1195370 3121.0
1195380 3121.0
1195390 3119.8
1195400 3118.7
1195410 3118.7
1195420 3117.7
1195430 3116.7
1195440 3115.8
1195450 3115.8
1195460 3115.0
1195470 3114.2
1195480 3114.2
1195490 3113.6
1195500 3113.1
1195510 3113.1
1195520 3112.5
1195530 3111.9
1195540 3111.9
1195550 3111.2
1195560 3110.7
1195570 3110.7
1195580 3110.0
1195590 3109.2
1195600 3108.5
1195610 3108.5
1195620 3107.8
1195630 3107.1
1195640 3107.1
1195650 3106.4
1195660 3105.8
1195670 3105.8
1195680 3105.2
1195690 3104.6
1195700 3104.6
1195710 3104.0
1195720 3103.6
1195730 3103.6
1195740 3103.2
1195750 3102.8
1195760 3102.8
1195770 3102.4
1195780 3101.8
1195790 3101.2
1195800 3101.2
1195810 3100.4
1195820 3099.4
1195830 3099.4
1195840 3098.5
1195850 3097.5
1195860 3097.5
1195870 3096.4
1195880 3095.3
1195890 3095.3
1195900 3094.2
1195910 3093.1
1195920 3093.1
1195930 3092.0
1195940 3091.0
1195950 3091.0
1195960 3090.0
1195970 3089.1
1195980 3088.2
1195990 3088.2
1196000 3088.1
1196010 3087.1
1196020 3087.1
1196030 3086.1
1196040 3085.1
1196050 3085.1
1196060 3084.2
1196070 3083.3
1196080 3083.3
1196090 3082.4
1196100 3081.6
1196110 3081.6
1196120 3080.8
1196130 3079.9
1196140 3079.9
1196150 3079.2
1196160 3078.5
1196170 3077.7
1196180 3077.7
1196190 3077.0
1196200 3076.2
1196210 3076.2
1196220 3075.4
1196230 3074.5
1196240 3074.5
1196250 3073.7
1196260 3072.7
1196270 3072.7
1196280 3071.6
1196290 3070.2
1196300 3070.2
1196310 3068.8
1196320 3067.7
1196330 3067.7
1196340 3066.2
1196350 3064.9
1196360 3062.9
1196370 3062.9
1196380 3061.3
1196390 3059.6
1196400 3059.6
1196410 3058.3
1196420 3056.8
1196430 3057.4
1196440 3056.1
1196450 3055.1
1196460 3055.1
1196470 3054.5
1196480 3054.0
1196490 3054.0
1196500 3053.7
1196510 3053.4
1196520 3053.4
1196530 3053.1
1196540 3052.9
1196550 3052.8
1196560 3052.8
1196570 3052.7
1196580 3052.6
1196590 3052.6
1196600 3052.8
1196610 3053.0
1196620 3053.0
1196630 3053.3
1196640 3053.6
1196650 3053.6
1196660 3053.9
1196670 3054.1
1196680 3054.1
1196690 3054.3
1196700 3054.3
1196710 3054.3
1196720 3054.0
1196730 3053.4
1196740 3052.6
1196750 3052.6
1196760 3051.8
1196770 3051.3
1196780 3051.3
1196790 3051.2
1196800 3051.4
1196810 3051.4
1196820 3051.9
1196830 3052.7
1196840 3052.7
1196850 3053.6
1196860 3054.5
1196870 3057.0
1196880 3057.7
1196890 3058.5
1196900 3059.2
1196910 3059.2
1196920 3059.8
1196930 3060.2
1196940 3060.2
1196950 3060.5
1196960 3060.7
1196970 3060.7
1196980 3061.0
1196990 3061.2
1197000 3061.2
1197010 3061.3
1197020 3061.3
1197030 3061.3
1197040 3061.3
1197050 3061.3
1197060 3061.3
1197070 3061.2
1197080 3061.1
1197090 3060.8
1197100 3060.8
1197110 3060.6
1197120 3060.2
1197130 3060.2
1197140 3059.9
1197150 3059.5
1197160 3059.5
1197170 3059.1
1197180 3058.7
1197190 3058.7
1197200 3058.2
1197210 3057.8
1197220 3057.8
1197230 3057.3
1197240 3056.8
1197250 3056.8
1197260 3056.2
1197270 3055.6
1197280 3055.2
1197290 3055.2
1197300 3054.8
1197310 3054.4
1197320 3054.4
1197330 3053.9
1197340 3053.5
1197350 3053.5
1197360 3053.0
1197370 3052.5
1197380 3052.5
1197390 3052.1
1197400 3051.5
1197410 3051.5
1197420 3051.1
1197430 3050.8
1197440 3050.8
1197450 3050.6
1197460 3050.4
1197470 3050.2
1197480 3050.2
1197490 3050.0
1197500 3049.8
1197510 3049.8
1197520 3049.4
1197530 3049.0
1197540 3049.0
1197550 3048.7
1197560 3048.3
1197570 3048.3
1197580 3048.1
1197590 3048.3
1197600 3048.3
1197610 3048.9
1197620 3049.7
1197630 3049.7
1197640 3050.3
1197650 3050.7
1197660 3050.9
1197670 3050.9
1197680 3051.0
1197690 3050.9
1197700 3050.9
1197710 3050.7
1197720 3051.1
1197730 3051.1
1197740 3052.2
1197750 3054.6
1197760 3054.6
1197770 3056.7
1197780 3058.9
1197790 3058.9
1197800 3061.3
1197810 3063.6
1197820 3063.6
1197830 3065.9
1197840 3068.0
1197850 3070.0
1197860 3070.0
1197870 3071.8
1197880 3073.5
1197890 3073.5
1197900 3075.2
1197910 3077.0
1197920 3077.0
1197930 3078.1
1197940 3078.2
1197950 3078.2
1197960 3081.1
1197970 3081.8
1197980 3081.8
1197990 3083.3
1198000 3084.3
1198010 3084.7
1198020 3084.7
1198030 3084.7
1198040 3084.4
1198050 3084.4
1198060 3084.5
1198070 3084.4
1198080 3084.4
1198090 3084.5
1198100 3084.5
1198110 3084.5
1198120 3084.6
1198130 3084.6
1198140 3084.6
1198150 3084.4
1198160 3084.2
1198170 3084.2
1198180 3083.6
1198190 3083.2
1198200 3081.4
1198210 3081.4
1198220 3080.0
1198230 3079.7
1198240 3079.7
1198250 3080.5
1198260 3081.5
1198270 3081.5
1198280 3082.6
1198290 3083.6
1198300 3083.6
1198310 3084.3
1198320 3084.9
1198330 3084.9
1198340 3085.4
1198350 3086.3
1198360 3086.3
1198370 3088.0
1198380 3090.1
1198390 3092.2
1198400 3092.2
1198410 3093.8
1198420 3095.5
1198430 3095.5
1198440 3097.1
1198450 3098.7
1198460 3098.7
1198470 3100.1
1198480 3101.4
1198490 3101.4
1198500 3102.8
1198510 3104.4
1198520 3104.4
1198530 3105.7
1198540 3107.2
1198550 3107.2
1198560 3108.8
1198570 3109.4
1198580 3109.7
1198590 3109.7
1198600 3109.4
1198610 3108.8
1198620 3108.8
1198630 3113.8
1198640 3115.0
1198650 3115.0
1198660 3115.5
1198670 3115.0
1198680 3115.0
1198690 3116.5
1198700 3117.9
1198710 3117.9
1198720 3117.8
1198730 3118.4
1198740 3118.4
1198750 3119.0
1198760 3119.6
1198770 3121.4
1198780 3121.4
1198790 3125.0
1198800 3130.1
1198810 3130.1
1198820 3135.9
1198830 3141.8
1198840 3141.8
1198850 3147.0
1198860 3152.8
1198870 3152.8
1198880 3158.7
1198890 3164.6
1198900 3164.6
1198910 3170.8
1198920 3178.0
1198930 3178.0
1198940 3186.5
1198950 3195.0
1198960 3202.6
1198970 3202.6
1198980 3205.1
1198990 3203.5
1199000 3203.5
1199010 3202.9
1199020 3202.2
1199030 3202.2
1199040 3202.4
1199050 3201.8
1199060 3201.8
1199070 3200.4
1199080 3194.2
1199090 3194.2
1199100 3193.4
1199110 3191.1
1199120 3191.1
1199130 3188.4
1199140 3186.9
1199150 3188.1
1199160 3188.1
1199170 3191.3
1199180 3194.4
1199190 3194.4
1199200 3196.9
1199210 3200.9
1199220 3200.9
1199230 3205.1
1199240 3207.7
1199250 3207.7
1199260 3209.9
1199270 3212.7
1199280 3212.7
1199290 3215.4
1199300 3215.7
1199310 3215.1
1199320 3215.1
1199330 3216.9
1199340 3219.7
1199350 3219.7
1199360 3220.4
1199370 3221.3
1199380 3221.3
1199390 3223.7
1199400 3225.6
1199410 3225.6
1199420 3226.3
1199430 3225.4
1199440 3225.4
1199450 3223.5
1199460 3221.9
1199470 3221.9
1199480 3221.4
1199490 3221.6
1199500 3222.3
1199510 3222.3
1199520 3218.5
1199530 3221.2
1199540 3221.2
1199550 3223.9
1199560 3223.1
1199570 3223.1
1199580 3223.2
1199590 3228.6
1199600 3228.6
1199610 3231.3
1199620 3229.8
1199630 3229.8
1199640 3230.1
1199650 3233.5
1199660 3233.5
1199670 3234.5
1199680 3233.8
1199690 3234.4
1199700 3234.4
1199710 3236.6
1199720 3239.0
1199730 3239.0
1199740 3240.9
1199750 3243.7
1199760 3243.7
1199770 3247.8
1199780 3251.5
1199790 3251.5
1199800 3253.4
1199810 3253.4
1199820 3253.4
1199830 3250.0
1199840 3245.4
1199850 3245.4
1199860 3240.1
1199870 3234.8
1199880 3229.5
1199890 3229.5
1199900 3224.9
1199910 3221.1
1199920 3221.1
1199930 3219.2
1199940 3218.5
1199950 3218.5
1199960 3218.1
1199970 3217.9
1199980 3217.9
1199990 3217.8
