1192260 3181.2
1192270 3178.5
1192280 3178.5
1192290 3176.8
1192300 3180.1
1192310 3180.1
1192320 3197.3
1192330 3237.7
1192340 3237.7
1192350 3260.1
1192360 3254.5
1192370 3254.5
1192380 3240.0
1192390 3220.0
1192400 3235.2
1192410 3235.2
1192420 3247.6
1192430 3242.0
1192440 3242.0
1192450 3237.9
1192460 3238.8
1192470 3238.8
1192480 3240.4
1192490 3240.3
1192500 3240.3
1192510 3243.1
1192520 3245.1
1192530 3245.1
1192540 3246.8
1192550 3258.3
1192560 3258.3
1192570 3276.8
1192580 3286.1
1192590 3293.8
1192600 3293.8
1192610 3303.1
1192620 3309.5
1192630 3309.5
1192640 3309.4
1192650 3309.6
1192660 3309.6
1192670 3310.5
1192680 3305.2
1192690 3305.2
1192700 3299.4
1192710 3295.8
1192720 3295.8
1192730 3294.7
1192740 3298.3
1192750 3298.3
1192760 3309.1
1192770 3320.2
1192780 3326.2
1192790 3326.2
1192800 3328.1
1192810 3328.5
1192820 3317.6
1192830 3316.4
1192840 3313.3
1192850 3313.3
1192860 3316.4
1192870 3323.5
1192880 3323.5
1192890 3334.9
1192900 3344.4
1192910 3344.4
1192920 3347.2
1192930 3352.3
1192940 3352.3
1192950 3359.8
1192960 3370.5
1192970 3387.6
1192980 3387.6
1192990 3403.1
1193000 3407.3
1193010 3407.3
1193020 3415.5
1193030 3419.9
1193040 3419.9
1193050 3422.0
1193060 3423.8
1193070 3423.8
1193080 3425.3
1193090 3426.7
1193100 3426.7
1193110 3427.8
1193120 3428.7
1193130 3428.7
1193140 3429.3
1193150 3429.8
1193160 3430.2
1193170 3430.2
1193180 3430.4
1193190 3430.6
1193200 3430.6
1193210 3430.6
1193220 3430.3
1193230 3430.3
1193240 3429.7
1193250 3426.3
1193260 3426.3
1193270 3425.5
1193280 3424.6
1193290 3424.6
1193300 3423.9
1193310 3423.2
1193320 3423.2
1193330 3422.6
1193340 3422.0
1193350 3421.6
1193360 3421.6
1193370 3421.4
1193380 3421.3
1193390 3421.3
1193400 3421.2
1193410 3420.9
1193420 3420.9
1193430 3420.8
1193440 3420.7
1193450 3420.7
1193460 3420.7
1193470 3420.6
1193480 3420.6
1193490 3420.3
1193500 3419.8
1193510 3419.8
1193520 3419.1
1193530 3418.2
1193540 3417.1
1193550 3417.1
1193560 3415.7
1193570 3414.2
1193580 3414.2
1193590 3412.4
1193600 3410.6
1193610 3410.6
1193620 3408.6
1193630 3406.8
1193640 3406.8
1193650 3404.9
1193660 3403.1
1193670 3403.1
1193680 3401.3
1193690 3399.0
1193700 3397.3
1193710 3397.3
1193720 3395.6
1193730 3394.0
1193740 3394.0
1193750 3392.5
1193760 3391.0
1193770 3391.0
1193780 3389.4
1193790 3387.8
1193800 3387.8
1193810 3386.4
1193820 3385.1
1193830 3385.1
1193840 3383.8
1193850 3382.4
1193860 3382.4
1193870 3381.1
1193880 3379.6
1193890 3378.1
1193900 3378.1
1193910 3376.7
1193920 3375.1
1193930 3375.1
1193940 3373.2
1193950 3371.2
1193960 3371.2
1193970 3368.8
1193980 3366.3
1193990 3366.3
1194000 3363.9
1194010 3361.5
1194020 3361.5
1194030 3359.4
1194040 3357.3
1194050 3357.3
1194060 3355.0
1194070 3352.4
1194080 3349.3
1194090 3349.3
1194100 3346.2
1194110 3343.4
1194120 3345.9
1194130 3343.2
1194140 3340.6
1194150 3340.6
1194160 3337.8
1194170 3334.6
1194180 3334.6
1194190 3331.1
1194200 3328.2
1194210 3328.2
1194220 3325.2
1194230 3322.0
1194240 3322.0
1194250 3318.7
1194260 3315.4
1194270 3312.5
1194280 3312.5
1194290 3310.1
1194300 3308.1
1194310 3308.1
1194320 3306.4
1194330 3304.9
1194340 3304.9
1194350 3303.6
1194360 3302.4
1194370 3302.4
1194380 3301.3
1194390 3300.2
1194400 3300.2
1194410 3299.1
1194420 3298.1
1194430 3298.1
1194440 3296.9
1194450 3295.7
1194460 3294.2
1194470 3294.2
1194480 3292.7
1194490 3290.8
1194500 3290.8
1194510 3287.1
1194520 3285.1
1194530 3285.1
1194540 3285.1
1194550 3284.1
1194560 3285.7
1194570 3285.0
1194580 3283.9
1194590 3283.9
1194600 3282.2
1194610 3280.3
1194620 3280.3
1194630 3278.3
1194640 3276.4
1194650 3274.6
1194660 3274.6
1194670 3272.7
1194680 3270.7
1194690 3270.7
1194700 3268.7
1194710 3267.0
1194720 3267.0
1194730 3265.9
1194740 3265.3
1194750 3265.3
1194760 3265.0
1194770 3264.7
1194780 3264.7
1194790 3264.2
1194800 3263.8
1194810 3263.1
1194820 3263.1
1194830 3262.3
1194840 3260.9
1194850 3260.9
1194860 3259.4
1194870 3257.6
1194880 3257.6
1194890 3255.6
1194900 3253.6
1194910 3253.6
1194920 3251.5
1194930 3249.3
1194940 3249.3
1194950 3247.0
1194960 3244.4
1194970 3244.4
1194980 3241.4
1194990 3239.9
1195000 3236.5
1195010 3236.5
1195020 3232.9
1195030 3229.2
1195040 3229.2
1195050 3225.4
1195060 3221.8
1195070 3221.8
1195080 3218.3
1195090 3214.9
1195100 3214.9
1195110 3211.8
1195120 3209.1
1195130 3209.1
1195140 3206.6
1195150 3204.4
1195160 3204.4
1195170 3202.4
1195180 3200.5
1195190 3198.7
1195200 3198.7
1195210 3197.1
1195220 3195.4
1195230 3195.4
1195240 3193.8
1195250 3192.2
1195260 3192.2
1195270 3190.7
1195280 3189.1
1195290 3189.1
1195300 3187.6
1195310 3186.2
1195320 3186.2
1195330 3184.8
1195340 3183.3
1195350 3183.3
1195360 3181.8
1195370 3180.2
1195380 3178.6
1195390 3178.6
1195400 3176.9
1195410 3175.2
1195420 3175.2
1195430 3175.5
1195440 3173.6
1195450 3173.6
1195460 3171.6
1195470 3169.6
1195480 3169.6
1195490 3167.6
1195500 3165.6
1195510 3165.6
1195520 3163.7
1195530 3162.0
1195540 3162.0
1195550 3160.5
1195560 3159.2
1195570 3158.0
1195580 3158.0
1195590 3156.9
1195600 3155.8
1195610 3155.8
1195620 3154.7
1195630 3153.7
1195640 3153.7
1195650 3152.6
1195660 3151.5
1195670 3151.5
1195680 3150.5
1195690 3149.4
1195700 3149.4
1195710 3148.4
1195720 3147.4
1195730 3147.4
1195740 3146.3
1195750 3145.3
1195760 3144.2
1195770 3144.2
1195780 3143.1
1195790 3142.1
1195800 3142.1
1195810 3141.0
1195820 3140.0
1195830 3140.0
1195840 3139.1
1195850 3138.3
1195860 3139.7
1195870 3139.1
1195880 3138.5
1195890 3138.5
1195900 3138.0
1195910 3137.5
1195920 3137.0
1195930 3137.0
1195940 3136.5
1195950 3135.9
1195960 3135.9
1195970 3135.3
1195980 3134.6
1195990 3134.6
1196000 3133.9
1196010 3133.2
1196020 3133.2
1196030 3132.5
1196040 3131.9
1196050 3131.9
1196060 3131.3
1196070 3131.0
1196080 3131.0
1196090 3131.0
1196100 3131.4
1196110 3132.2
1196120 3132.2
1196130 3133.2
1196140 3134.4
1196150 3134.4
1196160 3135.4
1196170 3136.0
1196180 3136.0
1196190 3136.3
1196200 3137.0
1196210 3137.0
1196220 3138.0
1196230 3138.4
1196240 3138.4
1196250 3138.4
1196260 3138.2
1196270 3138.2
1196280 3137.9
1196290 3137.6
1196300 3139.1
1196310 3139.1
1196320 3138.3
1196330 3137.3
1196340 3137.3
1196350 3136.2
1196360 3135.2
1196370 3135.2
1196380 3134.1
1196390 3132.9
1196400 3132.9
1196410 3131.7
1196420 3130.5
1196430 3130.5
1196440 3129.1
1196450 3127.8
1196460 3127.8
1196470 3126.4
1196480 3125.1
1196490 3124.0
1196500 3124.0
1196510 3123.0
1196520 3122.1
1196530 3122.1
1196540 3121.4
1196550 3120.8
1196560 3120.8
1196570 3120.3
1196580 3119.4
1196590 3119.4
1196600 3119.3
1196610 3120.4
1196620 3120.4
1196630 3121.3
1196640 3121.5
1196650 3121.5
1196660 3121.7
1196670 3118.5
1196680 3119.7
1196690 3119.7
1196700 3121.7
1196710 3119.4
1196720 3119.4
1196730 3120.4
1196740 3121.2
1196750 3121.2
1196760 3117.9
1196770 3119.5
1196780 3119.5
1196790 3119.0
1196800 3117.3
1196810 3117.3
1196820 3115.1
1196830 3113.6
1196840 3113.6
1196850 3113.3
1196860 3112.7
1196870 3110.9
1196880 3110.9
1196890 3109.1
1196900 3106.8
1196910 3106.8
1196920 3104.1
1196930 3101.9
1196940 3101.9
1196950 3102.7
1196960 3102.2
1196970 3102.2
1196980 3101.3
1196990 3100.4
1197000 3100.4
1197010 3099.4
1197020 3098.4
1197030 3098.4
1197040 3097.3
1197050 3096.1
1197060 3095.0
1197070 3095.0
1197080 3093.7
1197090 3092.5
1197100 3092.5
1197110 3091.3
1197120 3090.2
1197130 3090.2
1197140 3089.1
1197150 3088.0
1197160 3088.0
1197170 3086.7
1197180 3087.2
1197190 3087.2
1197200 3085.9
1197210 3084.6
1197220 3083.3
1197230 3083.3
1197240 3081.9
1197250 3080.5
1197260 3080.5
1197270 3079.2
1197280 3077.9
1197290 3077.9
1197300 3076.7
1197310 3075.6
1197320 3075.6
1197330 3074.8
1197340 3074.1
1197350 3074.1
1197360 3073.6
1197370 3073.5
1197380 3073.5
1197390 3073.6
1197400 3074.1
1197410 3074.9
1197420 3074.9
1197430 3075.7
1197440 3076.8
1197450 3076.8
1197460 3077.9
1197470 3079.4
1197480 3079.4
1197490 3081.3
1197500 3084.0
1197510 3084.0
1197520 3087.6
1197530 3091.4
1197540 3091.4
1197550 3094.8
1197560 3098.1
1197570 3098.1
1197580 3101.4
1197590 3104.4
1197600 3106.9
1197610 3106.9
1197620 3112.1
1197630 3113.7
1197640 3113.7
1197650 3114.9
1197660 3116.0
1197670 3116.0
1197680 3116.8
1197690 3117.3
1197700 3117.3
1197710 3117.5
1197720 3117.3
1197730 3117.3
1197740 3116.9
1197750 3116.1
1197760 3116.1
1197770 3115.5
1197780 3114.9
1197790 3114.8
1197800 3114.8
1197810 3115.2
1197820 3115.4
1197830 3115.4
1197840 3115.4
1197850 3115.4
1197860 3115.4
1197870 3115.8
1197880 3116.0
1197890 3116.0
1197900 3115.9
1197910 3115.7
1197920 3115.7
1197930 3115.5
1197940 3115.3
1197950 3115.3
1197960 3115.1
1197970 3114.9
1197980 3114.8
1197990 3114.8
1198000 3114.6
1198010 3114.4
1198020 3114.4
1198030 3114.2
1198040 3113.9
1198050 3113.9
1198060 3115.0
1198070 3114.6
1198080 3114.6
1198090 3114.1
1198100 3113.7
1198110 3113.7
1198120 3113.2
1198130 3112.8
1198140 3112.8
1198150 3112.6
1198160 3112.7
1198170 3113.1
1198180 3113.1
1198190 3113.6
1198200 3114.4
1198210 3114.4
1198220 3115.2
1198230 3116.0
1198240 3116.0
1198250 3116.9
1198260 3117.9
1198270 3117.9
1198280 3118.7
1198290 3119.6
1198300 3119.6
1198310 3120.5
1198320 3121.4
1198330 3122.3
1198340 3122.3
1198350 3123.3
1198360 3124.3
1198370 3124.3
1198380 3125.3
1198390 3126.2
1198400 3126.2
1198410 3127.0
1198420 3127.8
1198430 3127.8
1198440 3128.5
1198450 3129.3
1198460 3129.3
1198470 3130.2
1198480 3131.0
1198490 3131.0
1198500 3133.4
1198510 3134.4
1198520 3135.3
1198530 3135.3
1198540 3136.3
1198550 3137.4
1198560 3137.4
1198570 3138.6
1198580 3140.0
1198590 3140.0
1198600 3141.2
1198610 3142.5
1198620 3142.5
1198630 3143.6
1198640 3144.6
1198650 3144.6
1198660 3145.5
1198670 3146.3
1198680 3146.3
1198690 3147.1
1198700 3147.7
1198710 3148.1
1198720 3148.1
1198730 3148.2
1198740 3148.3
1198750 3148.3
1198760 3148.3
1198770 3148.4
1198780 3148.4
1198790 3148.5
1198800 3148.6
1198810 3148.6
1198820 3149.2
1198830 3149.9
1198840 3149.9
1198850 3150.8
1198860 3151.9
1198870 3151.9
1198880 3153.1
1198890 3154.3
1198900 3155.7
1198910 3155.7
1198920 3157.2
1198930 3158.8
1198940 3159.0
1198950 3160.7
1198960 3162.3
1198970 3162.3
1198980 3163.9
1198990 3165.4
1199000 3165.4
1199010 3166.9
1199020 3168.4
1199030 3168.4
1199040 3169.7
1199050 3171.0
1199060 3171.0
1199070 3172.3
1199080 3173.5
1199090 3174.6
1199100 3174.6
1199110 3175.8
1199120 3176.8
1199130 3176.8
1199140 3177.8
1199150 3178.7
1199160 3178.7
1199170 3179.7
1199180 3180.6
1199190 3180.6
1199200 3181.5
1199210 3182.5
1199220 3182.5
1199230 3183.4
1199240 3184.4
1199250 3184.4
1199260 3185.3
1199270 3186.2
1199280 3187.1
1199290 3187.1
1199300 3187.9
1199310 3188.8
1199320 3188.8
1199330 3189.7
1199340 3190.6
1199350 3190.6
1199360 3191.5
1199370 3192.4
1199380 3192.8
1199390 3193.7
1199400 3194.5
1199410 3194.5
1199420 3195.4
1199430 3196.2
1199440 3197.0
1199450 3197.0
1199460 3197.8
1199470 3198.6
1199480 3198.6
1199490 3199.3
1199500 3200.2
1199510 3200.2
1199520 3200.9
1199530 3201.7
1199540 3201.7
1199550 3202.5
1199560 3203.2
1199570 3203.2
1199580 3204.0
1199590 3204.7
1199600 3204.7
1199610 3205.5
1199620 3206.3
1199630 3207.0
1199640 3207.0
1199650 3207.8
1199660 3208.6
1199670 3208.6
1199680 3209.3
1199690 3210.0
1199700 3210.0
1199710 3210.8
1199720 3211.6
1199730 3211.6
1199740 3212.3
1199750 3213.1
1199760 3213.1
1199770 3213.8
1199780 3214.6
1199790 3214.6
1199800 3215.4
1199810 3216.1
1199820 3216.8
1199830 3217.9
1199840 3218.5
1199850 3219.1
1199860 3219.1
1199870 3219.6
1199880 3220.0
1199890 3220.0
1199900 3220.4
1199910 3220.7
1199920 3220.7
1199930 3220.9
1199940 3220.9
1199950 3220.9
1199960 3220.9
1199970 3220.7
1199980 3220.7
1199990 3220.4
