1190800 2876.0
1190810 2876.0
1190820 2876.0
1190830 2874.1
1190840 2874.1
1190850 2874.3
1190860 2871.6
1190870 2871.6
1190880 2876.6
1190890 2880.0
1190900 2880.0
1190910 2881.2
1190920 2883.3
1190930 2884.8
1190940 2884.8
1190950 2883.8
1190960 2883.7
1190970 2883.7
1190980 2884.8
1190990 2885.8
1191000 2885.8
1191010 2885.0
1191020 2886.4
1191030 2886.4
1191040 2889.8
1191050 2895.1
1191060 2895.1
1191070 2900.6
1191080 2906.1
1191090 2906.1
1191100 2911.6
1191110 2917.1
1191120 2922.2
1191130 2922.2
1191140 2926.9
1191150 2936.0
1191160 2936.0
1191170 2947.5
1191180 2958.4
1191190 2958.4
1191200 2966.3
1191210 2973.6
1191220 2973.6
1191230 2987.2
1191240 2992.1
1191250 2992.1
1191260 2995.8
1191270 3002.7
1191280 3002.7
1191290 3021.4
1191300 3025.4
1191310 3031.4
1191320 3031.4
1191330 3038.6
1191340 3047.2
1191350 3047.2
1191360 3055.6
1191370 3062.3
1191380 3062.3
1191390 3069.2
1191400 3076.0
1191410 3076.0
1191420 3084.1
1191430 3091.4
1191440 3091.4
1191450 3098.3
1191460 3105.8
1191470 3105.8
1191480 3109.7
1191490 3111.6
1191500 3113.4
1191510 3113.4
1191520 3116.7
1191530 3122.3
1191540 3122.3
1191550 3128.0
1191560 3133.1
1191570 3133.1
1191580 3139.6
1191590 3148.1
1191600 3148.1
1191610 3159.5
1191620 3168.6
1191630 3168.6
1191640 3179.7
1191650 3183.8
1191660 3183.8
1191670 3184.4
1191680 3188.7
1191690 3194.0
1191700 3194.0
1191710 3200.5
1191720 3208.2
1191730 3208.2
1191740 3217.0
1191750 3220.2
1191760 3220.2
1191770 3215.7
1191780 3210.8
1191790 3210.8
1191800 3205.5
1191810 3201.3
1191820 3201.3
1191830 3197.8
1191840 3193.9
1191850 3193.9
1191860 3189.7
1191870 3185.8
1191880 3183.4
1191890 3183.4
1191900 3181.7
1191910 3181.3
1191920 3181.3
1191930 3181.3
1191940 3182.3
1191950 3182.3
1191960 3184.3
1191970 3187.3
1191980 3187.3
1191990 3191.1
1192000 3195.8
1192010 3195.8
1192020 3201.8
1192030 3215.7
1192040 3215.7
1192050 3227.8
1192060 3236.7
1192070 3246.3
1192080 3246.3
1192090 3256.0
1192100 3253.0
1192110 3253.0
1192120 3245.8
1192130 3239.2
1192140 3239.2
1192150 3223.7
1192160 3218.6
1192170 3218.6
1192180 3216.4
1192190 3214.8
1192200 3214.8
1192210 3214.0
1192220 3213.5
1192230 3213.1
1192240 3213.1
1192250 3213.0
1192260 3213.3
1192270 3213.3
1192280 3213.7
1192290 3214.2
1192300 3214.2
1192310 3214.8
1192320 3215.7
1192330 3215.7
1192340 3216.9
1192350 3218.4
1192360 3218.4
1192370 3220.5
1192380 3223.1
1192390 3223.1
1192400 3225.6
1192410 3228.3
1192420 3231.6
1192430 3231.6
1192440 3235.6
1192450 3241.4
1192460 3241.4
1192470 3253.4
1192480 3264.9
1192490 3264.9
1192500 3269.7
1192510 3273.3
1192520 3273.3
1192530 3280.7
1192540 3295.5
1192550 3295.5
1192560 3305.6
1192570 3314.1
1192580 3311.6
1192590 3319.4
1192600 3331.1
1192610 3348.1
1192620 3348.1
1192630 3354.3
1192640 3353.0
1192650 3353.0
1192660 3353.1
1192670 3356.0
1192680 3356.0
1192690 3360.6
1192700 3367.0
1192710 3367.0
1192720 3379.7
1192730 3390.3
1192740 3390.3
1192750 3401.1
1192760 3414.6
1192770 3414.6
1192780 3426.1
1192790 3436.2
1192800 3446.5
1192810 3446.5
1192820 3456.7
1192830 3462.3
1192840 3462.3
1192850 3470.3
1192860 3482.8
1192870 3482.8
1192880 3493.7
1192890 3496.3
1192900 3496.3
1192910 3496.0
1192920 3495.5
1192930 3495.5
1192940 3496.3
1192950 3497.2
1192960 3497.2
1192970 3498.1
1192980 3498.9
1192990 3499.5
1193000 3499.5
1193010 3499.9
1193020 3499.7
1193030 3499.7
1193040 3499.8
1193050 3499.7
1193060 3499.7
1193070 3499.4
1193080 3498.9
1193090 3498.9
1193100 3498.2
1193110 3497.3
1193120 3497.3
1193130 3496.2
1193140 3494.7
1193150 3494.7
1193160 3492.6
1193170 3490.3
1193180 3488.4
1193190 3488.4
1193200 3486.1
1193210 3483.4
1193220 3483.4
1193230 3480.7
1193240 3477.9
1193250 3477.9
1193260 3474.8
1193270 3471.3
1193280 3471.3
1193290 3467.7
1193300 3464.5
1193310 3464.5
1193320 3458.2
1193330 3453.6
1193340 3453.6
1193350 3451.7
1193360 3451.7
1193370 3453.6
1193380 3453.6
1193390 3451.9
1193400 3442.5
1193410 3442.5
1193420 3431.3
1193430 3420.2
1193440 3420.2
1193450 3412.3
1193460 3409.9
1193470 3409.9
1193480 3406.8
1193490 3403.7
1193500 3403.7
1193510 3400.9
1193520 3398.2
1193530 3398.2
1193540 3395.6
1193550 3392.0
1193560 3388.7
1193570 3388.7
1193580 3386.6
1193590 3383.2
1193600 3383.2
1193610 3379.2
1193620 3375.4
1193630 3375.4
1193640 3371.8
1193650 3368.3
1193660 3368.3
1193670 3365.2
1193680 3362.1
1193690 3362.1
1193700 3358.7
1193710 3355.2
1193720 3351.9
1193730 3351.9
1193740 3348.3
1193750 3344.6
1193760 3344.6
1193770 3340.8
1193780 3337.1
1193790 3337.1
1193800 3333.3
1193810 3329.6
1193820 3329.6
1193830 3325.8
1193840 3321.9
1193850 3321.9
1193860 3318.0
1193870 3314.0
1193880 3316.4
1193890 3312.0
1193900 3307.3
1193910 3302.5
1193920 3302.5
1193930 3297.8
1193940 3293.3
1193950 3293.3
1193960 3289.1
1193970 3285.3
1193980 3285.3
1193990 3281.9
1194000 3278.8
1194010 3278.8
1194020 3276.1
1194030 3273.5
1194040 3273.5
1194050 3271.1
1194060 3268.9
1194070 3268.9
1194080 3266.7
1194090 3264.5
1194100 3262.3
1194110 3262.3
1194120 3260.1
1194130 3257.8
1194140 3257.8
1194150 3255.4
1194160 3253.0
1194170 3253.0
1194180 3250.6
1194190 3248.1
1194200 3248.1
1194210 3245.6
1194220 3243.2
1194230 3243.2
1194240 3240.7
1194250 3238.2
1194260 3238.2
1194270 3235.8
1194280 3233.3
1194290 3230.9
1194300 3230.9
1194310 3228.6
1194320 3225.3
1194330 3225.3
1194340 3223.1
1194350 3221.2
1194360 3221.2
1194370 3219.2
1194380 3217.3
1194390 3217.3
1194400 3215.5
1194410 3213.7
1194420 3213.7
1194430 3211.9
1194440 3209.9
1194450 3209.9
1194460 3208.1
1194470 3206.1
1194480 3204.2
1194490 3204.2
1194500 3202.2
1194510 3200.3
1194520 3200.3
1194530 3198.4
1194540 3196.6
1194550 3196.6
1194560 3194.8
1194570 3193.0
1194580 3193.0
1194590 3191.4
1194600 3190.0
1194610 3190.0
1194620 3188.6
1194630 3187.5
1194640 3187.5
1194650 3186.5
1194660 3185.6
1194670 3184.9
1194680 3184.9
1194690 3184.3
1194700 3183.8
1194710 3183.8
1194720 3183.4
1194730 3183.1
1194740 3183.1
1194750 3183.5
1194760 3183.2
1194770 3183.2
1194780 3182.8
1194790 3182.5
1194800 3182.5
1194810 3182.0
1194820 3181.6
1194830 3181.6
1194840 3181.1
1194850 3180.6
1194860 3180.1
1194870 3180.1
1194880 3179.5
1194890 3178.8
1194900 3178.8
1194910 3178.1
1194920 3177.4
1194930 3177.4
1194940 3176.5
1194950 3175.6
1194960 3175.6
1194970 3174.6
1194980 3174.2
1194990 3174.2
1195000 3173.4
1195010 3172.4
1195020 3171.7
1195030 3171.7
1195040 3170.8
1195050 3169.9
1195060 3169.9
1195070 3168.8
1195080 3167.7
1195090 3167.7
1195100 3166.5
1195110 3165.2
1195120 3165.2
1195130 3163.7
1195140 3162.1
1195150 3162.1
1195160 3160.5
1195170 3158.9
1195180 3158.9
1195190 3157.3
1195200 3155.6
1195210 3154.0
1195220 3154.0
1195230 3152.1
1195240 3150.3
1195250 3150.3
1195260 3148.4
1195270 3146.2
1195280 3146.2
1195290 3144.9
1195300 3143.2
1195310 3143.2
1195320 3141.6
1195330 3139.7
1195340 3139.7
1195350 3137.8
1195360 3135.9
1195370 3135.9
1195380 3133.6
1195390 3132.7
1195400 3130.6
1195410 3130.6
1195420 3128.0
1195430 3125.9
1195440 3125.9
1195450 3124.3
1195460 3122.9
1195470 3122.9
1195480 3121.5
1195490 3121.0
1195500 3121.0
1195510 3119.7
1195520 3117.5
1195530 3117.5
1195540 3115.0
1195550 3112.8
1195560 3112.8
1195570 3110.9
1195580 3109.6
1195590 3108.3
1195600 3108.3
1195610 3106.6
1195620 3104.9
1195630 3104.3
1195640 3102.9
1195650 3101.6
1195660 3101.6
1195670 3100.6
1195680 3099.6
1195690 3099.6
1195700 3098.8
1195710 3098.0
1195720 3098.0
1195730 3097.2
1195740 3096.5
1195750 3096.5
1195760 3095.9
1195770 3095.3
1195780 3094.7
1195790 3094.7
1195800 3093.9
1195810 3092.1
1195820 3092.1
1195830 3092.5
1195840 3091.4
1195850 3091.4
1195860 3089.9
1195870 3090.5
1195880 3090.5
1195890 3090.1
1195900 3088.0
1195910 3088.0
1195920 3084.6
1195930 3086.1
1195940 3086.1
1195950 3085.6
1195960 3084.5
1195970 3083.1
1195980 3083.1
1195990 3082.0
1196000 3079.5
1196010 3079.5
1196020 3078.9
1196030 3076.8
1196040 3076.8
1196050 3074.9
1196060 3077.5
1196070 3077.5
1196080 3076.4
1196090 3075.1
1196100 3075.1
1196110 3074.5
1196120 3071.0
1196130 3071.0
1196140 3071.0
1196150 3070.4
1196160 3069.5
1196170 3069.5
1196180 3068.3
1196190 3067.0
1196200 3067.0
1196210 3065.9
1196220 3064.9
1196230 3064.9
1196240 3063.9
1196250 3062.3
1196260 3062.3
1196270 3060.4
1196280 3057.7
1196290 3057.7
1196300 3055.8
1196310 3054.9
1196320 3052.9
1196330 3052.9
1196340 3050.4
1196350 3047.8
1196360 3047.8
1196370 3045.1
1196380 3042.5
1196390 3042.5
1196400 3040.1
1196410 3037.9
1196420 3037.9
1196430 3035.9
1196440 3033.8
1196450 3033.8
1196460 3031.8
1196470 3029.8
1196480 3029.8
1196490 3028.3
1196500 3028.0
1196510 3026.8
1196520 3026.8
1196530 3025.7
1196540 3024.9
1196550 3024.9
1196560 3024.1
1196570 3023.5
1196580 3023.5
1196590 3022.8
1196600 3022.3
1196610 3022.3
1196620 3022.0
1196630 3021.5
1196640 3021.5
1196650 3021.2
1196660 3020.8
1196670 3020.8
1196680 3020.4
1196690 3020.0
1196700 3019.7
1196710 3019.7
1196720 3019.4
1196730 3019.3
1196740 3019.3
1196750 3019.1
1196760 3019.1
1196770 3019.1
1196780 3019.2
1196790 3019.4
1196800 3019.4
1196810 3019.5
1196820 3019.7
1196830 3019.7
1196840 3019.8
1196850 3019.9
1196860 3019.9
1196870 3020.3
1196880 3020.9
1196890 3021.5
1196900 3021.5
1196910 3022.1
1196920 3022.7
1196930 3022.7
1196940 3024.3
1196950 3025.1
1196960 3025.1
1196970 3026.0
1196980 3027.0
1196990 3027.0
1197000 3028.0
1197010 3029.1
1197020 3029.1
1197030 3030.1
1197040 3031.3
1197050 3031.3
1197060 3032.4
1197070 3033.5
1197080 3034.5
1197090 3034.5
1197100 3035.6
1197110 3036.6
1197120 3036.6
1197130 3037.5
1197140 3038.2
1197150 3038.2
1197160 3038.9
1197170 3039.5
1197180 3039.5
1197190 3040.0
1197200 3040.4
1197210 3040.4
1197220 3040.7
1197230 3041.0
1197240 3041.0
1197250 3041.3
1197260 3041.6
1197270 3041.5
1197280 3041.5
1197290 3042.0
1197300 3041.9
1197310 3041.9
1197320 3042.1
1197330 3042.4
1197340 3042.4
1197350 3042.7
1197360 3042.8
1197370 3042.8
1197380 3043.7
1197390 3044.0
1197400 3044.0
1197410 3044.1
1197420 3044.3
1197430 3044.3
1197440 3044.5
1197450 3044.7
1197460 3044.9
1197470 3044.9
1197480 3045.0
1197490 3045.1
1197500 3045.1
1197510 3045.1
1197520 3045.0
1197530 3045.0
1197540 3044.9
1197550 3044.7
1197560 3044.7
1197570 3044.5
1197580 3044.3
1197590 3044.3
1197600 3044.3
1197610 3044.3
1197620 3044.2
1197630 3044.2
1197640 3043.9
1197650 3043.6
1197660 3043.6
1197670 3043.3
1197680 3043.0
1197690 3043.0
1197700 3042.7
1197710 3042.8
1197720 3042.8
1197730 3043.2
1197740 3043.7
1197750 3043.7
1197760 3044.5
1197770 3045.4
1197780 3045.4
1197790 3046.4
1197800 3047.7
1197810 3049.0
1197820 3049.9
1197830 3051.0
1197840 3052.3
1197850 3052.3
1197860 3053.6
1197870 3054.9
1197880 3054.9
1197890 3055.3
1197900 3055.4
1197910 3055.4
1197920 3055.4
1197930 3056.5
1197940 3056.5
1197950 3058.6
1197960 3059.8
1197970 3059.8
1197980 3059.9
1197990 3055.8
1198000 3057.4
1198010 3057.4
1198020 3062.1
1198030 3064.7
1198040 3064.7
1198050 3065.0
1198060 3063.3
1198070 3063.3
1198080 3067.1
1198090 3067.1
1198100 3067.1
1198110 3066.0
1198120 3066.6
1198130 3066.6
1198140 3066.6
1198150 3066.1
1198160 3066.1
1198170 3064.9
1198180 3063.5
1198190 3063.6
1198200 3063.6
1198210 3062.3
1198220 3060.3
1198230 3060.3
1198240 3058.6
1198250 3055.4
1198260 3056.4
1198270 3054.4
1198280 3052.7
1198290 3052.7
1198300 3051.5
1198310 3050.6
1198320 3050.6
1198330 3049.7
1198340 3048.8
1198350 3048.8
1198360 3048.0
1198370 3047.0
1198380 3046.0
1198390 3046.0
1198400 3045.0
1198410 3044.0
1198420 3044.0
1198430 3042.8
1198440 3041.8
1198450 3041.8
1198460 3040.9
1198470 3040.0
1198480 3040.0
1198490 3039.0
1198500 3038.0
1198510 3038.0
1198520 3036.9
1198530 3035.9
1198540 3035.9
1198550 3035.3
1198560 3035.0
1198570 3035.1
1198580 3035.1
1198590 3035.5
1198600 3035.9
1198610 3035.9
1198620 3036.7
1198630 3038.0
1198640 3038.0
1198650 3039.7
1198660 3042.1
1198670 3042.1
1198680 3044.3
1198690 3047.2
1198700 3047.4
1198710 3050.6
1198720 3054.2
1198730 3054.2
1198740 3059.0
1198750 3067.0
1198760 3074.8
1198770 3074.8
1198780 3081.5
1198790 3088.1
1198800 3088.1
1198810 3094.7
1198820 3101.9
1198830 3101.9
1198840 3109.4
1198850 3117.7
1198860 3117.7
1198870 3126.0
1198880 3133.9
1198890 3133.9
1198900 3141.1
1198910 3148.2
1198920 3155.5
1198930 3155.5
1198940 3162.9
1198950 3170.1
1198960 3170.1
1198970 3177.2
1198980 3184.4
1198990 3184.4
1199000 3191.0
1199010 3197.9
1199020 3197.9
1199030 3205.0
1199040 3212.2
1199050 3212.2
1199060 3218.6
1199070 3223.3
1199080 3223.3
1199090 3227.5
1199100 3231.6
1199110 3235.4
1199120 3235.4
1199130 3239.4
1199140 3248.0
1199150 3248.0
1199160 3251.2
1199170 3254.7
1199180 3254.7
1199190 3258.6
1199200 3263.2
1199210 3263.2
1199220 3267.7
1199230 3272.5
1199240 3272.5
1199250 3277.9
1199260 3283.6
1199270 3283.6
1199280 3289.5
1199290 3295.7
1199300 3304.2
1199310 3304.2
1199320 3314.5
1199330 3323.2
1199340 3323.2
1199350 3332.1
1199360 3339.4
1199370 3339.4
1199380 3344.5
1199390 3346.6
1199400 3346.6
1199410 3347.9
1199420 3348.5
1199430 3348.5
1199440 3347.8
1199450 3346.4
1199460 3346.4
1199470 3347.1
1199480 3348.4
1199490 3349.5
1199500 3349.5
1199510 3350.7
1199520 3351.7
1199530 3351.7
1199540 3352.7
1199550 3355.1
1199560 3355.1
1199570 3358.0
1199580 3360.4
1199590 3352.7
1199600 3355.0
1199610 3357.4
1199620 3357.4
1199630 3358.4
1199640 3358.7
1199650 3358.7
1199660 3357.7
1199670 3355.2
1199680 3352.1
1199690 3352.1
1199700 3348.9
1199710 3345.8
1199720 3345.8
1199730 3343.0
1199740 3340.3
1199750 3340.3
1199760 3334.1
1199770 3317.3
1199780 3317.3
1199790 3296.6
1199800 3286.2
1199810 3286.2
1199820 3279.0
1199830 3272.6
1199840 3272.6
1199850 3266.9
1199860 3261.5
1199870 3256.5
1199880 3256.5
1199890 3252.0
1199900 3247.9
1199910 3247.9
1199920 3244.2
1199930 3241.0
1199940 3241.0
1199950 3238.3
1199960 3236.2
1199970 3236.2
1199980 3234.5
1199990 3233.2
