1189730 2870.7
1189740 2870.7
1189750 2870.4
1189760 2869.0
1189770 2869.0
1189780 2867.8
1189790 2867.5
1189800 2867.5
1189810 2870.0
1189820 2871.4
1189830 2871.4
1189840 2874.2
1189850 2878.8
1189860 2883.2
1189870 2883.2
1189880 2887.1
1189890 2899.0
1189900 2899.0
1189910 2916.3
1189920 2933.4
1189930 2933.4
1189940 2946.4
1189950 2959.6
1189960 2959.6
1189970 2975.7
1189980 2975.8
1189990 2975.8
1190000 2972.1
1190010 2969.5
1190020 2969.5
1190030 2973.8
1190040 2973.4
1190050 2975.8
1190060 2975.8
1190070 2980.5
1190080 2981.9
1190090 2981.9
1190100 2991.7
1190110 3012.8
1190120 3012.8
1190130 3029.5
1190140 3032.5
1190150 3032.5
1190160 3031.0
1190170 3037.3
1190180 3037.3
1190190 3050.9
1190200 3069.7
1190210 3069.7
1190220 3087.6
1190230 3087.8
1190240 3083.5
1190250 3083.5
1190260 3080.6
1190270 3101.7
1190280 3101.7
1190290 3120.1
1190300 3121.6
1190310 3121.6
1190320 3131.6
1190330 3134.7
1190340 3134.7
1190350 3131.2
1190360 3130.0
1190370 3130.0
1190380 3132.9
1190390 3136.7
1190400 3136.7
1190410 3141.5
1190420 3150.0
1190430 3161.2
1190440 3161.2
1190450 3166.9
1190460 3175.7
1190470 3175.7
1190480 3179.6
1190490 3176.6
1190500 3176.6
1190510 3165.4
1190520 3160.8
1190530 3160.8
1190540 3157.6
1190550 3155.9
1190560 3155.9
1190570 3152.4
1190580 3146.6
1190590 3146.6
1190600 3139.6
1190610 3128.7
1190620 3118.6
1190630 3118.6
1190640 3112.3
1190650 3107.2
1190660 3107.2
1190670 3102.5
1190680 3097.7
1190690 3097.7
1190700 3093.4
1190710 3090.7
1190720 3090.7
1190730 3088.8
1190740 3086.4
1190750 3086.4
1190760 3082.3
1190770 3076.7
1190780 3076.7
1190790 3071.6
1190800 3069.0
1190810 3066.2
1190820 3066.2
1190830 3062.6
1190840 3056.2
1190850 3056.2
1190860 3047.4
1190870 3039.3
1190880 3039.3
1190890 3034.0
1190900 3029.2
1190910 3029.2
1190920 3023.5
1190930 3019.1
1190940 3027.4
1190950 3021.9
1190960 3017.5
1190970 3017.5
1190980 3014.4
1190990 3011.9
1191000 3009.2
1191010 3009.2
1191020 3007.3
1191030 3006.2
1191040 3006.2
1191050 3005.0
1191060 3003.2
1191070 3003.2
1191080 3001.6
1191090 2999.7
1191100 2999.7
1191110 2997.4
1191120 2995.5
1191130 2995.5
1191140 2993.7
1191150 2992.3
1191160 2992.3
1191170 2990.8
1191180 2989.2
1191190 2987.9
1191200 2987.9
1191210 2986.3
1191220 2984.5
1191230 2984.5
1191240 2983.4
1191250 2983.0
1191260 2983.0
1191270 2982.2
1191280 2980.4
1191290 2980.4
1191300 2978.2
1191310 2975.6
1191320 2975.6
1191330 2973.0
1191340 2971.1
1191350 2969.6
1191360 2969.6
1191370 2971.3
1191380 2969.3
1191390 2969.3
1191400 2967.0
1191410 2965.1
1191420 2965.1
1191430 2964.0
1191440 2962.8
1191450 2962.8
1191460 2960.8
1191470 2958.6
1191480 2958.6
1191490 2957.0
1191500 2955.7
1191510 2955.7
1191520 2954.3
1191530 2952.9
1191540 2952.0
1191550 2952.0
1191560 2951.3
1191570 2950.7
1191580 2950.7
1191590 2950.5
1191600 2951.3
1191610 2951.3
1191620 2952.4
1191630 2953.2
1191640 2953.2
1191650 2953.7
1191660 2953.7
1191670 2953.7
1191680 2953.4
1191690 2954.0
1191700 2954.0
1191710 2954.7
1191720 2954.9
1191730 2955.3
1191740 2955.3
1191750 2955.6
1191760 2956.3
1191770 2956.3
1191780 2958.1
1191790 2960.2
1191800 2964.2
1191810 2965.2
1191820 2964.7
1191830 2964.7
1191840 2964.8
1191850 2965.7
1191860 2965.7
1191870 2967.1
1191880 2968.7
1191890 2968.7
1191900 2970.2
1191910 2971.7
1191920 2973.3
1191930 2973.3
1191940 2974.7
1191950 2975.7
1191960 2975.7
1191970 2976.5
1191980 2977.0
1191990 2977.0
1192000 2977.3
1192010 2977.2
1192020 2977.2
1192030 2977.1
1192040 2976.9
1192050 2976.9
1192060 2976.8
1192070 2976.2
1192080 2976.2
1192090 2974.6
1192100 2973.4
1192110 2972.8
1192120 2972.8
1192130 2972.1
1192140 2972.0
1192150 2972.0
1192160 2971.8
1192170 2971.9
1192180 2971.9
1192190 2972.7
1192200 2974.3
1192210 2974.3
1192220 2975.8
1192230 2975.6
1192240 2979.3
1192250 2980.0
1192260 2982.5
1192270 2982.5
1192280 2984.7
1192290 2986.9
1192300 2989.5
1192310 2989.5
1192320 2991.6
1192330 2993.6
1192340 2993.6
1192350 2995.5
1192360 2997.9
1192370 2997.9
1192380 3001.0
1192390 3003.8
1192400 3003.8
1192410 3006.7
1192420 3009.8
1192430 3009.8
1192440 3013.1
1192450 3016.1
1192460 3016.1
1192470 3018.9
1192480 3021.8
1192490 3024.6
1192500 3024.6
1192510 3027.4
1192520 3029.8
1192530 3029.8
1192540 3032.4
1192550 3034.7
1192560 3034.7
1192570 3036.7
1192580 3038.8
1192590 3038.8
1192600 3040.9
1192610 3042.5
1192620 3042.5
1192630 3043.9
1192640 3045.9
1192650 3045.9
1192660 3048.4
1192670 3058.5
1192680 3062.7
1192690 3062.7
1192700 3067.3
1192710 3072.1
1192720 3072.1
1192730 3077.1
1192740 3082.1
1192750 3082.1
1192760 3086.9
1192770 3091.5
1192780 3091.5
1192790 3095.7
1192800 3099.0
1192810 3099.0
1192820 3101.9
1192830 3099.7
1192840 3099.7
1192850 3101.5
1192860 3102.7
1192870 3101.8
1192880 3101.8
1192890 3101.3
1192900 3103.4
1192910 3103.4
1192920 3105.1
1192930 3105.9
1192940 3105.9
1192950 3107.4
1192960 3108.4
1192970 3108.4
1192980 3108.4
1192990 3107.0
1193000 3107.0
1193010 3105.7
1193020 3106.9
1193030 3106.7
1193040 3106.7
1193050 3104.1
1193060 3100.7
1193070 3100.7
1193080 3096.6
1193090 3091.3
1193100 3097.1
1193110 3092.8
1193120 3089.6
1193130 3089.6
1193140 3087.3
1193150 3087.3
1193160 3087.3
1193170 3087.5
1193180 3088.1
1193190 3088.1
1193200 3087.4
1193210 3086.3
1193220 3085.9
1193230 3085.9
1193240 3084.9
1193250 3085.2
1193260 3085.2
1193270 3085.3
1193280 3085.1
1193290 3085.1
1193300 3085.5
1193310 3087.6
1193320 3087.6
1193330 3090.1
1193340 3091.3
1193350 3091.3
1193360 3094.4
1193370 3095.4
1193380 3095.4
1193390 3096.2
1193400 3097.7
1193410 3098.8
1193420 3098.8
1193430 3100.7
1193440 3103.2
1193450 3103.2
1193460 3105.9
1193470 3112.0
1193480 3112.0
1193490 3117.6
1193500 3123.1
1193510 3123.1
1193520 3128.1
1193530 3138.4
1193540 3138.4
1193550 3142.3
1193560 3146.2
1193570 3146.2
1193580 3150.4
1193590 3154.4
1193600 3158.2
1193610 3158.2
1193620 3162.2
1193630 3166.2
1193640 3166.2
1193650 3167.3
1193660 3168.4
1193670 3168.4
1193680 3169.5
1193690 3171.4
1193700 3171.4
1193710 3173.1
1193720 3174.1
1193730 3174.1
1193740 3175.0
1193750 3176.3
1193760 3176.3
1193770 3177.5
1193780 3178.4
1193790 3178.4
1193800 3178.4
1193810 3177.9
1193820 3179.8
1193830 3179.8
1193840 3183.5
1193850 3189.0
1193860 3189.0
1193870 3194.3
1193880 3199.4
1193890 3199.4
1193900 3204.1
1193910 3209.3
1193920 3209.3
1193930 3214.7
1193940 3219.7
1193950 3219.7
1193960 3224.8
1193970 3244.4
1193980 3252.1
1193990 3252.1
1194000 3264.7
1194010 3276.7
1194020 3276.7
1194030 3287.3
1194040 3298.9
1194050 3298.9
1194060 3309.5
1194070 3315.6
1194080 3315.6
1194090 3314.4
1194100 3310.9
1194110 3310.9
1194120 3306.8
1194130 3302.4
1194140 3302.4
1194150 3298.1
1194160 3293.7
1194170 3289.9
1194180 3289.9
1194190 3287.5
1194200 3286.3
1194210 3286.3
1194220 3285.8
1194230 3281.6
1194240 3281.6
1194250 3277.1
1194260 3275.6
1194270 3275.6
1194280 3274.3
1194290 3271.9
1194300 3271.9
1194310 3268.9
1194320 3267.3
1194330 3267.3
1194340 3266.3
1194350 3264.3
1194360 3262.6
1194370 3262.6
1194380 3260.7
1194390 3256.8
1194400 3259.3
1194410 3251.1
1194420 3241.6
1194430 3241.6
1194440 3233.9
1194450 3225.0
1194460 3225.0
1194470 3215.2
1194480 3205.4
1194490 3205.4
1194500 3196.8
1194510 3189.5
1194520 3189.5
1194530 3183.1
1194540 3178.2
1194550 3173.8
1194560 3173.8
1194570 3170.0
1194580 3166.5
1194590 3166.5
1194600 3163.2
1194610 3160.0
1194620 3160.0
1194630 3156.7
1194640 3153.4
1194650 3153.4
1194660 3150.2
1194670 3146.8
1194680 3146.8
1194690 3143.5
1194700 3140.3
1194710 3137.3
1194720 3137.3
1194730 3134.3
1194740 3131.5
1194750 3131.5
1194760 3128.8
1194770 3126.2
1194780 3126.2
1194790 3123.7
1194800 3121.3
1194810 3121.3
1194820 3119.0
1194830 3116.7
1194840 3117.0
1194850 3114.7
1194860 3112.6
1194870 3112.6
1194880 3110.6
1194890 3108.9
1194900 3107.4
1194910 3107.4
1194920 3106.0
1194930 3104.7
1194940 3104.7
1194950 3103.5
1194960 3102.2
1194970 3102.2
1194980 3101.0
1194990 3099.9
1195000 3099.9
1195010 3098.5
1195020 3097.2
1195030 3097.2
1195040 3095.9
1195050 3094.5
1195060 3094.5
1195070 3093.1
1195080 3091.6
1195090 3090.2
1195100 3090.2
1195110 3088.7
1195120 3087.1
1195130 3087.1
1195140 3085.4
1195150 3083.7
1195160 3083.7
1195170 3081.7
1195180 3079.7
1195190 3079.7
1195200 3077.5
1195210 3075.3
1195220 3075.3
1195230 3073.1
1195240 3070.9
1195250 3070.9
1195260 3068.6
1195270 3066.2
1195280 3064.8
1195290 3064.8
1195300 3062.4
1195310 3060.1
1195320 3060.1
1195330 3057.9
1195340 3055.7
1195350 3055.7
1195360 3053.8
1195370 3052.0
1195380 3052.0
1195390 3050.5
1195400 3049.2
1195410 3049.2
1195420 3048.1
1195430 3047.2
1195440 3047.2
1195450 3046.3
1195460 3045.5
1195470 3044.8
1195480 3044.8
1195490 3043.9
1195500 3043.1
1195510 3043.1
1195520 3042.4
1195530 3041.6
1195540 3041.6
1195550 3040.8
1195560 3040.1
1195570 3040.1
1195580 3039.4
1195590 3038.8
1195600 3038.8
1195610 3038.2
1195620 3037.7
1195630 3037.7
1195640 3037.2
1195650 3036.7
1195660 3036.1
1195670 3036.1
1195680 3035.7
1195690 3035.3
1195700 3035.3
1195710 3035.2
1195720 3034.8
1195730 3034.8
1195740 3034.5
1195750 3034.2
1195760 3034.2
1195770 3033.8
1195780 3033.4
1195790 3033.4
1195800 3033.1
1195810 3032.7
1195820 3032.7
1195830 3032.3
1195840 3031.8
1195850 3031.3
1195860 3031.3
1195870 3030.9
1195880 3030.4
1195890 3030.4
1195900 3029.8
1195910 3029.1
1195920 3029.1
1195930 3028.5
1195940 3027.9
1195950 3027.9
1195960 3027.1
1195970 3026.5
1195980 3026.5
1195990 3025.6
1196000 3024.8
1196010 3024.8
1196020 3023.9
1196030 3023.1
1196040 3022.2
1196050 3022.2
1196060 3021.3
1196070 3020.4
1196080 3020.4
1196090 3019.6
1196100 3018.8
1196110 3018.8
1196120 3017.9
1196130 3017.1
1196140 3017.1
1196150 3016.5
1196160 3015.6
1196170 3015.6
1196180 3014.8
1196190 3013.9
1196200 3013.9
1196210 3013.0
1196220 3012.1
1196230 3011.2
1196240 3011.2
1196250 3010.3
1196260 3009.4
1196270 3009.4
1196280 3008.6
1196290 3007.8
1196300 3007.8
1196310 3007.0
1196320 3006.3
1196330 3006.3
1196340 3005.6
1196350 3004.8
1196360 3004.8
1196370 3004.1
1196380 3003.4
1196390 3002.7
1196400 3002.7
1196410 3002.1
1196420 3001.3
1196430 3001.3
1196440 3000.6
1196450 2999.8
1196460 2999.8
1196470 2999.1
1196480 2998.3
1196490 2998.3
1196500 2997.5
1196510 2996.7
1196520 2996.7
1196530 2995.9
1196540 2995.2
1196550 2995.2
1196560 2994.5
1196570 2993.7
1196580 2993.0
1196590 2993.2
1196600 2992.5
1196610 2991.8
1196620 2991.8
1196630 2991.0
1196640 2990.3
1196650 2990.3
1196660 2989.7
1196670 2989.0
1196680 2989.0
1196690 2988.3
1196700 2987.6
1196710 2987.6
1196720 2986.9
1196730 2986.3
1196740 2986.3
1196750 2985.7
1196760 2985.2
1196770 2984.6
1196780 2984.6
1196790 2984.1
1196800 2983.6
1196810 2983.6
1196820 2983.1
1196830 2982.5
1196840 2982.5
1196850 2982.1
1196860 2981.6
1196870 2981.6
1196880 2981.1
1196890 2980.7
1196900 2980.7
1196910 2980.4
1196920 2980.1
1196930 2980.1
1196940 2979.9
1196950 2979.7
1196960 2979.6
1196970 2979.6
1196980 2979.4
1196990 2979.2
1197000 2979.2
1197010 2979.0
1197020 2978.8
1197030 2979.2
1197040 2978.9
1197050 2978.6
1197060 2978.6
1197070 2978.3
1197080 2977.8
1197090 2977.8
1197100 2977.6
1197110 2977.1
1197120 2977.1
1197130 2976.7
1197140 2976.2
1197150 2975.8
1197160 2975.8
1197170 2975.3
1197180 2974.7
1197190 2974.7
1197200 2974.3
1197210 2973.8
1197220 2973.8
1197230 2973.4
1197240 2972.9
1197250 2972.9
1197260 2972.4
1197270 2972.0
1197280 2972.0
1197290 2971.6
1197300 2971.2
1197310 2971.2
1197320 2970.8
1197330 2970.3
1197340 2969.8
1197350 2969.8
1197360 2969.3
1197370 2968.9
1197380 2968.9
1197390 2968.4
1197400 2967.8
1197410 2967.8
1197420 2967.2
1197430 2966.6
1197440 2966.6
1197450 2965.9
1197460 2965.2
1197470 2966.3
1197480 2965.6
1197490 2965.0
1197500 2965.0
1197510 2964.2
1197520 2963.5
1197530 2962.6
1197540 2962.6
1197550 2961.6
1197560 2960.7
1197570 2960.7
1197580 2959.7
1197590 2958.8
1197600 2958.8
1197610 2958.0
1197620 2957.2
1197630 2957.2
1197640 2956.4
1197650 2955.6
1197660 2955.6
1197670 2954.9
1197680 2954.2
1197690 2954.2
1197700 2953.6
1197710 2953.0
1197720 2952.5
1197730 2952.5
1197740 2952.0
1197750 2951.7
1197760 2951.7
1197770 2951.5
1197780 2951.1
1197790 2951.1
1197800 2950.8
1197810 2950.5
1197820 2950.5
1197830 2950.3
1197840 2950.1
1197850 2950.1
1197860 2949.8
1197870 2949.6
1197880 2949.6
1197890 2949.4
1197900 2949.2
1197910 2950.5
1197920 2950.5
1197930 2950.4
1197940 2950.4
1197950 2950.4
1197960 2950.3
1197970 2949.9
1197980 2949.9
1197990 2949.6
1198000 2949.5
1198010 2949.5
1198020 2949.7
1198030 2950.1
1198040 2950.1
1198050 2950.3
1198060 2950.4
1198070 2950.3
1198080 2950.3
1198090 2950.2
1198100 2949.9
1198110 2949.9
1198120 2949.7
1198130 2949.5
1198140 2949.5
1198150 2949.3
1198160 2948.9
1198170 2948.9
1198180 2948.5
1198190 2948.1
1198200 2948.1
1198210 2947.7
1198220 2947.3
1198230 2947.3
1198240 2946.9
1198250 2946.6
1198260 2946.3
1198270 2946.3
1198280 2946.0
1198290 2946.0
1198300 2946.0
1198310 2946.3
1198320 2946.9
1198330 2946.9
1198340 2947.5
1198350 2949.6
1198360 2949.6
1198370 2950.1
1198380 2950.6
1198390 2950.6
1198400 2951.2
1198410 2951.9
1198420 2951.9
1198430 2952.6
1198440 2953.1
1198450 2953.5
1198460 2953.5
1198470 2953.7
1198480 2954.0
1198490 2954.0
1198500 2953.9
1198510 2954.2
1198520 2954.2
1198530 2954.9
1198540 2955.9
1198550 2955.9
1198560 2956.8
1198570 2957.6
1198580 2957.6
1198590 2958.2
1198600 2958.8
1198610 2958.8
1198620 2959.1
1198630 2959.2
1198640 2959.1
1198650 2959.1
1198660 2958.8
1198670 2958.3
1198680 2958.3
1198690 2957.6
1198700 2956.9
1198710 2956.9
1198720 2956.3
1198730 2955.7
1198740 2955.7
1198750 2954.5
1198760 2952.4
1198770 2952.4
1198780 2952.3
1198790 2954.3
1198800 2954.3
1198810 2952.9
1198820 2952.5
1198830 2952.8
1198840 2952.8
1198850 2952.4
1198860 2951.9
1198870 2951.9
1198880 2951.5
1198890 2951.9
1198900 2951.9
1198910 2952.4
1198920 2952.7
1198930 2952.7
1198940 2953.2
1198950 2954.3
1198960 2954.3
1198970 2956.3
1198980 2958.6
1198990 2958.6
1199000 2961.0
1199010 2963.8
1199020 2966.8
1199030 2966.8
1199040 2969.8
1199050 2973.4
1199060 2973.4
1199070 2984.4
1199080 2996.7
1199090 2996.7
1199100 3000.5
1199110 3004.1
1199120 3004.1
1199130 3009.1
1199140 3015.4
1199150 3015.4
1199160 3019.7
1199170 3026.3
1199180 3026.3
1199190 3028.7
1199200 3029.1
1199210 3030.8
1199220 3030.8
1199230 3041.0
1199240 3041.2
1199250 3041.2
1199260 3041.2
1199270 3040.3
1199280 3040.3
1199290 3040.6
1199300 3042.6
1199310 3042.6
1199320 3045.8
1199330 3048.9
1199340 3048.9
1199350 3050.4
1199360 3052.1
1199370 3052.1
1199380 3053.4
1199390 3054.8
1199400 3056.1
1199410 3056.1
1199420 3056.5
1199430 3056.4
1199440 3056.4
1199450 3057.4
1199460 3060.6
1199470 3060.6
1199480 3067.2
1199490 3077.0
1199500 3077.0
1199510 3086.6
1199520 3094.6
1199530 3094.6
1199540 3098.9
1199550 3102.4
1199560 3108.6
1199570 3108.6
1199580 3115.2
1199590 3123.2
1199600 3123.2
1199610 3131.7
1199620 3140.9
1199630 3140.9
1199640 3150.7
1199650 3160.1
1199660 3160.1
1199670 3179.4
1199680 3176.6
1199690 3176.6
1199700 3178.2
1199710 3179.9
1199720 3179.9
1199730 3182.0
1199740 3186.7
1199750 3194.6
1199760 3194.6
1199770 3203.8
1199780 3213.4
1199790 3213.4
1199800 3222.4
1199810 3228.3
1199820 3228.3
1199830 3234.7
1199840 3241.2
1199850 3241.2
1199860 3243.1
1199870 3246.1
1199880 3246.1
1199890 3253.3
1199900 3262.1
1199910 3262.1
1199920 3272.2
1199930 3282.9
1199940 3294.4
1199950 3294.4
1199960 3305.5
1199970 3313.4
1199980 3313.4
1199990 3320.7
