1180000 2735.5
1180010 2730.3
1180020 2730.3
1180030 2726.8
1180040 2723.8
1180050 2723.8
1180060 2721.0
1180070 2718.6
1180080 2718.6
1180090 2716.4
1180100 2713.8
1180110 2713.8
1180120 2710.2
1180130 2706.3
1180140 2702.6
1180150 2702.6
1180160 2699.0
1180170 2694.8
1180180 2699.6
1180190 2696.7
1180200 2694.8
1180210 2694.8
1180220 2692.9
1180230 2689.6
1180240 2689.6
1180250 2686.3
1180260 2681.7
1180270 2681.7
1180280 2675.3
1180290 2669.4
1180300 2669.4
1180310 2665.2
1180320 2661.3
1180330 2657.2
1180340 2657.2
1180350 2654.0
1180360 2652.3
1180370 2652.3
1180380 2649.9
1180390 2647.5
1180400 2647.5
1180410 2646.0
1180420 2645.6
1180430 2645.6
1180440 2643.8
1180450 2643.6
1180460 2643.6
1180470 2643.7
1180480 2643.5
1180490 2643.5
1180500 2644.0
1180510 2646.2
1180520 2646.3
1180530 2646.3
1180540 2647.4
1180550 2650.1
1180560 2650.1
1180570 2655.4
1180580 2659.1
1180590 2659.1
1180600 2666.4
1180610 2669.6
1180620 2669.6
1180630 2672.6
1180640 2674.3
1180650 2674.3
1180660 2675.5
1180670 2676.0
1180680 2676.0
1180690 2676.2
1180700 2677.6
1180710 2678.4
1180720 2678.4
1180730 2678.7
1180740 2679.6
1180750 2679.6
1180760 2682.2
1180770 2686.0
1180780 2686.0
1180790 2692.0
1180800 2698.1
1180810 2698.1
1180820 2704.1
1180830 2711.5
1180840 2711.5
1180850 2717.0
1180860 2720.6
1180870 2720.6
1180880 2727.5
1180890 2732.1
1180900 2728.8
1180910 2728.8
1180920 2725.2
1180930 2723.6
1180940 2723.6
1180950 2722.2
1180960 2719.5
1180970 2719.5
1180980 2715.7
1180990 2711.1
1181000 2711.1
1181010 2715.1
1181020 2713.6
1181030 2713.6
1181040 2711.3
1181050 2710.3
1181060 2710.3
1181070 2710.2
1181080 2711.2
1181090 2713.2
1181100 2713.2
1181110 2716.5
1181120 2720.8
1181130 2720.8
1181140 2723.7
1181150 2727.0
1181160 2727.0
1181170 2730.1
1181180 2732.5
1181190 2732.5
1181200 2734.7
1181210 2738.5
1181220 2738.5
1181230 2742.4
1181240 2746.6
1181250 2746.6
1181260 2751.0
1181270 2756.6
1181280 2762.0
1181290 2762.0
1181300 2768.7
1181310 2778.2
1181320 2778.2
1181330 2787.9
1181340 2797.2
1181350 2797.2
1181360 2804.8
1181370 2810.0
1181380 2810.0
1181390 2818.2
1181400 2825.0
1181410 2825.0
1181420 2831.0
1181430 2844.6
1181440 2853.4
1181450 2853.4
1181460 2860.2
1181470 2865.5
1181480 2865.5
1181490 2870.3
1181500 2876.8
1181510 2876.8
1181520 2883.5
1181530 2889.7
1181540 2889.7
1181550 2895.2
1181560 2900.8
1181570 2900.8
1181580 2907.6
1181590 2910.4
1181600 2910.4
1181610 2912.6
1181620 2917.7
1181630 2922.6
1181640 2922.6
1181650 2926.5
1181660 2932.3
1181670 2932.3
1181680 2938.4
1181690 2942.3
1181700 2942.3
1181710 2942.0
1181720 2935.1
1181730 2935.1
1181740 2926.1
1181750 2918.3
1181760 2918.3
1181770 2911.0
1181780 2904.9
1181790 2904.9
1181800 2899.4
1181810 2893.9
1181820 2886.0
1181830 2886.0
1181840 2876.2
1181850 2860.7
1181860 2860.7
1181870 2851.2
1181880 2843.7
1181890 2843.7
1181900 2837.8
1181910 2832.2
1181920 2832.2
1181930 2826.4
1181940 2820.9
1181950 2820.9
1181960 2815.8
1181970 2812.2
1181980 2812.2
1181990 2810.0
1182000 2807.9
1182010 2805.5
1182020 2805.5
1182030 2803.4
1182040 2801.8
1182050 2801.8
1182060 2799.9
1182070 2798.9
1182080 2798.9
1182090 2797.6
1182100 2797.1
1182110 2797.1
1182120 2795.4
1182130 2792.3
1182140 2792.3
1182150 2789.3
1182160 2786.3
1182170 2786.3
1182180 2783.3
1182190 2778.0
1182200 2773.5
1182210 2773.5
1182220 2769.4
1182230 2765.3
1182240 2765.3
1182250 2761.7
1182260 2759.7
1182270 2759.7
1182280 2758.1
1182290 2757.6
1182300 2757.6
1182310 2757.3
1182320 2756.1
1182330 2756.1
1182340 2753.2
1182350 2752.2
1182360 2752.2
1182370 2752.1
1182380 2752.9
1182390 2754.0
1182400 2754.0
1182410 2754.2
1182420 2752.2
1182430 2752.2
1182440 2750.1
1182450 2747.5
1182460 2747.5
1182470 2745.5
1182480 2744.4
1182490 2744.4
1182500 2744.5
1182510 2744.5
1182520 2744.5
1182530 2744.6
1182540 2744.6
1182550 2744.6
1182560 2744.2
1182570 2742.4
1182580 2740.1
1182590 2740.1
1182600 2737.5
1182610 2734.9
1182620 2734.9
1182630 2732.8
1182640 2733.9
1182650 2733.9
1182660 2737.0
1182670 2740.3
1182680 2735.0
1182690 2738.9
1182700 2744.0
1182710 2744.0
1182720 2748.1
1182730 2749.9
1182740 2749.9
1182750 2748.7
1182760 2747.8
1182770 2748.4
1182780 2748.4
1182790 2748.0
1182800 2747.1
1182810 2747.1
1182820 2747.1
1182830 2750.7
1182840 2750.7
1182850 2755.9
1182860 2760.5
1182870 2760.5
1182880 2764.1
1182890 2769.1
1182900 2769.1
1182910 2774.1
1182920 2780.2
1182930 2780.2
1182940 2783.0
1182950 2783.6
1182960 2789.1
1182970 2789.1
1182980 2795.8
1182990 2798.8
1183000 2798.8
1183010 2803.0
1183020 2808.7
1183030 2808.7
1183040 2817.0
1183050 2817.7
1183060 2817.7
1183070 2816.5
1183080 2818.3
1183090 2818.3
1183100 2814.8
1183110 2818.3
1183120 2818.3
1183130 2822.1
1183140 2824.1
1183150 2818.8
1183160 2818.8
1183170 2813.3
1183180 2810.3
1183190 2810.3
1183200 2809.3
1183210 2809.1
1183220 2809.1
1183510 2702.4
1189960 2880.2
1189970 2880.2
1189980 2896.2
1189990 2909.5
1190000 2909.5
1190010 2928.2
1190020 2938.1
1190030 2938.1
1190040 2940.5
1190050 2944.5
1190060 2944.5
1190070 2945.9
1190080 2943.9
1190090 2938.2
1190100 2938.2
1190110 2932.5
1190120 2926.1
1190130 2926.1
1190140 2922.2
1190150 2919.7
1190160 2919.7
1190170 2916.7
1190180 2912.6
1190190 2912.6
1190200 2906.5
1190210 2902.3
1190220 2902.3
1190230 2898.6
1190240 2896.4
1190250 2896.4
1190260 2896.4
1190270 2895.9
1190280 2896.5
1190290 2896.5
1190300 2897.9
1190310 2905.4
1190320 2905.4
1190330 2907.2
1190340 2909.3
1190350 2909.3
1190360 2912.8
1190370 2916.5
1190380 2916.5
1190390 2919.9
1190400 2924.1
1190410 2924.1
1190420 2929.3
1190430 2933.9
1190440 2933.9
1190450 2938.6
1190460 2944.2
1190470 2950.3
1190480 2950.3
1190490 2957.3
1190500 2964.9
1190510 2964.9
1190520 2972.5
1190530 2978.8
1190540 2978.8
1190550 2986.4
1190560 2992.9
1190570 2992.9
1190580 2998.9
1190590 3007.8
1190600 3007.8
1190610 3017.5
1190620 3026.3
1190630 3026.3
1190640 3031.1
1190650 3034.2
1190660 3040.0
1190670 3040.0
1190680 3047.2
1190690 3051.4
1190700 3051.4
1190710 3050.5
1190720 3043.5
1190730 3043.5
1190740 3034.1
1190750 3023.8
1190760 3023.8
1190770 3016.5
1190780 3009.0
1190790 3009.0
1190800 3002.6
1190810 2995.0
1190820 2995.0
1190830 2988.2
1190840 2982.6
1190850 2977.0
1190860 2977.0
1190870 2971.6
1190880 2966.4
1190890 2966.4
1190900 2961.4
1190910 2957.7
1190920 2957.7
1190930 2954.1
1190940 2950.9
1190950 2950.9
1190960 2948.0
1190970 2943.8
1190980 2943.8
1190990 2940.9
1191000 2938.7
1191010 2938.7
1191020 2937.0
1191030 2936.6
1191040 2935.8
1191050 2935.8
1191060 2935.2
1191070 2934.0
1191080 2934.0
1191090 2933.1
1191100 2932.1
1191110 2932.1
1191120 2931.7
1191130 2932.4
1191140 2932.4
1191150 2933.8
1191160 2935.2
1191170 2928.8
1191180 2930.0
1191190 2931.7
1191200 2931.7
1191210 2933.0
1191220 2933.7
1191230 2934.6
1191240 2934.6
1191250 2935.7
1191260 2935.9
1191270 2935.9
1191280 2935.6
1191290 2935.8
1191300 2935.8
1191310 2936.2
1191320 2936.6
1191330 2936.6
1191340 2937.3
1191350 2938.0
1191360 2938.0
1191370 2937.4
1191380 2937.0
1191390 2937.0
1191400 2938.2
1191410 2938.6
1191420 2939.1
1191430 2939.1
1191440 2941.8
1191450 2946.4
1191460 2946.4
1191470 2948.8
1191480 2947.7
1191490 2947.7
1191500 2946.2
1191510 2944.8
1191520 2944.8
1191530 2942.2
1191540 2941.5
1191550 2941.5
1191560 2940.9
1191570 2939.0
1191580 2939.0
1191590 2935.8
1191600 2924.2
1191610 2920.4
1191620 2920.4
1191630 2917.1
1191640 2914.2
1191650 2914.2
1191660 2910.7
1191670 2906.0
1191680 2906.0
1191690 2901.4
1191700 2896.9
1191710 2896.9
1191720 2892.0
1191730 2883.9
1191740 2883.9
1191750 2874.9
1191760 2869.4
1191770 2869.4
1191780 2866.8
1191790 2866.6
1191800 2868.0
1191810 2868.0
1191820 2867.2
1191830 2864.9
1191840 2864.9
1191850 2862.1
1191860 2859.4
1191870 2859.4
1191880 2856.7
1191890 2853.9
1191900 2853.9
1191910 2851.5
1191920 2850.0
1191930 2850.0
1191940 2849.1
1191950 2848.2
1191960 2848.2
1191970 2846.4
1191980 2843.0
1191990 2840.1
1192000 2840.1
1192010 2838.0
1192020 2835.8
1192030 2836.1
1192040 2833.1
1192050 2830.4
1192060 2830.4
1192070 2827.9
1192080 2825.3
1192090 2825.3
1192100 2822.2
1192110 2819.1
1192120 2819.1
1192130 2816.3
1192140 2813.4
1192150 2813.4
1192160 2809.9
1192170 2806.2
1192180 2802.6
1192190 2802.6
1192200 2799.0
1192210 2795.4
1192220 2795.4
1192230 2792.2
1192240 2789.2
1192250 2789.2
1192260 2786.5
1192270 2785.4
1192280 2785.4
1192290 2784.7
1192300 2784.0
1192310 2784.0
1192320 2783.4
1192330 2783.0
1192340 2783.0
1192350 2782.5
1192360 2782.1
1192370 2782.3
1192380 2782.3
1192390 2783.3
1192400 2784.4
1192410 2784.4
1192420 2784.0
1192430 2783.2
1192440 2783.2
1192450 2781.9
1192460 2782.7
1192470 2782.7
1192480 2781.7
1192490 2780.6
1192500 2780.6
1192510 2779.6
1192520 2778.7
1192530 2777.8
1192540 2777.8
1192550 2776.4
1192560 2775.1
1192570 2775.1
1192580 2774.0
1192590 2773.7
1192600 2773.7
1192610 2773.6
1192620 2770.4
1192630 2770.4
1192640 2768.8
1192650 2772.0
1192660 2772.0
1192670 2776.3
1192680 2780.7
1192690 2780.7
1192700 2780.8
1192710 2780.1
1192720 2777.9
1192730 2777.9
1192740 2778.2
1192750 2780.8
1192760 2780.8
1192770 2781.4
1192780 2782.1
1192790 2782.1
1192800 2782.9
1192810 2783.4
1192820 2783.4
1192830 2784.4
1192840 2786.0
1192850 2786.0
1192860 2787.0
1192870 2788.2
1192880 2788.2
1192890 2789.8
1192900 2794.3
1192910 2795.2
1192920 2795.2
1192930 2795.4
1192940 2795.7
1192950 2795.7
1192960 2796.1
1192970 2796.6
1192980 2796.6
1192990 2797.0
1193000 2797.6
1193010 2797.6
1193020 2798.0
1193030 2798.4
1193040 2798.4
1193050 2798.6
1193060 2798.7
1193070 2798.7
1193080 2798.4
1193090 2798.0
1193100 2798.3
1193110 2798.3
1193120 2798.4
1193130 2798.0
1193140 2798.0
1193150 2797.2
1193160 2796.1
1193170 2796.1
1193180 2794.7
1193190 2793.3
1193200 2793.3
1193210 2792.4
1193220 2791.8
1193230 2791.8
1193240 2790.9
1193250 2789.9
1193260 2789.9
1193270 2789.2
1193280 2789.6
1193290 2790.4
1193300 2790.4
1193310 2790.8
1193320 2789.6
1193330 2790.4
1193340 2787.2
1193350 2786.2
1193360 2786.2
1193370 2785.4
1193380 2783.4
1193390 2783.4
1193400 2782.1
1193410 2783.1
1193420 2783.1
1193430 2785.1
1193440 2786.3
1193450 2786.3
1193460 2786.8
1193470 2788.2
1193480 2792.9
1193490 2792.9
1193500 2796.4
1193510 2799.2
1193520 2799.2
1193530 2802.4
1193540 2807.0
1193550 2807.0
1193560 2814.5
1193570 2822.2
1193580 2822.2
1193590 2831.9
1193600 2848.7
1193610 2848.7
1193620 2867.5
1193630 2878.4
1193640 2878.4
1193650 2887.7
1193660 2894.9
1193670 2906.5
1193680 2906.5
1193690 2920.9
1193700 2932.6
1193710 2932.6
1193720 2937.4
1193730 2932.0
1193740 2932.0
1193750 2925.2
1193760 2927.8
1193770 2927.8
1193780 2920.0
1193790 2915.9
1193800 2915.9
1193810 2912.2
1193820 2909.9
1193830 2909.9
1193840 2905.8
1193850 2901.5
1193860 2894.1
1193870 2894.1
1193880 2886.5
1193890 2881.5
1193900 2881.5
1193910 2877.1
1193920 2871.6
1193930 2871.6
1193940 2864.7
1193950 2857.2
1193960 2857.2
1193970 2849.1
1193980 2841.7
1193990 2841.7
1194000 2834.1
1194010 2824.7
1194020 2824.7
1194030 2816.9
1194040 2810.8
1194050 2807.1
1194060 2807.1
1194070 2804.9
1194080 2802.0
1194090 2802.0
1194100 2798.7
1194110 2797.1
1194120 2797.1
1194130 2796.5
1194140 2795.2
1194150 2795.2
1194160 2794.3
1194170 2793.7
1194180 2793.7
1194190 2794.2
1194200 2800.6
1194210 2800.6
1194220 2802.1
1194230 2802.3
1194240 2802.3
1194250 2802.3
1194260 2802.0
1194270 2801.7
1194280 2801.7
1194290 2800.8
1194300 2798.6
1194310 2798.6
1194320 2795.3
1194330 2792.4
1194340 2792.4
1194350 2789.8
1194360 2787.8
1194370 2787.8
1194380 2785.8
1194390 2783.8
1194400 2783.8
1194410 2782.6
1194420 2781.0
1194430 2780.3
1194440 2780.3
1194450 2779.2
1194460 2778.2
1194470 2778.2
1194480 2777.4
1194490 2775.8
1194500 2775.8
1194510 2774.2
1194520 2772.3
1194530 2772.3
1194540 2770.1
1194550 2768.6
1194560 2768.6
1194570 2767.3
1194580 2764.8
1194590 2764.8
1194600 2763.3
1194610 2762.2
1194620 2761.0
1194630 2764.1
1194640 2763.9
1194650 2763.1
1194660 2763.1
1194670 2762.3
1194680 2761.8
1194690 2761.8
1194700 2762.1
1194710 2762.5
1194720 2762.5
1194730 2763.6
1194740 2764.3
1194750 2764.3
1194760 2764.6
1194770 2764.1
1194780 2764.1
1194790 2763.3
1194800 2761.0
1194810 2760.0
1194820 2760.0
1194830 2760.1
1194840 2758.7
1194850 2758.7
1194860 2758.0
1194870 2758.1
1194880 2758.1
1194890 2758.7
1194900 2758.6
1194910 2758.6
1194920 2760.1
1194930 2765.3
1194940 2765.3
1194950 2772.6
1194960 2775.1
1194970 2775.9
1194980 2775.9
1194990 2776.2
1195000 2779.0
1195010 2779.0
1195020 2782.3
1195030 2784.1
1195040 2784.1
1195050 2785.1
1195060 2786.3
1195070 2791.8
1195080 2791.3
1195090 2790.7
1195100 2790.7
1195110 2789.9
1195120 2790.3
1195130 2790.3
1195140 2790.3
1195150 2789.4
1195160 2790.1
1195170 2790.1
1195180 2789.6
1195190 2790.1
1195200 2790.1
1195210 2791.1
1195220 2791.5
1195230 2791.5
1195240 2792.9
1195250 2793.0
1195260 2793.0
1195270 2791.9
1195280 2790.6
1195290 2790.6
1195300 2789.6
1195310 2788.7
1195320 2788.7
1195330 2786.2
1195340 2787.4
1195350 2787.4
1195360 2787.4
1195370 2788.1
1195380 2787.3
1195390 2787.3
1195400 2786.4
1195410 2787.8
1195420 2787.8
1195430 2788.4
1195440 2787.0
1195450 2787.0
1195460 2787.1
1195470 2786.6
1195480 2786.6
1195490 2791.0
1195500 2796.2
1195510 2802.7
1195520 2805.2
1195530 2801.7
1195540 2798.3
1195550 2798.3
1195560 2800.8
1195570 2804.1
1195580 2804.1
1195590 2804.9
1195600 2801.9
1195610 2801.9
1195620 2802.4
1195630 2800.1
1195640 2800.1
1195650 2803.0
1195660 2802.9
1195670 2802.9
1195680 2803.6
1195690 2806.3
1195700 2806.3
1195710 2807.7
1195720 2808.8
1195730 2808.3
1195740 2808.3
1195750 2804.4
1195760 2800.0
1195770 2800.0
1195780 2792.3
1195790 2784.3
1195800 2784.3
1195810 2775.5
1195820 2767.7
1195830 2767.7
1195840 2760.0
1195850 2751.5
1195860 2751.5
1195870 2745.0
1195880 2738.9
1195890 2738.9
1195900 2733.6
1195910 2729.6
1195920 2724.5
1195930 2724.5
1195940 2720.7
1195950 2716.1
1195960 2716.1
1195970 2712.6
1195980 2709.5
1195990 2709.5
1196000 2706.8
1196010 2704.5
1196020 2704.5
1196030 2703.0
1196040 2701.7
1196050 2701.7
1196060 2700.9
1196070 2700.0
1196080 2700.0
1196090 2699.1
1196100 2698.4
1196110 2698.5
1196120 2698.5
1196130 2698.5
1196140 2698.9
1196150 2698.9
1196160 2699.9
1196170 2700.9
1196180 2700.9
1196190 2701.6
1196200 2701.8
1196210 2701.8
1196220 2709.1
1196230 2716.4
1196240 2716.4
1196250 2718.5
1196260 2722.0
1196270 2722.0
1196280 2725.0
1196290 2724.8
1196300 2727.0
1196310 2727.0
1196320 2728.9
1196330 2730.7
1196340 2730.7
1196350 2733.2
1196360 2736.4
1196370 2736.4
1196380 2747.3
1196390 2752.6
1196400 2752.6
1196410 2760.4
1196420 2770.3
1196430 2770.3
1196440 2787.9
1196450 2799.6
1196460 2799.6
1196470 2805.9
1196480 2811.5
1196490 2819.7
1196500 2819.7
1196510 2830.6
1196520 2840.4
1196530 2840.4
1196540 2846.4
1196550 2845.1
1196560 2845.1
1196570 2845.2
1196580 2845.6
1196590 2845.6
1196600 2851.7
1196610 2855.0
1196620 2855.0
1196630 2857.9
1196640 2861.9
1196650 2861.9
1196660 2867.6
1196670 2880.5
1196680 2892.9
1196690 2892.9
1196700 2897.2
1196710 2903.1
1196720 2903.1
1196730 2906.2
1196740 2897.3
1196750 2897.3
1196760 2894.8
1196770 2896.0
1196780 2896.0
1196790 2893.4
1196800 2890.0
1196810 2890.0
1196820 2894.1
1196830 2894.7
1196840 2894.7
1196850 2895.3
1196860 2896.1
1196870 2897.0
1196880 2897.0
1196890 2897.9
1196900 2898.9
1196910 2898.9
1196920 2900.0
1196930 2901.0
1196940 2901.0
1196950 2902.2
1196960 2903.6
1196970 2903.6
1196980 2904.9
1196990 2906.1
1197000 2906.1
1197010 2907.2
1197020 2908.3
1197030 2908.3
1197040 2909.1
1197050 2909.6
1197060 2909.9
1197070 2909.9
1197080 2909.8
1197090 2909.4
1197100 2909.4
1197110 2909.0
1197120 2908.8
1197130 2908.8
1197140 2908.9
1197150 2909.0
1197160 2909.0
1197170 2909.2
1197180 2909.4
1197190 2909.4
1197200 2909.6
1197210 2909.8
1197220 2909.8
1197230 2909.9
1197240 2910.0
1197250 2910.1
1197260 2911.9
1197270 2911.9
1197280 2912.0
1197290 2912.0
1197300 2912.1
1197310 2912.2
1197320 2912.2
1197330 2912.4
1197340 2912.6
1197350 2912.6
1197360 2912.8
1197370 2913.2
1197380 2913.2
1197390 2913.5
1197400 2913.9
1197410 2913.9
1197420 2914.3
1197430 2914.8
1197440 2915.3
1197450 2915.3
1197460 2915.9
1197470 2916.5
1197480 2916.5
1197490 2917.0
1197500 2917.6
1197510 2917.6
1197520 2918.1
1197530 2918.6
1197540 2918.6
1197550 2918.9
1197560 2919.2
1197570 2919.2
1197580 2919.5
1197590 2919.8
1197600 2919.9
1197610 2919.9
1197620 2919.8
1197630 2919.7
1197640 2919.7
1197650 2919.5
1197660 2919.3
1197670 2919.3
1197680 2919.1
1197690 2918.8
1197700 2920.0
1197710 2919.6
1197720 2919.3
1197730 2919.3
1197740 2919.0
1197750 2918.8
1197760 2918.8
1197770 2918.4
1197780 2918.1
1197790 2917.8
1197800 2917.8
1197810 2917.5
1197820 2917.3
1197830 2917.3
1197840 2917.0
1197850 2916.7
1197860 2916.7
1197870 2916.3
1197880 2916.0
1197890 2916.0
1197900 2915.7
1197910 2915.3
1197920 2915.3
1197930 2915.0
1197940 2914.6
1197950 2914.6
1197960 2914.4
1197970 2914.1
1197980 2913.8
1197990 2913.8
1198000 2913.6
1198010 2913.3
1198020 2913.3
1198030 2913.2
1198040 2913.1
1198050 2913.1
1198060 2912.3
1198070 2912.5
1198080 2912.5
1198090 2912.6
1198100 2912.5
1198110 2912.5
1198120 2912.1
1198130 2912.1
1198140 2913.7
1198150 2913.3
1198160 2912.4
1198170 2913.1
1198180 2913.1
1198190 2912.8
1198200 2912.0
1198210 2912.0
1198220 2911.7
1198230 2911.3
1198240 2911.3
1198250 2911.0
1198260 2910.3
1198270 2910.3
1198280 2907.8
1198290 2906.5
1198300 2906.5
1198310 2907.8
1198320 2905.9
1198330 2905.9
1198340 2906.0
1198350 2906.1
1198360 2896.6
1198370 2896.6
1198380 2894.9
1198390 2900.4
1198400 2900.4
1198410 2898.7
1198420 2894.2
1198430 2894.2
1198440 2887.6
1198450 2889.2
1198460 2889.2
1198470 2892.4
1198480 2890.9
1198490 2890.9
1198500 2885.6
1198510 2877.3
1198520 2877.3
1198530 2874.0
1198540 2874.8
1198550 2876.4
1198560 2876.4
1198570 2876.7
1198580 2877.1
1198590 2877.1
1198600 2876.4
1198610 2876.9
1198620 2876.9
1198630 2876.0
1198640 2873.5
1198650 2873.5
1198660 2871.5
1198670 2868.9
1198680 2868.9
1198690 2863.3
1198700 2859.5
1198710 2859.5
1198720 2859.4
1198730 2860.4
1198740 2858.2
1198750 2858.2
1198760 2856.2
1198770 2857.9
1198780 2857.9
1198790 2857.6
1198800 2856.7
1198810 2856.7
1198820 2853.7
1198830 2851.5
1198840 2851.5
1198850 2850.8
1198860 2850.4
1198870 2850.4
1198880 2850.6
1198890 2850.4
1198900 2850.4
1198910 2850.5
1198920 2850.3
1198930 2849.2
1198940 2849.2
1198950 2847.8
1198960 2846.0
1198970 2846.0
1198980 2845.5
1198990 2846.2
1199000 2846.2
1199010 2847.3
1199020 2850.1
1199030 2850.1
1199040 2850.5
1199050 2850.4
1199060 2850.4
1199070 2850.0
1199080 2849.6
1199090 2849.6
1199100 2849.2
1199110 2848.9
1199120 2848.7
1199130 2848.7
1199140 2848.5
1199150 2848.2
1199160 2848.2
1199170 2847.9
1199180 2847.4
1199190 2847.4
1199200 2847.1
1199210 2846.8
1199220 2846.8
1199230 2846.5
1199240 2846.2
1199250 2846.2
1199260 2845.8
1199270 2845.4
1199280 2845.4
1199290 2845.2
1199300 2844.9
1199310 2844.8
1199320 2844.8
1199330 2844.8
1199340 2844.7
1199350 2844.7
1199360 2844.5
1199370 2844.0
1199380 2844.0
1199390 2843.5
1199400 2842.8
1199410 2842.8
1199420 2841.8
1199430 2840.9
1199440 2840.9
1199450 2839.9
1199460 2839.2
1199470 2839.2
1199480 2838.4
1199490 2837.4
1199500 2836.5
1199510 2836.5
1199520 2835.9
1199530 2834.4
1199540 2834.4
1199550 2832.5
1199560 2831.3
1199570 2831.3
1199580 2832.4
1199590 2835.3
1199600 2835.3
1199610 2838.5
1199620 2842.0
1199630 2842.0
1199640 2845.9
1199650 2850.1
1199660 2850.1
1199670 2854.8
1199680 2859.4
1199690 2864.5
1199700 2864.5
1199710 2869.0
1199720 2873.1
1199730 2873.1
1199740 2877.3
1199750 2880.8
1199760 2880.8
1199770 2884.4
1199780 2887.4
1199790 2887.4
1199800 2890.8
1199810 2893.9
1199820 2893.9
1199830 2896.4
1199840 2899.0
1199850 2899.0
1199860 2901.6
1199870 2903.7
1199880 2905.3
1199890 2905.3
1199900 2907.1
1199910 2908.6
1199920 2908.6
1199930 2910.2
1199940 2911.7
1199950 2911.7
1199960 2913.2
1199970 2914.9
1199980 2914.9
1199990 2916.6
