1180000 2515.7
1180010 2515.7
1180020 2513.9
1180030 2513.2
1180040 2513.2
1180050 2512.0
1180060 2511.4
1180070 2511.4
1180080 2512.0
1180090 2512.3
1180100 2512.3
1180110 2513.7
1180120 2516.2
1180130 2518.4
1180140 2518.4
1180150 2521.0
1180160 2522.8
1180170 2522.8
1180180 2524.8
1180190 2527.3
1180200 2527.3
1180210 2529.6
1180220 2531.9
1180230 2531.9
1180240 2534.6
1180250 2537.7
1180260 2537.7
1180270 2542.5
1180280 2548.0
1180290 2548.0
1180300 2551.4
1180310 2553.5
1180320 2553.7
1180330 2553.7
1180340 2553.0
1180350 2552.4
1180360 2552.4
1180370 2551.9
1180380 2551.7
1180390 2551.7
1180400 2552.7
1180410 2554.2
1180420 2554.2
1180430 2556.8
1180440 2557.9
1180450 2557.9
1180460 2558.6
1180470 2558.8
1180480 2558.8
1180490 2559.5
1180500 2559.4
1180510 2560.2
1180520 2560.2
1180530 2563.1
1180540 2566.0
1180550 2566.0
1180560 2568.8
1180570 2571.4
1180580 2571.4
1180590 2574.8
1180600 2577.9
1180610 2577.9
1180620 2579.8
1180630 2582.1
1180640 2582.1
1180650 2585.5
1180660 2588.1
1180670 2588.1
1180680 2591.5
1180690 2596.4
1180700 2601.9
1180710 2601.9
1180720 2607.0
1180730 2611.0
1180740 2611.0
1180750 2613.1
1180760 2617.0
1180770 2617.0
1180780 2622.6
1180790 2629.1
1180800 2629.1
1180810 2636.1
1180820 2643.4
1180830 2643.4
1180840 2652.0
1180850 2659.0
1180860 2659.0
1180870 2664.8
1180880 2671.3
1180890 2678.9
1180900 2678.9
1180910 2680.6
1180920 2677.4
1180930 2677.4
1180940 2673.9
1180950 2670.4
1180960 2670.4
1180970 2667.7
1180980 2666.2
1180990 2666.2
1181000 2665.1
1181010 2664.4
1181020 2664.4
1181030 2663.4
1181040 2662.6
1181050 2662.6
1181060 2662.4
1181070 2662.5
1181080 2664.1
1181090 2664.1
1181100 2666.7
1181110 2669.1
1181120 2669.1
1181130 2671.4
1181140 2674.3
1181150 2674.3
1181160 2678.4
1181170 2682.6
1181180 2682.6
1181190 2686.8
1181200 2691.3
1181210 2691.3
1181220 2696.0
1181230 2700.5
1181240 2700.5
1181250 2704.1
1181260 2706.1
1181270 2707.2
1181280 2707.2
1181290 2708.2
1181300 2709.5
1181310 2709.5
1181320 2711.4
1181330 2714.1
1181340 2714.1
1181350 2716.0
1181360 2717.5
1181370 2717.5
1181380 2718.9
1181390 2720.3
1181400 2720.3
1181410 2721.5
1181420 2722.3
1181430 2722.3
1181440 2723.3
1181450 2724.6
1181460 2725.8
1181470 2725.8
1181480 2727.3
1181490 2728.8
1181500 2728.8
1181510 2730.5
1181520 2732.7
1181530 2732.7
1181540 2734.9
1181550 2737.3
1181560 2737.3
1181570 2740.3
1181580 2743.9
1181590 2743.9
1181600 2748.4
1181610 2753.9
1181620 2753.9
1181630 2759.8
1181640 2765.6
1181650 2770.5
1181660 2770.5
1181670 2775.2
1181680 2779.0
1181690 2779.0
1181700 2781.6
1181710 2783.4
1181720 2783.4
1181730 2785.5
1181740 2790.7
1181750 2790.7
1181760 2793.5
1181770 2795.4
1181780 2795.4
1181790 2796.0
1181800 2797.3
1181810 2797.3
1181820 2797.1
1181830 2797.5
1181840 2798.1
1181850 2798.1
1181860 2799.5
1181870 2800.9
1181880 2800.9
1181890 2802.7
1181900 2804.2
1181910 2804.2
1181920 2804.6
1181930 2804.4
1181940 2804.4
1181950 2804.8
1181960 2805.6
1181970 2805.6
1181980 2806.0
1181990 2807.4
1182000 2807.4
1182010 2810.1
1182020 2816.6
1182030 2825.3
1182040 2825.3
1182050 2832.4
1182060 2836.2
1182070 2836.2
1182080 2839.1
1182090 2842.3
1182100 2842.3
1182110 2846.2
1182120 2848.8
1182130 2848.8
1182140 2851.8
1182150 2856.3
1182160 2856.9
1182170 2861.1
1182180 2863.4
1182190 2865.7
1182200 2865.7
1182210 2867.7
1182220 2869.5
1182230 2869.5
1182240 2871.6
1182250 2872.4
1182260 2872.4
1182270 2873.0
1182280 2875.8
1182290 2875.8
1182300 2879.4
1182310 2881.3
1182320 2881.3
1182330 2883.1
1182340 2885.2
1182350 2885.2
1182360 2887.1
1182370 2890.9
1182380 2895.8
1182390 2895.8
1182400 2901.0
1182410 2906.6
1182420 2906.6
1182430 2911.3
1182440 2916.0
1182450 2916.0
1182460 2920.4
1182470 2924.2
1182480 2924.2
1182490 2928.0
1182500 2932.9
1182510 2932.9
1182520 2939.7
1182530 2947.0
1182540 2947.0
1182550 2954.9
1182560 2963.9
1182570 2971.2
1182580 2972.5
1182590 2979.7
1182600 2987.5
1182610 2987.5
1182620 2993.5
1182630 2999.6
1182640 2999.6
1182650 3006.4
1182660 3014.9
1182670 3014.9
1182680 3022.1
1182690 3025.6
1182700 3025.6
1182710 3021.5
1182720 3017.0
1182730 3017.0
1182740 3012.9
1182750 3008.8
1182760 3005.0
1182770 3005.0
1182780 3001.5
1182790 2999.2
1182800 2999.2
1182810 2998.7
1182820 2998.7
1182830 2998.7
1182840 2997.6
1182850 2997.7
1182860 2997.7
1182870 2998.6
1182880 2999.7
1182890 2999.7
1182900 3001.2
1182910 3001.2
1182920 3001.2
1182930 2998.5
1182940 2993.2
1182950 2985.6
1182960 2985.6
1182970 2981.7
1182980 2978.4
1182990 2978.4
1183000 2982.2
1183010 2979.1
1183020 2979.1
1183030 2976.3
1183040 2971.6
1183050 2971.6
1183060 2968.2
1183070 2966.1
1183080 2966.1
1183090 2963.9
1183100 2962.2
1183110 2962.2
1183120 2960.6
1183130 2960.0
1183140 2962.3
1183150 2962.3
1183160 2966.7
1183170 2966.6
1183180 2966.6
1183190 2963.6
1183200 2959.8
1183210 2959.8
1183220 2956.6
1183230 2953.0
1183240 2953.0
1183250 2949.5
1183260 2946.0
1183270 2946.0
1183280 2943.4
1183290 2942.6
1183300 2942.6
1183310 2942.3
1183320 2941.3
1183330 2942.8
1183340 2942.8
1183350 2942.8
1183360 2940.5
1183370 2940.5
1183380 2938.0
1183390 2935.0
1183400 2935.0
1183410 2931.8
1183420 2930.6
1183430 2930.6
1183440 2927.9
1183450 2924.5
1183460 2924.5
1183470 2922.1
1183480 2918.6
1183490 2918.6
1183500 2914.4
1183510 2908.9
1183520 2904.5
1183530 2904.5
1183540 2899.4
1183550 2892.8
1183560 2892.8
1183570 2887.8
1183580 2884.0
1183590 2884.0
1183600 2880.0
1183610 2875.8
1183620 2875.8
1183630 2871.9
1183640 2871.7
1183650 2871.7
1183660 2871.6
1183670 2868.8
1183680 2868.8
1183690 2870.4
1183700 2871.1
1183710 2872.5
1183720 2872.5
1183730 2873.7
1183740 2873.6
1183750 2873.6
1183760 2874.0
1183770 2875.5
1183780 2875.5
1183790 2877.2
1183800 2877.8
1183810 2877.8
1183820 2876.0
1183830 2874.9
1183840 2871.0
1183850 2870.6
1183860 2870.7
1183870 2870.7
1183880 2869.7
1183890 2870.4
1183900 2871.3
1183910 2871.3
1183920 2870.7
1183930 2871.2
1183940 2871.2
1183950 2872.4
1183960 2873.8
1183970 2873.8
1183980 2874.9
1183990 2876.4
1184000 2876.4
1184010 2877.2
1184020 2879.1
1184030 2879.1
1184040 2882.0
1184050 2883.9
1184060 2883.9
1184070 2881.0
1184080 2878.0
1184090 2881.8
1184100 2881.8
1184110 2884.7
1184120 2882.6
1184130 2882.6
1184140 2881.5
1184150 2880.3
1184160 2880.3
1184170 2877.2
1184180 2872.0
1184190 2872.0
1184200 2869.8
1184210 2868.1
1184220 2868.1
1184230 2868.0
1184240 2866.2
1184250 2866.2
1184260 2853.9
1184270 2848.0
1184280 2846.6
1184290 2846.6
1184300 2845.7
1184310 2842.7
1184320 2842.7
1184330 2841.1
1184340 2840.6
1184350 2840.6
1184360 2840.0
1184370 2838.0
1184380 2838.0
1184390 2835.4
1184400 2833.7
1184410 2833.7
1184420 2832.8
1184430 2832.8
1184440 2832.8
1184450 2835.6
1184460 2839.8
1184470 2842.9
1184480 2842.9
1184490 2844.2
1184500 2844.4
1184510 2844.4
1184520 2846.7
1184530 2850.2
1184540 2850.2
1184550 2852.5
1184560 2855.8
1184570 2855.8
1184580 2860.8
1184590 2863.0
1184600 2863.0
1184610 2865.0
1184620 2864.8
1184630 2864.8
1184640 2857.3
1184650 2848.7
1184660 2851.3
1184670 2851.3
1184680 2844.0
1184690 2842.0
1184700 2842.0
1184710 2839.4
1184720 2838.8
1184730 2838.8
1184740 2839.2
1184750 2839.5
1184760 2839.5
1184770 2839.4
1184780 2840.3
1184790 2840.3
1184800 2842.0
1184810 2846.4
1184820 2846.4
1184830 2852.6
1184840 2858.8
1184850 2865.7
1184860 2865.7
1184870 2868.0
1184880 2867.6
1184890 2867.6
1184900 2867.5
1184910 2867.4
1184920 2867.4
1184930 2868.1
1184940 2869.0
1184950 2869.0
1184960 2868.7
1184970 2868.7
1184980 2868.7
1184990 2869.5
1185000 2870.0
1185010 2870.0
1185020 2870.7
1185030 2871.0
1185040 2872.0
1185050 2872.0
1185060 2873.7
1185070 2875.1
1185080 2875.1
1185090 2878.8
1185100 2871.3
1185110 2871.3
1185120 2871.8
1185130 2872.4
1185140 2872.4
1185150 2872.6
1185160 2873.4
1185170 2873.4
1185180 2873.9
1185190 2875.2
1185200 2875.2
1185210 2878.4
1185220 2879.9
1185230 2882.0
1185240 2882.0
1185250 2884.6
1185260 2886.2
1185270 2886.2
1185280 2887.7
1185290 2889.5
1185300 2889.5
1185310 2892.4
1185320 2894.8
1185330 2894.8
1185340 2896.3
1185350 2898.5
1185360 2898.5
1185370 2901.9
1185380 2904.2
1185390 2904.2
1185400 2907.1
1185410 2909.4
1185420 2913.7
1185430 2913.7
1185440 2917.8
1185450 2921.2
1185460 2921.2
1185470 2925.6
1185480 2931.3
1185490 2931.3
1185500 2937.7
1185510 2940.7
1185520 2935.5
1185530 2937.1
1185540 2938.4
1185550 2938.4
1185560 2939.6
1185570 2941.4
1185580 2941.4
1185590 2942.8
1185600 2942.7
1185610 2941.1
1185620 2941.1
1185630 2938.4
1185640 2934.9
1185650 2934.9
1185660 2930.4
1185670 2925.4
1185680 2925.4
1185690 2921.4
1185700 2917.6
1185710 2917.6
1185720 2914.0
1185730 2909.1
1185740 2909.1
1185750 2904.4
1185760 2899.9
1185770 2899.9
1185780 2895.5
1185790 2891.4
1185800 2887.9
1185810 2887.9
1185820 2885.2
1185830 2882.5
1185840 2882.5
1185850 2880.0
1185860 2877.6
1185870 2877.6
1185880 2876.1
1185890 2874.3
1185900 2874.3
1185910 2870.8
1185920 2865.8
1185930 2865.8
1185940 2861.0
1185950 2858.9
1185960 2858.9
1185970 2856.8
1185980 2854.6
1185990 2853.1
1186000 2853.1
1186010 2851.4
1186020 2849.0
1186030 2849.0
1186040 2847.8
1186050 2846.7
1186060 2846.7
1186070 2845.1
1186080 2843.5
1186090 2843.5
1186100 2842.3
1186110 2841.1
1186120 2841.1
1186130 2839.1
1186140 2835.9
1186150 2835.9
1186160 2833.0
1186170 2832.5
1186180 2834.6
1186190 2834.6
1186200 2837.3
1186210 2838.9
1186220 2838.9
1186230 2838.6
1186240 2837.0
1186250 2837.0
1186260 2835.3
1186270 2833.5
1186280 2833.5
1186290 2830.9
1186300 2826.9
1186310 2826.9
1186320 2822.0
1186330 2817.5
1186340 2814.8
1186350 2814.8
1186360 2812.9
1186370 2811.7
1186380 2811.7
1186390 2810.0
1186400 2807.7
1186410 2807.7
1186420 2805.5
1186430 2804.2
1186440 2804.2
1186450 2802.6
1186460 2799.9
1186470 2799.9
1186480 2797.0
1186490 2797.0
1186500 2797.0
1186510 2796.3
1186520 2794.2
1186530 2793.8
1186540 2793.8
1186550 2793.7
1186560 2794.3
1186570 2794.3
1186580 2795.4
1186590 2796.5
1186600 2796.5
1186610 2798.0
1186620 2798.5
1186630 2798.5
1186640 2798.3
1186650 2798.8
1186660 2798.8
1186670 2800.9
1188790 2700.0
1188800 2701.5
1188810 2703.1
1188820 2703.1
1188830 2705.4
1188840 2710.2
1188850 2710.2
1188860 2716.8
1188870 2721.6
1188880 2721.6
1188890 2726.5
1188900 2732.0
1188910 2732.0
1188920 2738.3
1188930 2744.2
1188940 2744.2
1188950 2750.2
1188960 2762.3
1188970 2762.3
1188980 2779.9
1188990 2793.9
1189000 2798.9
1189010 2798.9
1189020 2798.1
1189030 2793.5
1189040 2793.5
1189050 2788.5
1189060 2786.9
1189070 2786.9
1189080 2787.6
1189090 2788.3
1189100 2788.3
1189110 2789.0
1189120 2789.8
1189130 2789.8
1189140 2790.4
1189150 2790.8
1189160 2790.8
1189170 2791.6
1189180 2791.8
1189190 2792.0
1189200 2792.0
1189210 2790.2
1189220 2789.7
1189230 2789.7
1189240 2788.8
1189250 2787.8
1189260 2787.8
1189270 2786.4
1189280 2784.9
1189290 2784.9
1189300 2783.5
1189310 2781.1
1189320 2781.1
1189330 2777.6
1189340 2773.9
1189350 2767.2
1189360 2766.3
1189370 2768.7
1189380 2772.0
1189390 2772.0
1189400 2773.4
1189410 2772.6
1189420 2772.6
1189430 2771.8
1189440 2770.8
1189450 2770.8
1189460 2768.8
1189470 2768.7
1189480 2768.7
1189490 2770.4
1189500 2773.1
1189510 2773.1
1189520 2777.1
1189530 2780.9
1189540 2780.9
1189550 2784.4
1189560 2787.8
1189570 2791.5
1189580 2791.5
1189590 2795.9
1189600 2803.9
1189610 2803.9
1189620 2819.4
1189630 2835.7
1189640 2835.7
1189650 2845.2
1189660 2858.6
1189670 2858.6
1189680 2872.4
1189690 2872.8
1189700 2872.8
1189710 2870.4
1189720 2873.0
1189730 2873.0
1189740 2879.6
1189750 2885.8
1189760 2892.2
1189770 2892.2
1189780 2892.3
1189790 2896.8
1189800 2896.8
1189810 2901.6
1189820 2905.0
1189830 2905.0
1189840 2907.3
1189850 2909.3
1189860 2909.3
1189870 2911.1
1189880 2912.1
1189890 2912.1
1189900 2910.9
1189910 2909.9
1189920 2909.9
1189930 2917.5
1189940 2925.5
1189950 2923.2
1189960 2923.2
1189970 2920.5
1189980 2918.9
1189990 2918.9
1190000 2912.8
1190010 2906.7
1190020 2906.7
1190030 2902.2
1190040 2897.4
1190050 2897.4
1190060 2891.7
1190070 2886.6
1190080 2886.6
1190090 2883.6
1190100 2880.7
1190110 2879.6
1190120 2879.6
1190130 2880.3
1190140 2880.0
1190150 2880.0
1190160 2879.9
1190170 2881.9
1190180 2881.9
1190190 2883.9
1190200 2882.9
1190210 2882.9
1190220 2888.5
1190230 2893.6
1190240 2893.6
1190250 2900.0
1190260 2909.4
1190270 2909.4
1190280 2919.0
1190290 2927.9
1190300 2937.9
1190310 2937.9
1190320 2940.4
1190330 2944.1
1190340 2944.1
1190350 2948.5
1190360 2945.8
1190370 2945.8
1190380 2942.6
1190390 2940.4
1190400 2940.4
1190410 2935.3
1190420 2928.6
1190430 2928.6
1190440 2923.8
1190450 2920.8
1190460 2920.8
1190470 2918.6
1190480 2916.2
1190490 2913.9
1190500 2913.9
1190510 2913.0
1190520 2912.7
1190530 2912.7
1190540 2908.9
1190550 2905.5
1190560 2905.5
1190570 2903.5
1190580 2901.0
1190590 2901.0
1190600 2898.8
1190610 2897.5
1190620 2897.5
1190630 2902.9
1190640 2901.3
1190650 2901.3
1190660 2899.6
1190670 2898.1
1190680 2896.3
1190690 2896.3
1190700 2895.3
1190710 2894.7
1190720 2894.7
1190730 2893.7
1190740 2892.0
1190750 2892.0
1190760 2891.2
1190770 2892.4
1190780 2892.4
1190790 2893.3
1190800 2891.4
1190810 2891.4
1190820 2890.1
1190830 2889.6
1190840 2889.6
1190850 2888.2
1190860 2887.5
1190870 2886.1
1190880 2886.1
1190890 2885.1
1190900 2885.0
1190910 2885.0
1190920 2886.6
1190930 2889.4
1190940 2889.4
1190950 2891.0
1190960 2892.2
1190970 2892.2
1190980 2895.4
1190990 2899.7
1191000 2899.7
1191010 2902.6
1191020 2906.4
1191030 2906.4
1191040 2907.3
1191050 2901.2
1191060 2909.0
1191070 2909.0
1191080 2910.9
1191090 2914.7
1191100 2914.7
1191110 2919.2
1191120 2922.7
1191130 2922.7
1191140 2928.2
1191150 2934.5
1191160 2934.5
1191170 2938.2
1191180 2939.3
1191190 2939.3
1191200 2938.7
1191210 2938.5
1191220 2938.5
1191230 2940.4
1191240 2940.8
1191250 2938.3
1191260 2938.3
1191270 2932.8
1191280 2925.0
1191290 2925.0
1191300 2912.2
1191310 2901.5
1191320 2901.5
1191330 2890.6
1191340 2877.0
1191350 2877.0
1191360 2866.1
1191370 2853.9
1191380 2853.9
1191390 2840.8
1191400 2829.4
1191410 2829.4
1191420 2821.7
1191430 2814.4
1191440 2806.9
1191450 2806.9
1191460 2798.9
1191470 2790.8
1191480 2790.8
1191490 2783.9
1191500 2778.2
1191510 2778.2
1191520 2773.0
1191530 2768.0
1191540 2768.0
1191550 2764.4
1191560 2762.5
1191570 2762.5
1191580 2761.2
1191590 2760.6
1191600 2760.6
1191610 2760.7
1191620 2758.6
1191630 2757.1
1191640 2757.1
1191650 2756.3
1191660 2755.3
1191670 2755.3
1191680 2754.7
1191690 2754.7
1191700 2754.7
1191710 2754.2
1191720 2753.1
1191730 2753.1
1191740 2751.6
1191750 2749.9
1191760 2749.9
1191770 2747.6
1191780 2744.7
1191790 2744.7
1191800 2741.5
1191810 2739.8
1191820 2739.1
1191830 2739.1
1191840 2738.7
1191850 2736.9
1191860 2736.9
1191870 2731.6
1191880 2726.9
1191890 2726.9
1191900 2725.4
1191910 2726.9
1191920 2726.9
1191930 2735.4
1191940 2737.7
1191950 2737.7
1191960 2740.4
1191970 2742.5
1191980 2742.5
1191990 2743.3
1192000 2743.8
1192010 2743.8
1192020 2743.8
1192030 2743.6
1192040 2743.1
1192050 2743.1
1192060 2742.4
1192070 2741.6
1192080 2741.6
1192090 2741.5
1192100 2742.5
1192110 2742.5
1192120 2744.3
1192130 2746.7
1192140 2746.7
1192150 2749.5
1192160 2752.3
1192170 2752.3
1192180 2758.2
1192190 2764.7
1192200 2769.6
1192210 2769.6
1192220 2774.8
1192230 2781.7
1192240 2781.7
1192250 2787.8
1192260 2792.8
1192270 2792.8
1192280 2798.2
1192290 2805.2
1192300 2805.2
1192310 2814.1
1192320 2821.4
1192330 2821.4
1192340 2821.1
1192350 2812.5
1192360 2806.5
1192370 2791.2
1192380 2781.6
1192390 2777.1
1192400 2777.1
1192410 2772.1
1192420 2765.3
1192430 2765.3
1192440 2758.7
1192450 2753.0
1192460 2753.0
1192470 2747.8
1192480 2743.0
1192490 2743.0
1192500 2738.6
1192510 2735.3
1192520 2735.3
1192530 2731.9
1192540 2729.3
1192550 2729.3
1192560 2727.1
1192570 2724.5
1192580 2724.3
1192590 2724.3
1192600 2724.9
1192610 2725.6
1192620 2725.6
1192630 2726.6
1192640 2727.5
1192650 2727.5
1192660 2728.5
1192670 2729.4
1192680 2729.4
1192690 2730.4
1192700 2731.4
1192710 2731.4
1192720 2732.7
1192730 2734.1
1192740 2734.1
1192750 2734.7
1192760 2734.8
1192770 2733.9
1192780 2733.9
1192790 2733.5
1192800 2728.6
1192810 2728.6
1192820 2724.8
1192830 2720.0
1192840 2720.0
1192850 2715.4
1192860 2709.9
1192870 2709.9
1192880 2702.0
1192890 2693.5
1192900 2693.5
1192910 2688.6
1192920 2683.8
1192930 2683.8
1192940 2680.6
1192950 2679.7
1192960 2678.5
1192970 2678.5
1192980 2675.8
1192990 2673.5
1193000 2673.5
1193010 2672.2
1193020 2672.4
1193030 2672.4
1193040 2672.4
1193050 2672.7
1193060 2672.7
1193070 2672.6
1193080 2672.4
1193090 2672.4
1193100 2671.9
1193110 2671.0
1193120 2671.0
1193130 2670.1
1193140 2669.6
1193150 2669.2
1193160 2669.2
1193170 2668.8
1193180 2667.9
1193190 2667.9
1193200 2666.9
1193210 2666.1
1193220 2668.0
1193230 2667.3
1193240 2667.1
1193250 2667.1
1193260 2666.8
1193270 2663.8
1193280 2663.8
1193290 2661.4
1193300 2662.4
1193310 2662.4
1193320 2662.1
1193330 2662.9
1193340 2666.2
1193350 2666.2
1193360 2668.6
1193370 2668.1
1193380 2668.1
1193390 2664.7
1193400 2661.0
1193410 2661.0
1193420 2659.5
1193430 2662.4
1193440 2662.4
1193450 2666.0
1193460 2669.9
1193470 2669.9
1193480 2673.7
1193490 2677.6
1193500 2677.6
1193510 2683.2
1193520 2689.9
1193530 2695.5
1193540 2695.5
1193550 2700.4
1193560 2704.8
1193570 2704.8
1193580 2708.6
1193590 2711.5
1193600 2711.5
1193610 2713.4
1193620 2716.0
1193630 2716.0
1193640 2720.0
1193650 2726.7
1193660 2732.9
1193670 2748.9
1193680 2761.1
1193690 2772.4
1193700 2772.4
1193710 2786.9
1193720 2799.2
1193730 2799.2
1193740 2808.0
1193750 2813.9
1193760 2813.9
1193770 2829.9
1193780 2833.5
1193790 2833.5
1193800 2830.4
1193810 2831.6
1193820 2831.6
1193830 2826.4
1193840 2819.1
1193850 2819.1
1193860 2812.2
1193870 2806.0
1193880 2799.9
1193890 2799.9
1193900 2794.1
1193910 2789.1
1193920 2789.1
1193930 2784.3
1193940 2780.2
1193950 2780.2
1193960 2776.5
1193970 2772.2
1193980 2772.2
1193990 2767.7
1194000 2763.2
1194010 2763.2
1194020 2758.8
1194030 2754.1
1194040 2754.1
1194050 2749.3
1194060 2744.6
1194070 2740.0
1194080 2740.0
1194090 2731.4
1194100 2731.2
1194110 2731.2
1194120 2732.9
1194130 2732.9
1194140 2732.9
1194150 2732.1
1194160 2731.1
1194170 2731.1
1194180 2730.4
1194190 2729.0
1194200 2729.0
1194210 2727.9
1194220 2726.9
1194230 2726.9
1194240 2726.0
1194250 2725.7
1194260 2724.2
1194270 2724.2
1194280 2722.4
1194290 2715.9
1194300 2715.9
1194310 2709.0
1194320 2703.1
1194330 2703.1
1194340 2699.4
1194350 2696.4
1194360 2696.4
1194370 2694.7
1194380 2695.1
1194390 2695.1
1194400 2696.7
1194410 2697.1
1194420 2697.1
1194430 2698.0
1194440 2699.4
1194450 2700.5
1194460 2700.5
1194470 2700.5
1194480 2699.6
1194490 2699.6
1194500 2701.0
1194510 2701.9
1194520 2701.9
1194530 2707.4
1194540 2707.7
1194550 2707.7
1194560 2708.3
1194570 2709.4
1194580 2709.4
1194590 2705.7
1194600 2698.7
1194610 2698.7
1194620 2691.7
1194630 2685.8
1194640 2681.5
1194650 2681.5
1194660 2678.3
1194670 2674.4
1194680 2674.4
1194690 2670.5
1194700 2667.5
1194710 2667.5
1194720 2663.9
1194730 2660.0
1194740 2660.0
1194750 2656.0
1194760 2652.4
1194770 2652.4
1194780 2649.7
1194790 2647.2
1194800 2647.2
1194810 2644.3
1194820 2641.2
1194830 2638.3
1194840 2638.3
1194850 2636.5
1194860 2636.4
1194870 2636.4
1194880 2637.1
1194890 2637.7
1194900 2637.7
1194910 2637.2
1194920 2635.8
1194930 2635.8
1194940 2633.9
1194950 2632.4
1194960 2633.8
1194970 2631.7
1194980 2629.9
1194990 2629.9
1195000 2628.5
1195010 2627.6
1195020 2626.9
1195030 2626.9
1195040 2626.1
1195050 2626.0
1195060 2626.0
1195070 2625.6
1195080 2624.9
1195090 2624.9
1195100 2624.0
1195110 2622.9
1195120 2622.9
1195130 2620.2
1195140 2617.7
1195150 2617.7
1195160 2615.5
1195170 2610.6
1195180 2610.6
1195190 2606.2
1195200 2602.7
1195210 2599.2
1195220 2599.2
1195230 2597.0
1195240 2595.6
1195250 2595.6
1195260 2593.5
1195270 2592.4
1195280 2592.4
1195290 2589.9
1195300 2586.3
1195310 2586.3
1195320 2583.0
1195330 2581.7
1195340 2581.7
1195350 2580.7
1195360 2579.6
1195370 2579.6
1195380 2578.9
1195390 2577.5
1195400 2580.9
1195410 2580.9
1195420 2578.4
1195430 2578.3
1195440 2578.3
1195450 2578.6
1195460 2578.6
1195470 2578.6
1195480 2578.0
1195490 2577.2
1195500 2577.2
1195510 2576.5
1195520 2576.3
1195530 2576.3
1195540 2575.7
1195550 2570.7
1195560 2570.7
1195570 2567.0
1195580 2564.7
1195590 2560.6
1195600 2560.6
1195610 2556.2
1195620 2552.0
1195630 2552.0
1195640 2547.1
1195650 2542.7
1195660 2542.7
1195670 2539.5
1195680 2535.9
1195690 2535.9
1195700 2533.2
1195710 2530.5
1195720 2530.5
1195730 2526.4
1195740 2524.8
1195750 2524.8
1195760 2526.1
1195770 2531.7
1195780 2538.3
1195790 2538.3
1195800 2538.6
1195810 2528.8
1195820 2528.8
1195830 2518.9
1195840 2511.2
1195850 2511.2
1195860 2503.9
1195870 2497.1
1195880 2497.1
1195890 2490.9
1195900 2491.0
1195910 2491.0
1195920 2494.0
1195930 2495.9
1195940 2495.9
1195950 2494.8
1195960 2492.0
1195970 2489.3
1195980 2489.3
1195990 2485.2
1196000 2480.3
1196010 2480.3
1196020 2475.0
1196030 2471.1
1196040 2471.1
1196050 2470.2
1196060 2471.4
1196070 2471.4
1196080 2472.1
1196090 2470.3
1196100 2470.3
1196110 2470.7
1196120 2472.6
1196130 2472.6
1196140 2473.6
1196150 2476.8
1196160 2481.7
1196170 2481.7
1196180 2489.3
1196190 2495.6
1196200 2495.6
1196210 2499.4
1196220 2503.2
1196230 2503.2
1196240 2507.1
1196250 2511.4
1196260 2511.4
1196270 2523.6
1196280 2530.2
1196290 2530.2
1196300 2536.0
1196310 2542.1
1196320 2542.1
1196330 2543.9
1196340 2547.1
1196350 2550.0
1196360 2550.0
1196370 2551.8
1196380 2552.3
1196390 2552.3
1196400 2552.7
1196410 2557.7
1196420 2557.7
1196430 2562.9
1196440 2567.5
1196450 2567.5
1196460 2573.6
1196470 2581.7
1196480 2581.7
1196490 2588.6
1196500 2594.2
1196510 2594.2
1196520 2597.2
1196530 2600.5
1196540 2604.8
1196550 2604.8
1196560 2605.9
1196570 2606.1
1196580 2606.1
1196590 2606.7
1196600 2610.2
1196610 2610.2
1196620 2617.2
1196630 2626.3
1196640 2626.3
1196650 2634.8
1196660 2638.8
1196670 2638.8
1196680 2640.2
1196690 2645.1
1196700 2645.1
1196710 2653.9
1196720 2659.7
1196730 2666.1
1196740 2666.1
1196750 2672.7
1196760 2679.9
1196770 2679.9
1196780 2687.1
1196790 2693.6
1196800 2693.6
1196810 2699.6
1196820 2705.0
1196830 2705.0
1196840 2710.2
1196850 2716.2
1196860 2716.2
1196870 2727.1
1196880 2738.2
1196890 2738.2
1196900 2744.7
1196910 2755.9
1196920 2764.1
1196930 2764.1
1196940 2774.6
1196950 2782.8
1196960 2782.8
1196970 2796.1
1196980 2816.5
1196990 2816.5
1197000 2819.9
1197010 2819.5
1197020 2819.5
1197030 2824.5
1197040 2832.4
1197050 2832.4
1197060 2838.4
1197070 2847.2
1197080 2859.5
1197090 2859.5
1197100 2872.4
1197110 2884.9
1197120 2884.9
1197130 2895.1
1197140 2907.8
1197150 2914.0
1197160 2926.6
1197170 2944.3
1197180 2944.3
1197190 2955.4
1197200 2964.5
1197210 2964.5
1197220 2969.4
1197230 2967.4
1197240 2967.4
1197250 2968.5
1197260 2969.9
1197270 2967.4
1197280 2967.4
1197290 2957.2
1197300 2946.5
1197310 2946.5
1197320 2936.2
1197330 2925.1
1197340 2925.1
1197350 2914.2
1197360 2905.2
1197370 2905.2
1197380 2898.6
1197390 2892.8
1197400 2892.8
1197410 2886.8
1197420 2881.6
1197430 2881.6
1197440 2879.5
1197450 2881.0
1197460 2884.1
1197470 2884.1
1197480 2886.8
1197490 2888.4
1197500 2888.4
1197510 2888.6
1197520 2887.5
1197530 2887.5
1197540 2885.9
1197550 2884.7
1197560 2884.7
1197570 2883.6
1197580 2882.3
1197590 2882.9
1197600 2881.7
1197610 2880.4
1197620 2880.4
1197630 2879.0
1197640 2877.6
1197650 2876.0
1197660 2876.0
1197670 2874.5
1197680 2872.8
1197690 2872.8
1197700 2871.1
1197710 2869.4
1197720 2869.4
1197730 2867.8
1197740 2866.2
1197750 2866.2
1197760 2864.6
1197770 2863.0
1197780 2863.0
1197790 2861.5
1197800 2860.0
1197810 2860.0
1197820 2858.7
1197830 2857.4
1197840 2856.3
1197850 2856.3
1197860 2855.1
1197870 2854.0
1197880 2854.0
1197890 2853.0
1197900 2853.2
1197910 2853.2
1197920 2856.3
1197930 2858.7
1197940 2858.7
1197950 2859.9
1197960 2859.4
1197970 2859.4
1197980 2859.1
1197990 2858.2
1198000 2858.2
1198010 2856.4
1198020 2855.5
1198030 2850.5
1198040 2850.5
1198050 2849.7
1198060 2850.4
1198070 2850.4
1198080 2851.7
1198090 2852.2
1198100 2852.2
1198110 2851.8
1198120 2850.9
1198130 2850.9
1198140 2849.7
1198150 2849.1
1198160 2849.1
1198170 2849.0
1198180 2849.1
1198190 2849.1
1198200 2849.8
1198210 2851.5
1198220 2853.7
1198230 2853.7
1198240 2856.7
1198250 2859.9
1198260 2859.9
1198270 2860.8
1198280 2862.3
1198290 2862.3
1198300 2864.1
1198310 2867.4
1198320 2867.4
1198330 2872.5
1198340 2875.9
1198350 2875.9
1198360 2875.1
1198370 2872.7
1198380 2872.7
1198390 2870.0
1198400 2868.0
1198410 2866.8
1198420 2866.8
1198430 2865.7
1198440 2862.8
1198450 2862.8
1198460 2861.3
1198470 2865.3
1198480 2865.3
1198490 2866.7
1198500 2867.8
1198510 2867.8
1198520 2868.8
1198530 2867.8
1198540 2867.8
1198550 2864.6
1198560 2860.8
1198570 2860.8
1198580 2855.5
1198590 2849.4
1198600 2843.9
1198610 2843.9
1198620 2839.2
1198630 2833.7
1198640 2833.7
1198650 2828.3
1198660 2824.6
1198670 2824.6
1198680 2823.3
1198690 2822.9
1198700 2822.9
1198710 2822.4
1198720 2821.9
1198730 2821.9
1198740 2821.5
1198750 2821.0
1198760 2821.0
1198770 2820.5
1198780 2819.9
1198790 2819.4
1198800 2819.4
1198810 2819.0
1198820 2818.7
1198830 2818.7
1198840 2818.6
1198850 2818.4
1198860 2818.4
1198870 2817.9
1198880 2817.5
1198890 2817.5
1198900 2816.9
1198910 2816.4
1198920 2816.8
1198930 2816.9
1198940 2816.3
1198950 2816.3
1198960 2816.0
1198970 2815.7
1198980 2814.9
1198990 2814.9
1199000 2814.1
1199010 2813.4
1199020 2813.4
1199030 2812.6
1199040 2812.1
1199050 2812.1
1199060 2811.0
1199070 2810.1
1199080 2810.1
1199090 2809.3
1199100 2808.2
1199110 2808.2
1199120 2806.9
1199130 2805.7
1199140 2805.7
1199150 2804.3
1199160 2802.9
1199170 2801.7
1199180 2801.7
1199190 2800.5
1199200 2799.1
1199210 2799.1
1199220 2797.8
1199230 2796.5
1199240 2796.5
1199250 2795.3
1199260 2794.2
1199270 2794.2
1199280 2793.3
1199290 2792.4
1199300 2792.4
1199310 2791.5
1199320 2790.5
1199330 2790.5
1199340 2789.5
1199350 2788.4
1199360 2789.0
1199370 2789.0
1199380 2788.1
1199390 2787.3
1199400 2787.3
1199410 2786.7
1199420 2786.1
1199430 2786.1
1199440 2785.8
1199450 2785.6
1199460 2785.6
1199470 2785.5
1199480 2785.5
1199490 2785.5
1199500 2785.4
1199510 2785.4
1199520 2785.4
1199530 2785.4
1199540 2785.5
1199550 2785.8
1199560 2785.8
1199570 2786.2
1199580 2786.5
1199590 2786.5
1199600 2786.7
1199610 2786.7
1199620 2786.7
1199630 2786.7
1199640 2786.4
1199650 2786.4
1199660 2786.0
1199670 2785.5
1199680 2785.5
1199690 2785.1
1199700 2784.9
1199710 2784.9
1199720 2785.3
1199730 2784.9
1199740 2785.6
1199750 2785.6
1199760 2786.5
1199770 2785.9
1199780 2785.9
1199790 2784.9
1199800 2786.9
1199810 2786.9
1199820 2787.8
1199830 2788.5
1199840 2788.5
1199850 2789.5
1199860 2791.5
1199870 2791.5
1199880 2795.2
1199890 2800.2
1199900 2800.2
1199910 2804.0
1199920 2811.1
1199930 2835.5
1199940 2835.5
1199950 2857.6
1199960 2881.5
1199970 2881.5
1199980 2912.4
1199990 2936.7
