1180000 2513.0
1180010 2511.2
1180020 2511.2
1180030 2512.0
1180040 2514.1
1180050 2514.1
1180060 2516.8
1180070 2518.9
1180080 2518.9
1180090 2520.5
1180100 2522.2
1180110 2522.2
1180120 2524.5
1180130 2526.0
1180140 2527.5
1180150 2527.5
1180160 2528.8
1180170 2531.2
1180180 2531.2
1180190 2533.5
1180200 2536.2
1180210 2536.2
1180220 2539.1
1180230 2540.9
1180240 2540.9
1180250 2542.7
1180260 2543.9
1180270 2543.9
1180280 2544.3
1180290 2544.6
1180300 2544.6
1180310 2544.9
1180320 2545.5
1180330 2545.7
1180340 2545.7
1180350 2545.8
1180360 2545.8
1180370 2545.8
1180380 2546.8
1180390 2547.0
1180400 2547.0
1180410 2547.8
1180420 2548.6
1180430 2548.6
1180440 2550.5
1180450 2551.4
1180460 2551.4
1180470 2551.8
1180480 2551.3
1180490 2551.3
1180500 2551.6
1180510 2553.1
1180520 2554.3
1180530 2554.3
1180540 2556.1
1180550 2559.4
1180560 2559.4
1180570 2563.4
1180580 2567.2
1180590 2567.2
1180600 2570.6
1180610 2573.9
1180620 2573.9
1180630 2578.1
1180640 2582.7
1180650 2582.7
1180660 2587.6
1180670 2592.5
1180680 2592.5
1180690 2596.5
1180700 2600.6
1180710 2605.9
1180720 2605.9
1180730 2612.4
1180740 2620.7
1180750 2620.7
1180760 2628.4
1180770 2632.9
1180780 2632.9
1180790 2635.6
1180800 2637.0
1180810 2637.0
1180820 2637.9
1180830 2640.1
1180840 2640.1
1180850 2643.4
1180860 2647.6
1180870 2647.6
1180880 2651.8
1180890 2655.0
1180900 2658.3
1180910 2658.3
1180920 2661.3
1180930 2664.2
1180940 2664.2
1180950 2668.1
1180960 2672.7
1180970 2672.7
1180980 2677.1
1180990 2680.4
1181000 2680.4
1181010 2685.7
1181020 2692.0
1181030 2692.0
1181040 2698.4
1181050 2701.4
1181060 2701.4
1181070 2701.3
1181080 2700.0
1181090 2698.6
1181100 2698.6
1181110 2697.1
1181120 2695.2
1181130 2695.2
1181140 2692.6
1181150 2688.6
1181160 2688.6
1181170 2686.7
1181180 2688.3
1181190 2688.3
1181200 2690.3
1181210 2692.7
1181220 2692.7
1181230 2698.4
1181240 2705.2
1181250 2705.2
1181260 2711.8
1181270 2715.7
1181280 2718.0
1181290 2718.0
1181300 2718.0
1181310 2717.2
1181320 2717.2
1181330 2715.9
1181340 2714.4
1181350 2714.4
1181360 2713.2
1181370 2712.3
1181380 2712.3
1181390 2712.2
1181400 2712.8
1181410 2712.8
1181420 2713.5
1181430 2714.4
1181440 2714.4
1181450 2715.4
1181460 2716.6
1181470 2718.0
1181480 2718.0
1181490 2719.5
1181500 2720.8
1181510 2720.8
1181520 2722.1
1181530 2724.2
1181540 2724.2
1181550 2726.6
1181560 2728.9
1181570 2728.9
1181580 2731.0
1181590 2733.1
1181600 2733.1
1181610 2735.3
1181620 2737.6
1181630 2737.6
1181640 2740.0
1181650 2742.6
1181660 2745.2
1181670 2745.2
1181680 2747.4
1181690 2749.3
1181700 2749.3
1181710 2751.1
1181720 2752.7
1181730 2752.7
1181740 2754.5
1181750 2756.2
1181760 2756.2
1181770 2757.8
1181780 2759.5
1181790 2759.5
1181800 2761.4
1181810 2763.2
1181820 2764.8
1181830 2766.7
1181840 2768.8
1181850 2770.7
1181860 2770.7
1181870 2773.0
1181880 2775.3
1181890 2775.3
1181900 2777.3
1181910 2779.0
1181920 2779.0
1181930 2781.0
1181940 2783.4
1181950 2783.4
1181960 2788.9
1181970 2797.3
1181980 2797.3
1181990 2802.2
1182000 2805.1
1182010 2805.1
1182020 2808.9
1182030 2812.9
1182040 2815.6
1182050 2815.6
1182060 2817.7
1182070 2819.5
1182080 2819.5
1182090 2821.8
1182100 2824.9
1182110 2824.9
1182120 2828.5
1182130 2831.7
1182140 2831.7
1182150 2834.9
1182160 2837.7
1182170 2837.7
1182180 2840.4
1182190 2843.2
1182200 2843.2
1182210 2846.5
1182220 2850.7
1182230 2854.8
1182240 2860.6
1182250 2864.2
1182260 2866.4
1182270 2866.4
1182280 2866.2
1182290 2866.1
1182300 2866.1
1182310 2869.1
1182320 2872.7
1182330 2872.7
1182340 2877.3
1182350 2882.0
1182360 2882.0
1182370 2886.0
1182380 2889.8
1182390 2889.8
1182400 2893.1
1182410 2896.4
1182420 2897.6
1182430 2897.6
1182440 2900.8
1182450 2905.2
1182460 2905.2
1182470 2907.8
1182480 2907.8
1182490 2907.8
1182500 2910.5
1182510 2913.5
1182520 2913.5
1182530 2915.8
1182540 2921.5
1182550 2921.5
1182560 2928.0
1182570 2935.4
1182580 2935.4
1182590 2943.1
1182600 2951.3
1182610 2960.0
1182620 2960.0
1182630 2968.5
1182640 2977.2
1182650 2977.2
1182660 2988.9
1182670 2998.6
1182680 2998.6
1182690 3003.3
1182700 2999.3
1182710 2999.3
1182720 2991.3
1182730 2980.6
1182740 2980.6
1182750 2974.0
1182760 2968.6
1182770 2968.6
1182780 2963.5
1182790 2960.6
1182800 2958.1
1182810 2958.1
1182820 2954.8
1182830 2951.9
1182840 2951.9
1182850 2949.6
1182860 2951.0
1182870 2951.0
1182880 2953.5
1182890 2954.6
1182900 2954.6
1182910 2951.0
1182920 2946.1
1182930 2946.1
1182940 2941.7
1182950 2936.5
1182960 2936.5
1182970 2930.6
1182980 2925.3
1182990 2920.9
1183000 2920.9
1183010 2917.5
1183020 2913.8
1183030 2913.8
1183040 2909.9
1183050 2906.2
1183060 2906.2
1183070 2905.1
1183080 2903.5
1183090 2903.5
1183100 2898.4
1183110 2896.2
1183120 2896.2
1183130 2895.8
1183140 2896.6
1183150 2896.6
1183160 2898.5
1183170 2899.7
1183180 2900.9
1183190 2900.9
1183200 2903.4
1183210 2905.0
1183220 2905.0
1183230 2905.7
1183240 2903.5
1183250 2903.5
1183260 2900.9
1183270 2899.7
1183280 2899.7
1183290 2898.9
1183300 2898.7
1183310 2898.7
1183320 2899.6
1183330 2901.5
1183340 2901.5
1183350 2903.8
1183360 2906.0
1183370 2906.6
1183380 2906.6
1183390 2905.8
1183400 2907.4
1183410 2907.4
1183420 2909.7
1183430 2908.9
1183440 2908.9
1183450 2900.9
1183460 2888.9
1183470 2888.9
1183480 2878.9
1183490 2868.0
1183500 2870.9
1183510 2864.5
1183520 2858.5
1183530 2858.5
1183540 2853.3
1183550 2848.5
1183560 2844.4
1183570 2844.4
1183580 2842.4
1183590 2841.2
1183600 2841.2
1183610 2839.3
1183620 2837.0
1183630 2837.0
1183640 2835.1
1183650 2833.7
1183660 2833.7
1183670 2831.5
1183680 2828.5
1183690 2828.5
1183700 2826.2
1183710 2825.4
1183720 2825.4
1183730 2824.5
1183740 2824.7
1183750 2823.2
1183760 2823.2
1183770 2822.6
1183780 2822.7
1183790 2822.7
1183800 2821.6
1183810 2821.6
1183820 2821.6
1183830 2824.3
1183840 2826.3
1183850 2826.3
1183860 2828.2
1183870 2828.2
1183880 2828.2
1183890 2828.2
1183900 2830.3
1183910 2830.3
1183920 2836.5
1183930 2840.5
1183940 2845.6
1183950 2845.6
1183960 2851.0
1183970 2856.6
1183980 2856.6
1183990 2863.1
1184000 2868.1
1184010 2868.1
1184020 2874.7
1184030 2880.8
1184040 2880.8
1184050 2882.9
1184060 2880.1
1184070 2880.1
1184080 2874.4
1184090 2866.2
1184100 2866.2
1184110 2863.9
1184120 2864.4
1184130 2865.3
1184140 2865.3
1184150 2860.6
1184160 2857.3
1184170 2857.3
1184180 2856.5
1184190 2855.8
1184200 2855.8
1184210 2857.4
1184220 2858.8
1184230 2858.8
1184240 2854.2
1184250 2846.5
1184260 2846.5
1184270 2844.7
1184280 2846.8
1184290 2846.8
1184300 2848.9
1184310 2850.5
1184320 2854.0
1184330 2854.0
1184340 2862.1
1184350 2862.3
1184360 2862.3
1184370 2863.6
1184380 2865.6
1184390 2865.6
1184400 2866.5
1184410 2868.0
1184420 2868.0
1184430 2874.1
1184440 2880.5
1184450 2880.5
1184460 2887.7
1184470 2891.0
1184480 2891.0
1184490 2893.2
1184500 2894.6
1184510 2892.3
1184520 2892.3
1184530 2891.0
1184540 2887.8
1184550 2887.8
1184560 2877.7
1184570 2869.3
1184580 2869.3
1184590 2866.7
1184600 2865.6
1184610 2865.6
1184620 2862.2
1184630 2859.9
1184640 2859.9
1184650 2857.0
1184660 2855.6
1184670 2855.6
1184680 2858.0
1184690 2860.9
1184700 2867.0
1184710 2867.0
1184720 2875.4
1184730 2879.4
1184740 2879.4
1184750 2881.0
1184760 2887.1
1184770 2887.1
1184780 2890.2
1184790 2898.0
1184800 2898.0
1184810 2901.0
1184820 2901.2
1184830 2901.2
1184840 2909.3
1184850 2918.4
1184860 2928.7
1184870 2928.7
1184880 2934.8
1184890 2939.8
1184900 2939.8
1184910 2941.7
1184920 2941.0
1184930 2941.0
1184940 2939.8
1184950 2938.1
1184960 2938.1
1184970 2933.3
1184980 2926.5
1184990 2926.5
1185000 2921.5
1185010 2919.1
1185020 2919.1
1185030 2913.4
1185040 2902.9
1185050 2894.2
1185060 2894.2
1185070 2888.6
1185080 2884.9
1185090 2884.9
1185100 2881.7
1185110 2881.0
1185120 2881.0
1185130 2880.8
1185140 2881.8
1185150 2881.8
1185160 2884.4
1185170 2888.6
1185180 2894.0
1185190 2897.5
1185200 2901.2
1185210 2901.2
1185220 2908.9
1185230 2916.8
1185240 2923.6
1185250 2923.6
1185260 2925.9
1185270 2925.9
1185280 2925.9
1185290 2926.0
1185300 2927.0
1185310 2927.0
1185320 2929.9
1185330 2932.8
1185340 2932.8
1185350 2936.4
1185360 2938.6
1185370 2938.6
1185380 2942.1
1185390 2946.1
1185400 2946.1
1185410 2950.0
1185420 2953.7
1185430 2957.9
1185440 2957.9
1185450 2962.5
1185460 2968.8
1185470 2968.8
1185480 2975.5
1185490 2980.0
1185500 2980.0
1185510 2980.7
1185520 2978.8
1185530 2978.8
1185540 2977.4
1185550 2976.8
1185560 2976.8
1185570 2976.0
1185580 2976.1
1185590 2976.1
1185600 2969.9
1185610 2970.3
1185620 2970.0
1185630 2970.0
1185640 2968.5
1185650 2965.3
1185660 2965.3
1185670 2961.0
1185680 2958.6
1185690 2958.6
1185700 2957.2
1185710 2955.5
1185720 2955.5
1185730 2952.2
1185740 2948.1
1185750 2948.1
1185760 2944.4
1185770 2940.2
1185780 2940.2
1185790 2935.1
1185800 2930.7
1185810 2927.9
1185820 2927.9
1185830 2924.4
1185840 2919.3
1185850 2919.3
1185860 2912.5
1185870 2907.5
1185880 2907.5
1185890 2903.6
1185900 2900.5
1185910 2900.5
1185920 2897.7
1185930 2895.4
1185940 2895.4
1185950 2893.3
1185960 2889.6
1185970 2889.6
1185980 2885.8
1185990 2881.9
1186000 2877.1
1186010 2877.1
1186020 2869.9
1186030 2865.5
1186040 2865.5
1186050 2862.5
1186060 2857.5
1186070 2857.5
1186080 2851.1
1186090 2847.0
1186100 2847.0
1186110 2846.1
1186120 2846.5
1186130 2846.5
1186140 2846.3
1186150 2844.7
1186160 2844.7
1186170 2841.9
1186180 2839.1
1186190 2838.3
1186200 2838.3
1186210 2838.3
1186220 2838.5
1186230 2838.5
1186240 2838.3
1186250 2837.0
1186260 2837.0
1186270 2835.2
1186280 2832.9
1186290 2832.9
1186300 2831.0
1186310 2829.9
1186320 2829.9
1186330 2829.8
1186340 2829.9
1186350 2829.9
1186360 2830.4
1186370 2831.4
1186380 2830.2
1186390 2830.2
1186400 2831.2
1186410 2832.2
1186420 2832.2
1186430 2833.9
1186440 2835.1
1186450 2830.0
1186460 2830.3
1186470 2830.3
1186480 2830.3
1186490 2830.3
1186500 2832.3
1186510 2832.3
1186520 2835.5
1186530 2838.4
1186540 2838.4
1186550 2839.7
1186560 2841.5
1186570 2844.0
1186580 2844.0
1186590 2846.6
1186600 2848.7
1186610 2848.7
1186620 2850.6
1186630 2851.7
1186640 2851.7
1186650 2852.7
1186660 2856.5
1186670 2856.5
1186680 2860.9
1186690 2865.5
1186700 2865.5
1186710 2873.2
1186720 2886.4
1186730 2886.4
1186740 2898.9
1186750 2899.3
1186760 2897.8
1186770 2897.8
1186780 2904.9
1186790 2906.6
1186800 2906.6
1188620 2736.6
1188630 2736.6
1188640 2737.6
1188650 2739.3
1188660 2741.2
1188670 2741.2
1188680 2742.8
1188690 2744.1
1188700 2744.1
1188710 2745.5
1188720 2746.1
1188730 2746.1
1188740 2745.5
1188750 2744.0
1188760 2744.0
1188770 2743.6
1188780 2742.5
1188790 2742.5
1188800 2741.6
1188810 2743.7
1188820 2743.7
1188830 2746.5
1188840 2750.1
1188850 2753.9
1188860 2753.9
1188870 2756.5
1188880 2760.3
1188890 2760.3
1188900 2765.0
1188910 2769.5
1188920 2769.5
1188930 2774.9
1188940 2780.3
1188950 2780.3
1188960 2786.6
1188970 2793.3
1188980 2793.3
1188990 2805.6
1189000 2821.2
1189010 2830.7
1189020 2830.7
1189030 2848.0
1189040 2849.4
1189050 2849.4
1189060 2848.9
1189070 2850.2
1189080 2850.2
1189090 2854.1
1189100 2857.6
1189110 2857.6
1189120 2859.8
1189130 2860.1
1189140 2860.1
1189150 2861.4
1189160 2862.1
1189170 2862.1
1189180 2863.0
1189190 2863.3
1189200 2862.9
1189210 2862.9
1189220 2861.6
1189230 2860.0
1189240 2860.0
1189250 2857.2
1189260 2853.1
1189270 2853.1
1189280 2848.1
1189290 2842.5
1189300 2842.5
1189310 2837.4
1189320 2831.6
1189330 2831.6
1189340 2822.0
1189350 2815.9
1189360 2815.9
1189370 2813.7
1189380 2811.1
1189390 2811.6
1189400 2811.6
1189410 2812.3
1189420 2814.8
1189430 2808.5
1189440 2810.8
1189450 2811.7
1189460 2811.7
1189470 2811.5
1189480 2811.9
1189490 2811.9
1189500 2814.4
1189510 2817.7
1189520 2817.7
1189530 2821.0
1189540 2822.8
1189550 2822.8
1189560 2827.6
1189570 2837.5
1189580 2843.2
1189590 2843.2
1189600 2845.6
1189610 2850.4
1189620 2850.4
1189630 2857.1
1189640 2866.1
1189650 2866.1
1189660 2881.2
1189670 2899.7
1189680 2899.7
1189690 2909.5
1189700 2919.5
1189710 2919.5
1189720 2929.3
1189730 2936.7
1189740 2936.7
1189750 2945.7
1189760 2952.0
1189770 2952.8
1189780 2952.8
1189790 2952.8
1189800 2955.1
1189810 2955.1
1189820 2960.8
1189830 2966.3
1189840 2966.3
1189850 2964.8
1189860 2958.6
1189870 2958.6
1189880 2956.6
1189890 2954.2
1189900 2954.2
1189910 2951.1
1189920 2947.9
1189930 2947.9
1189940 2945.2
1189950 2942.1
1189960 2938.0
1189970 2938.0
1189980 2933.4
1189990 2928.8
1190000 2928.8
1190010 2925.5
1190020 2923.3
1190030 2923.3
1190040 2920.9
1190050 2917.4
1190060 2917.4
1190070 2913.4
1190080 2910.7
1190090 2910.7
1190100 2909.7
1190110 2910.0
1190120 2910.0
1190130 2912.1
1190140 2913.0
1190150 2913.9
1190160 2913.9
1190170 2917.2
1190180 2921.4
1190190 2921.4
1190200 2927.1
1190210 2933.5
1190220 2933.5
1190230 2938.9
1190240 2948.0
1190250 2948.0
1190260 2958.5
1190270 2967.3
1190280 2962.5
1190290 2965.7
1190300 2953.8
1190310 2953.8
1190320 2944.2
1190330 2937.1
1190340 2930.0
1190350 2930.0
1190360 2921.7
1190370 2913.4
1190380 2913.4
1190390 2905.3
1190400 2896.8
1190410 2896.8
1190420 2890.7
1190430 2885.3
1190440 2885.3
1190450 2881.6
1190460 2878.9
1190470 2878.9
1190480 2876.4
1190490 2874.2
1190500 2874.2
1190510 2872.1
1190520 2870.1
1190530 2868.2
1190540 2868.2
1190550 2866.6
1190560 2865.1
1190570 2865.1
1190580 2863.8
1190590 2862.6
1190600 2862.6
1190610 2861.3
1190620 2860.0
1190630 2860.0
1190640 2858.4
1190650 2856.9
1190660 2856.9
1190670 2855.6
1190680 2854.4
1190690 2854.4
1190700 2853.1
1190710 2855.9
1190720 2854.6
1190730 2854.6
1190740 2853.4
1190750 2852.1
1190760 2852.1
1190770 2850.8
1190780 2849.9
1190790 2849.9
1190800 2849.4
1190810 2848.6
1190820 2848.6
1190830 2847.9
1190840 2848.2
1190850 2848.2
1190860 2847.1
1190870 2843.9
1190880 2843.9
1190890 2840.4
1190900 2837.5
1190910 2835.5
1190920 2835.5
1190930 2833.3
1190940 2831.5
1190950 2831.5
1190960 2829.9
1190970 2828.0
1190980 2828.0
1190990 2826.4
1191000 2825.5
1191010 2825.5
1191020 2826.6
1191030 2829.8
1191040 2829.8
1191050 2832.4
1191060 2833.1
1191070 2833.1
1191080 2832.7
1191090 2831.2
1191100 2827.8
1191110 2827.8
1191120 2823.1
1191130 2819.9
1191140 2833.3
1191150 2835.6
1191160 2835.3
1191170 2835.3
1191180 2831.9
1191190 2828.9
1191200 2828.9
1191210 2829.0
1191220 2828.5
1191230 2828.5
1191240 2825.5
1191250 2823.9
1191260 2823.9
1191270 2825.4
1191280 2826.1
1191290 2823.6
1191300 2823.6
1191310 2822.9
1191320 2826.4
1191330 2826.4
1191340 2826.1
1191350 2827.3
1191360 2827.3
1191370 2828.0
1191380 2828.3
1191390 2828.3
1191400 2825.3
1191410 2827.8
1191420 2827.8
1191430 2830.3
1191440 2826.5
1191450 2826.5
1191460 2813.7
1191470 2795.6
1191480 2779.1
1191490 2779.1
1191500 2764.1
1191510 2755.9
1191520 2755.9
1191530 2747.6
1191540 2736.5
1191550 2736.5
1191560 2729.3
1191570 2725.8
1191580 2730.7
1191590 2727.8
1191600 2725.7
1191610 2725.7
1191620 2723.7
1191630 2722.0
1191640 2722.0
1191650 2720.7
1191660 2720.3
1191670 2722.0
1191680 2722.0
1191690 2724.2
1191700 2725.6
1191710 2725.6
1191720 2725.4
1191730 2723.4
1191740 2723.4
1191750 2722.5
1191760 2721.1
1191770 2721.1
1191780 2719.6
1191790 2718.7
1191800 2718.7
1191810 2718.0
1191820 2718.4
1191830 2718.4
1191840 2718.1
1191850 2717.8
1191860 2717.4
1191870 2717.4
1191880 2712.3
1191890 2708.0
1191900 2708.0
1191910 2705.1
1191920 2702.1
1191930 2702.1
1191940 2700.3
1191950 2699.6
1191960 2699.6
1191970 2699.2
1191980 2699.7
1191990 2699.7
1192000 2700.3
1192010 2705.5
1192020 2705.5
1192030 2706.6
1192040 2709.1
1192050 2710.2
1192060 2710.2
1192070 2711.8
1192080 2714.0
1192090 2714.0
1192100 2716.1
1192110 2717.8
1192120 2717.8
1192130 2716.8
1192140 2716.2
1192150 2716.2
1192160 2715.6
1192170 2714.7
1192180 2714.7
1192190 2714.3
1192200 2714.4
1192210 2714.4
1192220 2715.5
1192230 2718.3
1192240 2725.0
1192250 2725.0
1192260 2733.9
1192270 2742.7
1192280 2742.7
1192290 2747.8
1192300 2752.2
1192310 2752.2
1192320 2759.3
1192330 2766.8
1192340 2766.8
1192350 2774.6
1192360 2777.1
1192370 2777.1
1192380 2776.1
1192390 2772.9
1192400 2772.9
1192410 2766.5
1192420 2757.3
1192430 2749.4
1192440 2749.8
1192450 2744.4
1192460 2739.9
1192470 2739.9
1192480 2735.1
1192490 2730.9
1192500 2730.9
1192510 2726.9
1192520 2723.5
1192530 2723.5
1192540 2720.2
1192550 2717.1
1192560 2717.1
1192570 2716.8
1192580 2715.7
1192590 2715.7
1192600 2712.8
1192610 2711.4
1192620 2710.9
1192630 2710.9
1192640 2710.7
1192650 2710.6
1192660 2710.6
1192670 2710.6
1192680 2710.6
1192690 2710.6
1192700 2710.6
1192710 2710.8
1192720 2710.8
1192730 2712.2
1192740 2712.3
1192750 2712.3
1192760 2711.8
1192770 2711.8
1192780 2711.6
1192790 2711.6
1192800 2709.6
1192810 2706.9
1192820 2706.9
1192830 2703.6
1192840 2697.1
1192850 2697.1
1192860 2690.4
1192870 2688.1
1192880 2688.1
1192890 2682.8
1192900 2680.2
1192910 2680.2
1192920 2676.4
1192930 2673.9
1192940 2673.9
1192950 2670.4
1192960 2665.3
1192970 2661.7
1192980 2661.7
1192990 2662.9
1193000 2661.4
1193010 2661.4
1193020 2657.3
1193030 2653.6
1193040 2653.6
1193050 2651.4
1193060 2648.9
1193070 2648.9
1193080 2646.6
1193090 2647.1
1193100 2647.1
1193110 2647.8
1193120 2648.4
1193130 2648.4
1193140 2647.8
1193150 2647.8
1193160 2648.2
1193170 2648.2
1193180 2647.9
1193190 2649.0
1193200 2649.0
1193210 2650.7
1193220 2652.6
1193230 2652.6
1193240 2653.7
1193250 2652.6
1193260 2652.6
1193270 2651.2
1193280 2651.8
1193290 2651.8
1193300 2653.4
1193310 2651.6
1193320 2651.6
1193330 2650.0
1193340 2647.3
1193350 2646.4
1193360 2646.4
1193370 2646.1
1193380 2645.6
1193390 2645.6
1193400 2645.8
1193410 2647.4
1193420 2647.4
1193430 2651.3
1193440 2656.1
1193450 2656.1
1193460 2660.4
1193470 2663.1
1193480 2663.1
1193490 2664.7
1193500 2665.9
1193510 2665.9
1193520 2671.4
1193530 2677.9
1193540 2683.2
1193550 2683.2
1193560 2687.9
1193570 2691.5
1193580 2691.5
1193590 2695.1
1193600 2701.5
1193610 2701.5
1193620 2709.6
1193630 2717.9
1193640 2717.9
1193650 2725.0
1193660 2731.1
1193670 2731.1
1193680 2738.0
1193690 2746.3
1193700 2746.3
1193710 2756.9
1193720 2771.0
1193730 2782.9
1193740 2785.4
1193750 2796.2
1193760 2804.7
1193770 2804.7
1193780 2810.8
1193790 2817.8
1193800 2817.8
1193810 2829.3
1193820 2839.5
1193830 2839.5
1193840 2845.9
1193850 2853.3
1193860 2853.3
1193870 2864.7
1193880 2863.6
1193890 2863.6
1193900 2859.2
1193910 2852.3
1193920 2843.3
1193930 2843.3
1193940 2836.0
1193950 2830.3
1193960 2830.3
1193970 2825.2
1193980 2820.7
1193990 2820.7
1194000 2817.0
1194010 2811.1
1194020 2811.1
1194030 2805.0
1194040 2800.1
1194050 2800.1
1194060 2795.4
1194070 2789.6
1194080 2789.6
1194090 2781.0
1194100 2771.2
1194110 2761.9
1194120 2761.9
1194130 2753.4
1194140 2744.9
1194150 2744.9
1194160 2736.8
1194170 2727.9
1194180 2727.9
1194190 2720.7
1194200 2714.0
1194210 2714.0
1194220 2709.0
1194230 2707.5
1194240 2707.5
1194250 2706.4
1194260 2703.5
1194270 2703.5
1194280 2698.7
1194290 2693.1
1194300 2687.6
1194310 2687.6
1194320 2681.1
1194330 2674.2
1194340 2674.2
1194350 2669.4
1194360 2666.2
1194370 2666.2
1194380 2663.2
1194390 2659.9
1194400 2659.9
1194410 2655.9
1194420 2654.0
1194430 2654.0
1194440 2653.8
1194450 2655.2
1194460 2655.2
1194470 2654.3
1194480 2651.1
1194490 2649.6
1194500 2649.6
1194510 2648.5
1194520 2647.8
1194530 2647.8
1194540 2648.2
1194550 2649.5
1194560 2649.5
1194570 2649.3
1194580 2650.6
1194590 2650.6
1194600 2653.9
1194610 2661.3
1194620 2661.3
1194630 2659.5
1194640 2659.2
1194650 2659.2
1194660 2660.8
1194670 2661.2
1194680 2655.1
1194690 2655.1
1194700 2647.7
1194710 2640.4
1194720 2640.4
1194730 2634.1
1194740 2631.2
1194750 2631.2
1194760 2627.7
1194770 2622.9
1194780 2622.9
1194790 2622.0
1194800 2619.4
1194810 2619.4
1194820 2617.0
1194830 2616.6
1194840 2616.6
1194850 2614.8
1194860 2612.2
1194870 2607.0
1194880 2607.0
1194890 2600.5
1194900 2596.3
1194910 2596.3
1194920 2598.8
1194930 2605.6
1194940 2605.6
1194950 2610.7
1194960 2613.2
1194970 2613.2
1194980 2612.5
1194990 2610.9
1195000 2610.9
1195010 2609.4
1195020 2608.6
1195030 2608.6
1195040 2609.2
1195050 2608.1
1195060 2607.0
1195070 2607.0
1195080 2605.9
1195090 2605.5
1195100 2605.5
1195110 2604.3
1195120 2601.4
1195130 2601.4
1195140 2599.8
1195150 2598.3
1195160 2598.3
1195170 2596.5
1195180 2594.6
1195190 2594.6
1195200 2592.6
1195210 2590.7
1195220 2590.7
1195230 2588.8
1195240 2587.5
1195250 2586.4
1195260 2586.4
1195270 2584.4
1195280 2582.0
1195290 2582.0
1195300 2579.2
1195310 2576.2
1195320 2576.2
1195330 2574.7
1195340 2573.0
1195350 2573.0
1195360 2569.7
1195370 2566.5
1195380 2566.5
1195390 2563.5
1195400 2562.7
1195410 2562.7
1195420 2562.4
1195430 2561.8
1195440 2560.5
1195450 2560.5
1195460 2559.8
1195470 2558.9
1195480 2561.5
1195490 2562.5
1195500 2563.8
1195510 2563.8
1195520 2559.9
1195530 2555.4
1195540 2555.4
1195550 2552.7
1195560 2548.1
1195570 2548.1
1195580 2543.2
1195590 2537.4
1195600 2537.4
1195610 2532.2
1195620 2527.4
1195630 2523.2
1195640 2523.2
1195650 2520.1
1195660 2518.1
1195670 2518.1
1195680 2516.6
1195690 2515.7
1195700 2515.7
1195710 2515.2
1195720 2514.8
1195730 2514.8
1195740 2514.3
1195750 2512.6
1195760 2512.6
1195770 2515.0
1195780 2522.0
1195790 2522.0
1195800 2528.5
1195810 2525.6
1195820 2517.4
1195830 2517.4
1195840 2509.9
1195850 2502.5
1195860 2502.5
1195870 2495.4
1195880 2488.4
1195890 2488.4
1195900 2481.4
1195910 2476.4
1195920 2476.0
1195930 2471.0
1195940 2466.3
1195950 2466.3
1195960 2462.1
1195970 2458.3
1195980 2458.3
1195990 2455.9
1196000 2455.0
1196010 2454.9
1196020 2454.9
1196030 2453.8
1196040 2449.6
1196050 2449.6
1196060 2446.4
1196070 2444.9
1196080 2444.9
1196090 2445.4
1196100 2444.4
1196110 2444.4
1196120 2443.4
1196130 2443.4
1196140 2443.4
1196150 2445.2
1196160 2447.9
1196170 2447.9
1196180 2451.5
1196190 2454.8
1196200 2459.2
1196210 2459.2
1196220 2464.3
1196230 2469.3
1196240 2469.3
1196250 2474.8
1196260 2481.0
1196270 2481.0
1196280 2488.1
1196290 2495.1
1196300 2495.1
1196310 2502.8
1196320 2508.2
1196330 2508.2
1196340 2513.2
1196350 2517.6
1196360 2524.3
1196370 2524.3
1196380 2526.4
1196390 2529.4
1196400 2529.4
1196410 2533.1
1196420 2537.8
1196430 2537.8
1196440 2541.9
1196450 2546.7
1196460 2546.7
1196470 2552.6
1196480 2556.6
1196490 2556.6
1196500 2561.0
1196510 2566.7
1196520 2566.7
1196530 2573.0
1196540 2580.3
1196550 2587.9
1196560 2587.9
1196570 2593.8
1196580 2595.8
1196590 2595.8
1196600 2595.2
1196610 2594.4
1196620 2594.4
1196630 2596.4
1196640 2601.1
1196650 2601.1
1196660 2606.0
1196670 2611.0
1196680 2611.0
1196690 2617.0
1196700 2624.5
1196710 2624.5
1196720 2632.5
1196730 2638.1
1196740 2641.3
1196750 2641.3
1196760 2645.0
1196770 2649.5
1196780 2649.5
1196790 2658.1
1196800 2663.7
1196810 2663.7
1196820 2669.7
1196830 2675.8
1196840 2675.8
1196850 2681.7
1196860 2687.9
1196870 2687.9
1196880 2694.3
1196890 2700.9
1196900 2700.9
1196910 2707.3
1196920 2713.1
1196930 2718.2
1196940 2718.2
1196950 2722.1
1196960 2732.9
1196970 2732.9
1196980 2750.4
1196990 2766.3
1197000 2766.3
1197010 2784.0
1197020 2804.7
1197030 2804.7
1197040 2820.0
1197050 2831.7
1197060 2831.7
1197070 2839.2
1197080 2846.4
1197090 2846.4
1197100 2858.1
1197110 2868.0
1197120 2876.4
1197130 2876.4
1197140 2879.2
1197150 2885.8
1197160 2885.8
1197170 2893.9
1197180 2904.0
1197190 2904.0
1197200 2911.9
1197210 2922.8
1197220 2922.8
1197230 2936.4
1197240 2945.4
1197250 2945.4
1197260 2955.3
1197270 2968.0
1197280 2968.0
1197290 2979.6
1197300 2980.2
1197310 2969.9
1197320 2969.9
1197330 2962.4
1197340 2956.3
1197350 2956.3
1197360 2948.5
1197370 2941.6
1197380 2941.6
1197390 2933.4
1197400 2925.9
1197410 2925.9
1197420 2919.4
1197430 2914.1
1197440 2914.1
1197450 2908.2
1197460 2901.8
1197470 2901.8
1197480 2894.5
1197490 2887.4
1197500 2884.5
1197510 2884.5
1197520 2884.4
1197530 2884.3
1197540 2884.3
1197550 2883.0
1197560 2880.6
1197570 2880.6
1197580 2877.7
1197590 2875.0
1197600 2875.0
1197610 2873.0
1197620 2871.0
1197630 2871.0
1197640 2868.9
1197650 2866.5
1197660 2866.5
1197670 2865.3
1197680 2862.9
1197690 2860.5
1197700 2860.5
1197710 2858.1
1197720 2855.9
1197730 2855.9
1197740 2854.1
1197750 2853.7
1197760 2853.7
1197770 2851.0
1197780 2847.3
1197790 2847.3
1197800 2845.1
1197810 2843.3
1197820 2843.3
1197830 2841.6
1197840 2840.2
1197850 2840.2
1197860 2838.8
1197870 2837.5
1197880 2836.1
1197890 2836.1
1197900 2834.7
1197910 2833.4
1197920 2833.4
1197930 2832.7
1197940 2833.2
1197950 2833.2
1197960 2835.8
1197970 2838.2
1197980 2838.2
1197990 2841.1
1198000 2842.6
1198010 2842.6
1198020 2842.6
1198030 2843.9
1198040 2843.9
1198050 2844.7
1198060 2842.7
1198070 2840.3
1198080 2840.3
1198090 2838.9
1198100 2838.5
1198110 2838.5
1198120 2838.7
1198130 2836.8
1198140 2836.8
1198150 2832.3
1198160 2831.1
1198170 2831.1
1198180 2833.5
1198190 2834.5
1198200 2834.5
1198210 2833.4
1198220 2833.4
1198230 2833.4
1198240 2834.4
1198250 2836.2
1198260 2837.1
1198270 2837.1
1198280 2838.2
1198290 2841.9
1198300 2841.9
1198310 2846.0
1198320 2850.6
1198330 2850.6
1198340 2855.4
1198350 2859.8
1198360 2859.8
1198370 2861.7
1198380 2860.3
1198390 2860.3
1198400 2857.9
1198410 2856.9
1198420 2856.9
1198430 2855.2
1198440 2854.1
1198450 2853.9
1198460 2853.9
1198470 2853.2
1198480 2851.3
1198490 2851.3
1198500 2849.5
1198510 2848.1
1198520 2848.1
1198530 2848.0
1198540 2848.6
1198550 2848.6
1198560 2849.0
1198570 2849.5
1198580 2849.5
1198590 2849.7
1198600 2851.6
1198610 2851.6
1198620 2854.6
1198630 2852.9
1198640 2847.8
1198650 2847.8
1198660 2843.2
1198670 2839.5
1198680 2839.5
1198690 2837.8
1198700 2834.5
1198710 2834.5
1198720 2829.9
1198730 2822.2
1198740 2822.2
1198750 2816.2
1198760 2812.8
1198770 2812.8
1198780 2811.9
1198790 2812.1
1198800 2812.1
1198810 2812.1
1198820 2811.5
1198830 2811.3
1198840 2811.3
1198850 2811.9
1198860 2811.5
1198870 2811.5
1198880 2811.5
1198890 2811.0
1198900 2811.0
1198910 2810.5
1198920 2810.3
1198930 2810.3
1198940 2810.8
1198950 2808.8
1198960 2808.8
1198970 2808.2
1198980 2808.3
1198990 2808.3
1199000 2809.8
1199010 2809.1
1199020 2808.5
1199030 2808.5
1199040 2806.8
1199050 2805.9
1199060 2805.9
1199070 2806.0
1199080 2805.4
1199090 2805.4
1199100 2804.1
1199110 2803.6
1199120 2803.6
1199130 2803.3
1199140 2802.2
1199150 2802.2
1199160 2800.9
1199170 2799.6
1199180 2799.6
1199190 2797.8
1199200 2796.2
1199210 2794.4
1199220 2794.4
1199230 2793.0
1199240 2791.6
1199250 2791.6
1199260 2790.2
1199270 2788.7
1199280 2788.7
1199290 2786.9
1199300 2785.3
1199310 2785.3
1199320 2783.8
1199330 2782.5
1199340 2782.5
1199350 2781.2
1199360 2780.0
1199370 2780.0
1199380 2778.8
1199390 2777.7
1199400 2776.7
1199410 2776.7
1199420 2775.9
1199430 2775.2
1199440 2775.9
1199450 2775.5
1199460 2775.5
1199470 2775.5
1199480 2775.8
1199490 2776.2
1199500 2776.2
1199510 2776.6
1199520 2777.1
1199530 2777.1
1199540 2777.6
1199550 2778.1
1199560 2778.1
1199570 2778.6
1199580 2779.1
1199590 2779.9
1199600 2779.9
1199610 2780.6
1199620 2781.0
1199630 2781.0
1199640 2781.1
1199650 2781.1
1199660 2781.1
1199670 2780.8
1199680 2780.4
1199690 2780.4
1199700 2780.0
1199710 2779.9
1199720 2779.9
1199730 2780.3
1199740 2780.3
1199750 2780.3
1199760 2781.0
1199770 2781.9
1199780 2780.1
1199790 2780.1
1199800 2779.5
1199810 2780.2
1199820 2780.2
1199830 2780.3
1199840 2780.4
1199850 2780.4
1199860 2781.4
1199870 2784.3
1199880 2785.5
1199890 2789.9
1199900 2793.5
1199910 2793.5
1199920 2798.4
1199930 2805.3
1199940 2817.4
1199950 2817.4
1199960 2835.1
1199970 2858.4
1199980 2858.4
1199990 2871.5
