1180000 2266.8
1180010 2273.2
1180020 2283.0
1180030 2283.0
1180040 2293.8
1180050 2304.0
1180060 2304.0
1180070 2313.9
1180080 2321.9
1180090 2321.9
1180100 2328.4
1180110 2341.1
1180120 2370.7
1180130 2370.7
1180140 2394.6
1180150 2408.3
1180160 2408.3
1180170 2418.2
1180180 2427.9
1180190 2427.9
1180200 2436.8
1180210 2440.3
1180220 2440.3
1180230 2442.3
1180240 2446.7
1180250 2446.7
1180260 2455.6
1180270 2463.2
1180280 2463.2
1180290 2470.7
1180300 2479.0
1180310 2486.5
1180320 2486.5
1180330 2493.8
1180340 2498.8
1180350 2498.8
1180360 2503.1
1180370 2508.6
1180380 2508.6
1180390 2510.2
1180400 2513.5
1180410 2513.5
1180420 2523.4
1180430 2536.6
1180440 2536.6
1180450 2547.6
1180460 2558.5
1180470 2558.5
1180480 2569.2
1180490 2581.0
1180500 2592.3
1180510 2592.3
1180520 2601.3
1180530 2608.3
1180540 2608.3
1180550 2612.7
1180560 2616.3
1180570 2616.3
1180580 2617.0
1180590 2617.4
1180600 2617.4
1180610 2617.7
1180620 2617.0
1180630 2617.0
1180640 2616.7
1180650 2617.1
1180660 2617.1
1180670 2617.3
1180680 2616.4
1180690 2615.3
1180700 2615.3
1180710 2614.1
1180720 2613.5
1180730 2613.5
1180740 2614.2
1180750 2615.6
1180760 2615.6
1180770 2616.9
1180780 2617.6
1180790 2617.6
1180800 2619.9
1180810 2622.6
1180820 2622.6
1180830 2624.5
1180840 2626.9
1180850 2626.9
1180860 2629.2
1180870 2630.2
1180880 2630.2
1180890 2630.2
1180900 2622.5
1180910 2622.5
1180920 2622.5
1180930 2624.6
1180940 2627.7
1180950 2627.7
1180960 2631.0
1180970 2634.3
1180980 2634.3
1180990 2638.2
1181000 2641.4
1181010 2641.4
1181020 2643.0
1181030 2646.8
1181040 2646.8
1181050 2651.5
1181060 2655.8
1181070 2659.4
1181080 2659.4
1181090 2662.2
1181100 2663.5
1181110 2663.5
1181120 2664.0
1181130 2664.0
1181140 2664.0
1181150 2666.4
1181160 2669.3
1181170 2669.3
1181180 2671.6
1181190 2673.3
1181200 2673.3
1181210 2674.8
1181220 2676.9
1181230 2676.9
1181240 2678.4
1181250 2679.4
1181260 2679.8
1181270 2679.8
1181280 2679.3
1181290 2678.0
1181300 2678.0
1181310 2677.1
1181320 2671.9
1181330 2671.9
1181340 2674.8
1181350 2678.0
1181360 2678.0
1181370 2681.2
1181380 2684.6
1181390 2684.6
1181400 2687.9
1181410 2693.3
1181420 2693.3
1181430 2695.6
1181440 2699.4
1181450 2705.6
1181460 2705.6
1181470 2710.2
1181480 2718.1
1181490 2718.1
1181500 2724.6
1181510 2726.4
1181520 2726.4
1181530 2727.2
1181540 2728.9
1181550 2728.9
1181560 2731.9
1181570 2734.8
1181580 2734.8
1181590 2738.4
1181600 2742.2
1181610 2742.2
1181620 2746.7
1181630 2751.2
1181640 2756.0
1181650 2756.0
1181660 2761.6
1181670 2767.0
1181680 2767.0
1181690 2771.9
1181700 2777.1
1181710 2777.1
1181720 2782.8
1181730 2785.5
1181740 2785.5
1181750 2790.8
1181760 2795.7
1181770 2795.7
1181780 2801.1
1181790 2808.5
1181800 2808.5
1181810 2817.8
1181820 2825.5
1181830 2835.8
1181840 2835.8
1181850 2842.9
1181860 2845.4
1181870 2845.4
1181880 2852.4
1181890 2857.8
1181900 2857.8
1181910 2861.4
1181920 2870.2
1181930 2870.2
1181940 2885.8
1181950 2891.5
1181960 2891.5
1181970 2893.8
1181980 2894.4
1181990 2894.4
1182000 2895.0
1182010 2891.4
1182020 2887.0
1182030 2887.0
1182040 2885.5
1182050 2882.6
1182060 2882.6
1182070 2879.0
1182080 2878.3
1182090 2878.3
1182100 2877.7
1182110 2880.5
1182120 2880.5
1182130 2882.6
1182140 2877.4
1182150 2886.4
1182160 2885.4
1182170 2885.9
1182180 2885.9
1182190 2878.1
1182200 2871.0
1182210 2871.0
1182220 2868.2
1182230 2864.9
1182240 2860.2
1182250 2860.2
1182260 2859.5
1182270 2859.3
1182280 2859.3
1182290 2856.7
1182300 2857.0
1182310 2857.0
1182320 2858.5
1182330 2859.3
1182340 2859.3
1182350 2864.1
1182360 2871.7
1182370 2871.7
1182380 2877.7
1182390 2875.5
1182400 2875.5
1182410 2865.9
1182420 2857.1
1182430 2850.2
1182440 2850.2
1182450 2844.8
1182460 2839.8
1182470 2839.8
1182480 2836.8
1182490 2835.8
1182500 2835.8
1182510 2834.4
1182520 2831.9
1182530 2831.9
1182540 2830.2
1182550 2827.6
1182560 2827.6
1182570 2830.5
1182580 2829.9
1182590 2829.9
1182600 2828.9
1182610 2825.1
1182620 2819.0
1182630 2819.0
1182640 2812.6
1182650 2806.3
1182660 2806.3
1182670 2798.8
1182680 2791.4
1182690 2791.4
1182700 2783.5
1182710 2777.5
1182720 2777.5
1182730 2775.3
1182740 2773.0
1182750 2773.0
1182760 2770.5
1182770 2768.3
1182780 2768.3
1182790 2766.6
1182800 2762.6
1182810 2758.9
1182820 2758.9
1182830 2757.3
1182840 2754.4
1182850 2754.4
1182860 2749.9
1182870 2745.7
1182880 2745.7
1182890 2743.5
1182900 2740.3
1182910 2740.3
1182920 2736.2
1182930 2734.2
1182940 2734.2
1182950 2734.8
1182960 2733.2
1182970 2733.2
1182980 2731.3
1182990 2739.3
1183000 2745.9
1183010 2745.9
1183020 2756.3
1183030 2760.4
1183040 2760.4
1183050 2765.3
1183060 2763.4
1183070 2763.4
1183080 2754.6
1183090 2753.6
1183100 2753.6
1183110 2758.4
1183120 2759.7
1183130 2759.7
1183140 2761.8
1183150 2766.1
1183160 2766.1
1183170 2771.2
1183180 2778.5
1183190 2787.9
1183200 2787.9
1183210 2796.6
1183220 2793.3
1183230 2793.3
1183240 2786.9
1183250 2777.7
1183260 2777.7
1183270 2769.1
1183280 2761.2
1183290 2761.2
1183300 2751.9
1183310 2743.8
1183320 2743.8
1183330 2735.9
1183340 2727.7
1183350 2727.7
1183360 2721.4
1183370 2715.3
1183380 2707.9
1183390 2707.9
1183400 2701.3
1183410 2691.4
1183420 2691.4
1183430 2686.5
1183440 2682.3
1183450 2682.3
1183460 2678.2
1183470 2675.4
1183480 2675.4
1183490 2673.5
1183500 2671.0
1183510 2671.0
1183520 2668.0
1183530 2663.7
1183540 2663.7
1183550 2660.5
1183560 2657.6
1183570 2655.0
1183580 2655.0
1183590 2650.9
1183600 2646.3
1183610 2646.3
1183620 2646.3
1183630 2644.3
1183640 2644.3
1183650 2638.9
1183660 2631.8
1183670 2631.8
1183680 2625.9
1183690 2622.5
1183700 2622.5
1183710 2620.2
1183720 2619.2
1183730 2619.2
1183740 2615.1
1183750 2609.4
1183760 2604.2
1183770 2604.2
1183780 2597.7
1183790 2591.3
1183800 2591.3
1183810 2585.8
1183820 2580.5
1183830 2588.2
1183840 2583.3
1183850 2576.9
1183860 2576.9
1183870 2571.5
1183880 2567.5
1183890 2567.5
1183900 2562.1
1183910 2555.7
1183920 2555.7
1183930 2549.6
1183940 2544.2
1183950 2539.9
1183960 2539.9
1183970 2537.4
1183980 2538.2
1183990 2538.2
1184000 2540.1
1184010 2542.6
1184020 2542.6
1184030 2545.7
1184040 2547.9
1184050 2547.9
1184060 2550.0
1184070 2554.2
1184080 2554.2
1184090 2560.9
1184100 2566.3
1184110 2566.3
1184120 2570.8
1184130 2575.3
1184140 2578.2
1184150 2578.2
1184160 2579.7
1184170 2580.7
1184180 2580.7
1184190 2581.2
1184200 2580.3
1184210 2580.3
1184220 2577.6
1184230 2573.5
1184240 2573.5
1184250 2570.5
1184260 2564.5
1184270 2564.5
1184280 2558.3
1184290 2552.2
1184300 2552.2
1184310 2546.7
1184320 2540.8
1184330 2537.1
1184340 2537.1
1184350 2533.4
1184360 2530.0
1184370 2530.0
1184380 2526.9
1184390 2521.1
1184400 2521.1
1184410 2516.2
1184420 2511.4
1184430 2511.4
1184440 2505.5
1184450 2497.0
1184460 2497.0
1184470 2491.7
1184480 2496.9
1184490 2496.9
1184500 2510.3
1184510 2516.8
1184520 2517.0
1184530 2517.0
1184540 2516.3
1184550 2512.1
1184560 2512.1
1184570 2508.2
1184580 2506.0
1184590 2506.0
1184600 2503.1
1184610 2498.2
1184620 2498.2
1184630 2492.6
1184640 2484.4
1184650 2484.4
1184660 2477.0
1184670 2472.9
1184680 2472.9
1184690 2467.5
1184700 2462.9
1184710 2457.6
1184720 2457.6
1184730 2448.9
1184740 2438.8
1184750 2438.8
1184760 2429.6
1184770 2422.4
1184780 2422.4
1184790 2415.1
1184800 2408.9
1184810 2408.9
1184820 2403.0
1184830 2397.4
1184840 2397.4
1184850 2392.8
1184860 2389.3
1184870 2389.3
1184880 2387.6
1184890 2387.7
1184900 2390.7
1184910 2390.7
1184920 2392.5
1184930 2390.2
1184940 2390.2
1184950 2387.6
1184960 2384.2
1184970 2384.2
1184980 2380.7
1184990 2378.0
1185000 2378.0
1185010 2375.3
1185020 2373.7
1185030 2373.7
1185040 2372.3
1185050 2371.8
1185060 2371.8
1185070 2373.2
1185080 2375.6
1185090 2379.6
1185100 2379.6
1185110 2381.9
1185120 2384.5
1185130 2384.5
1185140 2387.6
1185150 2390.7
1185160 2390.7
1185170 2394.4
1185180 2397.9
1185190 2397.9
1185200 2400.3
1185210 2402.9
1185220 2402.9
1185230 2406.0
1185240 2409.5
1185250 2409.5
1185260 2413.6
1185270 2417.0
1185280 2419.8
1185290 2419.8
1185300 2423.4
1185310 2428.6
1185320 2428.6
1185330 2435.6
1185340 2441.7
1185350 2441.7
1185360 2447.7
1185370 2453.3
1185380 2453.3
1185390 2459.4
1185400 2465.6
1185410 2465.6
1185420 2471.7
1185430 2478.1
1185440 2478.1
1185450 2484.7
1185460 2491.9
1185470 2501.2
1185480 2501.2
1185490 2514.5
1185500 2527.2
1185510 2524.7
1185520 2534.4
1185530 2543.1
1185540 2543.1
1185550 2551.9
1185560 2560.7
1185570 2560.7
1185580 2568.0
1185590 2574.6
1185600 2574.6
1185610 2581.7
1185620 2588.8
1185630 2588.8
1185640 2596.4
1185650 2606.0
1185660 2612.8
1185670 2612.8
1185680 2619.0
1185690 2626.2
1185700 2626.2
1185710 2634.0
1185720 2641.3
1185730 2641.3
1185740 2647.3
1185750 2653.8
1185760 2653.8
1185770 2659.9
1185780 2665.3
1185790 2665.3
1185800 2670.3
1185810 2675.3
1185820 2675.3
1185830 2680.8
1185840 2686.5
1185850 2693.1
1185860 2693.1
1185870 2699.1
1185880 2704.2
1185890 2704.2
1185900 2708.6
1185910 2710.8
1185920 2710.8
1185930 2710.8
1185940 2714.3
1185950 2714.3
1185960 2719.6
1185970 2726.8
1185980 2726.8
1185990 2734.1
1186000 2741.0
1186010 2741.0
1186020 2748.4
1186030 2756.6
1186040 2764.4
1186050 2764.4
1186060 2771.4
1186070 2777.9
1186080 2777.9
1186090 2783.5
1186100 2790.0
1186110 2790.0
1186120 2798.3
1186130 2805.9
1186140 2805.9
1186150 2813.2
1186160 2825.0
1186170 2825.0
1186180 2829.9
1186190 2825.6
1186200 2825.6
1186210 2818.9
1186220 2813.9
1186230 2811.5
1186240 2811.5
1186250 2809.2
1186260 2806.3
1186270 2806.3
1186280 2803.2
1186290 2801.6
1186300 2801.6
1186310 2800.3
1186320 2798.5
1186330 2798.5
1186340 2798.1
1186350 2800.5
1186360 2798.5
1186370 2799.4
1186380 2800.0
1186390 2800.0
1186400 2801.1
1186410 2803.6
1186420 2806.6
1186430 2806.6
1186440 2809.7
1186450 2812.7
1186460 2812.7
1186470 2815.9
1186480 2818.9
1186490 2818.9
1186500 2821.8
1186510 2825.1
1186520 2825.1
1186530 2828.6
1186540 2832.9
1186550 2832.9
1186560 2837.9
1186570 2842.4
1186580 2842.4
1186590 2845.5
1186600 2847.8
1186610 2850.4
1186620 2850.4
1186630 2853.3
1186640 2856.2
1186650 2856.2
1186660 2858.4
1186670 2860.3
1186680 2860.3
1186690 2862.6
1186700 2865.1
1186710 2865.1
1186720 2867.5
1186730 2869.5
1186740 2869.5
1186750 2870.8
1186760 2871.1
1186770 2871.1
1186780 2868.8
1186790 2869.1
1186800 2868.9
1186810 2868.9
1186820 2868.4
1186830 2868.1
1186840 2868.1
1186850 2869.3
1186860 2871.0
1186870 2871.0
1186880 2872.4
1186890 2874.4
1186900 2874.4
1186910 2877.5
1186920 2881.5
1186930 2881.5
1186940 2884.3
1186950 2885.1
1186960 2885.1
1186970 2884.3
1186980 2883.6
1186990 2883.7
1187000 2883.7
1187010 2884.4
1187020 2885.5
1187030 2885.5
1187040 2888.0
1187050 2893.4
1187060 2893.4
1187070 2900.0
1187080 2907.3
1187090 2907.3
1187100 2915.3
1187110 2922.7
1187120 2922.7
1187130 2930.2
1187140 2937.8
1187150 2937.8
1187160 2945.8
1187170 2955.3
1187180 2962.8
1187190 2962.8
1187200 2969.3
1187210 2977.6
1187220 2977.6
1187230 2985.4
1187240 2992.8
1187250 2992.8
1187260 3001.2
1187270 3009.4
1187280 3009.4
1187290 3016.9
1187300 3024.2
1187310 3024.2
1187320 3024.5
1187330 3017.0
1187340 3017.0
1187350 3008.8
1187360 2999.1
1187370 2987.8
1187380 2987.8
1187390 2975.6
1187400 2968.6
1187410 2968.6
1187420 2961.5
1187430 2953.9
1187440 2953.9
1187450 2946.3
1187460 2939.1
1187470 2939.1
1187480 2931.9
1187490 2925.7
1187500 2925.7
1187510 2920.9
1187520 2916.5
1187530 2916.5
1187540 2913.0
1187550 2910.4
1187560 2908.6
1187570 2908.6
1187580 2907.1
1187590 2906.0
1187600 2906.0
1187610 2905.1
1187620 2904.4
1187630 2906.9
1187640 2906.1
1187650 2905.6
1187660 2905.6
1187670 2904.9
1187680 2904.0
1187690 2904.0
1187700 2903.1
1187710 2902.4
1187720 2902.4
1187730 2902.2
1187740 2902.3
1187750 2902.5
1187760 2902.5
1187770 2902.3
1187780 2901.6
1187790 2901.6
1187800 2899.4
1187810 2895.6
1187820 2895.6
1187830 2892.6
1187840 2890.3
1187850 2890.3
1187860 2887.5
1187870 2884.3
1187880 2884.3
1187890 2881.5
1187900 2879.3
1187910 2879.3
1187920 2876.9
1187930 2874.5
1187940 2873.3
1187950 2873.3
1187960 2873.4
1187970 2873.7
1187980 2873.7
1187990 2873.6
1188000 2872.9
1188010 2872.9
1188020 2871.7
1188030 2869.9
1188040 2869.9
1188050 2867.6
1188060 2863.7
1188070 2863.7
1188080 2861.0
1188090 2859.8
1188100 2859.8
1188110 2860.0
1188120 2859.1
1188130 2856.9
1188140 2856.9
1188150 2853.0
1188160 2848.0
1188170 2848.0
1188180 2842.7
1188190 2837.5
1188200 2837.5
1188210 2833.4
1188220 2829.9
1188230 2829.9
1188240 2826.5
1188250 2825.0
1188260 2825.0
1188270 2825.1
1188280 2824.8
1188290 2824.8
1188300 2824.1
1188310 2823.5
1188320 2823.1
1188330 2823.1
1188340 2823.3
1188350 2823.6
1188360 2823.6
1188370 2824.0
1188380 2824.4
1188390 2824.4
1188400 2824.5
1188410 2824.0
1188420 2824.0
1188430 2823.5
1188440 2823.0
1188450 2823.0
1188460 2822.0
1188470 2820.9
1188480 2817.9
1188490 2817.0
1188500 2816.3
1188510 2815.8
1188520 2815.8
1188530 2814.4
1188540 2814.2
1188550 2814.2
1188560 2814.8
1188570 2814.9
1188580 2814.9
1188590 2815.4
1188600 2815.9
1188610 2815.9
1188620 2816.2
1188630 2816.9
1188640 2816.9
1188650 2817.5
1188660 2817.8
1188670 2817.8
1188680 2817.9
1188690 2817.7
1188700 2818.0
1188710 2818.0
1188720 2817.4
1188730 2815.1
1188740 2815.1
1188750 2808.9
1188760 2804.9
1188770 2804.9
1188780 2802.7
1188790 2801.8
1188800 2801.8
1188810 2801.7
1188820 2801.5
1188830 2801.5
1188840 2801.0
1188850 2800.0
1188860 2800.0
1188870 2799.1
1188880 2799.2
1188890 2800.0
1188900 2800.0
1188910 2794.5
1188920 2794.0
1188930 2794.0
1188940 2794.4
1188950 2792.2
1188960 2792.2
1188970 2788.4
1188980 2784.4
1188990 2784.4
1189000 2774.0
1189010 2753.7
1189020 2753.7
1189030 2744.8
1189040 2737.7
1189050 2737.7
1189060 2731.9
1189070 2726.9
1189080 2722.3
1189090 2722.3
1189100 2718.7
1189110 2715.8
1189120 2715.8
1189130 2713.4
1189140 2711.5
1189150 2711.5
1189160 2710.0
1189170 2709.1
1189180 2709.1
1189190 2708.2
1189200 2706.3
1189210 2706.3
1189220 2703.8
1189230 2702.1
1189240 2702.1
1189250 2701.2
1189260 2700.4
1189270 2698.4
1189280 2698.4
1189290 2696.2
1189300 2694.8
1189310 2694.8
1189320 2696.2
1189330 2699.2
1189340 2692.5
1189350 2694.8
1189360 2698.1
1189370 2698.1
1189380 2699.4
1189390 2698.0
1189400 2698.0
1189410 2695.8
1189420 2695.1
1189430 2695.1
1189440 2693.3
1189450 2689.8
1189460 2690.1
1189470 2690.1
1189480 2692.2
1189490 2693.8
1189500 2693.8
1189510 2695.2
1189520 2696.8
1189530 2696.8
1189540 2698.1
1189550 2699.1
1189560 2699.1
1189570 2700.1
1189580 2701.9
1189590 2701.9
1189600 2703.4
1189610 2704.9
1189620 2704.9
1189630 2705.7
1189640 2705.1
1189650 2705.1
1189660 2705.1
1189670 2705.5
1189680 2707.0
1189690 2707.0
1189700 2706.8
1189710 2704.5
1189720 2704.5
1189730 2703.9
1189740 2705.0
1189750 2705.0
1189760 2706.8
1189770 2701.9
1189780 2701.9
1189790 2705.1
1189800 2709.2
1189810 2709.2
1189820 2711.1
1189830 2713.8
1189840 2717.6
1189850 2717.6
1189860 2720.3
1189870 2721.9
1189880 2721.9
1189890 2721.9
1189900 2719.9
1189910 2719.9
1189920 2717.9
1189930 2717.0
1189940 2717.0
1189950 2716.8
1189960 2717.0
1189970 2717.0
1189980 2716.8
1189990 2716.6
1190000 2716.6
1190010 2716.0
1190020 2715.1
1190030 2713.6
1190040 2713.6
1190050 2712.7
1190060 2712.3
1190070 2712.3
1190080 2712.8
1190090 2714.1
1190100 2714.1
1190110 2716.3
1190120 2717.9
1190130 2717.9
1190140 2718.4
1190150 2718.1
1190160 2718.1
1190170 2716.8
1190180 2714.8
1190190 2714.8
1190200 2708.5
1190210 2708.4
1190220 2708.1
1190230 2708.1
1190240 2707.4
1190250 2707.0
1190260 2707.0
1190270 2705.7
1190280 2704.1
1190290 2704.1
1190300 2703.0
1190310 2702.8
1190320 2702.8
1190330 2702.4
1190340 2701.7
1190350 2701.7
1190360 2707.5
1190370 2725.2
1190380 2725.2
1190390 2729.8
1190400 2728.7
1190410 2736.8
1190420 2736.8
1190430 2743.5
1190440 2744.9
1190450 2744.9
1190460 2744.0
1190470 2742.5
1190480 2742.5
1190490 2740.6
1190500 2738.8
1190510 2738.8
1190520 2732.6
1190530 2722.5
1190540 2722.5
1190550 2710.4
1190560 2696.7
1190570 2696.7
1190580 2690.9
1190590 2688.1
1190600 2686.4
1190610 2686.4
1190620 2684.5
1190630 2677.1
1190640 2677.1
1190650 2675.0
1190660 2674.3
1190670 2674.3
1190680 2673.2
1190690 2671.2
1190700 2671.2
1190710 2669.6
1190720 2668.2
1190730 2668.2
1190740 2667.5
1190750 2667.4
1190760 2667.4
1190770 2666.5
1190780 2666.4
1190790 2667.7
1190800 2667.7
1190810 2668.4
1190820 2667.7
1190830 2667.7
1190840 2666.5
1190850 2664.8
1190860 2664.8
1190870 2662.0
1190880 2657.8
1190890 2657.8
1190900 2656.0
1190910 2655.7
1190920 2655.7
1190930 2653.3
1190940 2653.1
1190950 2653.1
1190960 2653.7
1190970 2654.0
1190980 2654.6
1190990 2654.6
1191000 2655.1
1191010 2655.1
1191020 2655.1
1191030 2653.1
1191040 2651.9
1191050 2651.9
1191060 2644.9
1191070 2644.8
1191080 2644.8
1191090 2645.5
1191100 2645.9
1191110 2645.9
1191120 2645.6
1191130 2644.9
1191140 2644.9
1191150 2644.3
1191160 2642.1
1191170 2639.0
1191180 2639.0
1191190 2635.5
1191200 2631.6
1191210 2631.6
1191220 2628.1
1191230 2627.0
1191240 2627.0
1191250 2626.4
1191260 2626.0
1191270 2626.0
1191280 2624.3
1191290 2621.3
1191300 2621.3
1191310 2618.1
1191320 2616.2
1191330 2616.2
1191340 2616.3
1191350 2615.0
1191360 2611.9
1191370 2611.9
1191380 2608.6
1191390 2606.1
1191400 2606.1
1191410 2603.6
1191420 2600.5
1191430 2600.5
1191440 2594.0
1191450 2587.0
1191460 2587.0
1191470 2581.9
1191480 2578.3
1191490 2576.3
1191500 2574.0
1191510 2572.5
1191520 2572.5
1191530 2570.9
1191540 2569.1
1191550 2567.2
1191560 2567.2
1191570 2564.3
1191580 2561.2
1191590 2561.2
1191600 2557.6
1191610 2552.3
1191620 2552.3
1191630 2546.9
1191640 2541.5
1191650 2541.5
1191660 2536.4
1191670 2532.9
1191680 2532.9
1191690 2528.9
1191700 2525.2
1191710 2525.2
1191720 2521.6
1191730 2518.2
1191740 2516.0
1191750 2516.0
1191760 2516.1
1191770 2515.0
1191780 2515.0
1191790 2510.4
1191800 2505.5
1191810 2505.5
1191820 2499.4
1191830 2493.7
1191840 2493.7
1191850 2488.2
1191860 2481.0
1191870 2481.0
1191880 2475.3
1191890 2471.0
1191900 2471.0
1191910 2466.0
1191920 2465.1
1191930 2461.1
1191940 2461.1
1191950 2459.2
1191960 2462.5
1191970 2462.5
1191980 2462.2
1191990 2459.3
1192000 2459.3
1192010 2456.8
1192020 2453.5
1192030 2453.5
1192040 2448.2
1192050 2443.8
1192060 2443.8
1192070 2439.0
1192080 2435.1
1192090 2435.1
1192100 2434.6
1192110 2434.8
1192120 2431.6
1192130 2431.6
1192140 2428.1
1192150 2425.9
1192160 2425.9
1192170 2423.7
1192180 2421.5
1192190 2421.5
1192200 2420.0
1192210 2416.8
1192220 2416.8
1192230 2414.8
1192240 2413.9
1192250 2413.9
1192260 2410.5
1192270 2405.7
1192280 2405.7
1192290 2402.0
1192300 2398.9
1192310 2395.5
1192320 2395.5
1192330 2391.1
1192340 2389.1
1192350 2389.8
1192360 2388.5
1192370 2387.6
1192380 2387.6
1192390 2385.3
1192400 2381.9
1192410 2381.9
1192420 2380.5
1192430 2380.6
1192440 2380.6
1192450 2380.7
1192460 2381.1
1192470 2381.1
1192480 2380.2
1192490 2377.2
1192500 2373.9
1192510 2373.9
1192520 2370.5
1192530 2366.8
1192540 2366.8
1192550 2363.7
1192560 2360.5
1192570 2360.5
1192580 2357.1
1192590 2354.7
1192600 2354.7
1192610 2353.7
1192620 2352.0
1192630 2352.0
1192640 2350.5
1192650 2349.7
1192660 2349.7
1192670 2349.2
1192680 2347.6
1192690 2345.2
1192700 2345.2
1192710 2342.7
1192720 2340.4
1192730 2340.4
1192740 2337.5
1192750 2334.8
1192760 2334.8
1192770 2330.9
1192780 2328.5
1192790 2328.5
1192800 2327.1
1192810 2326.9
1192820 2326.9
1192830 2330.4
1192840 2328.1
1192850 2328.1
1192860 2324.1
1192870 2318.7
1192880 2311.4
1192890 2311.4
1192900 2307.9
1192910 2308.5
1192920 2308.5
1192930 2309.4
1192940 2310.3
1192950 2310.3
1192960 2312.0
1192970 2314.8
1192980 2314.8
1192990 2318.0
1193000 2318.0
1193010 2318.0
1193020 2317.9
1193030 2317.7
1193040 2317.7
1193050 2317.2
1193060 2317.1
1193070 2317.1
1193080 2317.5
1193090 2318.3
1193100 2317.6
1193110 2317.6
1193120 2317.4
1193130 2318.7
1193140 2318.7
1193150 2323.1
1193160 2328.3
1193170 2328.3
1193180 2335.3
1193190 2342.4
1193200 2342.4
1193210 2346.3
1193220 2350.6
1193230 2350.6
1193240 2353.2
1193250 2356.6
1193260 2356.6
1193270 2360.0
1193280 2363.3
1193290 2367.4
1193300 2367.4
1193310 2377.3
1193320 2385.5
1193330 2385.5
1193340 2391.5
1193350 2392.8
1193360 2392.8
1193370 2395.7
1193380 2403.2
1193390 2403.2
1193400 2412.5
1193410 2418.4
1193420 2418.4
1193430 2422.1
1193440 2426.3
1193450 2426.3
1193460 2429.9
1193470 2433.8
1193480 2438.3
1193490 2438.3
1193500 2441.4
1193510 2445.0
1193520 2445.0
1193530 2449.8
1193540 2456.2
1193550 2456.2
1193560 2463.2
1193570 2470.4
1193580 2470.4
1193590 2478.0
1193600 2485.8
1193610 2485.8
1193620 2494.4
1193630 2503.6
1193640 2503.6
1193650 2518.5
1193660 2526.0
1193670 2535.2
1193680 2535.2
1193690 2544.1
1193700 2545.4
1193710 2545.4
1193720 2549.6
1193730 2562.5
1193740 2562.5
1193750 2573.2
1193760 2580.2
1193770 2580.2
1193780 2587.4
1193790 2593.6
1193800 2593.6
1193810 2599.6
1193820 2601.2
1193830 2601.2
1193840 2600.7
1193850 2598.6
1193860 2594.1
1193870 2594.1
1193880 2588.5
1193890 2582.9
1193900 2582.9
1193910 2578.1
1193920 2576.2
1193930 2576.2
1193940 2578.2
1193950 2576.8
1193960 2576.8
1193970 2576.3
1193980 2573.5
1193990 2573.5
1194000 2569.1
1194010 2568.4
1194020 2568.4
1194030 2571.3
1194040 2574.4
1194050 2577.3
1194060 2577.3
1194070 2576.6
1194080 2581.6
1194090 2581.6
1194100 2581.0
1194110 2581.1
1194120 2581.1
1194130 2580.8
1194140 2579.8
1194150 2579.8
1194160 2581.1
1194170 2584.8
1194180 2584.8
1194190 2585.7
1194200 2585.5
1194210 2585.5
1194220 2584.1
1194230 2585.4
1194240 2585.1
1194250 2585.1
1194260 2586.4
1194270 2584.9
1194280 2584.9
1194290 2581.6
1194300 2578.6
1194310 2578.6
1194320 2570.0
1194330 2560.0
1194340 2560.0
1194350 2549.3
1194360 2539.6
1194370 2539.6
1194380 2533.2
1194390 2531.9
1194400 2531.9
1194410 2525.7
1194420 2510.2
1194430 2504.3
1194440 2504.3
1194450 2500.4
1194460 2496.4
1194470 2496.4
1194480 2493.2
1194490 2489.5
1194500 2489.5
1194510 2485.6
1194520 2481.0
1194530 2481.0
1194540 2473.8
1194550 2465.1
1194560 2465.1
1194570 2456.1
1194580 2449.4
1194590 2449.4
1194600 2443.5
1194610 2437.7
1194620 2431.5
1194630 2431.5
1194640 2424.8
1194650 2418.9
1194660 2418.9
1194670 2413.7
1194680 2409.0
1194690 2409.0
1194700 2404.5
1194710 2400.0
1194720 2400.0
1194730 2396.0
1194740 2392.6
1194750 2392.6
1194760 2388.3
1194770 2382.7
1194780 2382.7
1194790 2376.8
1194800 2368.8
1194810 2360.7
1194820 2360.7
1194830 2352.5
1194840 2344.4
1194850 2344.4
1194860 2334.7
1194870 2327.9
1194880 2327.9
1194890 2321.3
1194900 2315.1
1194910 2315.1
1194920 2310.0
1194930 2307.1
1194940 2307.1
1194950 2304.1
1194960 2308.2
1194970 2308.2
1194980 2306.5
1194990 2305.7
1195000 2305.0
1195010 2305.0
1195020 2304.6
1195030 2303.7
1195040 2303.7
1195050 2302.3
1195060 2300.7
1195070 2300.7
1195080 2297.9
1195090 2293.4
1195100 2293.4
1195110 2287.7
1195120 2281.7
1195130 2281.7
1195140 2276.4
1195150 2272.2
1195160 2272.2
1195170 2265.6
1195180 2256.5
1195190 2248.9
1195200 2248.9
1195210 2242.3
1195220 2235.3
1195230 2235.3
1195240 2227.4
1195250 2218.3
1195260 2218.3
1195270 2208.6
1195280 2200.3
1195290 2200.3
1195300 2194.5
1195310 2190.5
1195320 2190.5
1195330 2186.0
1195340 2181.2
1195350 2181.2
1195360 2176.4
1195370 2173.5
1195380 2170.6
1195390 2172.7
1195400 2170.2
1195410 2166.1
1195420 2166.1
1195430 2162.0
1195440 2159.9
1195450 2159.9
1195460 2158.0
1195470 2158.1
1195480 2158.1
1195490 2157.6
1195500 2156.3
1195510 2156.3
1195520 2156.3
1195530 2157.1
1195540 2157.1
1195550 2157.5
1195560 2156.5
1195570 2153.0
1195580 2153.0
1195590 2148.2
1195600 2143.7
1195610 2143.7
1195620 2139.1
1195630 2135.0
1195640 2135.0
1195650 2130.8
1195660 2125.9
1195670 2125.9
1195680 2121.6
1195690 2117.5
1195700 2117.5
1195710 2112.4
1195720 2107.3
1195730 2107.3
1195740 2102.6
1195750 2098.2
1195760 2093.4
1195770 2093.4
1195780 2090.3
1195790 2088.9
1195800 2088.9
1195810 2085.0
1195820 2079.2
1195830 2081.4
1195840 2075.1
1195850 2068.6
1195860 2068.6
1195870 2062.3
1195880 2058.0
1195890 2058.0
1195900 2055.0
1195910 2051.4
1195920 2051.4
1195930 2047.5
1195940 2044.1
1195950 2041.8
1195960 2041.8
1195970 2043.6
1195980 2048.1
1195990 2048.1
1196000 2051.0
1196010 2054.1
1196020 2054.1
1196030 2057.4
1196040 2060.1
1196050 2060.1
1196060 2062.8
1196070 2066.2
1196080 2066.2
1196090 2069.9
1196100 2074.1
1196110 2074.1
1196120 2077.6
1196130 2080.8
1196140 2084.1
1196150 2084.1
1196160 2087.5
1196170 2091.6
1196180 2091.6
1196190 2096.0
1196200 2100.7
1196210 2100.7
1196220 2105.2
1196230 2109.9
1196240 2109.9
1196250 2116.5
1196260 2125.4
1196270 2120.1
1196280 2128.2
1196290 2142.3
1196300 2142.3
1196310 2158.4
1196320 2171.3
1196330 2182.1
1196340 2182.1
1196350 2189.8
1196360 2196.9
1196370 2196.9
1196380 2206.1
1196390 2214.2
1196400 2214.2
1196410 2220.7
1196420 2227.2
1196430 2227.2
1196440 2232.8
1196450 2238.3
1196460 2238.3
1196470 2244.4
1196480 2250.6
1196490 2250.6
1196500 2255.7
1196510 2260.9
1196520 2266.3
1196530 2266.3
1196540 2271.2
1196550 2275.5
1196560 2275.5
1196570 2281.2
1196580 2288.1
1196590 2288.1
1196600 2293.9
1196610 2299.4
1196620 2299.4
1196630 2304.3
1196640 2309.3
1196650 2309.3
1196660 2315.4
1196670 2321.8
1196680 2321.8
1196690 2327.8
1196700 2330.9
1196710 2333.4
1196720 2333.4
1196730 2335.9
1196740 2336.5
1196750 2336.5
1196760 2336.4
1196770 2337.3
1196780 2337.3
1196790 2338.4
1196800 2339.7
1196810 2339.7
1196820 2340.0
1196830 2339.8
1196840 2339.8
1196850 2339.8
1196860 2342.5
1196870 2342.5
1196880 2347.5
1196890 2352.8
1196900 2360.4
1196910 2360.4
1196920 2363.3
1196930 2363.7
1196940 2363.7
1196950 2363.7
1196960 2365.4
1196970 2365.4
1196980 2368.9
1196990 2370.2
1197000 2370.2
1197010 2369.9
1197020 2369.6
1197030 2369.6
1197040 2369.6
1197050 2371.2
1197060 2371.2
1197070 2373.0
1197080 2374.0
1197090 2374.8
1197100 2374.8
1197110 2375.3
1197120 2375.7
1197130 2375.7
1197140 2375.8
1197150 2379.2
1197160 2379.2
1197170 2379.1
1197180 2379.2
1197190 2379.2
1197200 2380.1
1197210 2380.7
1197220 2380.7
1197230 2381.3
1197240 2381.9
1197250 2381.9
1197260 2384.2
1197270 2387.3
1197280 2389.7
1197290 2389.7
1197300 2391.6
1197310 2393.8
1197320 2393.8
1197330 2396.9
1197340 2400.1
1197350 2400.1
1197360 2402.8
1197370 2405.7
1197380 2405.7
1197390 2408.8
1197400 2410.9
1197410 2410.9
1197420 2412.3
1197430 2413.2
1197440 2413.2
1197450 2413.5
1197460 2413.4
1197470 2413.3
1197480 2413.3
1197490 2413.4
1197500 2414.0
1197510 2414.0
1197520 2415.1
1197530 2416.5
1197540 2416.5
1197550 2418.9
1197560 2422.6
1197570 2422.6
1197580 2425.8
1197590 2428.6
1197600 2428.6
1197610 2431.5
1197620 2435.1
1197630 2435.1
1197640 2438.4
1197650 2442.2
1197660 2446.3
1197670 2446.3
1197680 2450.3
1197690 2454.8
1197700 2454.8
1197710 2459.5
1197720 2463.8
1197730 2463.8
1197740 2468.1
1197750 2471.9
1197760 2471.9
1197770 2475.6
1197780 2480.0
1197790 2480.0
1197800 2485.0
1197810 2490.4
1197820 2490.4
1197830 2495.2
1197840 2499.9
1197850 2506.0
1197860 2506.0
1197870 2511.6
1197880 2516.3
1197890 2516.3
1197900 2520.7
1197910 2524.5
1197920 2524.5
1197930 2526.2
1197940 2528.8
1197950 2528.8
1197960 2533.1
1197970 2536.6
1197980 2536.6
1197990 2538.7
1198000 2539.4
1198010 2539.4
1198020 2538.9
1198030 2530.3
1198040 2530.9
1198050 2530.9
1198060 2530.5
1198070 2530.0
1198080 2530.0
1198090 2529.4
1198100 2529.7
1198110 2529.7
1198120 2529.6
1198130 2529.7
1198140 2529.7
1198150 2530.8
1198160 2531.7
1198170 2531.7
1198180 2533.1
1198190 2535.5
1198200 2535.5
1198210 2538.1
1198220 2540.9
1198230 2544.7
1198240 2544.7
1198250 2549.6
1198260 2553.0
1198270 2553.0
1198280 2555.5
1198290 2556.2
1198300 2556.2
1198310 2557.8
1198320 2560.9
1198330 2560.9
1198340 2563.1
1198350 2565.4
1198360 2565.4
1198370 2567.0
1198380 2566.5
1198390 2566.5
1198400 2568.8
1198410 2573.0
1198420 2576.0
1198430 2576.0
1198440 2578.4
1198450 2579.7
1198460 2579.7
1198470 2572.1
1198480 2570.6
1198490 2570.6
1198500 2572.8
1198510 2575.4
1198520 2575.4
1198530 2578.6
1198540 2583.5
1198550 2583.5
1198560 2586.0
1198570 2588.4
1198580 2588.4
1198590 2590.2
1198600 2590.3
1198610 2590.2
1198620 2590.2
1198630 2590.9
1198640 2592.7
1198650 2592.7
1198660 2594.0
1198670 2595.6
1198680 2595.6
1198690 2598.2
1198700 2602.7
1198710 2602.7
1198720 2608.3
1198730 2614.0
1198740 2614.0
1198750 2620.0
1198760 2626.2
1198770 2626.2
1198780 2632.3
1198790 2638.4
1198800 2644.5
1198810 2644.5
1198820 2650.6
1198830 2656.1
1198840 2656.1
1198850 2658.7
1198860 2659.4
1198870 2659.4
1198880 2659.9
1198890 2661.0
1198900 2661.0
1198910 2656.7
1198920 2659.3
1198930 2659.3
1198940 2661.9
1198950 2664.7
1198960 2664.7
1198970 2667.4
1198980 2669.7
1198990 2672.2
1199000 2672.2
1199010 2674.6
1199020 2676.6
1199030 2676.6
1199040 2678.9
1199050 2681.3
1199060 2681.3
1199070 2684.0
1199080 2686.9
1199090 2686.9
1199100 2690.1
1199110 2693.1
1199120 2693.1
1199130 2696.7
1199140 2700.6
1199150 2700.6
1199160 2704.0
1199170 2707.5
1199180 2711.0
1199190 2711.0
1199200 2714.5
1199210 2717.9
1199220 2717.9
1199230 2720.9
1199240 2724.0
1199250 2724.0
1199260 2726.9
1199270 2729.2
1199280 2729.2
1199290 2731.0
1199300 2732.7
1199310 2732.7
1199320 2734.4
1199330 2736.4
1199340 2736.4
1199350 2738.6
1199360 2740.8
1199370 2743.8
1199380 2743.8
1199390 2747.0
1199400 2750.9
1199410 2750.9
1199420 2755.0
1199430 2758.9
1199440 2758.9
1199450 2763.1
1199460 2767.7
1199470 2767.7
1199480 2772.9
1199490 2777.9
1199500 2777.9
1199510 2783.0
1199520 2788.0
1199530 2788.0
1199540 2792.7
1199550 2797.9
1199560 2801.7
1199570 2801.7
1199580 2805.2
1199590 2807.8
1199600 2807.8
1199610 2810.3
1199620 2813.0
1199630 2813.0
1199640 2815.9
1199650 2818.8
1199660 2818.8
1199670 2821.0
1199680 2823.1
1199690 2823.1
1199700 2824.8
1199710 2825.9
1199720 2825.9
1199730 2826.9
1199740 2828.4
1199750 2832.2
1199760 2832.2
1199770 2836.2
1199780 2840.3
1199790 2841.2
1199800 2844.9
1199810 2848.7
1199820 2848.7
1199830 2852.4
1199840 2855.9
1199850 2855.9
1199860 2859.6
1199870 2862.8
1199880 2862.8
1199890 2865.9
1199900 2868.8
1199910 2868.8
1199920 2872.0
1199930 2874.8
1199940 2877.7
1199950 2877.7
1199960 2880.7
1199970 2883.6
1199980 2883.6
1199990 2886.3
