1180000 2278.9
1180010 2286.1
1180020 2286.1
1180030 2293.2
1180040 2300.4
1180050 2300.4
1180060 2308.3
1180070 2316.2
1180080 2316.2
1180090 2324.0
1180100 2331.7
1180110 2331.7
1180120 2340.5
1180130 2349.5
1180140 2349.5
1180150 2358.4
1180160 2366.6
1180170 2374.3
1180180 2374.3
1180190 2381.7
1180200 2389.1
1180210 2389.1
1180220 2396.9
1180230 2405.4
1180240 2405.4
1180250 2413.9
1180260 2422.6
1180270 2422.6
1180280 2430.7
1180290 2438.6
1180300 2438.6
1180310 2446.9
1180320 2455.6
1180330 2455.6
1180340 2464.3
1180350 2472.7
1180360 2481.4
1180370 2481.4
1180380 2489.7
1180390 2497.3
1180400 2497.3
1180410 2502.4
1180420 2506.7
1180430 2506.7
1180440 2510.6
1180450 2514.7
1180460 2514.7
1180470 2519.0
1180480 2523.7
1180490 2523.7
1180500 2528.1
1180510 2532.4
1180520 2528.7
1180530 2532.6
1180540 2534.7
1180550 2537.0
1180560 2537.0
1180570 2539.4
1180580 2541.9
1180590 2541.9
1180600 2544.7
1180610 2548.0
1180620 2548.0
1180630 2549.7
1180640 2551.5
1180650 2551.5
1180660 2552.3
1180670 2551.9
1180680 2551.9
1180690 2552.9
1180700 2554.2
1180710 2554.2
1180720 2556.0
1180730 2558.2
1180740 2560.8
1180750 2560.8
1180760 2562.8
1180770 2563.6
1180780 2563.6
1180790 2565.1
1180800 2567.4
1180810 2567.4
1180820 2569.6
1180830 2571.8
1180840 2571.8
1180850 2573.9
1180860 2575.7
1180870 2575.7
1180880 2577.2
1180890 2578.9
1180900 2578.9
1180910 2581.1
1180920 2582.8
1180930 2583.9
1180940 2581.4
1180950 2581.9
1180960 2582.5
1180970 2582.5
1180980 2585.0
1180990 2585.5
1181000 2585.5
1181010 2586.1
1181020 2588.2
1181030 2588.2
1181040 2591.7
1181050 2595.3
1181060 2595.3
1181070 2599.2
1181080 2602.8
1181090 2602.8
1181100 2606.6
1181110 2611.1
1181120 2616.3
1181130 2616.3
1181140 2621.1
1181150 2624.8
1181160 2624.8
1181170 2628.4
1181180 2631.1
1181190 2631.1
1181200 2633.7
1181210 2636.0
1181220 2636.0
1181230 2637.9
1181240 2639.5
1181250 2639.5
1181260 2640.9
1181270 2642.0
1181280 2642.0
1181290 2643.2
1181300 2644.1
1181310 2645.6
1181320 2645.6
1181330 2647.2
1181340 2648.2
1181350 2647.5
1181360 2648.5
1181370 2650.3
1181380 2650.3
1181390 2651.8
1181400 2652.1
1181410 2652.1
1181420 2653.7
1181430 2657.0
1181440 2657.0
1181450 2660.5
1181460 2663.4
1181470 2663.4
1181480 2666.0
1181490 2668.8
1181500 2672.3
1181510 2672.3
1181520 2675.6
1181530 2678.9
1181540 2678.9
1181550 2682.5
1181560 2685.8
1181570 2685.8
1181580 2688.4
1181590 2691.3
1181600 2691.3
1181610 2695.7
1181620 2700.7
1181630 2700.7
1181640 2705.5
1181650 2710.3
1181660 2710.3
1181670 2715.4
1181680 2720.6
1181690 2725.6
1181700 2725.6
1181710 2731.0
1181720 2736.6
1181730 2736.6
1181740 2742.0
1181750 2747.5
1181760 2747.5
1181770 2753.2
1181780 2759.3
1181790 2759.3
1181800 2765.4
1181810 2771.5
1181820 2771.5
1181830 2777.7
1181840 2783.8
1181850 2783.8
1181860 2790.5
1181870 2798.6
1181880 2806.7
1181890 2806.7
1181900 2814.8
1181910 2822.6
1181920 2822.6
1181930 2829.5
1181940 2838.1
1181950 2838.1
1181960 2848.1
1181970 2858.4
1181980 2858.4
1181990 2869.5
1182000 2881.6
1182010 2881.6
1182020 2887.7
1182030 2891.6
1182040 2891.6
1182050 2899.1
1182060 2905.7
1182070 2911.8
1182080 2911.8
1182090 2920.4
1182100 2932.1
1182110 2932.1
1182120 2942.4
1182130 2949.2
1182140 2949.2
1182150 2954.4
1182160 2952.7
1182170 2952.7
1182180 2947.0
1182190 2950.8
1182200 2950.8
1182210 2949.3
1182220 2948.7
1182230 2948.7
1182240 2948.1
1182250 2950.2
1182260 2950.3
1182270 2950.3
1182280 2946.6
1182290 2946.9
1182300 2946.9
1182310 2950.0
1182320 2956.8
1182330 2956.8
1182340 2955.9
1182350 2947.1
1182360 2947.1
1182370 2937.6
1182380 2929.4
1182390 2929.4
1182400 2923.3
1182410 2918.8
1182420 2918.8
1182430 2914.9
1182440 2910.4
1182450 2907.2
1182460 2907.2
1182470 2905.2
1182480 2903.2
1182490 2903.2
1182500 2900.3
1182510 2900.6
1182520 2900.6
1182530 2901.1
1182540 2901.6
1182550 2901.6
1182560 2903.4
1182570 2904.1
1182580 2904.1
1182590 2907.9
1182600 2908.0
1182610 2913.9
1182620 2903.0
1182630 2897.5
1182640 2895.2
1182650 2895.2
1182660 2895.0
1182670 2893.9
1182680 2893.9
1182690 2892.4
1182700 2886.1
1182710 2886.1
1182720 2878.7
1182730 2870.3
1182740 2870.3
1182750 2859.5
1182760 2852.7
1182770 2852.7
1182780 2848.1
1182790 2845.8
1182800 2845.8
1182810 2847.9
1182820 2852.4
1182830 2854.9
1182840 2854.9
1182850 2847.0
1182860 2837.0
1182870 2837.0
1182880 2830.8
1182890 2828.6
1182900 2828.6
1182910 2829.9
1182920 2833.8
1182930 2833.8
1182940 2837.6
1182950 2836.8
1182960 2836.8
1182970 2833.7
1182980 2833.2
1182990 2833.2
1183000 2836.6
1183010 2835.1
1183020 2828.6
1183030 2828.6
1183040 2825.7
1183050 2821.6
1183060 2821.6
1183070 2816.7
1183080 2812.8
1183090 2812.8
1183100 2808.2
1183110 2803.6
1183120 2803.6
1183130 2801.8
1183140 2800.9
1183150 2800.9
1183160 2800.9
1183170 2801.1
1183180 2801.1
1183190 2800.1
1183200 2793.4
1183210 2779.5
1183220 2779.5
1183230 2766.3
1183240 2756.3
1183250 2756.3
1183260 2747.1
1183270 2738.6
1183280 2738.6
1183290 2730.4
1183300 2722.2
1183310 2722.2
1183320 2714.2
1183330 2706.7
1183340 2706.7
1183350 2699.5
1183360 2692.6
1183370 2692.6
1183380 2686.2
1183390 2680.4
1183400 2675.4
1183410 2675.4
1183420 2670.8
1183430 2666.4
1183440 2665.2
1183450 2661.3
1183460 2657.9
1183470 2657.9
1183480 2655.3
1183490 2653.8
1183500 2653.8
1183510 2652.2
1183520 2646.2
1183530 2646.2
1183540 2640.9
1183550 2639.8
1183560 2639.8
1183570 2639.5
1183580 2639.0
1183590 2640.0
1183600 2640.0
1183610 2640.3
1183620 2640.2
1183630 2640.2
1183640 2638.4
1183650 2632.7
1183660 2632.7
1183670 2626.7
1183680 2622.6
1183690 2622.6
1183700 2621.1
1183710 2620.3
1183720 2620.3
1183730 2619.6
1183740 2619.0
1183750 2619.0
1183760 2618.9
1183770 2618.7
1183780 2617.5
1183790 2617.5
1183800 2618.4
1183810 2619.4
1183820 2619.4
1183830 2617.9
1183840 2613.2
1183850 2613.2
1183860 2609.6
1183870 2604.6
1183880 2604.6
1183890 2600.8
1183900 2599.6
1183910 2599.6
1183920 2598.6
1183930 2599.7
1183940 2599.7
1183950 2604.1
1183960 2606.0
1183970 2605.2
1183980 2605.2
1183990 2604.8
1184000 2604.5
1184010 2604.5
1184020 2604.6
1184030 2604.0
1184040 2604.0
1184050 2603.3
1184060 2603.9
1184070 2603.9
1184080 2605.1
1184090 2606.2
1184100 2606.2
1184110 2607.4
1184120 2608.5
1184130 2608.5
1184140 2609.3
1184150 2609.2
1184160 2608.2
1184170 2608.2
1184180 2607.1
1184190 2606.1
1184200 2606.1
1184210 2605.2
1184220 2604.6
1184230 2604.6
1184240 2603.3
1184250 2600.7
1184260 2600.7
1184270 2596.8
1184280 2592.3
1184290 2592.3
1184300 2587.2
1184310 2582.7
1184320 2582.7
1184330 2577.8
1184340 2572.4
1184350 2567.6
1184360 2567.6
1184370 2561.0
1184380 2555.8
1184390 2555.8
1184400 2553.3
1184410 2554.2
1184420 2554.2
1184430 2555.8
1184440 2557.0
1184450 2557.0
1184460 2557.3
1184470 2556.5
1184480 2556.5
1184490 2556.6
1184500 2555.1
1184510 2555.1
1184520 2552.6
1184530 2548.0
1184540 2540.2
1184550 2540.2
1184560 2533.3
1184570 2526.5
1184580 2526.5
1184590 2520.2
1184600 2513.6
1184610 2513.6
1184620 2507.3
1184630 2501.6
1184640 2501.6
1184650 2495.9
1184660 2490.3
1184670 2490.3
1184680 2484.2
1184690 2478.2
1184700 2478.2
1184710 2476.7
1184720 2470.5
1184730 2466.5
1184740 2466.5
1184750 2461.5
1184760 2453.3
1184770 2453.3
1184780 2446.0
1184790 2439.3
1184800 2439.3
1184810 2432.9
1184820 2425.6
1184830 2425.6
1184840 2418.9
1184850 2414.1
1184860 2414.1
1184870 2410.8
1184880 2408.9
1184890 2408.9
1184900 2408.8
1184910 2409.3
1184920 2409.4
1184930 2409.4
1184940 2410.9
1184950 2409.4
1184960 2409.4
1184970 2404.0
1184980 2399.3
1184990 2399.3
1185000 2395.3
1185010 2391.7
1185020 2391.7
1185030 2390.5
1185040 2391.1
1185050 2391.1
1185060 2393.1
1185070 2395.9
1185080 2395.9
1185090 2398.8
1185100 2401.3
1185110 2404.0
1185120 2404.0
1185130 2409.7
1185140 2412.8
1185150 2412.8
1185160 2416.2
1185170 2419.6
1185180 2419.6
1185190 2422.9
1185200 2426.3
1185210 2426.3
1185220 2430.0
1185230 2433.6
1185240 2433.6
1185250 2437.2
1185260 2440.6
1185270 2440.6
1185280 2444.0
1185290 2447.4
1185300 2450.6
1185310 2450.6
1185320 2453.9
1185330 2457.6
1185340 2457.6
1185350 2462.5
1185360 2468.0
1185370 2468.0
1185380 2473.1
1185390 2478.3
1185400 2478.3
1185410 2483.6
1185420 2489.2
1185430 2489.2
1185440 2494.8
1185450 2500.3
1185460 2500.3
1185470 2506.0
1185480 2510.9
1185490 2515.6
1185500 2515.6
1185510 2520.8
1185520 2526.6
1185530 2526.6
1185540 2532.6
1185550 2539.6
1185560 2539.6
1185570 2545.6
1185580 2552.5
1185590 2552.5
1185600 2560.5
1185610 2569.6
1185620 2569.6
1185630 2576.7
1185640 2583.3
1185650 2583.3
1185660 2590.5
1185670 2599.2
1185680 2612.9
1185690 2612.9
1185700 2627.1
1185710 2637.0
1185720 2637.0
1185730 2641.2
1185740 2654.9
1185750 2654.9
1185760 2665.6
1185770 2673.1
1185780 2673.1
1185790 2679.8
1185800 2684.3
1185810 2684.3
1185820 2688.9
1185830 2694.4
1185840 2694.4
1185850 2700.6
1185860 2704.8
1185870 2707.5
1185880 2707.5
1185890 2709.8
1185900 2710.9
1185910 2710.9
1185920 2709.3
1185930 2705.6
1185940 2705.6
1185950 2702.0
1185960 2702.7
1185970 2709.4
1185980 2712.6
1185990 2715.8
1186000 2715.8
1186010 2718.3
1186020 2719.3
1186030 2719.3
1186040 2719.5
1186050 2719.8
1186060 2720.1
1186070 2720.1
1186080 2720.4
1186090 2722.9
1186100 2722.9
1186110 2728.2
1186120 2731.8
1186130 2731.8
1186140 2737.9
1186150 2745.9
1186160 2745.9
1186170 2750.9
1186180 2754.3
1186190 2754.3
1186200 2755.5
1186210 2755.4
1186220 2755.4
1186230 2754.0
1186240 2754.8
1186250 2762.3
1186260 2762.3
1186270 2768.5
1186280 2770.9
1186290 2770.9
1186300 2772.0
1186310 2776.9
1186320 2776.9
1186330 2779.8
1186340 2781.8
1186350 2781.8
1186360 2783.1
1186370 2784.5
1186380 2784.5
1186390 2786.3
1186400 2782.9
1186410 2782.9
1186420 2784.8
1186430 2788.6
1186440 2794.1
1186450 2794.1
1186460 2801.0
1186470 2807.7
1186480 2807.7
1186490 2814.6
1186500 2821.8
1186510 2821.8
1186520 2828.4
1186530 2834.7
1186540 2834.7
1186550 2841.3
1186560 2845.9
1186570 2845.9
1186580 2848.1
1186590 2848.8
1186600 2848.8
1186610 2847.9
1186620 2846.8
1186630 2845.5
1186640 2845.5
1186650 2844.4
1186660 2844.0
1186670 2844.0
1186680 2843.4
1186690 2841.6
1186700 2841.6
1186710 2839.1
1186720 2837.6
1186730 2837.6
1186740 2837.0
1186750 2837.0
1186760 2837.0
1186770 2837.6
1186780 2838.5
1186790 2838.5
1186800 2839.7
1186810 2840.9
1186820 2841.7
1186830 2841.7
1186840 2843.0
1186850 2843.8
1186860 2843.8
1186870 2844.9
1186880 2846.8
1186890 2846.8
1186900 2849.2
1186910 2851.4
1186920 2851.4
1186930 2853.4
1186940 2854.7
1186950 2854.7
1186960 2855.9
1186970 2857.3
1186980 2857.3
1186990 2858.6
1187000 2860.7
1187010 2862.8
1187020 2862.8
1187030 2866.2
1187040 2872.2
1187050 2872.2
1187060 2877.0
1187070 2881.4
1187080 2881.4
1187090 2887.1
1187100 2894.0
1187110 2894.0
1187120 2902.1
1187130 2912.3
1187140 2912.3
1187150 2923.8
1187160 2937.9
1187170 2937.9
1187180 2948.1
1187190 2960.8
1187200 2966.3
1187210 2966.3
1187220 2970.0
1187230 2974.0
1187240 2968.6
1187250 2971.4
1187260 2974.1
1187270 2974.1
1187280 2976.3
1187290 2976.8
1187300 2976.8
1187310 2977.3
1187320 2979.0
1187330 2979.0
1187340 2980.6
1187350 2983.0
1187360 2983.0
1187370 2985.6
1187380 2988.3
1187390 2992.4
1187400 2992.4
1187410 2997.9
1187420 3004.9
1187430 3004.9
1187440 3004.3
1187450 2991.1
1187460 2991.1
1187470 2977.2
1187480 2969.9
1187490 2969.9
1187500 2963.6
1187510 2956.6
1187520 2956.6
1187530 2950.6
1187540 2946.6
1187550 2946.6
1187560 2942.8
1187570 2939.0
1187580 2935.5
1187590 2935.5
1187600 2931.9
1187610 2927.9
1187620 2927.9
1187630 2923.7
1187640 2919.3
1187650 2919.3
1187660 2915.0
1187670 2914.8
1187680 2914.8
1187690 2911.8
1187700 2910.1
1187710 2910.1
1187720 2909.6
1187730 2909.7
1187740 2909.7
1187750 2910.5
1187760 2910.3
1187770 2910.4
1187780 2910.4
1187790 2909.5
1187800 2907.6
1187810 2907.6
1187820 2905.1
1187830 2902.3
1187840 2902.3
1187850 2899.1
1187860 2896.8
1187870 2896.8
1187880 2896.4
1187890 2895.8
1187900 2895.8
1187910 2895.3
1187920 2895.3
1187930 2895.3
1187940 2895.2
1187950 2894.5
1187960 2893.3
1187970 2893.3
1187980 2891.9
1187990 2890.4
1188000 2890.4
1188010 2888.9
1188020 2887.3
1188030 2887.3
1188040 2885.6
1188050 2883.6
1188060 2883.6
1188070 2881.2
1188080 2878.8
1188090 2878.8
1188100 2875.4
1188110 2872.9
1188120 2872.9
1188130 2868.1
1188140 2861.7
1188150 2856.3
1188160 2856.3
1188170 2851.0
1188180 2845.6
1188190 2845.6
1188200 2841.0
1188210 2837.4
1188220 2837.4
1188230 2834.8
1188240 2833.2
1188250 2833.2
1188260 2832.3
1188270 2831.6
1188280 2831.6
1188290 2830.7
1188300 2829.8
1188310 2829.8
1188320 2829.8
1188330 2829.3
1188340 2828.5
1188350 2828.5
1188360 2827.3
1188370 2826.7
1188380 2826.7
1188390 2825.8
1188400 2824.4
1188410 2824.4
1188420 2822.6
1188430 2820.6
1188440 2820.6
1188450 2818.8
1188460 2817.9
1188470 2817.9
1188480 2817.2
1188490 2817.2
1188500 2817.2
1188510 2817.1
1188520 2817.0
1188530 2816.4
1188540 2816.4
1188550 2815.0
1188560 2812.7
1188570 2812.7
1188580 2810.3
1188590 2809.1
1188600 2809.1
1188610 2808.5
1188620 2807.7
1188630 2807.7
1188640 2806.7
1188650 2806.3
1188660 2806.3
1188670 2806.0
1188680 2805.7
1188690 2805.7
1188700 2805.5
1188710 2805.3
1188720 2805.4
1188730 2805.4
1188740 2806.2
1188750 2807.4
1188760 2807.4
1188770 2808.8
1188780 2810.4
1188790 2810.4
1188800 2812.1
1188810 2813.3
1188820 2813.3
1188830 2814.5
1188840 2814.9
1188850 2814.9
1188860 2814.1
1188870 2812.6
1188880 2812.6
1188890 2810.3
1188900 2805.4
1188910 2798.2
1188920 2798.2
1188930 2793.5
1188940 2786.0
1188950 2792.1
1188960 2785.2
1188970 2778.4
1188980 2778.4
1188990 2774.1
1189000 2766.5
1189010 2766.5
1189020 2758.0
1189030 2753.2
1189040 2753.2
1189050 2747.9
1189060 2740.8
1189070 2740.8
1189080 2733.4
1189090 2726.6
1189100 2721.7
1189110 2721.7
1189120 2717.3
1189130 2713.1
1189140 2713.1
1189150 2709.5
1189160 2704.9
1189170 2704.9
1189180 2700.9
1189190 2698.9
1189200 2698.9
1189210 2697.4
1189220 2695.5
1189230 2695.5
1189240 2693.6
1189250 2692.8
1189260 2692.8
1189270 2692.4
1189280 2691.2
1189290 2688.0
1189300 2688.0
1189310 2683.6
1189320 2679.0
1189330 2679.0
1189340 2675.7
1189350 2672.6
1189360 2672.6
1189370 2669.9
1189380 2666.9
1189390 2666.9
1189400 2666.7
1189410 2666.2
1189420 2666.2
1189430 2665.8
1189440 2665.4
1189450 2665.4
1189460 2664.5
1189470 2663.2
1189480 2662.3
1189490 2662.3
1189500 2661.0
1189510 2659.2
1189520 2659.2
1189530 2657.5
1189540 2656.1
1189550 2656.1
1189560 2655.3
1189570 2654.5
1189580 2654.5
1189590 2653.3
1189600 2652.3
1189610 2652.3
1189620 2651.7
1189630 2650.9
1189640 2650.9
1189650 2650.2
1189660 2649.9
1189670 2650.0
1189680 2650.0
1189690 2649.3
1189700 2648.5
1189710 2648.5
1189720 2647.1
1189730 2647.3
1189740 2647.3
1189750 2648.3
1189760 2648.8
1189770 2648.8
1189780 2648.1
1189790 2648.0
1189800 2642.0
1189810 2642.3
1189820 2644.1
1189830 2644.1
1189840 2645.2
1189850 2647.6
1189860 2650.3
1189870 2650.3
1189880 2653.1
1189890 2655.8
1189900 2655.8
1189910 2655.9
1189920 2654.0
1189930 2654.0
1189940 2651.5
1189950 2652.7
1189960 2652.7
1189970 2654.1
1189980 2654.4
1189990 2654.4
1190000 2654.1
1190010 2653.0
1190020 2653.0
1190030 2652.5
1190040 2653.5
1190050 2655.9
1190060 2655.9
1190070 2657.2
1190080 2658.1
1190090 2658.1
1190100 2659.3
1190110 2658.6
1190120 2658.6
1190130 2657.8
1190140 2658.4
1190150 2658.4
1190160 2658.2
1190170 2655.9
1190180 2655.9
1190190 2651.7
1190200 2648.4
1190210 2648.4
1190220 2648.6
1190230 2646.0
1190240 2647.5
1190250 2647.5
1190260 2647.7
1190270 2646.7
1190280 2646.7
1190290 2644.3
1190300 2642.3
1190310 2642.3
1190320 2639.8
1190330 2637.9
1190340 2637.9
1190350 2638.3
1190360 2640.4
1190370 2640.4
1190380 2639.9
1190390 2639.5
1190400 2639.5
1190410 2639.6
1190420 2639.0
1190430 2638.5
1190440 2638.5
1190450 2641.0
1190460 2644.5
1190470 2644.5
1190480 2647.8
1190490 2649.9
1190500 2649.9
1190510 2649.5
1190520 2648.9
1190530 2648.9
1190540 2647.0
1190550 2645.7
1190560 2645.7
1190570 2645.0
1190580 2644.8
1190590 2644.8
1190600 2645.9
1190610 2648.0
1190620 2650.0
1190630 2650.0
1190640 2651.1
1190650 2650.4
1190660 2648.6
1190670 2647.1
1190680 2645.4
1190690 2645.4
1190700 2643.2
1190710 2640.9
1190720 2640.9
1190730 2639.2
1190740 2638.4
1190750 2638.4
1190760 2637.7
1190770 2636.9
1190780 2636.9
1190790 2635.6
1190800 2634.6
1190810 2633.9
1190820 2633.9
1190830 2633.4
1190840 2632.6
1190850 2632.6
1190860 2631.9
1190870 2631.1
1190880 2631.1
1190890 2630.1
1190900 2628.5
1190910 2628.5
1190920 2626.8
1190930 2624.7
1190940 2624.7
1190950 2622.3
1190960 2619.7
1190970 2619.7
1190980 2617.6
1190990 2614.9
1191000 2612.4
1191010 2612.4
1191020 2610.5
1191030 2609.0
1191040 2609.0
1191050 2607.4
1191060 2605.7
1191070 2605.7
1191080 2604.2
1191090 2602.6
1191100 2602.6
1191110 2600.9
1191120 2600.0
1191130 2600.0
1191140 2600.1
1191150 2600.0
1191160 2600.0
1191170 2599.3
1191180 2598.5
1191190 2597.6
1191200 2597.6
1191210 2597.0
1191220 2596.9
1191230 2596.9
1191240 2596.8
1191250 2596.5
1191260 2596.5
1191270 2596.0
1191280 2595.4
1191290 2595.4
1191300 2594.3
1191310 2593.0
1191320 2593.0
1191330 2591.5
1191340 2589.5
1191350 2589.5
1191360 2588.0
1191370 2586.6
1191380 2585.5
1191390 2585.5
1191400 2584.7
1191410 2583.8
1191420 2583.8
1191430 2582.9
1191440 2581.6
1191450 2581.6
1191460 2579.0
1191470 2576.5
1191480 2576.5
1191490 2574.4
1191500 2572.0
1191510 2572.0
1191520 2567.0
1191530 2563.5
1191540 2563.5
1191550 2560.0
1191560 2556.4
1191570 2553.2
1191580 2553.2
1191590 2550.8
1191600 2549.2
1191610 2549.2
1191620 2547.5
1191630 2545.2
1191640 2545.2
1191650 2542.0
1191660 2538.6
1191670 2538.6
1191680 2535.7
1191690 2534.7
1191700 2534.7
1191710 2536.6
1191720 2537.7
1191730 2537.7
1191740 2537.9
1191750 2535.5
1191760 2532.0
1191770 2532.0
1191780 2527.6
1191790 2524.3
1191800 2524.3
1191810 2520.0
1191820 2514.3
1191830 2514.3
1191840 2507.6
1191850 2499.1
1191860 2499.1
1191870 2493.1
1191880 2488.9
1191890 2488.9
1191900 2484.5
1191910 2479.8
1191920 2479.8
1191930 2475.1
1191940 2469.4
1191950 2462.4
1191960 2462.5
1191970 2457.2
1191980 2451.3
1191990 2451.3
1192000 2446.9
1192010 2446.1
1192020 2446.1
1192030 2447.3
1192040 2446.6
1192050 2446.6
1192060 2445.7
1192070 2448.3
1192080 2448.3
1192090 2448.3
1192100 2447.9
1192110 2447.9
1192120 2448.2
1192130 2446.6
1192140 2447.7
1192150 2447.7
1192160 2444.8
1192170 2435.8
1192180 2435.8
1192190 2421.3
1192200 2411.1
1192210 2411.1
1192220 2405.2
1192230 2401.3
1192240 2401.3
1192250 2400.8
1192260 2400.3
1192270 2400.3
1192280 2398.4
1192290 2395.5
1192300 2395.5
1192310 2394.7
1192320 2394.6
1192330 2391.3
1192340 2391.3
1192350 2392.9
1192360 2397.0
1192370 2397.0
1192380 2400.6
1192390 2402.3
1192400 2402.3
1192410 2403.4
1192420 2405.0
1192430 2405.0
1192440 2407.8
1192450 2409.3
1192460 2409.3
1192470 2408.8
1192480 2407.8
1192490 2407.8
1192500 2406.4
1192510 2403.2
1192520 2398.8
1192530 2398.8
1192540 2396.3
1192550 2394.4
1192560 2394.4
1192570 2389.2
1192580 2382.8
1192590 2382.8
1192600 2385.5
1192610 2383.5
1192620 2383.5
1192630 2378.6
1192640 2371.9
1192650 2371.9
1192660 2364.1
1192670 2357.8
1192680 2357.8
1192690 2351.6
1192700 2347.4
1192710 2343.2
1192720 2343.2
1192730 2339.4
1192740 2334.0
1192750 2334.0
1192760 2331.0
1192770 2328.6
1192780 2328.6
1192790 2327.0
1192800 2325.1
1192810 2325.1
1192820 2325.2
1192830 2324.1
1192840 2324.1
1192850 2324.5
1192860 2327.1
1192870 2327.1
1192880 2327.2
1192890 2326.9
1192900 2326.6
1192910 2326.6
1192920 2327.0
1192930 2328.1
1192940 2328.1
1192950 2329.0
1192960 2330.2
1192970 2330.2
1192980 2330.7
1192990 2331.2
1193000 2331.2
1193010 2332.3
1193020 2333.6
1193030 2333.6
1193040 2335.2
1193050 2336.3
1193060 2336.3
1193070 2337.4
1193080 2338.9
1193090 2342.7
1193100 2342.7
1193110 2345.3
1193120 2347.8
1193130 2347.8
1193140 2347.7
1193150 2348.7
1193160 2348.7
1193170 2351.5
1193180 2355.4
1193190 2355.4
1193200 2359.9
1193210 2364.1
1193220 2364.1
1193230 2367.8
1193240 2375.1
1193250 2378.1
1193260 2396.0
1193270 2410.7
1193280 2410.7
1193290 2420.3
1193300 2424.7
1193310 2425.4
1193320 2425.4
1193330 2425.1
1193340 2425.3
1193350 2425.3
1193360 2424.9
1193370 2425.3
1193380 2425.3
1193390 2426.7
1193400 2429.1
1193410 2429.1
1193420 2432.6
1193430 2437.1
1193440 2437.1
1193450 2442.4
1193460 2448.2
1193470 2448.2
1193480 2454.5
1193490 2461.1
1193500 2467.5
1193510 2467.5
1193520 2474.1
1193530 2482.8
1193540 2482.8
1193550 2499.8
1193560 2516.2
1193570 2516.2
1193580 2524.4
1193590 2532.6
1193600 2532.6
1193610 2543.9
1193620 2553.1
1193630 2553.1
1193640 2561.8
1193650 2573.2
1193660 2573.2
1193670 2580.6
1193680 2589.7
1193690 2600.9
1193700 2600.9
1193710 2609.3
1193720 2617.1
1193730 2617.1
1193740 2625.6
1193750 2633.9
1193760 2633.9
1193770 2642.5
1193780 2649.9
1193790 2649.9
1193800 2656.7
1193810 2661.9
1193820 2661.9
1193830 2665.8
1193840 2666.8
1193850 2666.8
1193860 2665.1
1193870 2663.1
1193880 2661.5
1193890 2661.5
1193900 2660.5
1193910 2658.9
1193920 2658.9
1193930 2657.9
1193940 2656.6
1193950 2656.6
1193960 2654.5
1193970 2651.8
1193980 2651.8
1193990 2651.9
1194000 2653.3
1194010 2653.3
1194020 2653.5
1194030 2652.8
1194040 2652.8
1194050 2656.0
1194060 2660.0
1194070 2665.4
1194080 2665.4
1194090 2670.1
1194100 2672.2
1194110 2672.2
1194120 2673.7
1194130 2672.0
1194140 2672.0
1194150 2670.9
1194160 2671.3
1194170 2671.3
1194180 2672.5
1194190 2670.8
1194200 2670.8
1194210 2666.8
1194220 2660.9
1194230 2660.9
1194240 2654.7
1194250 2647.3
1194260 2638.7
1194270 2638.7
1194280 2632.2
1194290 2626.4
1194300 2626.4
1194310 2620.3
1194320 2611.8
1194330 2611.8
1194340 2602.0
1194350 2593.1
1194360 2593.1
1194370 2585.9
1194380 2581.1
1194390 2581.1
1194400 2576.7
1194410 2571.2
1194420 2571.2
1194430 2563.7
1194440 2553.7
1194450 2543.7
1194460 2543.7
1194470 2535.8
1194480 2528.0
1194490 2528.0
1194500 2520.1
1194510 2512.6
1194520 2512.6
1194530 2506.3
1194540 2500.4
1194550 2500.4
1194560 2498.5
1194570 2492.6
1194580 2492.6
1194590 2487.4
1194600 2482.1
1194610 2482.1
1194620 2476.4
1194630 2470.1
1194640 2464.1
1194650 2464.1
1194660 2459.1
1194670 2455.6
1194680 2455.6
1194690 2453.8
1194700 2452.3
1194710 2452.3
1194720 2451.6
1194730 2450.4
1194740 2450.4
1194750 2447.6
1194760 2442.7
1194770 2442.7
1194780 2438.5
1194790 2435.1
1194800 2435.1
1194810 2430.9
1194820 2426.2
1194830 2421.9
1194840 2421.9
1194850 2416.7
1194860 2406.6
1194870 2406.6
1194880 2396.5
1194890 2391.3
1194900 2391.3
1194910 2391.1
1194920 2394.6
1194930 2394.6
1194940 2394.5
1194950 2396.2
1194960 2396.2
1194970 2399.0
1194980 2398.5
1194990 2404.2
1195000 2401.8
1195010 2398.9
1195020 2394.5
1195030 2394.5
1195040 2389.3
1195050 2384.3
1195060 2384.3
1195070 2378.8
1195080 2372.7
1195090 2372.7
1195100 2363.5
1195110 2353.5
1195120 2353.5
1195130 2345.6
1195140 2339.8
1195150 2339.8
1195160 2333.9
1195170 2328.9
1195180 2328.9
1195190 2324.2
1195200 2319.0
1195210 2313.2
1195220 2313.2
1195230 2306.6
1195240 2300.4
1195250 2300.4
1195260 2291.9
1195270 2281.7
1195280 2281.7
1195290 2272.2
1195300 2262.3
1195310 2262.3
1195320 2252.3
1195330 2238.9
1195340 2238.9
1195350 2228.2
1195360 2221.0
1195370 2221.0
1195380 2215.2
1195390 2210.6
1195400 2205.3
1195410 2205.3
1195420 2200.1
1195430 2198.1
1195440 2198.1
1195450 2192.5
1195460 2187.6
1195470 2187.6
1195480 2183.0
1195490 2179.4
1195500 2179.4
1195510 2176.4
1195520 2173.4
1195530 2173.4
1195540 2170.4
1195550 2168.9
1195560 2168.9
1195570 2167.6
1195580 2165.4
1195590 2163.4
1195600 2163.4
1195610 2160.9
1195620 2159.0
1195630 2159.0
1195640 2157.7
1195650 2155.9
1195660 2155.9
1195670 2153.1
1195680 2151.5
1195690 2151.5
1195700 2151.3
1195710 2147.3
1195720 2147.3
1195730 2141.3
1195740 2136.1
1195750 2136.1
1195760 2131.1
1195770 2124.2
1195780 2115.4
1195790 2115.4
1195800 2108.5
1195810 2102.5
1195820 2102.5
1195830 2097.0
1195840 2091.3
1195850 2091.3
1195860 2085.8
1195870 2085.3
1195880 2085.3
1195890 2085.4
1195900 2082.2
1195910 2082.2
1195920 2078.3
1195930 2072.5
1195940 2072.5
1195950 2069.5
1195960 2069.0
1195970 2067.4
1195980 2067.4
1195990 2062.7
1196000 2055.9
1196010 2055.9
1196020 2057.0
1196030 2060.5
1196040 2060.5
1196050 2063.3
1196060 2066.2
1196070 2066.2
1196080 2069.8
1196090 2073.9
1196100 2073.9
1196110 2078.2
1196120 2080.9
1196130 2080.9
1196140 2084.0
1196150 2088.2
1196160 2093.1
1196170 2093.1
1196180 2098.8
1196190 2104.8
1196200 2104.8
1196210 2111.8
1196220 2121.7
1196230 2121.7
1196240 2127.7
1196250 2131.3
1196260 2131.3
1196270 2136.3
1196280 2139.1
1196290 2139.1
1196300 2142.4
1196310 2144.5
1196320 2144.5
1196330 2145.2
1196340 2147.9
1196350 2151.5
1196360 2151.5
1196370 2154.8
1196380 2158.7
1196390 2158.7
1196400 2162.9
1196410 2167.2
1196420 2167.2
1196430 2171.4
1196440 2175.7
1196450 2175.7
1196460 2180.4
1196470 2184.9
1196480 2184.9
1196490 2190.6
1196500 2196.6
1196510 2196.6
1196520 2201.5
1196530 2206.3
1196540 2212.2
1196550 2212.2
1196560 2217.7
1196570 2223.4
1196580 2223.4
1196590 2229.4
1196600 2235.3
1196610 2235.3
1196620 2240.7
1196630 2244.9
1196640 2244.9
1196650 2249.1
1196660 2255.9
1196670 2255.9
1196680 2262.6
1196690 2268.6
1196700 2268.6
1196710 2273.9
1196720 2278.5
1196730 2281.0
1196740 2274.6
1196750 2276.7
1196760 2278.9
1196770 2278.9
1196780 2281.0
1196790 2283.3
1196800 2283.3
1196810 2285.8
1196820 2287.7
1196830 2287.7
1196840 2289.7
1196850 2291.6
1196860 2291.6
1196870 2293.9
1196880 2297.3
1196890 2297.3
1196900 2300.4
1196910 2302.5
1196920 2303.4
1196930 2303.4
1196940 2305.1
1196950 2308.6
1196960 2308.6
1196970 2312.9
1196980 2317.6
1196990 2317.6
1197000 2322.0
1197010 2325.1
1197020 2325.1
1197030 2327.5
1197040 2329.5
1197050 2329.5
1197060 2332.6
1197070 2336.0
1197080 2336.0
1197090 2338.6
1197100 2340.7
1197110 2345.0
1197120 2345.0
1197130 2349.4
1197140 2352.6
1197150 2352.6
1197160 2354.8
1197170 2360.9
1197180 2350.5
1197190 2356.5
1197200 2359.4
1197210 2359.4
1197220 2357.0
1197230 2360.4
1197240 2360.4
1197250 2365.2
1197260 2367.5
1197270 2367.5
1197280 2368.8
1197290 2368.2
1197300 2363.5
1197310 2363.5
1197320 2357.5
1197330 2361.3
1197340 2361.3
1197350 2364.4
1197360 2361.2
1197370 2361.2
1197380 2353.1
1197390 2351.3
1197400 2351.3
1197410 2353.8
1197420 2354.9
1197430 2354.9
1197440 2357.3
1197450 2359.9
1197460 2359.9
1197470 2361.0
1197480 2363.4
1197490 2366.8
1197500 2366.8
1197510 2370.8
1197520 2377.9
1197530 2377.9
1197540 2383.4
1197550 2386.1
1197560 2386.1
1197570 2388.8
1197580 2391.2
1197590 2391.2
1197600 2393.9
1197610 2396.6
1197620 2390.2
1197630 2391.2
1197640 2393.0
1197650 2393.0
1197660 2391.9
1197670 2390.2
1197680 2390.8
1197690 2390.8
1197700 2395.3
1197710 2401.4
1197720 2401.4
1197730 2407.3
1197740 2411.2
1197750 2411.2
1197760 2414.0
1197770 2417.6
1197780 2417.6
1197790 2420.8
1197800 2424.8
1197810 2424.8
1197820 2428.8
1197830 2431.6
1197840 2431.6
1197850 2436.0
1197860 2443.1
1197870 2449.1
1197880 2449.1
1197890 2452.1
1197900 2451.4
1197910 2451.4
1197920 2448.4
1197930 2454.3
1197940 2454.3
1197950 2458.8
1197960 2462.3
1197970 2462.3
1197980 2464.6
1197990 2465.6
1198000 2465.6
1198010 2466.0
1198020 2466.3
1198030 2466.3
1198040 2467.9
1198050 2469.5
1198060 2465.7
1198070 2465.7
1198080 2467.8
1198090 2467.5
1198100 2467.5
1198110 2468.7
1198120 2470.6
1198130 2470.6
1198140 2471.4
1198150 2472.9
1198160 2472.9
1198170 2476.0
1198180 2478.0
1198190 2478.0
1198200 2482.5
1198210 2485.4
1198220 2485.4
1198230 2487.8
1198240 2491.7
1198250 2493.9
1198260 2493.9
1198270 2496.6
1198280 2498.4
1198290 2498.4
1198300 2499.4
1198310 2500.3
1198320 2500.3
1198330 2502.6
1198340 2504.5
1198350 2504.5
1198360 2507.1
1198370 2509.7
1198380 2509.7
1198390 2512.2
1198400 2514.7
1198410 2514.7
1198420 2516.9
1198430 2519.5
1198440 2522.2
1198450 2522.2
1198460 2524.8
1198470 2527.5
1198480 2527.5
1198490 2530.0
1198500 2532.8
1198510 2532.3
1198520 2535.0
1198530 2538.8
1198540 2538.8
1198550 2542.6
1198560 2547.6
1198570 2547.6
1198580 2553.6
1198590 2560.3
1198600 2560.3
1198610 2567.3
1198620 2573.7
1198630 2578.9
1198640 2578.9
1198650 2582.1
1198660 2584.6
1198670 2584.6
1198680 2585.9
1198690 2585.8
1198700 2585.8
1198710 2586.3
1198720 2587.0
1198730 2587.0
1198740 2587.9
1198750 2590.1
1198760 2590.1
1198770 2592.3
1198780 2594.5
1198790 2594.5
1198800 2595.7
1198810 2598.7
1198820 2603.3
1198830 2603.3
1198840 2607.4
1198850 2612.2
1198860 2612.2
1198870 2616.8
1198880 2621.5
1198890 2621.5
1198900 2626.5
1198910 2631.6
1198920 2631.6
1198930 2636.7
1198940 2641.7
1198950 2641.7
1198960 2645.7
1198970 2650.2
1198980 2650.2
1198990 2655.8
1199000 2661.2
1199010 2667.1
1199020 2667.1
1199030 2673.0
1199040 2678.6
1199050 2678.6
1199060 2683.9
1199070 2688.7
1199080 2688.7
1199090 2692.8
1199100 2696.2
1199110 2696.2
1199120 2699.0
1199130 2701.8
1199140 2701.8
1199150 2702.5
1199160 2703.7
1199170 2703.7
1199180 2705.5
1199190 2708.2
1199200 2711.3
1199210 2711.3
1199220 2715.2
1199230 2719.7
1199240 2719.7
1199250 2724.7
1199260 2729.5
1199270 2729.5
1199280 2733.8
1199290 2737.0
1199300 2737.0
1199310 2739.3
1199320 2741.6
1199330 2741.6
1199340 2743.6
1199350 2745.8
1199360 2745.8
1199370 2748.1
1199380 2750.6
1199390 2753.5
1199400 2753.5
1199410 2756.3
1199420 2759.4
1199430 2759.4
1199440 2763.0
1199450 2767.2
1199460 2767.2
1199470 2771.8
1199480 2776.5
1199490 2776.5
1199500 2781.0
1199510 2784.9
1199520 2784.9
1199530 2788.5
1199540 2793.7
1199550 2793.7
1199560 2794.6
1199570 2794.4
1199580 2795.4
1199590 2795.4
1199600 2797.0
1199610 2799.1
1199620 2799.1
1199630 2801.9
1199640 2805.2
1199650 2805.2
1199660 2809.1
1199670 2812.6
1199680 2812.6
1199690 2816.2
1199700 2819.8
1199710 2819.8
1199720 2823.6
1199730 2827.8
1199740 2827.8
1199750 2832.0
1199760 2836.2
1199770 2840.5
1199780 2840.5
1199790 2844.7
1199800 2848.9
1199810 2848.9
1199820 2853.0
1199830 2860.5
1199840 2860.5
1199850 2864.9
1199860 2869.0
1199870 2869.0
1199880 2873.0
1199890 2877.0
1199900 2877.0
1199910 2881.3
1199920 2885.5
1199930 2885.5
1199940 2890.1
1199950 2895.4
1199960 2900.4
1199970 2900.4
1199980 2904.9
1199990 2910.4
