1180000 2317.6
1180010 2323.3
1180020 2323.3
1180030 2329.1
1180040 2334.9
1180050 2334.9
1180060 2340.6
1180070 2346.5
1180080 2346.5
1180090 2352.5
1180100 2358.4
1180110 2358.4
1180120 2364.5
1180130 2370.8
1180140 2377.1
1180150 2377.1
1180160 2383.6
1180170 2390.3
1180180 2390.3
1180190 2396.9
1180200 2403.6
1180210 2403.6
1180220 2410.2
1180230 2417.1
1180240 2417.1
1180250 2423.8
1180260 2430.5
1180270 2430.5
1180280 2437.4
1180290 2444.0
1180300 2444.0
1180310 2450.6
1180320 2457.3
1180330 2464.2
1180340 2464.2
1180350 2471.1
1180360 2477.7
1180370 2477.7
1180380 2484.7
1180390 2492.9
1180400 2492.9
1180410 2502.6
1180420 2512.7
1180430 2512.7
1180440 2520.8
1180450 2527.6
1180460 2527.6
1180470 2532.9
1180480 2538.4
1180490 2538.4
1180500 2544.8
1180510 2550.2
1180520 2556.5
1180530 2556.5
1180540 2563.8
1180550 2570.7
1180560 2570.7
1180570 2578.1
1180580 2585.0
1180590 2585.0
1180600 2592.1
1180610 2599.0
1180620 2599.0
1180630 2606.2
1180640 2613.8
1180650 2613.8
1180660 2621.4
1180670 2628.9
1180680 2628.9
1180690 2636.4
1180700 2643.8
1180710 2651.5
1180720 2651.5
1180730 2659.5
1180740 2668.1
1180750 2668.1
1180760 2676.9
1180770 2686.3
1180780 2686.3
1180790 2693.0
1180800 2698.1
1180810 2698.1
1180820 2705.1
1180830 2712.2
1180840 2712.2
1180850 2719.6
1180860 2728.6
1180870 2728.6
1180880 2737.2
1180890 2745.5
1180900 2759.7
1180910 2759.7
1180920 2774.5
1180930 2784.7
1180940 2784.7
1180950 2796.2
1180960 2810.9
1180970 2810.9
1180980 2827.9
1180990 2849.9
1181000 2849.9
1181010 2876.4
1181020 2893.7
1181030 2893.7
1181040 2905.6
1181050 2916.4
1181060 2920.7
1181070 2930.0
1181080 2937.2
1181090 2949.5
1181100 2949.5
1181110 2960.8
1181120 2966.0
1181130 2966.0
1181140 2969.8
1181150 2971.2
1181160 2971.2
1181170 2967.0
1181180 2963.7
1181190 2963.7
1181200 2963.5
1181210 2964.8
1181220 2964.8
1181230 2964.6
1181240 2963.2
1181250 2963.2
1181260 2958.4
1181270 2951.5
1181280 2944.0
1181290 2944.0
1181300 2937.1
1181310 2930.9
1181320 2930.9
1181330 2924.1
1181340 2917.8
1181350 2917.8
1181360 2912.3
1181370 2907.9
1181380 2907.9
1181390 2901.7
1181400 2893.5
1181410 2893.5
1181420 2886.7
1181430 2881.5
1181440 2881.5
1181450 2875.9
1181460 2868.6
1181470 2878.1
1181480 2868.6
1181490 2864.6
1181500 2862.5
1181510 2862.5
1181520 2860.3
1181530 2856.8
1181540 2856.8
1181550 2850.0
1181560 2841.9
1181570 2841.9
1181580 2833.5
1181590 2819.8
1181600 2819.8
1181610 2808.7
1181620 2797.7
1181630 2797.7
1181640 2778.7
1181650 2761.2
1181660 2761.2
1181670 2736.6
1181680 2714.2
1181690 2705.2
1181700 2705.2
1181710 2698.5
1181720 2691.7
1181730 2691.7
1181740 2685.2
1181750 2680.5
1181760 2680.5
1181770 2678.1
1181780 2675.4
1181790 2675.4
1181800 2672.9
1181810 2669.8
1181820 2669.8
1181830 2666.8
1181840 2664.5
1181850 2664.5
1181860 2664.2
1181870 2664.7
1181880 2666.6
1181890 2668.6
1181900 2669.2
1181910 2669.1
1181920 2669.1
1181930 2668.4
1181940 2667.2
1181950 2667.2
1181960 2665.8
1181970 2663.8
1181980 2663.8
1181990 2659.7
1182000 2657.5
1182010 2657.5
1182020 2657.0
1182030 2656.4
1182040 2656.4
1182050 2655.0
1182060 2653.5
1182070 2651.8
1182080 2651.8
1182090 2650.6
1182100 2649.7
1182110 2649.7
1182120 2648.1
1182130 2645.4
1182140 2645.4
1182150 2642.2
1182160 2638.8
1182170 2638.8
1182180 2635.9
1182190 2633.1
1182200 2633.1
1182210 2631.0
1182220 2629.2
1182230 2629.2
1182240 2626.8
1182250 2623.3
1182260 2623.7
1182270 2623.7
1182280 2625.9
1182290 2627.6
1182300 2627.6
1182310 2631.4
1182320 2631.2
1182330 2631.2
1182340 2630.0
1182350 2627.2
1182360 2627.2
1182370 2623.4
1182380 2618.9
1182390 2618.9
1182400 2614.0
1182410 2607.9
1182420 2607.9
1182430 2600.1
1182440 2591.6
1182450 2586.1
1182460 2586.1
1182470 2585.5
1182480 2586.3
1182490 2586.3
1182500 2585.6
1182510 2585.9
1182520 2585.9
1182530 2586.0
1182540 2586.6
1182550 2586.6
1182560 2586.8
1182570 2587.1
1182580 2587.1
1182590 2586.5
1182600 2584.8
1182610 2584.8
1182620 2582.0
1182630 2581.2
1182640 2579.0
1182650 2579.0
1182660 2573.5
1182670 2566.6
1182680 2566.6
1182690 2563.8
1182700 2561.7
1182710 2561.7
1182720 2559.5
1182730 2561.0
1182740 2561.0
1182750 2560.3
1182760 2559.4
1182770 2559.4
1182780 2558.3
1182790 2557.1
1182800 2557.1
1182810 2554.8
1182820 2553.5
1182830 2552.5
1182840 2552.5
1182850 2551.5
1182860 2551.1
1182870 2551.1
1182880 2551.0
1182890 2549.6
1182900 2549.6
1182910 2547.1
1182920 2544.4
1182930 2544.4
1182940 2541.3
1182950 2538.6
1182960 2538.6
1182970 2536.2
1182980 2534.2
1182990 2534.2
1183000 2532.9
1183010 2531.7
1183020 2532.6
1183030 2532.6
1183040 2533.5
1183050 2532.6
1183060 2532.6
1183070 2532.6
1183080 2532.1
1183090 2532.1
1183100 2530.6
1183110 2529.4
1183120 2529.4
1183130 2527.9
1183140 2527.9
1183150 2527.9
1183160 2526.3
1183170 2525.4
1183180 2525.4
1183190 2525.0
1183200 2524.7
1183210 2523.7
1183220 2523.7
1183230 2523.2
1183240 2523.3
1183250 2523.3
1183260 2522.7
1183270 2522.6
1183280 2522.6
1183290 2523.8
1183300 2524.0
1183310 2524.0
1183320 2523.1
1183330 2521.9
1183340 2521.9
1183350 2520.2
1183360 2519.2
1183370 2519.2
1183380 2520.1
1183390 2520.5
1183400 2519.2
1183410 2519.2
1183420 2517.7
1183430 2517.2
1183440 2517.2
1183450 2516.7
1183460 2514.9
1183470 2514.9
1183480 2511.5
1183490 2506.5
1183500 2506.5
1183510 2502.1
1183520 2499.3
1183530 2499.3
1183540 2494.6
1183550 2490.5
1183560 2495.8
1183570 2491.5
1183580 2487.2
1183590 2483.5
1183600 2483.5
1183610 2480.5
1183620 2477.3
1183630 2477.3
1183640 2475.5
1183650 2474.5
1183660 2474.5
1183670 2472.3
1183680 2469.2
1183690 2469.2
1183700 2465.6
1183710 2461.5
1183720 2461.5
1183730 2457.3
1183740 2453.9
1183750 2453.9
1183760 2451.7
1183770 2449.3
1183780 2444.5
1183790 2444.5
1183800 2438.7
1183810 2433.8
1183820 2433.8
1183830 2429.5
1183840 2424.7
1183850 2424.7
1183860 2419.8
1183870 2416.1
1183880 2416.1
1183890 2412.5
1183900 2408.5
1183910 2408.5
1183920 2403.4
1183930 2399.2
1183940 2399.2
1183950 2397.1
1183960 2396.4
1183970 2395.7
1183980 2398.5
1183990 2397.6
1184000 2395.4
1184010 2395.4
1184020 2390.5
1184030 2386.4
1184040 2386.4
1184050 2382.0
1184060 2378.2
1184070 2378.2
1184080 2373.3
1184090 2368.8
1184100 2368.8
1184110 2365.0
1184120 2360.1
1184130 2360.1
1184140 2355.4
1184150 2350.7
1184160 2345.8
1184170 2345.8
1184180 2340.6
1184190 2334.6
1184200 2334.6
1184210 2328.4
1184220 2324.1
1184230 2324.1
1184240 2320.4
1184250 2316.2
1184260 2316.2
1184270 2312.9
1184280 2309.2
1184290 2309.2
1184300 2305.1
1184310 2301.0
1184320 2301.0
1184330 2297.0
1184340 2292.6
1184350 2287.5
1184360 2287.5
1184370 2283.1
1184380 2277.5
1184390 2277.5
1184400 2270.7
1184410 2269.5
1184420 2269.5
1184430 2264.2
1184440 2261.3
1184450 2261.3
1184460 2259.3
1184470 2258.0
1184480 2258.0
1184490 2257.0
1184500 2255.7
1184510 2255.7
1184520 2254.6
1184530 2254.7
1184540 2255.2
1184550 2255.2
1184560 2255.0
1184570 2254.8
1184580 2254.8
1184590 2255.0
1184600 2255.4
1184610 2255.4
1184620 2255.8
1184630 2255.8
1184640 2255.8
1184650 2256.3
1184660 2256.7
1184670 2256.7
1184680 2257.1
1184690 2257.7
1184700 2257.7
1184710 2257.3
1184720 2259.2
1184730 2262.5
1184740 2262.5
1184750 2266.7
1184760 2270.8
1184770 2270.8
1184780 2275.0
1184790 2279.6
1184800 2279.6
1184810 2283.7
1184820 2287.5
1184830 2289.3
1184840 2293.6
1184850 2297.4
1184860 2297.4
1184870 2302.1
1184880 2305.9
1184890 2305.9
1184900 2310.0
1184910 2313.8
1184920 2317.9
1184930 2317.9
1184940 2322.3
1184950 2327.1
1184960 2327.1
1184970 2331.7
1184980 2336.3
1184990 2336.3
1185000 2341.2
1185010 2346.1
1185020 2346.1
1185030 2351.2
1185040 2356.5
1185050 2356.5
1185060 2361.8
1185070 2367.6
1185080 2367.6
1185090 2373.5
1185100 2379.6
1185110 2385.1
1185120 2385.1
1185130 2390.0
1185140 2394.5
1185150 2394.5
1185160 2400.2
1185170 2406.5
1185180 2406.5
1185190 2413.5
1185200 2421.3
1185210 2421.3
1185220 2428.4
1185230 2434.6
1185240 2434.6
1185250 2452.3
1185260 2452.4
1185270 2452.4
1185280 2459.9
1185290 2472.3
1185300 2480.4
1185310 2480.4
1185320 2487.6
1185330 2494.6
1185340 2494.6
1185350 2500.9
1185360 2507.2
1185370 2507.2
1185380 2513.3
1185390 2518.9
1185400 2518.9
1185410 2524.0
1185420 2529.5
1185430 2529.5
1185440 2535.0
1185450 2539.6
1185460 2539.6
1185470 2542.3
1185480 2544.1
1185490 2546.0
1185500 2546.0
1185510 2546.8
1185520 2547.1
1185530 2547.1
1185540 2547.7
1185550 2548.1
1185560 2548.1
1185570 2549.6
1185580 2554.0
1185590 2554.0
1185600 2559.8
1185610 2565.6
1185620 2565.6
1185630 2570.3
1185640 2574.8
1185650 2574.8
1185660 2580.1
1185670 2585.9
1185680 2591.9
1185690 2591.9
1185700 2597.4
1185710 2601.9
1185720 2601.9
1185730 2605.2
1185740 2607.8
1185750 2607.8
1185760 2609.9
1185770 2612.2
1185780 2612.2
1185790 2614.7
1185800 2616.7
1185810 2616.7
1185820 2618.5
1185830 2620.7
1185840 2620.7
1185850 2625.0
1185860 2627.3
1185870 2624.7
1185880 2624.7
1185890 2624.8
1185900 2625.4
1185910 2625.4
1185920 2627.1
1185930 2629.0
1185940 2629.0
1185950 2631.2
1185960 2633.4
1185970 2633.4
1185980 2633.0
1185990 2633.3
1186000 2633.3
1186010 2635.2
1186020 2636.9
1186030 2636.9
1186040 2639.5
1186050 2642.3
1186060 2642.3
1186070 2647.2
1186080 2655.5
1186090 2663.0
1186100 2663.0
1186110 2673.9
1186120 2687.3
1186130 2687.3
1186140 2703.8
1186150 2717.6
1186160 2717.6
1186170 2725.6
1186180 2733.6
1186190 2733.6
1186200 2740.5
1186210 2742.6
1186220 2742.6
1186230 2744.7
1186240 2750.9
1186250 2750.9
1186260 2753.4
1186270 2754.1
1186280 2755.9
1186290 2755.9
1186300 2759.9
1186310 2762.9
1186320 2762.9
1186330 2762.8
1186340 2764.8
1186350 2764.8
1186360 2766.2
1186370 2772.4
1186380 2772.4
1186390 2775.0
1186400 2775.8
1186410 2775.8
1186420 2778.4
1186430 2785.0
1186440 2785.0
1186450 2789.2
1186460 2790.5
1186470 2794.3
1186480 2794.3
1186490 2799.1
1186500 2803.4
1186510 2803.4
1186520 2807.8
1186530 2813.1
1186540 2813.1
1186550 2818.8
1186560 2825.6
1186570 2825.6
1186580 2832.1
1186590 2837.3
1186600 2837.3
1186610 2842.1
1186620 2846.6
1186630 2846.6
1186640 2851.0
1186650 2855.2
1186660 2859.3
1186670 2859.3
1186680 2863.3
1186690 2867.7
1186700 2867.7
1186710 2872.6
1186720 2877.0
1186730 2877.0
1186740 2881.7
1186750 2887.4
1186760 2887.4
1186770 2893.7
1186780 2900.8
1186790 2900.8
1186800 2907.7
1186810 2914.3
1186820 2914.3
1186830 2921.8
1186840 2929.2
1186850 2936.7
1186860 2936.7
1186870 2952.7
1186880 2964.9
1186890 2964.9
1186900 2975.4
1186910 2982.9
1186920 2982.9
1186930 2989.6
1186940 2997.9
1186950 2997.9
1186960 3006.4
1186970 3015.0
1186980 3015.0
1186990 3022.7
1187000 3030.6
1187010 3030.6
1187020 3039.3
1187030 3050.5
1187040 3055.2
1187050 3055.2
1187060 3046.9
1187070 3035.5
1187080 3035.5
1187090 3024.6
1187100 3011.9
1187110 3011.9
1187120 3002.8
1187130 2995.5
1187140 2995.5
1187150 2989.4
1187160 2981.7
1187170 2981.7
1187180 2974.5
1187190 2969.1
1187200 2969.1
1187210 2965.9
1187220 2963.5
1187230 2960.7
1187240 2960.7
1187250 2957.7
1187260 2954.6
1187270 2954.6
1187280 2952.6
1187290 2952.2
1187300 2952.2
1187310 2952.2
1187320 2950.3
1187330 2950.3
1187340 2947.2
1187350 2944.1
1187360 2944.1
1187370 2936.8
1187380 2933.6
1187390 2933.6
1187400 2930.3
1187410 2927.3
1187420 2924.7
1187430 2924.7
1187440 2922.5
1187450 2920.4
1187460 2920.4
1187470 2918.3
1187480 2916.4
1187490 2916.4
1187500 2914.6
1187510 2912.8
1187520 2912.8
1187530 2910.5
1187540 2908.1
1187550 2908.1
1187560 2906.2
1187570 2904.5
1187580 2904.5
1187590 2902.7
1187600 2900.6
1187610 2898.2
1187620 2898.2
1187630 2895.6
1187640 2893.3
1187650 2893.3
1187660 2891.8
1187670 2890.9
1187680 2890.9
1187690 2890.2
1187700 2889.8
1187710 2889.8
1187720 2888.4
1187730 2886.2
1187740 2886.2
1187750 2883.7
1187760 2881.2
1187770 2881.2
1187780 2879.6
1187790 2877.3
1187800 2877.0
1187810 2877.0
1187820 2876.3
1187830 2875.7
1187840 2875.7
1187850 2874.4
1187860 2873.2
1187870 2873.2
1187880 2872.5
1187890 2871.8
1187900 2871.8
1187910 2870.8
1187920 2869.5
1187930 2869.5
1187940 2868.2
1187950 2866.4
1187960 2866.4
1187970 2864.5
1187980 2862.9
1187990 2862.1
1188000 2862.1
1188010 2861.1
1188020 2860.0
1188030 2860.0
1188040 2858.7
1188050 2857.2
1188060 2857.2
1188070 2855.9
1188080 2854.7
1188090 2854.7
1188100 2853.0
1188110 2850.9
1188120 2850.9
1188130 2848.7
1188140 2846.8
1188150 2846.8
1188160 2844.7
1188170 2842.9
1188180 2841.4
1188190 2841.4
1188200 2840.4
1188210 2840.1
1188220 2840.7
1188230 2840.5
1188240 2839.7
1188250 2839.7
1188260 2839.6
1188270 2839.8
1188280 2839.8
1188290 2839.6
1188300 2837.3
1188310 2837.3
1188320 2836.8
1188330 2836.3
1188340 2836.3
1188350 2835.6
1188360 2835.2
1188370 2834.9
1188380 2834.9
1188390 2834.7
1188400 2834.4
1188410 2834.4
1188420 2834.1
1188430 2833.4
1188440 2833.4
1188450 2832.5
1188460 2832.1
1188470 2832.1
1188480 2831.8
1188490 2831.6
1188500 2831.6
1188510 2831.9
1188520 2832.6
1188530 2832.6
1188540 2833.4
1188550 2835.1
1188560 2837.5
1188570 2837.5
1188580 2838.7
1188590 2837.7
1188600 2837.7
1188610 2835.4
1188620 2832.0
1188630 2832.0
1188640 2828.9
1188650 2824.5
1188660 2824.5
1188670 2818.4
1188680 2812.1
1188690 2812.1
1188700 2805.9
1188710 2799.6
1188720 2799.6
1188730 2793.9
1188740 2789.4
1188750 2786.3
1188760 2786.3
1188770 2783.9
1188780 2782.7
1188790 2782.7
1188800 2783.4
1188810 2783.4
1188820 2783.4
1188830 2783.9
1188840 2783.6
1188850 2783.6
1188860 2784.3
1188870 2786.5
1188880 2786.5
1188890 2787.1
1188900 2787.4
1188910 2787.4
1188920 2789.0
1188930 2789.1
1188940 2792.0
1188950 2792.0
1188960 2794.6
1188970 2794.1
1188980 2794.1
1188990 2795.1
1189000 2796.4
1189010 2796.4
1189020 2797.3
1189030 2797.4
1189040 2797.4
1189050 2797.2
1189060 2796.9
1189070 2794.3
1189080 2795.0
1189090 2798.0
1189100 2798.0
1189110 2802.8
1189120 2808.1
1189130 2813.8
1189140 2813.8
1189150 2819.5
1189160 2825.6
1189170 2825.6
1189180 2831.9
1189190 2837.5
1189200 2837.5
1189210 2842.9
1189220 2848.0
1189230 2848.0
1189240 2853.0
1189250 2858.0
1189260 2858.0
1189270 2863.6
1189280 2868.9
1189290 2868.9
1189300 2874.1
1189310 2881.4
1189320 2894.9
1189330 2894.9
1189340 2904.4
1189350 2909.5
1189360 2909.5
1189370 2913.3
1189380 2915.4
1189390 2915.4
1189400 2924.6
1189410 2939.4
1189420 2939.4
1189430 2951.0
1189440 2962.7
1189450 2962.7
1189460 2970.3
1189470 2982.2
1189480 2982.2
1189490 2981.4
1189500 2968.3
1189510 2970.8
1189520 2970.8
1189530 2983.2
1189540 2991.4
1189550 2991.4
1189560 2999.1
1189570 3012.3
1189580 3012.3
1189590 3026.9
1189600 3043.2
1189610 3043.2
1189620 3050.2
1189630 3055.9
1189640 3055.9
1189650 3059.5
1189660 3057.0
1189670 3057.0
1189680 3048.2
1189690 3039.3
1189700 3030.2
1189710 3030.2
1189720 3021.7
1189730 3017.3
1189740 3017.3
1189750 3011.9
1189760 3007.0
1189770 3007.0
1189780 3002.2
1189790 2997.4
1189800 2997.4
1189810 2992.2
1189820 2986.1
1189830 2986.1
1189840 2979.0
1189850 2973.2
1189860 2973.2
1189870 2967.9
1189880 2961.9
1189890 2955.1
1189900 2955.1
1189910 2948.1
1189920 2940.7
1189930 2940.1
1189940 2932.5
1189950 2925.6
1189960 2925.6
1189970 2920.7
1189980 2917.1
1189990 2917.1
1190000 2914.0
1190010 2912.7
1190020 2912.7
1190030 2912.3
1190040 2910.5
1190050 2910.5
1190060 2909.0
1190070 2909.2
1190080 2910.0
1190090 2910.0
1190100 2908.0
1190110 2903.6
1190120 2903.6
1190130 2899.2
1190140 2893.9
1190150 2893.9
1190160 2889.7
1190170 2888.8
1190180 2888.8
1190190 2888.1
1190200 2886.9
1190210 2886.9
1190220 2884.7
1190230 2881.9
1190240 2881.9
1190250 2879.0
1190260 2875.4
1190270 2869.3
1190280 2869.3
1190290 2861.3
1190300 2852.8
1190310 2852.8
1190320 2844.5
1190330 2836.6
1190340 2836.6
1190350 2829.2
1190360 2821.7
1190370 2821.7
1190380 2815.5
1190390 2810.5
1190400 2810.5
1190410 2806.2
1190420 2803.6
1190430 2803.6
1190440 2803.0
1190450 2801.3
1190460 2799.4
1190470 2799.4
1190480 2800.1
1190490 2800.8
1190500 2800.8
1190510 2799.8
1190520 2797.0
1190530 2797.0
1190540 2796.2
1190550 2794.0
1190560 2794.0
1190570 2795.3
1190580 2797.3
1190590 2797.3
1190600 2797.0
1190610 2794.1
1190620 2794.1
1190630 2789.6
1190640 2784.2
1190650 2781.3
1190660 2781.3
1190670 2781.2
1190680 2782.2
1190690 2782.2
1190700 2781.9
1190710 2783.4
1190720 2783.4
1190730 2785.9
1190740 2784.9
1190750 2784.9
1190760 2783.9
1190770 2783.3
1190780 2783.3
1190790 2779.6
1190800 2779.5
1190810 2779.5
1190820 2779.2
1190830 2780.2
1190840 2782.8
1190850 2782.8
1190860 2785.7
1190870 2788.1
1190880 2788.1
1190890 2792.0
1190900 2794.4
1190910 2794.4
1190920 2797.4
1190930 2801.8
1190940 2801.8
1190950 2810.3
1190960 2819.8
1190970 2819.8
1190980 2828.3
1190990 2837.6
1191000 2837.6
1191010 2842.9
1191020 2849.9
1191030 2848.5
1191040 2848.5
1191050 2841.1
1191060 2832.0
1191070 2832.0
1191080 2824.0
1191090 2817.3
1191100 2817.3
1191110 2810.0
1191120 2801.7
1191130 2801.7
1191140 2793.5
1191150 2784.9
1191160 2784.9
1191170 2776.1
1191180 2768.8
1191190 2768.8
1191200 2762.7
1191210 2756.1
1191220 2745.7
1191230 2745.7
1191240 2733.3
1191250 2722.0
1191260 2722.0
1191270 2713.6
1191280 2705.3
1191290 2705.3
1191300 2698.0
1191310 2691.3
1191320 2691.3
1191330 2684.9
1191340 2677.8
1191350 2677.8
1191360 2669.8
1191370 2661.6
1191380 2661.6
1191390 2654.1
1191400 2645.4
1191410 2645.4
1191420 2636.6
1191430 2630.3
1191440 2625.1
1191450 2625.1
1191460 2616.7
1191470 2604.9
1191480 2604.9
1191490 2596.3
1191500 2590.6
1191510 2590.6
1191520 2586.8
1191530 2581.3
1191540 2581.3
1191550 2566.5
1191560 2554.4
1191570 2554.4
1191580 2549.9
1191590 2545.5
1191600 2545.5
1191610 2541.1
1191620 2537.1
1191630 2532.4
1191640 2532.4
1191650 2534.1
1191660 2531.0
1191670 2531.0
1191680 2529.1
1191690 2527.1
1191700 2527.1
1191710 2523.8
1191720 2521.1
1191730 2521.1
1191740 2519.1
1191750 2515.0
1191760 2515.0
1191770 2510.0
1191780 2505.9
1191790 2505.9
1191800 2501.9
1191810 2497.4
1191820 2490.0
1191830 2490.0
1191840 2484.0
1191850 2479.6
1191860 2479.6
1191870 2475.9
1191880 2472.4
1191890 2472.4
1191900 2470.3
1191910 2469.6
1191920 2469.6
1191930 2469.1
1191940 2468.6
1191950 2468.6
1191960 2467.4
1191970 2465.5
1191980 2465.5
1191990 2465.1
1192000 2465.0
1192010 2462.7
1192020 2462.7
1192030 2458.1
1192040 2453.4
1192050 2453.4
1192060 2447.7
1192070 2442.6
1192080 2448.0
1192090 2442.2
1192100 2437.3
1192110 2437.3
1192120 2432.2
1192130 2428.8
1192140 2428.8
1192150 2426.5
1192160 2424.0
1192170 2424.0
1192180 2421.7
1192190 2419.6
1192200 2417.1
1192210 2417.1
1192220 2414.6
1192230 2413.0
1192240 2413.0
1192250 2411.8
1192260 2410.7
1192270 2410.7
1192280 2410.0
1192290 2407.7
1192300 2407.7
1192310 2405.5
1192320 2403.2
1192330 2403.2
1192340 2401.6
1192350 2397.2
1192360 2397.2
1192370 2391.9
1192380 2388.1
1192390 2386.8
1192400 2386.8
1192410 2384.9
1192420 2380.6
1192430 2380.6
1192440 2376.1
1192450 2372.0
1192460 2372.0
1192470 2368.2
1192480 2361.1
1192490 2361.1
1192500 2357.8
1192510 2350.6
1192520 2350.6
1192530 2347.3
1192540 2345.4
1192550 2345.4
1192560 2341.1
1192570 2340.6
1192580 2345.3
1192590 2345.3
1192600 2344.0
1192610 2340.4
1192620 2340.4
1192630 2340.3
1192640 2339.7
1192650 2339.7
1192660 2341.6
1192670 2340.5
1192680 2340.5
1192690 2335.9
1192700 2329.5
1192710 2329.5
1192720 2323.1
1192730 2321.8
1192740 2321.8
1192750 2326.2
1192760 2329.3
1192770 2330.1
1192780 2330.1
1192790 2328.5
1192800 2325.6
1192810 2325.6
1192820 2320.7
1192830 2316.7
1192840 2316.7
1192850 2317.4
1192860 2314.9
1192870 2314.9
1192880 2308.9
1192890 2303.2
1192900 2303.2
1192910 2298.7
1192920 2292.4
1192930 2292.4
1192940 2284.3
1192950 2287.4
1192960 2293.7
1192970 2293.7
1192980 2292.5
1192990 2288.3
1193000 2288.3
1193010 2282.0
1193020 2274.0
1193030 2274.0
1193040 2272.3
1193050 2271.9
1193060 2271.9
1193070 2271.0
1193080 2270.8
1193090 2270.8
1193100 2269.1
1193110 2262.9
1193120 2262.9
1193130 2250.3
1193140 2244.9
1193150 2243.7
1193160 2243.7
1193170 2242.3
1193180 2241.8
1193190 2241.8
1193200 2238.7
1193210 2231.4
1193220 2231.4
1193230 2224.3
1193240 2226.4
1193250 2226.4
1193260 2239.6
1193270 2251.7
1193280 2251.7
1193290 2256.0
1193300 2258.2
1193310 2258.2
1193320 2258.9
1193330 2259.6
1193340 2260.2
1193350 2260.2
1193360 2258.6
1193370 2255.7
1193380 2255.9
1193390 2253.6
1193400 2252.2
1193410 2252.2
1193420 2252.2
1193430 2254.7
1193440 2254.7
1193450 2259.5
1193460 2263.9
1193470 2263.9
1193480 2268.7
1193490 2273.7
1193500 2273.7
1193510 2280.0
1193520 2283.9
1193530 2283.8
1193540 2283.8
1193550 2282.1
1193560 2279.8
1193570 2279.8
1193580 2279.3
1193590 2278.9
1193600 2278.9
1193610 2278.2
1193620 2279.0
1193630 2279.0
1193640 2279.4
1193650 2278.9
1193660 2278.9
1193670 2278.0
1193680 2275.9
1193690 2275.9
1193700 2272.9
1193710 2270.2
1193720 2269.1
1193730 2269.1
1193740 2272.1
1193750 2275.1
1193760 2275.1
1193770 2276.8
1193780 2278.6
1193790 2278.6
1193800 2279.5
1193810 2280.4
1193820 2280.4
1193830 2278.2
1193840 2276.1
1193850 2276.1
1193860 2275.0
1193870 2274.7
1193880 2274.7
1193890 2274.2
1193900 2273.7
1193910 2273.6
1193920 2273.6
1193930 2273.6
1193940 2273.8
1193950 2273.8
1193960 2274.5
1193970 2274.7
1193980 2274.7
1193990 2274.1
1194000 2273.7
1194010 2273.7
1194020 2273.6
1194030 2273.5
1194040 2273.5
1194050 2272.9
1194060 2272.3
1194070 2272.3
1194080 2271.8
1194090 2270.6
1194100 2269.2
1194110 2269.2
1194120 2269.8
1194130 2274.3
1194140 2274.3
1194150 2276.8
1194160 2278.5
1194170 2278.5
1194180 2279.5
1194190 2278.0
1194200 2278.0
1194210 2276.1
1194220 2272.4
1194230 2272.4
1194240 2270.1
1194250 2275.3
1194260 2275.3
1194270 2273.4
1194280 2272.2
1194290 2271.9
1194300 2271.9
1194310 2272.8
1194320 2273.3
1194330 2273.3
1194340 2272.9
1194350 2268.2
1194360 2268.2
1194370 2263.8
1194380 2263.0
1194390 2263.0
1194400 2259.9
1194410 2253.6
1194420 2253.6
1194430 2250.4
1194440 2249.1
1194450 2249.1
1194460 2247.8
1194470 2247.5
1194480 2247.5
1194490 2247.5
1194500 2245.9
1194510 2241.8
1194520 2241.8
1194530 2237.3
1194540 2231.2
1194550 2231.2
1194560 2225.0
1194570 2219.6
1194580 2219.6
1194590 2214.6
1194600 2209.8
1194610 2209.8
1194620 2205.2
1194630 2200.1
1194640 2200.1
1194650 2195.0
1194660 2189.6
1194670 2183.5
1194680 2185.0
1194690 2179.4
1194700 2176.3
1194710 2176.3
1194720 2176.0
1194730 2176.8
1194740 2176.8
1194750 2173.4
1194760 2166.6
1194770 2166.6
1194780 2161.0
1194790 2157.1
1194800 2157.1
1194810 2156.4
1194820 2153.3
1194830 2153.3
1194840 2147.6
1194850 2142.1
1194860 2134.8
1194870 2134.8
1194880 2128.9
1194890 2123.8
1194900 2123.8
1194910 2117.5
1194920 2113.4
1194930 2113.4
1194940 2111.3
1194950 2105.9
1194960 2105.9
1194970 2102.1
1194980 2098.8
1194990 2098.8
1195000 2095.6
1195010 2091.4
1195020 2091.4
1195030 2086.7
1195040 2082.6
1195050 2078.5
1195060 2078.5
1195070 2072.4
1195080 2066.2
1195090 2066.2
1195100 2060.5
1195110 2054.6
1195120 2059.7
1195130 2054.7
1195140 2050.0
1195150 2050.0
1195160 2046.4
1195170 2042.2
1195180 2042.2
1195190 2036.9
1195200 2033.8
1195210 2033.8
1195220 2029.9
1195230 2026.0
1195240 2022.9
1195250 2022.9
1195260 2016.7
1195270 2012.2
1195280 2012.2
1195290 2014.3
1195300 2018.0
1195310 2018.0
1195320 2022.0
1195330 2023.0
1195340 2023.0
1195350 2024.0
1195360 2026.5
1195370 2026.5
1195380 2030.8
1195390 2035.0
1195400 2035.0
1195410 2041.1
1195420 2043.4
1195430 2045.6
1195440 2045.6
1195450 2049.1
1195460 2053.0
1195470 2053.0
1195480 2057.4
1195490 2061.3
1195500 2061.3
1195510 2067.2
1195520 2074.4
1195530 2074.4
1195540 2081.0
1195550 2086.7
1195560 2086.6
1195570 2089.3
1195580 2090.3
1195590 2090.3
1195600 2089.5
1195610 2088.1
1195620 2085.7
1195630 2085.7
1195640 2082.0
1195650 2077.5
1195660 2077.5
1195670 2072.6
1195680 2068.0
1195690 2068.0
1195700 2063.2
1195710 2057.0
1195720 2057.0
1195730 2047.4
1195740 2039.1
1195750 2039.1
1195760 2031.6
1195770 2022.3
1195780 2022.3
1195790 2020.3
1195800 2023.5
1195810 2028.3
1195820 2028.3
1195830 2032.7
1195840 2037.4
1195850 2037.4
1195860 2042.7
1195870 2048.5
1195880 2048.5
1195890 2054.3
1195900 2060.1
1195910 2060.1
1195920 2066.1
1195930 2072.4
1195940 2072.4
1195950 2078.4
1195960 2084.6
1195970 2084.6
1195980 2090.9
1195990 2094.3
1196000 2100.7
1196010 2100.7
1196020 2106.8
1196030 2113.3
1196040 2113.3
1196050 2120.4
1196060 2127.4
1196070 2127.4
1196080 2137.3
1196090 2144.6
1196100 2144.6
1196110 2150.9
1196120 2156.5
1196130 2156.5
1196140 2161.9
1196150 2169.0
1196160 2169.0
1196170 2176.0
1196180 2183.0
1196190 2190.6
1196200 2190.6
1196210 2193.6
1196220 2194.7
1196230 2194.7
1196240 2199.2
1196250 2206.1
1196260 2206.1
1196270 2212.0
1196280 2218.2
1196290 2218.2
1196300 2224.8
1196310 2232.2
1196320 2232.2
1196330 2241.9
1196340 2254.0
1196350 2254.0
1196360 2267.8
1196370 2280.1
1196380 2288.5
1196390 2288.5
1196400 2296.3
1196410 2303.7
1196420 2303.7
1196430 2305.8
1196440 2311.3
1196450 2311.3
1196460 2317.4
1196470 2326.1
1196480 2326.1
1196490 2336.3
1196500 2344.6
1196510 2344.6
1196520 2352.4
1196530 2359.1
1196540 2359.1
1196550 2365.6
1196560 2372.6
1196570 2378.1
1196580 2378.1
1196590 2385.9
1196600 2394.4
1196610 2394.4
1196620 2400.7
1196630 2407.7
1196640 2407.7
1196650 2413.7
1196660 2419.2
1196670 2419.2
1196680 2423.8
1196690 2428.7
1196700 2428.7
1196710 2433.2
1196720 2433.0
1196730 2433.0
1196740 2431.3
1196750 2432.6
1196760 2433.2
1196770 2433.2
1196780 2433.1
1196790 2433.4
1196800 2433.4
1196810 2434.5
1196820 2436.1
1196830 2436.1
1196840 2437.2
1196850 2438.3
1196860 2438.3
1196870 2440.0
1196880 2442.7
1196890 2442.7
1196900 2446.3
1196910 2448.9
1196920 2448.9
1196930 2450.3
1196940 2449.9
1196950 2449.3
1196960 2449.3
1196970 2450.0
1196980 2451.1
1196990 2451.1
1197000 2452.3
1197010 2453.4
1197020 2453.4
1197030 2455.6
1197040 2459.5
1197050 2459.5
1197060 2464.2
1197070 2468.6
1197080 2468.6
1197090 2473.2
1197100 2477.8
1197110 2477.8
1197120 2489.3
1197130 2502.7
1197140 2510.0
1197150 2510.0
1197160 2517.8
1197170 2522.5
1197180 2522.5
1197190 2526.6
1197200 2529.6
1197210 2529.6
1197220 2532.5
1197230 2535.6
1197240 2535.6
1197250 2539.0
1197260 2542.1
1197270 2542.1
1197280 2543.7
1197290 2547.8
1197300 2547.8
1197310 2547.4
1197320 2551.3
1197330 2553.5
1197340 2553.5
1197350 2556.0
1197360 2562.1
1197370 2562.1
1197380 2567.3
1197390 2569.9
1197400 2569.9
1197410 2571.9
1197420 2574.5
1197430 2574.5
1197440 2577.3
1197450 2579.9
1197460 2579.9
1197470 2582.3
1197480 2583.9
1197490 2583.9
1197500 2585.4
1197510 2587.0
1197520 2587.0
1197530 2590.3
1197540 2595.2
1197550 2600.6
1197560 2600.6
1197570 2606.2
1197580 2614.7
1197590 2614.7
1197600 2624.0
1197610 2631.6
1197620 2631.6
1197630 2638.9
1197640 2644.4
1197650 2644.4
1197660 2650.9
1197670 2659.1
1197680 2659.1
1197690 2666.2
1197700 2671.6
1197710 2671.6
1197720 2679.1
1197730 2691.8
1197740 2699.8
1197750 2695.6
1197760 2697.6
1197770 2699.7
1197780 2699.7
1197790 2706.9
1197800 2713.6
1197810 2713.6
1197820 2717.3
1197830 2720.3
1197840 2720.3
1197850 2723.3
1197860 2726.1
1197870 2726.1
1197880 2729.5
1197890 2733.1
1197900 2733.1
1197910 2737.9
1197920 2744.4
1197930 2751.2
1197940 2751.2
1197950 2755.4
1197960 2757.6
1197970 2757.6
1197980 2759.1
1197990 2760.1
1198000 2760.1
1198010 2761.4
1198020 2765.3
1198030 2765.3
1198040 2772.0
1198050 2780.2
1198060 2780.2
1198070 2789.6
1198080 2798.6
1198090 2798.6
1198100 2807.4
1198110 2815.1
1198120 2825.9
1198130 2825.9
1198140 2826.5
1198150 2821.1
1198160 2821.1
1198170 2814.5
1198180 2807.8
1198190 2804.4
1198200 2799.5
1198210 2795.5
1198220 2795.5
1198230 2791.7
1198240 2789.4
1198250 2789.4
1198260 2787.4
1198270 2784.2
1198280 2784.2
1198290 2780.1
1198300 2776.2
1198310 2772.8
1198320 2772.8
1198330 2769.6
1198340 2765.6
1198350 2765.6
1198360 2762.8
1198370 2761.4
1198380 2761.4
1198390 2760.2
1198400 2759.5
1198410 2759.5
1198420 2760.1
1198430 2759.4
1198440 2759.4
1198450 2758.9
1198460 2759.7
1198470 2759.7
1198480 2762.5
1198490 2767.1
1198500 2772.5
1198510 2772.5
1198520 2776.9
1198530 2777.2
1198540 2777.2
1198550 2776.5
1198560 2776.2
1198570 2776.2
1198580 2776.1
1198590 2776.1
1198600 2776.1
1198610 2775.3
1198620 2773.2
1198630 2769.3
1198640 2766.8
1198650 2763.1
1198660 2763.1
1198670 2759.6
1198680 2758.3
1198690 2757.5
1198700 2757.5
1198710 2758.7
1198720 2761.9
1198730 2761.9
1198740 2765.5
1198750 2770.3
1198760 2770.3
1198770 2772.3
1198780 2771.2
1198790 2771.2
1198800 2769.5
1198810 2769.0
1198820 2769.0
1198830 2770.1
1198840 2772.9
1198850 2772.9
1198860 2776.0
1198870 2778.7
1198880 2782.4
1198890 2782.4
1198900 2786.8
1198910 2791.5
1198920 2791.5
1198930 2796.8
1198940 2802.4
1198950 2802.4
1198960 2808.4
1198970 2814.4
1198980 2814.4
1198990 2820.4
1199000 2826.5
1199010 2826.5
1199020 2832.7
1199030 2838.9
1199040 2838.9
1199050 2845.3
1199060 2852.2
1199070 2859.2
1199080 2857.5
1199090 2865.2
1199100 2876.6
1199110 2876.6
1199120 2888.3
1199130 2895.6
1199140 2895.6
1199150 2901.3
1199160 2908.4
1199170 2908.4
1199180 2917.1
1199190 2925.2
1199200 2925.2
1199210 2933.3
1199220 2941.1
1199230 2941.1
1199240 2949.1
1199250 2958.2
1199260 2967.0
1199270 2967.0
1199280 2979.6
1199290 2994.6
1199300 2994.6
1199310 3007.1
1199320 3020.0
1199330 3020.0
1199340 3021.7
1199350 3015.2
1199360 3015.2
1199370 3007.6
1199380 3001.7
1199390 3001.7
1199400 2999.2
1199410 2998.6
1199420 2998.6
1199430 2998.5
1199440 2997.7
1199450 2998.4
1199460 2998.4
1199470 2999.7
1199480 2999.7
1199490 2999.7
1199500 2996.1
1199510 2989.0
1199520 2985.6
1199530 2980.0
1199540 2977.9
1199550 2977.9
1199560 2975.9
1199570 2973.1
1199580 2973.1
1199590 2972.7
1199600 2972.3
1199610 2972.3
1199620 2973.5
1199630 2974.7
1199640 2977.0
1199650 2977.0
1199660 2976.8
1199670 2976.0
1199680 2976.0
1199690 2975.0
1199700 2971.2
1199710 2971.2
1199720 2968.3
1199730 2964.6
1199740 2964.6
1199750 2961.0
1199760 2957.1
1199770 2957.1
1199780 2951.3
1199790 2946.1
1199800 2946.1
1199810 2941.6
1199820 2937.8
1199830 2935.3
1199840 2935.3
1199850 2933.4
1199860 2931.9
1199870 2931.9
1199880 2931.8
1199890 2931.3
1199900 2931.3
1199910 2930.7
1199920 2929.0
1199930 2929.0
1199940 2926.6
1199950 2924.6
1199960 2922.9
1199970 2921.7
1199980 2920.9
1199990 2920.9
