1180000 2194.2
1180010 2199.3
1180020 2199.3
1180030 2204.4
1180040 2210.5
1180050 2210.5
1180060 2215.9
1180070 2220.5
1180080 2220.5
1180090 2225.3
1180100 2231.5
1180110 2231.5
1180120 2238.5
1180130 2245.2
1180140 2252.3
1180150 2252.3
1180160 2259.7
1180170 2267.0
1180180 2267.0
1180190 2273.5
1180200 2278.6
1180210 2278.6
1180220 2283.7
1180230 2288.8
1180240 2288.8
1180250 2294.5
1180260 2300.2
1180270 2300.2
1180280 2305.6
1180290 2310.5
1180300 2310.5
1180310 2314.1
1180320 2315.6
1180330 2315.5
1180340 2315.5
1180350 2314.6
1180360 2313.2
1180370 2313.1
1180380 2311.2
1180390 2308.7
1180400 2308.7
1180410 2305.5
1180420 2302.1
1180430 2302.1
1180440 2298.1
1180450 2294.1
1180460 2294.1
1180470 2290.6
1180480 2287.8
1180490 2287.8
1180500 2285.0
1180510 2281.3
1180520 2276.5
1180530 2276.5
1180540 2271.3
1180550 2266.1
1180560 2266.1
1180570 2259.4
1180580 2254.4
1180590 2254.4
1180600 2252.1
1180610 2250.5
1180620 2250.5
1180630 2248.9
1180640 2248.3
1180650 2248.3
1180660 2246.5
1180670 2244.0
1180680 2244.0
1180690 2245.2
1180700 2246.3
1180710 2246.1
1180720 2246.1
1180730 2244.8
1180740 2242.1
1180750 2242.1
1180760 2240.1
1180770 2238.5
1180780 2238.5
1180790 2238.9
1180800 2238.2
1180810 2238.2
1180820 2238.5
1180830 2237.2
1180840 2237.2
1180850 2235.4
1180860 2233.9
1180870 2233.9
1180880 2232.3
1180890 2230.8
1180900 2229.7
1180910 2229.7
1180920 2228.7
1180930 2228.3
1180940 2228.3
1180950 2228.7
1180960 2228.7
1180970 2228.7
1180980 2228.9
1180990 2229.0
1181000 2229.0
1181010 2229.8
1181020 2231.0
1181030 2231.0
1181040 2233.0
1181050 2234.5
1181060 2234.5
1181070 2235.4
1181080 2235.0
1181090 2235.0
1181100 2233.3
1181110 2230.9
1181120 2228.9
1181130 2228.9
1181140 2228.0
1181150 2227.9
1181160 2227.9
1181170 2227.7
1181180 2227.0
1181190 2227.0
1181200 2228.7
1181210 2228.5
1181220 2228.5
1181230 2231.3
1181240 2234.8
1181250 2234.8
1181260 2239.0
1181270 2243.6
1181280 2243.6
1181290 2247.8
1181300 2252.9
1181310 2258.3
1181320 2258.3
1181330 2262.8
1181340 2266.6
1181350 2266.6
1181360 2269.7
1181370 2272.2
1181380 2272.2
1181390 2274.9
1181400 2277.6
1181410 2277.6
1181420 2279.7
1181430 2280.8
1181440 2280.8
1181450 2281.6
1181460 2281.2
1181470 2281.2
1181480 2277.5
1181490 2273.2
1181500 2272.2
1181510 2272.2
1181520 2270.2
1181530 2265.8
1181540 2265.8
1181550 2258.6
1181560 2253.8
1181570 2253.8
1181580 2253.1
1181590 2252.6
1181600 2252.6
1181610 2256.0
1181620 2267.1
1181630 2267.1
1181640 2266.9
1181650 2263.9
1181660 2263.9
1181670 2259.9
1181680 2255.7
1181690 2251.1
1181700 2251.1
1181710 2246.0
1181720 2241.5
1181730 2241.5
1181740 2237.4
1181750 2232.6
1181760 2232.6
1181770 2228.2
1181780 2224.3
1181790 2224.3
1181800 2220.6
1181810 2217.3
1181820 2217.3
1181830 2214.3
1181840 2210.0
1181850 2210.0
1181860 2205.1
1181870 2200.5
1181880 2195.8
1181890 2195.8
1181900 2191.3
1181910 2187.1
1181920 2187.1
1181930 2182.4
1181940 2178.3
1181950 2178.3
1181960 2174.2
1181970 2169.0
1181980 2169.0
1181990 2163.1
1182000 2155.1
1182010 2155.1
1182020 2145.7
1182030 2137.9
1182040 2141.4
1182050 2134.0
1182060 2127.6
1182070 2121.5
1182080 2121.5
1182090 2121.3
1182100 2126.5
1182110 2126.5
1182120 2131.7
1182130 2134.9
1182140 2134.9
1182150 2135.3
1182160 2135.8
1182170 2135.8
1182180 2138.7
1182190 2142.9
1182200 2142.9
1182210 2146.4
1182220 2148.9
1182230 2148.9
1182240 2150.8
1182250 2151.5
1182260 2151.4
1182270 2151.4
1182280 2151.8
1182290 2152.5
1182300 2152.5
1182310 2152.9
1182320 2152.6
1182330 2152.6
1182340 2151.2
1182350 2149.4
1182360 2149.4
1182370 2148.1
1182380 2146.5
1182390 2146.5
1182400 2144.0
1182410 2142.1
1182420 2142.1
1182430 2140.2
1182440 2138.5
1182450 2138.5
1182460 2142.9
1182470 2144.2
1182480 2145.9
1182490 2145.9
1182500 2146.0
1182510 2139.3
1182520 2139.3
1182530 2129.3
1182540 2119.9
1182550 2119.9
1182560 2110.3
1182570 2100.9
1182580 2100.9
1182590 2092.3
1182600 2086.7
1182610 2086.7
1182620 2084.9
1182630 2085.9
1182640 2085.9
1182650 2089.4
1182660 2095.3
1182670 2100.8
1182680 2100.8
1182690 2102.2
1182700 2096.8
1182710 2096.8
1182720 2088.9
1182730 2079.6
1182740 2079.6
1182750 2069.8
1182760 2060.2
1182770 2060.2
1182780 2050.4
1182790 2039.3
1182800 2039.3
1182810 2029.6
1182820 2028.0
1182830 2028.0
1182840 2032.9
1182850 2033.7
1182860 2026.9
1182870 2026.9
1182880 2025.4
1182890 2017.1
1182900 2017.1
1182910 2009.5
1182920 2001.7
1182930 2001.7
1182940 1992.7
1182950 1984.5
1182960 1984.5
1182970 1977.2
1182980 1969.7
1182990 1969.7
1183000 1964.1
1183010 1955.1
1183020 1955.1
1183030 1942.3
1183040 1923.4
1183050 1912.1
1183060 1912.1
1183070 1903.7
1183080 1891.8
1183090 1891.8
1183100 1884.5
1183110 1881.6
1183120 1881.6
1183130 1878.4
1183140 1875.8
1183150 1875.8
1183160 1873.1
1183170 1870.0
1183180 1870.0
1183190 1867.0
1183200 1865.7
1183210 1865.7
1183220 1866.0
1183230 1867.3
1183240 1868.1
1183250 1868.1
1183260 1868.9
1183270 1869.6
1183280 1869.6
1183290 1870.8
1183300 1874.3
1183310 1874.3
1183320 1875.9
1183330 1878.6
1183340 1878.6
1183350 1881.5
1183360 1883.9
1183370 1883.9
1183380 1886.7
1183390 1888.7
1183400 1888.7
1183410 1891.0
1183420 1893.7
1183430 1896.5
1183440 1896.5
1183450 1899.5
1183460 1902.5
1183470 1902.5
1183480 1905.5
1183490 1908.2
1183500 1908.2
1183510 1911.9
1183520 1914.8
1183530 1914.8
1183540 1918.4
1183550 1923.0
1183560 1923.0
1183570 1925.9
1183580 1928.3
1183590 1928.3
1183600 1931.6
1183610 1934.8
1183620 1934.8
1183630 1938.1
1183640 1942.5
1183650 1946.9
1183660 1946.9
1183670 1949.4
1183680 1951.5
1183690 1951.5
1183700 1955.4
1183710 1960.2
1183720 1963.6
1183730 1968.7
1183740 1973.5
1183750 1973.5
1183760 1978.3
1183770 1983.1
1183780 1983.1
1183790 1988.1
1183800 1993.8
1183810 1993.8
1183820 1999.7
1183830 2005.3
1183840 2011.0
1183850 2011.0
1183860 2022.7
1183870 2041.0
1183880 2041.0
1183890 2057.4
1183900 2072.6
1183910 2072.6
1183920 2088.4
1183930 2102.0
1183940 2102.0
1183950 2104.4
1183960 2109.2
1183970 2109.2
1183980 2121.8
1183990 2124.5
1184000 2124.5
1184010 2122.5
1184020 2132.6
1184030 2141.1
1184040 2141.1
1184050 2148.7
1184060 2149.2
1184070 2149.2
1184080 2145.4
1184090 2139.1
1184100 2139.1
1184110 2135.9
1184120 2134.6
1184130 2134.6
1184140 2136.0
1184150 2147.4
1184160 2147.4
1184170 2162.6
1184180 2174.7
1184190 2174.7
1184200 2182.9
1184210 2191.4
1184220 2201.8
1184230 2201.8
1184240 2209.0
1184250 2215.9
1184260 2215.9
1184270 2223.0
1184280 2235.8
1184290 2235.8
1184300 2252.3
1184310 2263.4
1184320 2263.4
1184330 2272.5
1184340 2287.2
1184350 2287.2
1184360 2296.1
1184370 2300.8
1184380 2300.8
1184390 2301.9
1184400 2302.2
1184410 2301.3
1184420 2301.3
1184430 2300.9
1184440 2304.4
1184450 2304.4
1184460 2318.3
1184470 2336.5
1184480 2336.5
1184490 2349.7
1184500 2360.6
1184510 2360.6
1184520 2369.9
1184530 2390.5
1184540 2390.5
1184550 2411.1
1184560 2426.7
1184570 2426.7
1184580 2436.0
1184590 2441.9
1184600 2445.7
1184610 2445.7
1184620 2448.3
1184630 2458.4
1184640 2458.4
1184650 2468.8
1184660 2479.2
1184670 2479.2
1184680 2488.0
1184690 2500.2
1184700 2500.2
1184710 2510.7
1184720 2529.5
1184730 2529.5
1184740 2545.5
1184750 2562.6
1184760 2562.6
1184770 2570.7
1184780 2572.1
1184790 2570.6
1184800 2570.6
1184810 2570.0
1184820 2578.4
1184830 2578.4
1184840 2593.4
1184850 2608.2
1184860 2608.2
1184870 2620.6
1184880 2630.6
1184890 2630.6
1184900 2639.5
1184910 2648.9
1184920 2648.9
1184930 2661.3
1184940 2666.8
1184950 2666.8
1184960 2674.1
1184970 2682.2
1184980 2672.6
1184990 2680.5
1185000 2691.1
1185010 2702.0
1185020 2702.0
1185030 2712.5
1185040 2725.3
1185050 2725.3
1185060 2738.9
1185070 2747.0
1185080 2747.0
1185090 2755.5
1185100 2764.6
1185110 2764.6
1185120 2770.5
1185130 2777.7
1185140 2777.7
1185150 2785.3
1185160 2791.3
1185170 2791.3
1185180 2797.5
1185190 2804.4
1185200 2815.2
1185210 2815.2
1185220 2825.6
1185230 2831.2
1185240 2831.2
1185250 2838.9
1185260 2850.4
1185270 2850.4
1185280 2861.4
1185290 2864.2
1185300 2864.2
1185310 2864.3
1185320 2871.1
1185330 2871.1
1185340 2877.9
1185350 2884.4
1185360 2884.4
1185370 2892.3
1185380 2901.9
1185390 2911.4
1185400 2916.0
1185410 2923.7
1185420 2933.0
1185430 2933.0
1185440 2940.1
1185450 2949.9
1185460 2949.9
1185470 2957.2
1185480 2962.7
1185490 2962.7
1185500 2970.5
1185510 2978.9
1185520 2978.9
1185530 2986.5
1185540 2992.2
1185550 2992.2
1185560 2995.5
1185570 2998.7
1185580 3003.8
1185590 3003.8
1185600 3006.6
1185610 3004.8
1185620 3004.8
1185630 3002.1
1185640 2998.7
1185650 2998.7
1185660 2995.2
1185670 2991.9
1185680 2991.9
1185690 2989.0
1185700 2986.8
1185710 2986.8
1185720 2984.8
1185730 2984.3
1185740 2984.3
1185750 2983.8
1185760 2980.9
1185770 2979.9
1185780 2979.9
1185790 2982.9
1185800 2988.4
1185810 2988.4
1185820 2979.1
1185830 2977.7
1185840 2977.7
1185850 2975.2
1185860 2975.2
1185870 2975.2
1185880 2972.6
1185890 2972.0
1185900 2972.0
1185910 2967.5
1185920 2956.4
1185930 2956.4
1185940 2945.5
1185950 2940.8
1185960 2935.2
1185970 2935.2
1185980 2929.8
1185990 2926.7
1186000 2926.7
1186010 2928.0
1186020 2925.2
1186030 2925.2
1186040 2916.0
1186050 2907.8
1186060 2907.8
1186070 2899.3
1186080 2893.8
1186090 2893.8
1186100 2890.0
1186110 2887.1
1186120 2887.1
1186130 2884.1
1186140 2882.6
1186150 2883.1
1186160 2883.1
1186170 2885.6
1186180 2884.9
1186190 2884.9
1186200 2884.6
1186210 2884.5
1186220 2884.5
1186230 2883.7
1186240 2883.5
1186250 2875.0
1186260 2873.5
1186270 2871.5
1186280 2871.5
1186290 2870.5
1186300 2869.6
1186310 2869.6
1186320 2868.7
1186330 2867.4
1186340 2867.4
1186350 2867.5
1186360 2866.5
1186370 2863.4
1186380 2863.4
1186390 2860.1
1186400 2858.6
1186410 2858.6
1186420 2857.4
1186430 2854.9
1186440 2854.9
1186450 2851.2
1186460 2846.5
1186470 2846.5
1186480 2841.7
1186490 2838.0
1186500 2838.0
1186510 2834.1
1186520 2831.6
1186530 2831.6
1186540 2830.7
1186550 2830.2
1186560 2830.0
1186570 2830.0
1186580 2830.2
1186590 2829.6
1186600 2829.6
1186610 2827.1
1186620 2822.3
1186630 2822.3
1186640 2817.0
1186650 2814.8
1186660 2814.8
1186670 2811.0
1186680 2814.4
1186690 2814.4
1186700 2816.7
1186710 2819.2
1186720 2819.2
1186730 2821.5
1186740 2823.8
1186750 2825.2
1186760 2825.2
1186770 2824.9
1186780 2823.4
1186790 2823.4
1186800 2821.6
1186810 2819.6
1186820 2819.6
1186830 2818.5
1186840 2819.0
1186850 2819.0
1186860 2819.5
1186870 2818.9
1186880 2818.9
1186890 2817.4
1186900 2815.1
1186910 2815.1
1186920 2812.7
1186930 2809.9
1186940 2806.9
1186950 2806.9
1186960 2805.9
1186970 2806.7
1186980 2806.7
1186990 2808.2
1187000 2809.6
1187010 2809.6
1187020 2810.4
1187030 2810.8
1187040 2810.8
1187050 2810.8
1187060 2810.5
1187070 2810.5
1187080 2809.4
1187090 2807.3
1187100 2802.9
1187110 2802.0
1187120 2803.3
1187130 2805.1
1187140 2805.1
1187150 2808.6
1187160 2814.5
1187170 2814.5
1187180 2820.6
1187190 2824.9
1187200 2824.9
1187210 2827.5
1187220 2829.6
1187230 2829.6
1187240 2831.9
1187250 2835.8
1187260 2835.8
1187270 2840.5
1187280 2845.4
1187290 2845.4
1187300 2850.6
1187310 2855.5
1187320 2860.0
1187330 2860.0
1187340 2862.7
1187350 2863.5
1187360 2863.5
1187370 2863.1
1187380 2861.6
1187390 2861.6
1187400 2860.7
1187410 2862.0
1187420 2862.0
1187430 2863.1
1187440 2864.3
1187450 2864.3
1187460 2866.5
1187470 2869.5
1187480 2869.5
1187490 2872.9
1187500 2877.9
1187510 2885.3
1187520 2880.6
1187530 2886.9
1187540 2890.7
1187550 2890.7
1187560 2889.9
1187570 2888.6
1187580 2888.6
1187590 2889.5
1187600 2892.4
1187610 2892.4
1187620 2895.3
1187630 2897.9
1187640 2897.9
1187650 2899.9
1187660 2901.1
1187670 2901.1
1187680 2903.5
1187690 2908.2
1187700 2908.2
1187710 2913.8
1187720 2920.0
1187730 2944.1
1187740 2944.1
1187750 2960.1
1187760 2964.6
1187770 2964.6
1187780 2971.0
1187790 2978.0
1187800 2978.0
1187810 2980.0
1187820 2973.5
1187830 2973.5
1187840 2962.3
1187850 2951.4
1187860 2951.4
1187870 2941.9
1187880 2928.3
1187890 2928.3
1187900 2913.5
1187910 2899.7
1187920 2890.7
1187930 2890.7
1187940 2881.3
1187950 2887.7
1187960 2887.7
1187970 2875.0
1187980 2863.0
1187990 2863.0
1188000 2849.2
1188010 2838.2
1188020 2838.2
1188030 2831.0
1188040 2826.2
1188050 2826.2
1188060 2822.7
1188070 2819.5
1188080 2819.5
1188090 2811.9
1188100 2804.1
1188110 2799.1
1188120 2799.1
1188130 2795.6
1188140 2792.7
1188150 2792.7
1188160 2789.7
1188170 2786.3
1188180 2786.3
1188190 2784.1
1188200 2782.2
1188210 2782.2
1188220 2780.5
1188230 2778.6
1188240 2778.6
1188250 2777.3
1188260 2776.5
1188270 2776.5
1188280 2775.7
1188290 2775.3
1188300 2774.2
1188310 2774.2
1188320 2773.4
1188330 2773.6
1188340 2773.6
1188350 2773.1
1188360 2771.9
1188370 2776.0
1188380 2775.5
1188390 2773.7
1188400 2773.7
1188410 2771.1
1188420 2768.8
1188430 2768.8
1188440 2765.6
1188450 2761.0
1188460 2761.0
1188470 2757.4
1188480 2755.0
1188490 2753.5
1188500 2753.5
1188510 2752.8
1188520 2752.5
1188530 2752.5
1188540 2751.9
1188550 2751.3
1188560 2751.3
1188570 2750.7
1188580 2750.7
1188590 2750.7
1188600 2750.2
1188610 2750.6
1188620 2750.6
1188630 2754.0
1188640 2757.4
1188650 2757.4
1188660 2759.6
1188670 2760.9
1188680 2763.9
1188690 2763.9
1188700 2767.4
1188710 2771.6
1188720 2771.6
1188730 2776.7
1188740 2781.6
1188750 2781.6
1188760 2786.3
1188770 2790.7
1188780 2790.7
1188790 2794.9
1188800 2809.9
1188810 2809.9
1188820 2812.5
1188830 2813.6
1188840 2813.6
1188850 2811.9
1188860 2808.4
1188870 2805.2
1188880 2805.2
1188890 2806.0
1188900 2805.9
1188910 2805.9
1188920 2806.6
1188930 2808.8
1188940 2808.8
1188950 2810.8
1188960 2809.6
1188970 2809.6
1188980 2806.3
1188990 2801.8
1189000 2801.8
1189010 2797.7
1189020 2793.7
1189030 2793.7
1189040 2790.5
1189050 2793.6
1189060 2793.6
1189070 2796.7
1189080 2797.5
1189090 2796.8
1189100 2796.8
1189110 2796.8
1189120 2797.9
1189130 2797.9
1189140 2798.2
1189150 2797.9
1189160 2797.9
1189170 2797.0
1189180 2795.0
1189190 2795.0
1189200 2792.5
1189210 2789.2
1189220 2789.2
1189230 2778.6
1189240 2772.4
1189250 2772.4
1189260 2766.4
1189270 2760.8
1189280 2756.2
1189290 2756.2
1189300 2751.5
1189310 2746.8
1189320 2746.8
1189330 2743.1
1189340 2740.9
1189350 2740.9
1189360 2739.9
1189370 2738.9
1189380 2738.9
1189390 2737.6
1189400 2736.1
1189410 2736.1
1189420 2735.3
1189430 2735.1
1189440 2735.1
1189450 2733.1
1189460 2731.6
1189470 2731.0
1189480 2731.0
1189490 2730.7
1189500 2729.7
1189510 2729.7
1189520 2728.6
1189530 2728.3
1189540 2728.3
1189550 2729.1
1189560 2728.7
1189570 2728.7
1189580 2726.4
1189590 2722.9
1189600 2722.9
1189610 2719.1
1189620 2715.7
1189630 2715.7
1189640 2713.7
1189650 2713.1
1189660 2717.3
1189670 2717.3
1189680 2719.8
1189690 2723.7
1189700 2723.7
1189710 2726.9
1189720 2729.8
1189730 2729.8
1189740 2731.8
1189750 2734.0
1189760 2734.0
1189770 2736.7
1189780 2739.7
1189790 2739.7
1189800 2744.3
1189810 2749.3
1189820 2749.3
1189830 2754.9
1189840 2761.3
1189850 2767.0
1189860 2767.0
1189870 2773.4
1189880 2784.9
1189890 2784.9
1189900 2795.8
1189910 2803.6
1189920 2803.6
1189930 2809.8
1189940 2815.9
1189950 2815.9
1189960 2821.3
1189970 2827.6
1189980 2827.6
1189990 2834.1
1190000 2835.8
1190010 2835.8
1190020 2839.5
1190030 2844.2
1190040 2848.7
1190050 2848.7
1190060 2852.6
1190070 2854.0
1190080 2854.0
1190090 2866.4
1190100 2873.1
1190110 2873.1
1190120 2885.1
1190130 2893.1
1190140 2893.1
1190150 2897.0
1190160 2901.3
1190170 2901.3
1190180 2906.8
1190190 2912.9
1190200 2912.9
1190210 2918.5
1190220 2924.9
1190230 2924.9
1190240 2930.9
1190250 2937.8
1190260 2946.2
1190270 2946.2
1190280 2955.4
1190290 2965.3
1190300 2965.3
1190310 2975.2
1190320 2981.3
1190330 2981.3
1190340 2979.8
1190350 2976.7
1190360 2976.7
1190370 2972.8
1190380 2969.9
1190390 2969.9
1190400 2967.3
1190410 2961.4
1190420 2961.4
1190430 2958.9
1190440 2961.6
1190450 2965.7
1190460 2965.7
1190470 2967.3
1190480 2965.4
1190490 2965.4
1190500 2962.1
1190510 2968.6
1190520 2968.6
1190530 2966.1
1190540 2961.6
1190550 2961.6
1190560 2956.8
1190570 2950.1
1190580 2950.1
1190590 2942.2
1190600 2933.3
1190610 2933.3
1190620 2924.6
1190630 2916.2
1190640 2907.0
1190650 2907.0
1190660 2897.2
1190670 2886.9
1190680 2886.9
1190690 2877.9
1190700 2870.2
1190710 2870.2
1190720 2862.9
1190730 2855.7
1190740 2855.7
1190750 2848.8
1190760 2842.3
1190770 2842.3
1190780 2835.9
1190790 2829.5
1190800 2829.5
1190810 2822.6
1190820 2816.3
1190830 2809.7
1190840 2809.7
1190850 2802.4
1190860 2797.0
1190870 2797.0
1190880 2795.4
1190890 2793.9
1190900 2793.9
1190910 2791.6
1190920 2788.3
1190930 2788.3
1190940 2785.7
1190950 2783.1
1190960 2783.1
1190970 2780.6
1190980 2778.2
1190990 2778.2
1191000 2776.9
1191010 2775.4
1191020 2775.5
1191030 2775.5
1191040 2776.7
1191050 2779.7
1191060 2779.7
1191070 2779.7
1191080 2776.4
1191090 2776.4
1191100 2773.2
1191110 2772.0
1191120 2772.0
1191130 2770.8
1191140 2769.9
1191150 2769.9
1191160 2768.3
1191170 2767.1
1191180 2767.1
1191190 2765.9
1191200 2762.3
1191210 2760.2
1191220 2760.2
1191230 2757.4
1191240 2756.3
1191250 2756.3
1191260 2756.6
1191270 2755.3
1191280 2755.3
1191290 2751.0
1191300 2744.0
1191310 2744.0
1191320 2735.5
1191330 2731.5
1191340 2731.5
1191350 2730.4
1191360 2730.7
1191370 2730.7
1191380 2729.1
1191390 2725.0
1191400 2720.5
1191410 2720.5
1191420 2716.8
1191430 2714.2
1191440 2714.2
1191450 2710.7
1191460 2707.2
1191470 2707.2
1191480 2702.9
1191490 2698.1
1191500 2698.1
1191510 2692.3
1191520 2689.0
1191530 2689.0
1191540 2687.7
1191550 2687.2
1191560 2687.2
1191570 2688.6
1191580 2688.8
1191590 2688.8
1191600 2686.7
1191610 2685.8
1191620 2685.6
1191630 2685.6
1191640 2683.6
1191650 2684.3
1191660 2684.3
1191670 2681.7
1191680 2679.0
1191690 2679.0
1191700 2679.3
1191710 2678.9
1191720 2678.9
1191730 2677.7
1191740 2677.1
1191750 2677.1
1191760 2677.1
1191770 2677.3
1191780 2677.3
1191790 2677.8
1191800 2677.9
1191810 2670.5
1191820 2670.5
1191830 2668.7
1191840 2669.2
1191850 2669.2
1191860 2669.7
1191870 2669.4
1191880 2669.4
1191890 2668.2
1191900 2667.9
1191910 2667.9
1191920 2669.9
1191930 2671.9
1191940 2671.9
1191950 2672.5
1191960 2674.4
1191970 2674.4
1191980 2677.6
1191990 2677.6
1192000 2674.7
1192010 2674.7
1192020 2672.6
1192030 2671.0
1192040 2671.0
1192050 2672.6
1192060 2676.7
1192070 2676.7
1192080 2679.1
1192090 2679.7
1192100 2679.7
1192110 2679.4
1192120 2678.5
1192130 2678.5
1192140 2676.6
1192150 2674.9
1192160 2674.9
1192170 2673.0
1192180 2671.1
1192190 2669.5
1192200 2669.5
1192210 2668.9
1192220 2668.5
1192230 2668.5
1192240 2666.6
1192250 2666.2
1192260 2666.2
1192270 2666.1
1192280 2664.0
1192290 2664.0
1192300 2661.2
1192310 2660.5
1192320 2660.5
1192330 2660.0
1192340 2658.5
1192350 2658.5
1192360 2656.6
1192370 2655.6
1192380 2654.5
1192390 2654.5
1192400 2653.5
1192410 2652.8
1192420 2652.8
1192430 2654.0
1192440 2656.2
1192450 2656.2
1192460 2656.5
1192470 2656.3
1192480 2656.3
1192490 2657.6
1192500 2658.8
1192510 2658.8
1192520 2658.7
1192530 2658.7
1192540 2658.7
1192550 2658.5
1192560 2659.5
1192570 2661.1
1192580 2661.1
1192590 2663.3
1192600 2666.9
1192610 2666.9
1192620 2669.7
1192630 2672.8
1192640 2672.8
1192650 2677.1
1192660 2681.6
1192670 2674.7
1192680 2678.2
1192690 2681.3
1192700 2681.3
1192710 2683.0
1192720 2684.3
1192730 2684.3
1192740 2685.5
1192750 2685.7
1192760 2685.7
1192770 2685.7
1192780 2685.4
1192790 2684.9
1192800 2684.9
1192810 2684.2
1192820 2682.8
1192830 2682.8
1192840 2681.2
1192850 2679.8
1192860 2679.8
1192870 2677.7
1192880 2675.4
1192890 2675.4
1192900 2673.6
1192910 2671.6
1192920 2671.6
1192930 2670.2
1192940 2669.0
1192950 2667.6
1192960 2667.6
1192970 2665.1
1192980 2662.6
1192990 2662.6
1193000 2660.3
1193010 2657.8
1193020 2657.8
1193030 2654.5
1193040 2651.6
1193050 2651.6
1193060 2649.5
1193070 2648.2
1193080 2648.2
1193090 2647.2
1193100 2646.1
1193110 2638.5
1193120 2637.0
1193130 2635.2
1193140 2635.2
1193150 2632.5
1193160 2631.4
1193170 2628.3
1193180 2628.3
1193190 2625.0
1193200 2622.7
1193210 2622.7
1193220 2620.1
1193230 2617.7
1193240 2617.7
1193250 2615.7
1193260 2613.6
1193270 2613.6
1193280 2611.2
1193290 2608.1
1193300 2608.1
1193310 2604.5
1193320 2599.8
1193330 2599.8
1193340 2595.1
1193350 2589.5
1193360 2583.3
1193370 2583.3
1193380 2577.2
1193390 2571.9
1193400 2571.9
1193410 2566.8
1193420 2562.4
1193430 2562.4
1193440 2558.7
1193450 2555.3
1193460 2555.3
1193470 2551.6
1193480 2547.3
1193490 2547.3
1193500 2543.1
1193510 2539.0
1193520 2539.0
1193530 2534.6
1193540 2531.1
1193550 2527.7
1193560 2527.7
1193570 2522.9
1193580 2516.5
1193590 2516.5
1193600 2511.4
1193610 2505.8
1193620 2505.8
1193630 2499.8
1193640 2494.0
1193650 2494.0
1193660 2489.6
1193670 2486.7
1193680 2486.7
1193690 2484.1
1193700 2480.8
1193710 2480.8
1193720 2477.4
1193730 2474.4
1193740 2470.0
1193750 2470.0
1193760 2465.0
1193770 2462.6
1193780 2462.6
1193790 2461.2
1193800 2458.5
1193810 2458.5
1193820 2452.6
1193830 2445.2
1193840 2445.2
1193850 2438.3
1193860 2431.9
1193870 2431.9
1193880 2424.7
1193890 2416.6
1193900 2416.6
1193910 2409.7
1193920 2405.2
1193930 2401.9
1193940 2401.9
1193950 2399.3
1193960 2396.4
1193970 2394.7
1193980 2391.2
1193990 2387.3
1194000 2387.3
1194010 2384.1
1194020 2381.3
1194030 2381.3
1194040 2378.9
1194050 2376.3
1194060 2376.3
1194070 2372.7
1194080 2368.3
1194090 2368.3
1194100 2362.1
1194110 2355.6
1194120 2349.5
1194130 2349.5
1194140 2341.6
1194150 2332.2
1194160 2332.2
1194170 2323.8
1194180 2315.1
1194190 2315.1
1194200 2306.4
1194210 2299.3
1194220 2299.3
1194230 2292.3
1194240 2285.5
1194250 2285.5
1194260 2278.7
1194270 2271.8
1194280 2271.8
1194290 2264.5
1194300 2256.9
1194310 2250.0
1194320 2250.0
1194330 2242.4
1194340 2234.5
1194350 2234.5
1194360 2226.2
1194370 2217.2
1194380 2217.2
1194390 2208.5
1194400 2199.5
1194410 2197.9
1194420 2190.4
1194430 2181.3
1194440 2181.3
1194450 2172.9
1194460 2167.4
1194470 2167.4
1194480 2161.5
1194490 2155.8
1194500 2155.8
1194510 2150.4
1194520 2145.1
1194530 2138.5
1194540 2138.5
1194550 2131.0
1194560 2123.5
1194570 2123.5
1194580 2115.5
1194590 2106.6
1194600 2106.6
1194610 2097.4
1194620 2086.3
1194630 2086.3
1194640 2075.2
1194650 2065.9
1194660 2065.9
1194670 2058.8
1194680 2051.1
1194690 2051.1
1194700 2043.8
1194710 2036.9
1194720 2030.9
1194730 2030.9
1194740 2024.4
1194750 2014.3
1194760 2014.3
1194770 2005.0
1194780 1992.3
1194790 1992.3
1194800 1978.9
1194810 1965.6
1194820 1965.6
1194830 1954.0
1194840 1946.4
1194850 1948.6
1194860 1941.8
1194870 1935.0
1194880 1935.0
1194890 1930.2
1194900 1925.7
1194910 1921.5
1194920 1921.5
1194930 1915.0
1194940 1907.0
1194950 1907.0
1194960 1896.9
1194970 1888.6
1194980 1888.6
1194990 1882.3
1195000 1874.8
1195010 1874.8
1195020 1866.3
1195030 1860.0
1195040 1860.0
1195050 1854.0
1195060 1847.2
1195070 1847.2
1195080 1839.7
1195090 1832.8
1195100 1826.1
1195110 1826.1
1195120 1818.7
1195130 1811.2
1195140 1811.2
1195150 1803.8
1195160 1795.1
1195170 1795.1
1195180 1781.5
1195190 1772.8
1195200 1772.8
1195210 1771.6
1195220 1764.3
1195230 1764.3
1195240 1760.4
1195250 1760.6
1195260 1760.6
1195270 1760.7
1195280 1762.2
1195290 1761.4
1195300 1761.4
1195310 1765.7
1195320 1777.6
1195330 1777.6
1195340 1790.4
1195350 1794.0
1195360 1794.0
1195370 1796.2
1195380 1800.4
1195390 1800.4
1195400 1804.5
1195410 1806.5
1195420 1806.5
1195430 1806.8
1195440 1807.5
1195450 1807.5
1195460 1808.3
1195470 1809.4
1195480 1810.8
1195490 1810.8
1195500 1812.1
1195510 1813.5
1195520 1813.5
1195530 1815.3
1195540 1817.2
1195550 1817.2
1195560 1820.3
1195570 1821.9
1195580 1821.9
1195590 1825.4
1195600 1832.4
1195610 1832.4
1195620 1837.2
1195630 1839.8
1195640 1839.8
1195650 1842.7
1195660 1847.0
1195670 1850.1
1195680 1850.1
1195690 1853.7
1195700 1857.5
1195710 1857.5
1195720 1863.1
1195730 1866.5
1195740 1866.5
1195750 1871.1
1195760 1876.6
1195770 1876.6
1195780 1881.3
1195790 1885.0
1195800 1885.0
1195810 1888.9
1195820 1892.5
1195830 1892.5
1195840 1895.4
1195850 1898.5
1195860 1898.5
1195870 1902.1
1195880 1906.0
1195890 1909.8
1195900 1909.8
1195910 1913.4
1195920 1917.5
1195930 1917.5
1195940 1922.0
1195950 1926.9
1195960 1926.9
1195970 1932.0
1195980 1938.1
1195990 1938.1
1196000 1950.3
1196010 1969.4
1196020 1969.4
1196030 1984.8
1196040 1994.4
1196050 1994.4
1196060 2006.0
1196070 2030.7
1196080 2042.4
1196090 2042.4
1196100 2050.4
1196110 2058.0
1196120 2058.0
1196130 2063.3
1196140 2065.4
1196150 2065.4
1196160 2073.2
1196170 2080.6
1196180 2080.6
1196190 2087.5
1196200 2096.3
1196210 2096.3
1196220 2108.1
1196230 2117.4
1196240 2117.4
1196250 2123.6
1196260 2129.3
1196270 2138.1
1196280 2138.1
1196290 2154.3
1196300 2167.5
1196310 2167.5
1196320 2179.8
1196330 2195.9
1196340 2195.9
1196350 2207.7
1196360 2214.2
1196370 2214.2
1196380 2221.1
1196390 2228.4
1196400 2228.4
1196410 2235.5
1196420 2239.6
1196430 2239.6
1196440 2243.5
1196450 2250.0
1196460 2255.2
1196470 2255.2
1196480 2261.2
1196490 2267.5
1196500 2267.5
1196510 2273.0
1196520 2285.3
1196530 2285.3
1196540 2293.2
1196550 2297.8
1196560 2297.8
1196570 2304.5
1196580 2317.4
1196590 2317.4
1196600 2326.8
1196610 2336.3
1196620 2336.3
1196630 2346.0
1196640 2355.1
1196650 2361.7
1196660 2361.7
1196670 2367.8
1196680 2373.1
1196690 2373.1
1196700 2377.8
1196710 2382.3
1196720 2382.3
1196730 2387.6
1196740 2393.8
1196750 2393.8
1196760 2400.2
1196770 2406.2
1196780 2406.2
1196790 2411.8
1196800 2417.4
1196810 2417.4
1196820 2424.5
1196830 2433.2
1196840 2441.0
1196850 2441.0
1196860 2448.6
1196870 2457.7
1196880 2457.7
1196890 2467.6
1196900 2476.3
1196910 2476.3
1196920 2484.9
1196930 2491.3
1196940 2491.3
1196950 2497.3
1196960 2503.5
1196970 2503.5
1196980 2509.6
1196990 2517.0
1197000 2517.0
1197010 2526.5
1197020 2536.0
1197030 2548.2
1197040 2548.2
1197050 2554.8
1197060 2561.0
1197070 2561.0
1197080 2568.6
1197090 2576.0
1197100 2576.0
1197110 2582.7
1197120 2590.9
1197130 2590.9
1197140 2598.0
1197150 2606.0
1197160 2606.0
1197170 2613.2
1197180 2620.9
1197190 2620.9
1197200 2625.9
1197210 2630.1
1197220 2630.1
1197230 2636.1
1197240 2640.8
1197250 2642.6
1197260 2642.6
1197270 2650.3
1197280 2660.9
1197290 2660.9
1197300 2669.8
1197310 2678.3
1197320 2678.3
1197330 2688.3
1197340 2699.7
1197350 2699.7
1197360 2710.3
1197370 2717.8
1197380 2717.8
1197390 2722.6
1197400 2728.6
1197410 2728.6
1197420 2737.8
1197430 2740.9
1197440 2736.5
1197450 2736.5
1197460 2731.3
1197470 2723.5
1197480 2723.5
1197490 2719.9
1197500 2718.7
1197510 2718.7
1197520 2719.6
1197530 2719.2
1197540 2719.2
1197550 2718.6
1197560 2717.9
1197570 2717.9
1197580 2716.1
1197590 2714.8
1197600 2714.8
1197610 2713.7
1197620 2712.7
1197630 2711.0
1197640 2711.0
1197650 2707.6
1197660 2703.8
1197670 2703.8
1197680 2699.9
1197690 2699.1
1197700 2699.1
1197710 2699.8
1197720 2699.9
1197730 2699.9
1197740 2699.5
1197750 2700.0
1197760 2700.0
1197770 2701.2
1197780 2703.0
1197790 2703.0
1197800 2704.9
1197810 2705.8
1197820 2706.7
1197830 2706.7
1197840 2706.4
1197850 2707.3
1197860 2707.3
1197870 2709.1
1197880 2710.9
1197890 2710.9
1197900 2712.7
1197910 2712.4
1197920 2712.4
1197930 2716.3
1197940 2720.7
1197950 2720.7
1197960 2726.2
1197970 2730.3
1197980 2730.3
1197990 2734.3
1198000 2738.6
1198010 2743.2
1198020 2743.2
1198030 2748.0
1198040 2752.9
1198050 2752.9
1198060 2757.8
1198070 2762.3
1198080 2762.3
1198090 2766.8
1198100 2771.3
1198110 2771.3
1198120 2775.9
1198130 2780.3
1198140 2780.3
1198150 2784.8
1198160 2789.1
1198170 2789.1
1198180 2793.3
1198190 2797.7
1198200 2802.2
1198210 2802.2
1198220 2806.4
1198230 2810.8
1198240 2810.8
1198250 2815.2
1198260 2819.8
1198270 2819.8
1198280 2824.5
1198290 2829.1
1198300 2829.1
1198310 2833.5
1198320 2838.0
1198330 2838.0
1198340 2842.7
1198350 2846.8
1198360 2842.6
1198370 2846.9
1198380 2851.3
1198390 2856.1
1198400 2856.1
1198410 2861.7
1198420 2867.7
1198430 2867.7
1198440 2874.0
1198450 2880.5
1198460 2880.5
1198470 2887.7
1198480 2895.8
1198490 2895.8
1198500 2905.3
1198510 2914.7
1198520 2914.7
1198530 2922.4
1198540 2931.3
1198550 2931.3
1198560 2944.2
1198570 2956.4
1198580 2956.4
1198590 2965.7
1198600 2978.1
1198610 2992.1
1198620 2992.1
1198630 3004.7
1198640 3015.8
1198650 3015.8
1198660 3018.5
1198670 3026.1
1198680 3026.1
1198690 3035.0
1198700 3043.4
1198710 3043.4
1198720 3055.8
1198730 3069.7
1198740 3069.7
1198750 3078.6
1198760 3087.8
1198770 3087.8
1198780 3096.3
1198790 3105.0
1198800 3122.4
1198810 3122.4
1198820 3129.7
1198830 3143.7
1198840 3143.7
1198850 3160.1
1198860 3160.8
1198870 3160.8
1198880 3159.9
1198890 3164.3
1198900 3164.3
1198910 3173.2
1198920 3180.9
1198930 3180.9
1198940 3184.8
1198950 3185.8
1198960 3185.8
1198970 3185.5
1198980 3183.9
1198990 3183.6
1199000 3183.6
1199010 3187.5
1199020 3195.9
1199030 3195.9
1199040 3204.0
1199050 3213.6
1199060 3213.6
1199070 3221.8
1199080 3224.8
1199090 3224.8
1199100 3229.6
1199110 3238.5
1199120 3238.5
1199130 3244.8
1199140 3253.9
1199150 3253.9
1199160 3260.7
1199170 3263.7
1199180 3266.4
1199190 3266.4
1199200 3268.8
1199210 3266.7
1199220 3266.7
1199230 3269.2
1199240 3273.0
1199250 3273.0
1199260 3280.3
1199270 3288.9
1199280 3288.9
1199290 3294.6
1199300 3296.7
1199310 3296.7
1199320 3299.5
1199330 3301.6
1199340 3301.6
1199350 3304.9
1199360 3307.4
1199370 3311.8
1199380 3311.8
1199390 3318.3
1199400 3325.9
1199410 3325.9
1199420 3334.5
1199430 3343.8
1199440 3343.8
1199450 3352.9
1199460 3363.1
1199470 3363.1
1199480 3374.7
1199490 3384.4
1199500 3384.4
1199510 3384.7
1199520 3375.5
1199530 3375.5
1199540 3367.6
1199550 3357.2
1199560 3341.8
1199570 3341.8
1199580 3329.2
1199590 3317.8
1199600 3317.8
1199610 3305.1
1199620 3290.6
1199630 3290.6
1199640 3279.5
1199650 3271.3
1199660 3271.3
1199670 3264.3
1199680 3262.6
1199690 3262.6
1199700 3254.2
1199710 3240.4
1199720 3240.4
1199730 3227.7
1199740 3216.7
1199750 3208.2
1199760 3208.2
1199770 3198.9
1199780 3190.6
1199790 3190.6
1199800 3180.9
1199810 3170.1
1199820 3170.1
1199830 3158.9
1199840 3147.8
1199850 3147.8
1199860 3135.3
1199870 3124.8
1199880 3124.8
1199890 3115.9
1199900 3107.5
1199910 3107.5
1199920 3090.9
1199930 3076.9
1199940 3066.2
1199950 3066.2
1199960 3057.5
1199970 3050.0
1199980 3050.0
1199990 3043.2
