1180000 2115.2
1180010 2118.7
1180020 2122.0
1180030 2122.0
1180040 2125.0
1180050 2127.9
1180060 2127.9
1180070 2130.9
1180080 2134.1
1180090 2134.1
1180100 2138.5
1180110 2143.1
1180120 2143.1
1180130 2148.6
1180140 2153.4
1180150 2154.9
1180160 2154.9
1180170 2152.6
1180180 2150.3
1180190 2150.3
1180200 2148.4
1180210 2146.1
1180220 2146.1
1180230 2144.4
1180240 2143.0
1180250 2143.0
1180260 2141.4
1180270 2144.0
1180280 2144.0
1180290 2142.3
1180300 2140.2
1180310 2140.2
1180320 2138.0
1180330 2135.6
1180340 2135.6
1180350 2133.4
1180360 2131.4
1180370 2129.8
1180380 2129.8
1180390 2128.4
1180400 2126.6
1180410 2126.6
1180420 2124.2
1180430 2122.3
1180440 2122.3
1180450 2120.4
1180460 2118.4
1180470 2118.4
1180480 2116.4
1180490 2114.4
1180500 2114.4
1180510 2112.2
1180520 2109.5
1180530 2109.5
1180540 2106.2
1180550 2103.1
1180560 2099.7
1180570 2099.7
1180580 2096.3
1180590 2092.9
1180600 2092.9
1180610 2089.5
1180620 2086.1
1180630 2086.1
1180640 2082.8
1180650 2080.0
1180660 2080.0
1180670 2077.2
1180680 2074.2
1180690 2076.9
1180700 2073.6
1180710 2070.4
1180720 2070.4
1180730 2067.0
1180740 2062.6
1180750 2057.4
1180760 2057.4
1180770 2051.6
1180780 2044.5
1180790 2044.5
1180800 2037.1
1180810 2029.5
1180820 2029.5
1180830 2022.3
1180840 2015.6
1180850 2015.6
1180860 2009.0
1180870 2002.7
1180880 2002.7
1180890 1996.4
1180900 1992.1
1180910 1992.1
1180920 1992.4
1180930 1994.3
1180940 1994.3
1180950 1994.3
1180960 1992.7
1180970 1991.3
1180980 1991.3
1180990 1988.9
1181000 1985.8
1181010 1985.8
1181020 1982.8
1181030 1979.9
1181040 1979.9
1181050 1975.7
1181060 1970.4
1181070 1970.4
1181080 1965.1
1181090 1959.5
1181100 1958.2
1181110 1952.2
1181120 1946.7
1181130 1942.0
1181140 1942.0
1181150 1936.8
1181160 1930.3
1181170 1930.3
1181180 1922.0
1181190 1913.5
1181200 1913.5
1181210 1905.6
1181220 1898.2
1181230 1898.2
1181240 1893.8
1181250 1892.0
1181260 1892.0
1181270 1894.8
1181280 1899.4
1181290 1899.4
1181300 1901.8
1181310 1904.1
1181320 1904.1
1181330 1906.3
1181340 1909.0
1181350 1908.1
1181360 1908.1
1181370 1903.0
1181380 1899.8
1181390 1899.8
1181400 1897.2
1181410 1896.3
1181420 1896.3
1181430 1895.9
1181440 1897.6
1181450 1897.6
1181460 1900.4
1181470 1903.2
1181480 1903.2
1181490 1905.9
1181500 1908.7
1181510 1908.7
1181520 1916.6
1181530 1917.2
1181540 1913.6
1181550 1913.6
1181560 1908.4
1181570 1904.6
1181580 1904.6
1181590 1903.1
1181600 1902.2
1181610 1902.2
1181620 1899.9
1181630 1896.6
1181640 1896.6
1181650 1891.6
1181660 1886.0
1181670 1886.0
1181680 1882.0
1181690 1881.6
1181700 1881.6
1181710 1881.7
1181720 1880.4
1181730 1878.1
1181740 1878.1
1181750 1874.5
1181760 1870.5
1181770 1870.5
1181780 1868.6
1181790 1867.7
1181800 1867.7
1181810 1866.9
1181820 1865.7
1181830 1865.7
1181840 1863.6
1181850 1861.0
1181860 1861.0
1181870 1859.5
1181880 1858.5
1181890 1858.5
1181900 1856.3
1181910 1852.5
1181920 1847.4
1181930 1847.4
1181940 1848.5
1181950 1847.3
1181960 1847.3
1181970 1845.4
1181980 1842.9
1181990 1842.9
1182000 1840.2
1182010 1837.7
1182020 1837.7
1182030 1834.9
1182040 1831.8
1182050 1831.8
1182060 1828.8
1182070 1825.4
1182080 1825.4
1182090 1821.9
1182100 1818.6
1182110 1816.3
1182120 1816.3
1182130 1814.7
1182140 1812.7
1182150 1812.7
1182160 1809.9
1182170 1806.9
1182180 1806.9
1182190 1804.5
1182200 1802.6
1182210 1802.6
1182220 1800.7
1182230 1798.5
1182240 1798.5
1182250 1796.2
1182260 1796.4
1182270 1796.4
1182280 1797.4
1182290 1798.4
1182300 1799.3
1182310 1799.3
1182320 1800.0
1182330 1800.0
1182340 1800.0
1182350 1802.6
1182360 1803.0
1182370 1803.0
1182380 1802.6
1182390 1801.8
1182400 1801.8
1182410 1801.6
1182420 1800.6
1182430 1800.6
1182440 1799.3
1182450 1798.4
1182460 1798.4
1182470 1797.7
1182480 1798.1
1182490 1798.1
1182500 1798.7
1182510 1798.8
1182520 1798.5
1182530 1798.5
1182540 1798.4
1182550 1798.8
1182560 1798.8
1182570 1798.9
1182580 1798.9
1182590 1798.9
1182600 1799.0
1182610 1799.4
1182620 1799.4
1182630 1799.5
1182640 1799.0
1182650 1799.0
1182660 1800.2
1182670 1801.9
1182680 1801.9
1182690 1802.8
1182700 1803.5
1182710 1804.2
1182720 1804.2
1182730 1805.0
1182740 1805.7
1182750 1805.7
1182760 1806.4
1182770 1807.7
1182780 1807.7
1182790 1808.9
1182800 1810.4
1182810 1810.4
1182820 1812.1
1182830 1813.6
1182840 1813.6
1182850 1815.1
1182860 1816.5
1182870 1816.5
1182880 1818.2
1182890 1820.3
1182900 1822.3
1182910 1822.3
1182920 1824.4
1182930 1827.0
1182940 1827.0
1182950 1829.7
1182960 1832.0
1182970 1832.0
1182980 1834.1
1182990 1836.8
1183000 1836.8
1183010 1839.5
1183020 1842.3
1183030 1842.3
1183040 1845.0
1183050 1847.9
1183060 1847.9
1183070 1851.6
1183080 1854.3
1183090 1856.6
1183100 1856.6
1183110 1859.1
1183120 1862.0
1183130 1862.0
1183140 1864.9
1183150 1867.7
1183160 1867.7
1183170 1871.6
1183180 1878.0
1183190 1881.1
1183200 1887.5
1183210 1893.5
1183220 1893.5
1183230 1898.4
1183240 1903.0
1183250 1903.0
1183260 1907.8
1183270 1912.3
1183280 1915.1
1183290 1915.1
1183300 1916.0
1183310 1916.6
1183320 1916.6
1183330 1918.8
1183340 1922.8
1183350 1922.8
1183360 1927.1
1183370 1931.5
1183380 1931.5
1183390 1936.9
1183400 1942.5
1183410 1942.5
1183420 1947.7
1183430 1952.2
1183440 1952.2
1183450 1957.4
1183460 1963.2
1183470 1963.2
1183480 1970.6
1183490 1980.1
1183500 1990.8
1183510 1990.8
1183520 1999.4
1183530 2006.7
1183540 2006.7
1183550 2014.0
1183560 2021.5
1183570 2021.5
1183580 2028.5
1183590 2036.2
1183600 2036.2
1183610 2046.4
1183620 2054.7
1183630 2054.7
1183640 2062.7
1183650 2073.8
1183660 2073.8
1183670 2085.7
1183680 2093.6
1183690 2100.5
1183700 2100.5
1183710 2106.8
1183720 2112.9
1183730 2112.9
1183740 2118.6
1183750 2123.4
1183760 2123.4
1183770 2127.9
1183780 2133.3
1183790 2133.3
1183800 2139.6
1183810 2144.9
1183820 2144.9
1183830 2149.2
1183840 2153.4
1183850 2153.4
1183860 2158.0
1183870 2161.9
1183880 2166.0
1183890 2166.0
1183900 2170.4
1183910 2174.3
1183920 2174.3
1183930 2178.2
1183940 2182.5
1183950 2182.5
1183960 2186.9
1183970 2192.3
1183980 2192.3
1183990 2197.4
1184000 2202.2
1184010 2202.2
1184020 2207.9
1184030 2217.4
1184040 2217.4
1184050 2223.9
1184060 2230.7
1184070 2237.5
1184080 2237.5
1184090 2243.7
1184100 2249.5
1184110 2249.5
1184120 2254.9
1184130 2260.3
1184140 2260.3
1184150 2267.9
1184160 2275.0
1184170 2275.0
1184180 2282.5
1184190 2290.4
1184200 2290.4
1184210 2297.7
1184220 2304.3
1184230 2304.3
1184240 2310.0
1184250 2316.0
1184260 2322.5
1184270 2322.5
1184280 2329.5
1184290 2336.8
1184300 2336.8
1184310 2344.4
1184320 2352.3
1184330 2352.3
1184340 2357.2
1184350 2361.9
1184360 2361.9
1184370 2365.2
1184380 2367.5
1184390 2367.5
1184400 2371.4
1184410 2377.2
1184420 2377.2
1184430 2383.1
1184440 2388.8
1184450 2402.5
1184460 2402.5
1184470 2407.9
1184480 2412.3
1184490 2412.3
1184500 2417.9
1184510 2423.4
1184520 2423.4
1184530 2429.0
1184540 2434.1
1184550 2434.1
1184560 2438.9
1184570 2444.2
1184580 2444.2
1184590 2451.1
1184600 2459.2
1184610 2459.2
1184620 2468.4
1184630 2478.0
1184640 2478.0
1184650 2486.9
1184660 2495.5
1184670 2505.9
1184680 2505.9
1184690 2516.8
1184700 2525.6
1184710 2525.6
1184720 2533.9
1184730 2541.9
1184740 2541.9
1184750 2548.3
1184760 2556.0
1184770 2556.0
1184780 2562.4
1184790 2567.4
1184800 2567.4
1184810 2572.2
1184820 2577.9
1184830 2577.9
1184840 2583.8
1184850 2590.0
1184860 2596.4
1184870 2596.4
1184880 2608.9
1184890 2615.2
1184900 2615.2
1184910 2621.4
1184920 2627.1
1184930 2627.1
1184940 2632.0
1184950 2638.3
1184960 2638.3
1184970 2645.8
1184980 2652.2
1184990 2652.2
1185000 2656.5
1185010 2655.4
1185020 2655.4
1185030 2651.8
1185040 2647.5
1185050 2643.0
1185060 2643.0
1185070 2643.6
1185080 2648.9
1185090 2648.9
1185100 2652.9
1185110 2658.0
1185120 2658.0
1185130 2664.2
1185140 2664.3
1185150 2664.3
1185160 2663.9
1185170 2659.9
1185180 2659.9
1185190 2658.8
1185200 2662.0
1185210 2662.0
1185220 2669.9
1185230 2675.8
1185240 2680.7
1185250 2680.7
1185260 2690.1
1185270 2701.0
1185280 2701.0
1185290 2709.6
1185300 2720.3
1185310 2720.3
1185320 2727.1
1185330 2733.9
1185340 2733.9
1185350 2740.5
1185360 2741.7
1185370 2741.7
1185380 2737.3
1185390 2733.4
1185400 2733.4
1185410 2729.0
1185420 2724.8
1185430 2721.0
1185440 2721.0
1185450 2713.5
1185460 2702.1
1185470 2702.1
1185480 2694.1
1185490 2687.7
1185500 2687.7
1185510 2683.0
1185520 2679.5
1185530 2679.5
1185540 2677.0
1185550 2674.1
1185560 2674.1
1185570 2668.5
1185580 2666.5
1185590 2666.5
1185600 2664.8
1185610 2662.4
1185620 2662.4
1185630 2662.1
1185640 2660.7
1185650 2658.2
1185660 2658.2
1185670 2655.4
1185680 2651.9
1185690 2651.9
1185700 2648.8
1185710 2645.6
1185720 2648.0
1185730 2648.4
1185740 2648.2
1185750 2648.2
1185760 2647.5
1185770 2647.6
1185780 2647.6
1185790 2647.2
1185800 2645.8
1185810 2645.8
1185820 2643.9
1185830 2643.4
1185840 2644.6
1185850 2644.6
1185860 2643.5
1185870 2641.1
1185880 2641.1
1185890 2642.1
1185900 2643.7
1185910 2643.7
1185920 2647.7
1185930 2652.9
1185940 2652.9
1185950 2658.5
1185960 2664.2
1185970 2664.2
1185980 2670.5
1185990 2677.5
1186000 2677.5
1186010 2684.0
1186020 2690.3
1186030 2696.8
1186040 2696.8
1186050 2703.7
1186060 2710.7
1186070 2710.7
1186080 2717.6
1186090 2727.8
1186100 2727.8
1186110 2743.5
1186120 2761.6
1186130 2761.6
1186140 2782.0
1186150 2782.3
1186160 2782.3
1186170 2777.0
1186180 2781.3
1186190 2781.3
1186200 2787.6
1186210 2791.2
1186220 2789.6
1186230 2789.6
1186240 2785.6
1186250 2783.8
1186260 2783.8
1186270 2781.3
1186280 2777.8
1186290 2777.8
1186300 2779.8
1186310 2784.0
1186320 2784.0
1186330 2785.3
1186340 2785.4
1186350 2785.4
1186360 2784.3
1186370 2783.1
1186380 2783.1
1186390 2784.6
1186400 2787.8
1186410 2792.7
1186420 2792.7
1186430 2797.6
1186440 2802.2
1186450 2802.2
1186460 2806.5
1186470 2810.3
1186480 2810.3
1186490 2814.1
1186500 2818.0
1186510 2818.0
1186520 2822.9
1186530 2830.9
1186540 2830.9
1186550 2847.7
1186560 2861.3
1186570 2851.5
1186580 2859.0
1186590 2870.3
1186600 2888.5
1186610 2888.5
1186620 2904.5
1186630 2920.2
1186640 2920.2
1186650 2927.3
1186660 2929.8
1186670 2929.8
1186680 2932.2
1186690 2937.4
1186700 2937.4
1186710 2945.2
1186720 2953.3
1186730 2953.3
1186740 2961.1
1186750 2976.1
1186760 2976.1
1186770 2985.1
1186780 2990.4
1186790 2990.4
1186800 2992.2
1186810 3003.2
1186820 3017.2
1186830 3017.2
1186840 3044.5
1186850 3058.2
1186860 3058.2
1186870 3076.1
1186880 3093.4
1186890 3093.4
1186900 3102.8
1186910 3102.6
1186920 3102.6
1186930 3095.5
1186940 3088.1
1186950 3088.1
1186960 3078.9
1186970 3069.7
1186980 3069.7
1186990 3058.2
1187000 3048.4
1187010 3041.5
1187020 3041.5
1187030 3036.2
1187040 3026.9
1187050 3026.9
1187060 3016.8
1187070 3014.7
1187080 3014.7
1187090 3008.4
1187100 2998.1
1187110 2998.1
1187120 2987.4
1187130 2977.2
1187140 2977.2
1187150 2966.6
1187160 2957.4
1187170 2957.4
1187180 2945.9
1187190 2935.3
1187200 2927.8
1187210 2927.8
1187220 2921.1
1187230 2915.6
1187240 2915.6
1187250 2911.3
1187260 2905.4
1187270 2905.4
1187280 2901.3
1187290 2897.7
1187300 2897.7
1187310 2893.7
1187320 2889.8
1187330 2889.8
1187340 2885.6
1187350 2879.3
1187360 2879.3
1187370 2874.5
1187380 2870.7
1187390 2865.9
1187400 2865.9
1187410 2863.9
1187420 2858.3
1187430 2858.3
1187440 2855.5
1187450 2848.7
1187460 2848.7
1187470 2844.8
1187480 2838.3
1187490 2838.3
1187500 2830.8
1187510 2821.4
1187520 2821.4
1187530 2814.5
1187540 2809.7
1187550 2809.7
1187560 2805.1
1187570 2802.3
1187580 2800.9
1187590 2800.9
1187600 2799.1
1187610 2796.8
1187620 2796.8
1187630 2795.0
1187640 2793.9
1187650 2793.9
1187660 2792.3
1187670 2790.3
1187680 2790.3
1187690 2788.7
1187700 2787.1
1187710 2787.1
1187720 2785.2
1187730 2783.3
1187740 2783.3
1187750 2780.9
1187760 2777.9
1187770 2774.1
1187780 2774.1
1187790 2770.6
1187800 2768.0
1187810 2768.0
1187820 2765.4
1187830 2762.3
1187840 2763.4
1187850 2760.3
1187860 2757.1
1187870 2757.1
1187880 2753.5
1187890 2746.6
1187900 2746.6
1187910 2737.2
1187920 2728.8
1187930 2728.8
1187940 2721.2
1187950 2714.5
1187960 2714.5
1187970 2710.0
1187980 2706.2
1187990 2702.6
1188000 2702.6
1188010 2700.6
1188020 2698.6
1188030 2698.6
1188040 2694.1
1188050 2689.1
1188060 2689.1
1188070 2685.4
1188080 2681.1
1188090 2681.1
1188100 2676.6
1188110 2672.5
1188120 2672.5
1188130 2668.9
1188140 2665.6
1188150 2665.6
1188160 2662.9
1188170 2660.5
1188180 2657.4
1188190 2657.4
1188200 2654.3
1188210 2651.6
1188220 2651.6
1188230 2650.1
1188240 2648.1
1188250 2648.1
1188260 2647.6
1188270 2643.8
1188280 2643.8
1188290 2643.8
1188300 2644.0
1188310 2644.0
1188320 2643.9
1188330 2643.8
1188340 2643.8
1188350 2644.2
1188360 2644.2
1188370 2644.1
1188380 2644.1
1188390 2643.8
1188400 2643.4
1188410 2643.4
1188420 2643.4
1188430 2643.8
1188440 2643.8
1188450 2644.3
1188460 2644.7
1188470 2644.7
1188480 2644.8
1188490 2644.6
1188500 2644.6
1188510 2644.0
1188520 2643.2
1188530 2643.2
1188540 2642.4
1188550 2641.8
1188560 2640.7
1188570 2640.7
1188580 2639.0
1188590 2636.8
1188600 2636.8
1188610 2634.1
1188620 2632.4
1188630 2632.4
1188640 2630.5
1188650 2628.1
1188660 2628.1
1188670 2625.1
1188680 2621.8
1188690 2621.8
1188700 2619.4
1188710 2617.1
1188720 2617.1
1188730 2614.3
1188740 2611.4
1188750 2608.2
1188760 2608.2
1188770 2605.1
1188780 2602.1
1188790 2602.1
1188800 2598.9
1188810 2595.2
1188820 2595.2
1188830 2591.9
1188840 2588.7
1188850 2588.7
1188860 2585.7
1188870 2582.6
1188880 2582.6
1188890 2579.7
1188900 2577.0
1188910 2577.0
1188920 2574.3
1188930 2571.7
1188940 2568.9
1188950 2568.9
1188960 2566.5
1188970 2563.7
1188980 2563.7
1188990 2560.6
1189000 2557.5
1189010 2557.5
1189020 2554.7
1189030 2551.7
1189040 2551.7
1189050 2549.5
1189060 2547.6
1189070 2547.6
1189080 2545.0
1189090 2542.9
1189100 2542.9
1189110 2541.3
1189120 2537.8
1189130 2537.8
1189140 2535.3
1189150 2532.8
1189160 2529.4
1189170 2529.4
1189180 2527.0
1189190 2526.8
1189200 2526.8
1189210 2529.7
1189220 2531.7
1189230 2531.7
1189240 2532.3
1189250 2532.8
1189260 2532.8
1189270 2533.0
1189280 2532.7
1189290 2532.7
1189300 2531.6
1189310 2530.4
1189320 2530.4
1189330 2529.9
1189340 2529.6
1189350 2528.7
1189360 2528.7
1189370 2527.6
1189380 2526.1
1189390 2526.1
1189400 2524.7
1189410 2523.3
1189420 2523.3
1189430 2521.8
1189440 2518.9
1189450 2518.9
1189460 2512.4
1189470 2509.8
1189480 2509.8
1189490 2510.0
1189500 2510.0
1189510 2510.0
1189520 2510.0
1189530 2510.0
1189540 2509.8
1189550 2510.9
1189560 2510.5
1189570 2510.4
1189580 2510.4
1189590 2509.8
1189600 2510.1
1189610 2510.1
1189620 2510.2
1189630 2510.0
1189640 2510.0
1189650 2509.6
1189660 2508.3
1189670 2508.3
1189680 2506.7
1189690 2506.1
1189700 2506.1
1189710 2505.6
1189720 2504.3
1189730 2503.4
1189740 2503.4
1189750 2503.2
1189760 2502.4
1189770 2502.4
1189780 2501.2
1189790 2502.2
1189800 2502.2
1189810 2505.1
1189820 2504.5
1189830 2504.5
1189840 2499.9
1189850 2493.2
1189860 2493.2
1189870 2488.6
1189880 2488.2
1189890 2488.2
1189900 2488.8
1189910 2489.5
1189920 2490.5
1189930 2490.5
1189940 2492.0
1189950 2493.3
1189960 2493.3
1189970 2494.8
1189980 2503.7
1189990 2503.7
1190000 2503.7
1190010 2505.3
1190020 2505.3
1190030 2509.4
1190040 2514.0
1190050 2514.0
1190060 2519.3
1190070 2525.0
1190080 2525.0
1190090 2530.6
1190100 2536.0
1190110 2536.0
1190120 2539.9
1190130 2543.9
1190140 2550.1
1190150 2550.1
1190160 2554.7
1190170 2557.7
1190180 2557.7
1190190 2559.6
1190200 2559.9
1190210 2559.9
1190220 2560.3
1190230 2560.8
1190240 2560.8
1190250 2562.4
1190260 2562.5
1190270 2562.5
1190280 2560.3
1190290 2558.9
1190300 2558.9
1190310 2559.1
1190320 2559.7
1190330 2560.2
1190340 2560.2
1190350 2561.3
1190360 2562.7
1190370 2562.7
1190380 2566.5
1190390 2571.3
1190400 2571.3
1190410 2581.5
1190420 2585.4
1190430 2585.4
1190440 2586.6
1190450 2589.8
1190460 2589.8
1190470 2599.8
1190480 2612.7
1190490 2612.7
1190500 2621.1
1190510 2630.4
1190520 2640.7
1190530 2640.7
1190540 2645.5
1190550 2648.2
1190560 2648.2
1190570 2655.7
1190580 2664.7
1190590 2664.7
1190600 2674.2
1190610 2680.2
1190620 2680.2
1190630 2676.5
1190640 2674.5
1190650 2674.5
1190660 2677.5
1190670 2676.7
1190680 2676.7
1190690 2679.2
1190700 2684.1
1190710 2682.0
1190720 2682.0
1190730 2674.4
1190740 2670.8
1190750 2670.8
1190760 2670.1
1190770 2670.4
1190780 2670.4
1190790 2671.4
1190800 2674.1
1190810 2674.1
1190820 2677.8
1190830 2681.0
1190840 2686.9
1190850 2690.3
1190860 2694.5
1190870 2694.5
1190880 2699.0
1190890 2704.7
1190900 2711.5
1190910 2711.5
1190920 2717.6
1190930 2722.7
1190940 2722.7
1190950 2727.2
1190960 2730.9
1190970 2730.9
1190980 2735.3
1190990 2748.8
1191000 2748.8
1191010 2760.1
1191020 2767.1
1191030 2767.1
1191040 2772.2
1191050 2775.9
1191060 2775.9
1191070 2777.7
1191080 2778.7
1191090 2782.8
1191100 2782.8
1191110 2788.4
1191120 2794.7
1191130 2794.7
1191140 2801.6
1191150 2809.8
1191160 2809.8
1191170 2819.8
1191180 2827.7
1191190 2827.7
1191200 2834.5
1191210 2842.1
1191220 2842.1
1191230 2852.8
1191240 2863.0
1191250 2863.0
1191260 2871.4
1191270 2872.1
1191280 2872.1
1191290 2879.5
1191300 2886.5
1191310 2888.4
1191320 2888.4
1191330 2885.6
1191340 2884.1
1191350 2884.1
1191360 2883.1
1191370 2881.7
1191380 2881.7
1191390 2880.7
1191400 2880.4
1191410 2880.4
1191420 2881.0
1191430 2881.8
1191440 2881.8
1191450 2882.5
1191460 2883.1
1191470 2883.1
1191480 2885.9
1191490 2889.9
1191500 2894.8
1191510 2894.8
1191520 2901.2
1191530 2908.6
1191540 2908.6
1191550 2916.2
1191560 2928.6
1191570 2928.6
1191580 2934.5
1191590 2927.9
1191600 2927.9
1191610 2915.3
1191620 2904.0
1191630 2904.0
1191640 2893.3
1191650 2882.2
1191660 2882.2
1191670 2872.7
1191680 2863.9
1191690 2855.7
1191700 2856.1
1191710 2848.1
1191720 2840.1
1191730 2840.1
1191740 2832.1
1191750 2825.2
1191760 2825.2
1191770 2818.8
1191780 2812.4
1191790 2812.4
1191800 2806.6
1191810 2801.2
1191820 2801.2
1191830 2796.0
1191840 2791.0
1191850 2791.0
1191860 2785.8
1191870 2780.7
1191880 2775.3
1191890 2775.3
1191900 2770.3
1191910 2765.5
1191920 2765.5
1191930 2760.8
1191940 2756.5
1191950 2756.5
1191960 2752.5
1191970 2748.1
1191980 2748.1
1191990 2743.8
1192000 2740.0
1192010 2740.0
1192020 2736.3
1192030 2732.2
1192040 2732.2
1192050 2727.9
1192060 2723.8
1192070 2720.4
1192080 2720.4
1192090 2717.4
1192100 2714.7
1192110 2714.7
1192120 2711.1
1192130 2705.4
1192140 2705.4
1192150 2704.9
1192160 2703.1
1192170 2703.1
1192180 2699.5
1192190 2696.6
1192200 2696.6
1192210 2692.7
1192220 2690.2
1192230 2690.2
1192240 2689.4
1192250 2690.6
1192260 2691.3
1192270 2691.3
1192280 2689.9
1192290 2687.9
1192300 2687.9
1192310 2685.6
1192320 2684.1
1192330 2684.1
1192340 2682.0
1192350 2678.4
1192360 2678.4
1192370 2675.7
1192380 2671.7
1192390 2671.7
1192400 2667.5
1192410 2665.3
1192420 2665.3
1192430 2662.4
1192440 2661.4
1192450 2661.4
1192460 2660.6
1192470 2659.9
1192480 2658.8
1192490 2658.8
1192500 2658.1
1192510 2657.1
1192520 2657.1
1192530 2657.2
1192540 2659.0
1192550 2659.0
1192560 2660.0
1192570 2655.6
1192580 2655.6
1192590 2657.5
1192600 2658.8
1192610 2658.8
1192620 2659.3
1192630 2659.7
1192640 2659.7
1192650 2660.3
1192660 2661.4
1192670 2662.8
1192680 2662.8
1192690 2665.8
1192700 2667.5
1192710 2667.5
1192720 2667.4
1192730 2664.6
1192740 2664.6
1192750 2659.2
1192760 2653.0
1192770 2653.0
1192780 2646.3
1192790 2639.7
1192800 2639.7
1192810 2634.9
1192820 2632.7
1192830 2632.7
1192840 2632.0
1192850 2631.7
1192860 2629.0
1192870 2629.0
1192880 2625.4
1192890 2623.7
1192900 2623.7
1192910 2622.9
1192920 2620.7
1192930 2620.7
1192940 2619.5
1192950 2619.0
1192960 2619.0
1192970 2618.7
1192980 2618.1
1192990 2618.1
1193000 2614.6
1193010 2614.6
1193020 2614.6
1193030 2615.0
1193040 2614.3
1193050 2610.9
1193060 2610.9
1193070 2608.1
1193080 2605.1
1193090 2605.1
1193100 2602.1
1193110 2601.3
1193120 2601.3
1193130 2598.1
1193140 2594.2
1193150 2594.2
1193160 2590.6
1193170 2587.8
1193180 2587.8
1193190 2585.2
1193200 2582.5
1193210 2582.5
1193220 2579.9
1193230 2576.8
1193240 2572.3
1193250 2572.3
1193260 2567.1
1193270 2561.2
1193280 2561.2
1193290 2553.8
1193300 2548.5
1193310 2548.5
1193320 2544.1
1193330 2538.7
1193340 2538.7
1193350 2533.4
1193360 2528.6
1193370 2528.6
1193380 2524.8
1193390 2520.6
1193400 2520.6
1193410 2517.4
1193420 2514.4
1193430 2503.9
1193440 2503.9
1193450 2500.5
1193460 2497.1
1193470 2497.1
1193480 2493.8
1193490 2491.1
1193500 2491.1
1193510 2488.5
1193520 2486.9
1193530 2486.9
1193540 2484.8
1193550 2482.2
1193560 2482.2
1193570 2480.1
1193580 2477.0
1193590 2477.0
1193600 2473.8
1193610 2470.6
1193620 2470.6
1193630 2467.5
1193640 2463.8
1193650 2458.0
1193660 2458.0
1193670 2452.7
1193680 2447.9
1193690 2447.9
1193700 2443.3
1193710 2439.3
1193720 2439.3
1193730 2435.5
1193740 2432.1
1193750 2432.1
1193760 2428.9
1193770 2425.8
1193780 2425.8
1193790 2421.9
1193800 2416.2
1193810 2416.2
1193820 2406.5
1193830 2393.4
1193840 2384.8
1193850 2384.8
1193860 2378.4
1193870 2372.6
1193880 2372.6
1193890 2367.8
1193900 2361.8
1193910 2361.8
1193920 2355.6
1193930 2349.2
1193940 2349.2
1193950 2342.9
1193960 2336.3
1193970 2336.3
1193980 2332.5
1193990 2330.9
1194000 2330.9
1194010 2329.6
1194020 2328.3
1194030 2325.9
1194040 2325.9
1194050 2322.7
1194060 2318.4
1194070 2318.4
1194080 2312.9
1194090 2306.9
1194100 2306.9
1194110 2300.9
1194120 2295.0
1194130 2295.0
1194140 2289.6
1194150 2283.8
1194160 2283.8
1194170 2277.6
1194180 2271.3
1194190 2271.3
1194200 2264.8
1194210 2258.5
1194220 2251.6
1194230 2251.6
1194240 2244.3
1194250 2236.7
1194260 2236.7
1194270 2227.6
1194280 2219.2
1194290 2219.2
1194300 2210.3
1194310 2200.5
1194320 2200.5
1194330 2187.6
1194340 2177.1
1194350 2177.1
1194360 2167.4
1194370 2159.4
1194380 2159.4
1194390 2151.7
1194400 2143.7
1194410 2134.1
1194420 2134.1
1194430 2125.3
1194440 2117.2
1194450 2117.2
1194460 2109.5
1194470 2101.4
1194480 2101.4
1194490 2093.8
1194500 2087.1
1194510 2087.1
1194520 2081.0
1194530 2075.1
1194540 2075.1
1194550 2069.7
1194560 2063.9
1194570 2063.9
1194580 2058.0
1194590 2052.1
1194600 2045.9
1194610 2045.9
1194620 2040.0
1194630 2032.6
1194640 2032.6
1194650 2022.8
1194660 2013.7
1194670 2013.7
1194680 2000.3
1194690 1982.3
1194700 1982.3
1194710 1970.9
1194720 1962.5
1194730 1962.5
1194740 1957.4
1194750 1948.4
1194760 1948.4
1194770 1940.0
1194780 1935.6
1194790 1935.6
1194800 1926.6
1194810 1908.3
1194820 1901.4
1194830 1901.4
1194840 1895.2
1194850 1889.3
1194860 1889.3
1194870 1882.2
1194880 1869.7
1194890 1869.7
1194900 1853.1
1194910 1841.2
1194920 1841.2
1194930 1835.5
1194940 1829.7
1194950 1829.7
1194960 1824.1
1194970 1818.7
1194980 1818.7
1194990 1813.6
1195000 1808.2
1195010 1803.1
1195020 1803.1
1195030 1798.2
1195040 1793.2
1195050 1793.2
1195060 1788.5
1195070 1783.4
1195080 1783.4
1195090 1778.4
1195100 1773.8
1195110 1773.8
1195120 1769.7
1195130 1765.1
1195140 1765.1
1195150 1760.8
1195160 1759.4
1195170 1759.4
1195180 1759.3
1195190 1759.3
1195200 1759.3
1195210 1759.3
1195220 1759.3
1195230 1759.3
1195240 1759.3
1195250 1759.3
1195260 1759.3
1195270 1759.3
1195280 1759.3
1195290 1759.3
1195300 1759.3
1195310 1759.3
1195320 1759.3
1195330 1759.3
1195340 1759.3
1195350 1759.3
1195360 1759.3
1195370 1759.3
1195380 1759.3
1195390 1759.3
1195400 1759.3
1195410 1759.3
1195420 1759.3
1195430 1759.3
1195440 1759.3
1195450 1759.3
1195460 1759.3
1195470 1759.3
1195480 1759.3
1195490 1759.3
1195500 1759.3
1195510 1759.3
1195520 1759.3
1195530 1759.3
1195540 1759.3
1195550 1759.3
1195560 1759.3
1195570 1759.3
1195580 1760.2
1195590 1760.2
1195600 1763.5
1195610 1770.8
1195620 1770.8
1195630 1775.5
1195640 1779.7
1195650 1779.7
1195660 1786.4
1195670 1790.4
1195680 1790.4
1195690 1794.7
1195700 1799.5
1195710 1799.5
1195720 1804.6
1195730 1809.5
1195740 1809.5
1195750 1814.5
1195760 1820.1
1195770 1826.7
1195780 1826.7
1195790 1833.9
1195800 1842.7
1195810 1842.7
1195820 1850.2
1195830 1857.3
1195840 1857.3
1195850 1867.5
1195860 1878.2
1195870 1878.2
1195880 1895.2
1195890 1909.1
1195900 1909.1
1195910 1917.4
1195920 1925.3
1195930 1925.3
1195940 1937.3
1195950 1946.5
1195960 1946.5
1195970 1956.7
1195980 1964.5
1195990 1973.0
1196000 1973.0
1196010 1979.6
1196020 1986.8
1196030 1986.8
1196040 1993.3
1196050 1998.8
1196060 1998.8
1196070 2005.6
1196080 2010.3
1196090 2010.3
1196100 2011.8
1196110 2014.9
1196120 2014.9
1196130 2021.0
1196140 2035.9
1196150 2035.9
1196160 2050.1
1196170 2059.1
1196180 2065.5
1196190 2065.5
1196200 2073.3
1196210 2082.1
1196220 2082.1
1196230 2090.9
1196240 2100.8
1196250 2100.8
1196260 2111.4
1196270 2120.6
1196280 2120.6
1196290 2127.4
1196300 2133.9
1196310 2133.9
1196320 2141.7
1196330 2148.4
1196340 2148.4
1196350 2153.9
1196360 2161.1
1196370 2167.4
1196380 2167.4
1196390 2173.3
1196400 2179.7
1196410 2179.7
1196420 2186.4
1196430 2192.4
1196440 2192.4
1196450 2198.2
1196460 2204.1
1196470 2204.1
1196480 2209.9
1196490 2215.5
1196500 2215.5
1196510 2223.3
1196520 2231.7
1196530 2231.7
1196540 2239.6
1196550 2246.2
1196560 2252.6
1196570 2252.6
1196580 2260.0
1196590 2268.5
1196600 2268.5
1196610 2278.3
1196620 2285.9
1196630 2285.9
1196640 2299.7
1196650 2312.9
1196660 2312.9
1196670 2323.3
1196680 2333.5
1196690 2333.5
1196700 2342.8
1196710 2351.3
1196720 2351.3
1196730 2357.8
1196740 2364.7
1196750 2370.5
1196760 2370.5
1196770 2376.1
1196780 2381.7
1196790 2381.7
1196800 2388.1
1196810 2396.2
1196820 2396.2
1196830 2403.6
1196840 2411.3
1196850 2411.3
1196860 2422.0
1196870 2431.5
1196880 2431.5
1196890 2440.2
1196900 2445.1
1196910 2445.1
1196920 2445.6
1196930 2462.9
1196940 2469.3
1196950 2469.3
1196960 2478.2
1196970 2484.0
1196980 2484.0
1196990 2488.1
1197000 2488.0
1197010 2488.0
1197020 2487.7
1197030 2489.1
1197040 2489.1
1197050 2491.7
1197060 2494.1
1197070 2494.1
1197080 2499.6
1197090 2501.7
1197100 2501.7
1197110 2505.3
1197120 2509.0
1197130 2509.0
1197140 2514.2
1197150 2519.4
1197160 2523.2
1197170 2523.2
1197180 2526.2
1197190 2529.1
1197200 2529.1
1197210 2532.8
1197220 2537.3
1197230 2537.3
1197240 2541.9
1197250 2545.2
1197260 2545.2
1197270 2548.2
1197280 2551.7
1197290 2551.7
1197300 2552.7
1197310 2557.8
1197320 2557.8
1197330 2575.8
1197340 2592.3
1197350 2600.4
1197360 2600.4
1197370 2615.0
1197380 2619.8
1197390 2619.8
1197400 2620.3
1197410 2617.4
1197420 2617.4
1197430 2615.1
1197440 2608.5
1197450 2608.5
1197460 2605.6
1197470 2604.0
1197480 2604.0
1197490 2604.5
1197500 2603.6
1197510 2603.6
1197520 2603.4
1197530 2603.6
1197540 2603.5
1197550 2603.5
1197560 2602.6
1197570 2600.9
1197580 2600.9
1197590 2598.9
1197600 2598.3
1197610 2598.3
1197620 2598.5
1197630 2598.5
1197640 2598.5
1197650 2598.8
1197660 2599.3
1197670 2599.3
1197680 2599.6
1197690 2599.4
1197700 2599.4
1197710 2599.2
1197720 2598.9
1197730 2598.6
1197740 2598.6
1197750 2598.3
1197760 2598.1
1197770 2598.1
1197780 2597.1
1197790 2596.0
1197800 2596.0
1197810 2600.7
1197820 2600.8
1197830 2600.8
1197840 2601.2
1197850 2601.9
1197860 2601.9
1197870 2603.2
1197880 2605.9
1197890 2605.9
1197900 2608.0
1197910 2609.1
1197920 2610.8
1197930 2610.8
1197940 2612.6
1197950 2614.5
1197960 2614.5
1197970 2616.6
1197980 2618.8
1197990 2618.8
1198000 2620.1
1198010 2621.5
1198020 2621.5
1198030 2625.0
1198040 2628.4
1198050 2628.4
1198060 2631.9
1198070 2635.8
1198080 2635.8
1198090 2639.6
1198100 2643.3
1198110 2647.0
1198120 2647.0
1198130 2651.0
1198140 2655.1
1198150 2655.1
1198160 2659.3
1198170 2663.5
1198180 2663.5
1198190 2667.8
1198200 2672.2
1198210 2672.2
1198220 2676.8
1198230 2681.3
1198240 2681.3
1198250 2688.3
1198260 2693.1
1198270 2693.1
1198280 2697.7
1198290 2702.4
1198300 2702.4
1198310 2707.0
1198320 2711.6
1198330 2716.4
1198340 2716.4
1198350 2721.1
1198360 2725.6
1198370 2725.6
1198380 2729.9
1198390 2733.8
1198400 2733.8
1198410 2737.4
1198420 2741.4
1198430 2741.4
1198440 2745.6
1198450 2749.1
1198460 2749.1
1198470 2752.5
1198480 2755.6
1198490 2755.6
1198500 2758.3
1198510 2760.4
1198520 2763.2
1198530 2763.2
1198540 2765.8
1198550 2768.5
1198560 2768.5
1198570 2771.8
1198580 2774.9
1198590 2774.9
1198600 2777.6
1198610 2779.5
1198620 2779.5
1198630 2780.5
1198640 2780.8
1198650 2780.8
1198660 2781.0
1198670 2782.7
1198680 2782.7
1198690 2792.0
1198700 2797.1
1198710 2802.2
1198720 2802.2
1198730 2808.5
1198740 2816.9
1198750 2816.9
1198760 2829.1
1198770 2835.5
1198780 2835.5
1198790 2838.7
1198800 2846.2
1198810 2846.2
1198820 2856.1
1198830 2869.8
1198840 2869.8
1198850 2883.5
1198860 2897.9
1198870 2897.9
1198880 2910.8
1198890 2916.2
1198900 2917.7
1198910 2917.7
1198920 2916.4
1198930 2919.2
1198940 2919.2
1198950 2923.2
1198960 2927.8
1198970 2927.8
1198980 2932.1
1198990 2935.4
1199000 2935.4
1199010 2938.8
1199020 2943.3
1199030 2943.3
1199040 2948.4
1199050 2953.0
1199060 2953.0
1199070 2957.1
1199080 2961.4
1199090 2966.0
1199100 2966.0
1199110 2971.4
1199120 2977.2
1199130 2983.1
1199140 2989.6
1199150 2995.6
1199160 2995.6
1199170 3004.9
1199180 3016.1
1199190 3016.1
1199200 3021.3
1199210 3022.5
1199220 3022.5
1199230 3026.8
1199240 3043.6
1199250 3043.6
1199260 3058.1
1199270 3069.2
1199280 3076.5
1199290 3076.5
1199300 3083.0
1199310 3089.4
1199320 3089.4
1199330 3095.8
1199340 3104.3
1199350 3104.3
1199360 3115.0
1199370 3129.3
1199380 3129.3
1199390 3147.3
1199400 3160.3
1199410 3160.3
1199420 3173.8
1199430 3182.0
1199440 3182.0
1199450 3188.9
1199460 3194.5
1199470 3194.5
1199480 3201.3
1199490 3207.5
1199500 3212.9
1199510 3212.9
1199520 3219.3
1199530 3225.4
1199540 3225.4
1199550 3230.6
1199560 3237.2
1199570 3237.2
1199580 3253.4
1199590 3259.8
1199600 3259.8
1199610 3266.2
1199620 3274.4
1199630 3274.4
1199640 3282.7
1199650 3289.6
1199660 3289.6
1199670 3295.5
1199680 3299.3
1199690 3301.7
1199700 3301.7
1199710 3304.5
1199720 3310.0
1199730 3310.0
1199740 3317.2
1199750 3319.6
1199760 3319.6
1199770 3314.1
1199780 3307.0
1199790 3307.0
1199800 3297.5
1199810 3288.9
1199820 3288.9
1199830 3278.7
1199840 3268.2
1199850 3268.2
1199860 3268.4
1199870 3271.6
1199880 3260.6
1199890 3260.6
1199900 3241.6
1199910 3218.2
1199920 3218.2
1199930 3207.2
1199940 3200.2
1199950 3200.2
1199960 3172.3
1199970 3158.1
1199980 3158.1
1199990 3149.1
