1180000 2131.7
1180010 2131.7
1180020 2136.6
1180030 2142.2
1180040 2142.2
1180050 2148.0
1180060 2153.3
1180070 2153.3
1180080 2159.2
1180090 2165.4
1180100 2171.6
1180110 2171.6
1180120 2178.1
1180130 2181.6
1180140 2181.6
1180150 2185.3
1180160 2187.6
1180170 2187.6
1180180 2189.0
1180190 2189.9
1180200 2189.9
1180210 2190.5
1180220 2190.2
1180230 2190.2
1180240 2188.7
1180250 2187.9
1180260 2187.9
1180270 2187.3
1180280 2186.8
1180290 2186.8
1180300 2186.4
1180310 2186.2
1180320 2185.9
1180330 2185.9
1180340 2184.5
1180350 2182.9
1180360 2182.9
1180370 2180.4
1180380 2177.5
1180390 2177.5
1180400 2174.6
1180410 2173.1
1180420 2173.1
1180430 2171.3
1180440 2169.8
1180450 2169.8
1180460 2168.3
1180470 2166.2
1180480 2166.2
1180490 2164.6
1180500 2162.2
1180510 2160.2
1180520 2160.2
1180530 2157.8
1180540 2156.7
1180550 2156.7
1180560 2154.3
1180570 2151.9
1180580 2151.9
1180590 2149.2
1180600 2146.4
1180610 2146.4
1180620 2143.3
1180630 2140.4
1180640 2140.4
1180650 2137.0
1180660 2133.7
1180670 2133.7
1180680 2130.2
1180690 2127.0
1180700 2123.9
1180710 2123.9
1180720 2120.7
1180730 2117.6
1180740 2117.6
1180750 2114.5
1180760 2111.8
1180770 2111.8
1180780 2109.0
1180790 2105.5
1180800 2105.5
1180810 2100.3
1180820 2092.9
1180830 2092.9
1180840 2084.4
1180850 2075.1
1180860 2075.1
1180870 2066.1
1180880 2058.1
1180890 2052.1
1180900 2052.1
1180910 2045.0
1180920 2037.6
1180930 2037.6
1180940 2031.0
1180950 2023.7
1180960 2023.7
1180970 2015.9
1180980 2009.8
1180990 2009.8
1181000 2006.1
1181010 2001.9
1181020 2001.9
1181030 1997.0
1181040 1990.6
1181050 1990.6
1181060 1980.9
1181070 1970.4
1181080 1964.4
1181090 1964.4
1181100 1967.7
1181110 1975.9
1181120 1975.9
1181130 1978.4
1181140 1974.5
1181150 1974.5
1181160 1969.3
1181170 1971.5
1181180 1971.5
1181190 1973.3
1181200 1971.4
1181210 1971.4
1181220 1968.5
1181230 1967.7
1181240 1967.7
1181250 1971.6
1181260 1977.3
1181270 1982.2
1181280 1982.2
1181290 1979.0
1181300 1978.2
1181310 1978.2
1181320 1979.6
1181330 1980.4
1181340 1980.4
1181350 1981.5
1181360 1982.4
1181370 1988.0
1181380 1987.2
1181390 1985.6
1181400 1985.6
1181410 1983.8
1181420 1984.1
1181430 1984.1
1181440 1986.7
1181450 1989.3
1181460 1989.3
1181470 1993.4
1181480 1997.1
1181490 1998.1
1181500 1998.1
1181510 1995.6
1181520 1992.0
1181530 1992.0
1181540 1988.5
1181550 1985.1
1181560 1985.1
1181570 1982.6
1181580 1980.0
1181590 1980.0
1181600 1976.2
1181610 1970.3
1181620 1970.3
1181630 1964.1
1181640 1957.8
1181650 1957.8
1181660 1952.6
1181670 1949.8
1181680 1948.0
1181690 1948.0
1181700 1945.7
1181710 1943.0
1181720 1943.0
1181730 1941.4
1181740 1940.0
1181750 1940.0
1181760 1940.2
1181770 1943.4
1181780 1943.4
1181790 1954.1
1181800 1957.7
1181810 1957.7
1181820 1954.7
1181830 1947.1
1181840 1947.1
1181850 1940.0
1181860 1933.8
1181870 1928.9
1181880 1928.9
1181890 1924.5
1181900 1924.4
1181910 1924.4
1181920 1929.2
1181930 1939.5
1181940 1939.5
1181950 1945.5
1181960 1945.2
1181970 1945.2
1181980 1942.6
1181990 1940.0
1182000 1940.0
1182010 1936.9
1182020 1932.5
1182030 1932.5
1182040 1927.6
1182050 1923.8
1182060 1921.4
1182070 1921.4
1182080 1920.2
1182090 1918.8
1182100 1918.8
1182110 1915.3
1182120 1910.2
1182130 1910.2
1182140 1904.5
1182150 1899.3
1182160 1899.3
1182170 1895.8
1182180 1892.7
1182190 1892.7
1182200 1894.4
1182210 1890.1
1182220 1890.1
1182230 1884.8
1182240 1878.5
1182250 1874.1
1182260 1874.1
1182270 1871.0
1182280 1868.3
1182290 1868.3
1182300 1865.0
1182310 1860.5
1182320 1860.5
1182330 1855.5
1182340 1850.8
1182350 1850.8
1182360 1848.3
1182370 1848.6
1182380 1848.6
1182390 1848.5
1182400 1847.5
1182410 1847.5
1182420 1845.8
1182430 1843.2
1182440 1840.0
1182450 1840.0
1182460 1838.7
1182470 1837.1
1182480 1837.1
1182490 1833.9
1182500 1830.6
1182510 1830.6
1182520 1827.9
1182530 1826.3
1182540 1826.3
1182550 1823.4
1182560 1818.7
1182570 1818.7
1182580 1814.4
1182590 1811.3
1182600 1811.3
1182610 1809.3
1182620 1809.6
1182630 1809.6
1182640 1808.1
1182650 1808.3
1182660 1808.5
1182670 1808.5
1182680 1808.2
1182690 1808.3
1182700 1808.3
1182710 1808.4
1182720 1808.8
1182730 1808.8
1182740 1809.6
1182750 1810.1
1182760 1810.1
1182770 1810.5
1182780 1810.9
1182790 1810.9
1182800 1811.1
1182810 1811.3
1182820 1811.3
1182830 1811.5
1182840 1811.8
1182850 1811.9
1182860 1811.9
1182870 1811.5
1182880 1811.8
1182890 1811.8
1182900 1812.7
1182910 1813.0
1182920 1813.0
1182930 1813.0
1182940 1812.8
1182950 1812.8
1182960 1813.3
1182970 1814.0
1182980 1814.0
1182990 1814.3
1183000 1814.7
1183010 1814.7
1183020 1814.8
1183030 1815.4
1183040 1815.8
1183050 1815.8
1183060 1816.5
1183070 1816.9
1183080 1816.9
1183090 1818.1
1183100 1819.6
1183110 1819.6
1183120 1821.0
1183130 1821.9
1183140 1821.9
1183150 1822.8
1183160 1824.0
1183170 1824.0
1183180 1825.3
1183190 1826.8
1183200 1826.8
1183210 1828.1
1183220 1829.0
1183230 1829.9
1183240 1829.9
1183250 1832.5
1183260 1836.8
1183270 1836.8
1183280 1840.9
1183290 1844.9
1183300 1844.9
1183310 1849.4
1183320 1854.6
1183330 1854.6
1183340 1859.9
1183350 1864.9
1183360 1864.9
1183370 1870.0
1183380 1875.5
1183390 1875.5
1183400 1881.1
1183410 1886.6
1183420 1892.5
1183430 1892.5
1183440 1898.3
1183450 1904.6
1183460 1902.2
1183470 1908.8
1183480 1915.7
1183490 1915.7
1183500 1923.0
1183510 1930.3
1183520 1930.3
1183530 1937.3
1183540 1944.9
1183550 1944.9
1183560 1955.1
1183570 1965.7
1183580 1965.7
1183590 1975.6
1183600 1984.1
1183610 1984.1
1183620 1992.4
1183630 2001.0
1183640 2011.1
1183650 2011.1
1183660 2021.7
1183670 2032.3
1183680 2032.3
1183690 2044.4
1183700 2055.1
1183710 2055.1
1183720 2065.5
1183730 2076.0
1183740 2076.0
1183750 2086.8
1183760 2097.6
1183770 2097.6
1183780 2108.6
1183790 2122.1
1183800 2122.1
1183810 2135.4
1183820 2149.2
1183830 2160.8
1183840 2160.8
1183850 2172.3
1183860 2182.8
1183870 2182.8
1183880 2195.8
1183890 2206.0
1183900 2206.0
1183910 2216.6
1183920 2228.5
1183930 2228.5
1183940 2246.4
1183950 2259.8
1183960 2259.8
1183970 2268.2
1183980 2275.6
1183990 2275.6
1184000 2283.8
1184010 2292.0
1184020 2299.4
1184030 2299.4
1184040 2306.9
1184050 2314.5
1184060 2314.5
1184070 2320.8
1184080 2327.1
1184090 2327.1
1184100 2333.8
1184110 2339.9
1184120 2339.9
1184130 2345.3
1184140 2350.7
1184150 2350.7
1184160 2357.0
1184170 2363.5
1184180 2363.5
1184190 2370.4
1184200 2377.5
1184210 2383.4
1184220 2383.4
1184230 2388.7
1184240 2395.3
1184250 2395.3
1184260 2401.9
1184270 2406.9
1184280 2406.9
1184290 2411.7
1184300 2418.5
1184310 2418.5
1184320 2423.2
1184330 2427.6
1184340 2427.6
1184350 2432.5
1184360 2439.0
1184370 2439.0
1184380 2444.4
1184390 2449.7
1184400 2455.5
1184410 2455.5
1184420 2463.5
1184430 2472.5
1184440 2472.5
1184450 2480.0
1184460 2484.8
1184470 2484.8
1184480 2490.7
1184490 2497.5
1184500 2497.5
1184510 2504.8
1184520 2513.2
1184530 2513.2
1184540 2519.4
1184550 2525.8
1184560 2525.8
1184570 2533.5
1184580 2540.7
1184590 2545.1
1184600 2545.1
1184610 2549.1
1184620 2553.1
1184630 2553.1
1184640 2558.5
1184650 2563.9
1184660 2563.9
1184670 2569.1
1184680 2574.2
1184690 2574.2
1184700 2579.2
1184710 2584.8
1184720 2586.0
1184730 2592.4
1184740 2600.1
1184750 2600.1
1184760 2607.0
1184770 2613.9
1184780 2613.9
1184790 2620.5
1184800 2627.3
1184810 2634.4
1184820 2634.4
1184830 2641.4
1184840 2647.8
1184850 2647.8
1184860 2654.4
1184870 2660.9
1184880 2660.9
1184890 2668.4
1184900 2675.6
1184910 2675.6
1184920 2682.0
1184930 2686.3
1184940 2686.3
1184950 2691.1
1184960 2695.3
1184970 2695.3
1184980 2700.6
1184990 2706.3
1185000 2712.4
1185010 2712.4
1185020 2718.9
1185030 2725.4
1185040 2725.4
1185050 2729.1
1185060 2731.7
1185070 2731.7
1185080 2735.2
1185090 2740.4
1185100 2740.4
1185110 2747.3
1185120 2754.0
1185130 2754.0
1185140 2759.0
1185150 2769.4
1185160 2769.4
1185170 2775.8
1185180 2781.8
1185190 2788.1
1185200 2788.1
1185210 2795.0
1185220 2801.1
1185230 2801.1
1185240 2806.7
1185250 2811.1
1185260 2811.1
1185270 2814.2
1185280 2815.9
1185290 2815.9
1185300 2815.5
1185310 2812.3
1185320 2812.3
1185330 2804.8
1185340 2795.7
1185350 2795.7
1185360 2782.8
1185370 2772.9
1185380 2765.4
1185390 2765.4
1185400 2754.8
1185410 2745.5
1185420 2745.5
1185430 2736.6
1185440 2727.5
1185450 2727.5
1185460 2718.7
1185470 2711.5
1185480 2711.5
1185490 2705.4
1185500 2701.8
1185510 2701.8
1185520 2702.6
1185530 2703.1
1185540 2703.1
1185550 2704.0
1185560 2704.6
1185570 2706.8
1185580 2706.8
1185590 2707.3
1185600 2706.2
1185610 2706.2
1185620 2706.2
1185630 2706.3
1185640 2706.3
1185650 2709.8
1185660 2713.7
1185670 2713.7
1185680 2715.6
1185690 2716.6
1185700 2716.6
1185710 2716.4
1185720 2716.4
1185730 2716.4
1185740 2716.0
1185750 2715.2
1185760 2714.3
1185770 2714.3
1185780 2712.3
1185790 2710.0
1185800 2710.0
1185810 2709.0
1185820 2709.2
1185830 2709.2
1185840 2710.7
1185850 2711.8
1185860 2711.8
1185870 2714.7
1185880 2718.5
1185890 2718.5
1185900 2720.0
1185910 2722.2
1185920 2722.2
1185930 2727.5
1185940 2733.9
1185950 2733.9
1185960 2740.6
1185970 2747.0
1185980 2752.8
1185990 2757.6
1186000 2763.5
1186010 2772.5
1186020 2772.5
1186030 2785.7
1186040 2796.1
1186050 2796.1
1186060 2806.5
1186070 2823.3
1186080 2823.3
1186090 2840.8
1186100 2840.8
1186110 2840.8
1186120 2836.1
1186130 2826.9
1186140 2826.9
1186150 2815.8
1186160 2808.4
1186170 2806.6
1186180 2806.6
1186190 2812.5
1186200 2816.3
1186210 2816.3
1186220 2816.1
1186230 2813.8
1186240 2813.8
1186250 2811.0
1186260 2808.7
1186270 2808.7
1186280 2808.3
1186290 2807.7
1186300 2807.7
1186310 2806.1
1186320 2806.3
1186330 2806.3
1186340 2804.5
1186350 2801.4
1186360 2799.6
1186370 2799.6
1186380 2801.0
1186390 2806.5
1186400 2806.5
1186410 2812.0
1186420 2816.5
1186430 2816.5
1186440 2818.2
1186450 2819.3
1186460 2819.3
1186470 2823.4
1186480 2829.1
1186490 2829.1
1186500 2835.9
1186510 2843.1
1186520 2843.1
1186530 2850.6
1186540 2859.4
1186550 2875.1
1186560 2875.1
1186570 2896.3
1186580 2907.5
1186590 2907.5
1186600 2908.8
1186610 2917.1
1186620 2917.1
1186630 2924.1
1186640 2930.8
1186650 2930.8
1186660 2941.3
1186670 2948.6
1186680 2948.6
1186690 2954.9
1186700 2959.1
1186710 2959.1
1186720 2962.4
1186730 2969.7
1186740 2981.1
1186750 2981.1
1186760 2993.0
1186770 3012.4
1186780 3012.4
1186790 3025.2
1186800 3041.4
1186810 3041.4
1186820 3065.5
1186830 3075.0
1186840 3084.1
1186850 3091.4
1186860 3084.7
1186870 3084.7
1186880 3073.0
1186890 3069.0
1186900 3069.0
1186910 3069.8
1186920 3055.6
1186930 3038.2
1186940 3038.2
1186950 3023.1
1186960 3010.7
1186970 3010.7
1186980 3001.2
1186990 2992.8
1187000 2992.8
1187010 2985.4
1187020 2978.5
1187030 2978.5
1187040 2971.9
1187050 2965.8
1187060 2965.8
1187070 2962.2
1187080 2961.2
1187090 2961.2
1187100 2959.6
1187110 2956.8
1187120 2956.8
1187130 2954.4
1187140 2949.4
1187150 2942.1
1187160 2942.1
1187170 2935.2
1187180 2927.2
1187190 2927.2
1187200 2917.8
1187210 2906.0
1187220 2906.0
1187230 2893.5
1187240 2885.8
1187250 2885.8
1187260 2880.6
1187270 2874.3
1187280 2874.3
1187290 2868.8
1187300 2862.8
1187310 2862.8
1187320 2856.8
1187330 2851.3
1187340 2846.0
1187350 2846.0
1187360 2841.6
1187370 2837.9
1187380 2837.9
1187390 2834.1
1187400 2830.3
1187410 2830.3
1187420 2826.7
1187430 2823.4
1187440 2823.4
1187450 2820.1
1187460 2816.4
1187470 2816.4
1187480 2812.8
1187490 2809.4
1187500 2809.4
1187510 2806.6
1187520 2803.1
1187530 2798.6
1187540 2798.6
1187550 2794.3
1187560 2792.8
1187570 2792.8
1187580 2791.8
1187590 2790.5
1187600 2790.5
1187610 2789.2
1187620 2789.0
1187630 2789.0
1187640 2789.9
1187650 2791.4
1187660 2791.4
1187670 2793.7
1187680 2795.7
1187690 2799.8
1187700 2800.9
1187710 2799.9
1187720 2797.1
1187730 2797.1
1187740 2793.4
1187750 2789.7
1187760 2789.7
1187770 2785.7
1187780 2781.8
1187790 2781.8
1187800 2778.0
1187810 2774.4
1187820 2774.4
1187830 2771.5
1187840 2768.7
1187850 2768.7
1187860 2767.3
1187870 2766.1
1187880 2766.1
1187890 2764.9
1187900 2763.5
1187910 2763.0
1187920 2763.0
1187930 2762.0
1187940 2760.8
1187950 2760.8
1187960 2759.5
1187970 2756.4
1187980 2756.4
1187990 2750.1
1188000 2742.5
1188010 2742.5
1188020 2735.4
1188030 2727.5
1188040 2727.5
1188050 2719.3
1188060 2711.9
1188070 2711.9
1188080 2705.5
1188090 2699.7
1188100 2694.9
1188110 2694.9
1188120 2696.0
1188130 2690.5
1188140 2690.5
1188150 2684.1
1188160 2677.5
1188170 2677.5
1188180 2671.3
1188190 2667.2
1188200 2667.2
1188210 2663.7
1188220 2660.3
1188230 2660.3
1188240 2657.3
1188250 2653.4
1188260 2653.4
1188270 2648.9
1188280 2645.9
1188290 2645.9
1188300 2643.8
1188310 2646.8
1188320 2649.2
1188330 2649.2
1188340 2650.4
1188350 2652.2
1188360 2652.2
1188370 2654.1
1188380 2655.4
1188390 2655.4
1188400 2656.1
1188410 2655.8
1188420 2655.8
1188430 2655.2
1188440 2655.0
1188450 2655.0
1188460 2655.0
1188470 2654.9
1188480 2654.9
1188490 2654.4
1188500 2654.2
1188510 2654.4
1188520 2654.4
1188530 2653.0
1188540 2649.9
1188550 2649.9
1188560 2649.5
1188570 2648.8
1188580 2648.8
1188590 2647.4
1188600 2646.2
1188610 2646.2
1188620 2644.6
1188630 2642.4
1188640 2642.4
1188650 2640.8
1188660 2639.7
1188670 2639.7
1188680 2638.8
1188690 2637.8
1188700 2637.2
1188710 2637.2
1188720 2634.2
1188730 2630.3
1188740 2630.3
1188750 2628.2
1188760 2627.0
1188770 2627.0
1188780 2623.6
1188790 2619.5
1188800 2619.5
1188810 2616.1
1188820 2612.0
1188830 2612.0
1188840 2603.1
1188850 2594.7
1188860 2594.7
1188870 2589.0
1188880 2585.8
1188890 2583.4
1188900 2583.4
1188910 2580.9
1188920 2578.3
1188930 2578.3
1188940 2575.3
1188950 2572.1
1188960 2572.1
1188970 2567.0
1188980 2562.9
1188990 2562.9
1189000 2559.2
1189010 2556.1
1189020 2556.1
1189030 2554.5
1189040 2553.3
1189050 2553.3
1189060 2552.0
1189070 2551.2
1189080 2550.6
1189090 2550.6
1189100 2550.5
1189110 2550.5
1189120 2550.5
1189130 2550.7
1189140 2551.9
1189150 2551.9
1189160 2552.3
1189170 2551.3
1189180 2551.3
1189190 2551.0
1189200 2550.9
1189210 2550.9
1189220 2550.8
1189230 2550.6
1189240 2550.6
1189250 2550.5
1189260 2551.2
1189270 2551.3
1189280 2551.3
1189290 2551.9
1189300 2553.7
1189310 2553.7
1189320 2555.1
1189330 2556.3
1189340 2556.3
1189350 2557.9
1189360 2560.6
1189370 2560.6
1189380 2562.5
1189390 2564.5
1189400 2567.4
1189410 2569.5
1189420 2569.0
1189430 2569.0
1189440 2566.6
1189450 2565.6
1189460 2565.6
1189470 2563.7
1189480 2562.2
1189490 2563.4
1189500 2563.4
1189510 2567.1
1189520 2565.0
1189530 2565.0
1189540 2561.5
1189550 2560.1
1189560 2560.1
1189570 2559.1
1189580 2555.5
1189590 2555.5
1189600 2556.3
1189610 2558.1
1189620 2558.1
1189630 2558.6
1189640 2558.6
1189650 2558.6
1189660 2559.6
1189670 2561.9
1189680 2564.4
1189690 2564.4
1189700 2568.0
1189710 2572.4
1189720 2572.4
1189730 2576.0
1189740 2574.6
1189750 2574.6
1189760 2573.5
1189770 2574.7
1189780 2574.7
1189790 2576.6
1189800 2576.6
1189810 2576.6
1189820 2574.9
1189830 2580.9
1189840 2580.9
1189850 2579.6
1189860 2582.9
1189870 2585.7
1189880 2585.7
1189890 2587.8
1189900 2587.3
1189910 2587.3
1189920 2585.3
1189930 2582.5
1189940 2582.5
1189950 2579.5
1189960 2577.2
1189970 2577.2
1189980 2576.8
1189990 2576.9
1190000 2576.9
1190010 2576.7
1190020 2577.2
1190030 2577.2
1190040 2579.2
1190050 2576.8
1190060 2577.3
1190070 2577.3
1190080 2583.7
1190090 2591.5
1190100 2591.5
1190110 2597.8
1190120 2603.8
1190130 2603.8
1190140 2609.5
1190150 2615.4
1190160 2615.4
1190170 2621.6
1190180 2626.7
1190190 2626.7
1190200 2631.2
1190210 2635.2
1190220 2635.2
1190230 2638.8
1190240 2642.0
1190250 2643.8
1190260 2646.5
1190270 2647.4
1190280 2649.3
1190290 2649.3
1190300 2649.5
1190310 2650.6
1190320 2650.6
1190330 2651.8
1190340 2652.1
1190350 2652.1
1190360 2651.3
1190370 2650.6
1190380 2650.6
1190390 2652.3
1190400 2655.2
1190410 2655.2
1190420 2659.3
1190430 2664.1
1190440 2669.9
1190450 2669.9
1190460 2677.0
1190470 2684.9
1190480 2684.9
1190490 2692.1
1190500 2698.9
1190510 2698.9
1190520 2706.3
1190530 2714.3
1190540 2714.3
1190550 2722.7
1190560 2730.4
1190570 2730.4
1190580 2740.2
1190590 2751.5
1190600 2751.5
1190610 2758.5
1190620 2766.2
1190630 2766.2
1190640 2774.7
1190650 2783.3
1190660 2791.2
1190670 2791.2
1190680 2795.2
1190690 2808.3
1190700 2808.3
1190710 2817.6
1190720 2822.9
1190730 2822.9
1190740 2827.0
1190750 2829.6
1190760 2829.6
1190770 2828.9
1190780 2826.7
1190790 2826.7
1190800 2826.0
1190810 2820.8
1190820 2820.8
1190830 2817.7
1190840 2819.4
1190850 2823.2
1190860 2823.2
1190870 2824.4
1190880 2820.8
1190890 2820.8
1190900 2816.9
1190910 2814.6
1190920 2814.6
1190930 2814.3
1190940 2817.2
1190950 2817.2
1190960 2822.7
1190970 2829.8
1190980 2829.8
1190990 2838.1
1191000 2847.9
1191010 2847.9
1191020 2859.2
1191030 2868.0
1191040 2876.3
1191050 2876.3
1191060 2881.0
1191070 2890.2
1191080 2890.2
1191090 2898.1
1191100 2904.3
1191110 2904.3
1191120 2918.9
1191130 2924.1
1191140 2924.1
1191150 2930.0
1191160 2934.3
1191170 2934.3
1191180 2943.4
1191190 2953.2
1191200 2953.2
1191210 2956.0
1191220 2951.8
1191230 2946.9
1191240 2946.9
1191250 2942.6
1191260 2939.0
1191270 2939.0
1191280 2934.9
1191290 2931.4
1191300 2931.4
1191310 2929.7
1191320 2929.7
1191330 2929.7
1191340 2929.0
1191350 2927.0
1191360 2927.0
1191370 2926.1
1191380 2926.5
1191390 2926.5
1191400 2928.2
1191410 2930.4
1191420 2933.2
1191430 2933.2
1191440 2936.1
1191450 2939.3
1191460 2939.3
1191470 2944.0
1191480 2950.6
1191490 2950.6
1191500 2959.1
1191510 2966.8
1191520 2966.8
1191530 2975.1
1191540 2983.0
1191550 2992.9
1191560 2997.5
1191570 2991.8
1191580 2991.8
1191590 2980.5
1191600 2971.2
1191610 2962.5
1191620 2962.5
1191630 2952.9
1191640 2947.5
1191650 2947.5
1191660 2945.4
1191670 2936.9
1191680 2936.9
1191690 2928.2
1191700 2920.6
1191710 2920.6
1191720 2913.5
1191730 2907.1
1191740 2907.1
1191750 2901.8
1191760 2897.0
1191770 2897.0
1191780 2890.9
1191790 2881.4
1191800 2881.4
1191810 2871.8
1191820 2864.7
1191830 2860.5
1191840 2860.5
1191850 2854.6
1191860 2849.9
1191870 2849.9
1191880 2842.0
1191890 2834.3
1191900 2834.3
1191910 2828.8
1191920 2822.3
1191930 2822.3
1191940 2813.8
1191950 2804.6
1191960 2804.6
1191970 2796.9
1191980 2787.0
1191990 2787.0
1192000 2778.8
1192010 2771.6
1192020 2765.5
1192030 2765.5
1192040 2759.4
1192050 2753.3
1192060 2753.3
1192070 2747.3
1192080 2741.4
1192090 2741.4
1192100 2735.4
1192110 2729.4
1192120 2729.4
1192130 2723.6
1192140 2717.8
1192150 2717.8
1192160 2712.0
1192170 2706.5
1192180 2706.5
1192190 2701.2
1192200 2696.0
1192210 2692.1
1192220 2692.1
1192230 2687.8
1192240 2683.9
1192250 2683.9
1192260 2681.1
1192270 2678.4
1192280 2678.4
1192290 2675.8
1192300 2673.2
1192310 2673.2
1192320 2670.3
1192330 2667.8
1192340 2667.8
1192350 2665.4
1192360 2662.4
1192370 2662.4
1192380 2659.3
1192390 2657.5
1192400 2654.9
1192410 2652.3
1192420 2645.4
1192430 2643.9
1192440 2643.9
1192450 2644.6
1192460 2644.3
1192470 2644.3
1192480 2644.2
1192490 2643.6
1192500 2643.6
1192510 2642.4
1192520 2640.0
1192530 2640.0
1192540 2637.3
1192550 2634.0
1192560 2634.0
1192570 2631.0
1192580 2627.6
1192590 2624.8
1192600 2624.8
1192610 2622.5
1192620 2622.2
1192630 2622.2
1192640 2619.8
1192650 2620.1
1192660 2620.1
1192670 2618.0
1192680 2616.7
1192690 2616.7
1192700 2617.0
1192710 2616.7
1192720 2616.7
1192730 2615.8
1192740 2614.4
1192750 2614.4
1192760 2611.1
1192770 2607.1
1192780 2603.3
1192790 2603.3
1192800 2600.4
1192810 2597.5
1192820 2597.5
1192830 2594.4
1192840 2589.1
1192850 2589.1
1192860 2586.2
1192870 2583.1
1192880 2583.1
1192890 2580.3
1192900 2578.4
1192910 2578.4
1192920 2576.2
1192930 2574.6
1192940 2574.6
1192950 2573.3
1192960 2572.1
1192970 2571.2
1192980 2571.2
1192990 2570.2
1193000 2569.7
1193010 2569.7
1193020 2569.6
1193030 2569.7
1193040 2569.7
1193050 2569.0
1193060 2568.6
1193070 2568.6
1193080 2568.7
1193090 2568.9
1193100 2568.9
1193110 2569.2
1193120 2568.9
1193130 2568.9
1193140 2568.3
1193150 2567.3
1193160 2567.3
1193170 2565.9
1193180 2565.0
1193190 2565.0
1193200 2565.0
1193210 2563.9
1193220 2561.1
1193230 2561.1
1193240 2557.8
1193250 2555.2
1193260 2555.2
1193270 2553.0
1193280 2548.9
1193290 2548.9
1193300 2544.6
1193310 2540.5
1193320 2540.5
1193330 2536.0
1193340 2531.2
1193350 2531.2
1193360 2526.6
1193370 2522.1
1193380 2517.2
1193390 2517.2
1193400 2511.7
1193410 2505.1
1193420 2505.1
1193430 2498.2
1193440 2491.6
1193450 2491.6
1193460 2485.4
1193470 2479.6
1193480 2479.6
1193490 2472.9
1193500 2466.2
1193510 2466.2
1193520 2460.7
1193530 2455.6
1193540 2455.6
1193550 2450.6
1193560 2445.8
1193570 2441.1
1193580 2441.1
1193590 2437.3
1193600 2434.6
1193610 2434.6
1193620 2431.7
1193630 2427.9
1193640 2427.9
1193650 2424.2
1193660 2420.1
1193670 2420.1
1193680 2415.9
1193690 2411.6
1193700 2411.6
1193710 2407.0
1193720 2403.9
1193730 2403.9
1193740 2400.9
1193750 2398.5
1193760 2396.6
1193770 2396.6
1193780 2394.5
1193790 2392.6
1193800 2392.6
1193810 2390.6
1193820 2388.3
1193830 2388.3
1193840 2385.9
1193850 2384.1
1193860 2384.1
1193870 2382.7
1193880 2381.4
1193890 2381.4
1193900 2379.9
1193910 2377.2
1193920 2377.2
1193930 2374.9
1193940 2372.5
1193950 2370.5
1193960 2370.5
1193970 2368.8
1193980 2367.4
1193990 2367.4
1194000 2361.7
1194010 2354.6
1194020 2354.6
1194030 2347.5
1194040 2341.5
1194050 2341.5
1194060 2335.7
1194070 2330.0
1194080 2330.0
1194090 2325.0
1194100 2320.3
1194110 2320.3
1194120 2314.2
1194130 2307.4
1194140 2300.2
1194150 2300.6
1194160 2293.0
1194170 2285.1
1194180 2285.1
1194190 2277.0
1194200 2269.8
1194210 2269.8
1194220 2263.1
1194230 2256.9
1194240 2256.9
1194250 2250.7
1194260 2243.4
1194270 2243.4
1194280 2236.7
1194290 2230.4
1194300 2230.4
1194310 2223.3
1194320 2215.7
1194330 2215.7
1194340 2209.2
1194350 2200.8
1194360 2188.1
1194370 2188.1
1194380 2176.4
1194390 2167.4
1194400 2167.4
1194410 2158.9
1194420 2149.4
1194430 2149.4
1194440 2139.0
1194450 2130.9
1194460 2130.9
1194470 2124.5
1194480 2117.2
1194490 2117.2
1194500 2109.7
1194510 2102.8
1194520 2102.8
1194530 2095.9
1194540 2088.7
1194550 2080.6
1194560 2080.6
1194570 2072.8
1194580 2060.5
1194590 2060.5
1194600 2053.3
1194610 2046.2
1194620 2046.2
1194630 2039.4
1194640 2033.6
1194650 2033.6
1194660 2028.3
1194670 2022.5
1194680 2022.5
1194690 2016.3
1194700 2009.7
1194710 2009.7
1194720 2002.9
1194730 1996.2
1194740 1989.8
1194750 1989.8
1194760 1983.3
1194770 1977.1
1194780 1977.1
1194790 1970.1
1194800 1958.3
1194810 1958.3
1194820 1942.4
1194830 1926.2
1194840 1926.2
1194850 1918.0
1194860 1912.7
1194870 1912.7
1194880 1907.4
1194890 1901.6
1194900 1901.6
1194910 1895.0
1194920 1888.3
1194930 1878.2
1194940 1878.2
1194950 1870.7
1194960 1866.1
1194970 1866.1
1194980 1862.1
1194990 1856.0
1195000 1856.0
1195010 1843.3
1195020 1837.1
1195030 1837.1
1195040 1829.8
1195050 1819.8
1195060 1819.8
1195070 1797.4
1195080 1782.4
1195090 1782.4
1195100 1776.0
1195110 1772.8
1195120 1768.6
1195130 1768.6
1195140 1765.9
1195150 1763.9
1195160 1763.9
1195170 1761.1
1195180 1759.9
1195190 1759.9
1195200 1759.7
1195210 1759.4
1195220 1759.4
1195230 1759.3
1195240 1759.3
1195250 1759.3
1195260 1759.3
1195270 1759.3
1195280 1759.3
1195290 1759.3
1195300 1759.3
1195310 1759.3
1195320 1759.3
1195330 1759.3
1195340 1759.3
1195350 1759.3
1195360 1759.3
1195370 1759.3
1195380 1759.3
1195390 1759.3
1195400 1759.3
1195410 1759.3
1195420 1759.3
1195430 1759.3
1195440 1759.3
1195450 1759.3
1195460 1759.3
1195470 1759.3
1195480 1759.3
1195490 1759.3
1195500 1759.3
1195510 1759.3
1195520 1759.3
1195530 1759.3
1195540 1759.3
1195550 1759.3
1195560 1759.4
1195570 1759.4
1195580 1760.7
1195590 1763.2
1195600 1763.2
1195610 1766.4
1195620 1771.6
1195630 1771.6
1195640 1776.2
1195650 1777.2
1195660 1777.2
1195670 1778.2
1195680 1781.3
1195690 1781.3
1195700 1786.0
1195710 1792.0
1195720 1799.0
1195730 1799.0
1195740 1804.6
1195750 1810.5
1195760 1810.5
1195770 1816.1
1195780 1822.0
1195790 1822.0
1195800 1828.4
1195810 1833.9
1195820 1833.9
1195830 1839.8
1195840 1847.1
1195850 1847.1
1195860 1855.5
1195870 1863.9
1195880 1863.9
1195890 1883.8
1195900 1896.0
1195910 1902.7
1195920 1902.7
1195930 1910.0
1195940 1920.3
1195950 1920.3
1195960 1941.2
1195970 1951.6
1195980 1951.6
1195990 1958.0
1196000 1963.3
1196010 1963.3
1196020 1968.9
1196030 1974.7
1196040 1974.7
1196050 1980.9
1196060 1987.9
1196070 1987.9
1196080 1995.9
1196090 2003.5
1196100 2010.7
1196110 2010.7
1196120 2018.6
1196130 2026.8
1196140 2026.8
1196150 2034.1
1196160 2040.4
1196170 2040.4
1196180 2048.3
1196190 2057.8
1196200 2057.8
1196210 2068.3
1196220 2077.6
1196230 2077.6
1196240 2089.0
1196250 2101.2
1196260 2101.2
1196270 2113.4
1196280 2124.1
1196290 2132.3
1196300 2132.3
1196310 2140.4
1196320 2151.8
1196330 2150.4
1196340 2160.9
1196350 2170.9
1196360 2170.9
1196370 2183.3
1196380 2193.3
1196390 2193.3
1196400 2204.8
1196410 2213.5
1196420 2213.5
1196430 2220.2
1196440 2226.1
1196450 2226.1
1196460 2230.9
1196470 2236.1
1196480 2241.2
1196490 2241.2
1196500 2247.7
1196510 2255.9
1196520 2255.9
1196530 2263.4
1196540 2270.8
1196550 2270.8
1196560 2280.6
1196570 2289.1
1196580 2289.1
1196590 2296.4
1196600 2303.4
1196610 2303.4
1196620 2311.4
1196630 2320.5
1196640 2320.5
1196650 2330.3
1196660 2340.4
1196670 2340.4
1196680 2351.8
1196690 2365.6
1196700 2386.0
1196710 2386.0
1196720 2399.8
1196730 2416.6
1196740 2416.6
1196750 2431.9
1196760 2440.7
1196770 2442.0
1196780 2453.7
1196790 2460.8
1196800 2460.8
1196810 2468.0
1196820 2482.4
1196830 2482.4
1196840 2493.1
1196850 2500.3
1196860 2500.3
1196870 2506.4
1196880 2512.8
1196890 2519.4
1196900 2519.4
1196910 2526.4
1196920 2533.2
1196930 2533.2
1196940 2541.0
1196950 2549.7
1196960 2549.7
1196970 2559.1
1196980 2567.9
1196990 2567.9
1197000 2576.6
1197010 2586.5
1197020 2586.5
1197030 2594.3
1197040 2601.8
1197050 2601.8
1197060 2610.3
1197070 2620.2
1197080 2629.9
1197090 2629.9
1197100 2639.9
1197110 2650.2
1197120 2650.2
1197130 2660.3
1197140 2673.7
1197150 2673.7
1197160 2687.6
1197170 2694.9
1197180 2694.9
1197190 2697.2
1197200 2699.2
1197210 2703.2
1197220 2711.6
1197230 2720.7
1197240 2720.7
1197250 2727.7
1197260 2734.2
1197270 2737.5
1197280 2737.5
1197290 2735.6
1197300 2732.5
1197310 2732.5
1197320 2734.0
1197330 2738.5
1197340 2738.5
1197350 2740.8
1197360 2742.0
1197370 2742.0
1197380 2743.6
1197390 2744.7
1197400 2744.7
1197410 2746.1
1197420 2755.9
1197430 2755.9
1197440 2757.7
1197450 2752.0
1197460 2747.0
1197470 2747.0
1197480 2740.8
1197490 2732.2
1197500 2732.2
1197510 2724.0
1197520 2719.5
1197530 2719.5
1197540 2719.8
1197550 2722.7
1197560 2722.7
1197570 2719.7
1197580 2715.5
1197590 2715.5
1197600 2714.2
1197610 2713.1
1197620 2713.1
1197630 2710.3
1197640 2707.7
1197650 2712.2
1197660 2712.2
1197670 2709.6
1197680 2708.0
1197690 2708.0
1197700 2707.2
1197710 2707.5
1197720 2707.5
1197730 2707.6
1197740 2707.2
1197750 2707.2
1197760 2706.6
1197770 2706.1
1197780 2706.1
1197790 2705.6
1197800 2703.4
1197810 2703.4
1197820 2701.9
1197830 2701.4
1197840 2701.2
1197850 2701.2
1197860 2701.2
1197870 2702.0
1197880 2702.0
1197890 2702.2
1197900 2701.5
1197910 2701.5
1197920 2701.2
1197930 2701.1
1197940 2701.1
1197950 2701.4
1197960 2701.2
1197970 2701.2
1197980 2700.0
1197990 2697.6
1198000 2697.6
1198010 2695.1
1198020 2695.5
1198030 2695.5
1198040 2696.9
1198050 2697.4
1198060 2699.7
1198070 2699.7
1198080 2703.8
1198090 2712.9
1198100 2712.9
1198110 2716.8
1198120 2720.5
1198130 2720.5
1198140 2724.7
1198150 2729.0
1198160 2729.0
1198170 2732.1
1198180 2734.9
1198190 2734.9
1198200 2738.7
1198210 2743.2
1198220 2743.2
1198230 2746.6
1198240 2750.3
1198250 2753.8
1198260 2753.8
1198270 2757.6
1198280 2761.1
1198290 2761.1
1198300 2764.2
1198310 2766.5
1198320 2766.5
1198330 2768.4
1198340 2771.9
1198350 2771.9
1198360 2776.3
1198370 2781.7
1198380 2781.7
1198390 2790.0
1198400 2800.3
1198410 2800.3
1198420 2811.0
1198430 2819.7
1198440 2827.9
1198450 2827.9
1198460 2840.3
1198470 2850.9
1198480 2850.9
1198490 2859.7
1198500 2864.9
1198510 2864.9
1198520 2867.2
1198530 2873.6
1198540 2873.6
1198550 2871.6
1198560 2872.0
1198570 2872.0
1198580 2874.0
1198590 2877.9
1198600 2877.9
1198610 2882.4
1198620 2886.8
1198630 2891.4
1198640 2891.4
1198650 2896.7
1198660 2905.4
1198670 2905.4
1198680 2915.3
1198690 2923.8
1198700 2923.8
1198710 2932.4
1198720 2941.4
1198730 2941.4
1198740 2948.6
1198750 2956.2
1198760 2956.2
1198770 2962.8
1198780 2970.2
1198790 2970.2
1198800 2977.6
1198810 2980.4
1198820 2985.3
1198830 2985.3
1198840 2993.2
1198850 3001.8
1198860 3001.8
1198870 3012.4
1198880 3024.0
1198890 3024.0
1198900 3037.3
1198910 3046.2
1198920 3046.2
1198930 3052.6
1198940 3055.2
1198950 3055.2
1198960 3060.1
1198970 3075.1
1198980 3075.1
1198990 3078.0
1199000 3085.7
1199010 3095.5
1199020 3095.5
1199030 3107.4
1199040 3118.1
1199050 3118.1
1199060 3124.8
1199070 3130.7
1199080 3130.7
1199090 3134.9
1199100 3137.9
1199110 3137.9
1199120 3144.4
1199130 3146.2
1199140 3146.2
1199150 3147.6
1199160 3155.9
1199170 3155.9
1199180 3165.9
1199190 3175.9
1199200 3175.9
1199210 3184.0
1199220 3190.4
1199230 3198.7
1199240 3198.7
1199250 3214.1
1199260 3229.0
1199270 3229.0
1199280 3240.8
1199290 3250.5
1199300 3250.5
1199310 3258.5
1199320 3266.6
1199330 3266.6
1199340 3275.9
1199350 3284.7
1199360 3284.7
1199370 3296.1
1199380 3306.8
1199390 3306.8
1199400 3315.6
1199410 3325.5
1199420 3348.9
1199430 3348.9
1199440 3357.7
1199450 3370.2
1199460 3370.2
1199470 3380.4
1199480 3384.5
1199490 3384.5
1199500 3388.1
1199510 3386.8
1199520 3386.8
1199530 3376.0
1199540 3362.6
1199550 3362.6
1199560 3352.7
1199570 3346.6
1199580 3346.6
1199590 3348.3
1199600 3352.2
1199610 3348.2
1199620 3348.2
1199630 3339.3
1199640 3331.2
1199650 3331.2
1199660 3320.0
1199670 3305.0
1199680 3305.0
1199690 3289.8
1199700 3276.2
1199710 3276.2
1199720 3263.2
1199730 3253.7
1199740 3253.7
1199750 3244.8
1199760 3237.8
1199770 3237.8
1199780 3232.3
1199790 3227.2
1199800 3224.6
1199810 3224.6
1199820 3222.6
1199830 3213.0
1199840 3213.0
1199850 3199.5
1199860 3183.6
1199870 3183.6
1199880 3176.7
1199890 3167.6
1199900 3167.6
1199910 3155.1
1199920 3141.2
1199930 3141.2
1199940 3124.5
1199950 3111.9
1199960 3111.9
1199970 3104.8
1199980 3098.6
1199990 3092.7
