1180000 2185.0
1180010 2185.0
1180020 2190.2
1180030 2194.8
1180040 2199.5
1180050 2199.5
1180060 2204.2
1180070 2208.4
1180080 2208.4
1180090 2212.7
1180100 2217.2
1180110 2217.2
1180120 2221.7
1180130 2226.1
1180140 2226.1
1180150 2230.8
1180160 2235.7
1180170 2235.7
1180180 2241.0
1180190 2246.2
1180200 2246.2
1180210 2251.3
1180220 2255.3
1180230 2258.1
1180240 2258.1
1180250 2258.9
1180260 2256.6
1180270 2256.6
1180280 2254.7
1180290 2253.1
1180300 2253.1
1180310 2255.0
1180320 2252.7
1180330 2252.7
1180340 2249.7
1180350 2246.3
1180360 2246.3
1180370 2242.6
1180380 2238.9
1180390 2238.9
1180400 2236.0
1180410 2233.1
1180420 2229.3
1180430 2229.3
1180440 2224.9
1180450 2221.6
1180460 2221.6
1180470 2218.7
1180480 2216.5
1180490 2216.5
1180500 2214.9
1180510 2212.9
1180520 2212.9
1180530 2210.9
1180540 2209.5
1180550 2209.5
1180560 2208.1
1180570 2206.3
1180580 2206.3
1180590 2204.3
1180600 2202.2
1180610 2200.4
1180620 2200.4
1180630 2198.4
1180640 2195.8
1180650 2195.8
1180660 2193.5
1180670 2190.9
1180680 2190.9
1180690 2188.1
1180700 2184.8
1180710 2184.8
1180720 2181.3
1180730 2178.6
1180740 2178.6
1180750 2173.8
1180760 2168.9
1180770 2168.9
1180780 2164.1
1180790 2158.6
1180800 2151.6
1180810 2151.6
1180820 2141.2
1180830 2132.6
1180840 2132.6
1180850 2125.2
1180860 2118.2
1180870 2118.2
1180880 2110.9
1180890 2103.0
1180900 2103.0
1180910 2093.7
1180920 2087.2
1180930 2087.2
1180940 2084.6
1180950 2087.8
1180960 2087.8
1180970 2097.2
1180980 2106.0
1180990 2106.0
1181000 2110.2
1181010 2107.5
1181020 2104.7
1181030 2104.7
1181040 2106.4
1181050 2110.8
1181060 2110.8
1181070 2115.8
1181080 2121.3
1181090 2121.3
1181100 2124.8
1181110 2126.9
1181120 2126.9
1181130 2127.8
1181140 2125.2
1181150 2131.2
1181160 2131.1
1181170 2132.7
1181180 2132.7
1181190 2136.1
1181200 2138.9
1181210 2139.9
1181220 2139.9
1181230 2136.9
1181240 2133.2
1181250 2133.2
1181260 2129.9
1181270 2127.2
1181280 2127.2
1181290 2126.1
1181300 2126.9
1181310 2126.9
1181320 2129.3
1181330 2132.4
1181340 2132.4
1181350 2134.1
1181360 2135.0
1181370 2135.0
1181380 2134.9
1181390 2132.5
1181400 2127.6
1181410 2127.6
1181420 2121.7
1181430 2115.8
1181440 2115.8
1181450 2111.6
1181460 2109.2
1181470 2109.2
1181480 2106.5
1181490 2104.5
1181500 2104.5
1181510 2102.4
1181520 2097.6
1181530 2097.6
1181540 2092.1
1181550 2093.3
1181560 2102.3
1181570 2105.8
1181580 2102.0
1181590 2095.6
1181600 2095.6
1181610 2088.7
1181620 2083.9
1181630 2083.9
1181640 2084.8
1181650 2086.7
1181660 2086.7
1181670 2087.9
1181680 2089.3
1181690 2089.3
1181700 2092.2
1181710 2095.4
1181720 2095.4
1181730 2098.5
1181740 2096.8
1181750 2096.8
1181760 2090.0
1181770 2084.5
1181780 2083.4
1181790 2083.4
1181800 2082.8
1181810 2084.0
1181820 2084.0
1181830 2087.8
1181840 2086.5
1181850 2086.5
1181860 2079.7
1181870 2074.1
1181880 2074.1
1181890 2068.6
1181900 2066.2
1181910 2066.2
1181920 2068.1
1181930 2071.6
1181940 2071.6
1181950 2075.4
1181960 2077.1
1181970 2077.0
1181980 2081.9
1181990 2077.5
1182000 2071.0
1182010 2071.0
1182020 2063.6
1182030 2056.5
1182040 2056.5
1182050 2050.4
1182060 2044.3
1182070 2044.3
1182080 2041.3
1182090 2043.0
1182100 2043.0
1182110 2045.1
1182120 2042.8
1182130 2042.8
1182140 2038.6
1182150 2037.1
1182160 2037.1
1182170 2034.8
1182180 2026.7
1182190 2014.8
1182200 2014.8
1182210 2002.6
1182220 1993.4
1182230 1993.4
1182240 1995.3
1182250 2004.0
1182260 2004.0
1182270 2005.3
1182280 2002.5
1182290 2002.5
1182300 2002.0
1182310 1999.8
1182320 1999.8
1182330 1992.4
1182340 1985.9
1182350 1985.9
1182360 1989.1
1182370 1994.0
1182380 1994.8
1182390 1994.8
1182400 2000.9
1182410 2001.2
1182420 2001.2
1182430 2002.7
1182440 2002.4
1182450 2002.4
1182460 1999.9
1182470 1996.5
1182480 1996.5
1182490 1991.2
1182500 1987.6
1182510 1987.6
1182520 1983.8
1182530 1979.1
1182540 1979.1
1182550 1975.0
1182560 1969.3
1182570 1963.9
1182580 1963.9
1182590 1957.8
1182600 1952.8
1182610 1952.8
1182620 1944.4
1182630 1934.8
1182640 1934.8
1182650 1928.0
1182660 1921.2
1182670 1921.2
1182680 1917.7
1182690 1915.9
1182700 1915.9
1182710 1913.4
1182720 1909.0
1182730 1909.0
1182740 1903.2
1182750 1896.8
1182760 1890.4
1182770 1890.4
1182780 1884.0
1182790 1877.9
1182800 1877.9
1182810 1871.7
1182820 1867.3
1182830 1867.3
1182840 1863.9
1182850 1863.0
1182860 1863.0
1182870 1861.4
1182880 1858.4
1182890 1858.4
1182900 1855.0
1182910 1851.4
1182920 1851.4
1182930 1847.5
1182940 1843.4
1182950 1839.2
1182960 1839.2
1182970 1835.1
1182980 1834.5
1182990 1834.5
1183000 1834.8
1183010 1834.3
1183020 1834.3
1183030 1833.8
1183040 1834.5
1183050 1834.5
1183060 1835.4
1183070 1836.0
1183080 1836.0
1183090 1836.7
1183100 1836.7
1183110 1836.7
1183120 1836.4
1183130 1836.8
1183140 1837.3
1183150 1837.3
1183160 1837.8
1183170 1838.5
1183180 1838.5
1183190 1838.4
1183200 1838.3
1183210 1838.3
1183220 1838.2
1183230 1839.5
1183240 1839.9
1183250 1841.8
1183260 1843.5
1183270 1843.5
1183280 1844.9
1183290 1846.1
1183300 1846.1
1183310 1847.1
1183320 1848.0
1183330 1848.0
1183340 1849.5
1183350 1850.2
1183360 1851.3
1183370 1851.3
1183380 1853.3
1183390 1855.7
1183400 1855.7
1183410 1857.4
1183420 1858.3
1183430 1858.3
1183440 1860.0
1183450 1861.6
1183460 1861.6
1183470 1863.8
1183480 1867.2
1183490 1867.2
1183500 1872.0
1183510 1876.9
1183520 1876.9
1183530 1882.3
1183540 1887.8
1183550 1893.4
1183560 1893.4
1183570 1898.9
1183580 1904.5
1183590 1904.5
1183600 1910.2
1183610 1916.0
1183620 1916.0
1183630 1921.7
1183640 1927.8
1183650 1927.8
1183660 1933.7
1183670 1939.7
1183680 1939.7
1183690 1945.6
1183700 1951.1
1183710 1951.1
1183720 1957.7
1183730 1964.1
1183740 1971.0
1183750 1971.0
1183760 1983.2
1183770 1997.8
1183780 1997.8
1183790 2005.6
1183800 2014.7
1183810 2014.7
1183820 2031.6
1183830 2052.2
1183840 2052.2
1183850 2072.2
1183860 2082.7
1183870 2082.7
1183880 2091.8
1183890 2101.2
1183900 2101.2
1183910 2112.7
1183920 2124.2
1183930 2139.3
1183940 2139.3
1183950 2154.2
1183960 2165.1
1183970 2165.1
1183980 2173.7
1183990 2183.0
1184000 2183.0
1184010 2190.7
1184020 2197.6
1184030 2197.6
1184040 2202.0
1184050 2203.2
1184060 2203.2
1184070 2203.4
1184080 2212.9
1184090 2212.9
1184100 2217.7
1184110 2223.8
1184120 2230.9
1184130 2230.9
1184140 2238.0
1184150 2245.4
1184160 2245.4
1184170 2254.4
1184180 2264.1
1184190 2264.1
1184200 2275.1
1184210 2285.2
1184220 2285.2
1184230 2294.0
1184240 2301.2
1184250 2301.2
1184260 2307.3
1184270 2313.7
1184280 2313.7
1184290 2322.6
1184300 2332.1
1184310 2340.4
1184320 2340.4
1184330 2349.2
1184340 2357.9
1184350 2357.9
1184360 2365.7
1184370 2373.9
1184380 2373.9
1184390 2381.9
1184400 2389.2
1184410 2389.2
1184420 2396.2
1184430 2403.1
1184440 2403.1
1184450 2410.2
1184460 2418.4
1184470 2418.4
1184480 2426.2
1184490 2433.1
1184500 2433.8
1184510 2433.8
1184520 2437.7
1184530 2444.0
1184540 2444.0
1184550 2450.8
1184560 2457.6
1184570 2457.6
1184580 2466.4
1184590 2477.7
1184600 2477.7
1184610 2485.0
1184620 2488.7
1184630 2488.7
1184640 2492.3
1184650 2496.9
1184660 2496.9
1184670 2501.6
1184680 2506.5
1184690 2506.5
1184700 2511.4
1184710 2516.0
1184720 2516.2
1184730 2516.2
1184740 2526.0
1184750 2531.4
1184760 2531.4
1184770 2536.5
1184780 2545.1
1184790 2545.1
1184800 2553.9
1184810 2562.6
1184820 2562.6
1184830 2571.4
1184840 2580.5
1184850 2580.5
1184860 2589.0
1184870 2597.2
1184880 2597.2
1184890 2605.4
1184900 2614.4
1184910 2624.0
1184920 2624.2
1184930 2631.4
1184940 2638.4
1184950 2638.4
1184960 2646.3
1184970 2654.5
1184980 2654.5
1184990 2662.3
1185000 2668.2
1185010 2668.2
1185020 2676.1
1185030 2684.9
1185040 2684.9
1185050 2692.5
1185060 2700.0
1185070 2700.0
1185080 2705.0
1185090 2709.8
1185100 2718.4
1185110 2718.4
1185120 2726.6
1185130 2734.3
1185140 2734.3
1185150 2744.2
1185160 2752.6
1185170 2752.6
1185180 2758.0
1185190 2767.6
1185200 2767.6
1185210 2776.9
1185220 2784.6
1185230 2784.6
1185240 2792.4
1185250 2800.7
1185260 2800.7
1185270 2810.4
1185280 2821.5
1185290 2833.3
1185300 2833.3
1185310 2845.2
1185320 2855.3
1185330 2855.3
1185340 2870.1
1185350 2880.8
1185360 2880.8
1185370 2888.5
1185380 2896.0
1185390 2896.0
1185400 2901.3
1185410 2907.6
1185420 2907.6
1185430 2914.3
1185440 2913.9
1185450 2913.9
1185460 2904.6
1185470 2893.8
1185480 2880.4
1185490 2880.4
1185500 2868.8
1185510 2861.8
1185520 2861.8
1185530 2860.6
1185540 2863.2
1185550 2863.2
1185560 2864.3
1185570 2861.7
1185580 2861.7
1185590 2854.3
1185600 2845.3
1185610 2845.3
1185620 2841.7
1185630 2846.5
1185640 2846.5
1185650 2852.7
1185660 2850.7
1185670 2845.5
1185680 2845.5
1185690 2842.1
1185700 2838.9
1185710 2838.9
1185720 2836.8
1185730 2835.8
1185740 2835.8
1185750 2834.0
1185760 2834.9
1185770 2834.9
1185780 2834.7
1185790 2832.5
1185800 2832.5
1185810 2831.8
1185820 2832.0
1185830 2832.0
1185840 2830.4
1185850 2829.7
1185860 2829.7
1185870 2832.3
1185880 2834.4
1185890 2836.8
1185900 2836.8
1185910 2840.1
1185920 2844.6
1185930 2844.6
1185940 2849.6
1185950 2855.6
1185960 2855.6
1185970 2862.6
1185980 2870.5
1185990 2870.5
1186000 2878.7
1186010 2883.5
1186020 2883.5
1186030 2880.0
1186040 2874.2
1186050 2874.2
1186060 2870.5
1186070 2868.7
1186080 2867.4
1186090 2867.4
1186100 2867.4
1186110 2867.2
1186120 2867.2
1186130 2867.0
1186140 2870.2
1186150 2870.2
1186160 2874.4
1186170 2877.3
1186180 2877.3
1186190 2882.5
1186200 2883.9
1186210 2883.9
1186220 2885.8
1186230 2888.0
1186240 2888.0
1186250 2889.9
1186260 2889.7
1186270 2888.9
1186280 2888.9
1186290 2888.5
1186300 2888.6
1186310 2888.6
1186320 2890.5
1186330 2891.0
1186340 2891.0
1186350 2894.0
1186360 2900.1
1186370 2900.1
1186380 2905.2
1186390 2907.1
1186400 2907.1
1186410 2909.8
1186420 2912.4
1186430 2912.4
1186440 2916.5
1186450 2923.2
1186460 2928.8
1186470 2928.8
1186480 2931.4
1186490 2938.1
1186500 2938.1
1186510 2944.5
1186520 2949.5
1186530 2949.5
1186540 2957.9
1186550 2963.2
1186560 2963.2
1186570 2969.4
1186580 2975.5
1186590 2975.5
1186600 2987.2
1186610 2996.9
1186620 2996.9
1186630 3006.3
1186640 3014.2
1186650 3018.5
1186660 3018.5
1186670 3025.4
1186680 3034.5
1186690 3034.5
1186700 3042.2
1186710 3039.4
1186720 3039.4
1186730 3034.3
1186740 3029.2
1186750 3029.2
1186760 3029.7
1186770 3021.6
1186780 3021.6
1186790 3013.9
1186800 3006.7
1186810 3006.7
1186820 3000.6
1186830 3001.1
1186840 3007.4
1186850 3007.4
1186860 3014.9
1186870 3017.5
1186880 3017.5
1186890 3016.5
1186900 3010.6
1186910 3010.6
1186920 2999.5
1186930 2990.4
1186940 2990.4
1186950 2986.7
1186960 2980.2
1186970 2980.2
1186980 2982.7
1186990 2982.7
1187000 2982.7
1187010 2981.2
1187020 2981.1
1187030 2981.1
1187040 2978.9
1187050 2981.3
1187060 2983.5
1187070 2983.5
1187080 2986.5
1187090 2986.9
1187100 2986.9
1187110 2987.8
1187120 2983.5
1187130 2983.5
1187140 2979.4
1187150 2979.7
1187160 2979.7
1187170 2978.3
1187180 2978.9
1187190 2978.9
1187200 2982.5
1187210 2985.6
1187220 2985.6
1187230 2988.0
1187240 2994.6
1187250 3004.7
1187260 3004.7
1187270 3005.9
1187280 2998.5
1187290 2998.5
1187300 2983.6
1187310 2969.9
1187320 2969.9
1187330 2960.9
1187340 2956.5
1187350 2956.5
1187360 2954.3
1187370 2951.2
1187380 2951.2
1187390 2948.1
1187400 2945.4
1187410 2945.4
1187420 2943.2
1187430 2941.6
1187440 2940.2
1187450 2940.2
1187460 2945.3
1187470 2940.1
1187480 2940.1
1187490 2936.8
1187500 2935.4
1187510 2935.4
1187520 2935.5
1187530 2933.8
1187540 2933.8
1187550 2930.7
1187560 2927.1
1187570 2927.1
1187580 2924.7
1187590 2924.1
1187600 2924.1
1187610 2921.8
1187620 2917.8
1187630 2914.7
1187640 2914.7
1187650 2909.2
1187660 2905.8
1187670 2905.8
1187680 2906.3
1187690 2911.1
1187700 2911.1
1187710 2908.8
1187720 2903.2
1187730 2903.2
1187740 2901.3
1187750 2896.2
1187760 2896.2
1187770 2891.6
1187780 2890.7
1187790 2890.7
1187800 2890.7
1187810 2888.9
1187820 2891.3
1187830 2891.3
1187840 2899.3
1187850 2906.6
1187860 2906.6
1187870 2905.8
1187880 2902.4
1187890 2889.7
1187900 2880.9
1187910 2869.1
1187920 2869.1
1187930 2862.3
1187940 2849.6
1187950 2849.6
1187960 2835.3
1187970 2827.2
1187980 2827.2
1187990 2820.9
1188000 2813.7
1188010 2807.8
1188020 2807.8
1188030 2801.6
1188040 2793.3
1188050 2793.3
1188060 2787.1
1188070 2779.6
1188080 2779.6
1188090 2768.7
1188100 2761.1
1188110 2761.1
1188120 2755.0
1188130 2749.6
1188140 2749.6
1188150 2743.9
1188160 2739.8
1188170 2739.8
1188180 2737.2
1188190 2734.9
1188200 2731.8
1188210 2731.8
1188220 2729.1
1188230 2727.8
1188240 2727.8
1188250 2727.5
1188260 2728.1
1188270 2728.1
1188280 2728.3
1188290 2727.0
1188300 2727.0
1188310 2724.5
1188320 2720.2
1188330 2720.2
1188340 2714.9
1188350 2708.2
1188360 2708.2
1188370 2702.7
1188380 2701.1
1188390 2701.1
1188400 2700.8
1188410 2699.8
1188420 2698.4
1188430 2698.4
1188440 2696.7
1188450 2694.6
1188460 2694.6
1188470 2694.8
1188480 2699.9
1188490 2699.9
1188500 2704.9
1188510 2705.9
1188520 2705.9
1188530 2705.6
1188540 2704.9
1188550 2704.9
1188560 2703.2
1188570 2700.8
1188580 2700.8
1188590 2697.5
1188600 2695.9
1188610 2694.7
1188620 2694.7
1188630 2691.9
1188640 2688.9
1188650 2688.9
1188660 2686.2
1188670 2683.6
1188680 2683.6
1188690 2682.1
1188700 2680.9
1188710 2680.9
1188720 2679.7
1188730 2678.7
1188740 2684.4
1188750 2682.6
1188760 2680.4
1188770 2680.4
1188780 2678.9
1188790 2677.3
1188800 2672.9
1188810 2672.9
1188820 2667.0
1188830 2661.6
1188840 2661.6
1188850 2656.2
1188860 2651.4
1188870 2651.4
1188880 2648.6
1188890 2648.0
1188900 2648.0
1188910 2647.1
1188920 2645.3
1188930 2645.3
1188940 2643.4
1188950 2643.0
1188960 2643.0
1188970 2644.6
1188980 2646.4
1188990 2646.4
1189000 2646.4
1189010 2646.7
1189020 2646.6
1189030 2646.6
1189040 2646.8
1189050 2646.3
1189060 2646.3
1189070 2646.0
1189080 2645.9
1189090 2645.9
1189100 2645.0
1189110 2644.6
1189120 2644.6
1189130 2643.4
1189140 2642.7
1189150 2642.7
1189160 2642.0
1189170 2646.6
1189180 2646.4
1189190 2646.4
1189200 2645.9
1189210 2646.0
1189220 2646.0
1189230 2646.4
1189240 2647.0
1189250 2647.0
1189260 2648.9
1189270 2650.4
1189280 2650.4
1189290 2651.7
1189300 2652.1
1189310 2652.1
1189320 2653.8
1189330 2655.5
1189340 2655.5
1189350 2657.3
1189360 2660.3
1189370 2663.9
1189380 2663.9
1189390 2667.5
1189400 2665.9
1189410 2665.9
1189420 2663.2
1189430 2662.8
1189440 2662.8
1189450 2663.1
1189460 2664.8
1189470 2664.8
1189480 2665.1
1189490 2664.2
1189500 2664.2
1189510 2662.8
1189520 2661.1
1189530 2661.1
1189540 2659.7
1189550 2658.9
1189560 2658.9
1189570 2658.1
1189580 2657.5
1189590 2656.5
1189600 2658.6
1189610 2657.2
1189620 2656.8
1189630 2656.8
1189640 2658.6
1189650 2659.9
1189660 2659.9
1189670 2660.0
1189680 2660.0
1189690 2660.0
1189700 2660.4
1189710 2661.3
1189720 2661.3
1189730 2663.0
1189740 2667.1
1189750 2667.1
1189760 2668.3
1189770 2665.9
1189780 2662.1
1189790 2662.1
1189800 2659.8
1189810 2659.4
1189820 2659.4
1189830 2660.6
1189840 2662.7
1189850 2662.7
1189860 2664.3
1189870 2666.0
1189880 2666.0
1189890 2667.4
1189900 2669.6
1189910 2669.6
1189920 2673.7
1189930 2679.3
1189940 2679.3
1189950 2685.2
1189960 2690.1
1189970 2693.5
1189980 2693.5
1189990 2695.2
1190000 2699.7
1190010 2699.7
1190020 2711.2
1190030 2718.1
1190040 2718.1
1190050 2726.0
1190060 2735.5
1190070 2735.5
1190080 2745.4
1190090 2753.1
1190100 2753.1
1190110 2758.4
1190120 2763.9
1190130 2763.9
1190140 2770.4
1190150 2775.9
1190160 2781.7
1190170 2781.7
1190180 2787.2
1190190 2795.6
1190200 2795.6
1190210 2801.2
1190220 2804.9
1190230 2804.9
1190240 2807.8
1190250 2805.2
1190260 2805.2
1190270 2799.2
1190280 2793.9
1190290 2793.9
1190300 2789.1
1190310 2785.4
1190320 2785.4
1190330 2785.3
1190340 2782.5
1190350 2776.5
1190360 2776.5
1190370 2770.3
1190380 2764.9
1190390 2764.9
1190400 2761.8
1190410 2759.5
1190420 2759.5
1190430 2758.8
1190440 2758.2
1190450 2764.5
1190460 2761.3
1190470 2758.6
1190480 2758.6
1190490 2757.1
1190500 2757.3
1190510 2757.3
1190520 2758.4
1190530 2759.2
1190540 2760.0
1190550 2760.0
1190560 2761.3
1190570 2763.6
1190580 2763.6
1190590 2768.2
1190600 2774.0
1190610 2774.0
1190620 2779.8
1190630 2786.5
1190640 2786.5
1190650 2794.7
1190660 2801.5
1190670 2801.5
1190680 2808.0
1190690 2813.2
1190700 2813.2
1190710 2816.8
1190720 2821.3
1190730 2824.4
1190740 2824.4
1190750 2827.2
1190760 2831.4
1190770 2831.4
1190780 2834.8
1190790 2838.0
1190800 2838.0
1190810 2842.6
1190820 2848.1
1190830 2848.1
1190840 2853.8
1190850 2861.8
1190860 2861.8
1190870 2872.7
1190880 2884.1
1190890 2884.1
1190900 2882.6
1190910 2878.8
1190920 2878.8
1190930 2876.3
1190940 2873.1
1190950 2868.9
1190960 2868.9
1190970 2866.2
1190980 2866.0
1190990 2866.0
1191000 2866.9
1191010 2867.6
1191020 2867.6
1191030 2869.3
1191040 2870.1
1191050 2870.1
1191060 2870.1
1191070 2873.8
1191080 2873.8
1191090 2874.6
1191100 2872.4
1191110 2872.4
1191120 2868.8
1191130 2866.5
1191140 2866.9
1191150 2866.9
1191160 2868.3
1191170 2870.1
1191180 2870.1
1191190 2871.6
1191200 2873.4
1191210 2873.4
1191220 2872.7
1191230 2868.8
1191240 2868.8
1191250 2867.0
1191260 2865.1
1191270 2865.1
1191280 2863.4
1191290 2859.9
1191300 2859.9
1191310 2847.2
1191320 2844.3
1191330 2843.4
1191340 2843.4
1191350 2844.2
1191360 2843.6
1191370 2843.6
1191380 2843.1
1191390 2842.8
1191400 2842.8
1191410 2839.4
1191420 2843.4
1191430 2843.4
1191440 2850.3
1191450 2850.2
1191460 2850.2
1191470 2846.4
1191480 2841.6
1191490 2841.6
1191500 2837.4
1191510 2833.6
1191520 2829.8
1191530 2829.8
1191540 2823.7
1191550 2820.3
1191560 2820.3
1191570 2820.4
1191580 2820.0
1191590 2820.0
1191600 2818.1
1191610 2812.6
1191620 2812.6
1191630 2808.8
1191640 2807.1
1191650 2807.1
1191660 2805.4
1191670 2804.5
1191680 2804.5
1191690 2804.1
1191700 2803.3
1191710 2803.1
1191720 2803.1
1191730 2804.0
1191740 2805.9
1191750 2799.0
1191760 2802.8
1191770 2808.8
1191780 2808.8
1191790 2810.6
1191800 2810.9
1191810 2810.9
1191820 2812.5
1191830 2814.0
1191840 2814.0
1191850 2815.9
1191860 2818.0
1191870 2818.0
1191880 2820.3
1191890 2815.4
1191900 2811.3
1191910 2811.3
1191920 2809.6
1191930 2803.8
1191940 2803.8
1191950 2800.0
1191960 2796.9
1191970 2796.9
1191980 2794.4
1191990 2792.5
1192000 2792.5
1192010 2790.1
1192020 2786.4
1192030 2786.4
1192040 2784.4
1192050 2784.3
1192060 2784.3
1192070 2785.3
1192080 2787.9
1192090 2787.9
1192100 2790.3
1192110 2789.6
1192120 2786.9
1192130 2786.9
1192140 2786.5
1192150 2786.4
1192160 2786.4
1192170 2781.7
1192180 2782.4
1192190 2782.4
1192200 2779.0
1192210 2775.6
1192220 2775.6
1192230 2771.5
1192240 2767.2
1192250 2767.2
1192260 2761.1
1192270 2755.1
1192280 2755.1
1192290 2749.8
1192300 2746.5
1192310 2744.8
1192320 2744.8
1192330 2739.0
1192340 2730.0
1192350 2730.0
1192360 2719.3
1192370 2711.9
1192380 2711.9
1192390 2706.5
1192400 2698.8
1192410 2698.8
1192420 2692.7
1192430 2688.1
1192440 2688.1
1192450 2684.2
1192460 2680.7
1192470 2680.7
1192480 2677.6
1192490 2672.9
1192500 2669.5
1192510 2669.5
1192520 2666.5
1192530 2662.6
1192540 2662.6
1192550 2658.8
1192560 2655.7
1192570 2655.7
1192580 2653.0
1192590 2650.5
1192600 2650.5
1192610 2649.2
1192620 2646.3
1192630 2646.3
1192640 2642.9
1192650 2638.7
1192660 2638.7
1192670 2635.6
1192680 2632.2
1192690 2627.8
1192700 2627.8
1192710 2623.8
1192720 2619.3
1192730 2619.3
1192740 2615.1
1192750 2611.9
1192760 2611.9
1192770 2610.2
1192780 2608.9
1192790 2608.9
1192800 2607.4
1192810 2605.2
1192820 2605.2
1192830 2602.7
1192840 2601.0
1192850 2601.0
1192860 2598.5
1192870 2595.2
1192880 2592.7
1192890 2592.7
1192900 2590.2
1192910 2586.8
1192920 2586.8
1192930 2585.2
1192940 2585.9
1192950 2585.9
1192960 2585.5
1192970 2584.5
1192980 2584.5
1192990 2583.1
1193000 2580.9
1193010 2580.9
1193020 2577.7
1193030 2575.0
1193040 2576.4
1193050 2574.4
1193060 2571.5
1193070 2568.6
1193080 2568.6
1193090 2566.0
1193100 2563.8
1193110 2563.8
1193120 2560.3
1193130 2557.0
1193140 2557.0
1193150 2553.4
1193160 2549.9
1193170 2549.9
1193180 2546.1
1193190 2542.2
1193200 2542.2
1193210 2538.7
1193220 2535.1
1193230 2535.1
1193240 2532.2
1193250 2529.0
1193260 2525.5
1193270 2525.5
1193280 2522.3
1193290 2520.3
1193300 2520.3
1193310 2519.5
1193320 2518.2
1193330 2518.2
1193340 2516.2
1193350 2514.1
1193360 2514.1
1193370 2512.0
1193380 2510.8
1193390 2510.8
1193400 2509.0
1193410 2506.0
1193420 2506.0
1193430 2502.1
1193440 2500.0
1193450 2500.0
1193460 2498.9
1193470 2498.1
1193480 2505.0
1193490 2505.0
1193500 2502.5
1193510 2499.3
1193520 2499.3
1193530 2495.7
1193540 2492.1
1193550 2492.1
1193560 2488.8
1193570 2486.9
1193580 2486.9
1193590 2481.9
1193600 2473.3
1193610 2473.3
1193620 2464.2
1193630 2455.5
1193640 2455.5
1193650 2449.5
1193660 2442.4
1193670 2435.9
1193680 2435.9
1193690 2430.8
1193700 2427.5
1193710 2427.5
1193720 2424.1
1193730 2420.3
1193740 2420.3
1193750 2417.0
1193760 2414.2
1193770 2414.2
1193780 2411.7
1193790 2410.7
1193800 2410.7
1193810 2410.8
1193820 2410.7
1193830 2410.7
1193840 2409.3
1193850 2407.1
1193860 2404.7
1193870 2404.7
1193880 2402.2
1193890 2398.7
1193900 2398.7
1193910 2402.7
1193920 2398.9
1193930 2398.9
1193940 2396.1
1193950 2393.7
1193960 2393.7
1193970 2391.5
1193980 2389.2
1193990 2389.2
1194000 2385.8
1194010 2382.4
1194020 2382.4
1194030 2379.1
1194040 2375.6
1194050 2371.2
1194060 2371.2
1194070 2367.9
1194080 2366.1
1194090 2366.1
1194100 2365.8
1194110 2362.8
1194120 2362.8
1194130 2357.1
1194140 2349.1
1194150 2349.1
1194160 2336.5
1194170 2325.7
1194180 2325.7
1194190 2317.8
1194200 2306.3
1194210 2306.3
1194220 2296.7
1194230 2289.8
1194240 2284.6
1194250 2284.6
1194260 2273.1
1194270 2262.9
1194280 2262.9
1194290 2251.8
1194300 2246.4
1194310 2246.4
1194320 2245.7
1194330 2239.8
1194340 2239.8
1194350 2237.2
1194360 2226.2
1194370 2226.2
1194380 2211.6
1194390 2198.9
1194400 2198.9
1194410 2188.0
1194420 2176.0
1194430 2164.7
1194440 2164.7
1194450 2155.1
1194460 2146.5
1194470 2146.5
1194480 2139.0
1194490 2132.0
1194500 2132.0
1194510 2125.6
1194520 2118.6
1194530 2118.6
1194540 2112.5
1194550 2104.6
1194560 2104.6
1194570 2093.9
1194580 2085.5
1194590 2085.5
1194600 2077.5
1194610 2069.6
1194620 2062.6
1194630 2062.6
1194640 2055.1
1194650 2047.2
1194660 2047.2
1194670 2039.3
1194680 2033.7
1194690 2033.7
1194700 2028.0
1194710 2020.0
1194720 2020.0
1194730 2012.3
1194740 2004.3
1194750 2004.3
1194760 1993.8
1194770 1984.3
1194780 1987.1
1194790 1977.6
1194800 1965.9
1194810 1965.9
1194820 1961.9
1194830 1962.7
1194840 1956.5
1194850 1956.5
1194860 1944.1
1194870 1928.3
1194880 1928.3
1194890 1915.2
1194900 1901.5
1194910 1901.5
1194920 1890.3
1194930 1883.1
1194940 1883.1
1194950 1876.5
1194960 1869.2
1194970 1869.2
1194980 1861.7
1194990 1855.6
1195000 1855.6
1195010 1850.3
1195020 1842.3
1195030 1832.2
1195040 1832.2
1195050 1826.0
1195060 1820.0
1195070 1820.0
1195080 1813.8
1195090 1807.3
1195100 1807.3
1195110 1801.3
1195120 1796.4
1195130 1796.4
1195140 1791.8
1195150 1786.9
1195160 1786.9
1195170 1782.2
1195180 1778.1
1195190 1778.1
1195200 1774.6
1195210 1772.3
1195220 1769.9
1195230 1769.9
1195240 1766.7
1195250 1764.5
1195260 1764.5
1195270 1763.6
1195280 1761.2
1195290 1761.2
1195300 1759.7
1195310 1759.3
1195320 1759.3
1195330 1759.3
1195340 1759.3
1195350 1759.3
1195360 1759.4
1195370 1760.9
1195380 1760.9
1195390 1763.2
1195400 1764.7
1195410 1765.4
1195420 1765.4
1195430 1769.6
1195440 1773.1
1195450 1773.1
1195460 1773.7
1195470 1774.0
1195480 1774.0
1195490 1774.5
1195500 1775.7
1195510 1775.7
1195520 1776.0
1195530 1776.4
1195540 1776.4
1195550 1778.6
1195560 1781.5
1195570 1781.5
1195580 1785.0
1195590 1788.9
1195600 1792.8
1195610 1792.8
1195620 1797.5
1195630 1802.6
1195640 1802.6
1195650 1808.0
1195660 1811.7
1195670 1811.7
1195680 1822.5
1195690 1832.6
1195700 1832.6
1195710 1840.4
1195720 1843.4
1195730 1843.4
1195740 1846.6
1195750 1850.7
1195760 1850.7
1195770 1855.9
1195780 1861.4
1195790 1866.9
1195800 1866.9
1195810 1872.3
1195820 1877.8
1195830 1877.8
1195840 1883.3
1195850 1888.8
1195860 1888.8
1195870 1894.5
1195880 1900.0
1195890 1900.0
1195900 1905.6
1195910 1911.3
1195920 1911.3
1195930 1917.1
1195940 1922.7
1195950 1922.7
1195960 1928.7
1195970 1935.8
1195980 1935.8
1195990 1942.9
1196000 1949.8
1196010 1956.4
1196020 1956.4
1196030 1962.7
1196040 1970.1
1196050 1970.1
1196060 1978.0
1196070 1985.8
1196080 1985.8
1196090 1993.0
1196100 1995.4
1196110 1995.4
1196120 2002.2
1196130 2009.3
1196140 2009.3
1196150 2016.6
1196160 2024.5
1196170 2024.5
1196180 2032.5
1196190 2040.7
1196200 2049.3
1196210 2049.3
1196220 2057.3
1196230 2065.5
1196240 2065.5
1196250 2073.8
1196260 2082.0
1196270 2082.0
1196280 2091.3
1196290 2101.0
1196300 2101.0
1196310 2113.1
1196320 2125.5
1196330 2125.5
1196340 2137.9
1196350 2147.2
1196360 2147.2
1196370 2154.6
1196380 2163.1
1196390 2175.4
1196400 2175.4
1196410 2186.2
1196420 2192.4
1196430 2192.4
1196440 2204.9
1196450 2215.7
1196460 2215.7
1196470 2224.8
1196480 2233.9
1196490 2233.9
1196500 2245.5
1196510 2258.3
1196520 2258.3
1196530 2283.2
1196540 2300.2
1196550 2300.2
1196560 2312.0
1196570 2320.2
1196580 2327.2
1196590 2327.2
1196600 2333.2
1196610 2338.1
1196620 2338.1
1196630 2342.2
1196640 2348.2
1196650 2348.2
1196660 2357.1
1196670 2365.9
1196680 2365.9
1196690 2372.0
1196700 2378.2
1196710 2378.2
1196720 2385.1
1196730 2393.8
1196740 2393.8
1196750 2403.4
1196760 2409.9
1196770 2416.0
1196780 2416.0
1196790 2422.1
1196800 2427.7
1196810 2427.7
1196820 2433.4
1196830 2439.7
1196840 2439.7
1196850 2442.8
1196860 2446.7
1196870 2446.7
1196880 2451.7
1196890 2456.8
1196900 2456.8
1196910 2462.4
1196920 2468.7
1196930 2468.7
1196940 2475.2
1196950 2481.9
1196960 2489.4
1196970 2486.7
1196980 2496.5
1196990 2508.2
1197000 2508.2
1197010 2516.9
1197020 2523.7
1197030 2523.7
1197040 2531.0
1197050 2539.5
1197060 2539.5
1197070 2548.0
1197080 2555.6
1197090 2555.6
1197100 2564.0
1197110 2573.3
1197120 2573.3
1197130 2582.7
1197140 2591.2
1197150 2599.4
1197160 2599.4
1197170 2606.0
1197180 2611.9
1197190 2611.9
1197200 2618.0
1197210 2625.6
1197220 2625.6
1197230 2633.9
1197240 2639.2
1197250 2639.2
1197260 2644.5
1197270 2652.9
1197280 2652.9
1197290 2661.1
1197300 2669.5
1197310 2669.5
1197320 2678.5
1197330 2688.3
1197340 2688.3
1197350 2698.3
1197360 2705.3
1197370 2710.9
1197380 2710.9
1197390 2715.5
1197400 2719.4
1197410 2712.7
1197420 2716.8
1197430 2722.3
1197440 2722.3
1197450 2728.2
1197460 2733.7
1197470 2733.7
1197480 2739.1
1197490 2745.5
1197500 2745.5
1197510 2753.2
1197520 2762.1
1197530 2762.1
1197540 2770.7
1197550 2778.7
1197560 2786.4
1197570 2786.4
1197580 2794.0
1197590 2802.1
1197600 2802.1
1197610 2810.2
1197620 2817.9
1197630 2817.9
1197640 2826.4
1197650 2834.7
1197660 2834.7
1197670 2842.2
1197680 2847.7
1197690 2847.7
1197700 2852.4
1197710 2857.6
1197720 2857.6
1197730 2861.6
1197740 2861.5
1197750 2860.5
1197760 2860.5
1197770 2860.3
1197780 2862.8
1197790 2862.8
1197800 2864.6
1197810 2863.2
1197820 2863.2
1197830 2861.6
1197840 2859.7
1197850 2858.6
1197860 2857.3
1197870 2857.7
1197880 2857.7
1197890 2858.2
1197900 2859.1
1197910 2859.1
1197920 2859.0
1197930 2859.1
1197940 2859.7
1197950 2859.7
1197960 2861.0
1197970 2862.6
1197980 2862.6
1197990 2864.8
1198000 2866.8
1198010 2866.8
1198020 2869.6
1198030 2874.5
1198040 2874.5
1198050 2878.9
1198060 2882.6
1198070 2882.6
1198080 2883.3
1198090 2880.7
1198100 2880.7
1198110 2878.3
1198120 2879.1
1198130 2877.1
1198140 2877.1
1198150 2875.6
1198160 2876.7
1198170 2876.7
1198180 2881.8
1198190 2886.1
1198200 2886.1
1198210 2888.7
1198220 2892.9
1198230 2892.9
1198240 2894.3
1198250 2894.6
1198260 2894.6
1198270 2899.2
1198280 2905.3
1198290 2895.0
1198300 2898.8
1198310 2901.6
1198320 2905.6
1198330 2905.6
1198340 2910.5
1198350 2915.6
1198360 2915.6
1198370 2922.9
1198380 2932.4
1198390 2932.4
1198400 2944.0
1198410 2955.4
1198420 2955.4
1198430 2969.5
1198440 2976.4
1198450 2976.4
1198460 2981.8
1198470 2986.4
1198480 2986.4
1198490 2989.3
1198500 2993.2
1198510 2997.5
1198520 2997.5
1198530 3001.0
1198540 3004.0
1198550 3004.0
1198560 3006.6
1198570 3008.8
1198580 3008.8
1198590 3012.0
1198600 3016.2
1198610 3016.2
1198620 3020.1
1198630 3026.4
1198640 3026.4
1198650 3033.9
1198660 3040.1
1198670 3040.1
1198680 3049.7
1198690 3062.2
1198700 3062.2
1198710 3070.4
1198720 3078.3
1198730 3090.2
1198740 3089.2
1198750 3097.7
1198760 3104.2
1198770 3104.2
1198780 3109.8
1198790 3117.2
1198800 3117.2
1198810 3127.6
1198820 3137.9
1198830 3137.9
1198840 3152.3
1198850 3165.7
1198860 3165.7
1198870 3172.7
1198880 3178.0
1198890 3178.0
1198900 3184.4
1198910 3192.9
1198920 3199.2
1198930 3199.2
1198940 3204.8
1198950 3209.8
1198960 3209.8
1198970 3215.7
1198980 3221.1
1198990 3221.1
1199000 3229.5
1199010 3242.9
1199020 3242.9
1199030 3255.5
1199040 3264.3
1199050 3264.3
1199060 3271.9
1199070 3279.8
1199080 3279.8
1199090 3287.4
1199100 3295.0
1199110 3303.6
1199120 3303.6
1199130 3310.6
1199140 3319.3
1199150 3319.3
1199160 3330.1
1199170 3342.7
1199180 3340.7
1199190 3352.3
1199200 3363.1
1199210 3363.1
1199220 3372.2
1199230 3380.9
1199240 3380.9
1199250 3391.6
1199260 3405.5
1199270 3405.5
1199280 3419.5
1199290 3417.5
1199300 3408.3
1199310 3408.3
1199320 3410.1
1199330 3403.7
1199340 3403.7
1199350 3384.5
1199360 3367.8
1199370 3367.8
1199380 3356.1
1199390 3342.5
1199400 3342.5
1199410 3326.7
1199420 3309.4
1199430 3309.4
1199440 3296.7
1199450 3288.1
1199460 3288.1
1199470 3273.3
1199480 3261.2
1199490 3251.7
1199500 3251.7
1199510 3239.3
1199520 3223.1
1199530 3223.1
1199540 3209.0
1199550 3196.8
1199560 3196.8
1199570 3188.5
1199580 3180.9
1199590 3180.9
1199600 3174.1
1199610 3168.5
1199620 3165.4
1199630 3160.7
1199640 3156.2
1199650 3156.2
1199660 3151.2
1199670 3146.0
1199680 3140.2
1199690 3140.2
1199700 3134.5
1199710 3128.3
1199720 3128.3
1199730 3122.3
1199740 3116.7
1199750 3116.7
1199760 3110.4
1199770 3104.3
1199780 3104.3
1199790 3097.9
1199800 3092.5
1199810 3092.5
1199820 3087.4
1199830 3083.0
1199840 3083.0
1199850 3078.6
1199860 3073.8
1199870 3070.0
1199880 3070.0
1199890 3066.6
1199900 3063.3
1199910 3063.3
1199920 3059.5
1199930 3056.9
1199940 3056.9
1199950 3055.1
1199960 3053.3
1199970 3053.3
1199980 3051.4
1199990 3049.6
