1180000 2038.4
1180010 2035.5
1180020 2035.5
1180030 2032.4
1180040 2028.4
1180050 2024.0
1180060 2024.0
1180070 2020.6
1180080 2024.6
1180090 2024.6
1180100 2024.2
1180110 2024.4
1180120 2024.4
1180130 2024.0
1180140 2021.3
1180150 2021.3
1180160 2018.0
1180170 2013.3
1180180 2013.3
1180190 2007.9
1180200 2005.5
1180210 2005.5
1180220 2004.6
1180230 2002.1
1180240 1999.7
1180250 1999.7
1180260 1997.8
1180270 1996.9
1180280 1996.9
1180290 1996.5
1180300 2000.3
1180310 2000.3
1180320 2004.4
1180330 2006.5
1180340 2006.5
1180350 2005.4
1180360 2004.1
1180370 2004.1
1180380 2003.3
1180390 2000.8
1180400 2000.8
1180410 1996.8
1180420 1991.8
1180430 1987.0
1180440 1987.0
1180450 1980.2
1180460 1971.3
1180470 1971.3
1180480 1965.5
1180490 1973.0
1180500 1973.0
1180510 1974.5
1180520 1975.0
1180530 1975.0
1180540 1973.3
1180550 1970.7
1180560 1970.7
1180570 1963.9
1180580 1955.5
1180590 1955.5
1180600 1950.1
1180610 1945.9
1180620 1945.9
1180630 1941.5
1180640 1938.0
1180650 1933.5
1180660 1933.5
1180670 1930.4
1180680 1928.9
1180690 1928.9
1180700 1927.5
1180710 1925.6
1180720 1925.6
1180730 1922.6
1180740 1920.0
1180750 1920.0
1180760 1916.7
1180770 1912.2
1180780 1912.2
1180790 1908.1
1180800 1904.8
1180810 1904.8
1180820 1902.8
1180830 1899.9
1180840 1894.9
1180850 1894.9
1180860 1888.9
1180870 1884.7
1180880 1884.7
1180890 1882.4
1180900 1881.1
1180910 1885.5
1180920 1882.8
1180930 1879.6
1180940 1879.6
1180950 1875.9
1180960 1872.4
1180970 1872.4
1180980 1869.3
1180990 1866.0
1181000 1866.0
1181010 1862.5
1181020 1858.9
1181030 1854.6
1181040 1854.6
1181050 1848.9
1181060 1847.3
1181070 1847.3
1181080 1851.2
1181090 1849.7
1181100 1849.7
1181110 1848.7
1181120 1850.0
1181130 1850.0
1181140 1852.8
1181150 1855.7
1181160 1855.7
1181170 1859.4
1181180 1859.9
1181190 1859.9
1181200 1857.7
1181210 1855.5
1181220 1853.9
1181230 1853.9
1181240 1853.0
1181250 1852.8
1181260 1852.8
1181270 1853.1
1181280 1851.7
1181290 1851.7
1181300 1849.2
1181310 1845.6
1181320 1845.6
1181330 1837.7
1181340 1830.3
1181350 1830.3
1181360 1824.6
1181370 1822.2
1181380 1822.2
1181390 1821.3
1181400 1820.4
1181410 1819.0
1181420 1819.0
1181430 1819.1
1181440 1818.4
1181450 1818.4
1181460 1815.8
1181470 1813.4
1181480 1813.4
1181490 1811.5
1181500 1810.2
1181510 1810.2
1181520 1808.8
1181530 1807.3
1181540 1807.3
1181550 1806.0
1181560 1804.8
1181570 1804.8
1181580 1803.0
1181590 1801.2
1181600 1801.2
1181610 1800.0
1181620 1798.4
1181630 1796.5
1181640 1796.5
1181650 1795.3
1181660 1794.5
1181670 1794.5
1181680 1792.7
1181690 1790.3
1181700 1790.3
1181710 1787.7
1181720 1785.9
1181730 1785.9
1181740 1788.3
1181750 1787.8
1181760 1787.8
1181770 1787.3
1181780 1787.4
1181790 1787.4
1181800 1787.1
1181810 1785.7
1181820 1784.5
1181830 1784.5
1181840 1783.9
1181850 1783.1
1181860 1783.1
1181870 1782.1
1181880 1780.4
1181890 1780.4
1181900 1777.2
1181910 1772.9
1181920 1772.9
1181930 1768.5
1181940 1765.2
1181950 1765.2
1181960 1763.5
1181970 1763.2
1181980 1763.2
1181990 1764.0
1182000 1765.2
1182010 1769.0
1182020 1769.0
1182030 1773.7
1182040 1776.6
1182050 1776.6
1182060 1777.3
1182070 1777.5
1182080 1777.5
1182090 1777.8
1182100 1778.1
1182110 1778.1
1182120 1778.3
1182130 1778.6
1182140 1778.6
1182150 1778.9
1182160 1779.5
1182170 1779.5
1182180 1780.3
1182190 1782.0
1182200 1783.6
1182210 1783.6
1182220 1785.3
1182230 1786.9
1182240 1786.9
1182250 1788.7
1182260 1790.4
1182270 1790.4
1182280 1792.1
1182290 1793.9
1182300 1793.9
1182310 1795.6
1182320 1796.4
1182330 1796.4
1182340 1797.7
1182350 1799.2
1182360 1799.2
1182370 1800.5
1182380 1801.6
1182390 1803.0
1182400 1803.0
1182410 1804.4
1182420 1805.8
1182430 1805.8
1182440 1807.4
1182450 1809.2
1182460 1809.2
1182470 1811.3
1182480 1814.1
1182490 1814.1
1182500 1816.7
1182510 1819.1
1182520 1819.1
1182530 1821.7
1182540 1822.7
1182550 1822.7
1182560 1824.7
1182570 1827.2
1182580 1829.5
1182590 1829.5
1182600 1832.3
1182610 1834.8
1182620 1834.8
1182630 1836.9
1182640 1839.4
1182650 1839.4
1182660 1842.3
1182670 1845.2
1182680 1845.2
1182690 1848.2
1182700 1851.1
1182710 1851.1
1182720 1854.0
1182730 1856.7
1182740 1856.7
1182750 1859.2
1182760 1861.8
1182770 1861.8
1182780 1864.7
1182790 1867.0
1182800 1869.0
1182810 1869.0
1182820 1871.1
1182830 1873.1
1182840 1873.1
1182850 1874.3
1182860 1875.6
1182870 1875.6
1182880 1879.8
1182890 1886.1
1182900 1886.1
1182910 1891.7
1182920 1896.8
1182930 1896.8
1182940 1901.4
1182950 1906.6
1182960 1906.6
1182970 1912.0
1182980 1916.6
1182990 1920.9
1183000 1919.0
1183010 1924.6
1183020 1930.8
1183030 1930.8
1183040 1936.4
1183050 1939.4
1183060 1939.4
1183070 1941.4
1183080 1945.0
1183090 1945.0
1183100 1949.0
1183110 1950.7
1183120 1950.7
1183130 1952.0
1183140 1953.2
1183150 1953.2
1183160 1955.0
1183170 1959.8
1183180 1967.0
1183190 1967.0
1183200 1974.5
1183210 1981.4
1183220 1981.4
1183230 1988.6
1183240 1995.8
1183250 1995.8
1183260 2001.0
1183270 2005.0
1183280 2005.0
1183290 2008.8
1183300 2012.5
1183310 2012.5
1183320 2016.5
1183330 2019.5
1183340 2019.5
1183350 2019.7
1183360 2020.0
1183370 2020.8
1183380 2020.8
1183390 2019.3
1183400 2017.6
1183410 2017.6
1183420 2008.5
1183430 2008.3
1183440 2008.3
1183450 2008.6
1183460 2010.0
1183470 2010.0
1183480 2011.4
1183490 2012.4
1183500 2012.4
1183510 2012.6
1183520 2013.0
1183530 2013.0
1183540 2014.3
1183550 2014.8
1183560 2016.3
1183570 2016.3
1183580 2019.7
1183590 2024.0
1183600 2024.0
1183610 2026.5
1183620 2028.3
1183630 2028.3
1183640 2030.4
1183650 2032.8
1183660 2032.8
1183670 2035.6
1183680 2039.1
1183690 2039.1
1183700 2042.6
1183710 2045.9
1183720 2045.9
1183730 2049.2
1183740 2053.0
1183750 2053.0
1183760 2057.3
1183770 2063.4
1183780 2070.3
1183790 2070.3
1183800 2076.6
1183810 2081.8
1183820 2081.8
1183830 2087.2
1183840 2097.0
1183850 2097.0
1183860 2102.6
1183870 2107.7
1183880 2107.7
1183890 2111.8
1183900 2115.4
1183910 2115.4
1183920 2119.2
1183930 2124.2
1183940 2124.2
1183950 2129.9
1183960 2134.9
1183970 2140.0
1183980 2140.0
1183990 2144.3
1184000 2149.5
1184010 2149.5
1184020 2156.0
1184030 2163.1
1184040 2163.1
1184050 2170.2
1184060 2176.9
1184070 2176.9
1184080 2183.6
1184090 2190.5
1184100 2190.5
1184110 2197.0
1184120 2201.8
1184130 2201.8
1184140 2205.4
1184150 2209.1
1184160 2213.6
1184170 2213.6
1184180 2218.0
1184190 2221.7
1184200 2221.7
1184210 2224.7
1184220 2227.3
1184230 2227.3
1184240 2230.1
1184250 2232.8
1184260 2231.6
1184270 2233.7
1184280 2235.9
1184290 2235.9
1184300 2238.6
1184310 2241.9
1184320 2241.9
1184330 2246.3
1184340 2251.5
1184350 2256.9
1184360 2256.9
1184370 2262.2
1184380 2267.5
1184390 2267.5
1184400 2272.6
1184410 2277.4
1184420 2277.4
1184430 2282.1
1184440 2287.1
1184450 2287.1
1184460 2292.4
1184470 2297.8
1184480 2297.8
1184490 2303.5
1184500 2309.1
1184510 2309.1
1184520 2314.8
1184530 2320.7
1184540 2326.4
1184550 2326.4
1184560 2331.9
1184570 2337.2
1184580 2337.2
1184590 2342.1
1184600 2345.8
1184610 2345.8
1184620 2349.2
1184630 2352.9
1184640 2352.9
1184650 2357.2
1184660 2362.6
1184670 2362.6
1184680 2374.9
1184690 2382.7
1184700 2382.7
1184710 2389.9
1184720 2397.0
1184730 2397.0
1184740 2405.0
1184750 2407.5
1184760 2408.0
1184770 2408.0
1184780 2412.6
1184790 2415.2
1184800 2415.2
1184810 2424.5
1184820 2433.4
1184830 2433.4
1184840 2438.5
1184850 2439.7
1184860 2439.7
1184870 2437.4
1184880 2438.0
1184890 2438.0
1184900 2442.0
1184910 2446.3
1184920 2446.3
1184930 2447.6
1184940 2448.6
1184950 2450.8
1184960 2450.8
1184970 2454.7
1184980 2458.8
1184990 2458.8
1185000 2462.3
1185010 2465.7
1185020 2465.7
1185030 2471.9
1185040 2479.7
1185050 2479.7
1185060 2483.8
1185070 2487.4
1185080 2487.4
1185090 2488.7
1185100 2495.5
1185110 2495.5
1185120 2496.7
1185130 2501.3
1185140 2511.0
1185150 2511.0
1185160 2517.1
1185170 2518.6
1185180 2518.6
1185190 2520.8
1185200 2523.1
1185210 2523.1
1185220 2528.3
1185230 2534.2
1185240 2534.2
1185250 2541.5
1185260 2550.6
1185270 2550.6
1185280 2559.9
1185290 2566.4
1185300 2566.4
1185310 2569.7
1185320 2568.4
1185330 2569.3
1185340 2569.3
1185350 2572.1
1185360 2574.8
1185370 2574.8
1185380 2581.7
1185390 2590.6
1185400 2590.6
1185410 2599.3
1185420 2606.1
1185430 2606.1
1185440 2612.0
1185450 2615.1
1185460 2615.1
1185470 2612.5
1185480 2606.7
1185490 2606.7
1185500 2600.3
1185510 2592.7
1185520 2586.9
1185530 2586.9
1185540 2576.0
1185550 2564.5
1185560 2564.5
1185570 2556.6
1185580 2553.4
1185590 2553.4
1185600 2553.1
1185610 2551.9
1185620 2551.9
1185630 2549.4
1185640 2548.1
1185650 2548.1
1185660 2549.2
1185670 2549.2
1185680 2549.2
1185690 2549.6
1185700 2549.5
1185710 2549.5
1185720 2548.8
1185730 2549.0
1185740 2551.7
1185750 2551.7
1185760 2551.7
1185770 2550.8
1185780 2550.8
1185790 2551.8
1185800 2553.0
1185810 2553.0
1185820 2555.3
1185830 2556.9
1185840 2556.9
1185850 2558.9
1185860 2562.4
1185870 2562.4
1185880 2566.9
1185890 2571.8
1185900 2571.8
1185910 2577.2
1185920 2583.5
1185930 2590.1
1185940 2590.1
1185950 2599.4
1185960 2606.1
1185970 2606.1
1185980 2612.9
1185990 2619.7
1186000 2619.7
1186010 2626.7
1186020 2633.8
1186030 2633.8
1186040 2641.7
1186050 2649.3
1186060 2649.3
1186070 2656.5
1186080 2663.4
1186090 2663.4
1186100 2670.1
1186110 2674.9
1186120 2677.6
1186130 2677.6
1186140 2682.7
1186150 2688.2
1186160 2688.2
1186170 2691.9
1186180 2696.3
1186190 2696.3
1186200 2703.0
1186210 2708.2
1186220 2708.2
1186230 2709.7
1186240 2709.9
1186250 2709.9
1186260 2710.1
1186270 2711.2
1186280 2711.2
1186290 2712.5
1186300 2713.5
1186310 2714.0
1186320 2714.0
1186330 2714.4
1186340 2715.6
1186350 2715.6
1186360 2717.8
1186370 2722.2
1186380 2722.2
1186390 2728.9
1186400 2734.8
1186410 2734.8
1186420 2741.1
1186430 2749.2
1186440 2749.2
1186450 2759.7
1186460 2768.5
1186470 2768.5
1186480 2779.5
1186490 2790.2
1186500 2795.3
1186510 2795.3
1186520 2801.9
1186530 2805.5
1186540 2805.5
1186550 2808.2
1186560 2811.5
1186570 2811.5
1186580 2816.4
1186590 2826.4
1186600 2826.4
1186610 2836.2
1186620 2844.1
1186630 2844.1
1186640 2851.8
1186650 2856.3
1186660 2856.3
1186670 2860.9
1186680 2868.8
1186690 2877.8
1186700 2877.8
1186710 2890.9
1186720 2905.3
1186730 2905.3
1186740 2915.2
1186750 2917.0
1186760 2917.0
1186770 2914.2
1186780 2915.3
1186790 2924.1
1186800 2930.2
1186810 2938.6
1186820 2938.6
1186830 2947.2
1186840 2949.2
1186850 2949.2
1186860 2950.3
1186870 2951.0
1186880 2951.0
1186890 2955.5
1186900 2961.3
1186910 2970.1
1186920 2970.1
1186930 2982.7
1186940 2988.2
1186950 2988.2
1186960 3000.0
1186970 3013.7
1186980 3013.7
1186990 3025.6
1187000 3024.6
1187010 3024.6
1187020 3014.3
1187030 2998.7
1187040 2998.7
1187050 2985.0
1187060 2968.8
1187070 2968.8
1187080 2958.4
1187090 2949.5
1187100 2940.1
1187110 2940.1
1187120 2933.7
1187130 2929.0
1187140 2929.0
1187150 2924.1
1187160 2918.2
1187170 2918.2
1187180 2912.8
1187190 2908.1
1187200 2908.1
1187210 2905.4
1187220 2904.5
1187230 2904.5
1187240 2904.2
1187250 2903.0
1187260 2903.0
1187270 2901.0
1187280 2897.7
1187290 2891.8
1187300 2891.8
1187310 2884.0
1187320 2875.7
1187330 2875.7
1187340 2867.9
1187350 2860.9
1187360 2860.9
1187370 2854.4
1187380 2849.7
1187390 2849.7
1187400 2847.3
1187410 2844.2
1187420 2844.2
1187430 2840.5
1187440 2833.5
1187450 2833.5
1187460 2824.3
1187470 2815.9
1187480 2809.3
1187490 2809.3
1187500 2802.5
1187510 2795.6
1187520 2795.6
1187530 2789.4
1187540 2783.0
1187550 2783.0
1187560 2777.0
1187570 2773.2
1187580 2773.2
1187590 2770.1
1187600 2767.0
1187610 2767.0
1187620 2765.2
1187630 2763.3
1187640 2763.3
1187650 2764.5
1187660 2763.3
1187670 2761.8
1187680 2761.8
1187690 2760.5
1187700 2759.5
1187710 2759.5
1187720 2758.2
1187730 2756.9
1187740 2756.9
1187750 2755.6
1187760 2753.9
1187770 2753.9
1187780 2752.8
1187790 2752.5
1187800 2752.5
1187810 2752.2
1187820 2750.8
1187830 2750.8
1187840 2749.5
1187850 2748.4
1187860 2748.4
1187870 2747.2
1187880 2745.5
1187890 2744.6
1187900 2744.6
1187910 2743.5
1187920 2742.1
1187930 2742.1
1187940 2740.3
1187950 2737.9
1187960 2737.9
1187970 2735.1
1187980 2731.9
1187990 2731.9
1188000 2729.3
1188010 2727.9
1188020 2727.9
1188030 2726.2
1188040 2724.4
1188050 2724.4
1188060 2722.6
1188070 2717.8
1188080 2715.9
1188090 2715.9
1188100 2714.3
1188110 2713.7
1188120 2713.7
1188130 2713.0
1188140 2712.6
1188150 2712.6
1188160 2714.1
1188170 2715.4
1188180 2715.4
1188190 2716.3
1188200 2717.0
1188210 2717.0
1188220 2716.3
1188230 2716.6
1188240 2716.6
1188250 2717.1
1188260 2717.3
1188270 2717.7
1188280 2717.7
1188290 2718.0
1188300 2719.2
1188310 2719.2
1188320 2720.1
1188330 2718.6
1188340 2718.6
1188350 2715.5
1188360 2713.6
1188370 2713.6
1188380 2712.8
1188390 2711.9
1188400 2711.9
1188410 2711.6
1188420 2711.8
1188430 2711.8
1188440 2712.5
1188450 2713.3
1188460 2714.5
1188470 2714.5
1188480 2716.2
1188490 2716.7
1188500 2713.0
1188510 2713.9
1188520 2714.9
1188530 2714.9
1188540 2714.1
1188550 2711.7
1188560 2711.7
1188570 2707.3
1188580 2702.4
1188590 2702.4
1188600 2697.6
1188610 2692.6
1188620 2692.6
1188630 2687.1
1188640 2682.4
1188650 2678.2
1188660 2678.2
1188670 2675.3
1188680 2672.3
1188690 2672.3
1188700 2669.3
1188710 2666.6
1188720 2666.6
1188730 2664.2
1188740 2662.0
1188750 2662.0
1188760 2660.0
1188770 2658.3
1188780 2658.3
1188790 2656.6
1188800 2655.5
1188810 2655.5
1188820 2654.5
1188830 2655.3
1188840 2655.6
1188850 2655.6
1188860 2656.5
1188870 2657.9
1188880 2657.9
1188890 2659.5
1188900 2660.6
1188910 2660.6
1188920 2660.8
1188930 2655.5
1188940 2655.5
1188950 2654.6
1188960 2653.4
1188970 2653.4
1188980 2652.1
1188990 2650.9
1189000 2650.9
1189010 2649.7
1189020 2648.6
1189030 2648.6
1189040 2647.5
1189050 2646.5
1189060 2645.0
1189070 2645.0
1189080 2643.3
1189090 2641.7
1189100 2641.7
1189110 2638.9
1189120 2635.6
1189130 2635.6
1189140 2636.4
1189150 2635.4
1189160 2635.4
1189170 2633.5
1189180 2631.3
1189190 2631.3
1189200 2629.5
1189210 2627.8
1189220 2627.8
1189230 2625.4
1189240 2622.6
1189250 2619.3
1189260 2619.3
1189270 2615.2
1189280 2610.7
1189290 2610.7
1189300 2606.6
1189310 2602.3
1189320 2602.3
1189330 2597.7
1189340 2593.0
1189350 2589.7
1189360 2585.3
1189370 2580.6
1189380 2580.6
1189390 2575.6
1189400 2570.9
1189410 2570.9
1189420 2566.3
1189430 2561.5
1189440 2556.7
1189450 2556.7
1189460 2552.0
1189470 2546.4
1189480 2546.4
1189490 2540.6
1189500 2535.0
1189510 2535.0
1189520 2529.5
1189530 2523.2
1189540 2523.2
1189550 2517.0
1189560 2511.6
1189570 2511.6
1189580 2506.9
1189590 2501.8
1189600 2501.8
1189610 2497.2
1189620 2493.7
1189630 2491.1
1189640 2491.1
1189650 2488.3
1189660 2483.8
1189670 2483.8
1189680 2479.2
1189690 2474.9
1189700 2474.9
1189710 2470.3
1189720 2465.6
1189730 2465.6
1189740 2463.0
1189750 2461.5
1189760 2461.5
1189770 2462.8
1189780 2466.9
1189790 2466.9
1189800 2465.9
1189810 2464.7
1189820 2463.2
1189830 2463.2
1189840 2460.9
1189850 2460.2
1189860 2460.2
1189870 2458.1
1189880 2456.4
1189890 2456.4
1189900 2455.3
1189910 2453.9
1189920 2453.9
1189930 2452.6
1189940 2451.4
1189950 2451.4
1189960 2450.0
1189970 2448.1
1189980 2448.1
1189990 2445.6
1190000 2443.6
1190010 2443.6
1190020 2442.9
1190030 2441.6
1190040 2437.5
1190050 2437.5
1190060 2436.7
1190070 2436.9
1190080 2436.9
1190090 2437.3
1190100 2434.5
1190110 2434.5
1190120 2433.0
1190130 2431.8
1190140 2431.8
1190150 2428.7
1190160 2426.1
1190170 2426.1
1190180 2425.8
1190190 2426.5
1190200 2426.5
1190210 2430.8
1190220 2432.0
1190230 2433.3
1190240 2433.3
1190250 2434.6
1190260 2436.3
1190270 2436.3
1190280 2437.6
1190290 2439.0
1190300 2439.0
1190310 2441.6
1190320 2445.3
1190330 2445.3
1190340 2449.0
1190350 2452.3
1190360 2452.3
1190370 2455.8
1190380 2459.5
1190390 2459.5
1190400 2463.5
1190410 2467.5
1190420 2471.5
1190430 2471.5
1190440 2475.8
1190450 2479.8
1190460 2479.8
1190470 2483.7
1190480 2486.9
1190490 2486.9
1190500 2490.3
1190510 2493.8
1190520 2493.8
1190530 2497.1
1190540 2498.6
1190550 2498.6
1190560 2500.2
1190570 2502.8
1190580 2502.8
1190590 2505.9
1190600 2507.6
1190610 2507.4
1190620 2507.4
1190630 2506.8
1190640 2512.2
1190650 2512.2
1190660 2512.2
1190670 2513.2
1190680 2513.2
1190690 2514.7
1190700 2517.5
1190710 2517.5
1190720 2522.2
1190730 2528.4
1190740 2528.4
1190750 2533.3
1190760 2536.6
1190770 2536.6
1190780 2540.8
1190790 2545.8
1190800 2553.3
1190810 2553.3
1190820 2567.9
1190830 2579.4
1190840 2579.4
1190850 2586.6
1190860 2598.8
1190870 2598.8
1190880 2604.4
1190890 2602.9
1190900 2602.9
1190910 2607.4
1190920 2608.0
1190930 2608.0
1190940 2614.4
1190950 2626.9
1190960 2626.9
1190970 2633.9
1190980 2645.2
1190990 2661.4
1191000 2661.4
1191010 2681.1
1191020 2697.8
1191030 2697.8
1191040 2704.8
1191050 2707.9
1191060 2707.9
1191070 2724.9
1191080 2732.3
1191090 2732.3
1191100 2742.1
1191110 2753.0
1191120 2753.0
1191130 2758.4
1191140 2763.6
1191150 2763.6
1191160 2771.0
1191170 2775.4
1191180 2775.4
1191190 2778.8
1191200 2786.9
1191210 2792.9
1191220 2792.9
1191230 2800.6
1191240 2808.3
1191250 2808.3
1191260 2815.0
1191270 2824.0
1191280 2824.0
1191290 2829.5
1191300 2832.6
1191310 2832.6
1191320 2828.9
1191330 2825.3
1191340 2825.3
1191350 2825.2
1191360 2827.9
1191370 2827.9
1191380 2834.3
1191390 2846.0
1191400 2854.2
1191410 2854.2
1191420 2848.6
1191430 2840.2
1191440 2840.2
1191450 2838.3
1191460 2830.9
1191470 2830.9
1191480 2824.7
1191490 2824.1
1191500 2837.7
1191510 2835.7
1191520 2832.8
1191530 2832.8
1191540 2827.0
1191550 2823.1
1191560 2823.1
1191570 2823.8
1191580 2830.5
1191590 2839.2
1191600 2839.2
1191610 2846.7
1191620 2851.6
1191630 2851.6
1191640 2850.7
1191650 2849.4
1191660 2849.4
1191670 2852.3
1191680 2862.4
1191690 2862.4
1191700 2871.4
1191710 2867.9
1191720 2867.9
1191730 2859.3
1191740 2849.9
1191750 2849.9
1191760 2842.7
1191770 2836.4
1191780 2830.3
1191790 2830.3
1191800 2825.3
1191810 2819.8
1191820 2819.8
1191830 2811.6
1191840 2804.6
1191850 2804.6
1191860 2797.9
1191870 2790.6
1191880 2790.6
1191890 2784.6
1191900 2778.2
1191910 2778.2
1191920 2772.6
1191930 2761.9
1191940 2761.9
1191950 2759.1
1191960 2756.0
1191970 2754.3
1191980 2754.3
1191990 2754.1
1192000 2754.0
1192010 2754.0
1192020 2752.5
1192030 2749.7
1192040 2749.7
1192050 2746.5
1192060 2743.1
1192070 2743.1
1192080 2740.5
1192090 2739.2
1192100 2739.2
1192110 2739.0
1192120 2739.0
1192130 2739.0
1192140 2738.3
1192150 2738.5
1192160 2738.5
1192170 2737.6
1192180 2736.1
1192190 2735.5
1192200 2735.5
1192210 2736.0
1192220 2737.5
1192230 2737.5
1192240 2739.7
1192250 2741.4
1192260 2741.4
1192270 2742.5
1192280 2742.9
1192290 2742.9
1192300 2742.5
1192310 2742.8
1192320 2742.8
1192330 2744.5
1192340 2746.5
1192350 2746.5
1192360 2748.0
1192370 2741.3
1192380 2744.2
1192390 2744.2
1192400 2747.2
1192410 2750.6
1192420 2750.6
1192430 2753.9
1192440 2756.3
1192450 2756.3
1192460 2760.2
1192470 2763.8
1192480 2763.8
1192490 2768.4
1192500 2772.1
1192510 2772.1
1192520 2775.0
1192530 2782.9
1192540 2782.9
1192550 2794.0
1192560 2801.2
1192570 2803.0
1192580 2803.0
1192590 2804.6
1192600 2805.0
1192610 2805.0
1192620 2804.7
1192630 2805.2
1192640 2805.2
1192650 2806.2
1192660 2807.7
1192670 2807.7
1192680 2809.9
1192690 2811.3
1192700 2811.3
1192710 2811.7
1192720 2811.3
1192730 2811.3
1192740 2810.7
1192750 2810.2
1192760 2809.1
1192770 2809.1
1192780 2807.3
1192790 2805.2
1192800 2796.9
1192810 2794.9
1192820 2794.7
1192830 2794.7
1192840 2794.7
1192850 2799.2
1192860 2799.2
1192870 2805.6
1192880 2810.8
1192890 2810.8
1192900 2813.9
1192910 2814.0
1192920 2814.0
1192930 2810.6
1192940 2804.2
1192950 2798.3
1192960 2798.3
1192970 2794.2
1192980 2790.1
1192990 2790.1
1193000 2786.9
1193010 2783.3
1193020 2783.3
1193030 2779.1
1193040 2774.3
1193050 2774.3
1193060 2768.4
1193070 2762.4
1193080 2762.4
1193090 2755.8
1193100 2748.1
1193110 2748.1
1193120 2740.6
1193130 2733.7
1193140 2725.9
1193150 2725.9
1193160 2718.9
1193170 2711.7
1193180 2711.7
1193190 2703.7
1193200 2697.6
1193210 2697.6
1193220 2691.3
1193230 2685.2
1193240 2685.2
1193250 2679.2
1193260 2672.8
1193270 2672.8
1193280 2666.1
1193290 2657.6
1193300 2657.6
1193310 2649.6
1193320 2642.9
1193330 2642.9
1193340 2630.6
1193350 2620.6
1193360 2606.9
1193370 2606.9
1193380 2594.7
1193390 2586.0
1193400 2586.0
1193410 2575.8
1193420 2566.7
1193430 2566.7
1193440 2558.9
1193450 2551.6
1193460 2551.6
1193470 2543.5
1193480 2534.1
1193490 2534.1
1193500 2523.7
1193510 2514.4
1193520 2514.4
1193530 2504.6
1193540 2495.1
1193550 2486.7
1193560 2486.7
1193570 2478.9
1193580 2471.3
1193590 2471.3
1193600 2464.4
1193610 2457.4
1193620 2457.4
1193630 2450.8
1193640 2444.7
1193650 2444.7
1193660 2439.2
1193670 2434.1
1193680 2434.1
1193690 2427.8
1193700 2421.2
1193710 2421.2
1193720 2414.9
1193730 2408.7
1193740 2402.4
1193750 2402.4
1193760 2396.7
1193770 2391.6
1193780 2391.6
1193790 2387.6
1193800 2383.1
1193810 2383.1
1193820 2376.3
1193830 2369.6
1193840 2369.6
1193850 2362.8
1193860 2355.9
1193870 2355.9
1193880 2348.9
1193890 2340.8
1193900 2340.8
1193910 2333.3
1193920 2326.6
1193930 2319.0
1193940 2319.0
1193950 2311.9
1193960 2304.8
1193970 2304.8
1193980 2297.6
1193990 2289.6
1194000 2289.6
1194010 2280.9
1194020 2271.2
1194030 2271.2
1194040 2260.4
1194050 2248.8
1194060 2248.8
1194070 2241.2
1194080 2235.9
1194090 2235.9
1194100 2226.6
1194110 2218.0
1194120 2210.6
1194130 2210.6
1194140 2203.5
1194150 2197.9
1194160 2197.9
1194170 2194.5
1194180 2186.9
1194190 2186.9
1194200 2180.0
1194210 2175.0
1194220 2175.0
1194230 2170.0
1194240 2165.1
1194250 2165.1
1194260 2156.6
1194270 2149.6
1194280 2149.6
1194290 2144.1
1194300 2137.9
1194310 2137.9
1194320 2130.4
1194330 2122.2
1194340 2115.7
1194350 2115.7
1194360 2110.6
1194370 2105.1
1194380 2105.1
1194390 2098.5
1194400 2093.4
1194410 2093.4
1194420 2089.2
1194430 2083.6
1194440 2083.6
1194450 2076.8
1194460 2069.0
1194470 2069.0
1194480 2056.7
1194490 2046.7
1194500 2046.7
1194510 2039.3
1194520 2032.5
1194530 2026.6
1194540 2031.4
1194550 2025.3
1194560 2018.7
1194570 2018.7
1194580 2012.5
1194590 2005.7
1194600 2005.7
1194610 1996.6
1194620 1988.5
1194630 1988.5
1194640 1980.8
1194650 1971.0
1194660 1971.0
1194670 1961.7
1194680 1950.7
1194690 1950.7
1194700 1937.9
1194710 1929.3
1194720 1923.0
1194730 1923.0
1194740 1915.8
1194750 1909.0
1194760 1909.0
1194770 1901.9
1194780 1894.0
1194790 1894.0
1194800 1887.0
1194810 1879.7
1194820 1879.7
1194830 1872.5
1194840 1864.6
1194850 1864.6
1194860 1854.0
1194870 1843.8
1194880 1843.8
1194890 1834.4
1194900 1826.0
1194910 1818.8
1194920 1818.8
1194930 1811.8
1194940 1805.5
1194950 1805.5
1194960 1799.0
1194970 1792.5
1194980 1792.5
1194990 1786.8
1195000 1780.6
1195010 1780.6
1195020 1776.8
1195030 1774.0
1195040 1774.0
1195050 1769.0
1195060 1765.3
1195070 1765.3
1195080 1763.3
1195090 1761.3
1195100 1759.7
1195110 1759.7
1195120 1759.4
1195130 1759.3
1195140 1759.3
1195150 1759.3
1195160 1759.3
1195170 1759.3
1195180 1759.3
1195190 1759.3
1195200 1759.3
1195210 1759.3
1195220 1759.3
1195230 1759.3
1195240 1759.3
1195250 1759.3
1195260 1759.3
1195270 1759.3
1195280 1759.3
1195290 1759.3
1195300 1759.3
1195310 1759.3
1195320 1759.3
1195330 1759.3
1195340 1759.3
1195350 1759.3
1195360 1759.3
1195370 1759.3
1195380 1759.3
1195390 1759.3
1195400 1759.3
1195410 1759.3
1195420 1759.3
1195430 1759.3
1195440 1759.3
1195450 1759.3
1195460 1759.3
1195470 1759.3
1195480 1759.3
1195490 1759.3
1195500 1759.3
1195510 1759.3
1195520 1759.3
1195530 1759.3
1195540 1759.3
1195550 1759.3
1195560 1759.3
1195570 1759.3
1195580 1759.3
1195590 1759.5
1195600 1762.0
1195610 1762.0
1195620 1766.9
1195630 1772.2
1195640 1772.2
1195650 1777.4
1195660 1780.5
1195670 1780.5
1195680 1786.4
1195690 1791.5
1195700 1796.4
1195710 1796.4
1195720 1801.0
1195730 1804.9
1195740 1804.9
1195750 1809.3
1195760 1818.1
1195770 1818.1
1195780 1825.2
1195790 1830.7
1195800 1830.7
1195810 1837.2
1195820 1849.2
1195830 1849.2
1195840 1864.4
1195850 1874.4
1195860 1874.4
1195870 1879.1
1195880 1884.1
1195890 1894.4
1195900 1894.4
1195910 1904.1
1195920 1915.9
1195930 1915.9
1195940 1927.7
1195950 1935.3
1195960 1935.3
1195970 1945.7
1195980 1952.5
1195990 1952.5
1196000 1957.1
1196010 1964.9
1196020 1964.9
1196030 1972.9
1196040 1979.8
1196050 1979.8
1196060 1986.5
1196070 1993.3
1196080 2000.2
1196090 2000.2
1196100 2010.4
1196110 2022.4
1196120 2022.4
1196130 2033.2
1196140 2041.8
1196150 2041.8
1196160 2048.9
1196170 2055.0
1196180 2055.0
1196190 2060.9
1196200 2067.1
1196210 2067.1
1196220 2073.6
1196230 2080.6
1196240 2080.6
1196250 2087.6
1196260 2094.9
1196270 2102.6
1196280 2102.6
1196290 2106.6
1196300 2114.1
1196310 2114.1
1196320 2122.0
1196330 2129.5
1196340 2129.5
1196350 2138.7
1196360 2151.2
1196370 2151.2
1196380 2161.5
1196390 2169.9
1196400 2169.9
1196410 2175.9
1196420 2179.4
1196430 2179.4
1196440 2182.5
1196450 2186.4
1196460 2191.0
1196470 2191.0
1196480 2196.1
1196490 2201.3
1196500 2201.3
1196510 2206.3
1196520 2212.0
1196530 2212.0
1196540 2217.7
1196550 2222.1
1196560 2222.1
1196570 2226.9
1196580 2231.6
1196590 2231.6
1196600 2235.3
1196610 2239.2
1196620 2239.2
1196630 2242.7
1196640 2246.2
1196650 2246.2
1196660 2249.7
1196670 2253.2
1196680 2256.8
1196690 2256.8
1196700 2260.7
1196710 2264.7
1196720 2267.0
1196730 2271.2
1196740 2275.4
1196750 2275.4
1196760 2279.6
1196770 2283.8
1196780 2283.8
1196790 2287.9
1196800 2291.9
1196810 2291.9
1196820 2295.7
1196830 2299.6
1196840 2299.6
1196850 2303.5
1196860 2307.3
1196870 2311.3
1196880 2311.3
1196890 2315.4
1196900 2319.5
1196910 2319.5
1196920 2323.5
1196930 2327.6
1196940 2327.6
1196950 2331.6
1196960 2335.6
1196970 2335.6
1196980 2339.7
1196990 2344.3
1197000 2344.3
1197010 2350.4
1197020 2357.5
1197030 2357.5
1197040 2363.4
1197050 2368.9
1197060 2374.8
1197070 2374.8
1197080 2381.3
1197090 2387.4
1197100 2387.4
1197110 2393.8
1197120 2399.4
1197130 2399.4
1197140 2405.1
1197150 2411.0
1197160 2412.4
1197170 2418.6
1197180 2425.6
1197190 2425.6
1197200 2431.7
1197210 2436.1
1197220 2436.1
1197230 2436.9
1197240 2436.4
1197250 2437.2
1197260 2437.2
1197270 2437.9
1197280 2439.4
1197290 2439.4
1197300 2441.0
1197310 2442.3
1197320 2442.3
1197330 2444.4
1197340 2447.2
1197350 2447.2
1197360 2449.5
1197370 2451.5
1197380 2451.5
1197390 2454.4
1197400 2457.8
1197410 2457.8
1197420 2461.3
1197430 2465.4
1197440 2469.5
1197450 2469.5
1197460 2473.1
1197470 2476.4
1197480 2476.4
1197490 2479.9
1197500 2484.1
1197510 2484.1
1197520 2488.3
1197530 2492.0
1197540 2492.0
1197550 2495.7
1197560 2500.1
1197570 2500.1
1197580 2504.6
1197590 2507.7
1197600 2509.3
1197610 2512.4
1197620 2515.2
1197630 2515.2
1197640 2517.7
1197650 2522.6
1197660 2528.2
1197670 2528.2
1197680 2533.8
1197690 2538.6
1197700 2538.6
1197710 2543.7
1197720 2548.9
1197730 2548.9
1197740 2554.2
1197750 2559.1
1197760 2559.1
1197770 2564.7
1197780 2570.1
1197790 2570.1
1197800 2576.2
1197810 2580.8
1197820 2580.8
1197830 2584.6
1197840 2587.7
1197850 2590.5
1197860 2590.5
1197870 2593.5
1197880 2597.2
1197890 2597.2
1197900 2601.8
1197910 2604.1
1197920 2604.1
1197930 2604.3
1197940 2604.7
1197950 2604.7
1197960 2606.1
1197970 2606.8
1197980 2606.8
1197990 2607.1
1198000 2607.5
1198010 2607.5
1198020 2607.9
1198030 2608.2
1198040 2606.0
1198050 2606.0
1198060 2606.2
1198070 2606.9
1198080 2606.9
1198090 2608.0
1198100 2608.6
1198110 2608.6
1198120 2609.1
1198130 2609.4
1198140 2609.4
1198150 2609.7
1198160 2610.4
1198170 2610.4
1198180 2611.1
1198190 2611.8
1198200 2611.8
1198210 2612.4
1198220 2613.4
1198230 2614.3
1198240 2614.3
1198250 2615.1
1198260 2615.9
1198270 2615.9
1198280 2617.0
1198290 2618.2
1198300 2618.2
1198310 2619.8
1198320 2621.5
1198330 2621.5
1198340 2623.5
1198350 2625.3
1198360 2625.3
1198370 2626.6
1198380 2627.3
1198390 2627.3
1198400 2627.5
1198410 2627.6
1198420 2628.3
1198430 2628.3
1198440 2629.9
1198450 2631.8
1198460 2631.8
1198470 2633.2
1198480 2634.4
1198490 2638.2
1198500 2639.1
1198510 2639.8
1198520 2639.8
1198530 2640.3
1198540 2641.9
1198550 2641.9
1198560 2644.8
1198570 2648.2
1198580 2648.2
1198590 2652.1
1198600 2655.9
1198610 2660.0
1198620 2660.0
1198630 2664.5
1198640 2668.7
1198650 2668.7
1198660 2672.9
1198670 2677.3
1198680 2677.3
1198690 2681.7
1198700 2686.3
1198710 2686.3
1198720 2690.9
1198730 2695.5
1198740 2695.5
1198750 2700.0
1198760 2704.8
1198770 2704.8
1198780 2710.0
1198790 2715.2
1198800 2715.2
1198810 2720.2
1198820 2725.1
1198830 2730.1
1198840 2730.1
1198850 2735.0
1198860 2739.8
1198870 2739.8
1198880 2744.9
1198890 2749.6
1198900 2749.6
1198910 2754.5
1198920 2759.8
1198930 2762.8
1198940 2768.0
1198950 2773.4
1198960 2773.4
1198970 2778.9
1198980 2784.7
1198990 2784.7
1199000 2790.8
1199010 2797.1
1199020 2802.9
1199030 2802.9
1199040 2808.8
1199050 2815.1
1199060 2815.1
1199070 2821.2
1199080 2827.3
1199090 2827.3
1199100 2833.7
1199110 2839.9
1199120 2839.9
1199130 2846.0
1199140 2852.0
1199150 2852.0
1199160 2857.9
1199170 2863.2
1199180 2863.2
1199190 2867.9
1199200 2872.7
1199210 2877.0
1199220 2877.0
1199230 2881.9
1199240 2888.0
1199250 2888.0
1199260 2893.2
1199270 2898.3
1199280 2898.3
1199290 2906.1
1199300 2923.6
1199310 2923.6
1199320 2942.3
1199330 2951.9
1199340 2951.9
1199350 2961.2
1199360 2965.6
1199370 2975.2
1199380 2978.9
1199390 2983.8
1199400 2991.1
1199410 2991.1
1199420 3000.2
1199430 3008.4
1199440 3008.4
1199450 3014.2
1199460 3016.6
1199470 3016.6
1199480 3017.3
1199490 3020.5
1199500 3020.5
1199510 3027.1
1199520 3037.9
1199530 3037.9
1199540 3049.3
1199550 3056.5
1199560 3056.5
1199570 3058.6
1199580 3059.6
1199590 3064.5
1199600 3064.5
1199610 3071.5
1199620 3075.3
1199630 3075.3
1199640 3078.7
1199650 3082.7
1199660 3082.7
1199670 3084.9
1199680 3087.5
1199690 3087.5
1199700 3091.4
1199710 3094.9
1199720 3094.9
1199730 3098.3
1199740 3102.8
1199750 3102.8
1199760 3107.6
1199770 3111.5
1199780 3115.0
1199790 3115.0
1199800 3118.2
1199810 3132.8
1199820 3132.8
1199830 3137.9
1199840 3144.3
1199850 3144.3
1199860 3151.2
1199870 3155.0
1199880 3155.0
1199890 3155.7
1199900 3154.8
1199910 3154.8
1199920 3155.6
1199930 3157.0
1199940 3157.0
1199950 3159.0
1199960 3161.2
1199970 3161.2
1199980 3163.3
1199990 3166.2
