1180000 1655.8
1180010 1657.4
1180020 1661.9
1180030 1661.9
1180040 1666.0
1180050 1669.0
1180060 1672.6
1180070 1670.4
1180080 1674.9
1180090 1680.0
1180100 1680.0
1180110 1684.3
1180120 1686.6
1180130 1686.6
1180140 1688.9
1180150 1692.3
1180160 1692.3
1180170 1698.0
1180180 1701.6
1180190 1701.6
1180200 1704.2
1180210 1706.6
1180220 1706.6
1180230 1708.9
1180240 1712.9
1180250 1712.9
1180260 1718.3
1180270 1722.0
1180280 1724.7
1180290 1724.7
1180300 1728.1
1180310 1732.1
1180320 1732.1
1180330 1736.5
1180340 1742.1
1180350 1742.1
1180360 1746.1
1180370 1749.9
1180380 1749.9
1180390 1754.0
1180400 1758.6
1180410 1758.6
1180420 1763.6
1180430 1768.3
1180440 1768.3
1180450 1771.0
1180460 1774.1
1180470 1777.9
1180480 1777.9
1180490 1778.5
1180500 1783.0
1180510 1783.0
1180520 1787.3
1180530 1791.4
1180540 1791.4
1180550 1795.3
1180560 1799.5
1180570 1799.5
1180580 1803.8
1180590 1808.0
1180600 1808.0
1180610 1812.2
1180620 1815.8
1180630 1815.8
1180640 1819.4
1180650 1823.1
1180660 1826.4
1180670 1826.4
1180680 1829.6
1180690 1832.6
1180700 1832.6
1180710 1836.0
1180720 1839.8
1180730 1839.8
1180740 1843.1
1180750 1847.3
1180760 1847.3
1180770 1852.0
1180780 1855.6
1180790 1855.6
1180800 1859.3
1180810 1864.8
1180820 1864.8
1180830 1869.8
1180840 1873.3
1180850 1875.9
1180860 1875.9
1180870 1878.6
1180880 1881.9
1180890 1881.9
1180900 1881.7
1180910 1886.7
1180920 1886.7
1180930 1890.3
1180940 1893.8
1180950 1893.8
1180960 1897.3
1180970 1901.6
1180980 1901.6
1180990 1906.4
1181000 1910.4
1181010 1910.4
1181020 1914.4
1181030 1918.4
1181040 1918.4
1181050 1922.3
1181060 1927.1
1181070 1932.0
1181080 1932.0
1181090 1936.7
1181100 1940.5
1181110 1940.5
1181120 1944.7
1181130 1947.1
1181140 1947.1
1181150 1951.0
1181160 1955.1
1181170 1955.1
1181180 1958.7
1181190 1961.6
1181200 1961.6
1181210 1964.7
1181220 1968.2
1181230 1968.2
1181240 1972.1
1181250 1975.9
1181260 1978.7
1181270 1978.7
1181280 1981.7
1181290 1985.6
1181300 1985.6
1181310 1989.6
1181320 1988.9
1181330 1988.9
1181340 1992.6
1181350 1995.6
1181360 1995.6
1181370 1998.5
1181380 2002.1
1181390 2002.1
1181400 2005.4
1181410 2008.3
1181420 2008.3
1181430 2011.7
1181440 2015.5
1181450 2018.5
1181460 2018.5
1181470 2022.3
1181480 2026.0
1181490 2026.0
1181500 2029.3
1181510 2032.4
1181520 2032.4
1181530 2035.0
1181540 2037.2
1181550 2037.2
1181560 2039.5
1181570 2042.8
1181580 2042.8
1181590 2045.9
1181600 2048.2
1181610 2048.2
1181620 2050.2
1181630 2051.1
1181640 2050.7
1181650 2050.7
1181660 2050.9
1181670 2051.3
1181680 2051.3
1181690 2049.6
1181700 2046.0
1181710 2046.0
1181720 2049.0
1181730 2055.3
1181740 2052.7
1181750 2057.6
1181760 2061.3
1181770 2061.3
1181780 2063.9
1181790 2064.9
1181800 2064.9
1181810 2066.3
1181820 2067.6
1181830 2067.6
1181840 2068.3
1181850 2069.0
1181860 2069.1
1181870 2069.1
1181880 2068.6
1181890 2068.2
1181900 2068.2
1181910 2068.4
1181920 2070.7
1181930 2070.7
1181940 2076.6
1181950 2084.2
1181960 2084.2
1181970 2091.1
1181980 2097.7
1181990 2097.7
1182000 2104.1
1182010 2111.2
1182020 2111.2
1182030 2118.4
1182040 2125.1
1182050 2131.6
1182060 2131.6
1182070 2137.9
1182080 2144.5
1182090 2144.5
1182100 2151.0
1182110 2156.5
1182120 2156.5
1182130 2160.8
1182140 2164.6
1182150 2164.6
1182160 2166.6
1182170 2170.2
1182180 2170.2
1182190 2174.0
1182200 2177.7
1182210 2177.7
1182220 2181.3
1182230 2185.2
1182240 2188.7
1182250 2188.7
1182260 2192.0
1182270 2194.7
1182280 2194.7
1182290 2197.0
1182300 2199.0
1182310 2199.0
1182320 2201.6
1182330 2204.0
1182340 2204.0
1182350 2206.4
1182360 2208.9
1182370 2208.9
1182380 2211.4
1182390 2213.9
1182400 2213.9
1182410 2216.6
1182420 2219.2
1182430 2221.8
1182440 2221.8
1182450 2225.0
1182460 2227.6
1182470 2227.6
1182480 2230.0
1182490 2231.8
1182500 2231.8
1182510 2233.3
1182520 2234.9
1182530 2234.9
1182540 2236.4
1182550 2238.1
1182560 2238.1
1182570 2236.8
1182580 2238.5
1182590 2238.5
1182600 2240.4
1182610 2242.7
1182620 2242.7
1182630 2245.5
1182640 2248.1
1182650 2250.6
1182660 2250.6
1182670 2252.8
1182680 2255.2
1182690 2255.2
1182700 2257.3
1182710 2258.7
1182720 2258.7
1182730 2259.8
1182740 2260.5
1182750 2260.5
1182760 2260.9
1182770 2262.3
1182780 2262.3
1182790 2263.7
1182800 2264.6
1182810 2264.6
1182820 2265.2
1182830 2265.8
1182840 2266.6
1182850 2266.6
1182860 2267.3
1182870 2268.3
1182880 2268.3
1182890 2269.6
1182900 2270.7
1182910 2270.7
1182920 2271.8
1182930 2272.9
1182940 2272.9
1182950 2274.3
1182960 2276.3
1182970 2276.3
1182980 2278.6
1182990 2279.0
1183000 2279.0
1183010 2280.9
1183020 2281.5
1183030 2283.6
1183040 2283.6
1183050 2286.9
1183060 2290.3
1183070 2290.3
1183080 2293.4
1183090 2297.7
1183100 2297.7
1183110 2303.3
1183120 2309.3
1183130 2309.3
1183140 2315.6
1183150 2321.3
1183160 2321.3
1183170 2327.1
1183180 2332.8
1183190 2332.8
1183200 2338.2
1183210 2343.6
1183220 2348.7
1183230 2348.7
1183240 2353.5
1183250 2358.0
1183260 2358.0
1183270 2362.3
1183280 2366.4
1183290 2366.4
1183300 2370.4
1183310 2374.3
1183320 2374.3
1183330 2378.1
1183340 2382.0
1183350 2382.0
1183360 2386.2
1183370 2390.3
1183380 2390.3
1183390 2395.2
1183400 2401.1
1183410 2399.5
1183420 2405.8
1183430 2411.8
1183440 2417.0
1183450 2417.0
1183460 2422.1
1183470 2427.8
1183480 2427.8
1183490 2433.8
1183500 2439.3
1183510 2439.3
1183520 2445.2
1183530 2451.3
1183540 2451.3
1183550 2458.1
1183560 2464.8
1183570 2464.8
1183580 2471.2
1183590 2477.6
1183600 2477.6
1183610 2484.3
1183620 2491.3
1183630 2498.7
1183640 2498.7
1183650 2507.0
1183660 2515.7
1183670 2515.7
1183680 2522.9
1183690 2529.2
1183700 2529.2
1183710 2535.4
1183720 2542.1
1183730 2542.1
1183740 2548.9
1183750 2555.3
1183760 2555.3
1183770 2562.0
1183780 2569.6
1183790 2569.6
1183800 2577.6
1183810 2584.4
1183820 2590.8
1183830 2592.9
1183840 2599.7
1183850 2606.2
1183860 2606.2
1183870 2612.9
1183880 2619.4
1183890 2619.4
1183900 2626.3
1183910 2633.7
1183920 2633.7
1183930 2641.8
1183940 2650.5
1183950 2650.5
1183960 2659.1
1183970 2667.1
1183980 2667.1
1183990 2673.9
1184000 2679.8
1184010 2686.6
1184020 2686.6
1184030 2695.2
1184040 2702.8
1184050 2702.8
1184060 2709.8
1184070 2717.7
1184080 2717.7
1184090 2725.7
1184100 2732.2
1184110 2732.2
1184120 2738.3
1184130 2743.7
1184140 2743.7
1184150 2748.1
1184160 2752.0
1184170 2752.0
1184180 2755.9
1184190 2759.8
1184200 2759.8
1184210 2763.9
1184220 2767.6
1184230 2770.5
1184240 2770.5
1184250 2768.1
1184260 2771.1
1184270 2771.1
1184280 2774.0
1184290 2777.8
1184300 2777.8
1184310 2782.0
1184320 2785.2
1184330 2785.2
1184340 2789.0
1184350 2793.4
1184360 2793.4
1184370 2797.7
1184380 2801.9
1184390 2801.9
1184400 2805.9
1184410 2809.4
1184420 2812.7
1184430 2812.7
1184440 2818.0
1184450 2822.1
1184460 2822.1
1184470 2826.6
1184480 2831.2
1184490 2831.2
1184500 2835.1
1184510 2836.0
1184520 2836.0
1184530 2829.5
1184540 2822.3
1184550 2822.3
1184560 2817.1
1184570 2816.1
1184580 2816.1
1184590 2817.1
1184600 2819.7
1184610 2823.1
1184620 2823.1
1184630 2826.8
1184640 2829.7
1184650 2829.7
1184660 2829.5
1184670 2822.2
1184680 2822.2
1184690 2825.4
1184700 2829.9
1184710 2829.9
1184720 2833.9
1184730 2836.1
1184740 2836.1
1184750 2833.4
1184760 2829.8
1184770 2829.8
1184780 2828.1
1184790 2826.2
1184800 2823.2
1184810 2823.2
1184820 2823.5
1184830 2825.6
1184840 2825.6
1184850 2826.9
1184860 2827.4
1184870 2827.4
1184880 2827.0
1184890 2826.9
1184900 2826.9
1184910 2827.7
1184920 2827.4
1184930 2827.4
1184940 2825.8
1184950 2823.3
1184960 2823.3
1184970 2823.6
1184980 2825.7
1184990 2827.3
1185000 2827.3
1185010 2826.9
1185020 2826.8
1185030 2826.8
1185040 2826.1
1185050 2824.4
1185060 2824.4
1185070 2821.3
1185080 2818.6
1185090 2818.6
1185100 2811.0
1185110 2809.9
1185120 2809.9
1185130 2808.9
1185140 2809.9
1185150 2809.9
1185160 2810.8
1185170 2813.1
1185180 2813.1
1185190 2816.5
1185200 2821.2
1185210 2826.9
1185220 2826.9
1185230 2832.5
1185240 2836.1
1185250 2836.1
1185260 2838.1
1185270 2840.0
1185280 2840.0
1185290 2837.7
1185300 2831.8
1185310 2831.8
1185320 2828.7
1185330 2827.0
1185340 2827.0
1185350 2826.8
1185360 2827.0
1185370 2827.0
1185380 2827.6
1185390 2827.8
1185400 2829.1
1185410 2829.1
1185420 2830.1
1185430 2830.6
1185440 2830.6
1185450 2830.5
1185460 2831.4
1185470 2831.4
1185480 2832.7
1185490 2834.8
1185500 2834.8
1185510 2837.6
1185520 2835.1
1185530 2835.1
1185540 2839.7
1185550 2844.0
1185560 2844.0
1185570 2845.9
1185580 2846.2
1185590 2847.3
1185600 2847.3
1185610 2849.8
1185620 2851.5
1185630 2851.5
1185640 2852.9
1185650 2854.1
1185660 2854.1
1185670 2854.2
1185680 2853.7
1185690 2853.7
1185700 2854.5
1185710 2856.2
1185720 2856.2
1185730 2858.0
1185740 2859.3
1185750 2859.3
1185760 2859.8
1185770 2860.4
1185780 2862.2
1185790 2862.2
1185800 2858.1
1185810 2854.6
1185820 2854.6
1185830 2857.5
1185840 2862.7
1185850 2862.7
1185860 2867.5
1185870 2872.2
1185880 2872.2
1185890 2871.9
1185900 2869.4
1185910 2869.4
1185920 2867.4
1185930 2867.4
1185940 2860.1
1185950 2861.9
1185960 2867.6
1185970 2867.6
1185980 2874.8
1185990 2872.9
1186000 2863.1
1186010 2863.1
1186020 2856.5
1186030 2856.8
1186040 2856.8
1186050 2853.9
1186060 2850.8
1186070 2850.8
1186080 2838.9
1186090 2830.3
1186100 2830.3
1186110 2821.9
1186120 2815.8
1186130 2815.8
1186140 2811.1
1186150 2806.8
1186160 2806.8
1186170 2802.8
1186180 2799.8
1186190 2796.4
1186200 2796.4
1186210 2793.0
1186220 2791.0
1186230 2791.0
1186240 2789.3
1186250 2789.0
1186260 2789.0
1186270 2790.0
1186280 2792.6
1186290 2792.6
1186300 2793.9
1186310 2794.0
1186320 2794.0
1186330 2794.9
1186340 2793.7
1186350 2793.7
1186360 2794.0
1186370 2787.2
1186380 2787.2
1186390 2787.2
1186400 2791.2
1186410 2793.6
1186420 2793.6
1186430 2795.9
1186440 2796.9
1186450 2796.9
1186460 2798.1
1186470 2794.0
1186480 2794.0
1186490 2793.9
1186500 2796.9
1186510 2796.9
1186520 2799.6
1186530 2801.3
1186540 2801.3
1186550 2803.0
1186560 2803.8
1186570 2803.8
1186580 2803.8
1186590 2802.0
1186600 2800.1
1186610 2800.1
1186620 2801.4
1186630 2803.8
1186640 2803.8
1186650 2806.0
1186660 2808.5
1186670 2808.5
1186680 2807.9
1186690 2806.7
1186700 2806.7
1186710 2806.3
1186720 2805.9
1186730 2805.9
1186740 2805.9
1186750 2805.8
1186760 2805.8
1186770 2806.9
1186780 2808.8
1186790 2808.4
1186800 2808.4
1186810 2808.7
1186820 2808.6
1186830 2808.6
1186840 2809.0
1186850 2809.5
1186860 2809.5
1186870 2811.3
1186880 2814.2
1186890 2814.2
1186900 2816.7
1186910 2819.4
1186920 2819.4
1186930 2821.8
1186940 2824.6
1186950 2824.6
1186960 2830.7
1186970 2838.4
1186980 2845.5
1186990 2845.5
1187000 2852.0
1187010 2858.7
1187020 2858.7
1187030 2865.4
1187040 2871.6
1187050 2871.6
1187060 2877.1
1187070 2882.3
1187080 2882.3
1187090 2887.8
1187100 2893.9
1187110 2893.9
1187120 2900.1
1187130 2906.2
1187140 2906.2
1187150 2912.7
1187160 2918.9
1187170 2924.5
1187180 2924.5
1187190 2930.2
1187200 2935.9
1187210 2932.5
1187220 2940.7
1187230 2945.0
1187240 2945.0
1187250 2950.7
1187260 2957.4
1187270 2957.4
1187280 2973.4
1187290 2991.2
1187300 2991.2
1187310 3005.7
1187320 3014.7
1187330 3014.7
1187340 3018.9
1187350 3025.1
1187360 3031.6
1187370 3031.6
1187380 3039.9
1187390 3047.5
1187400 3047.5
1187410 3064.6
1187420 3079.6
1187430 3079.6
1187440 3083.9
1187450 3083.9
1187460 3083.9
1187470 3080.9
1187480 3077.4
1187490 3077.4
1187500 3073.4
1187510 3067.3
1187520 3067.3
1187530 3062.0
1187540 3059.3
1187550 3059.3
1187560 3057.6
1187570 3055.0
1187580 3052.0
1187590 3052.0
1187600 3049.2
1187610 3045.4
1187620 3045.4
1187630 3040.6
1187640 3030.2
1187650 3030.2
1187660 3024.0
1187670 3017.2
1187680 3017.2
1187690 3010.2
1187700 3004.9
1187710 3004.9
1187720 3002.2
1187730 2999.0
1187740 2999.0
1187750 2994.6
1187760 2991.0
1187770 2989.9
1187780 2989.9
1187790 2987.1
1187800 2982.9
1187810 2982.9
1187820 2979.0
1187830 2975.3
1187840 2975.3
1187850 2970.6
1187860 2965.9
1187870 2965.9
1187880 2963.2
1187890 2963.2
1187900 2963.2
1187910 2964.0
1187920 2964.5
1187930 2964.5
1187940 2963.2
1187950 2960.6
1187960 2958.4
1187970 2958.4
1187980 2955.5
1187990 2953.2
1188000 2953.2
1188010 2952.6
1188020 2954.6
1188030 2954.6
1188040 2953.5
1188050 2954.0
1188060 2954.0
1188070 2954.5
1188080 2955.7
1188090 2955.7
1188100 2958.3
1188110 2961.9
1188120 2961.9
1188130 2965.5
1188140 2969.1
1188150 2972.4
1188160 2972.4
1188170 2974.7
1188180 2976.8
1188190 2976.8
1188200 2979.0
1188210 2981.1
1188220 2981.1
1188230 2982.6
1188240 2983.8
1188250 2983.8
1188260 2983.6
1188270 2982.1
1188280 2982.1
1188290 2978.7
1188300 2976.3
1188310 2976.3
1188320 2974.9
1188330 2974.2
1188340 2974.2
1188350 2973.6
1188360 2974.0
1188370 2975.1
1188380 2975.1
1188390 2977.6
1188400 2982.0
1188410 2982.0
1188420 2986.3
1188430 2990.0
1188440 2990.0
1188450 2995.0
1188460 3001.0
1188470 3001.0
1188480 3006.2
1188490 3003.7
1188500 3003.7
1188510 3007.8
1188520 3012.1
1188530 3012.1
1188540 3017.8
1188550 3024.2
1188560 3032.3
1188570 3032.3
1188580 3041.5
1188590 3047.3
1188600 3047.3
1188610 3049.4
1188620 3053.2
1188630 3053.2
1188640 3062.7
1188650 3070.5
1188660 3070.5
1188670 3077.0
1188680 3082.6
1188690 3082.6
1188700 3088.7
1188710 3094.2
1188720 3094.2
1188730 3103.6
1188740 3113.7
1188750 3116.3
1188760 3116.3
1188770 3118.3
1188780 3116.1
1188790 3116.1
1188800 3111.6
1188810 3106.6
1188820 3106.6
1188830 3099.2
1188840 3092.6
1188850 3092.6
1188860 3086.7
1188870 3080.3
1188880 3080.3
1188890 3073.2
1188900 3065.6
1188910 3065.6
1188920 3056.6
1188930 3050.1
1188940 3043.5
1188950 3043.5
1188960 3037.2
1188970 3030.9
1188980 3030.9
1188990 3023.8
1189000 3017.0
1189010 3017.0
1189020 3010.3
1189030 3003.9
1189040 3003.9
1189050 2998.5
1189060 2992.5
1189070 2992.5
1189080 2986.3
1189090 2981.6
1189100 2981.6
1189110 2976.4
1189120 2971.8
1189130 2971.8
1189140 2968.6
1189150 2967.2
1189160 2965.9
1189170 2965.9
1189180 2963.0
1189190 2958.8
1189200 2958.8
1189210 2955.1
1189220 2953.0
1189230 2953.0
1189240 2950.1
1189250 2944.2
1189260 2944.2
1189270 2934.8
1189280 2924.1
1189290 2924.1
1189300 2917.4
1189310 2915.0
1189320 2915.0
1189330 2906.7
1189340 2894.3
1189350 2897.4
1189360 2897.4
1189370 2886.9
1189380 2878.3
1189390 2878.3
1189400 2875.7
1189410 2869.9
1189420 2869.9
1189430 2858.8
1189440 2842.1
1189450 2842.1
1189460 2825.5
1189470 2814.4
1189480 2814.4
1189490 2805.3
1189500 2797.9
1189510 2797.9
1189520 2789.9
1189530 2784.9
1189540 2780.7
1189550 2780.7
1189560 2775.9
1189570 2771.7
1189580 2771.7
1189590 2766.9
1189600 2762.6
1189610 2762.6
1189620 2757.8
1189630 2748.8
1189640 2748.8
1189650 2739.9
1189660 2736.8
1189670 2736.8
1189680 2735.6
1189690 2733.1
1189700 2733.1
1189710 2726.1
1189720 2723.1
1189730 2721.5
1189740 2721.5
1189750 2717.0
1189760 2711.7
1189770 2711.7
1189780 2716.5
1189790 2712.5
1189800 2712.5
1189810 2708.0
1189820 2702.5
1189830 2702.5
1189840 2691.8
1189850 2684.3
1189860 2684.3
1189870 2679.9
1189880 2675.1
1189890 2675.1
1189900 2669.9
1189910 2666.8
1189920 2664.2
1189930 2664.2
1189940 2660.6
1189950 2656.8
1189960 2656.8
1189970 2654.1
1189980 2653.0
1189990 2653.0
1190000 2652.2
1190010 2650.5
1190020 2650.5
1190030 2648.9
1190040 2647.0
1190050 2647.0
1190060 2644.1
1190070 2640.9
1190080 2640.9
1190090 2637.5
1190100 2633.6
1190110 2633.6
1190120 2629.4
1190130 2625.4
1190140 2621.2
1190150 2621.2
1190160 2616.6
1190170 2612.1
1190180 2612.1
1190190 2608.0
1190200 2604.6
1190210 2607.1
1190220 2604.4
1190230 2602.9
1190240 2602.9
1190250 2600.2
1190260 2595.8
1190270 2595.8
1190280 2593.4
1190290 2590.1
1190300 2590.1
1190310 2585.8
1190320 2581.8
1190330 2577.9
1190340 2577.9
1190350 2575.1
1190360 2573.2
1190370 2573.2
1190380 2570.9
1190390 2567.7
1190400 2567.7
1190410 2563.7
1190420 2558.7
1190430 2558.7
1190440 2554.6
1190450 2552.5
1190460 2552.5
1190470 2552.6
1190480 2553.1
1190490 2553.1
1190500 2553.2
1190510 2553.0
1190520 2553.5
1190530 2553.5
1190540 2554.2
1190550 2554.4
1190560 2554.4
1190570 2553.3
1190580 2551.6
1190590 2551.6
1190600 2550.4
1190610 2550.4
1190620 2550.4
1190630 2550.1
1190640 2547.0
1190650 2547.0
1190660 2546.4
1190670 2544.9
1190680 2544.9
1190690 2543.2
1190700 2540.9
1190710 2537.7
1190720 2537.7
1190730 2534.6
1190740 2533.1
1190750 2533.1
1190760 2528.4
1190770 2522.7
1190780 2522.7
1190790 2518.3
1190800 2515.4
1190810 2515.4
1190820 2512.6
1190830 2506.5
1190840 2506.5
1190850 2500.3
1190860 2495.0
1190870 2495.0
1190880 2490.3
1190890 2487.1
1190900 2487.1
1190910 2484.5
1190920 2481.8
1190930 2478.9
1190940 2478.9
1190950 2475.9
1190960 2471.6
1190970 2471.6
1190980 2467.0
1190990 2461.4
1191000 2461.4
1191010 2456.7
1191020 2453.8
1191030 2453.8
1191040 2451.4
1191050 2449.3
1191060 2449.3
1191070 2441.7
1191080 2437.8
1191090 2437.8
1191100 2434.7
1191110 2431.0
1191120 2428.2
1191130 2428.2
1191140 2425.5
1191150 2423.9
1191160 2423.9
1191170 2421.9
1191180 2419.2
1191190 2419.2
1191200 2414.5
1191210 2408.2
1191220 2408.2
1191230 2402.4
1191240 2397.8
1191250 2397.8
1191260 2394.2
1191270 2390.7
1191280 2390.7
1191290 2387.6
1191300 2384.5
1191310 2381.6
1191320 2381.6
1191330 2378.5
1191340 2375.6
1191350 2375.6
1191360 2372.8
1191370 2370.0
1191380 2370.0
1191390 2366.8
1191400 2364.0
1191410 2364.0
1191420 2361.1
1191430 2358.2
1191440 2358.2
1191450 2355.0
1191460 2351.5
1191470 2351.5
1191480 2348.1
1191490 2344.8
1191500 2335.9
1191510 2335.9
1191520 2333.6
1191530 2331.4
1191540 2331.4
1191550 2328.9
1191560 2327.0
1191570 2327.0
1191580 2324.7
1191590 2322.1
1191600 2322.1
1191610 2319.3
1191620 2316.3
1191630 2316.3
1191640 2313.6
1191650 2311.0
1191660 2311.0
1191670 2308.9
1191680 2306.8
1191690 2306.8
1191700 2304.5
1191710 2302.6
1191720 2300.7
1191730 2300.7
1191740 2299.6
1191750 2298.0
1191760 2298.0
1191770 2295.9
1191780 2293.8
1191790 2293.8
1191800 2291.1
1191810 2288.1
1191820 2288.1
1191830 2285.2
1191840 2281.8
1191850 2281.8
1191860 2277.9
1191870 2274.9
1191880 2274.9
1191890 2271.6
1191900 2268.3
1191910 2265.8
1191920 2265.8
1191930 2258.2
1191940 2256.8
1191950 2256.8
1191960 2254.0
1191970 2250.8
1191980 2250.8
1191990 2248.2
1192000 2246.8
1192010 2246.8
1192020 2244.4
1192030 2242.1
1192040 2242.1
1192050 2239.8
1192060 2238.6
1192070 2238.6
1192080 2235.1
1192090 2232.5
1192100 2230.4
1192110 2230.4
1192120 2228.0
1192130 2225.2
1192140 2225.2
1192150 2221.9
1192160 2219.7
1192170 2219.7
1192180 2219.2
1192190 2219.5
1192200 2219.5
1192210 2219.9
1192220 2220.3
1192230 2220.3
1192240 2220.3
1192250 2220.4
1192260 2220.4
1192270 2220.6
1192280 2220.8
1192290 2221.0
1192300 2221.0
1192310 2221.0
1192320 2220.4
1192330 2220.4
1192340 2220.4
1192350 2220.7
1192360 2222.9
1192370 2223.0
1192380 2222.8
1192390 2222.8
1192400 2221.8
1192410 2221.1
1192420 2221.1
1192430 2220.6
1192440 2220.6
1192450 2220.6
1192460 2220.7
1192470 2220.6
1192480 2220.6
1192490 2220.8
1192500 2219.9
1192510 2219.1
1192520 2219.1
1192530 2218.5
1192540 2218.1
1192550 2218.1
1192560 2218.2
1192570 2217.3
1192580 2217.3
1192590 2216.6
1192600 2216.3
1192610 2216.3
1192620 2215.7
1192630 2215.1
1192640 2215.1
1192650 2214.7
1192660 2214.9
1192670 2214.9
1192680 2214.1
1192690 2213.6
1192700 2213.4
1192710 2213.4
1192720 2212.6
1192730 2211.7
1192740 2211.7
1192750 2211.9
1192760 2211.4
1192770 2211.4
1192780 2211.1
1192790 2214.0
1192800 2214.0
1192810 2213.5
1192820 2213.4
1192830 2213.4
1192840 2212.9
1192850 2213.1
1192860 2213.1
1192870 2214.2
1192880 2214.3
1192890 2214.4
1192900 2214.4
1192910 2214.7
1192920 2214.8
1192930 2214.8
1192940 2215.1
1192950 2214.7
1192960 2214.7
1192970 2214.0
1192980 2213.7
1192990 2213.7
1193000 2213.7
1193010 2214.2
1193020 2214.2
1193030 2214.3
1193040 2214.2
1193050 2214.2
1193060 2214.1
1193070 2213.9
1193080 2213.8
1193090 2213.8
1193100 2213.2
1193110 2212.9
1193120 2212.9
1193130 2212.5
1193140 2212.2
1193150 2212.2
1193160 2211.7
1193170 2211.6
1193180 2211.6
1193190 2211.1
1193200 2209.8
1193210 2209.8
1193220 2208.1
1193230 2210.9
1193240 2210.9
1193250 2211.0
1193260 2211.5
1193270 2211.0
1193280 2211.0
1193290 2209.9
1193300 2208.4
1193310 2208.4
1193320 2206.2
1193330 2203.8
1193340 2203.8
1193350 2201.3
1193360 2199.8
1193370 2199.8
1193380 2199.2
1193390 2198.2
1193400 2198.2
1193410 2197.1
1193420 2196.0
1193430 2196.0
1193440 2194.7
1193450 2194.0
1193460 2194.0
1193470 2193.2
1193480 2191.7
1193490 2189.9
1193500 2189.9
1193510 2187.5
1193520 2185.1
1193530 2185.1
1193540 2182.7
1193550 2180.3
1193560 2180.3
1193570 2177.7
1193580 2175.1
1193590 2175.1
1193600 2172.7
1193610 2170.2
1193620 2170.2
1193630 2168.5
1193640 2167.6
1193650 2167.6
1193660 2169.6
1193670 2166.9
1193680 2162.6
1193690 2162.6
1193700 2159.3
1193710 2156.1
1193720 2156.1
1193730 2153.2
1193740 2150.7
1193750 2150.7
1193760 2148.7
1193770 2147.8
1193780 2147.8
1193790 2148.0
1193800 2146.6
1193810 2146.6
1193820 2144.2
1193830 2142.4
1193840 2142.4
1193850 2141.3
1193860 2141.3
1193870 2141.2
1193880 2141.2
1193890 2140.3
1193900 2139.5
1193910 2139.5
1193920 2138.4
1193930 2137.9
1193940 2137.9
1193950 2137.4
1193960 2136.6
1193970 2136.6
1193980 2135.6
1193990 2135.2
1194000 2135.2
1194010 2134.7
1194020 2133.3
1194030 2133.3
1194040 2131.8
1194050 2129.9
1194060 2127.8
1194070 2127.8
1194080 2125.5
1194090 2123.5
1194100 2129.2
1194110 2127.8
1194120 2126.7
1194130 2126.7
1194140 2125.4
1194150 2124.1
1194160 2124.1
1194170 2122.7
1194180 2121.0
1194190 2121.0
1194200 2118.9
1194210 2117.1
1194220 2117.1
1194230 2115.3
1194240 2113.1
1194250 2113.1
1194260 2110.4
1194270 2107.0
1194280 2103.0
1194290 2103.0
1194300 2098.5
1194310 2093.9
1194320 2093.9
1194330 2089.3
1194340 2084.5
1194350 2084.5
1194360 2079.2
1194370 2071.4
1194380 2071.4
1194390 2064.0
1194400 2057.8
1194410 2057.8
1194420 2050.7
1194430 2043.3
1194440 2043.3
1194450 2035.8
1194460 2028.6
1194470 2021.6
1194480 2021.6
1194490 2013.2
1194500 2002.6
1194510 2002.6
1194520 1992.6
1194530 1983.9
1194540 1983.9
1194550 1974.9
1194560 1965.6
1194570 1965.6
1194580 1957.9
1194590 1951.6
1194600 1951.6
1194610 1945.9
1194620 1939.8
1194630 1939.8
1194640 1933.4
1194650 1926.7
1194660 1921.4
1194670 1921.4
1194680 1916.0
1194690 1910.2
1194700 1910.2
1194710 1904.9
1194720 1899.6
1194730 1899.6
1194740 1894.2
1194750 1888.5
1194760 1888.5
1194770 1882.3
1194780 1875.1
1194790 1875.1
1194800 1868.2
1194810 1860.5
1194820 1860.5
1194830 1854.2
1194840 1849.3
1194850 1845.4
1194860 1845.4
1194870 1839.3
1194880 1832.8
1194890 1832.8
1194900 1825.5
1194910 1817.5
1194920 1817.5
1194930 1809.4
1194940 1800.6
1194950 1800.6
1194960 1793.7
1194970 1785.4
1194980 1785.4
1194990 1782.2
1195000 1776.6
1195010 1776.6
1195020 1770.7
1195030 1763.4
1195040 1763.4
1195050 1759.6
1195060 1759.4
1195070 1759.4
1195080 1759.4
1195090 1759.4
1195100 1759.4
1195110 1759.4
1195120 1759.4
1195130 1759.4
1195140 1759.4
1195150 1759.4
1195160 1759.4
1195170 1759.4
1195180 1759.4
1195190 1759.4
1195200 1759.4
1195210 1759.4
1195220 1759.4
1195230 1759.4
1195240 1759.4
1195250 1759.4
1195260 1759.4
1195270 1759.4
1195280 1759.4
1195290 1759.4
1195300 1759.4
1195310 1759.4
1195320 1759.4
1195330 1759.4
1195340 1759.4
1195350 1759.4
1195360 1759.4
1195370 1759.4
1195380 1759.4
1195390 1759.4
1195400 1759.4
1195410 1759.4
1195420 1759.4
1195430 1759.4
1195440 1759.4
1195450 1759.4
1195460 1759.4
1195470 1759.4
1195480 1759.4
1195490 1759.4
1195500 1759.4
1195510 1759.4
1195520 1759.4
1195530 1759.4
1195540 1759.4
1195550 1759.4
1195560 1759.4
1195570 1759.4
1195580 1759.4
1195590 1759.4
1195600 1759.4
1195610 1759.4
1195620 1759.4
1195630 1759.4
1195640 1759.4
1195650 1759.4
1195660 1759.4
1195670 1759.4
1195680 1759.4
1195690 1759.4
1195700 1759.4
1195710 1759.4
1195720 1759.4
1195730 1759.4
1195740 1759.4
1195750 1759.4
1195760 1759.4
1195770 1759.4
1195780 1759.4
1195790 1759.4
1195800 1759.4
1195810 1759.4
1195820 1759.4
1195830 1759.4
1195840 1759.4
1195850 1759.4
1195860 1759.4
1195870 1759.4
1195880 1759.4
1195890 1759.4
1195900 1759.4
1195910 1759.4
1195920 1759.4
1195930 1759.4
1195940 1759.4
1195950 1760.2
1195960 1760.2
1195970 1764.6
1195980 1770.5
1195990 1770.5
1196000 1776.2
1196010 1782.0
1196020 1782.0
1196030 1785.8
1196040 1793.1
1196050 1800.1
1196060 1800.1
1196070 1810.3
1196080 1825.8
1196090 1825.8
1196100 1835.4
1196110 1844.0
1196120 1844.0
1196130 1850.5
1196140 1857.9
1196150 1857.9
1196160 1866.4
1196170 1874.3
1196180 1874.3
1196190 1881.7
1196200 1888.5
1196210 1888.5
1196220 1895.1
1196230 1901.6
1196240 1907.6
1196250 1907.6
1196260 1914.9
1196270 1922.8
1196280 1925.5
1196290 1933.3
1196300 1940.7
1196310 1940.7
1196320 1948.0
1196330 1955.4
1196340 1955.4
1196350 1961.3
1196360 1966.7
1196370 1966.7
1196380 1971.7
1196390 1978.3
1196400 1978.3
1196410 1985.8
1196420 1994.5
1196430 2007.4
1196440 2007.4
1196450 2019.7
1196460 2029.6
1196470 2029.6
1196480 2037.5
1196490 2045.4
1196500 2045.4
1196510 2052.7
1196520 2060.3
1196530 2060.3
1196540 2068.4
1196550 2078.5
1196560 2078.5
1196570 2087.4
1196580 2095.5
1196590 2095.5
1196600 2104.0
1196610 2114.3
1196620 2127.0
1196630 2127.0
1196640 2140.0
1196650 2156.3
1196660 2156.3
1196670 2173.1
1196680 2189.6
1196690 2189.6
1196700 2193.8
1196710 2198.6
1196720 2205.9
1196730 2212.5
1196740 2219.2
1196750 2219.2
1196760 2229.0
1196770 2236.2
1196780 2236.2
1196790 2241.1
1196800 2248.3
1196810 2248.3
1196820 2257.0
1196830 2265.3
1196840 2270.7
1196850 2270.7
1196860 2274.6
1196870 2278.2
1196880 2278.2
1196890 2281.5
1196900 2285.3
1196910 2285.3
1196920 2289.6
1196930 2293.8
1196940 2293.8
1196950 2298.5
1196960 2303.9
1196970 2303.9
1196980 2313.1
1196990 2331.1
1197000 2331.1
1197010 2345.7
1197020 2353.1
1197030 2360.8
1197040 2360.8
1197050 2369.1
1197060 2376.2
1197070 2376.2
1197080 2384.0
1197090 2391.7
1197100 2391.7
1197110 2398.9
1197120 2405.9
1197130 2405.9
1197140 2412.9
1197150 2422.8
1197160 2424.5
1197170 2434.3
1197180 2445.9
1197190 2445.9
1197200 2458.3
1197210 2467.7
1197220 2477.2
1197230 2477.2
1197240 2488.4
1197250 2497.7
1197260 2497.7
1197270 2506.6
1197280 2516.2
1197290 2516.2
1197300 2524.8
1197310 2532.4
1197320 2532.4
1197330 2540.7
1197340 2548.3
1197350 2548.3
1197360 2556.2
1197370 2564.6
1197380 2564.6
1197390 2575.8
1197400 2585.5
1197410 2596.2
1197420 2596.2
1197430 2604.7
1197440 2607.2
1197450 2607.2
1197460 2605.0
1197470 2603.6
1197480 2603.6
1197490 2602.5
1197500 2600.6
1197510 2600.6
1197520 2598.1
1197530 2594.5
1197540 2594.5
1197550 2589.6
1197560 2584.7
1197570 2584.7
1197580 2579.8
1197590 2575.4
1197600 2581.6
1197610 2576.1
1197620 2569.9
1197630 2564.1
1197640 2564.1
1197650 2558.4
1197660 2552.1
1197670 2552.1
1197680 2546.6
1197690 2539.6
1197700 2539.6
1197710 2533.1
1197720 2529.0
1197730 2529.0
1197740 2524.0
1197750 2520.2
1197760 2520.2
1197770 2518.4
1197780 2516.2
1197790 2516.2
1197800 2513.6
1197810 2509.9
1197820 2507.8
1197830 2507.8
1197840 2507.8
1197850 2507.9
1197860 2507.9
1197870 2506.8
1197880 2504.6
1197890 2504.6
1197900 2502.9
1197910 2502.0
1197920 2502.0
1197930 2501.6
1197940 2501.4
1197950 2501.4
1197960 2500.0
1197970 2497.2
1197980 2497.2
1197990 2495.7
1198000 2495.2
1198010 2495.5
1198020 2495.5
1198030 2495.4
1198040 2500.7
1198050 2500.7
1198060 2500.3
1198070 2499.9
1198080 2499.9
1198090 2498.9
1198100 2497.7
1198110 2497.7
1198120 2496.1
1198130 2494.3
1198140 2494.3
1198150 2492.4
1198160 2491.2
1198170 2491.2
1198180 2490.4
1198190 2490.2
1198200 2491.3
1198210 2491.3
1198220 2493.1
1198230 2494.4
1198240 2494.4
1198250 2495.0
1198260 2495.3
1198270 2495.3
1198280 2495.4
1198290 2495.1
1198300 2495.1
1198310 2494.2
1198320 2494.2
1198330 2494.2
1198340 2497.0
1198350 2496.5
1198360 2496.5
1198370 2497.9
1198380 2499.2
1198390 2499.2
1198400 2499.2
1198410 2499.8
1198420 2501.7
1198430 2501.7
1198440 2503.7
1198450 2505.7
1198460 2505.7
1198470 2507.1
1198480 2511.1
1198490 2511.1
1198500 2511.7
1198510 2513.2
1198520 2513.2
1198530 2514.4
1198540 2515.9
1198550 2515.9
1198560 2518.6
1198570 2521.4
1198580 2521.4
1198590 2524.3
1198600 2527.0
1198610 2529.6
1198620 2529.6
1198630 2532.4
1198640 2535.1
1198650 2535.1
1198660 2537.6
1198670 2540.1
1198680 2540.1
1198690 2543.3
1198700 2546.9
1198710 2546.9
1198720 2550.2
1198730 2553.3
1198740 2553.3
1198750 2556.3
1198760 2559.4
1198770 2559.4
1198780 2562.6
1198790 2565.9
1198800 2569.1
1198810 2569.1
1198820 2572.2
1198830 2575.2
1198840 2575.2
1198850 2578.1
1198860 2581.0
1198870 2581.0
1198880 2583.7
1198890 2586.4
1198900 2586.4
1198910 2589.1
1198920 2594.6
1198930 2594.6
1198940 2597.3
1198950 2600.1
1198960 2600.1
1198970 2602.3
1198980 2604.9
1198990 2607.2
1199000 2607.2
1199010 2609.7
1199020 2612.3
1199030 2612.3
1199040 2614.7
1199050 2617.1
1199060 2617.1
1199070 2619.3
1199080 2621.8
1199090 2621.8
1199100 2623.3
1199110 2624.6
1199120 2624.6
1199130 2626.4
1199140 2628.3
1199150 2628.3
1199160 2630.4
1199170 2631.7
1199180 2633.2
1199190 2633.2
1199200 2635.0
1199210 2636.0
1199220 2636.0
1199230 2637.5
1199240 2638.9
1199250 2638.9
1199260 2640.7
1199270 2643.9
1199280 2643.9
1199290 2647.5
1199300 2651.2
1199310 2651.2
1199320 2654.8
1199330 2658.3
1199340 2658.3
1199350 2661.7
1199360 2664.9
1199370 2669.4
1199380 2672.6
1199390 2676.0
1199400 2679.4
1199410 2679.4
1199420 2683.2
1199430 2687.2
1199440 2687.2
1199450 2691.3
1199460 2695.7
1199470 2695.7
1199480 2700.6
1199490 2705.4
1199500 2705.4
1199510 2710.2
1199520 2714.9
1199530 2714.9
1199540 2719.4
1199550 2724.0
1199560 2724.0
1199570 2728.6
1199580 2732.8
1199590 2736.9
1199600 2736.9
1199610 2740.6
1199620 2744.1
1199630 2744.1
1199640 2747.4
1199650 2750.8
1199660 2750.8
1199670 2754.0
1199680 2757.4
1199690 2757.4
1199700 2760.9
1199710 2764.6
1199720 2764.6
1199730 2767.9
1199740 2770.8
1199750 2770.8
1199760 2773.5
1199770 2776.6
1199780 2779.9
1199790 2779.9
1199800 2783.0
1199810 2791.7
1199820 2791.7
1199830 2795.1
1199840 2798.4
1199850 2798.4
1199860 2801.2
1199870 2804.1
1199880 2804.1
1199890 2806.5
1199900 2809.4
1199910 2809.4
1199920 2813.7
1199930 2819.0
1199940 2819.0
1199950 2824.3
1199960 2828.8
1199970 2833.2
1199980 2833.2
1199990 2838.9
