1180000 1708.6
1180010 1710.4
1180020 1707.5
1180030 1707.1
1180040 1707.1
1180050 1705.8
1180060 1703.9
1180070 1703.9
1180080 1702.8
1180090 1701.1
1180100 1701.1
1180110 1698.6
1180120 1696.6
1180130 1696.6
1180140 1696.3
1180150 1695.5
1180160 1695.5
1180170 1694.1
1180180 1693.1
1180190 1692.7
1180200 1692.7
1180210 1692.4
1180220 1692.2
1180230 1692.2
1180240 1692.3
1180250 1692.8
1180260 1692.8
1180270 1693.8
1180280 1694.2
1180290 1694.2
1180300 1694.5
1180310 1694.0
1180320 1694.0
1180330 1693.2
1180340 1693.5
1180350 1693.5
1180360 1694.5
1180370 1695.3
1180380 1695.1
1180390 1695.1
1180400 1694.4
1180410 1694.3
1180420 1695.4
1180430 1695.2
1180440 1695.1
1180450 1695.1
1180460 1695.0
1180470 1695.3
1180480 1695.3
1180490 1695.2
1180500 1694.7
1180510 1694.7
1180520 1694.0
1180530 1693.4
1180540 1693.4
1180550 1692.7
1180560 1690.8
1180570 1690.0
1180580 1690.0
1180590 1689.8
1180600 1689.7
1180610 1689.7
1180620 1690.5
1180630 1691.4
1180640 1691.4
1180650 1691.9
1180660 1691.9
1180670 1691.9
1180680 1691.5
1180690 1690.5
1180700 1690.5
1180710 1689.6
1180720 1690.7
1180730 1690.7
1180740 1691.0
1180750 1690.6
1180760 1690.6
1180770 1690.8
1180780 1692.2
1180790 1694.0
1180800 1694.0
1180810 1696.4
1180820 1699.8
1180830 1699.8
1180840 1702.5
1180850 1706.7
1180860 1706.7
1180870 1709.3
1180880 1711.1
1180890 1711.1
1180900 1712.5
1180910 1714.0
1180920 1714.0
1180930 1715.8
1180940 1717.6
1180950 1717.6
1180960 1719.5
1180970 1721.2
1180980 1723.1
1180990 1723.1
1181000 1725.4
1181010 1728.2
1181020 1728.2
1181030 1730.7
1181040 1733.4
1181050 1733.4
1181060 1735.9
1181070 1738.5
1181080 1738.5
1181090 1740.9
1181100 1742.8
1181110 1742.8
1181120 1745.6
1181130 1747.9
1181140 1747.9
1181150 1750.4
1181160 1753.2
1181170 1756.8
1181180 1756.8
1181190 1761.6
1181200 1765.3
1181210 1765.3
1181220 1766.7
1181230 1768.4
1181240 1768.4
1181250 1771.4
1181260 1771.8
1181270 1771.8
1181280 1774.8
1181290 1779.3
1181300 1779.3
1181310 1785.0
1181320 1789.5
1181330 1789.5
1181340 1793.0
1181350 1797.0
1181360 1802.0
1181370 1802.0
1181380 1806.9
1181390 1810.9
1181400 1810.9
1181410 1812.4
1181420 1814.1
1181430 1814.1
1181440 1816.3
1181450 1817.8
1181460 1817.8
1181470 1819.9
1181480 1822.1
1181490 1822.1
1181500 1823.9
1181510 1824.7
1181520 1824.7
1181530 1824.8
1181540 1826.0
1181550 1826.0
1181560 1826.8
1181570 1828.8
1181580 1832.1
1181590 1832.1
1181600 1835.9
1181610 1840.2
1181620 1840.2
1181630 1844.0
1181640 1848.3
1181650 1848.3
1181660 1853.1
1181670 1855.9
1181680 1855.9
1181690 1858.5
1181700 1861.0
1181710 1861.0
1181720 1864.2
1181730 1868.3
1181740 1868.3
1181750 1872.1
1181760 1874.8
1181770 1876.9
1181780 1876.9
1181790 1878.0
1181800 1880.9
1181810 1880.9
1181820 1884.5
1181830 1886.2
1181840 1886.2
1181850 1887.5
1181860 1889.1
1181870 1889.1
1181880 1892.8
1181890 1897.6
1181900 1897.6
1181910 1902.7
1181920 1908.3
1181930 1908.3
1181940 1913.7
1181950 1917.7
1181960 1919.5
1181970 1919.5
1181980 1920.8
1181990 1923.8
1182000 1923.8
1182010 1927.4
1182020 1931.7
1182030 1931.7
1182040 1935.9
1182050 1938.5
1182060 1938.5
1182070 1941.1
1182080 1944.1
1182090 1942.2
1182100 1943.7
1182110 1946.1
1182120 1946.1
1182130 1950.1
1182140 1956.2
1182150 1960.7
1182160 1960.7
1182170 1964.9
1182180 1970.4
1182190 1970.4
1182200 1975.3
1182210 1979.8
1182220 1979.8
1182230 1983.8
1182240 1983.9
1182250 1983.9
1182260 1980.8
1182270 1979.5
1182280 1979.5
1182290 1981.4
1182300 1985.7
1182310 1985.7
1182320 1987.1
1182330 1982.1
1182340 1982.1
1182350 1978.1
1182360 1976.2
1182370 1975.3
1182380 1975.3
1182390 1974.3
1182400 1973.6
1182410 1973.6
1182420 1972.3
1182430 1973.7
1182440 1973.7
1182450 1975.6
1182460 1977.7
1182470 1977.7
1182480 1980.4
1182490 1984.4
1182500 1984.4
1182510 1994.1
1182520 2000.1
1182530 2000.1
1182540 2004.0
1182550 2006.3
1182560 2009.2
1182570 2009.2
1182580 2015.0
1182590 2020.5
1182600 2020.5
1182610 2024.8
1182620 2030.1
1182630 2030.1
1182640 2036.8
1182650 2044.3
1182660 2044.3
1182670 2052.0
1182680 2059.1
1182690 2059.1
1182700 2065.6
1182710 2072.2
1182720 2072.2
1182730 2079.0
1182740 2086.1
1182750 2093.2
1182760 2093.2
1182770 2099.3
1182780 2105.3
1182790 2105.3
1182800 2111.7
1182810 2118.2
1182820 2118.2
1182830 2125.1
1182840 2131.0
1182850 2131.0
1182860 2135.9
1182870 2141.4
1182880 2141.4
1182890 2147.0
1182900 2152.8
1182910 2152.8
1182920 2159.0
1182930 2167.0
1182940 2173.1
1182950 2173.1
1182960 2179.2
1182970 2184.9
1182980 2184.9
1182990 2189.4
1183000 2193.8
1183010 2193.8
1183020 2198.9
1183030 2202.8
1183040 2202.8
1183050 2205.6
1183060 2210.1
1183070 2210.1
1183080 2216.5
1183090 2222.7
1183100 2222.7
1183110 2228.5
1183120 2234.1
1183130 2239.1
1183140 2239.1
1183150 2244.1
1183160 2249.3
1183170 2249.3
1183180 2254.5
1183190 2259.7
1183200 2259.7
1183210 2264.7
1183220 2270.0
1183230 2270.0
1183240 2275.2
1183250 2280.1
1183260 2280.1
1183270 2285.4
1183280 2290.8
1183290 2290.8
1183300 2295.4
1183310 2299.7
1183320 2299.7
1183330 2303.9
1183340 2307.2
1183350 2302.5
1183360 2302.5
1183370 2304.7
1183380 2308.3
1183390 2308.3
1183400 2313.3
1183410 2317.8
1183420 2317.8
1183430 2321.6
1183440 2325.3
1183450 2325.3
1183460 2328.6
1183470 2331.8
1183480 2331.8
1183490 2334.8
1183500 2337.8
1183510 2337.8
1183520 2341.1
1183530 2344.0
1183540 2345.9
1183550 2345.9
1183560 2347.8
1183570 2350.7
1183580 2350.7
1183590 2354.4
1183600 2359.6
1183610 2359.6
1183620 2364.7
1183630 2369.6
1183640 2369.6
1183650 2374.5
1183660 2379.1
1183670 2379.1
1183680 2383.5
1183690 2387.6
1183700 2387.6
1183710 2391.8
1183720 2396.5
1183730 2401.2
1183740 2401.2
1183750 2405.9
1183760 2411.0
1183770 2406.6
1183780 2411.6
1183790 2416.1
1183800 2416.1
1183810 2420.5
1183820 2424.9
1183830 2424.9
1183840 2429.0
1183850 2433.2
1183860 2433.2
1183870 2437.8
1183880 2442.8
1183890 2442.8
1183900 2447.9
1183910 2453.2
1183920 2458.5
1183930 2458.5
1183940 2463.0
1183950 2468.4
1183960 2468.4
1183970 2474.1
1183980 2480.5
1183990 2480.5
1184000 2487.1
1184010 2493.8
1184020 2493.8
1184030 2499.9
1184040 2505.6
1184050 2505.6
1184060 2511.7
1184070 2518.5
1184080 2518.5
1184090 2524.0
1184100 2527.8
1184110 2527.8
1184120 2530.5
1184130 2533.0
1184140 2536.0
1184150 2536.0
1184160 2538.5
1184170 2539.6
1184180 2539.6
1184190 2536.5
1184200 2535.6
1184210 2535.6
1184220 2533.6
1184230 2531.4
1184240 2531.4
1184250 2528.2
1184260 2525.7
1184270 2525.7
1184280 2525.2
1184290 2525.1
1184300 2525.1
1184310 2525.1
1184320 2524.7
1184330 2524.1
1184340 2524.1
1184350 2523.5
1184360 2523.2
1184370 2523.2
1184380 2522.8
1184390 2521.6
1184400 2521.6
1184410 2520.2
1184420 2518.4
1184430 2518.4
1184440 2514.8
1184450 2509.9
1184460 2509.9
1184470 2506.8
1184480 2507.6
1184490 2507.6
1184500 2508.8
1184510 2508.4
1184520 2507.5
1184530 2507.5
1184540 2506.6
1184550 2504.1
1184560 2504.1
1184570 2498.2
1184580 2489.7
1184590 2489.7
1184600 2480.8
1184610 2470.5
1184620 2470.5
1184630 2467.9
1184640 2466.4
1184650 2466.4
1184660 2466.8
1184670 2469.7
1184680 2469.7
1184690 2473.1
1184700 2476.9
1184710 2480.7
1184720 2480.7
1184730 2483.7
1184740 2484.2
1184750 2484.2
1184760 2482.2
1184770 2476.5
1184780 2476.5
1184790 2469.9
1184800 2467.4
1184810 2467.4
1184820 2467.3
1184830 2467.7
1184840 2467.7
1184850 2468.9
1184860 2471.3
1184870 2471.3
1184880 2472.4
1184890 2470.1
1184900 2467.7
1184910 2467.7
1184920 2467.0
1184930 2465.3
1184940 2465.3
1184950 2464.0
1184960 2463.8
1184970 2463.8
1184980 2463.8
1184990 2464.6
1185000 2464.6
1185010 2467.5
1185020 2468.6
1185030 2462.6
1185040 2462.8
1185050 2462.4
1185060 2462.4
1185070 2461.5
1185080 2461.4
1185090 2461.4
1185100 2463.1
1185110 2465.7
1185120 2467.7
1185130 2467.7
1185140 2469.0
1185150 2469.4
1185160 2469.4
1185170 2469.0
1185180 2467.6
1185190 2467.6
1185200 2466.9
1185210 2470.6
1185220 2470.6
1185230 2474.6
1185240 2478.3
1185250 2478.3
1185260 2482.2
1185270 2485.8
1185280 2485.8
1185290 2489.1
1185300 2491.9
1185310 2494.1
1185320 2494.1
1185330 2496.1
1185340 2497.8
1185350 2497.8
1185360 2500.1
1185370 2502.2
1185380 2502.2
1185390 2504.0
1185400 2505.3
1185410 2505.3
1185420 2506.6
1185430 2507.8
1185440 2507.8
1185450 2505.8
1185460 2505.4
1185470 2505.4
1185480 2505.5
1185490 2507.0
1185500 2508.8
1185510 2508.8
1185520 2510.5
1185530 2512.4
1185540 2512.4
1185550 2514.6
1185560 2516.4
1185570 2516.4
1185580 2517.0
1185590 2518.3
1185600 2518.3
1185610 2520.7
1185620 2524.6
1185630 2524.6
1185640 2530.9
1185650 2538.7
1185660 2538.7
1185670 2546.6
1185680 2552.9
1185690 2558.0
1185700 2558.0
1185710 2562.4
1185720 2565.9
1185730 2565.9
1185740 2569.4
1185750 2574.1
1185760 2574.1
1185770 2579.0
1185780 2583.7
1185790 2583.7
1185800 2589.3
1185810 2594.4
1185820 2594.4
1185830 2598.1
1185840 2600.8
1185850 2600.8
1185860 2602.9
1185870 2604.6
1185880 2604.4
1185890 2604.4
1185900 2605.4
1185910 2607.9
1185920 2607.9
1185930 2611.9
1185940 2614.2
1185950 2614.2
1185960 2615.8
1185970 2617.6
1185980 2617.6
1185990 2619.4
1186000 2620.7
1186010 2620.7
1186020 2622.2
1186030 2623.8
1186040 2623.8
1186050 2625.3
1186060 2626.7
1186070 2626.7
1186080 2627.7
1186090 2628.5
1186100 2630.2
1186110 2630.2
1186120 2632.7
1186130 2635.4
1186140 2635.4
1186150 2638.9
1186160 2642.9
1186170 2642.9
1186180 2646.5
1186190 2649.3
1186200 2649.3
1186210 2651.6
1186220 2653.8
1186230 2653.8
1186240 2655.6
1186250 2656.7
1186260 2656.7
1186270 2657.6
1186280 2658.6
1186290 2660.0
1186300 2657.1
1186310 2657.9
1186320 2658.9
1186330 2658.9
1186340 2660.1
1186350 2662.3
1186360 2662.3
1186370 2665.7
1186380 2670.2
1186390 2670.2
1186400 2674.9
1186410 2679.5
1186420 2679.5
1186430 2684.2
1186440 2689.2
1186450 2689.2
1186460 2693.9
1186470 2698.8
1186480 2703.8
1186490 2703.8
1186500 2708.9
1186510 2714.0
1186520 2714.0
1186530 2719.3
1186540 2724.7
1186550 2724.7
1186560 2730.0
1186570 2734.5
1186580 2734.5
1186590 2738.4
1186600 2742.2
1186610 2742.2
1186620 2746.5
1186630 2751.5
1186640 2751.5
1186650 2756.4
1186660 2761.1
1186670 2765.7
1186680 2765.7
1186690 2770.3
1186700 2774.4
1186710 2774.4
1186720 2784.6
1186730 2788.6
1186740 2788.6
1186750 2793.8
1186760 2799.4
1186770 2799.4
1186780 2805.4
1186790 2812.1
1186800 2812.1
1186810 2821.8
1186820 2830.5
1186830 2830.5
1186840 2836.6
1186850 2843.1
1186860 2843.1
1186870 2851.3
1186880 2861.4
1186890 2872.0
1186900 2872.0
1186910 2886.0
1186920 2897.5
1186930 2897.5
1186940 2908.4
1186950 2920.2
1186960 2920.2
1186970 2927.5
1186980 2935.7
1186990 2935.7
1187000 2945.4
1187010 2952.1
1187020 2952.1
1187030 2957.2
1187040 2962.2
1187050 2962.2
1187060 2969.4
1187070 2976.2
1187080 2982.3
1187090 2982.3
1187100 2989.7
1187110 3003.0
1187120 3003.0
1187130 3017.3
1187140 3032.4
1187150 3042.4
1187160 3054.2
1187170 3061.1
1187180 3061.1
1187190 3071.3
1187200 3069.2
1187210 3069.2
1187220 3064.8
1187230 3060.7
1187240 3060.7
1187250 3056.3
1187260 3049.1
1187270 3038.0
1187280 3038.0
1187290 3031.1
1187300 3024.1
1187310 3024.1
1187320 3011.3
1187330 2999.1
1187340 2999.1
1187350 2986.9
1187360 2976.7
1187370 2976.7
1187380 2966.5
1187390 2957.8
1187400 2957.8
1187410 2949.4
1187420 2941.0
1187430 2941.0
1187440 2933.2
1187450 2925.2
1187460 2913.5
1187470 2913.5
1187480 2899.9
1187490 2892.3
1187500 2892.3
1187510 2886.0
1187520 2880.5
1187530 2880.5
1187540 2875.5
1187550 2870.3
1187560 2870.3
1187570 2866.9
1187580 2861.7
1187590 2861.7
1187600 2856.8
1187610 2851.5
1187620 2851.5
1187630 2845.9
1187640 2839.9
1187650 2834.5
1187660 2834.5
1187670 2830.9
1187680 2828.5
1187690 2828.5
1187700 2829.0
1187710 2831.1
1187720 2831.1
1187730 2831.0
1187740 2827.8
1187750 2827.8
1187760 2826.3
1187770 2824.7
1187780 2824.7
1187790 2821.2
1187800 2819.3
1187810 2819.3
1187820 2819.5
1187830 2818.6
1187840 2818.6
1187850 2814.6
1187860 2814.4
1187870 2813.6
1187880 2813.6
1187890 2812.1
1187900 2812.0
1187910 2812.0
1187920 2812.2
1187930 2813.0
1187940 2813.0
1187950 2814.0
1187960 2815.0
1187970 2815.0
1187980 2815.8
1187990 2816.5
1188000 2815.0
1188010 2815.9
1188020 2816.9
1188030 2816.9
1188040 2818.7
1188050 2821.3
1188060 2823.8
1188070 2823.8
1188080 2826.4
1188090 2828.7
1188100 2828.7
1188110 2829.2
1188120 2827.8
1188130 2827.8
1188140 2825.9
1188150 2825.0
1188160 2825.0
1188170 2825.7
1188180 2826.3
1188190 2826.3
1188200 2826.1
1188210 2825.4
1188220 2825.4
1188230 2823.9
1188240 2820.9
1188250 2816.3
1188260 2816.3
1188270 2812.5
1188280 2811.4
1188290 2811.4
1188300 2809.9
1188310 2808.2
1188320 2808.2
1188330 2805.3
1188340 2802.5
1188350 2802.5
1188360 2802.2
1188370 2801.3
1188380 2801.3
1188390 2801.0
1188400 2800.7
1188410 2800.7
1188420 2800.2
1188430 2797.7
1188440 2799.0
1188450 2799.0
1188460 2800.1
1188470 2801.4
1188480 2801.4
1188490 2803.3
1188500 2805.7
1188510 2805.7
1188520 2809.7
1188530 2814.5
1188540 2814.5
1188550 2818.7
1188560 2821.5
1188570 2821.5
1188580 2823.2
1188590 2823.9
1188600 2823.9
1188610 2825.2
1188620 2825.3
1188630 2825.3
1188640 2823.1
1188650 2821.4
1188660 2820.3
1188670 2820.3
1188680 2820.7
1188690 2820.7
1188700 2820.7
1188710 2819.9
1188720 2819.5
1188730 2819.5
1188740 2819.3
1188750 2817.6
1188760 2817.6
1188770 2817.5
1188780 2817.6
1188790 2817.6
1188800 2817.3
1188810 2819.3
1188820 2819.3
1188830 2818.9
1188840 2817.6
1188850 2811.5
1188860 2811.5
1188870 2809.3
1188880 2806.7
1188890 2806.7
1188900 2804.5
1188910 2802.9
1188920 2802.9
1188930 2801.7
1188940 2801.3
1188950 2801.3
1188960 2800.6
1188970 2800.7
1188980 2800.7
1188990 2801.2
1189000 2801.4
1189010 2801.4
1189020 2802.4
1189030 2804.7
1189040 2806.4
1189050 2806.4
1189060 2807.2
1189070 2807.3
1189080 2807.3
1189090 2810.3
1189100 2812.0
1189110 2812.0
1189120 2811.7
1189130 2807.3
1189140 2807.3
1189150 2803.4
1189160 2801.4
1189170 2801.4
1189180 2800.9
1189190 2797.5
1189200 2797.5
1189210 2792.7
1189220 2788.4
1189230 2780.2
1189240 2780.2
1189250 2767.8
1189260 2760.0
1189270 2760.0
1189280 2751.6
1189290 2747.0
1189300 2747.0
1189310 2742.4
1189320 2738.9
1189330 2738.9
1189340 2735.7
1189350 2729.7
1189360 2729.7
1189370 2725.1
1189380 2722.7
1189390 2722.7
1189400 2720.4
1189410 2717.9
1189420 2714.7
1189430 2714.7
1189440 2712.5
1189450 2710.3
1189460 2710.3
1189470 2707.2
1189480 2704.6
1189490 2704.6
1189500 2702.9
1189510 2700.6
1189520 2700.6
1189530 2697.7
1189540 2694.9
1189550 2694.9
1189560 2693.3
1189570 2691.8
1189580 2691.8
1189590 2689.9
1189600 2688.0
1189610 2688.0
1189620 2686.6
1189630 2684.0
1189640 2681.8
1189650 2681.8
1189660 2680.3
1189670 2679.1
1189680 2679.1
1189690 2677.6
1189700 2675.6
1189710 2675.9
1189720 2673.5
1189730 2671.8
1189740 2671.8
1189750 2670.4
1189760 2668.2
1189770 2668.2
1189780 2666.5
1189790 2665.2
1189800 2665.2
1189810 2664.3
1189820 2664.5
1189830 2664.1
1189840 2664.1
1189850 2663.3
1189860 2661.9
1189870 2661.9
1189880 2660.7
1189890 2660.7
1189900 2660.7
1189910 2661.3
1189920 2660.5
1189930 2660.5
1189940 2658.0
1189950 2653.2
1189960 2653.2
1189970 2647.6
1189980 2641.9
1189990 2641.9
1190000 2636.6
1190010 2632.2
1190020 2628.6
1190030 2628.6
1190040 2626.4
1190050 2624.1
1190060 2624.1
1190070 2622.4
1190080 2622.5
1190090 2622.5
1190100 2622.1
1190110 2621.0
1190120 2621.0
1190130 2619.9
1190140 2611.4
1190150 2611.4
1190160 2608.8
1190170 2603.7
1190180 2603.7
1190190 2599.7
1190200 2597.4
1190210 2595.8
1190220 2595.8
1190230 2590.1
1190240 2584.1
1190250 2584.1
1190260 2581.4
1190270 2579.5
1190280 2579.5
1190290 2574.6
1190300 2570.2
1190310 2570.2
1190320 2565.2
1190330 2559.7
1190340 2559.7
1190350 2552.8
1190360 2544.1
1190370 2544.1
1190380 2540.2
1190390 2536.9
1190400 2533.3
1190410 2533.3
1190420 2530.5
1190430 2527.1
1190440 2527.1
1190450 2526.2
1190460 2524.4
1190470 2524.4
1190480 2521.5
1190490 2517.9
1190500 2517.9
1190510 2514.1
1190520 2510.5
1190530 2510.5
1190540 2506.6
1190550 2501.3
1190560 2501.3
1190570 2487.2
1190580 2477.3
1190590 2477.3
1190600 2465.0
1190610 2457.3
1190620 2449.1
1190630 2449.1
1190640 2439.4
1190650 2430.6
1190660 2430.6
1190670 2422.6
1190680 2413.0
1190690 2413.0
1190700 2404.9
1190710 2398.6
1190720 2398.6
1190730 2393.0
1190740 2387.1
1190750 2387.1
1190760 2381.4
1190770 2376.6
1190780 2376.6
1190790 2371.7
1190800 2367.5
1190810 2362.7
1190820 2362.7
1190830 2357.4
1190840 2351.1
1190850 2351.1
1190860 2345.1
1190870 2339.7
1190880 2339.7
1190890 2333.6
1190900 2327.7
1190910 2327.7
1190920 2322.2
1190930 2316.2
1190940 2316.2
1190950 2310.8
1190960 2308.2
1190970 2308.2
1190980 2308.5
1190990 2308.3
1191000 2308.3
1191010 2308.3
1191020 2308.4
1191030 2309.6
1191040 2309.6
1191050 2311.2
1191060 2312.9
1191070 2312.9
1191080 2314.8
1191090 2316.6
1191100 2316.6
1191110 2318.2
1191120 2319.8
1191130 2319.8
1191140 2321.5
1191150 2323.3
1191160 2323.3
1191170 2324.9
1191180 2326.7
1191190 2328.5
1191200 2328.5
1191210 2330.9
1191220 2333.0
1191230 2333.0
1191240 2335.0
1191250 2336.8
1191260 2336.8
1191270 2338.7
1191280 2341.0
1191290 2341.0
1191300 2342.8
1191310 2344.4
1191320 2344.4
1191330 2345.8
1191340 2346.8
1191350 2346.8
1191360 2347.8
1191370 2348.6
1191380 2349.7
1191390 2349.7
1191400 2350.7
1191410 2351.7
1191420 2351.7
1191430 2357.5
1191440 2358.2
1191450 2358.2
1191460 2359.0
1191470 2359.9
1191480 2359.9
1191490 2361.0
1191500 2361.8
1191510 2361.8
1191520 2362.3
1191530 2362.9
1191540 2362.9
1191550 2363.8
1191560 2364.9
1191570 2364.9
1191580 2364.6
1191590 2364.3
1191600 2364.4
1191610 2364.4
1191620 2365.2
1191630 2365.0
1191640 2365.0
1191650 2365.3
1191660 2365.9
1191670 2365.9
1191680 2366.5
1191690 2367.3
1191700 2367.3
1191710 2368.1
1191720 2369.3
1191730 2369.3
1191740 2371.3
1191750 2373.6
1191760 2373.6
1191770 2376.6
1191780 2380.1
1191790 2383.1
1191800 2383.1
1191810 2386.3
1191820 2389.8
1191830 2389.8
1191840 2393.2
1191850 2395.9
1191860 2401.5
1191870 2404.1
1191880 2406.5
1191890 2406.5
1191900 2408.8
1191910 2410.8
1191920 2410.8
1191930 2412.1
1191940 2412.9
1191950 2412.9
1191960 2413.5
1191970 2413.5
1191980 2412.6
1191990 2412.6
1192000 2411.5
1192010 2409.6
1192020 2409.6
1192030 2409.1
1192040 2408.4
1192050 2408.4
1192060 2408.9
1192070 2412.4
1192080 2412.4
1192090 2416.8
1192100 2421.7
1192110 2421.7
1192120 2426.7
1192130 2431.9
1192140 2431.9
1192150 2437.3
1192160 2442.1
1192170 2446.3
1192180 2446.3
1192190 2449.8
1192200 2452.9
1192210 2452.9
1192220 2455.2
1192230 2456.7
1192240 2456.7
1192250 2457.8
1192260 2460.5
1192270 2460.5
1192280 2470.3
1192290 2488.3
1192300 2488.3
1192310 2488.8
1192320 2491.8
1192330 2491.8
1192340 2495.8
1192350 2499.0
1192360 2499.0
1192370 2498.8
1192380 2499.8
1192390 2503.3
1192400 2503.3
1192410 2503.4
1192420 2496.9
1192430 2496.9
1192440 2486.8
1192450 2481.9
1192460 2481.9
1192470 2483.2
1192480 2484.8
1192490 2484.8
1192500 2487.2
1192510 2492.2
1192520 2492.2
1192530 2498.3
1192540 2505.2
1192550 2505.2
1192560 2509.4
1192570 2510.3
1192580 2508.4
1192590 2508.4
1192600 2502.3
1192610 2503.2
1192620 2503.2
1192630 2514.5
1192640 2518.1
1192650 2518.1
1192660 2516.9
1192670 2517.6
1192680 2517.6
1192690 2523.4
1192700 2531.3
1192710 2531.3
1192720 2534.4
1192730 2537.0
1192740 2537.0
1192750 2528.8
1192760 2523.8
1192770 2522.3
1192780 2522.3
1192790 2517.5
1192800 2514.0
1192810 2514.0
1192820 2510.8
1192830 2510.8
1192840 2510.8
1192850 2514.0
1192860 2520.9
1192870 2520.9
1192880 2530.3
1192890 2541.4
1192900 2541.4
1192910 2553.7
1192920 2563.5
1192930 2563.5
1192940 2564.6
1192950 2556.7
1192960 2549.1
1192970 2549.1
1192980 2541.5
1192990 2535.6
1193000 2535.6
1193010 2531.9
1193020 2530.1
1193030 2530.1
1193040 2529.0
1193050 2530.9
1193060 2530.9
1193070 2533.6
1193080 2534.2
1193090 2534.2
1193100 2538.3
1193110 2540.9
1193120 2540.9
1193130 2544.4
1193140 2551.4
1193150 2555.9
1193160 2563.7
1193170 2564.9
1193180 2563.7
1193190 2563.7
1193200 2567.5
1193210 2573.1
1193220 2573.1
1193230 2576.9
1193240 2583.4
1193250 2583.4
1193260 2586.0
1193270 2579.5
1193280 2579.5
1193290 2571.0
1193300 2564.6
1193310 2564.6
1193320 2563.8
1193330 2566.4
1193340 2566.4
1193350 2565.6
1193360 2564.7
1193370 2567.7
1193380 2567.7
1193390 2572.0
1193400 2574.7
1193410 2574.7
1193420 2571.4
1193430 2565.5
1193440 2565.5
1193450 2559.3
1193460 2552.4
1193470 2552.4
1193480 2544.8
1193490 2537.7
1193500 2537.7
1193510 2530.4
1193520 2522.7
1193530 2522.7
1193540 2514.6
1193550 2506.2
1193560 2499.5
1193570 2499.5
1193580 2493.3
1193590 2483.3
1193600 2484.9
1193610 2475.0
1193620 2467.3
1193630 2467.3
1193640 2459.7
1193650 2452.9
1193660 2452.9
1193670 2446.5
1193680 2439.5
1193690 2439.5
1193700 2429.9
1193710 2420.8
1193720 2420.8
1193730 2411.1
1193740 2402.2
1193750 2395.6
1193760 2395.6
1193770 2390.1
1193780 2384.6
1193790 2384.6
1193800 2379.4
1193810 2375.0
1193820 2375.0
1193830 2370.8
1193840 2365.7
1193850 2365.7
1193860 2358.0
1193870 2349.1
1193880 2349.1
1193890 2340.2
1193900 2333.1
1193910 2333.1
1193920 2325.4
1193930 2317.9
1193940 2312.3
1193950 2312.3
1193960 2307.6
1193970 2302.6
1193980 2302.6
1193990 2297.3
1194000 2292.0
1194010 2292.0
1194020 2286.3
1194030 2278.4
1194040 2278.4
1194050 2272.3
1194060 2266.0
1194070 2266.0
1194080 2260.5
1194090 2255.1
1194100 2255.1
1194110 2249.6
1194120 2244.2
1194130 2238.2
1194140 2238.2
1194150 2231.5
1194160 2225.4
1194170 2225.4
1194180 2221.4
1194190 2217.4
1194200 2217.4
1194210 2211.9
1194220 2205.5
1194230 2205.5
1194240 2199.9
1194250 2192.1
1194260 2192.1
1194270 2183.1
1194280 2175.0
1194290 2175.0
1194300 2166.5
1194310 2158.5
1194320 2158.5
1194330 2152.7
1194340 2148.5
1194350 2143.5
1194360 2143.5
1194370 2137.9
1194380 2132.7
1194390 2132.7
1194400 2127.9
1194410 2122.4
1194420 2122.4
1194430 2116.7
1194440 2110.6
1194450 2110.6
1194460 2104.7
1194470 2098.7
1194480 2098.7
1194490 2091.8
1194500 2081.9
1194510 2081.9
1194520 2072.5
1194530 2064.2
1194540 2055.1
1194550 2055.1
1194560 2046.2
1194570 2037.3
1194580 2037.3
1194590 2026.2
1194600 2015.9
1194610 2015.9
1194620 2005.7
1194630 1997.1
1194640 1997.1
1194650 1988.5
1194660 1980.0
1194670 1980.0
1194680 1972.0
1194690 1963.7
1194700 1963.7
1194710 1955.7
1194720 1949.4
1194730 1942.3
1194740 1942.3
1194750 1933.2
1194760 1924.5
1194770 1924.5
1194780 1917.0
1194790 1909.3
1194800 1909.3
1194810 1900.5
1194820 1891.6
1194830 1891.6
1194840 1883.0
1194850 1875.3
1194860 1875.3
1194870 1868.5
1194880 1860.7
1194890 1860.7
1194900 1852.2
1194910 1846.0
1194920 1841.3
1194930 1841.3
1194940 1839.5
1194950 1835.5
1194960 1835.5
1194970 1827.5
1194980 1819.1
1194990 1819.1
1195000 1809.9
1195010 1800.4
1195020 1800.4
1195030 1791.7
1195040 1783.8
1195050 1783.8
1195060 1776.2
1195070 1770.5
1195080 1770.5
1195090 1763.0
1195100 1759.5
1195110 1759.4
1195120 1759.4
1195130 1759.4
1195140 1759.4
1195150 1759.4
1195160 1759.4
1195170 1759.4
1195180 1759.4
1195190 1759.4
1195200 1759.4
1195210 1759.4
1195220 1759.4
1195230 1759.4
1195240 1759.4
1195250 1759.4
1195260 1759.4
1195270 1759.4
1195280 1759.4
1195290 1759.4
1195300 1759.4
1195310 1759.4
1195320 1759.4
1195330 1759.4
1195340 1759.4
1195350 1759.4
1195360 1759.4
1195370 1759.4
1195380 1759.4
1195390 1759.4
1195400 1759.4
1195410 1759.4
1195420 1759.4
1195430 1759.4
1195440 1759.4
1195450 1759.4
1195460 1759.4
1195470 1759.4
1195480 1759.4
1195490 1759.4
1195500 1759.4
1195510 1759.4
1195520 1759.4
1195530 1759.4
1195540 1759.4
1195550 1759.4
1195560 1759.4
1195570 1759.4
1195580 1759.4
1195590 1759.4
1195600 1759.4
1195610 1759.4
1195620 1759.4
1195630 1759.4
1195640 1759.4
1195650 1759.4
1195660 1759.4
1195670 1759.4
1195680 1759.4
1195690 1759.4
1195700 1759.7
1195710 1763.8
1195720 1763.8
1195730 1771.0
1195740 1779.0
1195750 1779.0
1195760 1786.6
1195770 1790.9
1195780 1795.9
1195790 1804.4
1195800 1807.5
1195810 1807.5
1195820 1809.0
1195830 1812.6
1195840 1812.6
1195850 1817.4
1195860 1823.5
1195870 1823.5
1195880 1830.1
1195890 1837.7
1195900 1846.0
1195910 1846.0
1195920 1854.1
1195930 1863.9
1195940 1863.9
1195950 1877.2
1195960 1887.1
1195970 1887.1
1195980 1891.9
1195990 1895.7
1196000 1895.7
1196010 1901.8
1196020 1907.5
1196030 1907.5
1196040 1913.6
1196050 1921.5
1196060 1921.5
1196070 1931.9
1196080 1944.1
1196090 1955.4
1196100 1955.4
1196110 1963.2
1196120 1967.6
1196130 1967.6
1196140 1969.1
1196150 1972.2
1196160 1972.2
1196170 1976.9
1196180 1983.2
1196190 1983.2
1196200 1990.3
1196210 1998.8
1196220 1998.8
1196230 2004.6
1196240 2016.9
1196250 2016.9
1196260 2032.4
1196270 2040.0
1196280 2040.0
1196290 2044.4
1196300 2047.8
1196310 2051.3
1196320 2051.3
1196330 2053.6
1196340 2058.9
1196350 2058.9
1196360 2065.5
1196370 2071.2
1196380 2071.2
1196390 2078.0
1196400 2084.7
1196410 2084.7
1196420 2092.7
1196430 2101.3
1196440 2101.3
1196450 2107.6
1196460 2114.8
1196470 2114.8
1196480 2123.5
1196490 2131.6
1196500 2140.9
1196510 2140.9
1196520 2149.7
1196530 2156.4
1196540 2156.4
1196550 2163.2
1196560 2170.2
1196570 2170.2
1196580 2176.1
1196590 2181.4
1196600 2181.4
1196610 2187.3
1196620 2193.4
1196630 2193.4
1196640 2199.5
1196650 2203.6
1196660 2203.6
1196670 2209.4
1196680 2215.4
1196690 2221.4
1196700 2221.4
1196710 2227.6
1196720 2233.2
1196730 2233.2
1196740 2237.8
1196750 2243.2
1196760 2243.2
1196770 2250.1
1196780 2258.1
1196790 2258.1
1196800 2266.0
1196810 2272.1
1196820 2272.1
1196830 2277.3
1196840 2283.3
1196850 2283.3
1196860 2289.7
1196870 2296.4
1196880 2303.6
1196890 2303.6
1196900 2311.7
1196910 2321.6
1196920 2321.6
1196930 2332.8
1196940 2341.9
1196950 2341.9
1196960 2351.5
1196970 2361.7
1196980 2361.7
1196990 2371.9
1197000 2380.7
1197010 2380.7
1197020 2389.0
1197030 2397.2
1197040 2397.2
1197050 2407.7
1197060 2420.1
1197070 2420.1
1197080 2429.8
1197090 2439.5
1197100 2445.4
1197110 2445.4
1197120 2452.2
1197130 2458.5
1197140 2458.5
1197150 2465.0
1197160 2472.7
1197170 2472.7
1197180 2482.2
1197190 2492.0
1197200 2492.0
1197210 2500.4
1197220 2507.3
1197230 2507.3
1197240 2517.6
1197250 2527.1
1197260 2527.1
1197270 2535.4
1197280 2547.4
1197290 2557.6
1197300 2557.6
1197310 2563.0
1197320 2568.9
1197330 2568.9
1197340 2577.0
1197350 2585.5
1197360 2585.5
1197370 2592.4
1197380 2596.0
1197390 2596.0
1197400 2597.2
1197410 2600.5
1197420 2600.5
1197430 2605.9
1197440 2611.3
1197450 2611.3
1197460 2616.9
1197470 2623.4
1197480 2629.3
1197490 2629.3
1197500 2636.6
1197510 2645.2
1197520 2645.2
1197530 2649.1
1197540 2655.8
1197550 2655.8
1197560 2663.0
1197570 2670.4
1197580 2670.4
1197590 2678.0
1197600 2686.2
1197610 2686.2
1197620 2691.7
1197630 2699.1
1197640 2699.1
1197650 2705.1
1197660 2709.8
1197670 2715.6
1197680 2715.6
1197690 2720.9
1197700 2726.1
1197710 2726.1
1197720 2732.6
1197730 2739.3
1197740 2739.3
1197750 2746.4
1197760 2753.4
1197770 2753.4
1197780 2760.1
1197790 2767.4
1197800 2767.4
1197810 2774.1
1197820 2780.8
1197830 2780.8
1197840 2787.1
1197850 2794.9
1197860 2801.8
1197870 2801.8
1197880 2806.7
1197890 2811.5
1197900 2811.5
1197910 2817.2
1197920 2822.6
1197930 2822.6
1197940 2827.4
1197950 2832.5
1197960 2832.5
1197970 2843.5
1197980 2849.4
1197990 2849.4
1198000 2851.0
1198010 2850.9
1198020 2850.9
1198030 2852.2
1198040 2855.3
1198050 2855.3
1198060 2858.9
1198070 2861.3
1198080 2861.4
1198090 2861.4
1198100 2859.4
1198110 2858.2
1198120 2858.2
1198130 2857.8
1198140 2856.8
1198150 2856.8
1198160 2855.5
1198170 2854.3
1198180 2854.3
1198190 2852.6
1198200 2850.0
1198210 2850.0
1198220 2847.2
1198230 2844.7
1198240 2844.7
1198250 2842.9
1198260 2840.5
1198270 2837.6
1198280 2837.6
1198290 2834.9
1198300 2832.3
1198310 2832.3
1198320 2830.1
1198330 2828.1
1198340 2828.1
1198350 2826.7
1198360 2825.7
1198370 2825.7
1198380 2824.2
1198390 2822.5
1198400 2822.5
1198410 2829.1
1198420 2828.3
1198430 2828.3
1198440 2827.1
1198450 2825.2
1198460 2823.3
1198470 2823.3
1198480 2822.2
1198490 2822.3
1198500 2822.3
1198510 2822.1
1198520 2820.9
1198530 2820.9
1198540 2819.5
1198550 2818.0
1198560 2818.0
1198570 2817.2
1198580 2816.3
1198590 2816.3
1198600 2815.8
1198610 2817.7
1198620 2817.7
1198630 2820.0
1198640 2822.3
1198650 2823.9
1198660 2823.9
1198670 2825.0
1198680 2825.4
1198690 2825.4
1198700 2827.9
1198710 2830.1
1198720 2830.1
1198730 2832.8
1198740 2833.5
1198750 2833.5
1198760 2833.2
1198770 2833.1
1198780 2833.1
1198790 2832.5
1198800 2830.3
1198810 2830.3
1198820 2827.5
1198830 2825.8
1198840 2824.1
1198850 2824.1
1198860 2816.6
1198870 2823.5
1198880 2823.5
1198890 2827.2
1198900 2828.4
1198910 2828.4
1198920 2829.0
1198930 2830.1
1198940 2830.1
1198950 2831.9
1198960 2833.8
1198970 2833.8
1198980 2838.4
1198990 2843.4
1199000 2843.4
1199010 2847.5
1199020 2851.8
1199030 2851.8
1199040 2855.9
1199050 2862.0
1199060 2867.6
1199070 2867.6
1199080 2875.2
1199090 2883.8
1199100 2883.8
1199110 2892.1
1199120 2901.6
1199130 2901.6
1199140 2910.3
1199150 2912.1
1199160 2912.1
1199170 2911.1
1199180 2913.5
1199190 2913.5
1199200 2917.0
1199210 2920.1
1199220 2920.1
1199230 2927.1
1199240 2935.6
1199250 2940.6
1199260 2940.6
1199270 2944.4
1199280 2947.3
1199290 2947.3
1199300 2942.1
1199310 2947.5
1199320 2947.5
1199330 2955.3
1199340 2969.6
1199350 2969.6
1199360 2988.0
1199370 2999.1
1199380 2999.1
1199390 3009.4
1199400 3019.9
1199410 3019.9
1199420 3029.6
1199430 3040.2
1199440 3048.4
1199450 3048.4
1199460 3059.5
1199470 3070.3
1199480 3070.3
1199490 3076.9
1199500 3081.2
1199510 3081.2
1199520 3086.7
1199530 3091.8
1199540 3091.8
1199550 3095.0
1199560 3099.2
1199570 3099.2
1199580 3102.8
1199590 3107.0
1199600 3107.0
1199610 3111.4
1199620 3116.7
1199630 3121.3
1199640 3121.3
1199650 3125.0
1199660 3127.8
1199670 3127.8
1199680 3132.4
1199690 3136.3
1199700 3136.3
1199710 3139.4
1199720 3141.0
1199730 3141.0
1199740 3153.4
1199750 3157.4
1199760 3157.4
1199770 3162.6
1199780 3163.9
1199790 3163.9
1199800 3169.8
1199810 3176.6
1199820 3184.6
1199830 3184.6
1199840 3194.6
1199850 3197.2
1199860 3197.2
1199870 3196.5
1199880 3195.4
1199890 3195.4
1199900 3193.5
1199910 3190.9
1199920 3190.9
1199930 3187.6
1199940 3184.3
1199950 3184.3
1199960 3180.3
1199970 3177.0
1199980 3177.0
1199990 3177.1
