1180000 1725.9
1180010 1725.9
1180020 1728.9
1180030 1732.2
1180040 1732.2
1180050 1736.1
1180060 1740.3
1180070 1740.3
1180080 1743.9
1180090 1747.1
1180100 1747.1
1180110 1750.0
1180120 1752.2
1180130 1752.2
1180140 1753.8
1180150 1756.1
1180160 1756.1
1180170 1760.7
1180180 1766.7
1180190 1773.6
1180200 1773.6
1180210 1780.3
1180220 1785.5
1180230 1785.5
1180240 1789.6
1180250 1793.4
1180260 1793.4
1180270 1797.2
1180280 1801.3
1180290 1801.3
1180300 1805.9
1180310 1811.1
1180320 1811.1
1180330 1816.0
1180340 1820.2
1180350 1820.2
1180360 1824.7
1180370 1827.6
1180380 1831.9
1180390 1831.9
1180400 1837.2
1180410 1841.6
1180420 1841.6
1180430 1845.8
1180440 1849.7
1180450 1849.7
1180460 1853.9
1180470 1858.1
1180480 1858.1
1180490 1861.8
1180500 1865.9
1180510 1865.9
1180520 1870.3
1180530 1874.8
1180540 1874.8
1180550 1878.8
1180560 1884.6
1180570 1890.1
1180580 1890.1
1180590 1895.1
1180600 1899.6
1180610 1899.6
1180620 1903.7
1180630 1908.6
1180640 1908.6
1180650 1913.2
1180660 1917.4
1180670 1917.4
1180680 1923.0
1180690 1928.9
1180700 1928.9
1180710 1933.6
1180720 1937.2
1180730 1937.2
1180740 1940.3
1180750 1943.1
1180760 1945.5
1180770 1945.5
1180780 1945.3
1180790 1946.2
1180800 1946.2
1180810 1947.1
1180820 1949.6
1180830 1949.6
1180840 1952.6
1180850 1954.8
1180860 1954.8
1180870 1957.5
1180880 1961.6
1180890 1961.6
1180900 1965.8
1180910 1969.4
1180920 1969.4
1180930 1974.4
1180940 1979.1
1180950 1979.1
1180960 1983.3
1180970 1990.7
1180980 1998.9
1180990 1998.9
1181000 2006.4
1181010 2012.4
1181020 2012.4
1181030 2017.3
1181040 2022.0
1181050 2022.0
1181060 2025.8
1181070 2028.9
1181080 2028.9
1181090 2031.9
1181100 2035.5
1181110 2035.5
1181120 2039.7
1181130 2043.6
1181140 2043.6
1181150 2047.6
1181160 2051.4
1181170 2054.9
1181180 2054.9
1181190 2058.5
1181200 2058.9
1181210 2058.9
1181220 2061.4
1181230 2064.7
1181240 2064.7
1181250 2068.1
1181260 2071.5
1181270 2071.5
1181280 2074.8
1181290 2077.5
1181300 2077.5
1181310 2081.2
1181320 2085.9
1181330 2085.9
1181340 2090.6
1181350 2094.9
1181360 2098.4
1181370 2098.4
1181380 2101.6
1181390 2104.9
1181400 2104.9
1181410 2107.7
1181420 2110.3
1181430 2110.3
1181440 2113.1
1181450 2116.0
1181460 2116.0
1181470 2118.6
1181480 2121.2
1181490 2121.2
1181500 2124.0
1181510 2126.9
1181520 2126.9
1181530 2129.5
1181540 2132.3
1181550 2135.1
1181560 2135.1
1181570 2137.4
1181580 2139.8
1181590 2139.8
1181600 2141.3
1181610 2140.8
1181620 2140.8
1181630 2142.4
1181640 2144.2
1181650 2144.2
1181660 2146.6
1181670 2148.8
1181680 2148.8
1181690 2151.2
1181700 2153.6
1181710 2153.6
1181720 2156.1
1181730 2158.2
1181740 2158.2
1181750 2159.8
1181760 2161.7
1181770 2164.4
1181780 2164.4
1181790 2167.2
1181800 2169.7
1181810 2169.7
1181820 2172.6
1181830 2175.5
1181840 2175.5
1181850 2178.1
1181860 2181.3
1181870 2181.3
1181880 2184.7
1181890 2187.0
1181900 2187.0
1181910 2188.7
1181920 2190.1
1181930 2190.1
1181940 2191.6
1181950 2193.7
1181960 2195.9
1181970 2195.9
1181980 2198.0
1181990 2200.1
1182000 2200.1
1182010 2202.4
1182020 2204.4
1182030 2200.5
1182040 2202.5
1182050 2204.9
1182060 2204.9
1182070 2207.5
1182080 2209.6
1182090 2209.6
1182100 2211.4
1182110 2213.0
1182120 2213.0
1182130 2214.6
1182140 2216.3
1182150 2218.4
1182160 2218.4
1182170 2220.8
1182180 2224.0
1182190 2224.0
1182200 2227.4
1182210 2230.9
1182220 2230.9
1182230 2233.4
1182240 2235.9
1182250 2235.9
1182260 2238.4
1182270 2240.6
1182280 2240.6
1182290 2243.1
1182300 2245.6
1182310 2245.6
1182320 2247.9
1182330 2250.7
1182340 2253.2
1182350 2253.2
1182360 2255.8
1182370 2259.0
1182380 2259.0
1182390 2262.4
1182400 2266.0
1182410 2266.0
1182420 2269.6
1182430 2273.0
1182440 2273.0
1182450 2273.1
1182460 2278.4
1182470 2278.4
1182480 2283.1
1182490 2286.7
1182500 2286.7
1182510 2291.4
1182520 2296.5
1182530 2296.5
1182540 2301.6
1182550 2306.5
1182560 2311.1
1182570 2311.1
1182580 2315.5
1182590 2319.7
1182600 2319.7
1182610 2323.0
1182620 2327.3
1182630 2327.3
1182640 2332.2
1182650 2337.4
1182660 2337.4
1182670 2343.3
1182680 2349.5
1182690 2349.5
1182700 2355.9
1182710 2362.1
1182720 2362.1
1182730 2368.1
1182740 2373.9
1182750 2380.0
1182760 2380.0
1182770 2385.4
1182780 2390.5
1182790 2390.5
1182800 2395.7
1182810 2401.2
1182820 2401.2
1182830 2406.4
1182840 2411.1
1182850 2411.1
1182860 2415.4
1182870 2415.9
1182880 2415.9
1182890 2419.4
1182900 2422.9
1182910 2422.9
1182920 2425.7
1182930 2427.8
1182940 2428.9
1182950 2428.9
1182960 2430.8
1182970 2433.1
1182980 2433.1
1182990 2435.2
1183000 2437.4
1183010 2437.4
1183020 2439.0
1183030 2440.7
1183040 2440.7
1183050 2442.0
1183060 2444.4
1183070 2444.4
1183080 2446.5
1183090 2448.0
1183100 2448.0
1183110 2449.6
1183120 2450.7
1183130 2450.7
1183140 2450.5
1183150 2450.6
1183160 2451.6
1183170 2451.6
1183180 2452.4
1183190 2452.9
1183200 2452.9
1183210 2454.2
1183220 2456.4
1183230 2456.4
1183240 2458.7
1183250 2462.1
1183260 2462.1
1183270 2465.1
1183280 2467.5
1183290 2461.3
1183300 2462.5
1183310 2463.7
1183320 2463.7
1183330 2466.3
1183340 2468.9
1183350 2471.6
1183360 2471.6
1183370 2474.2
1183380 2475.9
1183390 2475.9
1183400 2476.4
1183410 2476.5
1183420 2476.5
1183430 2475.5
1183440 2475.0
1183450 2475.0
1183460 2478.1
1183470 2482.3
1183480 2482.3
1183490 2486.2
1183500 2490.0
1183510 2490.0
1183520 2494.1
1183530 2497.0
1183540 2499.7
1183550 2499.7
1183560 2503.1
1183570 2508.1
1183580 2508.1
1183590 2512.3
1183600 2516.2
1183610 2516.2
1183620 2519.8
1183630 2522.8
1183640 2522.8
1183650 2524.6
1183660 2527.0
1183670 2527.0
1183680 2532.0
1183690 2537.0
1183700 2537.0
1183710 2541.7
1183720 2547.8
1183730 2553.5
1183740 2553.5
1183750 2559.6
1183760 2564.6
1183770 2564.6
1183780 2569.2
1183790 2573.9
1183800 2573.9
1183810 2578.5
1183820 2584.1
1183830 2584.1
1183840 2589.5
1183850 2593.5
1183860 2593.5
1183870 2597.6
1183880 2601.7
1183890 2601.7
1183900 2606.7
1183910 2614.1
1183920 2614.1
1183930 2620.9
1183940 2625.9
1183950 2629.9
1183960 2629.9
1183970 2634.9
1183980 2642.1
1183990 2642.1
1184000 2648.5
1184010 2654.9
1184020 2654.9
1184030 2661.5
1184040 2667.8
1184050 2667.8
1184060 2674.8
1184070 2682.2
1184080 2682.2
1184090 2690.2
1184100 2697.2
1184110 2697.2
1184120 2702.8
1184130 2708.4
1184140 2712.7
1184150 2712.7
1184160 2717.9
1184170 2723.2
1184180 2723.2
1184190 2727.8
1184200 2731.1
1184210 2731.1
1184220 2732.1
1184230 2731.0
1184240 2731.0
1184250 2729.9
1184260 2730.5
1184270 2730.5
1184280 2731.4
1184290 2732.1
1184300 2732.1
1184310 2733.0
1184320 2733.4
1184330 2734.8
1184340 2734.8
1184350 2737.3
1184360 2739.4
1184370 2739.4
1184380 2740.8
1184390 2743.7
1184400 2743.7
1184410 2748.1
1184420 2752.3
1184430 2752.3
1184440 2756.4
1184450 2760.5
1184460 2760.5
1184470 2765.3
1184480 2771.0
1184490 2771.0
1184500 2770.0
1184510 2765.4
1184520 2758.9
1184530 2758.9
1184540 2748.7
1184550 2743.4
1184560 2743.4
1184570 2736.4
1184580 2730.5
1184590 2730.5
1184600 2725.3
1184610 2723.6
1184620 2723.6
1184630 2721.4
1184640 2717.9
1184650 2717.9
1184660 2713.4
1184670 2709.2
1184680 2709.2
1184690 2708.4
1184700 2707.1
1184710 2707.1
1184720 2706.9
1184730 2707.0
1184740 2706.5
1184750 2706.5
1184760 2705.2
1184770 2702.8
1184780 2702.8
1184790 2701.8
1184800 2701.7
1184810 2701.7
1184820 2702.2
1184830 2704.3
1184840 2704.3
1184850 2708.3
1184860 2709.9
1184870 2709.9
1184880 2709.7
1184890 2707.9
1184900 2707.9
1184910 2711.8
1184920 2717.2
1184930 2720.6
1184940 2720.6
1184950 2722.0
1184960 2722.9
1184970 2728.0
1184980 2728.8
1184990 2728.7
1185000 2728.7
1185010 2729.4
1185020 2731.7
1185030 2731.7
1185040 2733.7
1185050 2736.9
1185060 2736.9
1185070 2741.3
1185080 2745.4
1185090 2745.4
1185100 2748.3
1185110 2750.7
1185120 2753.7
1185130 2753.7
1185140 2758.5
1185150 2764.0
1185160 2764.0
1185170 2772.2
1185180 2780.1
1185190 2780.1
1185200 2786.8
1185210 2792.4
1185220 2792.4
1185230 2797.5
1185240 2802.1
1185250 2802.1
1185260 2805.9
1185270 2808.7
1185280 2808.7
1185290 2811.1
1185300 2812.7
1185310 2813.5
1185320 2813.5
1185330 2813.0
1185340 2811.6
1185350 2811.6
1185360 2811.6
1185370 2811.4
1185380 2811.4
1185390 2808.3
1185400 2806.9
1185410 2806.9
1185420 2806.4
1185430 2806.1
1185440 2806.1
1185450 2806.4
1185460 2807.5
1185470 2807.5
1185480 2808.6
1185490 2811.1
1185500 2811.1
1185510 2814.1
1185520 2817.7
1185530 2821.4
1185540 2821.4
1185550 2825.1
1185560 2829.0
1185570 2829.0
1185580 2833.5
1185590 2839.1
1185600 2839.1
1185610 2845.8
1185620 2852.7
1185630 2852.7
1185640 2858.6
1185650 2864.0
1185660 2864.0
1185670 2869.4
1185680 2875.6
1185690 2875.6
1185700 2882.8
1185710 2889.4
1185720 2893.2
1185730 2893.2
1185740 2895.0
1185750 2896.4
1185760 2896.4
1185770 2897.4
1185780 2898.5
1185790 2898.5
1185800 2899.2
1185810 2899.0
1185820 2906.9
1185830 2906.9
1185840 2906.6
1185850 2906.6
1185860 2907.1
1185870 2909.0
1185880 2909.0
1185890 2910.2
1185900 2912.9
1185910 2915.7
1185920 2915.7
1185930 2917.6
1185940 2920.8
1185950 2920.8
1185960 2924.6
1185970 2926.4
1185980 2926.4
1185990 2927.0
1186000 2927.6
1186010 2927.6
1186020 2929.1
1186030 2930.9
1186040 2930.9
1186050 2933.6
1186060 2936.6
1186070 2936.6
1186080 2940.3
1186090 2944.2
1186100 2947.3
1186110 2947.3
1186120 2950.6
1186130 2953.9
1186140 2953.9
1186150 2956.6
1186160 2959.6
1186170 2959.6
1186180 2963.1
1186190 2965.9
1186200 2965.9
1186210 2968.1
1186220 2969.9
1186230 2969.9
1186240 2971.3
1186250 2973.4
1186260 2973.4
1186270 2976.3
1186280 2980.5
1186290 2980.5
1186300 2982.7
1186310 2986.6
1186320 2992.6
1186330 2992.6
1186340 3000.1
1186350 3008.7
1186360 3008.7
1186370 3017.9
1186380 3024.8
1186390 3024.8
1186400 3030.4
1186410 3036.6
1186420 3036.6
1186430 3042.6
1186440 3047.4
1186450 3047.4
1186460 3052.0
1186470 3055.4
1186480 3055.4
1186490 3058.7
1186500 3063.5
1186510 3067.1
1186520 3067.1
1186530 3069.2
1186540 3071.0
1186550 3071.0
1186560 3071.8
1186570 3068.1
1186580 3068.1
1186590 3062.8
1186600 3054.4
1186610 3054.4
1186620 3044.5
1186630 3035.1
1186640 3035.1
1186650 3025.0
1186660 3016.7
1186670 3022.8
1186680 3015.2
1186690 3008.3
1186700 3003.9
1186710 3003.9
1186720 3000.6
1186730 2995.5
1186740 2995.5
1186750 2989.8
1186760 2985.7
1186770 2985.7
1186780 2981.2
1186790 2973.9
1186800 2973.9
1186810 2968.3
1186820 2965.3
1186830 2965.3
1186840 2963.2
1186850 2961.7
1186860 2961.7
1186870 2960.8
1186880 2960.3
1186890 2960.5
1186900 2960.5
1186910 2961.2
1186920 2962.3
1186930 2962.3
1186940 2963.1
1186950 2963.3
1186960 2963.3
1186970 2964.5
1186980 2965.7
1186990 2965.7
1187000 2966.4
1187010 2964.8
1187020 2964.8
1187030 2956.6
1187040 2948.9
1187050 2948.9
1187060 2938.8
1187070 2926.3
1187080 2926.3
1187090 2912.9
1187100 2907.2
1187110 2901.3
1187120 2901.3
1187130 2895.8
1187140 2889.2
1187150 2889.2
1187160 2882.2
1187170 2876.5
1187180 2876.5
1187190 2872.2
1187200 2867.5
1187210 2867.5
1187220 2863.6
1187230 2860.4
1187240 2860.4
1187250 2857.4
1187260 2854.7
1187270 2854.7
1187280 2852.4
1187290 2850.1
1187300 2848.3
1187310 2848.3
1187320 2847.0
1187330 2846.3
1187340 2846.3
1187350 2846.2
1187360 2846.2
1187370 2846.2
1187380 2846.8
1187390 2847.5
1187400 2847.5
1187410 2849.2
1187420 2849.9
1187430 2849.9
1187440 2848.6
1187450 2849.0
1187460 2849.0
1187470 2850.9
1187480 2853.1
1187490 2857.1
1187500 2857.1
1187510 2861.0
1187520 2865.8
1187530 2865.8
1187540 2866.7
1187550 2870.7
1187560 2870.7
1187570 2876.1
1187580 2882.4
1187590 2882.4
1187600 2888.2
1187610 2892.4
1187620 2892.4
1187630 2893.4
1187640 2893.3
1187650 2893.3
1187660 2893.7
1187670 2894.1
1187680 2893.6
1187690 2893.6
1187700 2893.1
1187710 2896.6
1187720 2896.6
1187730 2898.7
1187740 2902.3
1187750 2902.3
1187760 2905.3
1187770 2906.5
1187780 2906.5
1187790 2906.0
1187800 2906.2
1187810 2906.2
1187820 2911.8
1187830 2916.0
1187840 2916.0
1187850 2920.1
1187860 2923.2
1187870 2923.2
1187880 2927.4
1187890 2932.9
1187900 2937.2
1187910 2937.2
1187920 2936.8
1187930 2936.3
1187940 2942.9
1187950 2943.2
1187960 2944.2
1187970 2944.2
1187980 2946.1
1187990 2946.6
1188000 2946.6
1188010 2946.4
1188020 2946.5
1188030 2946.5
1188040 2946.0
1188050 2947.5
1188060 2947.5
1188070 2950.0
1188080 2953.3
1188090 2956.6
1188100 2956.6
1188110 2959.5
1188120 2963.7
1188130 2963.7
1188140 2969.5
1188150 2976.5
1188160 2976.5
1188170 2982.0
1188180 2986.4
1188190 2986.4
1188200 2989.7
1188210 2994.2
1188220 2994.2
1188230 2999.3
1188240 3005.3
1188250 3005.3
1188260 3013.6
1188270 3024.7
1188280 3033.8
1188290 3033.8
1188300 3040.5
1188310 3050.0
1188320 3050.0
1188330 3060.5
1188340 3067.9
1188350 3067.9
1188360 3070.2
1188370 3087.1
1188380 3087.1
1188390 3090.5
1188400 3081.7
1188410 3081.7
1188420 3064.9
1188430 3050.0
1188440 3050.0
1188450 3036.2
1188460 3023.8
1188470 3016.7
1188480 3016.7
1188490 3007.0
1188500 2996.3
1188510 2996.3
1188520 2988.8
1188530 2981.4
1188540 2981.4
1188550 2973.7
1188560 2966.3
1188570 2966.3
1188580 2958.8
1188590 2951.5
1188600 2951.5
1188610 2943.4
1188620 2934.5
1188630 2934.5
1188640 2925.7
1188650 2917.3
1188660 2917.3
1188670 2909.0
1188680 2897.8
1188690 2889.4
1188700 2889.4
1188710 2883.4
1188720 2878.1
1188730 2878.1
1188740 2872.2
1188750 2866.7
1188760 2866.7
1188770 2860.9
1188780 2855.9
1188790 2857.2
1188800 2852.7
1188810 2847.6
1188820 2847.6
1188830 2842.1
1188840 2836.7
1188850 2836.7
1188860 2832.0
1188870 2827.5
1188880 2823.5
1188890 2823.5
1188900 2820.0
1188910 2816.7
1188920 2816.7
1188930 2813.4
1188940 2810.2
1188950 2810.2
1188960 2807.6
1188970 2806.0
1188980 2806.0
1188990 2805.0
1189000 2805.4
1189010 2805.4
1189020 2806.0
1189030 2805.8
1189040 2805.8
1189050 2802.8
1189060 2797.4
1189070 2790.6
1189080 2790.6
1189090 2784.8
1189100 2779.4
1189110 2779.4
1189120 2774.1
1189130 2768.7
1189140 2768.7
1189150 2764.5
1189160 2761.3
1189170 2761.3
1189180 2758.3
1189190 2755.3
1189200 2755.3
1189210 2752.7
1189220 2751.3
1189230 2751.3
1189240 2749.6
1189250 2748.9
1189260 2748.7
1189270 2748.7
1189280 2748.4
1189290 2748.3
1189300 2748.3
1189310 2748.4
1189320 2749.0
1189330 2749.0
1189340 2749.5
1189350 2749.7
1189360 2749.7
1189370 2749.0
1189380 2747.6
1189390 2747.6
1189400 2746.6
1189410 2745.4
1189420 2745.4
1189430 2745.0
1189440 2744.5
1189450 2744.5
1189460 2744.0
1189470 2743.4
1189480 2740.2
1189490 2740.2
1189500 2738.1
1189510 2736.6
1189520 2736.6
1189530 2734.1
1189540 2734.1
1189550 2734.1
1189560 2733.2
1189570 2729.8
1189580 2729.8
1189590 2726.3
1189600 2722.7
1189610 2722.7
1189620 2719.1
1189630 2715.5
1189640 2715.5
1189650 2714.3
1189660 2711.4
1189670 2707.6
1189680 2707.6
1189690 2703.5
1189700 2699.0
1189710 2699.0
1189720 2693.7
1189730 2687.8
1189740 2687.8
1189750 2682.7
1189760 2678.5
1189770 2678.5
1189780 2674.3
1189790 2669.9
1189800 2669.9
1189810 2664.0
1189820 2659.3
1189830 2659.3
1189840 2655.7
1189850 2650.5
1189860 2645.1
1189870 2645.1
1189880 2642.6
1189890 2639.2
1189900 2639.2
1189910 2637.1
1189920 2637.3
1189930 2637.3
1189940 2636.1
1189950 2635.3
1189960 2635.3
1189970 2634.5
1189980 2633.6
1189990 2633.6
1190000 2632.9
1190010 2633.4
1190020 2633.4
1190030 2632.6
1190040 2631.4
1190050 2629.8
1190060 2629.8
1190070 2627.1
1190080 2626.3
1190090 2626.3
1190100 2625.0
1190110 2622.0
1190120 2622.0
1190130 2616.0
1190140 2608.8
1190150 2608.8
1190160 2604.8
1190170 2602.8
1190180 2602.8
1190190 2601.7
1190200 2600.6
1190210 2600.6
1190220 2600.3
1190230 2600.5
1190240 2600.5
1190250 2600.8
1190260 2602.4
1190270 2605.1
1190280 2605.1
1190290 2608.2
1190300 2611.7
1190310 2611.7
1190320 2615.1
1190330 2619.0
1190340 2619.0
1190350 2620.9
1190360 2620.8
1190370 2620.8
1190380 2623.2
1190390 2626.8
1190400 2626.8
1190410 2631.8
1190420 2637.0
1190430 2637.0
1190440 2643.7
1190450 2649.9
1190460 2651.0
1190470 2651.0
1190480 2649.8
1190490 2647.7
1190500 2647.7
1190510 2643.0
1190520 2639.5
1190530 2639.5
1190540 2635.7
1190550 2631.1
1190560 2631.1
1190570 2626.7
1190580 2623.0
1190590 2623.0
1190600 2620.4
1190610 2619.1
1190620 2619.1
1190630 2619.0
1190640 2619.0
1190650 2618.8
1190660 2618.8
1190670 2617.8
1190680 2617.1
1190690 2617.1
1190700 2616.2
1190710 2613.8
1190720 2613.8
1190730 2612.1
1190740 2611.2
1190750 2611.2
1190760 2609.9
1190770 2610.1
1190780 2610.1
1190790 2612.3
1190800 2615.0
1190810 2615.0
1190820 2616.7
1190830 2616.5
1190840 2615.6
1190850 2615.6
1190860 2616.0
1190870 2613.9
1190880 2613.9
1190890 2611.4
1190900 2611.7
1190910 2611.7
1190920 2612.7
1190930 2614.8
1190940 2607.2
1190950 2608.6
1190960 2609.5
1190970 2609.5
1190980 2612.8
1190990 2616.7
1191000 2616.7
1191010 2618.8
1191020 2619.8
1191030 2619.8
1191040 2618.7
1191050 2615.9
1191060 2612.4
1191070 2612.4
1191080 2608.5
1191090 2603.6
1191100 2603.6
1191110 2596.7
1191120 2587.4
1191130 2587.4
1191140 2578.1
1191150 2571.0
1191160 2571.0
1191170 2563.3
1191180 2554.7
1191190 2554.7
1191200 2545.6
1191210 2536.4
1191220 2536.4
1191230 2527.0
1191240 2516.5
1191250 2509.2
1191260 2509.2
1191270 2505.3
1191280 2501.7
1191290 2501.7
1191300 2498.4
1191310 2494.3
1191320 2494.3
1191330 2488.9
1191340 2482.7
1191350 2482.7
1191360 2477.0
1191370 2471.3
1191380 2471.3
1191390 2466.6
1191400 2462.0
1191410 2462.0
1191420 2457.0
1191430 2452.2
1191440 2447.6
1191450 2447.6
1191460 2444.9
1191470 2444.0
1191480 2444.0
1191490 2443.0
1191500 2441.5
1191510 2441.5
1191520 2438.6
1191530 2436.4
1191540 2436.4
1191550 2436.2
1191560 2436.3
1191570 2436.3
1191580 2435.2
1191590 2436.7
1191600 2436.7
1191610 2437.1
1191620 2435.9
1191630 2433.8
1191640 2433.8
1191650 2432.8
1191660 2432.5
1191670 2432.5
1191680 2429.4
1191690 2425.7
1191700 2425.7
1191710 2422.9
1191720 2419.7
1191730 2419.7
1191740 2418.8
1191750 2417.8
1191760 2417.8
1191770 2417.6
1191780 2418.5
1191790 2418.5
1191800 2416.0
1191810 2418.2
1191820 2418.2
1191830 2419.5
1191840 2418.6
1191850 2417.9
1191860 2417.9
1191870 2417.4
1191880 2416.6
1191890 2416.6
1191900 2416.1
1191910 2414.9
1191920 2414.9
1191930 2412.7
1191940 2410.0
1191950 2410.0
1191960 2409.5
1191970 2410.3
1191980 2410.3
1191990 2410.2
1192000 2407.9
1192010 2407.9
1192020 2404.8
1192030 2402.5
1192040 2401.4
1192050 2401.4
1192060 2400.3
1192070 2400.1
1192080 2400.1
1192090 2399.0
1192100 2397.9
1192110 2397.9
1192120 2397.0
1192130 2395.2
1192140 2395.2
1192150 2392.3
1192160 2388.6
1192170 2388.6
1192180 2385.3
1192190 2383.8
1192200 2383.8
1192210 2382.3
1192220 2381.5
1192230 2374.2
1192240 2374.2
1192250 2371.7
1192260 2369.0
1192270 2369.0
1192280 2365.9
1192290 2363.3
1192300 2363.3
1192310 2360.9
1192320 2359.8
1192330 2359.8
1192340 2358.8
1192350 2355.2
1192360 2355.2
1192370 2348.7
1192380 2341.8
1192390 2341.8
1192400 2335.5
1192410 2330.2
1192420 2328.9
1192430 2328.9
1192440 2326.7
1192450 2321.6
1192460 2321.6
1192470 2316.3
1192480 2314.2
1192490 2314.2
1192500 2313.4
1192510 2311.3
1192520 2311.3
1192530 2307.6
1192540 2308.2
1192550 2308.2
1192560 2306.8
1192570 2302.8
1192580 2302.8
1192590 2302.2
1192600 2298.6
1192610 2298.6
1192620 2295.3
1192630 2292.1
1192640 2286.5
1192650 2286.5
1192660 2283.8
1192670 2275.2
1192680 2275.2
1192690 2273.9
1192700 2272.9
1192710 2272.9
1192720 2270.5
1192730 2266.5
1192740 2266.5
1192750 2262.6
1192760 2258.8
1192770 2258.8
1192780 2255.7
1192790 2252.3
1192800 2252.3
1192810 2248.4
1192820 2244.8
1192830 2241.6
1192840 2241.6
1192850 2238.0
1192860 2234.5
1192870 2234.5
1192880 2231.9
1192890 2229.6
1192900 2229.6
1192910 2227.8
1192920 2225.6
1192930 2225.6
1192940 2223.3
1192950 2222.5
1192960 2222.5
1192970 2220.1
1192980 2218.1
1192990 2218.1
1193000 2216.0
1193010 2214.1
1193020 2212.4
1193030 2212.4
1193040 2211.0
1193050 2210.0
1193060 2210.0
1193070 2209.7
1193080 2209.3
1193090 2209.3
1193100 2203.3
1193110 2202.5
1193120 2202.5
1193130 2202.3
1193140 2202.6
1193150 2202.6
1193160 2202.9
1193170 2202.7
1193180 2202.7
1193190 2202.1
1193200 2201.2
1193210 2199.8
1193220 2199.8
1193230 2198.0
1193240 2196.7
1193250 2196.7
1193260 2195.1
1193270 2193.2
1193280 2193.2
1193290 2192.3
1193300 2191.0
1193310 2191.0
1193320 2189.8
1193330 2189.4
1193340 2189.4
1193350 2189.3
1193360 2189.1
1193370 2189.1
1193380 2187.8
1193390 2187.3
1193400 2187.3
1193410 2185.8
1193420 2185.3
1193430 2184.2
1193440 2184.2
1193450 2183.4
1193460 2183.0
1193470 2183.0
1193480 2181.9
1193490 2180.9
1193500 2180.9
1193510 2179.9
1193520 2178.7
1193530 2174.1
1193540 2172.4
1193550 2171.1
1193560 2171.1
1193570 2169.8
1193580 2168.1
1193590 2168.1
1193600 2167.0
1193610 2166.3
1193620 2165.9
1193630 2165.9
1193640 2164.8
1193650 2163.5
1193660 2163.5
1193670 2161.5
1193680 2160.1
1193690 2160.1
1193700 2159.4
1193710 2158.4
1193720 2158.4
1193730 2157.0
1193740 2154.8
1193750 2154.8
1193760 2152.9
1193770 2151.4
1193780 2151.4
1193790 2149.6
1193800 2147.3
1193810 2144.9
1193820 2144.9
1193830 2143.0
1193840 2141.2
1193850 2141.2
1193860 2139.9
1193870 2138.6
1193880 2138.6
1193890 2136.3
1193900 2134.3
1193910 2134.3
1193920 2132.4
1193930 2130.7
1193940 2130.7
1193950 2128.6
1193960 2125.5
1193970 2120.5
1193980 2116.7
1193990 2113.3
1194000 2110.2
1194010 2110.2
1194020 2107.8
1194030 2105.1
1194040 2105.1
1194050 2102.0
1194060 2099.0
1194070 2099.0
1194080 2095.6
1194090 2092.0
1194100 2092.0
1194110 2088.9
1194120 2085.5
1194130 2085.5
1194140 2082.1
1194150 2078.4
1194160 2078.4
1194170 2075.1
1194180 2072.7
1194190 2072.7
1194200 2070.3
1194210 2067.8
1194220 2065.3
1194230 2065.3
1194240 2062.6
1194250 2059.8
1194260 2059.8
1194270 2056.8
1194280 2054.0
1194290 2054.0
1194300 2051.2
1194310 2048.6
1194320 2048.6
1194330 2045.8
1194340 2042.9
1194350 2042.9
1194360 2040.2
1194370 2037.8
1194380 2037.8
1194390 2037.3
1194400 2036.5
1194410 2031.1
1194420 2031.1
1194430 2027.9
1194440 2022.8
1194450 2022.8
1194460 2015.8
1194470 2008.1
1194480 2008.1
1194490 2001.1
1194500 1994.3
1194510 1994.3
1194520 1987.5
1194530 1980.5
1194540 1980.5
1194550 1974.0
1194560 1967.4
1194570 1967.4
1194580 1960.9
1194590 1954.8
1194600 1948.6
1194610 1948.6
1194620 1943.1
1194630 1937.6
1194640 1937.6
1194650 1932.5
1194660 1927.2
1194670 1927.2
1194680 1922.0
1194690 1915.8
1194700 1915.8
1194710 1908.8
1194720 1901.6
1194730 1901.6
1194740 1895.1
1194750 1889.7
1194760 1889.7
1194770 1885.6
1194780 1881.1
1194790 1874.8
1194800 1874.8
1194810 1868.3
1194820 1860.6
1194830 1860.6
1194840 1851.9
1194850 1845.4
1194860 1845.4
1194870 1838.8
1194880 1832.4
1194890 1832.4
1194900 1827.3
1194910 1821.3
1194920 1821.3
1194930 1814.5
1194940 1807.3
1194950 1807.3
1194960 1799.8
1194970 1792.6
1194980 1792.6
1194990 1785.4
1195000 1778.1
1195010 1773.3
1195020 1773.3
1195030 1766.1
1195040 1760.6
1195050 1760.6
1195060 1759.4
1195070 1759.4
1195080 1759.4
1195090 1759.4
1195100 1759.4
1195110 1759.4
1195120 1759.4
1195130 1759.4
1195140 1759.4
1195150 1759.4
1195160 1759.4
1195170 1759.4
1195180 1759.4
1195190 1759.4
1195200 1759.4
1195210 1759.4
1195220 1759.4
1195230 1759.4
1195240 1759.4
1195250 1759.4
1195260 1759.4
1195270 1759.4
1195280 1759.4
1195290 1759.4
1195300 1759.4
1195310 1759.4
1195320 1759.4
1195330 1759.4
1195340 1759.4
1195350 1759.4
1195360 1759.4
1195370 1759.4
1195380 1759.4
1195390 1759.4
1195400 1759.4
1195410 1759.4
1195420 1759.4
1195430 1759.4
1195440 1759.4
1195450 1759.4
1195460 1759.4
1195470 1759.4
1195480 1759.4
1195490 1759.4
1195500 1759.4
1195510 1759.4
1195520 1759.4
1195530 1759.4
1195540 1759.4
1195550 1759.4
1195560 1759.4
1195570 1759.4
1195580 1759.4
1195590 1759.4
1195600 1759.4
1195610 1759.4
1195620 1759.4
1195630 1759.4
1195640 1759.4
1195650 1759.4
1195660 1759.4
1195670 1759.4
1195680 1759.4
1195690 1759.4
1195700 1759.4
1195710 1759.4
1195720 1759.4
1195730 1759.4
1195740 1759.4
1195750 1759.4
1195760 1759.4
1195770 1759.4
1195780 1759.4
1195790 1759.4
1195800 1759.4
1195810 1759.4
1195820 1759.4
1195830 1759.4
1195840 1759.4
1195850 1759.4
1195860 1759.4
1195870 1759.4
1195880 1759.4
1195890 1759.4
1195900 1759.4
1195910 1759.4
1195920 1759.4
1195930 1759.4
1195940 1759.4
1195950 1759.4
1195960 1759.4
1195970 1759.4
1195980 1759.4
1195990 1759.4
1196000 1759.4
1196010 1759.4
1196020 1759.4
1196030 1759.4
1196040 1759.4
1196050 1759.4
1196060 1759.4
1196070 1759.4
1196080 1759.5
1196090 1759.5
1196100 1762.1
1196110 1769.4
1196120 1769.4
1196130 1776.1
1196140 1780.4
1196150 1781.7
1196160 1788.8
1196170 1795.0
1196180 1800.4
1196190 1800.4
1196200 1806.1
1196210 1814.9
1196220 1814.9
1196230 1824.0
1196240 1833.4
1196250 1833.4
1196260 1841.2
1196270 1848.2
1196280 1848.2
1196290 1854.9
1196300 1862.1
1196310 1862.1
1196320 1870.5
1196330 1877.0
1196340 1877.0
1196350 1882.9
1196360 1889.1
1196370 1896.2
1196380 1896.2
1196390 1901.4
1196400 1908.3
1196410 1908.3
1196420 1923.5
1196430 1936.0
1196440 1936.0
1196450 1946.1
1196460 1955.2
1196470 1955.2
1196480 1963.5
1196490 1971.7
1196500 1971.7
1196510 1979.2
1196520 1986.4
1196530 1986.4
1196540 1993.8
1196550 2002.5
1196560 2002.5
1196570 2011.3
1196580 2021.3
1196590 2032.4
1196600 2032.4
1196610 2042.4
1196620 2050.0
1196630 2050.0
1196640 2058.0
1196650 2066.6
1196660 2066.6
1196670 2075.0
1196680 2083.8
1196690 2083.8
1196700 2091.9
1196710 2100.1
1196720 2100.1
1196730 2109.5
1196740 2118.1
1196750 2118.1
1196760 2126.0
1196770 2133.0
1196780 2139.1
1196790 2139.1
1196800 2143.8
1196810 2150.1
1196820 2150.1
1196830 2159.7
1196840 2169.9
1196850 2169.9
1196860 2178.8
1196870 2186.2
1196880 2186.2
1196890 2193.5
1196900 2200.0
1196910 2200.0
1196920 2205.7
1196930 2211.0
1196940 2211.0
1196950 2215.5
1196960 2220.4
1196970 2225.8
1196980 2225.8
1196990 2231.3
1197000 2238.9
1197010 2238.9
1197020 2247.2
1197030 2253.9
1197040 2253.9
1197050 2260.5
1197060 2268.0
1197070 2268.0
1197080 2275.6
1197090 2281.9
1197100 2281.9
1197110 2287.9
1197120 2294.3
1197130 2294.3
1197140 2301.5
1197150 2310.7
1197160 2318.4
1197170 2318.4
1197180 2323.6
1197190 2328.0
1197200 2328.0
1197210 2332.3
1197220 2336.6
1197230 2336.6
1197240 2340.3
1197250 2344.6
1197260 2344.6
1197270 2348.7
1197280 2352.9
1197290 2352.9
1197300 2357.5
1197310 2363.6
1197320 2363.6
1197330 2368.5
1197340 2369.7
1197350 2369.7
1197360 2371.2
1197370 2372.2
1197380 2372.9
1197390 2372.9
1197400 2374.4
1197410 2375.6
1197420 2375.6
1197430 2376.1
1197440 2376.1
1197450 2376.1
1197460 2376.4
1197470 2380.6
1197480 2380.6
1197490 2380.9
1197500 2381.3
1197510 2381.3
1197520 2382.9
1197530 2384.2
1197540 2384.2
1197550 2384.2
1197560 2383.5
1197570 2382.6
1197580 2382.6
1197590 2381.9
1197600 2380.8
1197610 2380.8
1197620 2379.7
1197630 2379.3
1197640 2379.3
1197650 2380.0
1197660 2380.6
1197670 2380.6
1197680 2381.2
1197690 2381.9
1197700 2381.9
1197710 2382.2
1197720 2381.8
1197730 2381.8
1197740 2380.4
1197750 2378.8
1197760 2375.3
1197770 2375.3
1197780 2372.5
1197790 2371.7
1197800 2371.7
1197810 2370.6
1197820 2370.1
1197830 2370.1
1197840 2369.3
1197850 2368.9
1197860 2368.9
1197870 2371.1
1197880 2374.1
1197890 2374.1
1197900 2372.3
1197910 2372.5
1197920 2372.5
1197930 2371.5
1197940 2371.2
1197950 2371.1
1197960 2371.1
1197970 2370.9
1197980 2371.1
1197990 2371.1
1198000 2371.8
1198010 2372.6
1198020 2372.6
1198030 2373.4
1198040 2374.9
1198050 2374.9
1198060 2376.4
1198070 2377.7
1198080 2377.7
1198090 2379.1
1198100 2380.7
1198110 2380.7
1198120 2382.5
1198130 2384.6
1198140 2384.6
1198150 2388.7
1198160 2394.7
1198170 2401.5
1198180 2401.5
1198190 2408.6
1198200 2415.4
1198210 2415.4
1198220 2421.5
1198230 2427.0
1198240 2427.0
1198250 2431.6
1198260 2435.5
1198270 2435.5
1198280 2438.4
1198290 2440.8
1198300 2440.8
1198310 2443.4
1198320 2445.9
1198330 2445.9
1198340 2448.0
1198350 2447.4
1198360 2447.8
1198370 2447.8
1198380 2448.4
1198390 2449.9
1198400 2449.9
1198410 2451.5
1198420 2454.2
1198430 2454.2
1198440 2457.2
1198450 2460.2
1198460 2460.2
1198470 2464.1
1198480 2468.5
1198490 2468.5
1198500 2473.2
1198510 2478.8
1198520 2478.8
1198530 2483.3
1198540 2486.3
1198550 2489.0
1198560 2489.0
1198570 2491.4
1198580 2493.0
1198590 2493.0
1198600 2495.1
1198610 2497.9
1198620 2497.9
1198630 2500.3
1198640 2502.3
1198650 2502.3
1198660 2504.3
1198670 2506.1
1198680 2506.1
1198690 2508.2
1198700 2510.5
1198710 2510.5
1198720 2512.3
1198730 2513.9
1198740 2515.3
1198750 2515.3
1198760 2516.5
1198770 2517.9
1198780 2517.9
1198790 2519.4
1198800 2518.1
1198810 2518.1
1198820 2520.1
1198830 2522.0
1198840 2522.0
1198850 2524.2
1198860 2527.0
1198870 2527.0
1198880 2529.7
1198890 2533.1
1198900 2533.1
1198910 2536.5
1198920 2539.9
1198930 2539.9
1198940 2543.4
1198950 2547.1
1198960 2550.3
1198970 2550.3
1198980 2553.2
1198990 2555.8
1199000 2555.8
1199010 2557.6
1199020 2558.9
1199030 2558.9
1199040 2560.2
1199050 2561.5
1199060 2561.5
1199070 2562.7
1199080 2563.9
1199090 2563.9
1199100 2565.1
1199110 2566.5
1199120 2566.5
1199130 2567.9
1199140 2569.5
1199150 2571.3
1199160 2571.3
1199170 2572.8
1199180 2574.4
1199190 2574.4
1199200 2575.9
1199210 2577.5
1199220 2577.5
1199230 2579.4
1199240 2581.1
1199250 2581.1
1199260 2583.0
1199270 2585.0
1199280 2585.0
1199290 2587.0
1199300 2588.8
1199310 2588.8
1199320 2590.8
1199330 2592.7
1199340 2594.7
1199350 2594.7
1199360 2596.9
1199370 2599.2
1199380 2599.2
1199390 2602.2
1199400 2605.9
1199410 2605.9
1199420 2609.3
1199430 2612.3
1199440 2612.3
1199450 2614.8
1199460 2616.9
1199470 2616.9
1199480 2618.6
1199490 2620.2
1199500 2620.2
1199510 2621.7
1199520 2623.3
1199530 2624.9
1199540 2624.9
1199550 2626.5
1199560 2628.2
1199570 2628.2
1199580 2630.1
1199590 2632.1
1199600 2632.1
1199610 2634.0
1199620 2635.8
1199630 2635.8
1199640 2637.9
1199650 2640.3
1199660 2640.3
1199670 2642.6
1199680 2645.9
1199690 2645.9
1199700 2648.9
1199710 2652.6
1199720 2652.6
1199730 2656.8
1199740 2660.5
1199750 2664.5
1199760 2664.5
1199770 2669.0
1199780 2673.7
1199790 2673.7
1199800 2678.5
1199810 2683.6
1199820 2683.6
1199830 2688.9
1199840 2694.6
1199850 2694.6
1199860 2700.7
1199870 2706.8
1199880 2706.8
1199890 2713.1
1199900 2719.7
1199910 2719.7
1199920 2726.6
1199930 2733.6
1199940 2738.6
1199950 2738.6
1199960 2744.2
1199970 2750.3
1199980 2750.3
1199990 2754.4
