1180000 1783.4
1180010 1786.2
1180020 1789.1
1180030 1792.7
1180040 1792.7
1180050 1795.9
1180060 1799.7
1180070 1799.7
1180080 1803.4
1180090 1807.4
1180100 1807.4
1180110 1812.5
1180120 1818.1
1180130 1818.1
1180140 1824.4
1180150 1830.5
1180160 1830.5
1180170 1835.6
1180180 1838.6
1180190 1838.6
1180200 1841.5
1180210 1845.2
1180220 1845.2
1180230 1848.9
1180240 1851.6
1180250 1853.6
1180260 1853.6
1180270 1856.0
1180280 1859.4
1180290 1857.1
1180300 1861.8
1180310 1865.9
1180320 1865.9
1180330 1870.0
1180340 1875.0
1180350 1875.0
1180360 1880.3
1180370 1884.8
1180380 1884.8
1180390 1889.0
1180400 1892.3
1180410 1892.3
1180420 1896.5
1180430 1901.4
1180440 1906.2
1180450 1906.2
1180460 1910.6
1180470 1914.2
1180480 1914.2
1180490 1917.8
1180500 1921.6
1180510 1921.6
1180520 1925.2
1180530 1929.5
1180540 1929.5
1180550 1933.4
1180560 1936.6
1180570 1936.6
1180580 1939.7
1180590 1944.4
1180600 1944.4
1180610 1949.8
1180620 1954.7
1180630 1958.9
1180640 1958.9
1180650 1963.6
1180660 1969.6
1180670 1969.6
1180680 1975.5
1180690 1980.7
1180700 1980.7
1180710 1981.9
1180720 1986.2
1180730 1986.2
1180740 1990.7
1180750 1995.8
1180760 1995.8
1180770 2000.6
1180780 2005.6
1180790 2005.6
1180800 2010.8
1180810 2015.7
1180820 2015.7
1180830 2020.9
1180840 2026.1
1180850 2031.2
1180860 2031.2
1180870 2035.7
1180880 2040.0
1180890 2040.0
1180900 2044.8
1180910 2050.0
1180920 2050.0
1180930 2055.4
1180940 2060.6
1180950 2060.6
1180960 2063.6
1180970 2066.8
1180980 2066.8
1180990 2071.1
1181000 2075.6
1181010 2075.6
1181020 2079.4
1181030 2083.2
1181040 2087.3
1181050 2087.3
1181060 2091.8
1181070 2096.1
1181080 2096.1
1181090 2101.0
1181100 2106.0
1181110 2106.0
1181120 2110.3
1181130 2113.5
1181140 2113.5
1181150 2117.4
1181160 2121.5
1181170 2121.5
1181180 2125.9
1181190 2129.7
1181200 2129.7
1181210 2132.6
1181220 2135.5
1181230 2139.2
1181240 2139.2
1181250 2142.3
1181260 2145.3
1181270 2145.3
1181280 2148.5
1181290 2151.7
1181300 2151.7
1181310 2154.8
1181320 2157.6
1181330 2157.6
1181340 2160.3
1181350 2162.7
1181360 2162.7
1181370 2165.5
1181380 2169.2
1181390 2169.2
1181400 2173.0
1181410 2176.3
1181420 2179.7
1181430 2179.7
1181440 2182.9
1181450 2186.7
1181460 2186.7
1181470 2190.9
1181480 2194.6
1181490 2194.6
1181500 2198.0
1181510 2201.4
1181520 2201.4
1181530 2204.9
1181540 2208.5
1181550 2208.5
1181560 2211.9
1181570 2215.1
1181580 2215.1
1181590 2218.3
1181600 2223.4
1181610 2223.4
1181620 2229.2
1181630 2234.4
1181640 2238.6
1181650 2238.6
1181660 2242.1
1181670 2246.0
1181680 2246.0
1181690 2249.7
1181700 2253.3
1181710 2253.3
1181720 2256.6
1181730 2260.2
1181740 2260.2
1181750 2263.1
1181760 2266.0
1181770 2266.0
1181780 2268.7
1181790 2271.3
1181800 2271.3
1181810 2274.2
1181820 2277.3
1181830 2279.9
1181840 2279.9
1181850 2282.2
1181860 2285.0
1181870 2285.0
1181880 2287.5
1181890 2289.9
1181900 2289.9
1181910 2292.3
1181920 2294.7
1181930 2294.7
1181940 2296.9
1181950 2299.0
1181960 2298.6
1181970 2300.9
1181980 2303.3
1181990 2303.3
1182000 2305.8
1182010 2308.6
1182020 2311.3
1182030 2311.3
1182040 2314.3
1182050 2317.8
1182060 2317.8
1182070 2321.9
1182080 2325.7
1182090 2325.7
1182100 2328.9
1182110 2331.4
1182120 2331.4
1182130 2334.3
1182140 2337.6
1182150 2337.6
1182160 2341.2
1182170 2345.0
1182180 2345.0
1182190 2348.7
1182200 2352.4
1182210 2352.4
1182220 2356.3
1182230 2360.6
1182240 2365.8
1182250 2365.8
1182260 2370.7
1182270 2376.0
1182280 2376.0
1182290 2381.9
1182300 2388.0
1182310 2388.0
1182320 2394.1
1182330 2399.9
1182340 2399.9
1182350 2405.7
1182360 2412.1
1182370 2412.1
1182380 2417.8
1182390 2422.3
1182400 2422.3
1182410 2427.9
1182420 2435.5
1182430 2442.4
1182440 2442.4
1182450 2447.1
1182460 2453.1
1182470 2453.1
1182480 2460.3
1182490 2467.2
1182500 2467.2
1182510 2473.5
1182520 2479.0
1182530 2479.0
1182540 2484.6
1182550 2490.3
1182560 2490.3
1182570 2495.4
1182580 2500.4
1182590 2500.4
1182600 2505.2
1182610 2509.7
1182620 2513.9
1182630 2513.9
1182640 2518.3
1182650 2521.7
1182660 2521.7
1182670 2525.1
1182680 2529.3
1182690 2529.3
1182700 2533.0
1182710 2536.7
1182720 2536.7
1182730 2540.3
1182740 2543.3
1182750 2543.3
1182760 2545.6
1182770 2547.4
1182780 2547.4
1182790 2548.7
1182800 2547.3
1182810 2547.7
1182820 2547.7
1182830 2548.5
1182840 2549.7
1182850 2549.7
1182860 2550.8
1182870 2552.7
1182880 2552.7
1182890 2554.2
1182900 2555.8
1182910 2555.8
1182920 2557.6
1182930 2559.4
1182940 2559.4
1182950 2561.3
1182960 2563.7
1182970 2563.7
1182980 2566.1
1182990 2568.6
1183000 2568.6
1183010 2570.9
1183020 2572.2
1183030 2571.8
1183040 2571.8
1183050 2568.2
1183060 2563.9
1183070 2563.9
1183080 2558.4
1183090 2552.6
1183100 2552.6
1183110 2547.0
1183120 2542.6
1183130 2542.6
1183140 2540.7
1183150 2537.5
1183160 2537.5
1183170 2534.0
1183180 2531.1
1183190 2531.1
1183200 2527.3
1183210 2525.5
1183220 2531.0
1183230 2531.0
1183240 2529.3
1183250 2530.9
1183260 2530.9
1183270 2528.1
1183280 2525.0
1183290 2525.0
1183300 2521.1
1183310 2516.5
1183320 2516.5
1183330 2510.3
1183340 2504.7
1183350 2504.7
1183360 2498.2
1183370 2494.2
1183380 2494.2
1183390 2493.7
1183400 2488.4
1183410 2484.3
1183420 2484.3
1183430 2481.1
1183440 2478.0
1183450 2478.0
1183460 2475.8
1183470 2472.0
1183480 2472.0
1183490 2465.7
1183500 2462.8
1183510 2462.8
1183520 2462.3
1183530 2462.7
1183540 2462.7
1183550 2461.4
1183560 2458.3
1183570 2458.3
1183580 2455.9
1183590 2457.7
1183600 2457.7
1183610 2459.7
1183620 2460.5
1183630 2459.7
1183640 2465.9
1183650 2463.8
1183660 2461.4
1183670 2461.4
1183680 2459.1
1183690 2457.7
1183700 2457.7
1183710 2456.2
1183720 2454.2
1183730 2454.2
1183740 2452.4
1183750 2450.6
1183760 2450.6
1183770 2448.3
1183780 2445.7
1183790 2445.7
1183800 2443.2
1183810 2441.1
1183820 2439.1
1183830 2439.1
1183840 2437.4
1183850 2435.9
1183860 2435.9
1183870 2434.6
1183880 2433.6
1183890 2433.6
1183900 2432.5
1183910 2431.1
1183920 2431.1
1183930 2429.4
1183940 2427.1
1183950 2427.1
1183960 2424.9
1183970 2423.3
1183980 2423.3
1183990 2422.1
1184000 2422.1
1184010 2422.0
1184020 2422.0
1184030 2421.4
1184040 2420.1
1184050 2420.1
1184060 2424.0
1184070 2424.5
1184080 2424.5
1184090 2424.4
1184100 2425.4
1184110 2425.4
1184120 2426.3
1184130 2427.1
1184140 2427.1
1184150 2428.4
1184160 2429.8
1184170 2429.8
1184180 2430.4
1184190 2431.1
1184200 2431.1
1184210 2431.1
1184220 2432.4
1184230 2435.2
1184240 2435.2
1184250 2437.5
1184260 2439.2
1184270 2439.2
1184280 2440.0
1184290 2440.7
1184300 2440.7
1184310 2442.8
1184320 2445.7
1184330 2445.7
1184340 2448.9
1184350 2452.2
1184360 2452.2
1184370 2458.2
1184380 2465.0
1184390 2465.0
1184400 2470.8
1184410 2474.8
1184420 2478.2
1184430 2478.2
1184440 2483.5
1184450 2489.0
1184460 2489.0
1184470 2494.0
1184480 2502.5
1184490 2502.5
1184500 2508.2
1184510 2513.9
1184520 2513.9
1184530 2518.8
1184540 2523.9
1184550 2523.9
1184560 2529.9
1184570 2536.6
1184580 2536.6
1184590 2543.6
1184600 2550.6
1184610 2558.1
1184620 2558.1
1184630 2565.7
1184640 2573.0
1184650 2573.0
1184660 2580.2
1184670 2587.1
1184680 2587.1
1184690 2593.3
1184700 2598.6
1184710 2598.6
1184720 2601.6
1184730 2603.3
1184740 2603.3
1184750 2604.4
1184760 2604.8
1184770 2604.8
1184780 2604.0
1184790 2603.4
1184800 2603.0
1184810 2603.0
1184820 2604.4
1184830 2606.7
1184840 2606.7
1184850 2609.7
1184860 2614.3
1184870 2614.3
1184880 2620.0
1184890 2625.5
1184900 2621.7
1184910 2627.4
1184920 2633.2
1184930 2633.2
1184940 2638.9
1184950 2644.9
1184960 2644.9
1184970 2652.1
1184980 2666.0
1184990 2666.0
1185000 2691.1
1185010 2708.6
1185020 2712.0
1185030 2712.0
1185040 2715.3
1185050 2718.1
1185060 2718.1
1185070 2719.6
1185080 2720.8
1185090 2720.8
1185100 2719.8
1185110 2717.2
1185120 2717.2
1185130 2709.2
1185140 2697.4
1185150 2697.4
1185160 2692.9
1185170 2682.8
1185180 2682.8
1185190 2673.1
1185200 2668.7
1185210 2664.4
1185220 2664.4
1185230 2660.7
1185240 2663.0
1185250 2663.0
1185260 2667.1
1185270 2671.2
1185280 2671.2
1185290 2675.2
1185300 2677.9
1185310 2677.9
1185320 2683.7
1185330 2685.5
1185340 2685.5
1185350 2686.8
1185360 2689.5
1185370 2689.5
1185380 2695.3
1185390 2700.8
1185400 2704.2
1185410 2704.2
1185420 2707.8
1185430 2714.2
1185440 2714.2
1185450 2721.9
1185460 2729.6
1185470 2729.6
1185480 2739.2
1185490 2748.3
1185500 2748.3
1185510 2756.9
1185520 2765.5
1185530 2765.5
1185540 2774.2
1185550 2781.0
1185560 2781.0
1185570 2786.0
1185580 2791.7
1185590 2798.9
1185600 2798.9
1185610 2805.2
1185620 2811.8
1185630 2811.8
1185640 2818.6
1185650 2825.2
1185660 2825.2
1185670 2832.5
1185680 2842.0
1185690 2842.0
1185700 2850.8
1185710 2859.5
1185720 2859.5
1185730 2868.8
1185740 2876.1
1185750 2876.1
1185760 2884.3
1185770 2894.2
1185780 2894.2
1185790 2904.9
1185800 2914.0
1185810 2925.2
1185820 2925.2
1185830 2936.5
1185840 2947.5
1185850 2947.5
1185860 2944.2
1185870 2938.6
1185880 2938.6
1185890 2930.0
1185900 2925.0
1185910 2925.0
1185920 2923.5
1185930 2923.1
1185940 2923.1
1185950 2923.2
1185960 2924.8
1185970 2924.8
1185980 2927.8
1185990 2931.4
1186000 2935.9
1186010 2935.9
1186020 2941.2
1186030 2947.9
1186040 2947.9
1186050 2956.3
1186060 2965.7
1186070 2965.7
1186080 2973.5
1186090 2980.3
1186100 2980.3
1186110 2988.9
1186120 2999.9
1186130 2999.9
1186140 3004.4
1186150 2994.4
1186160 2994.4
1186170 2990.5
1186180 2977.6
1186190 2964.9
1186200 2964.9
1186210 2954.6
1186220 2946.6
1186230 2946.6
1186240 2939.4
1186250 2935.9
1186260 2935.9
1186270 2932.9
1186280 2929.5
1186290 2929.5
1186300 2927.4
1186310 2926.0
1186320 2926.0
1186330 2924.0
1186340 2922.8
1186350 2922.8
1186360 2918.9
1186370 2907.2
1186380 2894.3
1186390 2894.3
1186400 2882.5
1186410 2877.0
1186420 2877.0
1186430 2872.8
1186440 2868.2
1186450 2868.2
1186460 2863.4
1186470 2859.1
1186480 2859.1
1186490 2855.5
1186500 2851.0
1186510 2851.0
1186520 2846.1
1186530 2841.0
1186540 2841.0
1186550 2837.0
1186560 2831.9
1186570 2831.9
1186580 2828.3
1186590 2831.0
1186600 2829.7
1186610 2829.7
1186620 2829.5
1186630 2827.4
1186640 2827.4
1186650 2825.5
1186660 2822.5
1186670 2822.5
1186680 2818.4
1186690 2813.4
1186700 2813.4
1186710 2792.2
1186720 2779.9
1186730 2779.9
1186740 2775.8
1186750 2772.5
1186760 2772.5
1186770 2768.8
1186780 2764.8
1186790 2759.8
1186800 2759.8
1186810 2755.7
1186820 2752.6
1186830 2752.6
1186840 2749.8
1186850 2747.7
1186860 2747.7
1186870 2745.3
1186880 2742.8
1186890 2742.8
1186900 2739.5
1186910 2735.7
1186920 2735.7
1186930 2731.6
1186940 2727.4
1186950 2727.4
1186960 2722.9
1186970 2717.7
1186980 2712.3
1186990 2712.3
1187000 2706.9
1187010 2702.4
1187020 2704.1
1187030 2702.4
1187040 2704.1
1187050 2704.1
1187060 2708.2
1187070 2713.6
1187080 2713.6
1187090 2718.1
1187100 2720.1
1187110 2720.1
1187120 2721.6
1187130 2722.3
1187140 2722.3
1187150 2719.5
1187160 2714.6
1187170 2714.6
1187180 2710.8
1187190 2707.4
1187200 2704.2
1187210 2704.2
1187220 2701.4
1187230 2697.7
1187240 2697.7
1187250 2693.9
1187260 2690.3
1187270 2690.3
1187280 2687.1
1187290 2683.5
1187300 2683.5
1187310 2681.3
1187320 2679.8
1187330 2679.8
1187340 2677.7
1187350 2674.8
1187360 2674.8
1187370 2673.3
1187380 2671.9
1187390 2670.8
1187400 2670.8
1187410 2670.0
1187420 2667.4
1187430 2667.4
1187440 2668.6
1187450 2667.4
1187460 2667.4
1187470 2665.9
1187480 2666.8
1187490 2666.8
1187500 2668.9
1187510 2670.8
1187520 2670.8
1187530 2671.2
1187540 2668.8
1187550 2668.8
1187560 2667.6
1187570 2670.4
1187580 2674.4
1187590 2674.4
1187600 2678.2
1187610 2681.0
1187620 2681.0
1187630 2685.9
1187640 2692.9
1187650 2692.9
1187660 2700.2
1187670 2707.9
1187680 2707.9
1187690 2716.1
1187700 2725.1
1187710 2725.1
1187720 2734.4
1187730 2741.7
1187740 2741.7
1187750 2749.5
1187760 2759.3
1187770 2769.7
1187780 2769.7
1187790 2779.1
1187800 2786.1
1187810 2786.1
1187820 2793.4
1187830 2802.7
1187840 2802.7
1187850 2812.1
1187860 2826.0
1187870 2827.7
1187880 2841.4
1187890 2856.9
1187900 2856.9
1187910 2871.9
1187920 2890.0
1187930 2890.0
1187940 2916.3
1187950 2937.6
1187960 2937.6
1187970 2956.8
1187980 2967.0
1187990 2976.4
1188000 2976.4
1188010 2985.3
1188020 2994.1
1188030 2994.1
1188040 3002.1
1188050 3013.2
1188060 3013.2
1188070 3023.4
1188080 3031.6
1188090 3031.6
1188100 3030.6
1188110 3028.2
1188120 3028.2
1188130 3025.6
1188140 3024.4
1188150 3024.4
1188160 3023.8
1188170 3024.0
1188180 3023.9
1188190 3023.9
1188200 3024.6
1188210 3025.3
1188220 3025.3
1188230 3027.5
1188240 3031.7
1188250 3031.7
1188260 3037.6
1188270 3045.3
1188280 3045.3
1188290 3059.7
1188300 3074.2
1188310 3074.2
1188320 3084.7
1188330 3095.1
1188340 3095.1
1188350 3102.6
1188360 3102.8
1188370 3096.7
1188380 3096.7
1188390 3088.0
1188400 3080.8
1188410 3080.8
1188420 3074.8
1188430 3067.4
1188440 3067.4
1188450 3059.9
1188460 3052.8
1188470 3052.8
1188480 3046.2
1188490 3039.9
1188500 3039.9
1188510 3033.3
1188520 3026.7
1188530 3026.7
1188540 3019.3
1188550 3011.4
1188560 3011.4
1188570 3005.2
1188580 2998.6
1188590 2991.5
1188600 2991.5
1188610 2984.0
1188620 2976.7
1188630 2976.7
1188640 2970.4
1188650 2968.5
1188660 2968.5
1188670 2971.6
1188680 2971.7
1188690 2971.7
1188700 2970.6
1188710 2970.3
1188720 2963.2
1188730 2959.4
1188740 2954.7
1188750 2954.7
1188760 2950.4
1188770 2947.7
1188780 2947.0
1188790 2947.0
1188800 2948.0
1188810 2951.8
1188820 2951.8
1188830 2958.2
1188840 2961.2
1188850 2961.2
1188860 2960.5
1188870 2953.2
1188880 2953.2
1188890 2937.5
1188900 2922.1
1188910 2922.1
1188920 2909.8
1188930 2900.8
1188940 2900.8
1188950 2891.8
1188960 2883.0
1188970 2875.1
1188980 2875.1
1188990 2870.3
1189000 2867.9
1189010 2867.9
1189020 2866.4
1189030 2866.3
1189040 2866.3
1189050 2865.3
1189060 2864.3
1189070 2864.3
1189080 2862.4
1189090 2860.1
1189100 2860.1
1189110 2858.8
1189120 2858.0
1189130 2858.0
1189140 2858.6
1189150 2858.2
1189160 2858.1
1189170 2858.1
1189180 2855.2
1189190 2851.1
1189200 2851.1
1189210 2847.1
1189220 2841.7
1189230 2841.7
1189240 2837.0
1189250 2832.2
1189260 2832.2
1189270 2830.2
1189280 2831.0
1189290 2831.0
1189300 2832.0
1189310 2833.7
1189320 2833.7
1189330 2835.2
1189340 2835.7
1189350 2835.7
1189360 2835.0
1189370 2833.0
1189380 2831.8
1189390 2831.8
1189400 2831.5
1189410 2831.3
1189420 2831.3
1189430 2830.2
1189440 2828.9
1189450 2828.9
1189460 2829.5
1189470 2829.2
1189480 2829.2
1189490 2830.2
1189500 2833.9
1189510 2833.9
1189520 2837.0
1189530 2843.7
1189540 2843.7
1189550 2842.7
1189560 2838.4
1189570 2834.0
1189580 2826.2
1189590 2822.4
1189600 2820.3
1189610 2820.3
1189620 2818.1
1189630 2815.4
1189640 2815.4
1189650 2813.3
1189660 2810.8
1189670 2810.8
1189680 2809.1
1189690 2808.4
1189700 2808.4
1189710 2809.6
1189720 2810.8
1189730 2810.8
1189740 2812.0
1189750 2813.5
1189760 2813.4
1189770 2813.4
1189780 2812.6
1189790 2813.0
1189800 2813.0
1189810 2814.2
1189820 2815.7
1189830 2815.7
1189840 2816.7
1189850 2818.3
1189860 2818.3
1189870 2820.1
1189880 2821.4
1189890 2821.4
1189900 2823.9
1189910 2827.7
1189920 2827.7
1189930 2830.9
1189940 2834.6
1189950 2838.1
1189960 2838.1
1189970 2839.2
1189980 2839.9
1189990 2839.9
1190000 2841.3
1190010 2836.3
1190020 2836.3
1190030 2838.8
1190040 2840.1
1190050 2840.1
1190060 2839.0
1190070 2834.8
1190080 2834.8
1190090 2826.0
1190100 2814.0
1190110 2814.0
1190120 2801.0
1190130 2792.0
1190140 2792.0
1190150 2785.5
1190160 2779.4
1190170 2774.3
1190180 2774.3
1190190 2769.7
1190200 2765.7
1190210 2765.7
1190220 2761.6
1190230 2757.9
1190240 2757.9
1190250 2753.7
1190260 2745.9
1190270 2745.9
1190280 2735.7
1190290 2724.0
1190300 2724.0
1190310 2715.6
1190320 2704.9
1190330 2704.9
1190340 2686.0
1190350 2672.4
1190360 2665.7
1190370 2665.7
1190380 2659.5
1190390 2653.9
1190400 2653.9
1190410 2648.3
1190420 2642.7
1190430 2642.7
1190440 2637.6
1190450 2631.8
1190460 2631.8
1190470 2626.0
1190480 2621.2
1190490 2621.2
1190500 2617.3
1190510 2612.8
1190520 2612.8
1190530 2609.3
1190540 2607.2
1190550 2605.2
1190560 2605.2
1190570 2604.1
1190580 2603.2
1190590 2603.2
1190600 2603.1
1190610 2603.0
1190620 2603.0
1190630 2602.4
1190640 2601.8
1190650 2601.8
1190660 2601.4
1190670 2601.2
1190680 2601.2
1190690 2601.2
1190700 2601.3
1190710 2601.3
1190720 2601.5
1190730 2601.8
1190740 2601.8
1190750 2602.1
1190760 2602.3
1190770 2602.5
1190780 2602.5
1190790 2602.6
1190800 2602.6
1190810 2602.6
1190820 2602.5
1190830 2602.5
1190840 2602.5
1190850 2602.6
1190860 2602.9
1190870 2602.6
1190880 2602.8
1190890 2603.2
1190900 2603.2
1190910 2603.6
1190920 2604.4
1190930 2604.4
1190940 2605.3
1190950 2606.4
1190960 2607.8
1190970 2607.8
1190980 2609.7
1190990 2611.8
1191000 2611.8
1191010 2614.0
1191020 2617.9
1191030 2617.9
1191040 2621.5
1191050 2623.4
1191060 2623.4
1191070 2625.7
1191080 2629.9
1191090 2629.9
1191100 2634.1
1191110 2638.1
1191120 2638.1
1191130 2642.1
1191140 2644.3
1191150 2645.9
1191160 2645.9
1191170 2648.2
1191180 2652.0
1191190 2652.0
1191200 2653.9
1191210 2653.0
1191220 2653.0
1191230 2651.5
1191240 2646.8
1191250 2646.8
1191260 2641.0
1191270 2636.9
1191280 2636.9
1191290 2634.9
1191300 2627.6
1191310 2627.6
1191320 2627.3
1191330 2626.9
1191340 2627.3
1191350 2627.3
1191360 2628.0
1191370 2627.1
1191380 2627.1
1191390 2624.9
1191400 2623.0
1191410 2623.0
1191420 2620.6
1191430 2618.0
1191440 2618.0
1191450 2616.8
1191460 2616.9
1191470 2616.9
1191480 2617.6
1191490 2617.2
1191500 2617.2
1191510 2615.5
1191520 2614.7
1191530 2614.7
1191540 2613.1
1191550 2609.5
1191560 2603.9
1191570 2603.9
1191580 2596.7
1191590 2589.7
1191600 2589.7
1191610 2584.5
1191620 2579.8
1191630 2579.8
1191640 2575.6
1191650 2573.0
1191660 2573.0
1191670 2572.6
1191680 2572.8
1191690 2572.8
1191700 2572.5
1191710 2573.1
1191720 2573.1
1191730 2569.6
1191740 2568.3
1191750 2566.2
1191760 2566.2
1191770 2564.6
1191780 2563.8
1191790 2563.8
1191800 2563.5
1191810 2563.2
1191820 2563.2
1191830 2563.2
1191840 2563.3
1191850 2563.3
1191860 2563.4
1191870 2564.4
1191880 2564.4
1191890 2565.0
1191900 2566.4
1191910 2566.4
1191920 2568.0
1191930 2568.6
1191940 2568.6
1191950 2568.6
1191960 2568.6
1191970 2568.5
1191980 2568.5
1191990 2570.4
1192000 2572.3
1192010 2572.3
1192020 2573.3
1192030 2571.6
1192040 2571.6
1192050 2572.2
1192060 2572.2
1192070 2572.2
1192080 2572.0
1192090 2571.9
1192100 2571.9
1192110 2570.9
1192120 2569.9
1192130 2569.9
1192140 2569.9
1192150 2570.7
1192160 2567.6
1192170 2567.6
1192180 2567.8
1192190 2568.8
1192200 2568.8
1192210 2569.7
1192220 2570.5
1192230 2570.5
1192240 2571.2
1192250 2571.7
1192260 2571.7
1192270 2572.3
1192280 2573.0
1192290 2573.0
1192300 2573.3
1192310 2574.5
1192320 2574.5
1192330 2576.1
1192340 2577.4
1192350 2578.5
1192360 2578.5
1192370 2579.6
1192380 2580.4
1192390 2580.4
1192400 2580.7
1192410 2580.8
1192420 2580.8
1192430 2580.6
1192440 2580.7
1192450 2580.7
1192460 2580.9
1192470 2580.7
1192480 2580.7
1192490 2580.2
1192500 2579.3
1192510 2579.3
1192520 2578.5
1192530 2578.3
1192540 2578.3
1192550 2578.3
1192560 2578.3
1192570 2578.1
1192580 2578.1
1192590 2575.9
1192600 2575.5
1192610 2575.5
1192620 2574.8
1192630 2574.3
1192640 2574.3
1192650 2574.3
1192660 2574.2
1192670 2574.2
1192680 2573.9
1192690 2573.5
1192700 2573.5
1192710 2573.4
1192720 2573.1
1192730 2572.3
1192740 2572.3
1192750 2570.8
1192760 2568.0
1192770 2568.0
1192780 2564.9
1192790 2563.4
1192800 2563.4
1192810 2562.8
1192820 2562.2
1192830 2562.2
1192840 2561.4
1192850 2560.1
1192860 2560.1
1192870 2558.7
1192880 2556.8
1192890 2556.8
1192900 2554.3
1192910 2551.7
1192920 2551.7
1192930 2548.9
1192940 2545.8
1192950 2543.2
1192960 2543.2
1192970 2541.5
1192980 2539.6
1192990 2539.6
1193000 2537.5
1193010 2535.3
1193020 2535.3
1193030 2531.0
1193040 2528.1
1193050 2528.1
1193060 2523.3
1193070 2518.8
1193080 2518.8
1193090 2515.8
1193100 2513.2
1193110 2513.2
1193120 2510.5
1193130 2507.7
1193140 2504.7
1193150 2504.7
1193160 2501.6
1193170 2498.5
1193180 2498.5
1193190 2494.7
1193200 2490.2
1193210 2490.2
1193220 2485.1
1193230 2481.5
1193240 2481.5
1193250 2478.4
1193260 2473.9
1193270 2473.9
1193280 2470.2
1193290 2466.9
1193300 2466.9
1193310 2463.8
1193320 2461.3
1193330 2459.1
1193340 2459.1
1193350 2456.5
1193360 2454.1
1193370 2454.1
1193380 2451.4
1193390 2448.3
1193400 2448.3
1193410 2445.3
1193420 2442.2
1193430 2442.2
1193440 2438.7
1193450 2434.3
1193460 2431.3
1193470 2427.4
1193480 2422.9
1193490 2422.9
1193500 2418.0
1193510 2413.8
1193520 2410.0
1193530 2410.0
1193540 2405.7
1193550 2400.4
1193560 2400.4
1193570 2395.1
1193580 2390.2
1193590 2390.2
1193600 2386.0
1193610 2381.6
1193620 2381.6
1193630 2377.1
1193640 2372.3
1193650 2372.3
1193660 2366.8
1193670 2359.3
1193680 2359.3
1193690 2351.1
1193700 2342.2
1193710 2342.2
1193720 2333.1
1193730 2327.1
1193740 2319.3
1193750 2319.3
1193760 2311.3
1193770 2305.3
1193780 2305.3
1193790 2298.8
1193800 2291.6
1193810 2291.6
1193820 2285.2
1193830 2278.8
1193840 2278.8
1193850 2271.3
1193860 2263.6
1193870 2263.6
1193880 2256.3
1193890 2246.4
1193900 2246.4
1193910 2239.4
1193920 2232.3
1193930 2224.4
1193940 2224.4
1193950 2217.1
1193960 2210.6
1193970 2210.6
1193980 2204.3
1193990 2197.8
1194000 2197.8
1194010 2191.0
1194020 2183.9
1194030 2183.9
1194040 2176.6
1194050 2168.9
1194060 2168.9
1194070 2161.7
1194080 2156.2
1194090 2156.2
1194100 2151.0
1194110 2145.2
1194120 2139.8
1194130 2139.8
1194140 2133.3
1194150 2127.7
1194160 2127.7
1194170 2121.9
1194180 2115.4
1194190 2115.4
1194200 2109.1
1194210 2103.1
1194220 2103.1
1194230 2096.5
1194240 2090.1
1194250 2090.1
1194260 2084.7
1194270 2079.7
1194280 2079.7
1194290 2073.9
1194300 2067.6
1194310 2061.8
1194320 2061.8
1194330 2053.8
1194340 2045.5
1194350 2045.5
1194360 2038.0
1194370 2030.6
1194380 2030.6
1194390 2023.8
1194400 2016.7
1194410 2016.7
1194420 2010.7
1194430 2006.6
1194440 2006.6
1194450 2003.9
1194460 2001.5
1194470 2001.5
1194480 2000.4
1194490 2000.5
1194500 2000.5
1194510 2000.9
1194520 2001.6
1194530 2001.9
1194540 2001.9
1194550 2001.5
1194560 2000.0
1194570 2000.0
1194580 1999.4
1194590 1998.0
1194600 1998.0
1194610 1995.8
1194620 1993.6
1194630 1993.6
1194640 1991.3
1194650 1989.1
1194660 1989.1
1194670 1987.8
1194680 1985.0
1194690 1985.0
1194700 1981.8
1194710 1979.4
1194720 1976.4
1194730 1976.4
1194740 1972.1
1194750 1967.4
1194760 1967.4
1194770 1962.5
1194780 1957.5
1194790 1957.5
1194800 1953.2
1194810 1949.6
1194820 1949.6
1194830 1946.2
1194840 1943.1
1194850 1943.1
1194860 1940.5
1194870 1938.5
1194880 1938.5
1194890 1935.0
1194900 1931.4
1194910 1927.9
1194920 1927.9
1194930 1924.8
1194940 1922.0
1194950 1922.0
1194960 1918.2
1194970 1913.5
1194980 1913.5
1194990 1908.5
1195000 1903.7
1195010 1903.7
1195020 1898.4
1195030 1894.7
1195040 1894.7
1195050 1890.0
1195060 1884.1
1195070 1884.1
1195080 1878.1
1195090 1872.5
1195100 1872.5
1195110 1867.3
1195120 1862.9
1195130 1857.8
1195140 1857.8
1195150 1851.9
1195160 1845.6
1195170 1845.6
1195180 1841.7
1195190 1837.6
1195200 1836.9
1195210 1829.7
1195220 1823.9
1195230 1823.9
1195240 1820.7
1195250 1815.3
1195260 1815.3
1195270 1807.6
1195280 1800.4
1195290 1800.4
1195300 1792.8
1195310 1785.9
1195320 1777.7
1195330 1777.7
1195340 1773.3
1195350 1766.6
1195360 1766.6
1195370 1760.3
1195380 1759.4
1195390 1759.4
1195400 1759.4
1195410 1759.4
1195420 1759.4
1195430 1759.4
1195440 1759.4
1195450 1759.4
1195460 1759.4
1195470 1759.4
1195480 1759.4
1195490 1759.4
1195500 1759.4
1195510 1759.4
1195520 1759.4
1195530 1759.4
1195540 1759.4
1195550 1759.4
1195560 1759.4
1195570 1759.4
1195580 1759.4
1195590 1759.4
1195600 1759.4
1195610 1759.4
1195620 1759.4
1195630 1759.4
1195640 1759.4
1195650 1759.4
1195660 1759.4
1195670 1759.4
1195680 1759.4
1195690 1759.4
1195700 1759.4
1195710 1759.4
1195720 1759.4
1195730 1759.4
1195740 1759.4
1195750 1759.4
1195760 1759.4
1195770 1759.4
1195780 1759.4
1195790 1759.4
1195800 1759.4
1195810 1759.4
1195820 1759.4
1195830 1759.4
1195840 1759.4
1195850 1759.4
1195860 1759.4
1195870 1759.4
1195880 1759.4
1195890 1759.4
1195900 1759.4
1195910 1759.4
1195920 1759.4
1195930 1759.4
1195940 1759.4
1195950 1759.4
1195960 1759.4
1195970 1759.4
1195980 1759.4
1195990 1759.4
1196000 1759.4
1196010 1759.4
1196020 1759.4
1196030 1759.4
1196040 1759.4
1196050 1759.4
1196060 1759.4
1196070 1759.4
1196080 1759.4
1196090 1759.4
1196100 1759.4
1196110 1759.4
1196120 1759.4
1196130 1759.4
1196140 1759.4
1196150 1759.4
1196160 1759.5
1196170 1760.8
1196180 1760.8
1196190 1765.6
1196200 1769.5
1196210 1769.5
1196220 1774.9
1196230 1780.5
1196240 1780.5
1196250 1785.0
1196260 1792.3
1196270 1792.3
1196280 1798.2
1196290 1802.2
1196300 1804.8
1196310 1804.8
1196320 1807.8
1196330 1812.2
1196340 1812.2
1196350 1817.5
1196360 1823.7
1196370 1823.7
1196380 1830.5
1196390 1838.5
1196400 1838.5
1196410 1845.8
1196420 1853.1
1196430 1853.1
1196440 1860.4
1196450 1868.9
1196460 1868.9
1196470 1880.7
1196480 1892.2
1196490 1899.8
1196500 1899.8
1196510 1904.6
1196520 1913.6
1196530 1913.6
1196540 1920.1
1196550 1926.6
1196560 1926.6
1196570 1932.8
1196580 1939.1
1196590 1939.1
1196600 1945.4
1196610 1951.7
1196620 1951.7
1196630 1958.8
1196640 1967.3
1196650 1967.3
1196660 1978.1
1196670 1988.7
1196680 1988.7
1196690 1998.8
1196700 2007.8
1196710 2014.5
1196720 2014.5
1196730 2020.5
1196740 2025.7
1196750 2025.7
1196760 2030.0
1196770 2034.4
1196780 2034.4
1196790 2039.5
1196800 2045.8
1196810 2045.8
1196820 2052.7
1196830 2059.4
1196840 2059.4
1196850 2065.1
1196860 2072.3
1196870 2072.3
1196880 2081.0
1196890 2090.0
1196900 2096.9
1196910 2096.9
1196920 2101.4
1196930 2104.8
1196940 2104.8
1196950 2109.1
1196960 2120.2
1196970 2120.2
1196980 2123.2
1196990 2126.0
1197000 2126.0
1197010 2131.2
1197020 2139.4
1197030 2139.4
1197040 2146.5
1197050 2150.4
1197060 2150.4
1197070 2154.7
1197080 2159.4
1197090 2164.1
1197100 2164.1
1197110 2169.9
1197120 2176.7
1197130 2176.7
1197140 2183.6
1197150 2192.8
1197160 2192.8
1197170 2201.7
1197180 2208.6
1197190 2208.6
1197200 2213.7
1197210 2220.7
1197220 2220.7
1197230 2230.0
1197240 2246.5
1197250 2246.5
1197260 2258.7
1197270 2262.8
1197280 2262.8
1197290 2266.0
1197300 2271.6
1197310 2276.8
1197320 2276.8
1197330 2282.4
1197340 2287.6
1197350 2287.6
1197360 2291.5
1197370 2297.5
1197380 2297.5
1197390 2308.0
1197400 2311.5
1197410 2311.5
1197420 2312.1
1197430 2313.5
1197440 2313.5
1197450 2315.1
1197460 2318.6
1197470 2318.6
1197480 2321.4
1197490 2324.9
1197500 2329.3
1197510 2329.3
1197520 2332.7
1197530 2336.1
1197540 2336.1
1197550 2340.1
1197560 2343.8
1197570 2343.8
1197580 2347.4
1197590 2351.9
1197600 2351.9
1197610 2356.2
1197620 2360.7
1197630 2360.7
1197640 2365.9
1197650 2372.4
1197660 2372.4
1197670 2379.1
1197680 2385.4
1197690 2391.5
1197700 2391.5
1197710 2397.6
1197720 2404.1
1197730 2404.1
1197740 2410.3
1197750 2416.1
1197760 2416.1
1197770 2421.6
1197780 2427.0
1197790 2427.0
1197800 2433.1
1197810 2444.2
1197820 2444.2
1197830 2453.4
1197840 2452.2
1197850 2452.2
1197860 2460.8
1197870 2467.9
1197880 2475.3
1197890 2475.3
1197900 2480.1
1197910 2483.8
1197920 2483.8
1197930 2485.9
1197940 2486.9
1197950 2486.9
1197960 2488.6
1197970 2491.7
1197980 2491.7
1197990 2496.3
1198000 2502.2
1198010 2502.2
1198020 2506.9
1198030 2509.8
1198040 2509.8
1198050 2511.2
1198060 2511.1
1198070 2511.1
1198080 2510.9
1198090 2511.0
1198100 2511.5
1198110 2511.5
1198120 2512.3
1198130 2513.7
1198140 2513.7
1198150 2515.0
1198160 2515.3
1198170 2515.3
1198180 2515.5
1198190 2516.3
1198200 2516.3
1198210 2518.6
1198220 2520.5
1198230 2520.5
1198240 2521.7
1198250 2522.7
1198260 2522.7
1198270 2523.5
1198280 2518.9
1198290 2519.2
1198300 2519.2
1198310 2520.6
1198320 2523.1
1198330 2523.1
1198340 2525.7
1198350 2529.0
1198360 2529.0
1198370 2532.8
1198380 2537.8
1198390 2537.8
1198400 2546.0
1198410 2553.1
1198420 2553.1
1198430 2560.0
1198440 2567.4
1198450 2567.4
1198460 2573.5
1198470 2580.0
1198480 2581.6
1198490 2581.6
1198500 2578.7
1198510 2576.0
1198520 2576.0
1198530 2575.6
1198540 2577.3
1198550 2577.3
1198560 2580.6
1198570 2584.4
1198580 2584.4
1198590 2589.6
1198600 2596.3
1198610 2596.3
1198620 2603.0
1198630 2608.4
1198640 2608.4
1198650 2612.7
1198660 2615.3
1198670 2616.2
1198680 2616.2
1198690 2615.1
1198700 2613.6
1198710 2613.6
1198720 2607.9
1198730 2605.0
1198740 2605.0
1198750 2604.0
1198760 2605.3
1198770 2605.3
1198780 2606.9
1198790 2607.5
1198800 2607.5
1198810 2607.8
1198820 2608.5
1198830 2608.5
1198840 2607.7
1198850 2607.0
1198860 2607.0
1198870 2607.1
1198880 2607.4
1198890 2607.3
1198900 2607.3
1198910 2607.4
1198920 2607.3
1198930 2607.3
1198940 2606.9
1198950 2607.0
1198960 2607.0
1198970 2607.1
1198980 2607.1
1198990 2607.1
1199000 2607.0
1199010 2607.2
1199020 2607.2
1199030 2608.8
1199040 2609.8
1199050 2609.8
1199060 2609.8
1199070 2609.1
1199080 2607.8
1199090 2607.8
1199100 2605.6
1199110 2605.4
1199120 2605.4
1199130 2607.1
1199140 2609.9
1199150 2609.9
1199160 2609.4
1199170 2612.2
1199180 2612.2
1199190 2613.3
1199200 2615.7
1199210 2615.7
1199220 2619.4
1199230 2623.9
1199240 2623.9
1199250 2628.8
1199260 2633.6
1199270 2638.7
1199280 2638.7
1199290 2644.4
1199300 2650.1
1199310 2650.1
1199320 2658.1
1199330 2669.9
1199340 2669.9
1199350 2677.8
1199360 2683.7
1199370 2683.7
1199380 2687.9
1199390 2689.1
1199400 2689.1
1199410 2688.1
1199420 2686.5
1199430 2686.5
1199440 2684.7
1199450 2682.6
1199460 2682.6
1199470 2680.7
1199480 2679.0
1199490 2678.7
1199500 2678.7
1199510 2678.5
1199520 2678.0
1199530 2678.0
1199540 2678.7
1199550 2680.0
1199560 2680.0
1199570 2681.0
1199580 2682.3
1199590 2682.3
1199600 2683.7
1199610 2681.0
1199620 2681.0
1199630 2684.6
1199640 2688.7
1199650 2688.7
1199660 2692.4
1199670 2697.1
1199680 2702.2
1199690 2702.2
1199700 2707.7
1199710 2712.8
1199720 2712.8
1199730 2717.5
1199740 2722.6
1199750 2722.6
1199760 2727.5
1199770 2728.9
1199780 2728.9
1199790 2726.5
1199800 2725.0
1199810 2725.0
1199820 2725.2
1199830 2727.2
1199840 2727.2
1199850 2732.4
1199860 2739.3
1199870 2744.8
1199880 2744.8
1199890 2748.5
1199900 2750.5
1199910 2750.5
1199920 2751.0
1199930 2752.1
1199940 2752.1
1199950 2752.4
1199960 2753.3
1199970 2753.3
1199980 2754.5
1199990 2756.2
