1180000 1778.1
1180010 1778.1
1180020 1782.4
1180030 1787.2
1180040 1790.3
1180050 1790.3
1180060 1794.2
1180070 1798.3
1180080 1798.3
1180090 1802.1
1180100 1805.2
1180110 1805.2
1180120 1809.8
1180130 1815.2
1180140 1815.2
1180150 1820.2
1180160 1824.4
1180170 1824.4
1180180 1828.4
1180190 1832.5
1180200 1832.5
1180210 1836.1
1180220 1838.3
1180230 1840.4
1180240 1840.4
1180250 1843.4
1180260 1847.9
1180270 1847.9
1180280 1852.8
1180290 1857.5
1180300 1857.5
1180310 1862.5
1180320 1867.1
1180330 1867.1
1180340 1868.9
1180350 1871.6
1180360 1871.6
1180370 1874.9
1180380 1881.5
1180390 1881.5
1180400 1884.8
1180410 1888.3
1180420 1892.3
1180430 1892.3
1180440 1896.6
1180450 1901.1
1180460 1901.1
1180470 1905.5
1180480 1909.1
1180490 1909.1
1180500 1912.6
1180510 1915.9
1180520 1915.9
1180530 1919.9
1180540 1924.9
1180550 1924.9
1180560 1929.5
1180570 1933.6
1180580 1933.6
1180590 1938.5
1180600 1943.6
1180610 1948.9
1180620 1948.9
1180630 1953.9
1180640 1958.8
1180650 1958.8
1180660 1963.7
1180670 1968.7
1180680 1968.7
1180690 1973.8
1180700 1979.2
1180710 1979.2
1180720 1984.5
1180730 1989.8
1180740 1989.8
1180750 1995.1
1180760 2000.5
1180770 2000.5
1180780 2005.7
1180790 2011.2
1180800 2014.3
1180810 2020.0
1180820 2025.3
1180830 2030.5
1180840 2030.5
1180850 2034.9
1180860 2039.5
1180870 2039.5
1180880 2044.2
1180890 2048.0
1180900 2048.0
1180910 2051.2
1180920 2055.1
1180930 2055.1
1180940 2059.7
1180950 2063.5
1180960 2063.5
1180970 2064.3
1180980 2065.3
1180990 2065.3
1181000 2067.5
1181010 2070.8
1181020 2075.6
1181030 2075.6
1181040 2079.9
1181050 2084.7
1181060 2084.7
1181070 2090.7
1181080 2096.6
1181090 2096.6
1181100 2102.2
1181110 2107.0
1181120 2107.0
1181130 2109.8
1181140 2112.9
1181150 2112.9
1181160 2117.0
1181170 2121.6
1181180 2121.6
1181190 2125.5
1181200 2129.5
1181210 2134.0
1181220 2136.0
1181230 2139.5
1181240 2142.2
1181250 2142.2
1181260 2145.1
1181270 2147.6
1181280 2147.6
1181290 2151.2
1181300 2154.9
1181310 2154.9
1181320 2157.8
1181330 2159.8
1181340 2159.8
1181350 2161.8
1181360 2164.6
1181370 2164.6
1181380 2168.4
1181390 2172.9
1181400 2172.9
1181410 2176.8
1181420 2180.2
1181430 2183.5
1181440 2183.5
1181450 2186.9
1181460 2190.7
1181470 2190.7
1181480 2194.6
1181490 2197.7
1181500 2197.7
1181510 2200.6
1181520 2204.5
1181530 2204.5
1181540 2208.6
1181550 2211.8
1181560 2211.8
1181570 2214.9
1181580 2218.9
1181590 2218.9
1181600 2223.3
1181610 2227.9
1181620 2232.0
1181630 2231.2
1181640 2235.0
1181650 2239.1
1181660 2239.1
1181670 2242.7
1181680 2246.3
1181690 2246.3
1181700 2250.7
1181710 2256.0
1181720 2256.0
1181730 2260.3
1181740 2263.2
1181750 2263.2
1181760 2265.9
1181770 2269.4
1181780 2269.4
1181790 2271.6
1181800 2273.6
1181810 2276.0
1181820 2276.0
1181830 2278.6
1181840 2281.6
1181850 2281.6
1181860 2284.6
1181870 2287.3
1181880 2287.3
1181890 2290.1
1181900 2292.6
1181910 2292.6
1181920 2294.9
1181930 2297.4
1181940 2297.4
1181950 2300.1
1181960 2303.0
1181970 2303.0
1181980 2306.2
1181990 2309.2
1182000 2312.7
1182010 2312.7
1182020 2315.9
1182030 2318.7
1182040 2318.7
1182050 2321.4
1182060 2324.6
1182070 2324.6
1182080 2327.5
1182090 2330.5
1182100 2330.5
1182110 2333.7
1182120 2336.8
1182130 2336.8
1182140 2339.8
1182150 2343.1
1182160 2343.1
1182170 2346.5
1182180 2350.0
1182190 2350.0
1182200 2353.4
1182210 2357.1
1182220 2360.3
1182230 2360.3
1182240 2364.2
1182250 2368.4
1182260 2368.4
1182270 2372.5
1182280 2376.8
1182290 2376.8
1182300 2382.8
1182310 2389.5
1182320 2389.5
1182330 2396.3
1182340 2403.3
1182350 2403.3
1182360 2410.4
1182370 2416.8
1182380 2416.8
1182390 2423.1
1182400 2429.6
1182410 2436.1
1182420 2436.1
1182430 2441.7
1182440 2447.6
1182450 2447.6
1182460 2453.1
1182470 2459.1
1182480 2459.1
1182490 2465.2
1182500 2471.4
1182510 2471.4
1182520 2477.9
1182530 2483.8
1182540 2483.8
1182550 2488.8
1182560 2493.6
1182570 2493.6
1182580 2498.3
1182590 2504.0
1182600 2509.3
1182610 2509.3
1182620 2513.8
1182630 2517.8
1182640 2517.8
1182650 2521.2
1182660 2524.0
1182670 2524.0
1182680 2526.6
1182690 2529.2
1182700 2529.2
1182710 2531.4
1182720 2533.6
1182730 2533.6
1182740 2536.0
1182750 2538.7
1182760 2538.7
1182770 2541.0
1182780 2542.9
1182790 2542.9
1182800 2545.4
1182810 2548.1
1182820 2551.1
1182830 2551.1
1182840 2553.3
1182850 2555.5
1182860 2555.5
1182870 2557.4
1182880 2558.1
1182890 2560.0
1182900 2557.2
1182910 2553.1
1182920 2553.1
1182930 2549.1
1182940 2546.0
1182950 2546.0
1182960 2543.1
1182970 2538.6
1182980 2538.6
1182990 2535.8
1183000 2534.6
1183010 2527.3
1183020 2527.3
1183030 2519.1
1183040 2513.2
1183050 2513.2
1183060 2507.7
1183070 2504.4
1183080 2504.4
1183090 2501.8
1183100 2498.6
1183110 2498.6
1183120 2495.2
1183130 2491.7
1183140 2491.7
1183150 2486.9
1183160 2481.5
1183170 2481.5
1183180 2475.9
1183190 2471.0
1183200 2466.6
1183210 2466.6
1183220 2462.3
1183230 2458.5
1183240 2458.5
1183250 2455.2
1183260 2451.7
1183270 2451.7
1183280 2448.3
1183290 2444.9
1183300 2444.9
1183310 2445.9
1183320 2441.4
1183330 2441.4
1183340 2437.8
1183350 2434.8
1183360 2434.8
1183370 2431.2
1183380 2429.3
1183390 2429.0
1183400 2429.0
1183410 2427.9
1183420 2426.2
1183430 2426.2
1183440 2424.0
1183450 2421.9
1183460 2421.9
1183470 2420.6
1183480 2420.0
1183490 2420.0
1183500 2419.5
1183510 2419.3
1183520 2419.3
1183530 2419.5
1183540 2419.5
1183550 2419.5
1183560 2419.6
1183570 2420.7
1183580 2420.7
1183590 2421.2
1183600 2421.6
1183610 2420.8
1183620 2420.8
1183630 2420.2
1183640 2421.1
1183650 2421.1
1183660 2421.2
1183670 2420.2
1183680 2420.2
1183690 2418.8
1183700 2417.2
1183710 2417.2
1183720 2415.2
1183730 2412.7
1183740 2412.7
1183750 2411.0
1183760 2412.6
1183770 2412.6
1183780 2415.0
1183790 2414.7
1183800 2412.6
1183810 2412.6
1183820 2408.0
1183830 2406.2
1183840 2406.2
1183850 2407.0
1183860 2405.1
1183870 2405.1
1183880 2404.8
1183890 2404.0
1183900 2404.0
1183910 2402.4
1183920 2400.2
1183930 2400.2
1183940 2399.9
1183950 2400.3
1183960 2400.3
1183970 2401.7
1183980 2400.1
1183990 2399.2
1184000 2399.2
1184010 2398.4
1184020 2398.2
1184030 2398.2
1184040 2397.7
1184050 2397.2
1184060 2397.2
1184070 2397.3
1184080 2399.6
1184090 2399.6
1184100 2404.0
1184110 2407.4
1184120 2407.4
1184130 2410.1
1184140 2408.7
1184150 2410.3
1184160 2406.5
1184170 2405.1
1184180 2405.1
1184190 2405.3
1184200 2406.2
1184210 2406.6
1184220 2406.6
1184230 2407.8
1184240 2409.6
1184250 2409.6
1184260 2412.0
1184270 2416.1
1184280 2416.1
1184290 2420.6
1184300 2424.8
1184310 2424.8
1184320 2428.3
1184330 2432.5
1184340 2432.5
1184350 2436.6
1184360 2441.7
1184370 2441.7
1184380 2446.8
1184390 2452.2
1184400 2458.6
1184410 2458.6
1184420 2465.0
1184430 2469.8
1184440 2469.8
1184450 2475.0
1184460 2481.4
1184470 2481.4
1184480 2487.1
1184490 2491.8
1184500 2491.8
1184510 2497.3
1184520 2502.8
1184530 2502.8
1184540 2509.4
1184550 2516.9
1184560 2516.9
1184570 2525.6
1184580 2531.5
1184590 2541.5
1184600 2541.5
1184610 2561.5
1184620 2569.3
1184630 2569.3
1184640 2574.8
1184650 2585.4
1184660 2585.4
1184670 2595.1
1184680 2602.4
1184690 2602.4
1184700 2611.4
1184710 2624.5
1184720 2624.5
1184730 2636.8
1184740 2646.7
1184750 2646.7
1184760 2654.0
1184770 2657.3
1184780 2660.4
1184790 2660.4
1184800 2665.6
1184810 2674.7
1184820 2674.7
1184830 2685.9
1184840 2695.6
1184850 2695.6
1184860 2696.8
1184870 2694.3
1184880 2694.3
1184890 2691.2
1184900 2692.3
1184910 2692.3
1184920 2694.8
1184930 2699.6
1184940 2699.6
1184950 2707.6
1184960 2714.5
1184970 2714.5
1184980 2719.7
1184990 2721.8
1185000 2727.8
1185010 2727.8
1185020 2732.9
1185030 2736.1
1185040 2736.1
1185050 2739.4
1185060 2738.2
1185070 2738.2
1185080 2734.7
1185090 2707.1
1185100 2707.1
1185110 2658.2
1185120 2639.1
1185130 2639.1
1185140 2638.4
1185150 2637.4
1185160 2637.4
1185170 2634.5
1185180 2633.3
1185190 2630.6
1185200 2630.6
1185210 2629.1
1185220 2630.0
1185230 2630.0
1185240 2631.7
1185250 2636.4
1185260 2636.4
1185270 2639.2
1185280 2641.6
1185290 2641.6
1185300 2645.3
1185310 2651.3
1185320 2651.3
1185330 2658.1
1185340 2665.3
1185350 2665.3
1185360 2672.3
1185370 2680.0
1185380 2687.9
1185390 2687.9
1185400 2696.6
1185410 2713.0
1185420 2713.0
1185430 2720.0
1185440 2723.7
1185450 2723.7
1185460 2731.2
1185470 2743.2
1185480 2743.2
1185490 2754.2
1185500 2763.7
1185510 2763.7
1185520 2771.2
1185530 2778.6
1185540 2778.6
1185550 2784.2
1185560 2788.8
1185570 2788.8
1185580 2794.5
1185590 2801.8
1185600 2810.1
1185610 2810.1
1185620 2818.2
1185630 2825.8
1185640 2825.8
1185650 2834.8
1185660 2844.1
1185670 2844.1
1185680 2852.6
1185690 2863.1
1185700 2863.1
1185710 2875.9
1185720 2886.4
1185730 2886.4
1185740 2894.1
1185750 2900.2
1185760 2900.2
1185770 2894.6
1185780 2883.3
1185790 2872.5
1185800 2872.5
1185810 2866.5
1185820 2862.6
1185830 2862.6
1185840 2865.9
1185850 2863.0
1185860 2863.0
1185870 2860.9
1185880 2859.9
1185890 2859.9
1185900 2859.6
1185910 2860.2
1185920 2860.2
1185930 2861.2
1185940 2863.3
1185950 2863.3
1185960 2867.2
1185970 2872.5
1185980 2876.0
1185990 2876.0
1186000 2881.6
1186010 2889.1
1186020 2889.1
1186030 2896.7
1186040 2904.6
1186050 2904.6
1186060 2914.0
1186070 2929.3
1186080 2929.3
1186090 2942.9
1186100 2953.4
1186110 2953.4
1186120 2959.4
1186130 2968.7
1186140 2968.7
1186150 2979.5
1186160 2991.4
1186170 2996.0
1186180 2996.0
1186190 2983.6
1186200 2964.1
1186210 2964.1
1186220 2945.9
1186230 2929.8
1186240 2929.8
1186250 2919.6
1186260 2908.8
1186270 2908.8
1186280 2898.6
1186290 2892.9
1186300 2892.9
1186310 2891.5
1186320 2891.0
1186330 2891.0
1186340 2889.4
1186350 2883.0
1186360 2883.0
1186370 2875.3
1186380 2869.0
1186390 2861.7
1186400 2861.7
1186410 2849.7
1186420 2840.8
1186430 2840.8
1186440 2833.3
1186450 2826.1
1186460 2826.1
1186470 2819.8
1186480 2813.3
1186490 2813.3
1186500 2806.0
1186510 2797.9
1186520 2797.9
1186530 2790.4
1186540 2782.8
1186550 2782.8
1186560 2774.4
1186570 2766.6
1186580 2758.9
1186590 2758.9
1186600 2753.1
1186610 2748.8
1186620 2748.8
1186630 2744.6
1186640 2740.0
1186650 2740.0
1186660 2735.5
1186670 2731.5
1186680 2731.5
1186690 2735.2
1186700 2730.9
1186710 2730.9
1186720 2725.3
1186730 2720.1
1186740 2720.1
1186750 2714.9
1186760 2710.1
1186770 2706.8
1186780 2706.8
1186790 2705.6
1186800 2704.0
1186810 2704.0
1186820 2700.5
1186830 2694.4
1186840 2694.4
1186850 2689.9
1186860 2686.0
1186870 2686.0
1186880 2680.1
1186890 2675.4
1186900 2675.4
1186910 2675.6
1186920 2677.9
1186930 2677.9
1186940 2679.6
1186950 2682.0
1186960 2682.0
1186970 2682.3
1186980 2681.2
1186990 2680.2
1187000 2680.2
1187010 2678.9
1187020 2677.9
1187030 2677.9
1187040 2677.4
1187050 2676.7
1187060 2676.7
1187070 2676.7
1187080 2678.1
1187090 2678.1
1187100 2679.2
1187110 2680.1
1187120 2680.1
1187130 2677.7
1187140 2673.3
1187150 2673.3
1187160 2668.3
1187170 2664.0
1187180 2660.5
1187190 2660.5
1187200 2656.5
1187210 2653.2
1187220 2653.2
1187230 2650.3
1187240 2648.2
1187250 2648.2
1187260 2647.3
1187270 2646.7
1187280 2646.7
1187290 2646.3
1187300 2646.5
1187310 2646.5
1187320 2647.4
1187330 2648.5
1187340 2648.5
1187350 2648.8
1187360 2648.1
1187370 2646.4
1187380 2646.4
1187390 2645.5
1187400 2643.8
1187410 2643.8
1187420 2642.7
1187430 2643.0
1187440 2643.0
1187450 2642.5
1187460 2641.8
1187470 2641.8
1187480 2640.0
1187490 2635.2
1187500 2635.2
1187510 2630.7
1187520 2627.3
1187530 2627.3
1187540 2630.5
1187550 2634.4
1187560 2640.2
1187570 2640.2
1187580 2645.2
1187590 2649.8
1187600 2649.8
1187610 2652.7
1187620 2655.3
1187630 2655.3
1187640 2659.6
1187650 2664.8
1187660 2664.8
1187670 2670.5
1187680 2675.5
1187690 2675.5
1187700 2681.4
1187710 2698.1
1187720 2698.1
1187730 2718.7
1187740 2737.4
1187750 2737.4
1187760 2753.0
1187770 2752.3
1187780 2753.0
1187790 2753.0
1187800 2769.8
1187810 2788.6
1187820 2788.6
1187830 2806.8
1187840 2823.3
1187850 2823.3
1187860 2844.1
1187870 2854.3
1187880 2854.3
1187890 2860.2
1187900 2870.0
1187910 2870.0
1187920 2879.3
1187930 2881.5
1187940 2881.5
1187950 2887.4
1187960 2910.6
1187970 2917.8
1187980 2917.8
1187990 2921.6
1188000 2922.4
1188010 2922.4
1188020 2921.7
1188030 2924.1
1188040 2924.1
1188050 2924.0
1188060 2925.7
1188070 2925.7
1188080 2924.7
1188090 2921.9
1188100 2921.9
1188110 2930.5
1188120 2942.4
1188130 2942.4
1188140 2955.9
1188150 2956.0
1188160 2951.7
1188170 2951.7
1188180 2946.8
1188190 2945.8
1188200 2945.8
1188210 2946.7
1188220 2948.8
1188230 2948.8
1188240 2951.7
1188250 2957.4
1188260 2957.4
1188270 2965.2
1188280 2977.6
1188290 2977.6
1188300 2993.2
1188310 2994.1
1188320 2994.1
1188330 2992.8
1188340 2993.9
1188350 2993.9
1188360 2999.0
1188370 3007.1
1188380 3014.8
1188390 3016.5
1188400 3026.6
1188410 3040.6
1188420 3040.6
1188430 3058.0
1188440 3076.4
1188450 3076.4
1188460 3089.7
1188470 3088.9
1188480 3088.9
1188490 3081.9
1188500 3073.0
1188510 3073.0
1188520 3063.3
1188530 3053.2
1188540 3053.2
1188550 3043.1
1188560 3035.3
1188570 3028.8
1188580 3028.8
1188590 3022.8
1188600 3016.2
1188610 3016.2
1188620 3010.1
1188630 3004.9
1188640 3004.9
1188650 3001.0
1188660 2996.4
1188670 2996.4
1188680 2994.0
1188690 2992.9
1188700 2992.9
1188710 2992.0
1188720 2991.2
1188730 2991.2
1188740 2985.0
1188750 2977.9
1188760 2969.6
1188770 2969.6
1188780 2960.6
1188790 2950.1
1188800 2950.1
1188810 2936.8
1188820 2926.0
1188830 2926.0
1188840 2914.4
1188850 2907.3
1188860 2907.3
1188870 2902.8
1188880 2899.2
1188890 2899.2
1188900 2896.2
1188910 2893.6
1188920 2893.6
1188930 2890.4
1188940 2886.8
1188950 2884.0
1188960 2884.0
1188970 2881.7
1188980 2879.7
1188990 2879.7
1189000 2877.7
1189010 2876.4
1189020 2876.4
1189030 2876.3
1189040 2875.8
1189050 2875.8
1189060 2875.9
1189070 2873.7
1189080 2873.7
1189090 2868.0
1189100 2864.8
1189110 2864.8
1189120 2866.1
1189130 2866.8
1189140 2866.8
1189150 2868.0
1189160 2870.3
1189170 2873.9
1189180 2873.9
1189190 2876.6
1189200 2878.6
1189210 2878.6
1189220 2881.8
1189230 2885.3
1189240 2880.1
1189250 2882.6
1189260 2883.6
1189270 2883.6
1189280 2884.6
1189290 2887.1
1189300 2887.1
1189310 2898.0
1189320 2899.9
1189330 2899.9
1189340 2898.3
1189350 2898.2
1189360 2899.5
1189370 2899.5
1189380 2898.7
1189390 2902.3
1189400 2902.3
1189410 2907.2
1189420 2915.7
1189430 2915.7
1189440 2929.0
1189450 2931.6
1189460 2931.6
1189470 2933.7
1189480 2929.2
1189490 2929.2
1189500 2924.7
1189510 2919.8
1189520 2919.8
1189530 2912.0
1189540 2904.2
1189550 2902.2
1189560 2902.2
1189570 2902.6
1189580 2904.2
1189590 2904.2
1189600 2904.8
1189610 2905.6
1189620 2905.6
1189630 2905.4
1189640 2904.7
1189650 2904.7
1189660 2906.7
1189670 2899.2
1189680 2899.2
1189690 2903.3
1189700 2906.6
1189710 2906.6
1189720 2909.4
1189730 2912.2
1189740 2912.2
1189750 2914.9
1189760 2918.5
1189770 2921.7
1189780 2921.7
1189790 2925.1
1189800 2926.0
1189810 2926.0
1189820 2924.4
1189830 2923.9
1189840 2923.9
1189850 2923.8
1189860 2922.6
1189870 2922.6
1189880 2916.8
1189890 2900.2
1189900 2900.2
1189910 2878.5
1189920 2863.4
1189930 2863.4
1189940 2851.8
1189950 2818.7
1189960 2790.5
1189970 2790.5
1189980 2785.6
1189990 2784.0
1190000 2784.0
1190010 2780.7
1190020 2777.3
1190030 2777.3
1190040 2774.1
1190050 2769.2
1190060 2769.2
1190070 2763.9
1190080 2758.3
1190090 2758.3
1190100 2756.8
1190110 2750.8
1190120 2750.8
1190130 2745.7
1190140 2740.0
1190150 2733.2
1190160 2733.2
1190170 2727.7
1190180 2725.2
1190190 2725.2
1190200 2723.8
1190210 2721.6
1190220 2721.6
1190230 2718.1
1190240 2710.1
1190250 2710.1
1190260 2698.8
1190270 2689.9
1190280 2689.9
1190290 2683.4
1190300 2679.1
1190310 2679.1
1190320 2664.8
1190330 2650.2
1190340 2645.4
1190350 2645.4
1190360 2641.2
1190370 2636.0
1190380 2636.0
1190390 2632.9
1190400 2631.1
1190410 2631.1
1190420 2630.1
1190430 2629.6
1190440 2629.6
1190450 2628.8
1190460 2628.0
1190470 2628.0
1190480 2628.6
1190490 2630.2
1190500 2630.2
1190510 2633.2
1190520 2635.9
1190530 2631.9
1190540 2633.5
1190550 2633.1
1190560 2632.8
1190570 2632.8
1190580 2626.2
1190590 2619.7
1190600 2619.7
1190610 2616.7
1190620 2615.4
1190630 2615.4
1190640 2614.6
1190650 2614.2
1190660 2614.2
1190670 2613.5
1190680 2613.6
1190690 2613.6
1190700 2613.8
1190710 2614.2
1190720 2614.2
1190730 2615.7
1190740 2617.7
1190750 2620.6
1190760 2620.6
1190770 2623.6
1190780 2625.7
1190790 2625.7
1190800 2628.3
1190810 2631.1
1190820 2631.1
1190830 2634.0
1190840 2636.9
1190850 2636.9
1190860 2639.2
1190870 2641.6
1190880 2641.6
1190890 2644.5
1190900 2646.8
1190910 2646.8
1190920 2648.4
1190930 2648.8
1190940 2646.8
1190950 2646.8
1190960 2641.5
1190970 2637.9
1190980 2637.9
1190990 2637.1
1191000 2639.7
1191010 2639.7
1191020 2643.5
1191030 2647.2
1191040 2647.2
1191050 2649.6
1191060 2651.4
1191070 2651.4
1191080 2651.1
1191090 2650.7
1191100 2650.7
1191110 2651.8
1191120 2652.4
1191130 2652.4
1191140 2655.1
1191150 2658.5
1191160 2662.1
1191170 2662.1
1191180 2663.7
1191190 2663.7
1191200 2663.7
1191210 2665.0
1191220 2667.5
1191230 2667.5
1191240 2670.1
1191250 2669.3
1191260 2669.3
1191270 2667.7
1191280 2667.7
1191290 2667.7
1191300 2668.5
1191310 2669.6
1191320 2669.6
1191330 2670.7
1191340 2667.4
1191350 2658.8
1191360 2658.8
1191370 2650.5
1191380 2642.9
1191390 2643.3
1191400 2635.2
1191410 2629.4
1191420 2629.4
1191430 2624.6
1191440 2620.4
1191450 2620.4
1191460 2618.4
1191470 2616.8
1191480 2616.8
1191490 2614.9
1191500 2613.4
1191510 2613.4
1191520 2611.4
1191530 2610.0
1191540 2609.5
1191550 2609.5
1191560 2607.8
1191570 2605.7
1191580 2605.7
1191590 2604.4
1191600 2602.9
1191610 2602.9
1191620 2602.2
1191630 2603.5
1191640 2603.5
1191650 2604.2
1191660 2605.0
1191670 2605.0
1191680 2604.4
1191690 2602.6
1191700 2602.6
1191710 2601.4
1191720 2599.7
1191730 2596.9
1191740 2596.9
1191750 2593.8
1191760 2590.9
1191770 2590.9
1191780 2588.8
1191790 2586.5
1191800 2586.5
1191810 2585.1
1191820 2584.7
1191830 2584.7
1191840 2589.2
1191850 2589.4
1191860 2589.4
1191870 2588.1
1191880 2587.4
1191890 2587.4
1191900 2586.9
1191910 2586.4
1191920 2586.4
1191930 2587.2
1191940 2591.1
1191950 2594.6
1191960 2594.6
1191970 2597.7
1191980 2599.2
1191990 2599.2
1192000 2599.1
1192010 2598.3
1192020 2598.3
1192030 2598.6
1192040 2599.4
1192050 2599.4
1192060 2600.9
1192070 2601.6
1192080 2601.6
1192090 2602.7
1192100 2604.4
1192110 2604.4
1192120 2606.3
1192130 2608.2
1192140 2610.2
1192150 2610.2
1192160 2613.6
1192170 2616.6
1192180 2616.6
1192190 2618.8
1192200 2620.9
1192210 2620.9
1192220 2622.9
1192230 2624.6
1192240 2624.6
1192250 2626.2
1192260 2622.0
1192270 2622.0
1192280 2622.7
1192290 2622.8
1192300 2622.8
1192310 2622.1
1192320 2622.3
1192330 2622.7
1192340 2622.7
1192350 2623.1
1192360 2623.5
1192370 2623.5
1192380 2623.8
1192390 2624.9
1192400 2624.9
1192410 2626.2
1192420 2626.4
1192430 2626.4
1192440 2626.3
1192450 2626.3
1192460 2626.3
1192470 2624.7
1192480 2622.8
1192490 2622.8
1192500 2621.6
1192510 2621.6
1192520 2621.8
1192530 2621.8
1192540 2620.1
1192550 2619.1
1192560 2619.1
1192570 2617.5
1192580 2615.6
1192590 2615.6
1192600 2613.2
1192610 2610.3
1192620 2610.3
1192630 2607.0
1192640 2604.4
1192650 2604.4
1192660 2601.1
1192670 2597.8
1192680 2597.8
1192690 2592.2
1192700 2589.6
1192710 2589.6
1192720 2587.3
1192730 2585.7
1192740 2584.6
1192750 2584.6
1192760 2583.4
1192770 2580.7
1192780 2580.7
1192790 2578.9
1192800 2576.5
1192810 2576.5
1192820 2573.9
1192830 2572.5
1192840 2572.5
1192850 2572.1
1192860 2571.7
1192870 2571.7
1192880 2570.5
1192890 2568.9
1192900 2568.9
1192910 2566.6
1192920 2563.7
1192930 2560.4
1192940 2560.4
1192950 2557.1
1192960 2553.6
1192970 2553.6
1192980 2551.0
1192990 2548.5
1193000 2548.5
1193010 2545.8
1193020 2541.5
1193030 2541.5
1193040 2538.9
1193050 2536.1
1193060 2536.1
1193070 2533.5
1193080 2531.1
1193090 2531.1
1193100 2528.5
1193110 2525.6
1193120 2521.4
1193130 2521.4
1193140 2518.1
1193150 2514.8
1193160 2514.8
1193170 2511.7
1193180 2509.0
1193190 2509.0
1193200 2505.5
1193210 2502.8
1193220 2502.8
1193230 2501.0
1193240 2499.2
1193250 2499.2
1193260 2496.9
1193270 2494.5
1193280 2494.5
1193290 2492.0
1193300 2489.3
1193310 2489.3
1193320 2486.0
1193330 2482.8
1193340 2479.1
1193350 2479.1
1193360 2475.9
1193370 2473.5
1193380 2473.5
1193390 2471.1
1193400 2467.9
1193410 2467.9
1193420 2463.7
1193430 2459.9
1193440 2459.9
1193450 2456.6
1193460 2452.6
1193470 2452.6
1193480 2449.1
1193490 2446.7
1193500 2446.7
1193510 2443.6
1193520 2437.4
1193530 2429.9
1193540 2429.9
1193550 2424.4
1193560 2418.5
1193570 2418.5
1193580 2413.7
1193590 2410.5
1193600 2410.5
1193610 2406.3
1193620 2401.1
1193630 2401.1
1193640 2395.2
1193650 2388.1
1193660 2388.1
1193670 2381.2
1193680 2374.9
1193690 2374.9
1193700 2369.3
1193710 2364.5
1193720 2359.2
1193730 2359.2
1193740 2352.9
1193750 2344.1
1193760 2344.1
1193770 2333.0
1193780 2322.6
1193790 2322.6
1193800 2314.2
1193810 2304.6
1193820 2304.6
1193830 2295.2
1193840 2286.8
1193850 2286.8
1193860 2277.6
1193870 2269.1
1193880 2269.1
1193890 2260.8
1193900 2251.6
1193910 2242.0
1193920 2242.0
1193930 2233.4
1193940 2225.4
1193950 2225.4
1193960 2217.4
1193970 2209.9
1193980 2209.9
1193990 2202.2
1194000 2193.9
1194010 2193.9
1194020 2186.3
1194030 2179.2
1194040 2179.2
1194050 2171.8
1194060 2165.3
1194070 2165.3
1194080 2159.1
1194090 2153.5
1194100 2153.5
1194110 2147.1
1194120 2140.2
1194130 2133.3
1194140 2133.3
1194150 2127.3
1194160 2119.7
1194170 2119.7
1194180 2112.6
1194190 2106.7
1194200 2106.7
1194210 2100.5
1194220 2094.4
1194230 2094.4
1194240 2088.9
1194250 2083.2
1194260 2083.2
1194270 2077.1
1194280 2071.4
1194290 2071.4
1194300 2066.2
1194310 2062.5
1194320 2058.9
1194330 2058.9
1194340 2055.1
1194350 2048.8
1194360 2048.8
1194370 2044.7
1194380 2040.8
1194390 2040.8
1194400 2036.2
1194410 2032.4
1194420 2032.4
1194430 2027.0
1194440 2024.6
1194450 2024.6
1194460 2021.5
1194470 2018.2
1194480 2018.2
1194490 2014.9
1194500 2011.8
1194510 2009.7
1194520 2009.7
1194530 2007.4
1194540 2004.7
1194550 2004.7
1194560 2001.8
1194570 1999.9
1194580 1999.9
1194590 1998.1
1194600 1995.6
1194610 1995.6
1194620 1992.5
1194630 1989.2
1194640 1989.2
1194650 1986.4
1194660 1984.2
1194670 1984.2
1194680 1982.6
1194690 1981.8
1194700 1981.8
1194710 1981.3
1194720 1979.7
1194730 1977.3
1194740 1977.3
1194750 1975.0
1194760 1971.4
1194770 1971.4
1194780 1966.7
1194790 1961.8
1194800 1961.8
1194810 1956.6
1194820 1951.9
1194830 1951.9
1194840 1948.5
1194850 1945.7
1194860 1946.3
1194870 1943.8
1194880 1940.1
1194890 1940.1
1194900 1935.9
1194910 1932.4
1194920 1930.1
1194930 1930.1
1194940 1928.9
1194950 1926.7
1194960 1926.7
1194970 1924.6
1194980 1921.0
1194990 1921.0
1195000 1916.6
1195010 1912.1
1195020 1912.1
1195030 1907.0
1195040 1902.4
1195050 1902.4
1195060 1897.1
1195070 1893.0
1195080 1893.0
1195090 1888.7
1195100 1883.6
1195110 1878.6
1195120 1878.6
1195130 1873.5
1195140 1867.9
1195150 1867.9
1195160 1862.7
1195170 1859.8
1195180 1859.8
1195190 1858.4
1195200 1852.7
1195210 1852.7
1195220 1845.4
1195230 1837.0
1195240 1837.0
1195250 1829.0
1195260 1824.8
1195270 1824.8
1195280 1817.8
1195290 1810.0
1195300 1799.9
1195310 1799.9
1195320 1791.7
1195330 1782.2
1195340 1782.2
1195350 1775.9
1195360 1770.4
1195370 1770.4
1195380 1762.3
1195390 1759.5
1195400 1759.5
1195410 1759.4
1195420 1759.4
1195430 1759.4
1195440 1759.4
1195450 1759.4
1195460 1759.4
1195470 1759.4
1195480 1759.4
1195490 1759.4
1195500 1759.4
1195510 1759.4
1195520 1759.4
1195530 1759.4
1195540 1759.4
1195550 1759.4
1195560 1759.4
1195570 1759.4
1195580 1759.4
1195590 1759.4
1195600 1759.4
1195610 1759.4
1195620 1759.4
1195630 1759.4
1195640 1759.4
1195650 1759.4
1195660 1759.4
1195670 1759.4
1195680 1759.4
1195690 1759.4
1195700 1759.4
1195710 1759.4
1195720 1759.4
1195730 1759.4
1195740 1759.4
1195750 1759.4
1195760 1759.4
1195770 1759.4
1195780 1759.4
1195790 1759.4
1195800 1759.4
1195810 1759.4
1195820 1759.4
1195830 1759.4
1195840 1759.4
1195850 1759.4
1195860 1759.4
1195870 1759.4
1195880 1759.4
1195890 1759.4
1195900 1759.4
1195910 1759.4
1195920 1759.4
1195930 1759.4
1195940 1759.4
1195950 1759.4
1195960 1759.4
1195970 1759.4
1195980 1759.4
1195990 1759.4
1196000 1759.4
1196010 1759.4
1196020 1759.4
1196030 1759.4
1196040 1759.4
1196050 1759.4
1196060 1759.4
1196070 1759.4
1196080 1759.4
1196090 1759.4
1196100 1759.4
1196110 1759.7
1196120 1763.5
1196130 1763.5
1196140 1770.9
1196150 1776.0
1196160 1776.0
1196170 1784.9
1196180 1793.0
1196190 1793.0
1196200 1800.0
1196210 1806.2
1196220 1806.2
1196230 1814.9
1196240 1824.5
1196250 1824.5
1196260 1833.1
1196270 1838.5
1196280 1838.5
1196290 1841.0
1196300 1844.1
1196310 1848.1
1196320 1848.1
1196330 1852.8
1196340 1858.1
1196350 1858.1
1196360 1864.7
1196370 1872.7
1196380 1872.7
1196390 1881.4
1196400 1890.1
1196410 1890.1
1196420 1900.0
1196430 1909.0
1196440 1909.0
1196450 1915.9
1196460 1922.4
1196470 1922.4
1196480 1928.1
1196490 1932.2
1196500 1935.4
1196510 1935.4
1196520 1940.6
1196530 1948.6
1196540 1948.6
1196550 1955.9
1196560 1960.8
1196570 1960.8
1196580 1966.0
1196590 1971.7
1196600 1971.7
1196610 1978.7
1196620 1988.8
1196630 1988.8
1196640 1999.3
1196650 2007.6
1196660 2007.6
1196670 2013.4
1196680 2020.0
1196690 2025.7
1196700 2025.7
1196710 2030.0
1196720 2034.1
1196730 2034.1
1196740 2037.9
1196750 2041.2
1196760 2041.2
1196770 2044.6
1196780 2047.7
1196790 2047.7
1196800 2051.5
1196810 2054.5
1196820 2054.5
1196830 2057.0
1196840 2060.6
1196850 2060.6
1196860 2063.9
1196870 2066.7
1196880 2066.7
1196890 2070.6
1196900 2073.3
1196910 2075.6
1196920 2075.6
1196930 2078.0
1196940 2079.9
1196950 2079.9
1196960 2082.0
1196970 2083.7
1196980 2083.7
1196990 2085.5
1197000 2088.1
1197010 2088.1
1197020 2092.0
1197030 2096.7
1197040 2096.7
1197050 2104.9
1197060 2111.1
1197070 2111.1
1197080 2118.3
1197090 2125.9
1197100 2133.7
1197110 2133.7
1197120 2141.1
1197130 2148.3
1197140 2148.3
1197150 2155.5
1197160 2163.0
1197170 2163.0
1197180 2170.8
1197190 2180.4
1197200 2180.4
1197210 2196.5
1197220 2211.0
1197230 2211.0
1197240 2219.4
1197250 2226.6
1197260 2226.6
1197270 2233.1
1197280 2237.9
1197290 2241.8
1197300 2241.8
1197310 2247.6
1197320 2255.6
1197330 2255.6
1197340 2264.6
1197350 2278.2
1197360 2278.2
1197370 2293.7
1197380 2316.1
1197390 2316.1
1197400 2326.2
1197410 2331.1
1197420 2331.1
1197430 2336.1
1197440 2340.5
1197450 2340.5
1197460 2345.8
1197470 2354.5
1197480 2363.2
1197490 2371.9
1197500 2378.6
1197510 2383.1
1197520 2383.1
1197530 2388.3
1197540 2399.6
1197550 2399.6
1197560 2406.1
1197570 2410.3
1197580 2410.3
1197590 2414.7
1197600 2418.7
1197610 2418.7
1197620 2422.6
1197630 2427.9
1197640 2427.9
1197650 2436.9
1197660 2444.7
1197670 2444.7
1197680 2449.8
1197690 2454.4
1197700 2459.3
1197710 2459.3
1197720 2464.6
1197730 2470.6
1197740 2470.6
1197750 2476.8
1197760 2482.2
1197770 2482.2
1197780 2487.1
1197790 2492.0
1197800 2492.0
1197810 2496.4
1197820 2501.1
1197830 2501.1
1197840 2504.9
1197850 2508.4
1197860 2508.4
1197870 2510.7
1197880 2511.7
1197890 2513.4
1197900 2513.4
1197910 2515.0
1197920 2516.6
1197930 2512.5
1197940 2515.6
1197950 2519.1
1197960 2519.1
1197970 2522.0
1197980 2524.7
1197990 2524.7
1198000 2528.0
1198010 2529.9
1198020 2529.9
1198030 2530.7
1198040 2532.8
1198050 2532.8
1198060 2536.0
1198070 2538.9
1198080 2542.0
1198090 2542.0
1198100 2544.9
1198110 2548.2
1198120 2548.2
1198130 2552.0
1198140 2555.9
1198150 2555.9
1198160 2559.2
1198170 2561.7
1198180 2561.7
1198190 2563.1
1198200 2565.1
1198210 2565.1
1198220 2568.1
1198230 2572.6
1198240 2572.6
1198250 2577.2
1198260 2582.3
1198270 2587.6
1198280 2587.6
1198290 2592.4
1198300 2597.5
1198310 2597.5
1198320 2603.1
1198330 2609.9
1198340 2609.9
1198350 2619.7
1198360 2628.7
1198370 2628.7
1198380 2630.2
1198390 2637.6
1198400 2637.6
1198410 2644.0
1198420 2649.3
1198430 2649.3
1198440 2654.0
1198450 2657.3
1198460 2657.3
1198470 2658.9
1198480 2663.7
1198490 2667.5
1198500 2667.5
1198510 2668.4
1198520 2670.7
1198530 2670.7
1198540 2673.5
1198550 2675.9
1198560 2675.9
1198570 2678.1
1198580 2680.3
1198590 2680.3
1198600 2681.6
1198610 2683.5
1198620 2683.5
1198630 2684.8
1198640 2686.3
1198650 2686.3
1198660 2688.1
1198670 2689.2
1198680 2690.4
1198690 2690.4
1198700 2690.3
1198710 2691.2
1198720 2691.2
1198730 2692.8
1198740 2694.2
1198750 2694.2
1198760 2693.6
1198770 2690.5
1198780 2690.5
1198790 2688.8
1198800 2688.8
1198810 2688.8
1198820 2681.3
1198830 2681.0
1198840 2681.0
1198850 2677.9
1198860 2674.0
1198870 2671.6
1198880 2671.6
1198890 2670.2
1198900 2670.1
1198910 2670.1
1198920 2669.5
1198930 2668.6
1198940 2668.6
1198950 2666.4
1198960 2664.9
1198970 2664.9
1198980 2664.5
1198990 2663.8
1199000 2663.8
1199010 2662.6
1199020 2662.2
1199030 2662.2
1199040 2661.9
1199050 2662.3
1199060 2662.3
1199070 2662.8
1199080 2664.2
1199090 2665.3
1199100 2665.3
1199110 2667.8
1199120 2673.2
1199130 2673.2
1199140 2677.8
1199150 2678.8
1199160 2678.8
1199170 2679.3
1199180 2679.8
1199190 2679.8
1199200 2679.8
1199210 2680.6
1199220 2680.6
1199230 2681.4
1199240 2683.2
1199250 2683.2
1199260 2681.7
1199270 2686.6
1199280 2692.4
1199290 2692.4
1199300 2699.0
1199310 2706.9
1199320 2706.9
1199330 2715.8
1199340 2722.0
1199350 2722.0
1199360 2726.4
1199370 2730.0
1199380 2730.0
1199390 2733.1
1199400 2735.1
1199410 2735.1
1199420 2736.3
1199430 2736.2
1199440 2736.2
1199450 2735.0
1199460 2734.9
1199470 2734.7
1199480 2734.7
1199490 2735.2
1199500 2736.2
1199510 2736.2
1199520 2736.7
1199530 2736.9
1199540 2736.9
1199550 2737.0
1199560 2739.2
1199570 2739.2
1199580 2741.7
1199590 2744.3
1199600 2744.3
1199610 2747.5
1199620 2751.4
1199630 2751.4
1199640 2755.7
1199650 2760.2
1199660 2764.2
1199670 2764.2
1199680 2769.6
1199690 2778.1
1199700 2769.3
1199710 2780.9
1199720 2784.7
1199730 2784.7
1199740 2785.4
1199750 2782.1
1199760 2782.1
1199770 2775.2
1199780 2768.5
1199790 2768.5
1199800 2762.6
1199810 2757.7
1199820 2757.7
1199830 2753.1
1199840 2750.4
1199850 2750.4
1199860 2750.5
1199870 2750.5
1199880 2749.0
1199890 2749.0
1199900 2747.1
1199910 2751.1
1199920 2751.1
1199930 2759.5
1199940 2767.3
1199950 2767.3
1199960 2772.5
1199970 2774.3
1199980 2774.3
1199990 2777.0
