1180000 1849.3
1180010 1846.6
1180020 1846.2
1180030 1846.2
1180040 1848.8
1180050 1856.0
1180060 1863.7
1180070 1863.7
1180080 1870.0
1180090 1876.0
1180100 1876.0
1180110 1882.3
1180120 1889.4
1180130 1889.4
1180140 1896.6
1180150 1901.4
1180160 1901.4
1180170 1904.2
1180180 1904.6
1180190 1904.6
1180200 1904.2
1180210 1899.9
1180220 1899.9
1180230 1893.5
1180240 1883.4
1180250 1877.4
1180260 1877.4
1180270 1874.7
1180280 1873.9
1180290 1873.9
1180300 1874.3
1180310 1873.2
1180320 1873.2
1180330 1872.8
1180340 1873.7
1180350 1873.7
1180360 1874.9
1180370 1875.6
1180380 1875.6
1180390 1875.7
1180400 1876.3
1180410 1876.3
1180420 1877.6
1180430 1880.7
1180440 1880.7
1180450 1887.7
1180460 1895.6
1180470 1902.7
1180480 1902.7
1180490 1907.4
1180500 1911.0
1180510 1911.0
1180520 1913.7
1180530 1917.1
1180540 1917.1
1180550 1918.5
1180560 1916.4
1180570 1916.4
1180580 1910.9
1180590 1904.0
1180600 1904.0
1180610 1902.6
1180620 1906.8
1180630 1906.8
1180640 1912.2
1180650 1907.7
1180660 1908.1
1180670 1908.1
1180680 1908.3
1180690 1908.7
1180700 1908.7
1180710 1912.8
1180720 1916.7
1180730 1916.7
1180740 1918.8
1180750 1919.5
1180760 1919.5
1180770 1922.4
1180780 1926.8
1180790 1926.8
1180800 1930.3
1180810 1931.9
1180820 1931.9
1180830 1931.7
1180840 1930.6
1180850 1931.5
1180860 1931.5
1180870 1933.1
1180880 1932.1
1180890 1932.1
1180900 1930.5
1180910 1930.5
1180920 1930.5
1180930 1930.2
1180940 1929.4
1180950 1929.4
1180960 1929.3
1180970 1927.5
1180980 1927.5
1180990 1927.2
1181000 1927.9
1181010 1927.9
1181020 1929.0
1181030 1930.5
1181040 1930.5
1181050 1932.8
1181060 1934.7
1181070 1936.6
1181080 1936.6
1181090 1941.6
1181100 1947.6
1181110 1947.6
1181120 1953.0
1181130 1959.0
1181140 1959.0
1181150 1963.5
1181160 1967.6
1181170 1967.6
1181180 1972.4
1181190 1978.4
1181200 1978.4
1181210 1984.6
1181220 1989.7
1181230 1989.7
1181240 1994.8
1181250 1998.8
1181260 1998.0
1181270 1998.0
1181280 1995.9
1181290 1997.0
1181300 1997.0
1181310 1999.7
1181320 2004.2
1181330 2004.2
1181340 2011.6
1181350 2017.6
1181360 2017.6
1181370 2018.2
1181380 2017.6
1181390 2017.6
1181400 2019.6
1181410 2023.7
1181420 2023.7
1181430 2027.7
1181440 2031.3
1181450 2035.1
1181460 2035.1
1181470 2039.5
1181480 2045.2
1181490 2047.8
1181500 2053.5
1181510 2058.4
1181520 2058.4
1181530 2062.3
1181540 2065.9
1181550 2065.9
1181560 2069.0
1181570 2071.9
1181580 2071.9
1181590 2073.9
1181600 2075.5
1181610 2075.5
1181620 2077.1
1181630 2080.1
1181640 2080.1
1181650 2083.9
1181660 2088.6
1181670 2094.9
1181680 2094.9
1181690 2099.3
1181700 2102.6
1181710 2102.6
1181720 2105.9
1181730 2109.3
1181740 2109.3
1181750 2114.2
1181760 2119.1
1181770 2119.1
1181780 2123.8
1181790 2127.5
1181800 2127.5
1181810 2131.6
1181820 2135.5
1181830 2135.5
1181840 2139.1
1181850 2142.2
1181860 2144.3
1181870 2144.3
1181880 2147.0
1181890 2150.1
1181900 2154.5
1181910 2158.1
1181920 2161.9
1181930 2161.9
1181940 2165.7
1181950 2169.6
1181960 2169.6
1181970 2171.3
1181980 2172.6
1181990 2172.6
1182000 2174.8
1182010 2176.7
1182020 2176.7
1182030 2176.3
1182040 2176.5
1182050 2178.7
1182060 2178.7
1182070 2180.2
1182080 2182.9
1182090 2182.9
1182100 2186.3
1182110 2188.5
1182120 2188.5
1182130 2189.1
1182140 2190.2
1182150 2190.2
1182160 2191.8
1182170 2193.5
1182180 2193.5
1182190 2196.8
1182200 2199.6
1182210 2199.6
1182220 2202.6
1182230 2205.9
1182240 2208.8
1182250 2208.8
1182260 2211.4
1182270 2214.4
1182280 2214.4
1182290 2217.9
1182300 2220.1
1182310 2220.1
1182320 2228.3
1182330 2229.3
1182340 2229.3
1182350 2231.6
1182360 2234.0
1182370 2234.0
1182380 2237.8
1182390 2241.3
1182400 2241.3
1182410 2242.9
1182420 2244.1
1182430 2244.1
1182440 2246.7
1182450 2250.6
1182460 2253.2
1182470 2253.2
1182480 2255.0
1182490 2256.6
1182500 2256.6
1182510 2259.2
1182520 2262.7
1182530 2262.7
1182540 2266.6
1182550 2269.8
1182560 2269.8
1182570 2270.5
1182580 2272.0
1182590 2272.0
1182600 2274.0
1182610 2275.9
1182620 2275.9
1182630 2278.8
1182640 2281.7
1182650 2284.3
1182660 2284.3
1182670 2286.2
1182680 2287.9
1182690 2287.9
1182700 2289.0
1182710 2289.7
1182720 2289.7
1182730 2289.0
1182740 2296.0
1182750 2296.0
1182760 2297.3
1182770 2298.3
1182780 2298.3
1182790 2297.9
1182800 2295.9
1182810 2295.9
1182820 2294.1
1182830 2294.3
1182840 2294.9
1182850 2294.9
1182860 2295.6
1182870 2297.1
1182880 2297.1
1182890 2300.1
1182900 2303.8
1182910 2303.8
1182920 2306.9
1182930 2308.7
1182940 2308.7
1182950 2309.3
1182960 2310.0
1182970 2310.0
1182980 2310.6
1182990 2312.5
1183000 2312.5
1183010 2314.2
1183020 2314.9
1183030 2314.9
1183040 2316.1
1183050 2317.7
1183060 2319.0
1183070 2319.0
1183080 2320.2
1183090 2320.8
1183100 2320.8
1183110 2320.7
1183120 2320.7
1183130 2320.7
1183140 2321.0
1183150 2322.1
1183160 2321.9
1183170 2322.9
1183180 2324.8
1183190 2324.8
1183200 2327.5
1183210 2329.9
1183220 2329.9
1183230 2331.9
1183240 2331.9
1183250 2332.1
1183260 2332.1
1183270 2335.1
1183280 2339.7
1183290 2339.7
1183300 2344.0
1183310 2347.0
1183320 2347.0
1183330 2348.7
1183340 2350.6
1183350 2350.6
1183360 2351.9
1183370 2352.6
1183380 2352.6
1183390 2352.7
1183400 2353.9
1183410 2353.9
1183420 2355.4
1183430 2356.2
1183440 2356.2
1183450 2356.2
1183460 2357.2
1183470 2358.3
1183480 2358.3
1183490 2358.4
1183500 2357.5
1183510 2357.5
1183520 2357.8
1183530 2360.2
1183540 2360.2
1183550 2363.3
1183560 2364.7
1183570 2364.7
1183580 2363.9
1183590 2365.4
1183600 2365.4
1183610 2367.4
1183620 2368.7
1183630 2368.7
1183640 2370.5
1183650 2372.9
1183660 2376.0
1183670 2376.0
1183680 2379.2
1183690 2381.6
1183700 2381.6
1183710 2385.9
1183720 2390.0
1183730 2390.0
1183740 2393.7
1183750 2398.1
1183760 2398.1
1183770 2401.7
1183780 2406.3
1183790 2406.3
1183800 2410.9
1183810 2414.4
1183820 2414.4
1183830 2419.2
1183840 2424.9
1183850 2430.1
1183860 2430.1
1183870 2435.5
1183880 2439.5
1183890 2439.5
1183900 2442.5
1183910 2446.5
1183920 2446.5
1183930 2451.5
1183940 2455.8
1183950 2455.8
1183960 2460.2
1183970 2464.2
1183980 2464.2
1183990 2466.8
1184000 2462.2
1184010 2462.2
1184020 2464.8
1184030 2468.3
1184040 2472.4
1184050 2472.4
1184060 2475.2
1184070 2477.3
1184080 2477.3
1184090 2479.5
1184100 2481.3
1184110 2481.3
1184120 2483.0
1184130 2484.4
1184140 2484.4
1184150 2485.3
1184160 2485.5
1184170 2485.5
1184180 2485.8
1184190 2485.8
1184200 2485.8
1184210 2485.1
1184220 2485.3
1184230 2485.3
1184240 2486.4
1184250 2486.9
1184260 2487.4
1184270 2487.4
1184280 2488.6
1184290 2491.7
1184300 2491.7
1184310 2495.7
1184320 2499.1
1184330 2499.1
1184340 2501.9
1184350 2503.6
1184360 2503.6
1184370 2504.8
1184380 2504.9
1184390 2504.9
1184400 2504.3
1184410 2503.0
1184420 2496.4
1184430 2494.3
1184440 2492.0
1184450 2490.0
1184460 2490.0
1184470 2489.2
1184480 2489.9
1184490 2489.9
1184500 2490.9
1184510 2490.8
1184520 2490.8
1184530 2491.5
1184540 2493.2
1184550 2493.2
1184560 2494.9
1184570 2496.6
1184580 2496.6
1184590 2498.3
1184600 2500.1
1184610 2500.1
1184620 2502.4
1184630 2505.0
1184640 2507.1
1184650 2507.1
1184660 2509.0
1184670 2511.0
1184680 2511.0
1184690 2513.1
1184700 2515.0
1184710 2515.0
1184720 2517.2
1184730 2518.9
1184740 2518.9
1184750 2520.5
1184760 2522.0
1184770 2522.0
1184780 2523.8
1184790 2525.0
1184800 2525.0
1184810 2526.9
1184820 2528.9
1184830 2530.6
1184840 2532.4
1184850 2533.1
1184860 2534.2
1184870 2534.2
1184880 2536.5
1184890 2540.8
1184900 2540.8
1184910 2545.0
1184920 2548.3
1184930 2548.3
1184940 2552.5
1184950 2558.4
1184960 2558.4
1184970 2564.7
1184980 2571.0
1184990 2571.0
1185000 2579.6
1185010 2585.6
1185020 2585.6
1185030 2593.3
1185040 2600.1
1185050 2607.1
1185060 2607.1
1185070 2612.3
1185080 2615.3
1185090 2615.3
1185100 2618.7
1185110 2622.7
1185120 2622.7
1185130 2627.1
1185140 2631.9
1185150 2631.9
1185160 2636.8
1185170 2642.2
1185180 2642.2
1185190 2647.2
1185200 2650.5
1185210 2650.5
1185220 2653.2
1185230 2657.1
1185240 2661.6
1185250 2661.6
1185260 2659.7
1185270 2663.0
1185280 2663.0
1185290 2667.1
1185300 2670.6
1185310 2670.6
1185320 2674.4
1185330 2678.5
1185340 2678.5
1185350 2683.1
1185360 2687.4
1185370 2687.4
1185380 2691.4
1185390 2695.8
1185400 2695.8
1185410 2701.3
1185420 2707.7
1185430 2712.8
1185440 2712.8
1185450 2714.6
1185460 2717.7
1185470 2717.7
1185480 2717.1
1185490 2715.6
1185500 2715.6
1185510 2715.2
1185520 2713.7
1185530 2713.7
1185540 2710.5
1185550 2705.7
1185560 2705.7
1185570 2702.3
1185580 2698.1
1185590 2698.1
1185600 2690.7
1185610 2681.3
1185620 2681.3
1185630 2676.3
1185640 2675.5
1185650 2677.6
1185660 2677.6
1185670 2677.9
1185680 2678.5
1185690 2678.4
1185700 2676.7
1185710 2678.1
1185720 2678.1
1185730 2679.7
1185740 2681.2
1185750 2681.2
1185760 2681.0
1185770 2680.6
1185780 2680.6
1185790 2679.5
1185800 2678.9
1185810 2678.9
1185820 2679.1
1185830 2678.3
1185840 2674.1
1185850 2674.1
1185860 2669.4
1185870 2668.7
1185880 2668.7
1185890 2671.0
1185900 2672.1
1185910 2672.1
1185920 2670.7
1185930 2665.5
1185940 2665.5
1185950 2662.1
1185960 2661.7
1185970 2661.7
1185980 2662.3
1185990 2663.4
1186000 2663.4
1186010 2665.0
1186020 2665.2
1186030 2663.6
1186040 2663.6
1186050 2660.0
1186060 2656.5
1186070 2656.5
1186080 2654.6
1186090 2653.1
1186100 2653.1
1186110 2652.8
1186120 2646.6
1186130 2646.6
1186140 2639.7
1186150 2633.1
1186160 2633.1
1186170 2630.1
1186180 2634.4
1186190 2634.4
1186200 2639.5
1186210 2648.8
1186220 2648.8
1186230 2655.8
1186240 2658.2
1186250 2658.6
1186260 2658.6
1186270 2652.6
1186280 2637.2
1186290 2637.2
1186300 2624.6
1186310 2617.7
1186320 2617.7
1186330 2612.1
1186340 2609.9
1186350 2609.9
1186360 2606.1
1186370 2597.2
1186380 2597.2
1186390 2584.3
1186400 2570.4
1186410 2570.4
1186420 2559.8
1186430 2551.1
1186440 2545.9
1186450 2545.9
1186460 2544.2
1186470 2540.5
1186480 2540.5
1186490 2535.5
1186500 2530.3
1186510 2530.3
1186520 2524.8
1186530 2523.8
1186540 2523.8
1186550 2518.1
1186560 2512.4
1186570 2512.4
1186580 2507.4
1186590 2503.6
1186600 2503.6
1186610 2500.3
1186620 2497.4
1186630 2494.6
1186640 2494.6
1186650 2492.2
1186660 2490.2
1186670 2490.2
1186680 2488.2
1186690 2486.5
1186700 2486.5
1186710 2484.8
1186720 2483.5
1186730 2483.5
1186740 2481.9
1186750 2480.1
1186760 2480.1
1186770 2478.4
1186780 2476.8
1186790 2476.8
1186800 2475.0
1186810 2473.1
1186820 2473.1
1186830 2471.6
1186840 2470.4
1186850 2467.9
1186860 2467.9
1186870 2465.5
1186880 2463.5
1186890 2463.5
1186900 2461.2
1186910 2459.0
1186920 2459.0
1186930 2457.0
1186940 2456.6
1186950 2456.6
1186960 2459.6
1186970 2460.9
1186980 2460.9
1186990 2461.9
1187000 2464.2
1187010 2464.2
1187020 2468.3
1187030 2472.3
1187040 2474.7
1187050 2474.7
1187060 2477.3
1187070 2478.5
1187080 2478.5
1187090 2481.7
1187100 2488.2
1187110 2488.2
1187120 2495.6
1187130 2499.5
1187140 2499.5
1187150 2501.1
1187160 2502.7
1187170 2502.7
1187180 2504.2
1187190 2506.4
1187200 2506.4
1187210 2507.1
1187220 2507.4
1187230 2508.7
1187240 2508.7
1187250 2512.2
1187260 2513.6
1187270 2513.6
1187280 2512.4
1187290 2512.2
1187300 2512.2
1187310 2512.2
1187320 2512.5
1187330 2512.5
1187340 2512.1
1187350 2511.0
1187360 2511.0
1187370 2514.6
1187380 2523.1
1187390 2523.1
1187400 2525.7
1187410 2526.9
1187420 2529.5
1187430 2529.5
1187440 2534.1
1187450 2537.7
1187460 2537.7
1187470 2540.9
1187480 2543.5
1187490 2543.5
1187500 2546.3
1187510 2549.0
1187520 2549.0
1187530 2551.5
1187540 2553.5
1187550 2553.5
1187560 2556.0
1187570 2559.2
1187580 2559.2
1187590 2561.9
1187600 2564.2
1187610 2564.2
1187620 2567.2
1187630 2570.5
1187640 2573.6
1187650 2573.6
1187660 2577.5
1187670 2580.5
1187680 2580.5
1187690 2584.0
1187700 2587.7
1187710 2587.7
1187720 2591.3
1187730 2595.0
1187740 2595.0
1187750 2598.8
1187760 2602.8
1187770 2602.8
1187780 2606.9
1187790 2610.7
1187800 2610.7
1187810 2617.6
1187820 2621.7
1187830 2626.0
1187840 2626.0
1187850 2630.3
1187860 2634.6
1187870 2634.6
1187880 2638.8
1187890 2643.1
1187900 2643.1
1187910 2647.4
1187920 2651.6
1187930 2651.6
1187940 2655.6
1187950 2661.3
1187960 2661.3
1187970 2674.0
1187980 2686.0
1187990 2686.0
1188000 2693.9
1188010 2700.8
1188020 2699.8
1188030 2699.8
1188040 2699.4
1188050 2702.1
1188060 2702.1
1188070 2706.6
1188080 2710.9
1188090 2710.9
1188100 2716.2
1188110 2721.0
1188120 2721.0
1188130 2724.7
1188140 2728.6
1188150 2728.6
1188160 2733.7
1188170 2741.2
1188180 2741.2
1188190 2749.5
1188200 2757.7
1188210 2757.7
1188220 2762.1
1188230 2767.0
1188240 2777.8
1188250 2777.8
1188260 2784.8
1188270 2793.4
1188280 2793.4
1188290 2796.1
1188300 2798.8
1188310 2798.8
1188320 2802.8
1188330 2810.9
1188340 2810.9
1188350 2817.5
1188360 2823.0
1188370 2823.0
1188380 2829.5
1188390 2837.0
1188400 2837.0
1188410 2843.9
1188420 2850.2
1188430 2855.5
1188440 2855.5
1188450 2860.1
1188460 2864.0
1188470 2864.0
1188480 2866.4
1188490 2868.0
1188500 2868.0
1188510 2869.9
1188520 2872.3
1188530 2872.3
1188540 2874.6
1188550 2876.7
1188560 2876.7
1188570 2880.7
1188580 2886.4
1188590 2886.4
1188600 2892.4
1188610 2897.4
1188620 2899.8
1188630 2899.8
1188640 2900.7
1188650 2903.3
1188660 2910.1
1188670 2912.7
1188680 2915.8
1188690 2915.8
1188700 2919.7
1188710 2924.0
1188720 2924.0
1188730 2928.1
1188740 2932.9
1188750 2932.9
1188760 2938.6
1188770 2944.6
1188780 2944.6
1188790 2950.9
1188800 2957.5
1188810 2957.5
1188820 2966.9
1188830 2977.5
1188840 2985.1
1188850 2985.1
1188860 2996.0
1188870 3006.1
1188880 3006.1
1188890 3014.3
1188900 3022.3
1188910 3022.3
1188920 3030.1
1188930 3037.1
1188940 3037.1
1188950 3038.6
1188960 3032.9
1188970 3032.9
1188980 3025.1
1188990 3017.6
1189000 3017.6
1189010 3010.7
1189020 3004.2
1189030 2997.2
1189040 2997.2
1189050 2989.7
1189060 2986.3
1189070 2986.3
1189080 2985.4
1189090 2989.5
1189100 2989.5
1189110 2989.5
1189120 2989.7
1189130 2989.7
1189140 2990.0
1189150 2990.6
1189160 2990.6
1189170 2991.4
1189180 2992.6
1189190 2992.6
1189200 2994.2
1189210 2996.1
1189220 2998.3
1189230 2998.3
1189240 3000.8
1189250 3003.6
1189260 3003.6
1189270 3007.4
1189280 3012.3
1189290 3012.3
1189300 3018.5
1189310 3027.2
1189320 3027.2
1189330 3034.5
1189340 3041.7
1189350 3041.7
1189360 3048.4
1189370 3046.7
1189380 3046.7
1189390 3045.0
1189400 3042.1
1189410 3036.5
1189420 3036.5
1189430 3038.1
1189440 3041.9
1189450 3041.9
1189460 3039.4
1189470 3035.8
1189480 3035.8
1189490 3030.5
1189500 3025.6
1189510 3025.6
1189520 3013.6
1189530 3005.2
1189540 3005.2
1189550 2992.7
1189560 2980.6
1189570 2980.6
1189580 2970.0
1189590 2964.8
1189600 2964.8
1189610 2955.7
1189620 2951.6
1189630 2949.4
1189640 2949.4
1189650 2947.2
1189660 2946.2
1189670 2946.2
1189680 2946.2
1189690 2946.5
1189700 2946.5
1189710 2947.1
1189720 2946.8
1189730 2946.8
1189740 2945.5
1189750 2940.6
1189760 2940.6
1189770 2928.3
1189780 2915.5
1189790 2915.5
1189800 2900.5
1189810 2882.8
1189820 2874.0
1189830 2874.0
1189840 2867.0
1189850 2859.8
1189860 2859.8
1189870 2852.4
1189880 2845.0
1189890 2845.0
1189900 2837.5
1189910 2831.3
1189920 2831.3
1189930 2825.8
1189940 2820.0
1189950 2817.0
1189960 2811.6
1189970 2806.4
1189980 2806.4
1189990 2801.1
1190000 2796.0
1190010 2791.5
1190020 2791.5
1190030 2788.4
1190040 2786.8
1190050 2786.8
1190060 2787.0
1190070 2788.2
1190080 2788.2
1190090 2790.2
1190100 2792.2
1190110 2792.2
1190120 2794.1
1190130 2796.0
1190140 2796.0
1190150 2796.9
1190160 2796.9
1190170 2796.9
1190180 2797.1
1190190 2796.4
1190200 2796.4
1190210 2796.2
1190220 2795.9
1190230 2794.3
1190240 2794.3
1190250 2791.6
1190260 2788.7
1190270 2788.7
1190280 2786.9
1190290 2785.1
1190300 2785.1
1190310 2782.6
1190320 2780.8
1190330 2780.8
1190340 2778.4
1190350 2776.1
1190360 2776.1
1190370 2774.4
1190380 2773.6
1190390 2773.6
1190400 2772.4
1190410 2772.2
1190420 2772.6
1190430 2772.6
1190440 2773.5
1190450 2774.4
1190460 2774.4
1190470 2776.2
1190480 2777.6
1190490 2777.6
1190500 2775.9
1190510 2774.6
1190520 2774.6
1190530 2773.8
1190540 2773.6
1190550 2773.6
1190560 2773.7
1190570 2773.7
1190580 2773.7
1190590 2773.7
1190600 2772.7
1190610 2770.3
1190620 2770.3
1190630 2766.3
1190640 2763.5
1190650 2763.5
1190660 2761.8
1190670 2759.9
1190680 2759.9
1190690 2757.9
1190700 2756.0
1190710 2756.0
1190720 2755.5
1190730 2755.4
1190740 2755.4
1190750 2755.3
1190760 2755.3
1190770 2755.3
1190780 2755.3
1190790 2755.5
1190800 2755.5
1190810 2755.7
1190820 2755.8
1190830 2756.4
1190840 2756.4
1190850 2757.2
1190860 2756.8
1190870 2756.8
1190880 2758.0
1190890 2760.8
1190900 2760.8
1190910 2763.3
1190920 2765.0
1190930 2765.0
1190940 2767.0
1190950 2767.8
1190960 2767.8
1190970 2766.3
1190980 2765.2
1190990 2765.2
1191000 2766.8
1191010 2768.3
1191020 2770.9
1191030 2770.9
1191040 2774.0
1191050 2777.8
1191060 2777.8
1191070 2782.8
1191080 2787.4
1191090 2787.4
1191100 2791.0
1191110 2793.7
1191120 2793.7
1191130 2794.5
1191140 2793.3
1191150 2793.3
1191160 2789.8
1191170 2786.8
1191180 2786.8
1191190 2785.0
1191200 2782.0
1191210 2773.7
1191220 2773.7
1191230 2764.1
1191240 2751.9
1191250 2751.9
1191260 2747.0
1191270 2742.4
1191280 2742.4
1191290 2737.9
1191300 2734.5
1191310 2734.5
1191320 2732.3
1191330 2730.2
1191340 2730.2
1191350 2728.2
1191360 2729.7
1191370 2729.7
1191380 2731.0
1191390 2730.8
1191400 2730.0
1191410 2730.0
1191420 2729.3
1191430 2730.0
1191440 2730.0
1191450 2730.3
1191460 2730.3
1191470 2730.3
1191480 2730.0
1191490 2729.2
1191500 2729.2
1191510 2731.1
1191520 2730.7
1191530 2730.7
1191540 2728.2
1191550 2727.1
1191560 2727.1
1191570 2727.0
1191580 2728.9
1191590 2728.9
1191600 2732.6
1191610 2736.2
1191620 2739.8
1191630 2739.8
1191640 2743.1
1191650 2747.2
1191660 2747.2
1191670 2746.9
1191680 2757.3
1191690 2757.3
1191700 2765.9
1191710 2776.3
1191720 2776.3
1191730 2788.4
1191740 2801.1
1191750 2801.1
1191760 2801.4
1191770 2789.7
1191780 2789.7
1191790 2780.8
1191800 2773.5
1191810 2766.4
1191820 2766.4
1191830 2759.7
1191840 2752.5
1191850 2752.5
1191860 2745.0
1191870 2738.6
1191880 2738.6
1191890 2733.3
1191900 2730.1
1191910 2730.1
1191920 2728.9
1191930 2726.4
1191940 2726.4
1191950 2723.3
1191960 2719.5
1191970 2719.5
1191980 2715.5
1191990 2710.3
1192000 2705.5
1192010 2705.5
1192020 2700.1
1192030 2694.6
1192040 2694.6
1192050 2689.4
1192060 2684.3
1192070 2684.3
1192080 2680.4
1192090 2676.7
1192100 2679.6
1192110 2676.6
1192120 2673.2
1192130 2673.2
1192140 2668.7
1192150 2665.2
1192160 2665.2
1192170 2662.5
1192180 2659.4
1192190 2659.4
1192200 2656.0
1192210 2653.4
1192220 2652.2
1192230 2652.2
1192240 2653.6
1192250 2655.8
1192260 2655.8
1192270 2654.3
1192280 2650.6
1192290 2650.6
1192300 2646.7
1192310 2644.7
1192320 2644.7
1192330 2641.6
1192340 2636.4
1192350 2636.4
1192360 2634.0
1192370 2634.4
1192380 2634.4
1192390 2637.1
1192400 2640.6
1192410 2641.9
1192420 2641.9
1192430 2642.1
1192440 2641.3
1192450 2641.3
1192460 2643.1
1192470 2643.5
1192480 2643.5
1192490 2644.0
1192500 2643.6
1192510 2643.6
1192520 2642.7
1192530 2642.3
1192540 2644.8
1192550 2640.5
1192560 2639.0
1192570 2639.0
1192580 2634.8
1192590 2629.1
1192600 2623.5
1192610 2623.5
1192620 2619.5
1192630 2615.8
1192640 2615.8
1192650 2613.4
1192660 2613.0
1192670 2613.0
1192680 2613.9
1192690 2615.2
1192700 2615.2
1192710 2615.9
1192720 2615.7
1192730 2615.7
1192740 2613.3
1192750 2609.5
1192760 2609.5
1192770 2605.3
1192780 2601.3
1192790 2601.3
1192800 2595.3
1192810 2587.6
1192820 2579.9
1192830 2579.9
1192840 2570.4
1192850 2556.3
1192860 2556.3
1192870 2543.9
1192880 2539.4
1192890 2539.4
1192900 2534.1
1192910 2529.2
1192920 2529.2
1192930 2525.7
1192940 2521.5
1192950 2521.5
1192960 2515.9
1192970 2514.2
1192980 2514.2
1192990 2508.4
1193000 2503.3
1193010 2500.5
1193020 2500.5
1193030 2502.0
1193040 2503.4
1193050 2503.4
1193060 2505.0
1193070 2506.4
1193080 2506.4
1193090 2506.4
1193100 2505.5
1193110 2505.5
1193120 2502.7
1193130 2500.9
1193140 2500.9
1193150 2504.4
1193160 2508.3
1193170 2508.3
1193180 2511.6
1193190 2515.7
1193200 2520.9
1193210 2520.9
1193220 2525.9
1193230 2526.0
1193240 2526.0
1193250 2522.7
1193260 2520.1
1193270 2520.1
1193280 2519.2
1193290 2515.0
1193300 2515.0
1193310 2508.6
1193320 2504.8
1193330 2504.8
1193340 2501.7
1193350 2498.0
1193360 2498.0
1193370 2493.8
1193380 2489.0
1193390 2482.5
1193400 2486.1
1193410 2476.1
1193420 2467.4
1193430 2467.4
1193440 2461.2
1193450 2455.9
1193460 2455.9
1193470 2452.7
1193480 2449.4
1193490 2449.4
1193500 2444.0
1193510 2443.5
1193520 2443.5
1193530 2440.1
1193540 2428.4
1193550 2428.4
1193560 2419.4
1193570 2414.6
1193580 2414.6
1193590 2410.3
1193600 2407.0
1193610 2403.8
1193620 2403.8
1193630 2400.7
1193640 2397.7
1193650 2397.7
1193660 2393.0
1193670 2386.1
1193680 2386.1
1193690 2376.6
1193700 2367.8
1193710 2367.8
1193720 2362.1
1193730 2357.1
1193740 2357.1
1193750 2351.8
1193760 2346.6
1193770 2346.6
1193780 2341.6
1193790 2337.0
1193800 2331.4
1193810 2331.4
1193820 2323.7
1193830 2314.6
1193840 2319.3
1193850 2309.8
1193860 2300.3
1193870 2300.3
1193880 2289.3
1193890 2280.1
1193900 2280.1
1193910 2270.2
1193920 2258.9
1193930 2258.9
1193940 2246.4
1193950 2233.4
1193960 2233.4
1193970 2223.3
1193980 2213.8
1193990 2204.3
1194000 2204.3
1194010 2196.3
1194020 2189.3
1194030 2189.3
1194040 2183.2
1194050 2177.3
1194060 2177.3
1194070 2172.1
1194080 2166.9
1194090 2166.9
1194100 2161.7
1194110 2157.3
1194120 2157.3
1194130 2153.4
1194140 2150.0
1194150 2150.0
1194160 2146.6
1194170 2142.5
1194180 2142.5
1194190 2140.4
1194200 2137.9
1194210 2135.1
1194220 2135.1
1194230 2132.9
1194240 2130.7
1194250 2130.7
1194260 2128.4
1194270 2126.0
1194280 2126.0
1194290 2123.8
1194300 2121.1
1194310 2121.1
1194320 2118.4
1194330 2115.8
1194340 2115.8
1194350 2113.3
1194360 2110.7
1194370 2110.7
1194380 2108.1
1194390 2105.4
1194400 2102.6
1194410 2102.6
1194420 2099.9
1194430 2095.9
1194440 2095.9
1194450 2093.1
1194460 2089.7
1194470 2089.7
1194480 2084.9
1194490 2081.1
1194500 2081.1
1194510 2077.1
1194520 2072.1
1194530 2072.1
1194540 2066.4
1194550 2060.1
1194560 2060.1
1194570 2053.9
1194580 2049.0
1194590 2043.6
1194600 2043.6
1194610 2037.0
1194620 2029.8
1194630 2029.8
1194640 2022.4
1194650 2014.8
1194660 2014.8
1194670 2007.1
1194680 1998.9
1194690 1998.9
1194700 1990.6
1194710 1983.3
1194720 1983.3
1194730 1979.1
1194740 1976.4
1194750 1976.4
1194760 1973.8
1194770 1971.3
1194780 1971.3
1194790 1968.7
1194800 1965.2
1194810 1960.6
1194820 1960.6
1194830 1955.3
1194840 1949.6
1194850 1949.6
1194860 1944.9
1194870 1941.7
1194880 1941.7
1194890 1939.6
1194900 1937.4
1194910 1937.4
1194920 1935.3
1194930 1934.2
1194940 1934.2
1194950 1931.4
1194960 1927.0
1194970 1927.0
1194980 1922.2
1194990 1917.8
1195000 1918.2
1195010 1918.2
1195020 1920.6
1195030 1919.9
1195040 1919.9
1195050 1914.2
1195060 1908.3
1195070 1908.3
1195080 1902.3
1195090 1896.5
1195100 1896.5
1195110 1889.8
1195120 1883.5
1195130 1883.5
1195140 1878.7
1195150 1878.0
1195160 1878.0
1195170 1874.6
1195180 1871.5
1195190 1865.7
1195200 1865.7
1195210 1858.2
1195220 1851.4
1195230 1851.4
1195240 1844.1
1195250 1836.1
1195260 1836.1
1195270 1828.3
1195280 1820.5
1195290 1820.5
1195300 1813.0
1195310 1805.8
1195320 1805.8
1195330 1799.5
1195340 1794.9
1195350 1794.9
1195360 1789.6
1195370 1777.9
1195380 1772.7
1195390 1772.7
1195400 1763.7
1195410 1759.6
1195420 1759.6
1195430 1759.5
1195440 1759.5
1195450 1759.5
1195460 1759.5
1195470 1759.5
1195480 1759.5
1195490 1759.5
1195500 1759.5
1195510 1759.5
1195520 1759.5
1195530 1759.5
1195540 1759.5
1195550 1759.5
1195560 1759.5
1195570 1759.5
1195580 1759.5
1195590 1759.5
1195600 1759.5
1195610 1759.5
1195620 1759.5
1195630 1759.5
1195640 1759.5
1195650 1759.5
1195660 1759.5
1195670 1759.5
1195680 1759.5
1195690 1759.5
1195700 1759.5
1195710 1759.5
1195720 1759.5
1195730 1759.5
1195740 1759.5
1195750 1759.5
1195760 1759.5
1195770 1759.5
1195780 1759.5
1195790 1759.5
1195800 1759.5
1195810 1759.5
1195820 1759.5
1195830 1759.5
1195840 1759.5
1195850 1759.5
1195860 1759.5
1195870 1759.5
1195880 1759.5
1195890 1759.5
1195900 1759.5
1195910 1759.5
1195920 1759.5
1195930 1759.5
1195940 1759.5
1195950 1759.5
1195960 1759.5
1195970 1759.5
1195980 1759.8
1195990 1759.8
1196000 1764.6
1196010 1771.8
1196020 1774.0
1196030 1780.2
1196040 1787.7
1196050 1787.7
1196060 1793.0
1196070 1800.3
1196080 1800.3
1196090 1807.7
1196100 1815.0
1196110 1815.0
1196120 1822.1
1196130 1827.1
1196140 1827.1
1196150 1831.6
1196160 1836.2
1196170 1836.2
1196180 1840.6
1196190 1845.4
1196200 1850.3
1196210 1850.3
1196220 1856.5
1196230 1862.8
1196240 1862.8
1196250 1869.7
1196260 1876.6
1196270 1876.6
1196280 1883.0
1196290 1888.2
1196300 1888.2
1196310 1893.8
1196320 1899.1
1196330 1899.1
1196340 1903.2
1196350 1907.4
1196360 1907.4
1196370 1912.5
1196380 1919.7
1196390 1926.9
1196400 1926.9
1196410 1932.0
1196420 1933.5
1196430 1933.5
1196440 1932.0
1196450 1930.9
1196460 1929.3
1196470 1929.8
1196480 1931.7
1196490 1931.7
1196500 1933.4
1196510 1935.1
1196520 1935.1
1196530 1936.6
1196540 1938.9
1196550 1938.9
1196560 1941.8
1196570 1944.9
1196580 1948.1
1196590 1948.1
1196600 1951.3
1196610 1954.8
1196620 1954.8
1196630 1958.6
1196640 1963.1
1196650 1963.1
1196660 1968.1
1196670 1973.2
1196680 1973.2
1196690 1979.7
1196700 1985.0
1196710 1985.0
1196720 1990.4
1196730 1997.6
1196740 1997.6
1196750 2002.8
1196760 2006.1
1196770 2006.1
1196780 2009.3
1196790 2011.9
1196800 2015.9
1196810 2015.9
1196820 2021.1
1196830 2026.8
1196840 2026.8
1196850 2031.1
1196860 2035.4
1196870 2035.4
1196880 2039.9
1196890 2044.6
1196900 2048.4
1196910 2051.7
1196920 2053.8
1196930 2053.8
1196940 2056.5
1196950 2060.2
1196960 2060.2
1196970 2065.3
1196980 2072.2
1196990 2079.9
1197000 2079.9
1197010 2087.8
1197020 2096.1
1197030 2096.1
1197040 2103.2
1197050 2109.6
1197060 2109.6
1197070 2114.5
1197080 2120.8
1197090 2120.8
1197100 2129.7
1197110 2139.4
1197120 2139.4
1197130 2144.7
1197140 2147.4
1197150 2147.4
1197160 2150.4
1197170 2155.8
1197180 2159.6
1197190 2159.6
1197200 2165.4
1197210 2172.2
1197220 2172.2
1197230 2175.6
1197240 2179.2
1197250 2179.2
1197260 2184.5
1197270 2189.7
1197280 2189.7
1197290 2194.9
1197300 2200.3
1197310 2200.3
1197320 2205.6
1197330 2210.2
1197340 2213.0
1197350 2217.8
1197360 2221.7
1197370 2225.3
1197380 2225.3
1197390 2228.6
1197400 2230.8
1197410 2230.8
1197420 2234.0
1197430 2239.7
1197440 2239.7
1197450 2244.5
1197460 2247.5
1197470 2247.5
1197480 2249.7
1197490 2251.7
1197500 2251.7
1197510 2254.0
1197520 2256.3
1197530 2256.3
1197540 2259.1
1197550 2262.9
1197560 2262.9
1197570 2267.5
1197580 2272.3
1197590 2277.3
1197600 2277.3
1197610 2282.5
1197620 2287.8
1197630 2287.8
1197640 2293.4
1197650 2299.3
1197660 2299.3
1197670 2305.2
1197680 2311.1
1197690 2311.1
1197700 2317.1
1197710 2323.0
1197720 2323.0
1197730 2329.0
1197740 2334.9
1197750 2334.9
1197760 2340.7
1197770 2346.3
1197780 2353.6
1197790 2353.6
1197800 2360.3
1197810 2366.9
1197820 2366.9
1197830 2373.9
1197840 2381.2
1197850 2381.2
1197860 2389.3
1197870 2397.4
1197880 2397.4
1197890 2405.2
1197900 2412.7
1197910 2412.7
1197920 2420.1
1197930 2427.6
1197940 2427.6
1197950 2434.9
1197960 2442.0
1197970 2448.5
1197980 2448.5
1197990 2453.7
1198000 2457.2
1198010 2457.2
1198020 2461.2
1198030 2464.5
1198040 2464.5
1198050 2466.3
1198060 2468.1
1198070 2468.1
1198080 2470.1
1198090 2472.3
1198100 2472.3
1198110 2475.5
1198120 2481.6
1198130 2481.6
1198140 2490.3
1198150 2496.8
1198160 2496.8
1198170 2501.1
1198180 2506.1
1198190 2511.4
1198200 2511.4
1198210 2517.0
1198220 2522.4
1198230 2522.4
1198240 2528.3
1198250 2534.1
1198260 2534.1
1198270 2539.6
1198280 2543.9
1198290 2543.9
1198300 2547.0
1198310 2549.0
1198320 2549.0
1198330 2550.7
1198340 2553.0
1198350 2553.0
1198360 2555.8
1198370 2557.5
1198380 2558.3
1198390 2558.3
1198400 2558.8
1198410 2559.0
1198420 2559.0
1198430 2559.9
1198440 2562.7
1198450 2562.7
1198460 2566.0
1198470 2569.4
1198480 2569.4
1198490 2572.6
1198500 2575.8
1198510 2575.8
1198520 2579.0
1198530 2582.3
1198540 2582.3
1198550 2586.0
1198560 2590.2
1198570 2595.0
1198580 2595.0
1198590 2600.0
1198600 2605.4
1198610 2605.4
1198620 2610.8
1198630 2616.4
1198640 2616.4
1198650 2622.0
1198660 2629.2
1198670 2629.2
1198680 2635.2
1198690 2641.1
1198700 2641.1
1198710 2646.9
1198720 2652.9
1198730 2652.9
1198740 2659.0
1198750 2665.0
1198760 2670.9
1198770 2670.9
1198780 2677.1
1198790 2683.6
1198800 2683.6
1198810 2693.5
1198820 2703.6
1198830 2703.6
1198840 2715.5
1198850 2731.7
1198860 2731.7
1198870 2744.7
1198880 2755.8
1198890 2755.8
1198900 2761.6
1198910 2767.9
1198920 2767.9
1198930 2771.7
1198940 2776.0
1198950 2776.0
1198960 2783.1
1198970 2787.0
1198980 2793.5
1198990 2793.5
1199000 2798.3
1199010 2803.2
1199020 2803.2
1199030 2810.8
1199040 2818.6
1199050 2818.6
1199060 2826.4
1199070 2836.1
1199080 2836.1
1199090 2845.6
1199100 2853.9
1199110 2853.9
1199120 2864.8
1199130 2874.7
1199140 2874.7
1199150 2886.0
1199160 2898.6
1199170 2906.7
1199180 2906.7
1199190 2914.8
1199200 2926.0
1199210 2926.0
1199220 2939.6
1199230 2941.2
1199240 2941.2
1199250 2930.8
1199260 2917.5
1199270 2917.5
1199280 2907.0
1199290 2895.6
1199300 2895.6
1199310 2884.2
1199320 2876.1
1199330 2876.1
1199340 2868.3
1199350 2860.5
1199360 2852.6
1199370 2852.6
1199380 2844.9
1199390 2838.1
1199400 2838.1
1199410 2831.5
1199420 2825.4
1199430 2825.4
1199440 2820.1
1199450 2816.8
1199460 2816.8
1199470 2814.6
1199480 2813.7
1199490 2813.7
1199500 2811.5
1199510 2805.5
1199520 2805.5
1199530 2803.4
1199540 2799.0
1199550 2799.6
1199560 2794.7
1199570 2793.7
1199580 2793.6
1199590 2793.6
1199600 2793.7
1199610 2794.1
1199620 2794.1
1199630 2794.7
1199640 2795.9
1199650 2795.9
1199660 2797.6
1199670 2800.3
1199680 2800.3
1199690 2803.4
1199700 2805.9
1199710 2805.9
1199720 2807.1
1199730 2808.1
1199740 2808.1
1199750 2807.9
1199760 2806.8
1199770 2805.7
1199780 2805.7
1199790 2805.8
1199800 2805.4
1199810 2805.4
1199820 2803.6
1199830 2802.1
1199840 2802.1
1199850 2800.1
1199860 2798.4
1199870 2798.4
1199880 2796.8
1199890 2797.5
1199900 2797.5
1199910 2798.4
1199920 2799.5
1199930 2799.5
1199940 2802.3
1199950 2806.4
1199960 2809.3
1199970 2809.3
1199980 2812.8
1199990 2811.0
