1180000 2043.0
1180010 2043.0
1180020 2044.8
1180030 2048.6
1180040 2052.8
1180050 2052.8
1180060 2056.3
1180070 2059.2
1180080 2059.2
1180090 2062.1
1180100 2063.0
1180110 2063.0
1180120 2063.2
1180130 2065.4
1180140 2065.4
1180150 2067.9
1180160 2071.5
1180170 2071.5
1180180 2076.5
1180190 2082.5
1180200 2082.5
1180210 2088.8
1180220 2094.3
1180230 2094.3
1180240 2097.3
1180250 2097.6
1180260 2101.0
1180270 2101.0
1180280 2106.2
1180290 2111.5
1180300 2111.5
1180310 2115.7
1180320 2119.3
1180330 2119.3
1180340 2123.0
1180350 2126.6
1180360 2126.6
1180370 2130.2
1180380 2134.2
1180390 2131.0
1180400 2135.5
1180410 2140.4
1180420 2140.4
1180430 2144.6
1180440 2149.0
1180450 2153.5
1180460 2153.5
1180470 2156.8
1180480 2160.5
1180490 2160.5
1180500 2165.2
1180510 2170.3
1180520 2170.3
1180530 2176.0
1180540 2182.1
1180550 2182.1
1180560 2187.7
1180570 2193.3
1180580 2193.3
1180590 2199.4
1180600 2205.9
1180610 2205.9
1180620 2210.6
1180630 2214.2
1180640 2217.7
1180650 2217.7
1180660 2220.9
1180670 2223.6
1180680 2223.6
1180690 2226.8
1180700 2230.0
1180710 2230.0
1180720 2233.4
1180730 2237.6
1180740 2237.6
1180750 2242.7
1180760 2248.0
1180770 2248.0
1180780 2253.6
1180790 2259.1
1180800 2256.2
1180810 2261.6
1180820 2266.1
1180830 2266.1
1180840 2270.5
1180850 2274.7
1180860 2278.5
1180870 2278.5
1180880 2283.5
1180890 2289.0
1180900 2289.0
1180910 2294.1
1180920 2298.9
1180930 2298.9
1180940 2303.7
1180950 2308.2
1180960 2308.2
1180970 2312.0
1180980 2315.6
1180990 2315.6
1181000 2319.3
1181010 2322.7
1181020 2322.7
1181030 2326.1
1181040 2330.0
1181050 2334.0
1181060 2334.0
1181070 2337.4
1181080 2340.5
1181090 2340.5
1181100 2343.5
1181110 2346.1
1181120 2346.1
1181130 2348.5
1181140 2350.9
1181150 2350.9
1181160 2352.8
1181170 2354.4
1181180 2354.4
1181190 2356.0
1181200 2358.0
1181210 2358.0
1181220 2357.4
1181230 2358.9
1181240 2359.4
1181250 2359.4
1181260 2359.4
1181270 2359.0
1181280 2359.0
1181290 2358.4
1181300 2357.6
1181310 2357.6
1181320 2356.5
1181330 2355.6
1181340 2355.6
1181350 2355.5
1181360 2356.1
1181370 2356.1
1181380 2357.4
1181390 2358.7
1181400 2358.7
1181410 2358.5
1181420 2358.2
1181430 2358.2
1181440 2358.4
1181450 2358.5
1181460 2357.6
1181470 2357.6
1181480 2356.5
1181490 2355.9
1181500 2355.9
1181510 2355.5
1181520 2355.2
1181530 2355.2
1181540 2355.3
1181550 2355.5
1181560 2355.5
1181570 2355.7
1181580 2355.8
1181590 2355.8
1181600 2355.7
1181610 2355.4
1181620 2355.4
1181630 2355.3
1181640 2355.8
1181650 2356.4
1181660 2356.4
1181670 2357.0
1181680 2357.7
1181690 2357.7
1181700 2359.6
1181710 2361.2
1181720 2361.2
1181730 2362.0
1181740 2362.3
1181750 2362.3
1181760 2362.1
1181770 2362.4
1181780 2362.4
1181790 2363.7
1181800 2365.6
1181810 2365.6
1181820 2367.1
1181830 2368.5
1181840 2371.0
1181850 2371.0
1181860 2373.3
1181870 2374.7
1181880 2374.7
1181890 2376.4
1181900 2379.1
1181910 2379.1
1181920 2380.9
1181930 2382.0
1181940 2382.0
1181950 2382.8
1181960 2383.7
1181970 2383.7
1181980 2385.3
1181990 2387.1
1182000 2387.1
1182010 2389.1
1182020 2391.0
1182030 2391.0
1182040 2392.5
1182050 2394.2
1182060 2397.3
1182070 2397.3
1182080 2399.3
1182090 2401.3
1182100 2401.3
1182110 2403.7
1182120 2406.2
1182130 2406.2
1182140 2408.6
1182150 2411.6
1182160 2411.6
1182170 2414.3
1182180 2416.7
1182190 2416.7
1182200 2419.0
1182210 2422.2
1182220 2422.2
1182230 2426.4
1182240 2431.0
1182250 2435.1
1182260 2435.1
1182270 2438.8
1182280 2442.7
1182290 2442.7
1182300 2446.5
1182310 2450.1
1182320 2450.1
1182330 2454.1
1182340 2458.1
1182350 2458.1
1182360 2461.6
1182370 2465.1
1182380 2465.1
1182390 2469.6
1182400 2474.4
1182410 2474.4
1182420 2479.1
1182430 2485.7
1182440 2493.0
1182450 2493.0
1182460 2499.2
1182470 2504.0
1182480 2504.0
1182490 2507.7
1182500 2510.3
1182510 2510.3
1182520 2511.7
1182530 2513.0
1182540 2513.0
1182550 2514.6
1182560 2516.4
1182570 2516.4
1182580 2518.9
1182590 2521.7
1182600 2521.7
1182610 2524.1
1182620 2527.0
1182630 2527.0
1182640 2530.0
1182650 2534.2
1182660 2539.9
1182670 2539.9
1182680 2544.3
1182690 2547.0
1182700 2547.0
1182710 2550.6
1182720 2554.8
1182730 2554.8
1182740 2557.9
1182750 2559.6
1182760 2559.6
1182770 2561.9
1182780 2565.3
1182790 2565.3
1182800 2569.3
1182810 2572.4
1182820 2572.4
1182830 2574.7
1182840 2577.7
1182850 2580.8
1182860 2580.8
1182870 2584.2
1182880 2588.5
1182890 2586.3
1182900 2589.8
1182910 2592.7
1182920 2592.7
1182930 2595.1
1182940 2598.1
1182950 2598.1
1182960 2600.2
1182970 2602.5
1182980 2602.5
1182990 2605.6
1183000 2607.7
1183010 2607.7
1183020 2609.5
1183030 2612.9
1183040 2617.2
1183050 2617.2
1183060 2621.1
1183070 2624.5
1183080 2624.5
1183090 2628.2
1183100 2631.0
1183110 2631.0
1183120 2633.7
1183130 2637.2
1183140 2637.2
1183150 2641.1
1183160 2645.5
1183170 2645.5
1183180 2650.3
1183190 2655.4
1183200 2655.4
1183210 2659.8
1183220 2663.6
1183230 2663.6
1183240 2667.3
1183250 2672.0
1183260 2675.9
1183270 2675.9
1183280 2680.1
1183290 2684.8
1183300 2684.8
1183310 2686.3
1183320 2690.1
1183330 2690.1
1183340 2693.0
1183350 2695.9
1183360 2695.9
1183370 2698.0
1183380 2699.6
1183390 2699.6
1183400 2702.3
1183410 2704.9
1183420 2704.9
1183430 2707.0
1183440 2708.2
1183450 2708.7
1183460 2708.7
1183470 2709.3
1183480 2711.3
1183490 2711.3
1183500 2714.5
1183510 2717.9
1183520 2717.9
1183530 2721.7
1183540 2725.2
1183550 2725.2
1183560 2729.0
1183570 2733.6
1183580 2733.6
1183590 2738.8
1183600 2743.5
1183610 2743.5
1183620 2747.3
1183630 2751.6
1183640 2751.6
1183650 2755.8
1183660 2760.1
1183670 2764.2
1183680 2764.2
1183690 2768.1
1183700 2772.1
1183710 2772.1
1183720 2776.5
1183730 2779.3
1183740 2779.3
1183750 2782.6
1183760 2784.7
1183770 2784.7
1183780 2786.1
1183790 2788.1
1183800 2788.1
1183810 2788.8
1183820 2788.5
1183830 2788.5
1183840 2791.5
1183850 2794.9
1183860 2796.5
1183870 2796.5
1183880 2798.9
1183890 2801.1
1183900 2801.1
1183910 2803.8
1183920 2807.6
1183930 2807.6
1183940 2811.7
1183950 2815.7
1183960 2815.7
1183970 2819.6
1183980 2823.4
1183990 2823.4
1184000 2827.3
1184010 2831.2
1184020 2831.2
1184030 2835.4
1184040 2839.7
1184050 2843.8
1184060 2843.8
1184070 2847.5
1184080 2851.3
1184090 2851.3
1184100 2854.3
1184110 2857.4
1184120 2857.4
1184130 2861.0
1184140 2864.9
1184150 2863.2
1184160 2866.4
1184170 2869.2
1184180 2869.2
1184190 2871.5
1184200 2873.1
1184210 2873.1
1184220 2873.1
1184230 2871.4
1184240 2871.4
1184250 2870.5
1184260 2870.4
1184270 2869.2
1184280 2869.2
1184290 2865.7
1184300 2860.0
1184310 2860.0
1184320 2851.8
1184330 2845.7
1184340 2845.7
1184350 2840.6
1184360 2836.6
1184370 2836.6
1184380 2833.4
1184390 2830.5
1184400 2830.5
1184410 2828.1
1184420 2825.8
1184430 2825.8
1184440 2823.2
1184450 2819.4
1184460 2816.1
1184470 2816.1
1184480 2813.2
1184490 2810.3
1184500 2810.3
1184510 2806.2
1184520 2802.1
1184530 2802.1
1184540 2799.9
1184550 2800.4
1184560 2800.4
1184570 2800.9
1184580 2793.9
1184590 2793.9
1184600 2790.6
1184610 2782.4
1184620 2782.4
1184630 2773.9
1184640 2763.4
1184650 2754.8
1184660 2754.8
1184670 2748.4
1184680 2743.3
1184690 2743.3
1184700 2738.9
1184710 2734.5
1184720 2734.5
1184730 2731.0
1184740 2729.3
1184750 2729.3
1184760 2728.7
1184770 2729.4
1184780 2729.4
1184790 2729.2
1184800 2723.5
1184810 2723.5
1184820 2716.8
1184830 2710.3
1184840 2710.3
1184850 2704.8
1184860 2699.1
1184870 2693.5
1184880 2693.5
1184890 2688.8
1184900 2682.7
1184910 2682.7
1184920 2675.2
1184930 2666.6
1184940 2666.6
1184950 2659.0
1184960 2651.3
1184970 2651.3
1184980 2643.1
1184990 2633.8
1185000 2634.1
1185010 2624.9
1185020 2618.0
1185030 2618.0
1185040 2611.1
1185050 2605.1
1185060 2601.3
1185070 2601.3
1185080 2599.0
1185090 2597.7
1185100 2597.7
1185110 2598.0
1185120 2595.6
1185130 2595.6
1185140 2590.0
1185150 2583.6
1185160 2583.6
1185170 2578.6
1185180 2575.3
1185190 2575.3
1185200 2572.7
1185210 2570.4
1185220 2570.4
1185230 2568.8
1185240 2567.8
1185250 2567.5
1185260 2567.5
1185270 2567.8
1185280 2565.0
1185290 2565.0
1185300 2562.3
1185310 2560.8
1185320 2560.8
1185330 2559.6
1185340 2556.2
1185350 2556.2
1185360 2553.9
1185370 2550.9
1185380 2550.9
1185390 2547.5
1185400 2543.4
1185410 2543.4
1185420 2539.2
1185430 2534.6
1185440 2534.6
1185450 2530.0
1185460 2525.7
1185470 2522.0
1185480 2522.0
1185490 2519.3
1185500 2516.9
1185510 2516.9
1185520 2513.9
1185530 2509.8
1185540 2509.8
1185550 2505.6
1185560 2500.7
1185570 2500.7
1185580 2495.5
1185590 2490.2
1185600 2490.2
1185610 2484.6
1185620 2478.4
1185630 2478.4
1185640 2471.3
1185650 2463.5
1185660 2456.2
1185670 2456.2
1185680 2449.8
1185690 2444.1
1185700 2444.1
1185710 2439.1
1185720 2434.8
1185730 2434.8
1185740 2429.8
1185750 2424.1
1185760 2424.1
1185770 2418.8
1185780 2414.6
1185790 2414.6
1185800 2411.9
1185810 2410.4
1185820 2410.4
1185830 2409.1
1185840 2406.4
1185850 2405.3
1185860 2405.3
1185870 2404.2
1185880 2402.9
1185890 2402.9
1185900 2400.7
1185910 2398.8
1185920 2398.8
1185930 2397.2
1185940 2394.9
1185950 2394.9
1185960 2392.6
1185970 2390.3
1185980 2390.3
1185990 2387.8
1186000 2384.4
1186010 2384.4
1186020 2381.4
1186030 2379.3
1186040 2379.3
1186050 2377.6
1186060 2376.1
1186070 2371.6
1186080 2371.6
1186090 2366.1
1186100 2362.1
1186110 2362.1
1186120 2360.4
1186130 2359.5
1186140 2359.5
1186150 2358.9
1186160 2357.5
1186170 2357.5
1186180 2355.0
1186190 2353.9
1186200 2353.9
1186210 2353.7
1186220 2353.5
1186230 2353.5
1186240 2353.3
1186250 2353.4
1186260 2354.5
1186270 2354.6
1186280 2355.3
1186290 2355.9
1186300 2355.9
1186310 2357.7
1186320 2359.7
1186330 2359.7
1186340 2361.7
1186350 2362.2
1186360 2362.2
1186370 2362.4
1186380 2363.2
1186390 2363.2
1186400 2364.4
1186410 2365.8
1186420 2365.8
1186430 2366.9
1186440 2368.5
1186450 2370.0
1186460 2370.0
1186470 2373.0
1186480 2376.9
1186490 2376.9
1186500 2380.9
1186510 2384.3
1186520 2384.3
1186530 2387.0
1186540 2389.4
1186550 2389.4
1186560 2392.8
1186570 2395.8
1186580 2395.8
1186590 2399.4
1186600 2404.8
1186610 2404.8
1186620 2409.3
1186630 2413.8
1186640 2413.8
1186650 2418.1
1186660 2422.1
1186670 2426.6
1186680 2426.6
1186690 2428.8
1186700 2433.3
1186710 2433.3
1186720 2438.1
1186730 2443.2
1186740 2443.2
1186750 2448.1
1186760 2452.8
1186770 2452.8
1186780 2457.2
1186790 2461.4
1186800 2461.4
1186810 2465.5
1186820 2469.0
1186830 2469.0
1186840 2473.4
1186850 2478.3
1186860 2484.0
1186870 2484.0
1186880 2489.3
1186890 2494.3
1186900 2494.3
1186910 2499.6
1186920 2504.7
1186930 2504.7
1186940 2509.3
1186950 2513.8
1186960 2513.8
1186970 2516.2
1186980 2518.3
1186990 2518.3
1187000 2520.9
1187010 2524.6
1187020 2524.6
1187030 2529.1
1187040 2531.3
1187050 2531.3
1187060 2532.5
1187070 2534.7
1187080 2537.4
1187090 2537.4
1187100 2540.4
1187110 2543.7
1187120 2540.8
1187130 2543.7
1187140 2546.6
1187150 2546.6
1187160 2549.4
1187170 2551.7
1187180 2551.7
1187190 2554.9
1187200 2557.9
1187210 2557.9
1187220 2560.3
1187230 2562.1
1187240 2562.1
1187250 2565.2
1187260 2567.5
1187270 2569.5
1187280 2569.5
1187290 2572.5
1187300 2576.1
1187310 2576.1
1187320 2578.4
1187330 2580.3
1187340 2580.3
1187350 2583.3
1187360 2586.6
1187370 2586.6
1187380 2589.6
1187390 2592.4
1187400 2592.4
1187410 2594.4
1187420 2596.3
1187430 2596.3
1187440 2597.8
1187450 2599.0
1187460 2600.6
1187470 2600.6
1187480 2602.2
1187490 2603.8
1187500 2603.8
1187510 2606.0
1187520 2608.2
1187530 2608.2
1187540 2602.1
1187550 2605.8
1187560 2605.8
1187570 2610.1
1187580 2614.7
1187590 2614.7
1187600 2619.4
1187610 2624.1
1187620 2624.1
1187630 2628.4
1187640 2632.3
1187650 2632.3
1187660 2635.9
1187670 2639.0
1187680 2641.4
1187690 2641.4
1187700 2641.6
1187710 2642.0
1187720 2642.0
1187730 2643.8
1187740 2645.4
1187750 2645.4
1187760 2648.0
1187770 2651.3
1187780 2651.3
1187790 2654.6
1187800 2658.9
1187810 2658.9
1187820 2662.8
1187830 2666.0
1187840 2666.0
1187850 2669.6
1187860 2673.6
1187870 2677.7
1187880 2677.7
1187890 2681.3
1187900 2686.5
1187910 2686.5
1187920 2691.2
1187930 2695.2
1187940 2695.2
1187950 2699.0
1187960 2702.7
1187970 2697.1
1187980 2700.4
1187990 2703.6
1188000 2703.6
1188010 2706.7
1188020 2710.0
1188030 2710.0
1188040 2713.2
1188050 2716.0
1188060 2717.8
1188070 2717.8
1188080 2718.5
1188090 2721.0
1188100 2721.0
1188110 2723.4
1188120 2725.2
1188130 2725.2
1188140 2728.0
1188150 2730.8
1188160 2730.8
1188170 2733.9
1188180 2738.1
1188190 2738.1
1188200 2741.6
1188210 2744.9
1188220 2744.9
1188230 2747.8
1188240 2750.5
1188250 2750.5
1188260 2752.1
1188270 2752.8
1188280 2754.3
1188290 2754.3
1188300 2756.1
1188310 2757.2
1188320 2757.2
1188330 2757.3
1188340 2757.1
1188350 2757.1
1188360 2756.0
1188370 2755.3
1188380 2755.3
1188390 2751.2
1188400 2752.7
1188410 2752.7
1188420 2753.7
1188430 2754.3
1188440 2754.3
1188450 2754.4
1188460 2754.4
1188470 2755.1
1188480 2755.1
1188490 2756.2
1188500 2757.0
1188510 2757.0
1188520 2758.2
1188530 2760.2
1188540 2760.2
1188550 2761.7
1188560 2763.9
1188570 2763.9
1188580 2765.5
1188590 2766.6
1188600 2766.6
1188610 2767.7
1188620 2768.8
1188630 2768.8
1188640 2769.0
1188650 2769.3
1188660 2769.7
1188670 2769.7
1188680 2767.9
1188690 2768.8
1188700 2768.8
1188710 2772.0
1188720 2774.4
1188730 2774.4
1188740 2774.3
1188750 2773.7
1188760 2773.7
1188770 2776.0
1188780 2779.4
1188790 2779.4
1188800 2782.4
1188810 2785.0
1188820 2780.1
1188830 2781.5
1188840 2783.7
1188850 2783.7
1188860 2786.7
1188870 2789.8
1188880 2793.6
1188890 2793.6
1188900 2797.5
1188910 2802.3
1188920 2802.3
1188930 2807.2
1188940 2811.9
1188950 2811.9
1188960 2817.2
1188970 2824.3
1188980 2824.3
1188990 2831.1
1189000 2836.4
1189010 2836.4
1189020 2841.5
1189030 2845.9
1189040 2845.9
1189050 2849.6
1189060 2853.2
1189070 2856.7
1189080 2856.7
1189090 2859.3
1189100 2861.6
1189110 2861.6
1189120 2864.4
1189130 2866.2
1189140 2866.2
1189150 2865.9
1189160 2865.2
1189170 2865.2
1189180 2864.6
1189190 2864.5
1189200 2864.5
1189210 2865.7
1189220 2866.8
1189230 2866.8
1189240 2865.6
1189250 2860.9
1189260 2860.3
1189270 2860.3
1189280 2861.9
1189290 2866.1
1189300 2866.1
1189310 2868.1
1189320 2869.0
1189330 2869.0
1189340 2871.6
1189350 2878.4
1189360 2878.4
1189370 2884.3
1189380 2889.6
1189390 2889.6
1189400 2893.4
1189410 2896.2
1189420 2896.2
1189430 2899.9
1189440 2903.4
1189450 2903.4
1189460 2906.6
1189470 2908.4
1189480 2910.1
1189490 2910.1
1189500 2913.2
1189510 2918.6
1189520 2918.6
1189530 2923.7
1189540 2929.1
1189550 2929.1
1189560 2933.9
1189570 2940.1
1189580 2940.1
1189590 2946.2
1189600 2952.3
1189610 2952.3
1189620 2958.3
1189630 2964.3
1189640 2964.3
1189650 2971.2
1189660 2978.3
1189670 2986.9
1189680 2987.2
1189690 2994.7
1189700 3004.0
1189710 3004.0
1189720 3014.2
1189730 3012.2
1189740 3012.2
1189750 3003.8
1189760 2994.3
1189770 2994.3
1189780 2982.4
1189790 2975.1
1189800 2975.1
1189810 2970.5
1189820 2967.2
1189830 2967.2
1189840 2964.6
1189850 2962.9
1189860 2962.5
1189870 2962.5
1189880 2963.3
1189890 2965.8
1189900 2965.8
1189910 2969.0
1189920 2970.7
1189930 2970.7
1189940 2972.3
1189950 2972.5
1189960 2972.5
1189970 2975.3
1189980 2978.3
1189990 2978.3
1190000 2980.6
1190010 2981.9
1190020 2981.9
1190030 2981.1
1190040 2980.3
1190050 2980.3
1190060 2976.5
1190070 2964.1
1190080 2950.0
1190090 2950.0
1190100 2943.5
1190110 2948.8
1190120 2948.8
1190130 2936.4
1190140 2919.8
1190150 2919.8
1190160 2903.5
1190170 2891.6
1190180 2891.6
1190190 2882.4
1190200 2875.3
1190210 2875.3
1190220 2869.5
1190230 2859.9
1190240 2859.9
1190250 2852.6
1190260 2844.1
1190270 2834.5
1190280 2834.5
1190290 2825.5
1190300 2814.5
1190310 2814.5
1190320 2807.5
1190330 2803.3
1190340 2803.3
1190350 2800.6
1190360 2797.4
1190370 2797.4
1190380 2794.1
1190390 2791.3
1190400 2791.3
1190410 2790.8
1190420 2792.7
1190430 2792.7
1190440 2793.2
1190450 2793.1
1190460 2794.1
1190470 2794.1
1190480 2795.9
1190490 2797.5
1190500 2797.5
1190510 2799.5
1190520 2802.5
1190530 2802.5
1190540 2808.4
1190550 2808.5
1190560 2808.5
1190570 2807.8
1190580 2797.5
1190590 2797.5
1190600 2784.2
1190610 2777.0
1190620 2777.0
1190630 2769.0
1190640 2758.2
1190650 2758.2
1190660 2746.6
1190670 2740.0
1190680 2735.7
1190690 2735.7
1190700 2730.9
1190710 2727.1
1190720 2727.1
1190730 2724.1
1190740 2721.2
1190750 2721.2
1190760 2720.0
1190770 2719.7
1190780 2719.7
1190790 2719.3
1190800 2717.9
1190810 2717.9
1190820 2716.2
1190830 2714.8
1190840 2714.8
1190850 2715.2
1190860 2716.4
1190870 2715.9
1190880 2715.9
1190890 2712.5
1190900 2707.1
1190910 2707.1
1190920 2703.6
1190930 2701.4
1190940 2701.4
1190950 2701.6
1190960 2703.8
1190970 2713.8
1190980 2712.9
1190990 2712.3
1191000 2712.3
1191010 2710.8
1191020 2711.4
1191030 2711.4
1191040 2712.0
1191050 2710.6
1191060 2706.4
1191070 2706.4
1191080 2700.6
1191090 2694.5
1191100 2694.5
1191110 2688.3
1191120 2685.3
1191130 2685.3
1191140 2684.5
1191150 2684.9
1191160 2684.9
1191170 2688.1
1191180 2689.3
1191190 2689.3
1191200 2688.9
1191210 2689.5
1191220 2689.5
1191230 2690.2
1191240 2689.7
1191250 2689.7
1191260 2688.5
1191270 2687.2
1191280 2685.4
1191290 2685.4
1191300 2682.9
1191310 2682.9
1191320 2682.9
1191330 2684.5
1191340 2686.1
1191350 2686.1
1191360 2686.3
1191370 2685.9
1191380 2685.9
1191390 2685.4
1191400 2688.3
1191410 2688.3
1191420 2687.7
1191430 2687.8
1191440 2687.8
1191450 2689.4
1191460 2688.2
1191470 2681.4
1191480 2681.4
1191490 2681.5
1191500 2682.1
1191510 2682.1
1191520 2682.5
1191530 2679.6
1191540 2679.6
1191550 2679.7
1191560 2680.7
1191570 2680.7
1191580 2679.7
1191590 2680.4
1191600 2680.4
1191610 2681.0
1191620 2682.0
1191630 2682.0
1191640 2683.5
1191650 2684.8
1191660 2686.2
1191670 2686.2
1191680 2687.1
1191690 2686.4
1191700 2686.4
1191710 2685.8
1191720 2686.6
1191730 2686.6
1191740 2689.3
1191750 2692.7
1191760 2692.7
1191770 2696.8
1191780 2696.4
1191790 2696.4
1191800 2697.0
1191810 2698.7
1191820 2698.7
1191830 2708.6
1191840 2708.2
1191850 2708.2
1191860 2709.1
1191870 2712.7
1191880 2716.8
1191890 2716.8
1191900 2722.6
1191910 2726.0
1191920 2726.0
1191930 2728.9
1191940 2731.8
1191950 2731.8
1191960 2735.0
1191970 2738.3
1191980 2738.3
1191990 2737.0
1192000 2738.0
1192010 2738.0
1192020 2737.9
1192030 2739.9
1192040 2739.9
1192050 2742.9
1192060 2748.5
1192070 2756.1
1192080 2756.1
1192090 2764.9
1192100 2770.5
1192110 2770.5
1192120 2771.6
1192130 2769.2
1192140 2769.2
1192150 2766.6
1192160 2765.0
1192170 2765.0
1192180 2759.8
1192190 2756.9
1192200 2756.9
1192210 2751.4
1192220 2741.5
1192230 2741.5
1192240 2734.0
1192250 2730.5
1192260 2721.4
1192270 2717.6
1192280 2709.0
1192290 2704.3
1192300 2704.3
1192310 2701.1
1192320 2698.8
1192330 2698.8
1192340 2696.2
1192350 2693.5
1192360 2693.5
1192370 2692.0
1192380 2690.1
1192390 2690.1
1192400 2688.4
1192410 2686.9
1192420 2686.9
1192430 2685.8
1192440 2685.5
1192450 2685.5
1192460 2686.2
1192470 2687.0
1192480 2688.2
1192490 2688.2
1192500 2690.0
1192510 2690.9
1192520 2690.9
1192530 2693.4
1192540 2697.8
1192550 2697.8
1192560 2701.7
1192570 2706.0
1192580 2706.0
1192590 2709.8
1192600 2708.1
1192610 2708.1
1192620 2705.4
1192630 2705.7
1192640 2705.7
1192650 2706.2
1192660 2708.9
1192670 2713.6
1192680 2713.6
1192690 2718.0
1192700 2714.5
1192710 2714.5
1192720 2717.1
1192730 2720.2
1192740 2720.2
1192750 2724.2
1192760 2728.4
1192770 2728.4
1192780 2730.0
1192790 2727.7
1192800 2727.7
1192810 2724.5
1192820 2721.0
1192830 2721.0
1192840 2717.7
1192850 2716.5
1192860 2716.5
1192870 2717.6
1192880 2716.0
1192890 2706.8
1192900 2706.8
1192910 2697.8
1192920 2690.2
1192930 2690.2
1192940 2685.4
1192950 2681.1
1192960 2681.1
1192970 2676.1
1192980 2670.6
1192990 2670.6
1193000 2666.1
1193010 2661.5
1193020 2661.5
1193030 2657.4
1193040 2652.6
1193050 2652.6
1193060 2645.6
1193070 2641.3
1193080 2637.5
1193090 2637.5
1193100 2634.5
1193110 2634.3
1193120 2634.3
1193130 2631.6
1193140 2632.8
1193150 2632.8
1193160 2632.0
1193170 2631.0
1193180 2631.0
1193190 2629.5
1193200 2627.4
1193210 2627.4
1193220 2625.8
1193230 2624.7
1193240 2624.7
1193250 2622.5
1193260 2618.4
1193270 2614.5
1193280 2614.5
1193290 2611.3
1193300 2608.3
1193310 2608.3
1193320 2605.2
1193330 2600.3
1193340 2600.3
1193350 2595.0
1193360 2587.2
1193370 2587.2
1193380 2579.8
1193390 2573.5
1193400 2573.5
1193410 2565.5
1193420 2557.1
1193430 2557.1
1193440 2546.7
1193450 2539.2
1193460 2539.2
1193470 2535.8
1193480 2532.7
1193490 2528.5
1193500 2528.5
1193510 2527.3
1193520 2527.2
1193530 2527.2
1193540 2525.3
1193550 2519.7
1193560 2518.3
1193570 2510.9
1193580 2505.0
1193590 2505.0
1193600 2501.6
1193610 2499.3
1193620 2499.3
1193630 2496.8
1193640 2492.0
1193650 2492.0
1193660 2484.1
1193670 2478.7
1193680 2473.8
1193690 2473.8
1193700 2469.3
1193710 2465.6
1193720 2465.6
1193730 2460.6
1193740 2457.2
1193750 2457.2
1193760 2453.8
1193770 2449.3
1193780 2449.3
1193790 2444.4
1193800 2439.4
1193810 2439.4
1193820 2433.8
1193830 2429.5
1193840 2429.5
1193850 2423.2
1193860 2417.7
1193870 2411.5
1193880 2411.5
1193890 2406.2
1193900 2403.7
1193910 2403.7
1193920 2399.3
1193930 2392.8
1193940 2392.8
1193950 2386.6
1193960 2379.4
1193970 2379.4
1193980 2372.4
1193990 2365.7
1194000 2365.8
1194010 2359.0
1194020 2353.6
1194030 2353.6
1194040 2348.5
1194050 2341.5
1194060 2341.5
1194070 2331.4
1194080 2321.3
1194090 2311.9
1194100 2311.9
1194110 2305.1
1194120 2300.3
1194130 2300.3
1194140 2296.9
1194150 2294.6
1194160 2294.6
1194170 2292.4
1194180 2289.6
1194190 2289.6
1194200 2284.8
1194210 2277.5
1194220 2277.5
1194230 2268.9
1194240 2260.9
1194250 2260.9
1194260 2254.2
1194270 2246.1
1194280 2238.0
1194290 2238.0
1194300 2229.5
1194310 2221.3
1194320 2221.3
1194330 2213.5
1194340 2206.0
1194350 2206.0
1194360 2199.3
1194370 2194.5
1194380 2194.5
1194390 2189.8
1194400 2184.4
1194410 2184.4
1194420 2178.2
1194430 2169.2
1194440 2169.2
1194450 2165.7
1194460 2160.7
1194470 2153.9
1194480 2153.9
1194490 2146.7
1194500 2140.1
1194510 2140.1
1194520 2133.3
1194530 2125.9
1194540 2125.9
1194550 2120.0
1194560 2114.4
1194570 2114.4
1194580 2109.5
1194590 2102.6
1194600 2102.6
1194610 2094.1
1194620 2086.0
1194630 2086.0
1194640 2078.5
1194650 2070.3
1194660 2070.3
1194670 2061.3
1194680 2054.0
1194690 2047.3
1194700 2047.3
1194710 2039.2
1194720 2032.4
1194730 2032.4
1194740 2027.3
1194750 2022.6
1194760 2022.6
1194770 2016.6
1194780 2010.8
1194790 2010.8
1194800 2005.3
1194810 1999.9
1194820 1999.9
1194830 1994.4
1194840 1990.7
1194850 1990.7
1194860 1988.3
1194870 1985.9
1194880 1983.5
1194890 1983.5
1194900 1980.3
1194910 1975.9
1194920 1975.9
1194930 1971.2
1194940 1965.6
1194950 1965.6
1194960 1960.3
1194970 1953.2
1194980 1953.2
1194990 1946.9
1195000 1944.2
1195010 1944.2
1195020 1939.6
1195030 1931.6
1195040 1931.6
1195050 1925.4
1195060 1921.4
1195070 1918.5
1195080 1918.5
1195090 1914.8
1195100 1909.2
1195110 1909.2
1195120 1904.1
1195130 1898.7
1195140 1898.7
1195150 1893.0
1195160 1887.7
1195170 1887.7
1195180 1881.8
1195190 1873.7
1195200 1873.7
1195210 1865.4
1195220 1858.9
1195230 1858.9
1195240 1852.8
1195250 1847.2
1195260 1847.2
1195270 1840.2
1195280 1834.5
1195290 1828.9
1195300 1828.9
1195310 1821.6
1195320 1815.2
1195330 1815.2
1195340 1808.8
1195350 1802.8
1195360 1802.8
1195370 1796.6
1195380 1791.2
1195390 1791.2
1195400 1784.6
1195410 1776.7
1195420 1776.7
1195430 1770.5
1195440 1762.3
1195450 1762.3
1195460 1759.6
1195470 1759.5
1195480 1759.5
1195490 1759.5
1195500 1759.5
1195510 1759.5
1195520 1759.5
1195530 1759.5
1195540 1759.5
1195550 1759.5
1195560 1759.5
1195570 1759.5
1195580 1759.5
1195590 1759.5
1195600 1759.5
1195610 1759.5
1195620 1759.5
1195630 1759.5
1195640 1759.5
1195650 1759.5
1195660 1759.5
1195670 1759.5
1195680 1759.5
1195690 1759.5
1195700 1759.5
1195710 1759.5
1195720 1759.5
1195730 1759.5
1195740 1759.5
1195750 1759.5
1195760 1759.5
1195770 1759.5
1195780 1759.5
1195790 1759.5
1195800 1759.5
1195810 1759.5
1195820 1759.5
1195830 1759.5
1195840 1759.5
1195850 1759.5
1195860 1759.5
1195870 1759.5
1195880 1759.5
1195890 1759.5
1195900 1759.5
1195910 1759.5
1195920 1759.5
1195930 1759.5
1195940 1759.5
1195950 1759.5
1195960 1759.5
1195970 1759.5
1195980 1759.5
1195990 1759.5
1196000 1759.5
1196010 1761.2
1196020 1761.2
1196030 1766.8
1196040 1773.3
1196050 1773.3
1196060 1778.7
1196070 1783.2
1196080 1790.6
1196090 1790.6
1196100 1797.9
1196110 1806.1
1196120 1806.1
1196130 1813.9
1196140 1821.1
1196150 1821.1
1196160 1828.3
1196170 1835.2
1196180 1836.5
1196190 1843.0
1196200 1849.8
1196210 1849.8
1196220 1855.9
1196230 1861.0
1196240 1861.0
1196250 1865.4
1196260 1869.4
1196270 1873.8
1196280 1873.8
1196290 1878.2
1196300 1882.6
1196310 1882.6
1196320 1887.1
1196330 1891.1
1196340 1891.1
1196350 1894.9
1196360 1898.5
1196370 1898.5
1196380 1902.4
1196390 1907.6
1196400 1907.6
1196410 1912.5
1196420 1918.6
1196430 1918.6
1196440 1924.5
1196450 1932.5
1196460 1932.5
1196470 1942.0
1196480 1948.4
1196490 1955.1
1196500 1955.1
1196510 1962.8
1196520 1972.2
1196530 1972.2
1196540 1979.9
1196550 1986.1
1196560 1986.1
1196570 1991.4
1196580 1998.8
1196590 1998.8
1196600 2007.1
1196610 2011.2
1196620 2014.1
1196630 2020.5
1196640 2028.1
1196650 2028.1
1196660 2035.5
1196670 2041.1
1196680 2047.3
1196690 2047.3
1196700 2053.8
1196710 2059.3
1196720 2059.3
1196730 2064.2
1196740 2068.6
1196750 2068.6
1196760 2072.7
1196770 2076.7
1196780 2076.7
1196790 2081.8
1196800 2087.2
1196810 2087.2
1196820 2092.4
1196830 2097.9
1196840 2097.9
1196850 2103.3
1196860 2107.4
1196870 2110.8
1196880 2110.8
1196890 2114.3
1196900 2118.1
1196910 2118.1
1196920 2121.9
1196930 2125.5
1196940 2125.5
1196950 2129.4
1196960 2133.8
1196970 2133.8
1196980 2139.9
1196990 2146.4
1197000 2146.4
1197010 2152.1
1197020 2156.4
1197030 2156.4
1197040 2160.3
1197050 2164.0
1197060 2161.9
1197070 2165.7
1197080 2170.2
1197090 2175.3
1197100 2175.3
1197110 2180.4
1197120 2186.3
1197130 2186.3
1197140 2192.9
1197150 2199.9
1197160 2199.9
1197170 2207.1
1197180 2214.9
1197190 2214.9
1197200 2224.1
1197210 2232.6
1197220 2232.6
1197230 2239.3
1197240 2245.0
1197250 2245.0
1197260 2248.7
1197270 2251.5
1197280 2253.6
1197290 2253.6
1197300 2256.9
1197310 2260.0
1197320 2260.0
1197330 2264.3
1197340 2266.9
1197350 2266.9
1197360 2269.4
1197370 2272.8
1197380 2272.8
1197390 2277.1
1197400 2282.1
1197410 2282.1
1197420 2286.5
1197430 2287.6
1197440 2287.6
1197450 2286.3
1197460 2290.3
1197470 2295.3
1197480 2295.3
1197490 2300.8
1197500 2305.7
1197510 2305.7
1197520 2311.9
1197530 2314.9
1197540 2314.9
1197550 2317.9
1197560 2323.5
1197570 2323.5
1197580 2329.5
1197590 2336.8
1197600 2336.8
1197610 2344.3
1197620 2352.8
1197630 2352.8
1197640 2360.6
1197650 2365.0
1197660 2365.0
1197670 2366.2
1197680 2368.4
1197690 2370.3
1197700 2370.3
1197710 2375.0
1197720 2381.4
1197730 2381.4
1197740 2386.7
1197750 2390.9
1197760 2390.9
1197770 2396.9
1197780 2404.7
1197790 2404.7
1197800 2412.0
1197810 2416.3
1197820 2416.3
1197830 2416.8
1197840 2417.8
1197850 2417.8
1197860 2422.6
1197870 2428.5
1197880 2435.4
1197890 2435.4
1197900 2442.6
1197910 2447.7
1197920 2447.7
1197930 2452.3
1197940 2459.0
1197950 2459.0
1197960 2465.4
1197970 2472.0
1197980 2472.0
1197990 2478.3
1198000 2485.5
1198010 2485.5
1198020 2493.6
1198030 2501.2
1198040 2501.2
1198050 2507.5
1198060 2511.6
1198070 2514.5
1198080 2514.5
1198090 2517.9
1198100 2521.6
1198110 2521.6
1198120 2525.3
1198130 2529.4
1198140 2529.4
1198150 2534.8
1198160 2540.8
1198170 2540.8
1198180 2546.7
1198190 2552.7
1198200 2552.7
1198210 2559.7
1198220 2568.5
1198230 2568.5
1198240 2579.2
1198250 2592.4
1198260 2592.4
1198270 2604.5
1198280 2614.2
1198290 2625.8
1198300 2625.8
1198310 2638.2
1198320 2648.4
1198330 2648.4
1198340 2658.9
1198350 2670.1
1198360 2670.1
1198370 2681.6
1198380 2695.4
1198390 2695.4
1198400 2708.5
1198410 2719.6
1198420 2719.6
1198430 2728.5
1198440 2732.3
1198450 2732.3
1198460 2733.8
1198470 2735.4
1198480 2736.4
1198490 2736.4
1198500 2736.7
1198510 2736.2
1198520 2736.2
1198530 2735.5
1198540 2735.3
1198550 2735.3
1198560 2734.7
1198570 2734.0
1198580 2734.0
1198590 2733.9
1198600 2734.1
1198610 2734.1
1198620 2733.8
1198630 2734.7
1198640 2734.7
1198650 2735.5
1198660 2735.9
1198670 2737.5
1198680 2737.5
1198690 2738.9
1198700 2741.5
1198710 2741.5
1198720 2741.0
1198730 2741.1
1198740 2741.1
1198750 2740.4
1198760 2738.6
1198770 2738.6
1198780 2738.0
1198790 2737.9
1198800 2737.9
1198810 2737.9
1198820 2737.9
1198830 2737.9
1198840 2738.0
1198850 2738.3
1198860 2738.3
1198870 2738.5
1198880 2738.8
1198890 2739.7
1198900 2739.7
1198910 2740.4
1198920 2743.5
1198930 2743.5
1198940 2748.5
1198950 2753.1
1198960 2753.1
1198970 2756.0
1198980 2758.0
1198990 2758.0
1199000 2759.1
1199010 2759.6
1199020 2759.6
1199030 2759.0
1199040 2758.6
1199050 2758.6
1199060 2757.3
1199070 2755.9
1199080 2755.2
1199090 2755.2
1199100 2755.8
1199110 2756.1
1199120 2756.1
1199130 2755.9
1199140 2756.6
1199150 2756.6
1199160 2758.3
1199170 2760.6
1199180 2760.6
1199190 2762.2
1199200 2764.7
1199210 2764.7
1199220 2767.4
1199230 2770.9
1199240 2770.9
1199250 2774.1
1199260 2777.6
1199270 2779.8
1199280 2779.8
1199290 2784.5
1199300 2789.8
1199310 2789.8
1199320 2796.0
1199330 2802.3
1199340 2802.3
1199350 2808.4
1199360 2815.0
1199370 2815.0
1199380 2822.0
1199390 2829.3
1199400 2829.3
1199410 2836.2
1199420 2843.1
1199430 2843.1
1199440 2850.1
1199450 2857.1
1199460 2857.1
1199470 2864.3
1199480 2871.8
1199490 2878.0
1199500 2878.0
1199510 2882.5
1199520 2886.6
1199530 2886.6
1199540 2890.6
1199550 2894.8
1199560 2894.8
1199570 2898.7
1199580 2903.0
1199590 2903.0
1199600 2908.0
1199610 2913.3
1199620 2913.3
1199630 2918.8
1199640 2924.3
1199650 2924.3
1199660 2929.0
1199670 2931.7
1199680 2933.7
1199690 2933.7
1199700 2935.0
1199710 2932.3
1199720 2932.3
1199730 2933.9
1199740 2935.3
1199750 2935.3
1199760 2937.1
1199770 2938.8
1199780 2938.8
1199790 2940.4
1199800 2941.4
1199810 2941.4
1199820 2941.9
1199830 2943.3
1199840 2943.3
1199850 2945.6
1199860 2949.2
1199870 2953.4
1199880 2953.4
1199890 2957.6
1199900 2961.6
1199910 2961.6
1199920 2965.0
1199930 2969.2
1199940 2969.2
1199950 2973.9
1199960 2978.5
1199970 2978.5
1199980 2983.5
1199990 2988.5
