1180000 1936.8
1180010 1936.8
1180020 1948.2
1180030 1957.7
1180040 1957.7
1180050 1968.0
1180060 1977.3
1180070 1977.3
1180080 1986.1
1180090 1996.4
1180100 2004.9
1180110 2004.9
1180120 2007.8
1180130 2006.1
1180140 2006.1
1180150 2001.7
1180160 1995.3
1180170 1995.3
1180180 1988.0
1180190 1981.6
1180200 1981.6
1180210 1979.5
1180220 1978.3
1180230 1978.3
1180240 1980.3
1180250 1982.9
1180260 1982.9
1180270 1981.8
1180280 1977.9
1180290 1977.9
1180300 1977.6
1180310 1989.4
1180320 2001.1
1180330 2001.1
1180340 2009.9
1180350 2017.1
1180360 2017.1
1180370 2022.1
1180380 2026.1
1180390 2026.1
1180400 2029.7
1180410 2032.4
1180420 2032.4
1180430 2036.5
1180440 2041.4
1180450 2041.4
1180460 2048.6
1180470 2058.2
1180480 2058.2
1180490 2068.2
1180500 2078.0
1180510 2087.7
1180520 2087.7
1180530 2095.9
1180540 2104.2
1180550 2104.2
1180560 2112.7
1180570 2119.9
1180580 2119.9
1180590 2126.3
1180600 2135.0
1180610 2135.0
1180620 2145.0
1180630 2153.3
1180640 2153.3
1180650 2157.8
1180660 2162.7
1180670 2162.7
1180680 2169.4
1180690 2176.1
1180700 2178.0
1180710 2178.0
1180720 2178.5
1180730 2172.9
1180740 2172.9
1180750 2168.6
1180760 2163.4
1180770 2163.4
1180780 2158.8
1180790 2153.9
1180800 2153.9
1180810 2148.2
1180820 2142.2
1180830 2142.2
1180840 2136.4
1180850 2130.3
1180860 2130.3
1180870 2124.5
1180880 2119.3
1180890 2119.3
1180900 2115.1
1180910 2111.7
1180920 2109.0
1180930 2109.0
1180940 2105.2
1180950 2100.0
1180960 2100.0
1180970 2093.1
1180980 2086.7
1180990 2086.7
1181000 2084.7
1181010 2086.0
1181020 2086.0
1181030 2087.5
1181040 2088.8
1181050 2088.8
1181060 2091.3
1181070 2095.8
1181080 2095.8
1181090 2099.3
1181100 2102.8
1181110 2104.7
1181120 2104.7
1181130 2105.0
1181140 2110.3
1181150 2110.3
1181160 2107.4
1181170 2104.1
1181180 2104.1
1181190 2103.4
1181200 2107.4
1181210 2107.4
1181220 2110.9
1181230 2115.0
1181240 2115.0
1181250 2119.7
1181260 2120.8
1181270 2120.8
1181280 2119.4
1181290 2118.7
1181300 2118.7
1181310 2118.1
1181320 2116.6
1181330 2113.8
1181340 2113.8
1181350 2108.0
1181360 2104.2
1181370 2104.2
1181380 2103.2
1181390 2099.3
1181400 2099.3
1181410 2093.0
1181420 2088.8
1181430 2088.8
1181440 2084.8
1181450 2082.1
1181460 2082.1
1181470 2082.2
1181480 2089.0
1181490 2089.0
1181500 2098.6
1181510 2104.4
1181520 2109.8
1181530 2109.8
1181540 2114.7
1181550 2119.2
1181560 2122.6
1181570 2127.0
1181580 2130.0
1181590 2130.0
1181600 2131.6
1181610 2131.9
1181620 2131.9
1181630 2132.2
1181640 2133.0
1181650 2133.0
1181660 2133.3
1181670 2132.6
1181680 2132.6
1181690 2130.3
1181700 2127.9
1181710 2126.2
1181720 2126.2
1181730 2126.9
1181740 2130.4
1181750 2130.4
1181760 2133.3
1181770 2133.5
1181780 2133.5
1181790 2132.3
1181800 2132.0
1181810 2132.0
1181820 2133.2
1181830 2134.6
1181840 2134.6
1181850 2136.6
1181860 2138.8
1181870 2138.8
1181880 2140.9
1181890 2143.3
1181900 2143.3
1181910 2146.4
1181920 2150.4
1181930 2154.5
1181940 2154.5
1181950 2158.0
1181960 2161.6
1181970 2161.6
1181980 2166.9
1181990 2167.8
1182000 2167.8
1182010 2168.8
1182020 2170.2
1182030 2170.2
1182040 2172.4
1182050 2173.2
1182060 2173.2
1182070 2174.1
1182080 2177.1
1182090 2177.1
1182100 2180.8
1182110 2184.6
1182120 2186.7
1182130 2186.7
1182140 2188.9
1182150 2191.5
1182160 2191.5
1182170 2193.8
1182180 2196.3
1182190 2196.3
1182200 2199.5
1182210 2203.7
1182220 2203.7
1182230 2207.5
1182240 2211.2
1182250 2211.2
1182260 2214.9
1182270 2219.0
1182280 2219.0
1182290 2223.7
1182300 2228.5
1182310 2232.6
1182320 2232.6
1182330 2237.0
1182340 2241.7
1182350 2241.7
1182360 2246.6
1182370 2251.5
1182380 2251.5
1182390 2258.4
1182400 2264.3
1182410 2264.3
1182420 2270.4
1182430 2275.9
1182440 2275.9
1182450 2281.6
1182460 2287.8
1182470 2287.8
1182480 2293.8
1182490 2299.6
1182500 2299.6
1182510 2305.5
1182520 2311.3
1182530 2317.2
1182540 2317.2
1182550 2323.3
1182560 2329.0
1182570 2329.0
1182580 2334.3
1182590 2339.1
1182600 2339.1
1182610 2343.7
1182620 2348.4
1182630 2348.4
1182640 2352.9
1182650 2357.5
1182660 2357.5
1182670 2362.4
1182680 2367.1
1182690 2367.1
1182700 2371.9
1182710 2376.7
1182720 2381.6
1182730 2381.6
1182740 2386.9
1182750 2392.3
1182760 2392.3
1182770 2397.7
1182780 2403.3
1182790 2403.3
1182800 2408.5
1182810 2413.6
1182820 2413.6
1182830 2418.7
1182840 2424.0
1182850 2424.0
1182860 2429.2
1182870 2434.8
1182880 2434.8
1182890 2441.0
1182900 2447.2
1182910 2447.2
1182920 2453.6
1182930 2459.8
1182940 2466.2
1182950 2466.2
1182960 2472.7
1182970 2479.4
1182980 2479.4
1182990 2486.1
1183000 2492.6
1183010 2492.6
1183020 2499.0
1183030 2506.0
1183040 2506.0
1183050 2514.4
1183060 2522.9
1183070 2522.9
1183080 2530.5
1183090 2537.0
1183100 2537.0
1183110 2544.9
1183120 2552.2
1183130 2560.0
1183140 2560.0
1183150 2569.2
1183160 2577.9
1183170 2577.9
1183180 2583.9
1183190 2588.6
1183200 2588.6
1183210 2592.1
1183220 2594.9
1183230 2594.4
1183240 2598.6
1183250 2602.3
1183260 2602.3
1183270 2606.4
1183280 2611.5
1183290 2611.5
1183300 2618.5
1183310 2623.9
1183320 2627.9
1183330 2627.9
1183340 2631.2
1183350 2634.8
1183360 2634.8
1183370 2636.7
1183380 2633.9
1183390 2633.9
1183400 2629.7
1183410 2626.5
1183420 2626.5
1183430 2624.9
1183440 2622.4
1183450 2622.4
1183460 2620.5
1183470 2619.8
1183480 2619.8
1183490 2618.8
1183500 2618.0
1183510 2618.0
1183520 2620.7
1183530 2626.4
1183540 2631.1
1183550 2631.1
1183560 2635.9
1183570 2638.7
1183580 2638.7
1183590 2640.0
1183600 2639.5
1183610 2639.5
1183620 2636.9
1183630 2635.2
1183640 2635.2
1183650 2643.9
1183660 2646.6
1183670 2646.6
1183680 2646.7
1183690 2646.0
1183700 2646.0
1183710 2641.6
1183720 2641.0
1183730 2642.7
1183740 2642.7
1183750 2642.4
1183760 2642.3
1183770 2642.3
1183780 2639.9
1183790 2637.6
1183800 2637.6
1183810 2641.8
1183820 2650.0
1183830 2650.0
1183840 2658.6
1183850 2663.6
1183860 2663.6
1183870 2666.0
1183880 2666.3
1183890 2666.3
1183900 2666.8
1183910 2670.9
1183920 2674.5
1183930 2674.5
1183940 2675.8
1183950 2678.8
1183960 2678.8
1183970 2685.6
1183980 2692.6
1183990 2692.6
1184000 2697.2
1184010 2699.5
1184020 2699.5
1184030 2701.3
1184040 2705.4
1184050 2705.4
1184060 2710.3
1184070 2720.4
1184080 2720.4
1184090 2724.2
1184100 2727.4
1184110 2727.4
1184120 2729.9
1184130 2731.5
1184140 2733.3
1184150 2733.3
1184160 2734.9
1184170 2735.2
1184180 2735.2
1184190 2735.9
1184200 2739.5
1184210 2739.5
1184220 2741.3
1184230 2745.3
1184240 2745.3
1184250 2751.8
1184260 2757.6
1184270 2757.6
1184280 2762.8
1184290 2768.0
1184300 2768.0
1184310 2772.2
1184320 2776.7
1184330 2781.2
1184340 2781.2
1184350 2785.9
1184360 2790.8
1184370 2790.8
1184380 2796.5
1184390 2802.7
1184400 2802.7
1184410 2808.9
1184420 2814.6
1184430 2814.6
1184440 2820.1
1184450 2821.5
1184460 2821.5
1184470 2815.9
1184480 2809.0
1184490 2807.6
1184500 2798.5
1184510 2790.0
1184520 2790.0
1184530 2782.3
1184540 2775.0
1184550 2768.1
1184560 2768.1
1184570 2762.3
1184580 2757.7
1184590 2757.7
1184600 2754.4
1184610 2750.0
1184620 2750.0
1184630 2745.0
1184640 2739.1
1184650 2739.1
1184660 2732.2
1184670 2723.9
1184680 2723.9
1184690 2715.7
1184700 2707.6
1184710 2707.6
1184720 2699.7
1184730 2692.8
1184740 2686.4
1184750 2686.4
1184760 2680.4
1184770 2674.9
1184780 2674.9
1184790 2670.7
1184800 2667.4
1184810 2667.4
1184820 2663.9
1184830 2660.4
1184840 2660.4
1184850 2657.6
1184860 2655.4
1184870 2655.4
1184880 2653.0
1184890 2650.6
1184900 2650.6
1184910 2646.7
1184920 2632.8
1184930 2626.3
1184940 2626.3
1184950 2620.6
1184960 2612.0
1184970 2612.0
1184980 2599.3
1184990 2590.2
1185000 2590.2
1185010 2582.8
1185020 2575.8
1185030 2575.8
1185040 2569.0
1185050 2563.4
1185060 2563.4
1185070 2559.9
1185080 2558.3
1185090 2558.3
1185100 2557.5
1185110 2556.0
1185120 2556.0
1185130 2553.2
1185140 2551.8
1185150 2552.3
1185160 2552.3
1185170 2552.9
1185180 2551.1
1185190 2551.1
1185200 2549.5
1185210 2549.4
1185220 2549.4
1185230 2547.7
1185240 2544.5
1185250 2544.5
1185260 2541.7
1185270 2536.7
1185280 2536.7
1185290 2531.1
1185300 2525.2
1185310 2525.2
1185320 2520.1
1185330 2515.1
1185340 2512.7
1185350 2512.7
1185360 2507.0
1185370 2503.3
1185380 2503.3
1185390 2499.0
1185400 2494.7
1185410 2494.7
1185420 2490.7
1185430 2487.7
1185440 2487.7
1185450 2486.0
1185460 2483.6
1185470 2483.6
1185480 2480.0
1185490 2475.4
1185500 2475.4
1185510 2470.5
1185520 2465.4
1185530 2460.1
1185540 2460.1
1185550 2453.9
1185560 2446.9
1185570 2446.9
1185580 2440.8
1185590 2435.5
1185600 2435.5
1185610 2430.4
1185620 2426.1
1185630 2426.1
1185640 2421.9
1185650 2416.4
1185660 2416.4
1185670 2409.4
1185680 2402.3
1185690 2402.3
1185700 2394.9
1185710 2387.6
1185720 2387.6
1185730 2381.8
1185740 2378.4
1185750 2375.4
1185760 2376.4
1185770 2373.1
1185780 2370.4
1185790 2370.4
1185800 2368.0
1185810 2365.8
1185820 2365.8
1185830 2364.1
1185840 2362.0
1185850 2362.0
1185860 2358.9
1185870 2355.3
1185880 2355.3
1185890 2351.8
1185900 2349.0
1185910 2349.0
1185920 2345.3
1185930 2341.4
1185940 2339.2
1185950 2339.2
1185960 2335.9
1185970 2333.2
1185980 2333.2
1185990 2332.8
1186000 2332.5
1186010 2332.5
1186020 2332.4
1186030 2332.4
1186040 2332.4
1186050 2332.4
1186060 2332.5
1186070 2332.5
1186080 2332.6
1186090 2332.6
1186100 2332.6
1186110 2332.9
1186120 2334.0
1186130 2334.0
1186140 2334.3
1186150 2335.4
1186160 2337.3
1186170 2337.3
1186180 2341.1
1186190 2342.4
1186200 2342.4
1186210 2343.8
1186220 2345.4
1186230 2345.4
1186240 2348.5
1186250 2352.0
1186260 2352.0
1186270 2354.3
1186280 2356.1
1186290 2356.1
1186300 2358.0
1186310 2361.9
1186320 2361.9
1186330 2365.6
1186340 2369.7
1186350 2375.5
1186360 2375.5
1186370 2380.6
1186380 2385.5
1186390 2385.5
1186400 2390.2
1186410 2393.3
1186420 2393.3
1186430 2395.7
1186440 2399.5
1186450 2399.5
1186460 2404.3
1186470 2409.5
1186480 2409.5
1186490 2415.3
1186500 2422.2
1186510 2422.2
1186520 2429.1
1186530 2435.8
1186540 2442.8
1186550 2442.8
1186560 2449.3
1186570 2455.1
1186580 2455.1
1186590 2460.7
1186600 2466.6
1186610 2465.6
1186620 2471.6
1186630 2476.0
1186640 2476.0
1186650 2480.2
1186660 2484.6
1186670 2484.6
1186680 2488.7
1186690 2493.3
1186700 2493.3
1186710 2499.0
1186720 2501.1
1186730 2501.1
1186740 2501.1
1186750 2502.7
1186760 2505.8
1186770 2505.8
1186780 2509.9
1186790 2514.8
1186800 2514.8
1186810 2520.1
1186820 2525.9
1186830 2525.9
1186840 2532.7
1186850 2539.9
1186860 2539.9
1186870 2547.4
1186880 2554.6
1186890 2554.6
1186900 2562.0
1186910 2570.1
1186920 2570.1
1186930 2579.1
1186940 2588.4
1186950 2597.3
1186960 2597.3
1186970 2605.3
1186980 2614.0
1186990 2614.0
1187000 2623.6
1187010 2631.6
1187020 2631.6
1187030 2640.2
1187040 2650.1
1187050 2650.1
1187060 2658.0
1187070 2664.5
1187080 2664.5
1187090 2669.1
1187100 2673.6
1187110 2673.6
1187120 2679.5
1187130 2685.6
1187140 2692.1
1187150 2692.1
1187160 2698.6
1187170 2705.0
1187180 2705.0
1187190 2712.5
1187200 2719.4
1187210 2719.4
1187220 2726.1
1187230 2733.1
1187240 2733.1
1187250 2741.1
1187260 2749.6
1187270 2749.6
1187280 2758.3
1187290 2765.0
1187300 2765.0
1187310 2772.8
1187320 2779.2
1187330 2779.2
1187340 2785.5
1187350 2792.5
1187360 2800.2
1187370 2800.2
1187380 2806.5
1187390 2813.0
1187400 2813.0
1187410 2820.2
1187420 2827.6
1187430 2827.6
1187440 2834.0
1187450 2840.3
1187460 2840.9
1187470 2847.2
1187480 2851.2
1187490 2851.2
1187500 2854.9
1187510 2856.3
1187520 2856.3
1187530 2855.5
1187540 2857.3
1187550 2858.9
1187560 2858.9
1187570 2856.4
1187580 2852.6
1187590 2852.6
1187600 2847.5
1187610 2842.6
1187620 2842.6
1187630 2838.1
1187640 2835.0
1187650 2835.0
1187660 2830.3
1187670 2825.0
1187680 2825.0
1187690 2821.5
1187700 2818.6
1187710 2818.6
1187720 2815.1
1187730 2813.0
1187740 2813.0
1187750 2811.2
1187760 2808.4
1187770 2805.5
1187780 2805.5
1187790 2803.4
1187800 2802.0
1187810 2802.0
1187820 2801.0
1187830 2800.6
1187840 2800.6
1187850 2800.2
1187860 2799.7
1187870 2799.7
1187880 2797.9
1187890 2801.7
1187900 2801.7
1187910 2800.9
1187920 2799.6
1187930 2799.6
1187940 2799.2
1187950 2800.3
1187960 2802.4
1187970 2802.4
1187980 2804.9
1187990 2808.0
1188000 2808.0
1188010 2811.4
1188020 2814.3
1188030 2814.3
1188040 2817.3
1188050 2820.1
1188060 2820.1
1188070 2823.4
1188080 2827.8
1188090 2827.8
1188100 2830.7
1188110 2832.7
1188120 2832.7
1188130 2835.2
1188140 2838.0
1188150 2840.8
1188160 2840.8
1188170 2843.7
1188180 2846.5
1188190 2846.5
1188200 2849.2
1188210 2851.9
1188220 2851.9
1188230 2854.1
1188240 2857.0
1188250 2857.0
1188260 2863.3
1188270 2870.3
1188280 2870.3
1188290 2876.9
1188300 2880.5
1188310 2879.0
1188320 2878.0
1188330 2876.6
1188340 2876.6
1188350 2876.8
1188360 2878.0
1188370 2878.6
1188380 2878.6
1188390 2878.8
1188400 2878.4
1188410 2878.4
1188420 2877.5
1188430 2875.9
1188440 2875.9
1188450 2873.8
1188460 2871.9
1188470 2871.9
1188480 2870.6
1188490 2871.1
1188500 2871.1
1188510 2871.8
1188520 2871.6
1188530 2871.6
1188540 2872.2
1188550 2874.4
1188560 2879.2
1188570 2879.2
1188580 2881.6
1188590 2883.2
1188600 2883.2
1188610 2886.0
1188620 2888.6
1188630 2888.6
1188640 2891.5
1188650 2894.5
1188660 2894.5
1188670 2900.1
1188680 2906.7
1188690 2906.7
1188700 2912.3
1188710 2916.2
1188720 2916.2
1188730 2919.7
1188740 2922.2
1188750 2926.0
1188760 2926.0
1188770 2931.9
1188780 2935.8
1188790 2935.8
1188800 2940.3
1188810 2945.2
1188820 2945.2
1188830 2950.6
1188840 2955.7
1188850 2955.7
1188860 2960.7
1188870 2965.9
1188880 2965.9
1188890 2970.3
1188900 2971.7
1188910 2971.7
1188920 2973.5
1188930 2978.3
1188940 2978.3
1188950 2984.6
1188960 2991.5
1188970 2997.6
1188980 2997.6
1188990 3005.6
1189000 3014.6
1189010 3014.6
1189020 3020.6
1189030 3026.8
1189040 3026.8
1189050 3030.3
1189060 3031.2
1189070 3031.2
1189080 3033.4
1189090 3037.1
1189100 3037.1
1189110 3041.3
1189120 3043.4
1189130 3043.4
1189140 3045.2
1189150 3050.0
1189160 3056.6
1189170 3056.6
1189180 3060.1
1189190 3052.8
1189200 3052.8
1189210 3029.9
1189220 3004.0
1189230 3004.0
1189240 2993.1
1189250 2980.7
1189260 2980.7
1189270 2965.6
1189280 2951.4
1189290 2951.4
1189300 2943.5
1189310 2937.4
1189320 2937.4
1189330 2931.1
1189340 2925.3
1189350 2925.3
1189360 2919.8
1189370 2915.4
1189380 2911.6
1189390 2911.6
1189400 2909.2
1189410 2908.0
1189420 2908.0
1189430 2906.3
1189440 2904.6
1189450 2904.6
1189460 2901.6
1189470 2894.5
1189480 2894.5
1189490 2887.5
1189500 2882.3
1189510 2882.3
1189520 2879.1
1189530 2876.3
1189540 2876.3
1189550 2873.1
1189560 2870.7
1189570 2867.9
1189580 2867.9
1189590 2865.3
1189600 2868.1
1189610 2868.1
1189620 2865.8
1189630 2863.2
1189640 2863.2
1189650 2861.1
1189660 2859.7
1189670 2859.7
1189680 2858.1
1189690 2856.0
1189700 2856.0
1189710 2853.3
1189720 2850.3
1189730 2850.3
1189740 2846.7
1189750 2841.4
1189760 2834.8
1189770 2834.8
1189780 2828.2
1189790 2823.5
1189800 2823.5
1189810 2819.5
1189820 2816.1
1189830 2816.1
1189840 2812.8
1189850 2809.5
1189860 2809.5
1189870 2805.8
1189880 2801.7
1189890 2801.7
1189900 2797.6
1189910 2794.1
1189920 2794.1
1189930 2790.8
1189940 2787.5
1189950 2787.5
1189960 2784.0
1189970 2779.5
1189980 2775.0
1189990 2775.0
1190000 2771.5
1190010 2769.8
1190020 2769.8
1190030 2770.5
1190040 2766.8
1190050 2766.8
1190060 2762.5
1190070 2759.7
1190080 2759.7
1190090 2756.8
1190100 2754.2
1190110 2754.2
1190120 2751.7
1190130 2748.2
1190140 2748.2
1190150 2743.9
1190160 2739.4
1190170 2734.9
1190180 2734.9
1190190 2730.6
1190200 2725.3
1190210 2725.3
1190220 2721.1
1190230 2717.2
1190240 2717.2
1190250 2713.9
1190260 2712.6
1190270 2712.6
1190280 2711.9
1190290 2710.5
1190300 2710.5
1190310 2709.6
1190320 2709.0
1190330 2709.0
1190340 2706.4
1190350 2703.4
1190360 2700.9
1190370 2700.9
1190380 2698.7
1190390 2696.7
1190400 2696.7
1190410 2695.2
1190420 2694.5
1190430 2694.5
1190440 2693.9
1190450 2693.5
1190460 2693.8
1190470 2693.3
1190480 2692.7
1190490 2692.7
1190500 2692.9
1190510 2696.0
1190520 2696.0
1190530 2699.1
1190540 2696.9
1190550 2696.9
1190560 2694.3
1190570 2693.4
1190580 2693.3
1190590 2693.3
1190600 2693.1
1190610 2692.2
1190620 2692.2
1190630 2692.3
1190640 2692.5
1190650 2692.5
1190660 2691.3
1190670 2689.0
1190680 2689.0
1190690 2686.7
1190700 2684.6
1190710 2684.6
1190720 2683.5
1190730 2683.5
1190740 2683.5
1190750 2684.3
1190760 2683.6
1190770 2680.0
1190780 2680.0
1190790 2674.7
1190800 2672.0
1190810 2672.0
1190820 2665.5
1190830 2661.2
1190840 2661.2
1190850 2659.2
1190860 2658.9
1190870 2658.9
1190880 2659.5
1190890 2652.1
1190900 2652.1
1190910 2648.8
1190920 2646.7
1190930 2646.7
1190940 2644.3
1190950 2635.5
1190960 2635.5
1190970 2629.1
1190980 2625.9
1190990 2620.0
1191000 2620.0
1191010 2613.6
1191020 2606.8
1191030 2606.8
1191040 2601.3
1191050 2597.6
1191060 2597.6
1191070 2594.5
1191080 2592.9
1191090 2592.9
1191100 2592.0
1191110 2592.0
1191120 2592.0
1191130 2591.9
1191140 2591.7
1191150 2591.7
1191160 2591.4
1191170 2591.1
1191180 2590.9
1191190 2590.9
1191200 2590.8
1191210 2590.8
1191220 2590.8
1191230 2590.8
1191240 2590.9
1191250 2590.9
1191260 2591.1
1191270 2591.3
1191280 2591.3
1191290 2591.0
1191300 2590.7
1191310 2590.7
1191320 2590.7
1191330 2590.7
1191340 2590.7
1191350 2590.8
1191360 2590.9
1191370 2591.8
1191380 2591.8
1191390 2593.0
1191400 2593.3
1191410 2593.3
1191420 2593.9
1191430 2595.0
1191440 2595.0
1191450 2596.6
1191460 2598.2
1191470 2598.2
1191480 2600.0
1191490 2602.3
1191500 2602.3
1191510 2604.7
1191520 2605.6
1191530 2605.6
1191540 2604.8
1191550 2603.3
1191560 2603.3
1191570 2601.6
1191580 2599.2
1191590 2595.4
1191600 2595.4
1191610 2592.2
1191620 2589.7
1191630 2589.7
1191640 2587.7
1191650 2586.7
1191660 2586.7
1191670 2587.0
1191680 2587.0
1191690 2587.0
1191700 2586.3
1191710 2584.9
1191720 2584.9
1191730 2582.8
1191740 2580.1
1191750 2576.9
1191760 2573.7
1191770 2570.7
1191780 2568.1
1191790 2568.1
1191800 2565.6
1191810 2563.8
1191820 2563.8
1191830 2562.8
1191840 2562.0
1191850 2562.0
1191860 2562.1
1191870 2562.1
1191880 2562.1
1191890 2561.4
1191900 2559.3
1191910 2559.3
1191920 2554.2
1191930 2545.6
1191940 2545.6
1191950 2538.8
1191960 2533.0
1191970 2527.2
1191980 2527.2
1191990 2521.8
1192000 2517.7
1192010 2517.7
1192020 2515.9
1192030 2514.8
1192040 2514.8
1192050 2514.7
1192060 2514.7
1192070 2514.7
1192080 2514.6
1192090 2514.7
1192100 2514.7
1192110 2514.7
1192120 2514.6
1192130 2514.6
1192140 2514.3
1192150 2514.0
1192160 2514.0
1192170 2513.3
1192180 2513.4
1192190 2513.4
1192200 2513.4
1192210 2513.6
1192220 2514.3
1192230 2514.3
1192240 2516.1
1192250 2518.8
1192260 2518.8
1192270 2521.8
1192280 2525.1
1192290 2525.1
1192300 2528.9
1192310 2533.0
1192320 2533.0
1192330 2537.1
1192340 2541.2
1192350 2541.2
1192360 2545.0
1192370 2548.5
1192380 2552.2
1192390 2552.2
1192400 2556.8
1192410 2561.9
1192420 2561.9
1192430 2566.6
1192440 2570.8
1192450 2570.8
1192460 2574.4
1192470 2577.0
1192480 2577.0
1192490 2579.3
1192500 2582.8
1192510 2582.8
1192520 2587.7
1192530 2593.1
1192540 2593.1
1192550 2597.1
1192560 2601.0
1192570 2601.0
1192580 2605.8
1192590 2613.8
1192600 2619.3
1192610 2626.6
1192620 2630.8
1192630 2636.2
1192640 2636.2
1192650 2641.1
1192660 2647.4
1192670 2647.4
1192680 2664.1
1192690 2680.1
1192700 2680.1
1192710 2681.2
1192720 2682.0
1192730 2682.0
1192740 2685.2
1192750 2684.3
1192760 2684.3
1192770 2679.1
1192780 2677.1
1192790 2676.5
1192800 2676.5
1192810 2673.5
1192820 2669.4
1192830 2669.4
1192840 2664.6
1192850 2659.2
1192860 2659.2
1192870 2654.5
1192880 2650.1
1192890 2650.1
1192900 2641.5
1192910 2631.9
1192920 2631.9
1192930 2624.3
1192940 2617.6
1192950 2617.6
1192960 2611.6
1192970 2607.5
1192980 2604.6
1192990 2604.6
1193000 2601.7
1193010 2599.9
1193020 2599.9
1193030 2598.4
1193040 2596.6
1193050 2600.8
1193060 2598.7
1193070 2596.4
1193080 2596.4
1193090 2593.5
1193100 2591.2
1193110 2591.2
1193120 2588.8
1193130 2585.5
1193140 2585.5
1193150 2581.8
1193160 2576.2
1193170 2576.2
1193180 2568.9
1193190 2560.9
1193200 2552.7
1193210 2552.7
1193220 2545.8
1193230 2540.5
1193240 2540.5
1193250 2536.0
1193260 2531.6
1193270 2531.6
1193280 2526.0
1193290 2519.7
1193300 2519.7
1193310 2514.5
1193320 2508.8
1193330 2508.8
1193340 2503.6
1193350 2498.4
1193360 2498.4
1193370 2494.6
1193380 2492.8
1193390 2491.4
1193400 2491.4
1193410 2490.0
1193420 2487.6
1193430 2487.6
1193440 2484.6
1193450 2482.0
1193460 2482.0
1193470 2480.4
1193480 2482.6
1193490 2482.6
1193500 2482.6
1193510 2483.2
1193520 2483.2
1193530 2482.6
1193540 2482.5
1193550 2482.5
1193560 2481.9
1193570 2481.3
1193580 2480.4
1193590 2480.4
1193600 2477.9
1193610 2473.5
1193620 2473.5
1193630 2468.8
1193640 2464.8
1193650 2464.8
1193660 2461.5
1193670 2458.1
1193680 2458.1
1193690 2456.6
1193700 2453.2
1193710 2453.2
1193720 2444.7
1193730 2435.4
1193740 2435.4
1193750 2428.6
1193760 2422.2
1193770 2422.2
1193780 2417.5
1193790 2413.8
1193800 2408.9
1193810 2408.9
1193820 2405.3
1193830 2403.0
1193840 2403.0
1193850 2398.4
1193860 2394.2
1193870 2394.2
1193880 2389.7
1193890 2384.8
1193900 2384.8
1193910 2376.3
1193920 2367.0
1193930 2367.0
1193940 2361.4
1193950 2353.1
1193960 2353.1
1193970 2343.0
1193980 2333.1
1193990 2324.4
1194000 2324.4
1194010 2316.9
1194020 2310.0
1194030 2310.0
1194040 2304.0
1194050 2298.9
1194060 2298.9
1194070 2293.5
1194080 2288.2
1194090 2288.2
1194100 2282.8
1194110 2277.6
1194120 2277.6
1194130 2272.7
1194140 2268.5
1194150 2268.5
1194160 2264.2
1194170 2259.3
1194180 2253.9
1194190 2253.9
1194200 2249.2
1194210 2244.3
1194220 2244.3
1194230 2238.8
1194240 2233.0
1194250 2233.0
1194260 2227.6
1194270 2222.7
1194280 2222.7
1194290 2218.6
1194300 2213.9
1194310 2213.9
1194320 2208.7
1194330 2203.7
1194340 2203.7
1194350 2199.8
1194360 2193.2
1194370 2193.2
1194380 2185.7
1194390 2178.7
1194400 2171.4
1194410 2171.4
1194420 2163.4
1194430 2155.9
1194440 2155.9
1194450 2149.2
1194460 2142.5
1194470 2142.5
1194480 2136.3
1194490 2130.7
1194500 2130.7
1194510 2125.3
1194520 2121.1
1194530 2121.1
1194540 2114.8
1194550 2108.5
1194560 2108.5
1194570 2101.9
1194580 2095.8
1194590 2088.0
1194600 2088.0
1194610 2082.4
1194620 2077.4
1194630 2077.4
1194640 2070.8
1194650 2065.1
1194660 2065.1
1194670 2058.5
1194680 2052.1
1194690 2052.1
1194700 2045.8
1194710 2042.8
1194720 2042.8
1194730 2041.7
1194740 2036.7
1194750 2036.7
1194760 2033.4
1194770 2029.1
1194780 2029.1
1194790 2026.5
1194800 2019.2
1194810 2013.3
1194820 2013.3
1194830 2007.7
1194840 1998.1
1194850 1998.1
1194860 1984.6
1194870 1975.5
1194880 1975.5
1194890 1968.5
1194900 1961.8
1194910 1961.8
1194920 1955.2
1194930 1951.9
1194940 1951.9
1194950 1948.2
1194960 1939.0
1194970 1939.0
1194980 1932.7
1194990 1927.7
1195000 1924.0
1195010 1924.0
1195020 1921.2
1195030 1915.9
1195040 1915.9
1195050 1909.8
1195060 1901.4
1195070 1901.4
1195080 1893.4
1195090 1885.2
1195100 1885.2
1195110 1877.0
1195120 1869.5
1195130 1869.5
1195140 1863.3
1195150 1856.3
1195160 1856.3
1195170 1848.0
1195180 1840.5
1195190 1833.1
1195200 1833.1
1195210 1826.7
1195220 1820.9
1195230 1823.6
1195240 1818.0
1195250 1810.8
1195260 1810.8
1195270 1802.8
1195280 1794.5
1195290 1794.5
1195300 1786.8
1195310 1778.5
1195320 1778.5
1195330 1769.6
1195340 1764.6
1195350 1764.6
1195360 1759.9
1195370 1759.5
1195380 1759.5
1195390 1759.5
1195400 1759.5
1195410 1759.5
1195420 1759.5
1195430 1759.5
1195440 1759.5
1195450 1759.5
1195460 1759.5
1195470 1759.5
1195480 1759.5
1195490 1759.5
1195500 1759.5
1195510 1759.5
1195520 1759.5
1195530 1759.5
1195540 1759.5
1195550 1759.5
1195560 1759.5
1195570 1759.5
1195580 1759.5
1195590 1759.5
1195600 1759.5
1195610 1759.5
1195620 1759.5
1195630 1759.5
1195640 1759.5
1195650 1759.5
1195660 1759.5
1195670 1759.5
1195680 1759.5
1195690 1759.5
1195700 1759.5
1195710 1759.5
1195720 1759.5
1195730 1759.5
1195740 1759.5
1195750 1759.5
1195760 1759.5
1195770 1759.5
1195780 1759.5
1195790 1759.5
1195800 1759.5
1195810 1759.5
1195820 1759.5
1195830 1759.5
1195840 1759.5
1195850 1759.5
1195860 1759.5
1195870 1759.5
1195880 1759.5
1195890 1759.5
1195900 1759.5
1195910 1759.5
1195920 1759.5
1195930 1759.5
1195940 1759.5
1195950 1759.5
1195960 1759.5
1195970 1759.5
1195980 1759.5
1195990 1759.5
1196000 1759.8
1196010 1764.6
1196020 1764.6
1196030 1773.6
1196040 1781.8
1196050 1781.8
1196060 1786.9
1196070 1793.7
1196080 1793.7
1196090 1800.8
1196100 1808.0
1196110 1808.0
1196120 1814.5
1196130 1821.0
1196140 1821.0
1196150 1826.7
1196160 1832.5
1196170 1832.5
1196180 1836.6
1196190 1840.9
1196200 1846.7
1196210 1846.7
1196220 1851.9
1196230 1858.0
1196240 1858.0
1196250 1864.6
1196260 1871.3
1196270 1871.3
1196280 1878.9
1196290 1887.6
1196300 1887.6
1196310 1896.5
1196320 1903.5
1196330 1903.5
1196340 1909.0
1196350 1916.3
1196360 1916.3
1196370 1923.5
1196380 1930.2
1196390 1937.8
1196400 1937.8
1196410 1943.8
1196420 1950.4
1196430 1950.4
1196440 1956.4
1196450 1961.5
1196460 1961.5
1196470 1967.9
1196480 1974.5
1196490 1974.5
1196500 1980.6
1196510 1986.7
1196520 1986.7
1196530 1993.1
1196540 1998.1
1196550 1998.1
1196560 2004.8
1196570 2011.2
1196580 2011.2
1196590 2017.4
1196600 2023.9
1196610 2031.5
1196620 2031.5
1196630 2039.2
1196640 2045.7
1196650 2045.7
1196660 2052.3
1196670 2059.7
1196680 2059.7
1196690 2067.3
1196700 2074.9
1196710 2074.9
1196720 2084.1
1196730 2094.1
1196740 2094.1
1196750 2097.7
1196760 2101.9
1196770 2101.9
1196780 2107.0
1196790 2111.2
1196800 2116.6
1196810 2116.6
1196820 2120.7
1196830 2125.9
1196840 2125.9
1196850 2131.3
1196860 2135.9
1196870 2135.9
1196880 2138.4
1196890 2141.6
1196900 2141.6
1196910 2146.3
1196920 2152.2
1196930 2152.2
1196940 2157.8
1196950 2162.9
1196960 2162.9
1196970 2168.6
1196980 2174.3
1196990 2174.3
1197000 2180.8
1197010 2187.3
1197020 2193.9
1197030 2193.9
1197040 2200.9
1197050 2208.5
1197060 2208.5
1197070 2216.4
1197080 2224.1
1197090 2224.1
1197100 2232.5
1197110 2241.5
1197120 2241.5
1197130 2251.4
1197140 2260.7
1197150 2260.7
1197160 2269.4
1197170 2277.4
1197180 2277.4
1197190 2284.6
1197200 2292.5
1197210 2299.1
1197220 2299.1
1197230 2306.6
1197240 2316.3
1197250 2316.3
1197260 2325.8
1197270 2334.5
1197280 2334.5
1197290 2340.4
1197300 2343.9
1197310 2343.9
1197320 2346.6
1197330 2350.5
1197340 2350.5
1197350 2356.2
1197360 2362.4
1197370 2362.4
1197380 2366.2
1197390 2369.1
1197400 2373.2
1197410 2373.2
1197420 2384.2
1197430 2388.8
1197440 2388.8
1197450 2393.6
1197460 2397.3
1197470 2397.3
1197480 2400.1
1197490 2402.5
1197500 2402.5
1197510 2401.2
1197520 2399.4
1197530 2399.4
1197540 2398.9
1197550 2400.0
1197560 2400.0
1197570 2401.2
1197580 2401.4
1197590 2401.4
1197600 2401.8
1197610 2404.6
1197620 2406.9
1197630 2406.9
1197640 2406.2
1197650 2405.3
1197660 2405.3
1197670 2405.7
1197680 2406.6
1197690 2406.6
1197700 2408.6
1197710 2411.2
1197720 2411.2
1197730 2413.6
1197740 2416.0
1197750 2416.0
1197760 2418.8
1197770 2422.7
1197780 2422.7
1197790 2427.4
1197800 2432.0
1197810 2436.1
1197820 2436.1
1197830 2440.1
1197840 2444.0
1197850 2444.0
1197860 2451.9
1197870 2455.5
1197880 2455.5
1197890 2458.3
1197900 2462.2
1197910 2462.2
1197920 2466.7
1197930 2471.3
1197940 2471.3
1197950 2475.7
1197960 2480.1
1197970 2480.1
1197980 2484.1
1197990 2488.2
1198000 2492.7
1198010 2492.7
1198020 2497.5
1198030 2502.4
1198040 2502.4
1198050 2509.6
1198060 2527.2
1198070 2527.2
1198080 2540.4
1198090 2548.0
1198100 2548.0
1198110 2551.7
1198120 2549.7
1198130 2549.7
1198140 2548.7
1198150 2548.5
1198160 2548.5
1198170 2548.1
1198180 2550.0
1198190 2550.0
1198200 2551.9
1198210 2553.8
1198220 2557.5
1198230 2557.5
1198240 2560.6
1198250 2559.6
1198260 2559.6
1198270 2557.3
1198280 2555.0
1198290 2555.0
1198300 2560.0
1198310 2560.2
1198320 2560.2
1198330 2559.8
1198340 2561.0
1198350 2561.0
1198360 2563.3
1198370 2565.6
1198380 2565.6
1198390 2566.4
1198400 2568.1
1198410 2576.8
1198420 2576.8
1198430 2586.0
1198440 2602.7
1198450 2602.7
1198460 2608.8
1198470 2611.4
1198480 2611.4
1198490 2615.1
1198500 2621.2
1198510 2621.2
1198520 2628.3
1198530 2635.1
1198540 2635.1
1198550 2640.1
1198560 2648.0
1198570 2648.0
1198580 2650.7
1198590 2652.0
1198600 2653.6
1198610 2653.6
1198620 2654.5
1198630 2655.1
1198640 2655.1
1198650 2654.8
1198660 2654.8
1198670 2654.8
1198680 2653.5
1198690 2651.9
1198700 2651.9
1198710 2651.1
1198720 2650.0
1198730 2650.0
1198740 2654.8
1198750 2655.7
1198760 2655.7
1198770 2656.5
1198780 2657.9
1198790 2657.9
1198800 2659.6
1198810 2661.2
1198820 2662.8
1198830 2662.8
1198840 2664.2
1198850 2667.1
1198860 2667.1
1198870 2670.1
1198880 2671.8
1198890 2671.8
1198900 2672.9
1198910 2674.1
1198920 2674.1
1198930 2675.3
1198940 2677.0
1198950 2677.0
1198960 2679.1
1198970 2681.3
1198980 2681.3
1198990 2683.4
1199000 2684.7
1199010 2686.3
1199020 2686.3
1199030 2688.0
1199040 2690.4
1199050 2690.4
1199060 2695.9
1199070 2702.3
1199080 2702.3
1199090 2704.5
1199100 2703.4
1199110 2703.4
1199120 2703.2
1199130 2703.2
1199140 2703.2
1199150 2703.6
1199160 2704.9
1199170 2704.9
1199180 2707.3
1199190 2719.2
1199200 2719.2
1199210 2719.2
1199220 2721.3
1199230 2722.6
1199240 2722.6
1199250 2725.1
1199260 2730.0
1199270 2730.0
1199280 2734.4
1199290 2738.0
1199300 2738.0
1199310 2740.6
1199320 2743.3
1199330 2743.3
1199340 2745.3
1199350 2747.8
1199360 2747.8
1199370 2751.4
1199380 2754.1
1199390 2754.1
1199400 2757.0
1199410 2759.0
1199420 2760.8
1199430 2760.8
1199440 2761.7
1199450 2762.0
1199460 2762.0
1199470 2762.6
1199480 2765.5
1199490 2765.5
1199500 2771.4
1199510 2778.5
1199520 2778.5
1199530 2784.7
1199540 2790.4
1199550 2790.4
1199560 2795.7
1199570 2800.5
1199580 2800.5
1199590 2804.6
1199600 2809.5
1199610 2815.2
1199620 2815.2
1199630 2825.4
1199640 2833.2
1199650 2833.2
1199660 2840.1
1199670 2846.9
1199680 2846.9
1199690 2852.5
1199700 2855.2
1199710 2855.2
1199720 2859.3
1199730 2864.2
1199740 2864.2
1199750 2869.8
1199760 2875.1
1199770 2875.1
1199780 2880.2
1199790 2885.2
1199800 2885.2
1199810 2890.1
1199820 2896.3
1199830 2902.7
1199840 2902.7
1199850 2908.6
1199860 2915.0
1199870 2915.0
1199880 2921.2
1199890 2926.7
1199900 2926.7
1199910 2934.7
1199920 2944.6
1199930 2944.6
1199940 2950.6
1199950 2955.4
1199960 2955.4
1199970 2958.8
1199980 2962.8
1199990 2962.8
