1180000 1824.9
1180010 1830.7
1180020 1830.7
1180030 1837.7
1180040 1845.5
1180050 1845.5
1180060 1853.5
1180070 1862.6
1180080 1862.6
1180090 1875.2
1180100 1889.4
1180110 1889.4
1180120 1899.1
1180130 1906.4
1180140 1912.1
1180150 1912.1
1180160 1919.8
1180170 1926.3
1180180 1926.3
1180190 1931.4
1180200 1935.2
1180210 1934.6
1180220 1937.9
1180230 1940.0
1180240 1940.0
1180250 1940.3
1180260 1941.6
1180270 1941.6
1180280 1944.0
1180290 1945.9
1180300 1945.9
1180310 1948.3
1180320 1951.3
1180330 1953.9
1180340 1953.9
1180350 1955.6
1180360 1957.4
1180370 1957.4
1180380 1958.7
1180390 1959.8
1180400 1959.8
1180410 1961.5
1180420 1962.3
1180430 1962.3
1180440 1962.6
1180450 1962.2
1180460 1962.2
1180470 1961.7
1180480 1961.7
1180490 1961.7
1180500 1961.6
1180510 1959.7
1180520 1956.0
1180530 1956.0
1180540 1952.9
1180550 1952.4
1180560 1952.4
1180570 1949.0
1180580 1945.3
1180590 1945.3
1180600 1947.5
1180610 1952.1
1180620 1952.1
1180630 1961.5
1180640 1966.3
1180650 1966.3
1180660 1971.6
1180670 1971.6
1180680 1971.6
1180690 1970.6
1180700 1969.8
1180710 1969.8
1180720 1966.7
1180730 1962.0
1180740 1958.5
1180750 1958.5
1180760 1954.7
1180770 1951.7
1180780 1951.7
1180790 1949.5
1180800 1948.7
1180810 1948.7
1180820 1948.0
1180830 1945.9
1180840 1945.9
1180850 1943.6
1180860 1942.5
1180870 1942.5
1180880 1941.5
1180890 1938.1
1180900 1938.1
1180910 1935.7
1180920 1931.5
1180930 1925.8
1180940 1925.8
1180950 1919.9
1180960 1914.6
1180970 1914.6
1180980 1909.2
1180990 1904.6
1181000 1904.6
1181010 1903.5
1181020 1906.1
1181030 1906.1
1181040 1911.4
1181050 1920.4
1181060 1920.4
1181070 1923.9
1181080 1928.6
1181090 1928.6
1181100 1935.1
1181110 1940.4
1181120 1940.4
1181130 1941.4
1181140 1938.2
1181150 1933.9
1181160 1933.9
1181170 1932.0
1181180 1931.7
1181190 1931.7
1181200 1931.3
1181210 1931.1
1181220 1931.1
1181230 1931.2
1181240 1931.0
1181250 1931.0
1181260 1931.0
1181270 1932.0
1181280 1932.0
1181290 1933.1
1181300 1935.1
1181310 1935.1
1181320 1938.0
1181330 1944.1
1181340 1948.2
1181350 1948.2
1181360 1948.7
1181370 1946.2
1181380 1946.2
1181390 1944.3
1181400 1945.3
1181410 1945.3
1181420 1944.6
1181430 1946.0
1181440 1946.0
1181450 1949.7
1181460 1953.9
1181470 1953.9
1181480 1960.7
1181490 1967.1
1181500 1967.1
1181510 1972.5
1181520 1978.3
1181530 1983.5
1181540 1983.5
1181550 1988.2
1181560 1993.0
1181570 1993.0
1181580 1997.9
1181590 2003.1
1181600 2003.1
1181610 2008.2
1181620 2013.4
1181630 2013.4
1181640 2019.0
1181650 2024.6
1181660 2024.6
1181670 2029.7
1181680 2034.7
1181690 2034.7
1181700 2038.9
1181710 2043.2
1181720 2043.2
1181730 2049.0
1181740 2055.2
1181750 2061.5
1181760 2061.5
1181770 2067.8
1181780 2074.6
1181790 2074.6
1181800 2081.6
1181810 2089.3
1181820 2089.3
1181830 2096.6
1181840 2103.5
1181850 2103.5
1181860 2110.2
1181870 2117.0
1181880 2117.6
1181890 2125.0
1181900 2132.4
1181910 2132.4
1181920 2140.3
1181930 2148.5
1181940 2156.8
1181950 2156.8
1181960 2164.9
1181970 2172.5
1181980 2172.5
1181990 2178.7
1182000 2185.0
1182010 2185.0
1182020 2191.3
1182030 2196.9
1182040 2196.9
1182050 2201.9
1182060 2207.0
1182070 2207.0
1182080 2212.1
1182090 2217.9
1182100 2217.9
1182110 2223.6
1182120 2228.7
1182130 2228.7
1182140 2234.2
1182150 2240.2
1182160 2246.1
1182170 2246.1
1182180 2252.2
1182190 2258.6
1182200 2258.6
1182210 2265.0
1182220 2271.7
1182230 2271.7
1182240 2278.9
1182250 2286.4
1182260 2286.4
1182270 2294.1
1182280 2301.0
1182290 2301.0
1182300 2304.6
1182310 2309.5
1182320 2309.5
1182330 2313.7
1182340 2318.5
1182350 2323.7
1182360 2323.7
1182370 2329.6
1182380 2334.8
1182390 2334.8
1182400 2340.0
1182410 2345.4
1182420 2345.4
1182430 2350.9
1182440 2357.0
1182450 2357.0
1182460 2363.1
1182470 2368.6
1182480 2368.6
1182490 2374.3
1182500 2379.8
1182510 2379.8
1182520 2385.2
1182530 2391.5
1182540 2397.5
1182550 2397.5
1182560 2403.6
1182570 2409.8
1182580 2409.8
1182590 2415.8
1182600 2421.5
1182610 2421.5
1182620 2427.5
1182630 2434.1
1182640 2434.1
1182650 2441.1
1182660 2447.8
1182670 2447.8
1182680 2454.3
1182690 2461.3
1182700 2461.3
1182710 2467.9
1182720 2469.5
1182730 2469.5
1182740 2474.6
1182750 2479.6
1182760 2484.4
1182770 2484.4
1182780 2489.2
1182790 2490.1
1182800 2490.1
1182810 2487.5
1182820 2486.1
1182830 2486.1
1182840 2486.1
1182850 2484.9
1182860 2484.9
1182870 2483.7
1182880 2481.7
1182890 2481.7
1182900 2478.0
1182910 2471.8
1182920 2471.8
1182930 2464.5
1182940 2460.0
1182950 2458.0
1182960 2458.0
1182970 2455.9
1182980 2453.2
1182990 2453.2
1183000 2452.5
1183010 2448.9
1183020 2448.9
1183030 2442.4
1183040 2436.8
1183050 2436.8
1183060 2431.2
1183070 2425.6
1183080 2425.6
1183090 2421.6
1183100 2418.5
1183110 2418.5
1183120 2415.4
1183130 2411.3
1183140 2416.8
1183150 2411.8
1183160 2407.7
1183170 2403.1
1183180 2403.1
1183190 2400.4
1183200 2401.3
1183210 2401.3
1183220 2402.9
1183230 2404.4
1183240 2404.4
1183250 2406.2
1183260 2408.3
1183270 2408.3
1183280 2410.4
1183290 2412.3
1183300 2412.3
1183310 2413.3
1183320 2414.9
1183330 2414.9
1183340 2416.9
1183350 2418.5
1183360 2420.2
1183370 2420.2
1183380 2421.7
1183390 2423.2
1183400 2423.2
1183410 2424.5
1183420 2425.7
1183430 2425.7
1183440 2427.1
1183450 2428.3
1183460 2428.3
1183470 2430.1
1183480 2432.3
1183490 2432.3
1183500 2434.5
1183510 2436.3
1183520 2436.3
1183530 2438.5
1183540 2440.4
1183550 2443.1
1183560 2445.2
1183570 2447.8
1183580 2450.2
1183590 2450.2
1183600 2456.2
1183610 2464.3
1183620 2464.3
1183630 2470.9
1183640 2476.8
1183650 2476.8
1183660 2483.0
1183670 2489.0
1183680 2489.0
1183690 2494.9
1183700 2501.3
1183710 2501.3
1183720 2507.6
1183730 2514.3
1183740 2514.3
1183750 2520.4
1183760 2526.3
1183770 2532.1
1183780 2532.1
1183790 2538.3
1183800 2545.5
1183810 2545.5
1183820 2555.2
1183830 2564.1
1183840 2564.1
1183850 2572.4
1183860 2578.2
1183870 2578.2
1183880 2581.9
1183890 2590.2
1183900 2590.2
1183910 2603.0
1183920 2611.8
1183930 2611.8
1183940 2620.5
1183950 2630.2
1183960 2640.2
1183970 2640.2
1183980 2639.7
1183990 2642.5
1184000 2642.5
1184010 2654.3
1184020 2667.7
1184030 2667.7
1184040 2678.1
1184050 2682.3
1184060 2682.3
1184070 2686.7
1184080 2692.3
1184090 2692.3
1184100 2697.1
1184110 2702.9
1184120 2702.9
1184130 2712.2
1184140 2718.8
1184150 2718.8
1184160 2721.9
1184170 2726.1
1184180 2731.5
1184190 2731.5
1184200 2734.8
1184210 2738.7
1184220 2738.7
1184230 2743.9
1184240 2750.2
1184250 2750.2
1184260 2756.0
1184270 2761.0
1184280 2761.0
1184290 2766.7
1184300 2772.0
1184310 2772.0
1184320 2777.7
1184330 2784.3
1184340 2784.3
1184350 2792.1
1184360 2798.7
1184370 2802.2
1184380 2802.2
1184390 2805.9
1184400 2808.8
1184410 2808.8
1184420 2813.9
1184430 2820.7
1184440 2820.7
1184450 2825.8
1184460 2827.5
1184470 2827.5
1184480 2826.3
1184490 2823.2
1184500 2823.2
1184510 2818.9
1184520 2813.7
1184530 2813.7
1184540 2809.9
1184550 2806.8
1184560 2801.4
1184570 2801.4
1184580 2791.2
1184590 2782.4
1184600 2782.4
1184610 2775.2
1184620 2768.1
1184630 2768.1
1184640 2760.0
1184650 2750.5
1184660 2750.5
1184670 2742.0
1184680 2733.3
1184690 2733.3
1184700 2724.2
1184710 2714.7
1184720 2714.7
1184730 2705.4
1184740 2696.5
1184750 2696.5
1184760 2688.4
1184770 2680.1
1184780 2671.5
1184790 2671.5
1184800 2664.4
1184810 2658.3
1184820 2659.7
1184830 2654.2
1184840 2648.6
1184850 2648.6
1184860 2643.2
1184870 2637.4
1184880 2637.4
1184890 2631.7
1184900 2627.2
1184910 2627.2
1184920 2622.9
1184930 2619.1
1184940 2619.1
1184950 2613.6
1184960 2606.9
1184970 2600.7
1184980 2600.7
1184990 2594.2
1185000 2587.5
1185010 2587.5
1185020 2580.8
1185030 2574.2
1185040 2574.2
1185050 2567.7
1185060 2561.4
1185070 2561.4
1185080 2555.7
1185090 2550.8
1185100 2550.8
1185110 2546.6
1185120 2541.9
1185130 2541.9
1185140 2537.9
1185150 2533.7
1185160 2533.7
1185170 2528.8
1185180 2523.8
1185190 2518.7
1185200 2518.7
1185210 2514.1
1185220 2510.6
1185230 2510.6
1185240 2507.8
1185250 2505.5
1185260 2505.5
1185270 2503.2
1185280 2501.5
1185290 2501.5
1185300 2500.4
1185310 2498.0
1185320 2498.0
1185330 2494.7
1185340 2490.8
1185350 2490.8
1185360 2486.1
1185370 2481.5
1185380 2476.5
1185390 2476.5
1185400 2471.8
1185410 2467.2
1185420 2467.2
1185430 2462.7
1185440 2459.2
1185450 2459.2
1185460 2455.6
1185470 2451.8
1185480 2451.8
1185490 2447.7
1185500 2442.1
1185510 2442.1
1185520 2436.3
1185530 2430.7
1185540 2430.7
1185550 2424.2
1185560 2417.8
1185570 2412.3
1185580 2412.3
1185590 2407.0
1185600 2401.6
1185610 2401.6
1185620 2395.0
1185630 2388.6
1185640 2388.6
1185650 2382.0
1185660 2375.3
1185670 2376.2
1185680 2370.4
1185690 2366.9
1185700 2366.9
1185710 2365.0
1185720 2362.8
1185730 2362.8
1185740 2358.9
1185750 2354.7
1185760 2354.7
1185770 2351.0
1185780 2347.7
1185790 2343.7
1185800 2343.7
1185810 2343.3
1185820 2342.2
1185830 2342.2
1185840 2340.2
1185850 2338.1
1185860 2338.1
1185870 2336.0
1185880 2334.7
1185890 2334.7
1185900 2333.8
1185910 2331.9
1185920 2331.9
1185930 2328.6
1185940 2327.4
1185950 2327.4
1185960 2326.7
1185970 2325.7
1185980 2325.4
1185990 2325.4
1186000 2326.1
1186010 2326.7
1186020 2326.7
1186030 2328.4
1186040 2329.5
1186050 2329.5
1186060 2331.0
1186070 2332.9
1186080 2332.9
1186090 2334.9
1186100 2337.1
1186110 2337.1
1186120 2339.7
1186130 2344.5
1186140 2344.5
1186150 2348.6
1186160 2350.8
1186170 2350.8
1186180 2354.1
1186190 2355.8
1186200 2356.6
1186210 2356.6
1186220 2357.2
1186230 2360.1
1186240 2360.1
1186250 2365.0
1186260 2370.5
1186270 2370.5
1186280 2374.9
1186290 2378.8
1186300 2378.8
1186310 2383.6
1186320 2388.2
1186330 2388.2
1186340 2393.0
1186350 2398.0
1186360 2398.0
1186370 2403.2
1186380 2408.7
1186390 2414.2
1186400 2414.2
1186410 2419.0
1186420 2422.4
1186430 2422.4
1186440 2425.1
1186450 2427.9
1186460 2427.9
1186470 2432.2
1186480 2437.3
1186490 2437.3
1186500 2442.3
1186510 2443.2
1186520 2443.2
1186530 2447.8
1186540 2452.4
1186550 2452.4
1186560 2457.0
1186570 2460.9
1186580 2463.5
1186590 2463.5
1186600 2465.6
1186610 2466.6
1186620 2466.6
1186630 2467.8
1186640 2469.9
1186650 2469.9
1186660 2473.7
1186670 2478.4
1186680 2478.4
1186690 2481.9
1186700 2486.8
1186710 2486.8
1186720 2491.8
1186730 2495.4
1186740 2495.4
1186750 2497.4
1186760 2499.2
1186770 2499.2
1186780 2502.7
1186790 2507.1
1186800 2512.2
1186810 2512.2
1186820 2517.9
1186830 2524.0
1186840 2524.0
1186850 2529.6
1186860 2533.6
1186870 2533.6
1186880 2537.1
1186890 2541.1
1186900 2541.1
1186910 2545.9
1186920 2550.9
1186930 2550.9
1186940 2555.0
1186950 2560.5
1186960 2560.5
1186970 2566.0
1186980 2571.5
1186990 2577.2
1187000 2577.2
1187010 2582.8
1187020 2588.5
1187030 2588.5
1187040 2594.2
1187050 2601.8
1187060 2601.8
1187070 2612.6
1187080 2622.4
1187090 2622.4
1187100 2631.9
1187110 2641.7
1187120 2641.7
1187130 2650.8
1187140 2661.3
1187150 2661.3
1187160 2670.4
1187170 2677.8
1187180 2677.8
1187190 2684.4
1187200 2690.4
1187210 2695.5
1187220 2695.5
1187230 2700.9
1187240 2707.9
1187250 2707.9
1187260 2715.8
1187270 2725.2
1187280 2725.2
1187290 2735.2
1187300 2744.6
1187310 2744.6
1187320 2755.4
1187330 2765.2
1187340 2765.2
1187350 2764.1
1187360 2752.1
1187370 2756.0
1187380 2745.1
1187390 2736.1
1187400 2730.6
1187410 2730.6
1187420 2727.5
1187430 2724.4
1187440 2724.4
1187450 2720.1
1187460 2718.1
1187470 2718.1
1187480 2717.5
1187490 2716.3
1187500 2716.3
1187510 2714.6
1187520 2713.7
1187530 2713.7
1187540 2717.2
1187550 2720.9
1187560 2720.9
1187570 2721.6
1187580 2724.8
1187590 2729.1
1187600 2729.1
1187610 2733.7
1187620 2738.2
1187630 2738.2
1187640 2742.7
1187650 2746.4
1187660 2746.4
1187670 2749.1
1187680 2750.9
1187690 2750.9
1187700 2752.2
1187710 2752.3
1187720 2752.3
1187730 2752.1
1187740 2750.5
1187750 2750.5
1187760 2746.3
1187770 2736.7
1187780 2736.7
1187790 2735.1
1187800 2723.7
1187810 2718.6
1187820 2718.6
1187830 2712.2
1187840 2708.1
1187850 2708.1
1187860 2701.1
1187870 2694.9
1187880 2694.9
1187890 2692.4
1187900 2690.2
1187910 2690.2
1187920 2688.3
1187930 2688.3
1187940 2688.3
1187950 2690.8
1187960 2692.9
1187970 2692.9
1187980 2693.9
1187990 2694.5
1188000 2694.4
1188010 2694.4
1188020 2693.4
1188030 2690.3
1188040 2690.3
1188050 2687.9
1188060 2688.2
1188070 2688.2
1188080 2690.3
1188090 2693.9
1188100 2693.9
1188110 2697.0
1188120 2702.1
1188130 2702.1
1188140 2707.1
1188150 2710.8
1188160 2710.8
1188170 2714.1
1188180 2716.3
1188190 2717.2
1188200 2717.2
1188210 2717.7
1188220 2718.6
1188230 2718.6
1188240 2718.1
1188250 2718.2
1188260 2718.2
1188270 2718.1
1188280 2718.7
1188290 2718.7
1188300 2720.9
1188310 2725.2
1188320 2725.2
1188330 2729.5
1188340 2729.5
1188350 2729.5
1188360 2728.9
1188370 2727.9
1188380 2727.9
1188390 2723.6
1188400 2718.5
1188410 2715.6
1188420 2715.6
1188430 2713.8
1188440 2712.2
1188450 2712.2
1188460 2710.8
1188470 2710.0
1188480 2710.0
1188490 2709.7
1188500 2709.5
1188510 2709.5
1188520 2708.6
1188530 2708.5
1188540 2708.5
1188550 2708.6
1188560 2709.5
1188570 2709.5
1188580 2711.9
1188590 2715.9
1188600 2720.7
1188610 2720.7
1188620 2721.8
1188630 2722.1
1188640 2722.1
1188650 2729.4
1188660 2731.5
1188670 2731.5
1188680 2732.1
1188690 2732.4
1188700 2732.4
1188710 2733.2
1188720 2734.5
1188730 2734.5
1188740 2735.5
1188750 2738.0
1188760 2738.0
1188770 2740.6
1188780 2743.1
1188790 2743.1
1188800 2745.6
1188810 2748.0
1188820 2751.2
1188830 2751.2
1188840 2755.2
1188850 2761.5
1188860 2761.5
1188870 2769.4
1188880 2776.7
1188890 2776.7
1188900 2782.3
1188910 2786.7
1188920 2786.7
1188930 2791.8
1188940 2800.9
1188950 2800.9
1188960 2812.7
1188970 2825.3
1188980 2825.3
1188990 2827.5
1189000 2830.5
1189010 2835.9
1189020 2835.9
1189030 2843.4
1189040 2852.1
1189050 2852.1
1189060 2858.1
1189070 2872.6
1189080 2872.6
1189090 2876.2
1189100 2882.2
1189110 2882.2
1189120 2892.0
1189130 2901.6
1189140 2901.6
1189150 2910.8
1189160 2920.0
1189170 2920.0
1189180 2928.9
1189190 2941.3
1189200 2956.1
1189210 2956.1
1189220 2968.7
1189230 2975.9
1189240 2975.9
1189250 2986.6
1189260 2999.9
1189270 2999.9
1189280 3009.6
1189290 3016.2
1189300 3016.2
1189310 3020.8
1189320 3025.1
1189330 3025.1
1189340 3031.1
1189350 3040.1
1189360 3040.1
1189370 3049.0
1189380 3051.2
1189390 3051.2
1189400 3047.9
1189410 3041.9
1189420 3038.0
1189430 3038.0
1189440 3035.1
1189450 3031.7
1189460 3031.7
1189470 3027.8
1189480 3025.2
1189490 3025.2
1189500 3017.5
1189510 3014.8
1189520 3014.8
1189530 3012.6
1189540 3011.0
1189550 3011.0
1189560 3008.9
1189570 3007.6
1189580 3007.6
1189590 3006.0
1189600 3002.2
1189610 2997.0
1189620 2997.0
1189630 2991.1
1189640 2984.7
1189650 2984.7
1189660 2978.5
1189670 2972.7
1189680 2972.7
1189690 2967.2
1189700 2962.0
1189710 2962.0
1189720 2957.8
1189730 2955.4
1189740 2955.4
1189750 2954.3
1189760 2954.4
1189770 2954.4
1189780 2954.8
1189790 2955.8
1189800 2955.8
1189810 2956.8
1189820 2957.1
1189830 2956.2
1189840 2956.2
1189850 2954.8
1189860 2952.3
1189870 2952.3
1189880 2940.4
1189890 2924.2
1189900 2924.2
1189910 2919.0
1189920 2901.4
1189930 2878.2
1189940 2861.4
1189950 2848.1
1189960 2848.1
1189970 2838.8
1189980 2828.4
1189990 2828.4
1190000 2818.3
1190010 2811.0
1190020 2803.9
1190030 2803.9
1190040 2797.2
1190050 2791.1
1190060 2791.1
1190070 2785.2
1190080 2779.8
1190090 2779.8
1190100 2775.6
1190110 2771.4
1190120 2771.4
1190130 2767.4
1190140 2763.3
1190150 2763.3
1190160 2759.3
1190170 2756.3
1190180 2756.3
1190190 2753.8
1190200 2752.0
1190210 2752.0
1190220 2752.0
1190230 2753.8
1190240 2754.5
1190250 2754.5
1190260 2753.0
1190270 2752.0
1190280 2752.0
1190290 2751.8
1190300 2751.0
1190310 2751.0
1190320 2751.9
1190330 2753.5
1190340 2753.5
1190350 2754.8
1190360 2751.2
1190370 2751.2
1190380 2751.0
1190390 2751.0
1190400 2751.0
1190410 2752.1
1190420 2754.0
1190430 2756.7
1190440 2756.7
1190450 2758.7
1190460 2759.0
1190470 2759.0
1190480 2759.4
1190490 2759.7
1190500 2759.7
1190510 2759.2
1190520 2760.2
1190530 2760.2
1190540 2762.5
1190550 2764.0
1190560 2764.0
1190570 2767.2
1190580 2769.2
1190590 2769.2
1190600 2771.5
1190610 2775.7
1190620 2779.7
1190630 2779.7
1190640 2783.1
1190650 2786.7
1190660 2786.7
1190670 2791.2
1190680 2795.5
1190690 2795.5
1190700 2800.0
1190710 2803.6
1190720 2803.6
1190730 2806.2
1190740 2809.8
1190750 2809.8
1190760 2814.0
1190770 2816.2
1190780 2816.2
1190790 2811.3
1190800 2814.1
1190810 2814.1
1190820 2817.5
1190830 2818.9
1190840 2821.2
1190850 2821.2
1190860 2821.6
1190870 2817.4
1190880 2817.4
1190890 2810.1
1190900 2797.2
1190910 2797.2
1190920 2787.1
1190930 2780.7
1190940 2780.7
1190950 2773.1
1190960 2761.5
1190970 2761.5
1190980 2752.5
1190990 2745.1
1191000 2745.1
1191010 2736.1
1191020 2727.6
1191030 2720.5
1191040 2720.5
1191050 2713.6
1191060 2707.0
1191070 2707.0
1191080 2700.1
1191090 2693.3
1191100 2693.3
1191110 2686.6
1191120 2680.2
1191130 2680.2
1191140 2674.0
1191150 2667.3
1191160 2667.3
1191170 2659.6
1191180 2652.2
1191190 2652.2
1191200 2645.7
1191210 2640.0
1191220 2634.5
1191230 2634.5
1191240 2629.9
1191250 2625.4
1191260 2625.4
1191270 2621.4
1191280 2617.3
1191290 2617.3
1191300 2612.9
1191310 2608.2
1191320 2608.2
1191330 2603.5
1191340 2599.2
1191350 2599.2
1191360 2592.8
1191370 2585.9
1191380 2585.9
1191390 2579.9
1191400 2572.3
1191410 2572.3
1191420 2559.8
1191430 2552.6
1191440 2548.1
1191450 2548.1
1191460 2543.1
1191470 2536.3
1191480 2536.3
1191490 2528.6
1191500 2524.0
1191510 2524.0
1191520 2518.1
1191530 2503.6
1191540 2503.6
1191550 2492.7
1191560 2486.7
1191570 2486.7
1191580 2481.7
1191590 2477.0
1191600 2477.0
1191610 2471.8
1191620 2466.4
1191630 2456.3
1191640 2456.3
1191650 2452.7
1191660 2445.4
1191670 2445.4
1191680 2439.2
1191690 2432.2
1191700 2432.2
1191710 2426.0
1191720 2422.1
1191730 2422.1
1191740 2420.2
1191750 2418.7
1191760 2418.7
1191770 2416.9
1191780 2416.7
1191790 2416.7
1191800 2416.7
1191810 2417.7
1191820 2418.6
1191830 2418.6
1191840 2419.5
1191850 2421.3
1191860 2421.3
1191870 2420.1
1191880 2418.8
1191890 2418.8
1191900 2418.5
1191910 2419.9
1191920 2419.9
1191930 2423.8
1191940 2427.5
1191950 2427.5
1191960 2428.0
1191970 2428.5
1191980 2428.5
1191990 2430.0
1192000 2431.5
1192010 2431.5
1192020 2431.5
1192030 2431.2
1192040 2430.2
1192050 2430.2
1192060 2430.3
1192070 2430.9
1192080 2430.9
1192090 2432.4
1192100 2432.4
1192110 2432.4
1192120 2432.1
1192130 2434.0
1192140 2434.0
1192150 2436.9
1192160 2441.2
1192170 2441.2
1192180 2447.1
1192190 2455.0
1192200 2455.0
1192210 2460.7
1192220 2459.9
1192230 2459.3
1192240 2459.3
1192250 2459.5
1192260 2460.4
1192270 2460.4
1192280 2459.7
1192290 2457.9
1192300 2457.9
1192310 2462.9
1192320 2473.9
1192330 2473.9
1192340 2474.4
1192350 2474.1
1192360 2474.1
1192370 2475.4
1192380 2478.3
1192390 2478.3
1192400 2478.2
1192410 2479.1
1192420 2479.1
1192430 2480.5
1192440 2477.8
1192450 2476.1
1192460 2476.1
1192470 2475.1
1192480 2474.8
1192490 2474.8
1192500 2475.5
1192510 2474.7
1192520 2481.6
1192530 2478.8
1192540 2479.7
1192550 2479.7
1192560 2483.1
1192570 2486.8
1192580 2486.8
1192590 2489.6
1192600 2493.0
1192610 2493.0
1192620 2495.9
1192630 2499.6
1192640 2503.5
1192650 2503.5
1192660 2508.1
1192670 2514.3
1192680 2514.3
1192690 2521.1
1192700 2528.0
1192710 2528.0
1192720 2535.3
1192730 2543.1
1192740 2543.1
1192750 2552.9
1192760 2564.4
1192770 2564.4
1192780 2576.7
1192790 2590.9
1192800 2590.9
1192810 2601.2
1192820 2607.6
1192830 2614.4
1192840 2614.4
1192850 2623.1
1192860 2633.7
1192870 2633.7
1192880 2647.3
1192890 2661.9
1192900 2661.9
1192910 2663.2
1192920 2653.9
1192930 2653.9
1192940 2649.8
1192950 2639.7
1192960 2639.7
1192970 2637.5
1192980 2635.4
1192990 2635.4
1193000 2633.6
1193010 2628.1
1193020 2628.1
1193030 2619.3
1193040 2611.3
1193050 2605.6
1193060 2605.6
1193070 2599.6
1193080 2593.7
1193090 2593.7
1193100 2587.4
1193110 2580.9
1193120 2580.9
1193130 2575.3
1193140 2569.8
1193150 2569.8
1193160 2564.1
1193170 2558.3
1193180 2558.3
1193190 2553.0
1193200 2546.7
1193210 2546.7
1193220 2540.0
1193230 2532.4
1193240 2526.2
1193250 2526.2
1193260 2520.9
1193270 2516.3
1193280 2516.3
1193290 2511.8
1193300 2506.9
1193310 2506.9
1193320 2501.8
1193330 2497.8
1193340 2497.8
1193350 2493.8
1193360 2487.7
1193370 2487.7
1193380 2481.9
1193390 2469.6
1193400 2469.6
1193410 2458.6
1193420 2446.0
1193430 2446.0
1193440 2440.2
1193450 2434.5
1193460 2428.2
1193470 2428.2
1193480 2422.0
1193490 2416.0
1193500 2416.0
1193510 2410.1
1193520 2404.2
1193530 2404.2
1193540 2398.1
1193550 2391.9
1193560 2391.9
1193570 2385.8
1193580 2379.8
1193590 2379.8
1193600 2373.9
1193610 2368.6
1193620 2368.6
1193630 2363.8
1193640 2359.2
1193650 2352.9
1193660 2352.9
1193670 2347.0
1193680 2342.4
1193690 2342.4
1193700 2337.6
1193710 2333.9
1193720 2333.9
1193730 2328.4
1193740 2322.3
1193750 2322.3
1193760 2317.3
1193770 2313.0
1193780 2313.0
1193790 2308.4
1193800 2306.3
1193810 2306.3
1193820 2305.0
1193830 2303.9
1193840 2302.8
1193850 2302.8
1193860 2301.2
1193870 2298.5
1193880 2298.5
1193890 2294.4
1193900 2291.9
1193910 2291.9
1193920 2290.5
1193930 2289.1
1193940 2289.1
1193950 2287.4
1193960 2285.5
1193970 2285.5
1193980 2283.8
1193990 2282.5
1194000 2282.5
1194010 2280.6
1194020 2278.9
1194030 2278.9
1194040 2276.9
1194050 2274.4
1194060 2272.7
1194070 2272.7
1194080 2269.6
1194090 2266.5
1194100 2266.5
1194110 2263.4
1194120 2260.2
1194130 2260.2
1194140 2256.6
1194150 2251.7
1194160 2251.7
1194170 2245.9
1194180 2240.2
1194190 2240.2
1194200 2235.1
1194210 2229.6
1194220 2229.6
1194230 2223.4
1194240 2218.6
1194250 2213.8
1194260 2214.0
1194270 2208.5
1194280 2202.9
1194290 2202.9
1194300 2197.3
1194310 2190.4
1194320 2190.4
1194330 2185.8
1194340 2182.2
1194350 2182.2
1194360 2178.2
1194370 2172.5
1194380 2172.5
1194390 2165.5
1194400 2159.4
1194410 2159.4
1194420 2154.7
1194430 2151.0
1194440 2146.6
1194450 2146.6
1194460 2141.6
1194470 2136.2
1194480 2136.2
1194490 2130.8
1194500 2125.7
1194510 2125.7
1194520 2120.5
1194530 2114.7
1194540 2114.7
1194550 2108.8
1194560 2101.6
1194570 2101.6
1194580 2093.2
1194590 2085.4
1194600 2085.4
1194610 2078.9
1194620 2072.6
1194630 2072.6
1194640 2066.8
1194650 2062.9
1194660 2059.4
1194670 2059.4
1194680 2054.2
1194690 2048.9
1194700 2048.9
1194710 2041.8
1194720 2034.0
1194730 2034.0
1194740 2024.8
1194750 2015.1
1194760 2015.1
1194770 2005.1
1194780 1996.0
1194790 1996.0
1194800 1987.6
1194810 1980.1
1194820 1980.1
1194830 1972.7
1194840 1965.5
1194850 1957.5
1194860 1957.5
1194870 1947.8
1194880 1939.0
1194890 1939.0
1194900 1929.9
1194910 1921.8
1194920 1921.8
1194930 1913.5
1194940 1905.3
1194950 1905.3
1194960 1897.6
1194970 1890.5
1194980 1890.5
1194990 1883.5
1195000 1876.5
1195010 1876.5
1195020 1869.3
1195030 1860.7
1195040 1860.7
1195050 1851.4
1195060 1838.6
1195070 1831.6
1195080 1831.6
1195090 1827.1
1195100 1818.8
1195110 1818.8
1195120 1808.3
1195130 1794.7
1195140 1794.7
1195150 1786.2
1195160 1779.0
1195170 1779.0
1195180 1773.1
1195190 1768.6
1195200 1768.6
1195210 1762.3
1195220 1759.7
1195230 1759.7
1195240 1759.6
1195250 1759.6
1195260 1759.6
1195270 1759.6
1195280 1759.6
1195290 1759.6
1195300 1759.6
1195310 1759.6
1195320 1759.6
1195330 1759.6
1195340 1759.6
1195350 1759.6
1195360 1759.6
1195370 1759.6
1195380 1759.6
1195390 1759.6
1195400 1759.6
1195410 1759.6
1195420 1759.6
1195430 1759.6
1195440 1759.6
1195450 1759.6
1195460 1759.6
1195470 1759.6
1195480 1759.6
1195490 1759.6
1195500 1759.6
1195510 1759.6
1195520 1759.6
1195530 1759.6
1195540 1759.6
1195550 1759.6
1195560 1759.6
1195570 1759.6
1195580 1759.6
1195590 1759.6
1195600 1759.6
1195610 1759.6
1195620 1759.6
1195630 1759.6
1195640 1759.6
1195650 1759.6
1195660 1759.6
1195670 1759.6
1195680 1759.6
1195690 1759.6
1195700 1759.6
1195710 1759.6
1195720 1759.6
1195730 1759.6
1195740 1759.6
1195750 1759.5
1195760 1759.5
1195770 1759.5
1195780 1759.5
1195790 1759.5
1195800 1759.5
1195810 1759.5
1195820 1759.5
1195830 1759.5
1195840 1759.5
1195850 1759.5
1195860 1759.5
1195870 1759.5
1195880 1759.5
1195890 1759.5
1195900 1759.5
1195910 1759.5
1195920 1759.5
1195930 1759.5
1195940 1759.5
1195950 1759.5
1195960 1759.5
1195970 1759.5
1195980 1759.5
1195990 1759.5
1196000 1759.8
1196010 1761.8
1196020 1761.8
1196030 1764.2
1196040 1767.0
1196050 1767.0
1196060 1770.0
1196070 1774.5
1196080 1780.5
1196090 1780.5
1196100 1782.9
1196110 1786.3
1196120 1786.3
1196130 1792.6
1196140 1797.9
1196150 1797.9
1196160 1803.4
1196170 1809.2
1196180 1809.2
1196190 1815.8
1196200 1823.3
1196210 1823.3
1196220 1833.4
1196230 1843.5
1196240 1843.5
1196250 1855.9
1196260 1866.3
1196270 1874.5
1196280 1874.5
1196290 1882.5
1196300 1889.2
1196310 1889.2
1196320 1895.7
1196330 1901.4
1196340 1901.4
1196350 1906.3
1196360 1910.4
1196370 1910.4
1196380 1914.5
1196390 1918.9
1196400 1918.9
1196410 1923.3
1196420 1928.1
1196430 1928.1
1196440 1938.2
1196450 1942.7
1196460 1947.9
1196470 1947.9
1196480 1953.2
1196490 1958.7
1196500 1958.7
1196510 1963.7
1196520 1971.2
1196530 1971.2
1196540 1978.2
1196550 1985.4
1196560 1985.4
1196570 1991.8
1196580 1997.9
1196590 1997.9
1196600 2004.2
1196610 2010.7
1196620 2010.7
1196630 2020.1
1196640 2028.6
1196650 2028.6
1196660 2034.4
1196670 2039.6
1196680 2045.8
1196690 2045.8
1196700 2052.2
1196710 2059.3
1196720 2059.3
1196730 2067.4
1196740 2074.9
1196750 2074.9
1196760 2081.7
1196770 2087.8
1196780 2087.8
1196790 2091.5
1196800 2096.6
1196810 2096.6
1196820 2102.7
1196830 2107.1
1196840 2107.1
1196850 2110.8
1196860 2115.6
1196870 2120.6
1196880 2117.5
1196890 2122.4
1196900 2128.2
1196910 2128.2
1196920 2134.6
1196930 2141.1
1196940 2141.1
1196950 2147.3
1196960 2154.2
1196970 2154.2
1196980 2161.0
1196990 2167.4
1197000 2167.4
1197010 2174.5
1197020 2181.2
1197030 2181.2
1197040 2188.2
1197050 2195.3
1197060 2201.9
1197070 2201.9
1197080 2208.3
1197090 2214.4
1197100 2214.4
1197110 2220.8
1197120 2227.3
1197130 2227.3
1197140 2234.3
1197150 2242.1
1197160 2242.1
1197170 2249.5
1197180 2256.5
1197190 2256.5
1197200 2263.5
1197210 2270.4
1197220 2270.4
1197230 2277.0
1197240 2283.8
1197250 2283.8
1197260 2290.2
1197270 2295.1
1197280 2299.9
1197290 2299.9
1197300 2305.3
1197310 2310.8
1197320 2309.5
1197330 2315.6
1197340 2321.6
1197350 2321.6
1197360 2326.5
1197370 2329.2
1197380 2329.2
1197390 2331.3
1197400 2333.1
1197410 2333.1
1197420 2335.0
1197430 2337.8
1197440 2337.8
1197450 2342.5
1197460 2348.9
1197470 2355.8
1197480 2355.8
1197490 2363.1
1197500 2368.6
1197510 2368.6
1197520 2370.9
1197530 2372.8
1197540 2372.8
1197550 2375.7
1197560 2377.5
1197570 2377.5
1197580 2379.6
1197590 2382.6
1197600 2382.6
1197610 2385.6
1197620 2389.2
1197630 2389.2
1197640 2393.0
1197650 2396.9
1197660 2396.9
1197670 2401.0
1197680 2404.1
1197690 2406.5
1197700 2406.5
1197710 2410.0
1197720 2413.7
1197730 2413.7
1197740 2416.7
1197750 2418.2
1197760 2416.5
1197770 2418.0
1197780 2419.6
1197790 2419.6
1197800 2421.5
1197810 2424.4
1197820 2424.4
1197830 2426.9
1197840 2430.1
1197850 2430.1
1197860 2432.3
1197870 2434.8
1197880 2438.2
1197890 2438.2
1197900 2441.7
1197910 2445.8
1197920 2445.8
1197930 2450.4
1197940 2455.4
1197950 2455.4
1197960 2461.2
1197970 2467.9
1197980 2467.9
1197990 2474.7
1198000 2480.9
1198010 2480.9
1198020 2486.0
1198030 2490.0
1198040 2490.0
1198050 2494.6
1198060 2500.3
1198070 2507.8
1198080 2507.8
1198090 2517.6
1198100 2525.8
1198110 2525.8
1198120 2533.3
1198130 2538.5
1198140 2538.5
1198150 2541.5
1198160 2543.4
1198170 2543.4
1198180 2546.0
1198190 2548.6
1198200 2543.1
1198210 2545.9
1198220 2548.3
1198230 2548.3
1198240 2549.7
1198250 2550.2
1198260 2550.2
1198270 2550.1
1198280 2550.9
1198290 2552.4
1198300 2552.4
1198310 2554.3
1198320 2556.1
1198330 2556.1
1198340 2557.7
1198350 2560.0
1198360 2560.0
1198370 2562.6
1198380 2564.8
1198390 2564.8
1198400 2567.0
1198410 2568.8
1198420 2568.8
1198430 2569.6
1198440 2569.3
1198450 2569.3
1198460 2568.8
1198470 2568.9
1198480 2569.2
1198490 2569.2
1198500 2568.6
1198510 2568.2
1198520 2568.2
1198530 2567.2
1198540 2566.2
1198550 2566.2
1198560 2565.5
1198570 2564.6
1198580 2564.6
1198590 2564.1
1198600 2563.4
1198610 2563.4
1198620 2563.0
1198630 2563.7
1198640 2563.7
1198650 2558.9
1198660 2561.5
1198670 2564.4
1198680 2564.4
1198690 2566.6
1198700 2568.2
1198710 2568.2
1198720 2569.8
1198730 2570.2
1198740 2570.2
1198750 2571.2
1198760 2574.4
1198770 2574.4
1198780 2578.2
1198790 2582.1
1198800 2582.1
1198810 2586.1
1198820 2588.4
1198830 2588.4
1198840 2590.3
1198850 2592.7
1198860 2592.7
1198870 2595.2
1198880 2598.4
1198890 2602.5
1198900 2602.5
1198910 2605.5
1198920 2608.4
1198930 2608.4
1198940 2610.6
1198950 2613.1
1198960 2613.1
1198970 2616.8
1198980 2621.8
1198990 2621.8
1199000 2627.2
1199010 2632.8
1199020 2632.8
1199030 2639.5
1199040 2647.1
1199050 2647.1
1199060 2654.9
1199070 2663.9
1199080 2671.7
1199090 2671.4
1199100 2676.6
1199110 2679.8
1199120 2679.8
1199130 2682.1
1199140 2685.0
1199150 2685.0
1199160 2687.6
1199170 2690.0
1199180 2690.0
1199190 2695.8
1199200 2702.9
1199210 2702.9
1199220 2709.3
1199230 2716.1
1199240 2716.1
1199250 2723.3
1199260 2727.3
1199270 2727.3
1199280 2730.8
1199290 2734.4
1199300 2738.2
1199310 2738.2
1199320 2742.0
1199330 2745.2
1199340 2745.2
1199350 2747.9
1199360 2749.3
1199370 2749.3
1199380 2750.3
1199390 2751.8
1199400 2751.8
1199410 2753.7
1199420 2756.3
1199430 2756.3
1199440 2756.4
1199450 2754.0
1199460 2754.0
1199470 2751.9
1199480 2750.6
1199490 2751.4
1199500 2751.4
1199510 2752.0
1199520 2752.7
1199530 2754.2
1199540 2755.7
1199550 2757.5
1199560 2757.5
1199570 2759.3
1199580 2760.9
1199590 2760.9
1199600 2762.6
1199610 2764.0
1199620 2764.0
1199630 2766.6
1199640 2769.6
1199650 2769.6
1199660 2772.5
1199670 2775.8
1199680 2780.2
1199690 2780.2
1199700 2784.8
1199710 2789.3
1199720 2789.3
1199730 2793.9
1199740 2798.5
1199750 2798.5
1199760 2803.3
1199770 2808.1
1199780 2808.1
1199790 2813.1
1199800 2818.2
1199810 2818.2
1199820 2823.5
1199830 2828.7
1199840 2828.7
1199850 2834.1
1199860 2839.5
1199870 2839.5
1199880 2845.1
1199890 2850.6
1199900 2856.3
1199910 2856.3
1199920 2861.9
1199930 2867.7
1199940 2867.7
1199950 2873.6
1199960 2879.6
1199970 2879.6
1199980 2884.7
1199990 2890.7
