1180000 1745.0
1180010 1745.0
1180020 1742.2
1180030 1741.3
1180040 1741.3
1180050 1740.1
1180060 1737.1
1180070 1737.1
1180080 1733.0
1180090 1730.4
1180100 1730.4
1180110 1727.3
1180120 1723.8
1180130 1723.8
1180140 1720.4
1180150 1717.7
1180160 1714.7
1180170 1714.7
1180180 1709.9
1180190 1699.7
1180200 1699.7
1180210 1696.3
1180220 1693.5
1180230 1693.5
1180240 1691.9
1180250 1691.4
1180260 1691.4
1180270 1689.6
1180280 1687.1
1180290 1687.1
1180300 1685.3
1180310 1683.6
1180320 1683.6
1180330 1683.3
1180340 1684.1
1180350 1684.8
1180360 1684.8
1180370 1684.3
1180380 1683.6
1180390 1683.6
1180400 1683.1
1180410 1682.8
1180420 1682.8
1180430 1682.7
1180440 1682.2
1180450 1682.2
1180460 1682.1
1180470 1682.3
1180480 1682.3
1180490 1682.4
1180500 1681.9
1180510 1681.9
1180520 1681.0
1180530 1680.5
1180540 1680.5
1180550 1679.9
1180560 1678.9
1180570 1678.0
1180580 1678.0
1180590 1677.1
1180600 1676.5
1180610 1676.5
1180620 1677.1
1180630 1677.9
1180640 1677.9
1180650 1678.7
1180660 1679.8
1180670 1679.8
1180680 1681.1
1180690 1682.0
1180700 1682.0
1180710 1683.5
1180720 1685.0
1180730 1685.0
1180740 1686.6
1180750 1688.1
1180760 1689.5
1180770 1689.5
1180780 1691.1
1180790 1693.1
1180800 1693.1
1180810 1695.7
1180820 1699.6
1180830 1699.6
1180840 1703.1
1180850 1706.9
1180860 1706.9
1180870 1711.1
1180880 1714.2
1180890 1714.2
1180900 1717.5
1180910 1721.0
1180920 1721.0
1180930 1724.3
1180940 1727.6
1180950 1727.6
1180960 1731.6
1180970 1735.8
1180980 1740.3
1180990 1740.3
1181000 1744.0
1181010 1746.5
1181020 1748.2
1181030 1751.9
1181040 1756.4
1181050 1756.4
1181060 1760.9
1181070 1765.9
1181080 1765.9
1181090 1770.5
1181100 1774.8
1181110 1774.8
1181120 1779.1
1181130 1782.6
1181140 1782.6
1181150 1786.8
1181160 1791.9
1181170 1798.5
1181180 1798.5
1181190 1805.9
1181200 1814.0
1181210 1814.0
1181220 1819.6
1181230 1825.6
1181240 1825.6
1181250 1832.0
1181260 1837.6
1181270 1837.6
1181280 1842.9
1181290 1849.2
1181300 1849.2
1181310 1855.5
1181320 1859.8
1181330 1859.8
1181340 1863.9
1181350 1867.5
1181360 1867.5
1181370 1871.3
1181380 1874.9
1181390 1878.0
1181400 1878.0
1181410 1881.2
1181420 1885.2
1181430 1885.2
1181440 1894.6
1181450 1898.7
1181460 1898.7
1181470 1902.7
1181480 1906.9
1181490 1906.9
1181500 1911.0
1181510 1915.8
1181520 1915.8
1181530 1920.5
1181540 1924.8
1181550 1924.8
1181560 1929.0
1181570 1933.8
1181580 1937.7
1181590 1937.7
1181600 1941.5
1181610 1945.9
1181620 1945.9
1181630 1952.4
1181640 1964.8
1181650 1964.8
1181660 1976.9
1181670 1991.2
1181680 1991.2
1181690 2005.2
1181700 2018.4
1181710 2018.4
1181720 2026.4
1181730 2030.5
1181740 2030.5
1181750 2034.4
1181760 2041.8
1181770 2041.8
1181780 2049.5
1181790 2057.3
1181800 2064.4
1181810 2064.4
1181820 2072.2
1181830 2081.4
1181840 2081.4
1181850 2092.6
1181860 2098.7
1181870 2098.7
1181880 2100.9
1181890 2100.2
1181900 2100.2
1181910 2111.5
1181920 2124.0
1181930 2124.0
1181940 2128.8
1181950 2127.9
1181960 2127.9
1181970 2133.7
1181980 2139.8
1181990 2144.7
1182000 2144.7
1182010 2148.9
1182020 2153.4
1182030 2153.4
1182040 2160.8
1182050 2166.4
1182060 2166.4
1182070 2169.7
1182080 2169.3
1182090 2169.3
1182100 2173.1
1182110 2182.2
1182120 2182.2
1182130 2190.9
1182140 2203.2
1182150 2203.2
1182160 2210.4
1182170 2205.9
1182180 2205.9
1182190 2198.3
1182200 2194.7
1182210 2192.0
1182220 2192.0
1182230 2193.4
1182240 2196.5
1182250 2196.5
1182260 2200.7
1182270 2212.6
1182280 2212.6
1182290 2215.5
1182300 2220.2
1182310 2220.2
1182320 2225.6
1182330 2232.7
1182340 2232.7
1182350 2240.8
1182360 2249.4
1182370 2249.4
1182380 2257.6
1182390 2265.3
1182400 2272.6
1182410 2272.6
1182420 2280.0
1182430 2287.5
1182440 2287.5
1182450 2294.8
1182460 2302.0
1182470 2302.0
1182480 2309.2
1182490 2316.4
1182500 2316.4
1182510 2323.7
1182520 2331.4
1182530 2331.4
1182540 2339.0
1182550 2344.9
1182560 2344.9
1182570 2348.2
1182580 2347.6
1182590 2347.6
1182600 2345.2
1182610 2341.6
1182620 2337.3
1182630 2337.3
1182640 2332.9
1182650 2326.6
1182660 2326.6
1182670 2320.1
1182680 2314.5
1182690 2315.9
1182700 2310.4
1182710 2303.5
1182720 2303.5
1182730 2296.5
1182740 2290.6
1182750 2290.6
1182760 2284.5
1182770 2281.4
1182780 2281.4
1182790 2285.0
1182800 2290.6
1182810 2295.0
1182820 2295.0
1182830 2298.7
1182840 2301.8
1182850 2301.8
1182860 2304.7
1182870 2308.3
1182880 2308.3
1182890 2313.0
1182900 2318.3
1182910 2318.3
1182920 2324.4
1182930 2330.5
1182940 2330.5
1182950 2336.2
1182960 2341.6
1182970 2341.6
1182980 2346.7
1182990 2351.9
1183000 2351.9
1183010 2357.2
1183020 2362.5
1183030 2368.5
1183040 2368.5
1183050 2374.7
1183060 2380.5
1183070 2380.5
1183080 2386.4
1183090 2392.5
1183100 2392.5
1183110 2400.5
1183120 2406.6
1183130 2406.6
1183140 2412.3
1183150 2418.0
1183160 2418.0
1183170 2423.4
1183180 2429.0
1183190 2429.0
1183200 2434.8
1183210 2441.1
1183220 2447.2
1183230 2447.2
1183240 2453.3
1183250 2459.6
1183260 2459.6
1183270 2466.5
1183280 2473.0
1183290 2473.0
1183300 2479.5
1183310 2486.6
1183320 2486.6
1183330 2494.0
1183340 2501.3
1183350 2501.3
1183360 2508.3
1183370 2514.5
1183380 2514.5
1183390 2520.2
1183400 2526.0
1183410 2526.0
1183420 2531.7
1183430 2536.7
1183440 2540.6
1183450 2540.6
1183460 2543.3
1183470 2542.1
1183480 2542.1
1183490 2536.7
1183500 2530.8
1183510 2530.8
1183520 2525.2
1183530 2527.4
1183540 2527.4
1183550 2524.2
1183560 2521.5
1183570 2521.5
1183580 2521.2
1183590 2520.4
1183600 2520.4
1183610 2517.8
1183620 2513.9
1183630 2508.9
1183640 2508.9
1183650 2502.9
1183660 2496.3
1183670 2496.3
1183680 2489.4
1183690 2482.4
1183700 2482.4
1183710 2475.6
1183720 2469.5
1183730 2469.5
1183740 2463.5
1183750 2457.5
1183760 2457.5
1183770 2451.7
1183780 2445.8
1183790 2445.8
1183800 2440.2
1183810 2434.6
1183820 2434.6
1183830 2428.6
1183840 2422.7
1183850 2416.4
1183860 2416.4
1183870 2410.2
1183880 2404.1
1183890 2404.1
1183900 2398.0
1183910 2392.0
1183920 2392.0
1183930 2386.3
1183940 2381.0
1183950 2383.6
1183960 2378.7
1183970 2373.5
1183980 2373.5
1183990 2368.4
1184000 2363.3
1184010 2363.3
1184020 2358.4
1184030 2353.7
1184040 2348.9
1184050 2348.9
1184060 2344.0
1184070 2339.0
1184080 2339.0
1184090 2333.9
1184100 2328.3
1184110 2328.3
1184120 2322.1
1184130 2316.4
1184140 2316.4
1184150 2310.7
1184160 2304.9
1184170 2304.9
1184180 2298.8
1184190 2292.6
1184200 2292.6
1184210 2286.6
1184220 2280.8
1184230 2280.8
1184240 2275.3
1184250 2269.9
1184260 2264.5
1184270 2264.5
1184280 2259.1
1184290 2253.9
1184300 2253.9
1184310 2248.9
1184320 2244.2
1184330 2244.2
1184340 2239.8
1184350 2235.6
1184360 2235.6
1184370 2233.1
1184380 2228.5
1184390 2228.5
1184400 2224.1
1184410 2219.9
1184420 2219.9
1184430 2216.0
1184440 2212.2
1184450 2208.4
1184460 2208.4
1184470 2204.9
1184480 2201.8
1184490 2201.8
1184500 2199.5
1184510 2196.3
1184520 2196.3
1184530 2192.7
1184540 2189.5
1184550 2189.5
1184560 2186.8
1184570 2184.9
1184580 2184.9
1184590 2182.7
1184600 2180.1
1184610 2180.1
1184620 2177.4
1184630 2174.7
1184640 2174.7
1184650 2172.0
1184660 2169.9
1184670 2167.9
1184680 2167.9
1184690 2166.3
1184700 2165.3
1184710 2165.3
1184720 2163.3
1184730 2161.3
1184740 2161.3
1184750 2160.1
1184760 2159.1
1184770 2159.1
1184780 2158.1
1184790 2158.0
1184800 2158.0
1184810 2157.1
1184820 2156.6
1184830 2156.6
1184840 2156.6
1184850 2157.1
1184860 2157.7
1184870 2157.7
1184880 2160.5
1184890 2165.1
1184900 2165.1
1184910 2169.9
1184920 2174.7
1184930 2174.7
1184940 2179.4
1184950 2185.1
1184960 2185.1
1184970 2191.4
1184980 2198.1
1184990 2198.1
1185000 2203.8
1185010 2208.8
1185020 2208.8
1185030 2214.0
1185040 2218.5
1185050 2218.5
1185060 2222.9
1185070 2228.8
1185080 2234.6
1185090 2234.6
1185100 2239.5
1185110 2243.0
1185120 2243.0
1185130 2246.4
1185140 2250.7
1185150 2250.7
1185160 2255.1
1185170 2258.9
1185180 2258.9
1185190 2262.6
1185200 2266.1
1185210 2266.1
1185220 2266.8
1185230 2269.3
1185240 2269.3
1185250 2270.9
1185260 2273.9
1185270 2277.7
1185280 2277.7
1185290 2281.9
1185300 2286.3
1185310 2286.3
1185320 2291.1
1185330 2295.6
1185340 2295.6
1185350 2299.5
1185360 2303.2
1185370 2303.2
1185380 2307.3
1185390 2310.6
1185400 2310.6
1185410 2314.3
1185420 2318.9
1185430 2318.9
1185440 2324.2
1185450 2330.6
1185460 2330.6
1185470 2337.6
1185480 2343.7
1185490 2350.2
1185500 2350.2
1185510 2357.8
1185520 2366.7
1185530 2366.7
1185540 2375.8
1185550 2381.3
1185560 2381.3
1185570 2384.7
1185580 2387.2
1185590 2387.2
1185600 2390.7
1185610 2396.5
1185620 2396.5
1185630 2403.2
1185640 2403.4
1185650 2403.4
1185660 2407.0
1185670 2411.1
1185680 2416.6
1185690 2416.6
1185700 2420.8
1185710 2425.3
1185720 2425.3
1185730 2428.9
1185740 2432.1
1185750 2432.1
1185760 2436.8
1185770 2441.9
1185780 2441.9
1185790 2447.7
1185800 2453.6
1185810 2453.6
1185820 2459.0
1185830 2464.1
1185840 2464.1
1185850 2469.8
1185860 2474.0
1185870 2474.0
1185880 2478.2
1185890 2482.1
1185900 2485.5
1185910 2485.5
1185920 2487.5
1185930 2488.7
1185940 2488.7
1185950 2493.0
1185960 2500.7
1185970 2500.7
1185980 2508.3
1185990 2514.8
1186000 2514.8
1186010 2520.9
1186020 2526.4
1186030 2526.4
1186040 2531.8
1186050 2537.6
1186060 2531.3
1186070 2537.0
1186080 2542.0
1186090 2546.5
1186100 2546.5
1186110 2549.9
1186120 2552.6
1186130 2552.6
1186140 2556.4
1186150 2563.6
1186160 2563.6
1186170 2571.4
1186180 2578.3
1186190 2578.3
1186200 2585.6
1186210 2592.9
1186220 2592.9
1186230 2600.7
1186240 2608.4
1186250 2608.4
1186260 2615.6
1186270 2622.3
1186280 2622.3
1186290 2628.6
1186300 2633.9
1186310 2639.5
1186320 2639.5
1186330 2645.0
1186340 2649.4
1186350 2649.4
1186360 2652.1
1186370 2656.4
1186380 2656.4
1186390 2661.1
1186400 2665.3
1186410 2665.3
1186420 2672.0
1186430 2670.7
1186440 2670.7
1186450 2663.8
1186460 2655.6
1186470 2655.6
1186480 2648.6
1186490 2637.3
1186500 2628.0
1186510 2628.0
1186520 2619.2
1186530 2613.5
1186540 2613.5
1186550 2608.4
1186560 2603.6
1186570 2603.6
1186580 2598.3
1186590 2589.5
1186600 2589.5
1186610 2579.3
1186620 2569.2
1186630 2569.2
1186640 2559.6
1186650 2549.9
1186660 2549.9
1186670 2541.3
1186680 2533.3
1186690 2533.3
1186700 2525.4
1186710 2515.4
1186720 2502.8
1186730 2502.8
1186740 2494.2
1186750 2489.1
1186760 2489.1
1186770 2485.4
1186780 2473.4
1186790 2473.4
1186800 2458.1
1186810 2444.0
1186820 2444.0
1186830 2431.1
1186840 2421.8
1186850 2421.8
1186860 2413.4
1186870 2404.9
1186880 2404.9
1186890 2396.8
1186900 2389.0
1186910 2382.1
1186920 2382.1
1186930 2374.4
1186940 2367.1
1186950 2367.1
1186960 2360.5
1186970 2354.1
1186980 2354.1
1186990 2347.7
1187000 2341.5
1187010 2341.5
1187020 2335.4
1187030 2329.5
1187040 2329.5
1187050 2323.6
1187060 2317.9
1187070 2317.9
1187080 2312.2
1187090 2306.8
1187100 2306.8
1187110 2301.8
1187120 2297.1
1187130 2292.7
1187140 2292.7
1187150 2289.2
1187160 2286.0
1187170 2286.0
1187180 2282.4
1187190 2279.4
1187200 2279.4
1187210 2278.8
1187220 2278.5
1187230 2278.5
1187240 2277.6
1187250 2276.9
1187260 2276.9
1187270 2277.2
1187280 2278.4
1187290 2278.4
1187300 2278.6
1187310 2279.8
1187320 2282.5
1187330 2282.5
1187340 2282.5
1187350 2284.0
1187360 2284.0
1187370 2285.8
1187380 2286.8
1187390 2286.8
1187400 2289.6
1187410 2294.3
1187420 2294.3
1187430 2299.3
1187440 2304.8
1187450 2304.8
1187460 2310.6
1187470 2317.4
1187480 2317.4
1187490 2323.4
1187500 2329.0
1187510 2334.1
1187520 2334.1
1187530 2339.3
1187540 2343.7
1187550 2343.7
1187560 2347.3
1187570 2350.7
1187580 2350.7
1187590 2354.0
1187600 2356.2
1187610 2356.2
1187620 2357.7
1187630 2359.1
1187640 2359.1
1187650 2360.6
1187660 2362.7
1187670 2362.7
1187680 2364.9
1187690 2366.7
1187700 2366.7
1187710 2368.8
1187720 2371.2
1187730 2373.9
1187740 2373.9
1187750 2376.9
1187760 2379.6
1187770 2379.6
1187780 2383.2
1187790 2387.1
1187800 2387.1
1187810 2391.8
1187820 2396.9
1187830 2396.9
1187840 2400.8
1187850 2405.2
1187860 2405.2
1187870 2410.2
1187880 2415.0
1187890 2415.0
1187900 2419.1
1187910 2422.1
1187920 2425.1
1187930 2425.1
1187940 2427.4
1187950 2428.7
1187960 2428.7
1187970 2431.1
1187980 2433.6
1187990 2433.6
1188000 2436.4
1188010 2439.3
1188020 2439.3
1188030 2442.0
1188040 2445.4
1188050 2445.4
1188060 2448.5
1188070 2451.6
1188080 2451.6
1188090 2455.3
1188100 2459.4
1188110 2459.4
1188120 2463.6
1188130 2467.7
1188140 2472.1
1188150 2472.1
1188160 2476.6
1188170 2481.2
1188180 2481.2
1188190 2485.8
1188200 2490.1
1188210 2490.1
1188220 2494.9
1188230 2500.0
1188240 2500.0
1188250 2505.4
1188260 2510.6
1188270 2510.6
1188280 2515.6
1188290 2520.1
1188300 2520.1
1188310 2524.6
1188320 2528.8
1188330 2532.9
1188340 2532.9
1188350 2537.7
1188360 2543.2
1188370 2543.2
1188380 2548.5
1188390 2554.3
1188400 2554.3
1188410 2560.4
1188420 2566.6
1188430 2566.6
1188440 2570.6
1188450 2571.6
1188460 2571.6
1188470 2573.9
1188480 2575.6
1188490 2575.6
1188500 2576.7
1188510 2577.8
1188520 2577.8
1188530 2577.7
1188540 2576.1
1188550 2575.6
1188560 2575.6
1188570 2576.3
1188580 2576.7
1188590 2576.7
1188600 2577.5
1188610 2578.9
1188620 2576.6
1188630 2579.3
1188640 2583.8
1188650 2583.8
1188660 2589.8
1188670 2593.2
1188680 2593.2
1188690 2594.0
1188700 2593.9
1188710 2593.9
1188720 2596.0
1188730 2599.9
1188740 2604.7
1188750 2604.7
1188760 2610.1
1188770 2615.9
1188780 2615.9
1188790 2621.2
1188800 2624.7
1188810 2624.7
1188820 2628.1
1188830 2630.8
1188840 2630.8
1188850 2630.8
1188860 2627.7
1188870 2627.7
1188880 2627.4
1188890 2630.2
1188900 2630.2
1188910 2636.4
1188920 2642.3
1188930 2642.3
1188940 2647.6
1188950 2653.9
1188960 2658.0
1188970 2658.0
1188980 2661.4
1188990 2664.5
1189000 2664.5
1189010 2667.4
1189020 2670.5
1189030 2670.5
1189040 2675.8
1189050 2678.1
1189060 2678.1
1189070 2679.6
1189080 2680.6
1189090 2680.6
1189100 2682.1
1189110 2683.7
1189120 2683.7
1189130 2684.4
1189140 2685.1
1189150 2685.1
1189160 2685.1
1189170 2684.9
1189180 2685.8
1189190 2685.8
1189200 2687.4
1189210 2689.2
1189220 2689.2
1189230 2691.8
1189240 2694.6
1189250 2694.6
1189260 2697.0
1189270 2701.6
1189280 2701.6
1189290 2708.0
1189300 2713.0
1189310 2713.0
1189320 2715.7
1189330 2717.5
1189340 2717.5
1189350 2718.6
1189360 2719.1
1189370 2718.8
1189380 2718.8
1189390 2717.1
1189400 2714.8
1189410 2714.8
1189420 2713.9
1189430 2715.4
1189440 2715.4
1189450 2717.2
1189460 2721.4
1189470 2721.4
1189480 2725.1
1189490 2738.2
1189500 2738.2
1189510 2755.5
1189520 2768.9
1189530 2768.9
1189540 2775.4
1189550 2781.8
1189560 2786.7
1189570 2786.7
1189580 2790.4
1189590 2794.8
1189600 2794.8
1189610 2800.1
1189620 2806.1
1189630 2806.1
1189640 2812.3
1189650 2819.2
1189660 2819.2
1189670 2826.3
1189680 2834.1
1189690 2834.1
1189700 2843.4
1189710 2852.6
1189720 2852.6
1189730 2861.3
1189740 2869.7
1189750 2869.7
1189760 2877.5
1189770 2885.1
1189780 2891.2
1189790 2891.2
1189800 2895.5
1189810 2899.5
1189820 2899.5
1189830 2903.2
1189840 2907.3
1189850 2907.3
1189860 2911.5
1189870 2913.9
1189880 2913.9
1189890 2904.3
1189900 2885.7
1189910 2885.7
1189920 2887.1
1189930 2896.5
1189940 2896.5
1189950 2889.8
1189960 2867.4
1189970 2866.2
1189980 2866.2
1189990 2863.9
1190000 2853.3
1190010 2853.3
1190020 2837.3
1190030 2823.8
1190040 2823.8
1190050 2814.9
1190060 2807.9
1190070 2807.9
1190080 2799.7
1190090 2790.1
1190100 2790.1
1190110 2782.4
1190120 2778.5
1190130 2778.5
1190140 2775.0
1190150 2773.9
1190160 2773.9
1190170 2771.7
1190180 2771.6
1190190 2775.0
1190200 2775.0
1190210 2782.3
1190220 2780.8
1190230 2780.8
1190240 2778.7
1190250 2777.5
1190260 2777.5
1190270 2774.8
1190280 2767.8
1190290 2767.8
1190300 2764.5
1190310 2767.7
1190320 2767.7
1190330 2764.5
1190340 2769.9
1190350 2769.9
1190360 2775.9
1190370 2784.3
1190380 2789.8
1190390 2789.8
1190400 2783.0
1190410 2768.1
1190420 2768.1
1190430 2756.4
1190440 2746.4
1190450 2746.4
1190460 2740.7
1190470 2737.9
1190480 2737.9
1190490 2735.5
1190500 2730.2
1190510 2730.2
1190520 2730.9
1190530 2734.6
1190540 2734.6
1190550 2736.8
1190560 2738.2
1190570 2738.2
1190580 2737.4
1190590 2732.1
1190600 2727.2
1190610 2727.2
1190620 2721.2
1190630 2713.3
1190640 2713.3
1190650 2703.4
1190660 2694.2
1190670 2694.2
1190680 2694.2
1190690 2701.2
1190700 2701.2
1190710 2708.6
1190720 2708.7
1190730 2708.7
1190740 2708.2
1190750 2706.6
1190760 2706.6
1190770 2687.0
1190780 2675.2
1190790 2670.0
1190800 2670.0
1190810 2661.6
1190820 2656.2
1190830 2656.2
1190840 2651.0
1190850 2646.9
1190860 2646.9
1190870 2645.2
1190880 2639.4
1190890 2639.4
1190900 2636.2
1190910 2634.1
1190920 2634.1
1190930 2633.0
1190940 2630.6
1190950 2630.6
1190960 2626.6
1190970 2622.5
1190980 2622.5
1190990 2620.3
1191000 2618.9
1191010 2618.2
1191020 2618.2
1191030 2617.8
1191040 2616.0
1191050 2616.0
1191060 2615.5
1191070 2613.4
1191080 2613.4
1191090 2612.0
1191100 2612.0
1191110 2612.0
1191120 2612.2
1191130 2613.4
1191140 2613.4
1191150 2615.4
1191160 2619.1
1191170 2619.1
1191180 2626.7
1191190 2634.0
1191200 2629.6
1191210 2629.6
1191220 2631.3
1191230 2632.2
1191240 2632.2
1191250 2630.5
1191260 2627.2
1191270 2627.2
1191280 2623.0
1191290 2620.5
1191300 2620.5
1191310 2621.5
1191320 2620.3
1191330 2620.3
1191340 2616.4
1191350 2611.5
1191360 2611.5
1191370 2606.0
1191380 2601.1
1191390 2601.1
1191400 2597.9
1191410 2595.7
1191420 2594.7
1191430 2594.7
1191440 2593.6
1191450 2592.1
1191460 2592.1
1191470 2589.2
1191480 2588.1
1191490 2588.1
1191500 2586.8
1191510 2586.6
1191520 2586.6
1191530 2587.4
1191540 2588.8
1191550 2588.8
1191560 2591.7
1191570 2593.0
1191580 2593.0
1191590 2590.9
1191600 2587.3
1191610 2583.4
1191620 2583.4
1191630 2566.1
1191640 2559.3
1191650 2559.3
1191660 2554.5
1191670 2548.2
1191680 2548.2
1191690 2540.8
1191700 2531.5
1191710 2531.5
1191720 2519.4
1191730 2510.1
1191740 2510.1
1191750 2503.9
1191760 2501.1
1191770 2501.1
1191780 2494.1
1191790 2485.1
1191800 2485.1
1191810 2475.4
1191820 2465.5
1191830 2455.9
1191840 2455.9
1191850 2445.9
1191860 2435.4
1191870 2435.4
1191880 2427.4
1191890 2419.1
1191900 2419.1
1191910 2410.9
1191920 2403.5
1191930 2403.5
1191940 2396.4
1191950 2389.6
1191960 2389.6
1191970 2383.3
1191980 2376.1
1191990 2376.1
1192000 2367.4
1192010 2359.3
1192020 2352.0
1192030 2352.0
1192040 2346.0
1192050 2340.4
1192060 2334.6
1192070 2327.1
1192080 2320.0
1192090 2320.0
1192100 2313.3
1192110 2306.4
1192120 2306.4
1192130 2299.7
1192140 2292.8
1192150 2292.8
1192160 2286.0
1192170 2278.6
1192180 2278.6
1192190 2272.3
1192200 2266.7
1192210 2260.3
1192220 2260.3
1192230 2253.4
1192240 2246.7
1192250 2246.7
1192260 2240.2
1192270 2233.8
1192280 2233.8
1192290 2227.3
1192300 2220.9
1192310 2220.9
1192320 2214.4
1192330 2208.1
1192340 2208.1
1192350 2201.9
1192360 2196.0
1192370 2196.0
1192380 2190.1
1192390 2184.3
1192400 2184.3
1192410 2178.7
1192420 2173.2
1192430 2167.9
1192440 2167.9
1192450 2162.5
1192460 2157.7
1192470 2157.7
1192480 2153.0
1192490 2148.9
1192500 2148.9
1192510 2144.6
1192520 2140.9
1192530 2140.9
1192540 2137.7
1192550 2134.4
1192560 2134.4
1192570 2130.9
1192580 2127.6
1192590 2127.6
1192600 2124.2
1192610 2120.9
1192620 2118.3
1192630 2118.3
1192640 2116.2
1192650 2114.8
1192660 2114.8
1192670 2114.4
1192680 2114.1
1192690 2114.1
1192700 2113.6
1192710 2116.1
1192720 2116.1
1192730 2119.2
1192740 2120.5
1192750 2120.5
1192760 2122.3
1192770 2124.6
1192780 2124.6
1192790 2127.3
1192800 2132.1
1192810 2132.1
1192820 2136.9
1192830 2140.4
1192840 2144.6
1192850 2144.6
1192860 2149.2
1192870 2153.3
1192880 2153.3
1192890 2157.0
1192900 2161.7
1192910 2161.7
1192920 2166.7
1192930 2175.8
1192940 2175.8
1192950 2180.1
1192960 2185.3
1192970 2185.3
1192980 2189.5
1192990 2194.1
1193000 2194.1
1193010 2199.4
1193020 2204.7
1193030 2210.0
1193040 2210.0
1193050 2215.3
1193060 2221.1
1193070 2221.1
1193080 2227.1
1193090 2233.9
1193100 2233.9
1193110 2240.4
1193120 2246.1
1193130 2246.1
1193140 2252.7
1193150 2259.4
1193160 2259.4
1193170 2266.2
1193180 2274.3
1193190 2274.3
1193200 2283.5
1193210 2295.9
1193220 2295.9
1193230 2310.2
1193240 2319.3
1193250 2317.3
1193260 2317.3
1193270 2308.9
1193280 2305.5
1193290 2305.5
1193300 2309.6
1193310 2323.5
1193320 2323.5
1193330 2334.8
1193340 2338.0
1193350 2338.0
1193360 2350.1
1193370 2355.1
1193380 2355.1
1193390 2363.8
1193400 2376.3
1193410 2376.3
1193420 2392.7
1193430 2396.1
1193440 2391.8
1193450 2391.8
1193460 2385.5
1193470 2380.6
1193480 2380.6
1193490 2375.1
1193500 2367.4
1193510 2367.4
1193520 2359.6
1193530 2353.2
1193540 2353.2
1193550 2347.3
1193560 2341.3
1193570 2341.3
1193580 2334.9
1193590 2329.1
1193600 2329.1
1193610 2324.5
1193620 2319.6
1193630 2319.6
1193640 2315.6
1193650 2312.6
1193660 2309.8
1193670 2309.8
1193680 2306.7
1193690 2303.1
1193700 2303.1
1193710 2298.2
1193720 2293.0
1193730 2293.0
1193740 2287.9
1193750 2283.1
1193760 2283.1
1193770 2278.8
1193780 2274.3
1193790 2274.3
1193800 2269.8
1193810 2264.4
1193820 2264.4
1193830 2260.1
1193840 2255.2
1193850 2250.5
1193860 2250.5
1193870 2246.0
1193880 2240.5
1193890 2240.5
1193900 2234.4
1193910 2230.8
1193920 2230.8
1193930 2228.6
1193940 2225.9
1193950 2225.9
1193960 2221.6
1193970 2216.3
1193980 2216.3
1193990 2211.2
1194000 2206.0
1194010 2206.0
1194020 2201.9
1194030 2199.2
1194040 2199.2
1194050 2197.8
1194060 2194.4
1194070 2191.6
1194080 2191.6
1194090 2189.5
1194100 2186.3
1194110 2186.3
1194120 2182.2
1194130 2176.0
1194140 2176.0
1194150 2165.3
1194160 2158.7
1194170 2158.7
1194180 2152.9
1194190 2146.0
1194200 2146.0
1194210 2138.7
1194220 2134.3
1194230 2140.9
1194240 2136.0
1194250 2132.0
1194260 2126.7
1194270 2126.7
1194280 2119.8
1194290 2113.8
1194300 2113.8
1194310 2106.8
1194320 2101.1
1194330 2101.1
1194340 2095.7
1194350 2089.0
1194360 2089.0
1194370 2083.8
1194380 2080.1
1194390 2080.1
1194400 2075.4
1194410 2070.1
1194420 2070.1
1194430 2065.0
1194440 2061.9
1194450 2061.9
1194460 2059.0
1194470 2055.7
1194480 2051.7
1194490 2051.7
1194500 2044.9
1194510 2036.4
1194520 2036.4
1194530 2027.5
1194540 2013.9
1194550 2013.9
1194560 1991.2
1194570 1962.6
1194580 1962.6
1194590 1925.0
1194600 1909.7
1194610 1909.7
1194620 1894.4
1194630 1882.1
1194640 1882.1
1194650 1874.2
1194660 1867.2
1194670 1872.7
1194680 1872.7
1194690 1861.3
1194700 1845.2
1194710 1845.2
1194720 1827.2
1194730 1814.3
1194740 1814.3
1194750 1803.7
1194760 1791.8
1194770 1791.8
1194780 1784.8
1194790 1778.2
1194800 1778.2
1194810 1771.8
1194820 1765.3
1194830 1765.3
1194840 1758.5
1194850 1751.5
1194860 1751.5
1194870 1744.9
1194880 1738.0
1194890 1731.1
1194900 1731.1
1194910 1724.5
1194920 1717.8
1194930 1717.8
1194940 1711.4
1194950 1705.1
1194960 1705.1
1194970 1698.4
1194980 1692.0
1194990 1692.0
1195000 1685.2
1195010 1678.7
1195020 1678.7
1195030 1672.3
1195040 1666.0
1195050 1666.0
1195060 1659.6
1195070 1653.6
1195080 1647.7
1195090 1647.7
1195100 1642.6
1195110 1636.1
1195120 1636.1
1195130 1630.4
1195140 1624.8
1195150 1624.8
1195160 1618.8
1195170 1613.0
1195180 1613.0
1195190 1607.0
1195200 1601.3
1195210 1601.3
1195220 1595.6
1195230 1589.8
1195240 1589.8
1195250 1583.3
1195260 1578.3
1195270 1578.3
1195280 1572.4
1195290 1567.9
1195300 1563.7
1195310 1563.7
1195320 1560.0
1195330 1556.1
1195340 1556.1
1195350 1551.5
1195360 1547.2
1195370 1547.2
1195380 1542.7
1195390 1541.2
1195400 1541.2
1195410 1541.6
1195420 1543.6
1195430 1543.6
1195440 1544.3
1195450 1550.0
1195460 1550.0
1195470 1554.5
1195480 1558.0
1195490 1562.0
1195500 1562.0
1195510 1566.4
1195520 1570.5
1195530 1570.5
1195540 1576.1
1195550 1580.6
1195560 1580.6
1195570 1585.5
1195580 1590.5
1195590 1590.5
1195600 1595.4
1195610 1600.2
1195620 1600.2
1195630 1605.1
1195640 1610.2
1195650 1610.2
1195660 1615.6
1195670 1620.5
1195680 1620.5
1195690 1625.4
1195700 1630.6
1195710 1636.2
1195720 1636.2
1195730 1641.3
1195740 1646.5
1195750 1646.5
1195760 1652.0
1195770 1657.8
1195780 1657.8
1195790 1663.9
1195800 1670.6
1195810 1670.6
1195820 1678.2
1195830 1686.9
1195840 1686.9
1195850 1693.3
1195860 1702.5
1195870 1702.5
1195880 1718.9
1195890 1733.5
1195900 1735.7
1195910 1735.7
1195920 1740.4
1195930 1743.5
1195940 1743.5
1195950 1747.4
1195960 1750.9
1195970 1750.9
1195980 1768.6
1195990 1784.3
1196000 1784.3
1196010 1800.7
1196020 1810.5
1196030 1810.5
1196040 1815.0
1196050 1818.8
1196060 1818.8
1196070 1827.9
1196080 1828.2
1196090 1829.5
1196100 1829.5
1196110 1835.7
1196120 1847.2
1196130 1847.2
1196140 1864.7
1196150 1881.8
1196160 1881.8
1196170 1898.7
1196180 1909.5
1196190 1909.5
1196200 1918.3
1196210 1922.5
1196220 1922.5
1196230 1932.8
1196240 1940.4
1196250 1940.4
1196260 1953.7
1196270 1966.2
1196280 1966.2
1196290 1973.4
1196300 1989.0
1196310 2007.8
1196320 2007.8
1196330 2016.9
1196340 2023.6
1196350 2023.6
1196360 2028.4
1196370 2035.1
1196380 2035.1
1196390 2051.9
1196400 2067.9
1196410 2067.9
1196420 2080.0
1196430 2088.2
1196440 2088.2
1196450 2095.0
1196460 2105.6
1196470 2105.6
1196480 2114.4
1196490 2124.8
1196500 2132.6
1196510 2132.6
1196520 2141.2
1196530 2148.6
1196540 2148.6
1196550 2154.9
1196560 2162.6
1196570 2162.6
1196580 2168.4
1196590 2175.2
1196600 2175.2
1196610 2182.3
1196620 2189.3
1196630 2189.3
1196640 2197.8
1196650 2208.6
1196660 2208.6
1196670 2217.4
1196680 2225.3
1196690 2225.3
1196700 2231.9
1196710 2236.4
1196720 2241.5
1196730 2241.5
1196740 2247.3
1196750 2253.0
1196760 2253.0
1196770 2260.5
1196780 2268.4
1196790 2268.4
1196800 2276.2
1196810 2283.6
1196820 2283.6
1196830 2292.5
1196840 2302.8
1196850 2302.8
1196860 2315.1
1196870 2325.4
1196880 2325.4
1196890 2333.7
1196900 2341.5
1196910 2348.6
1196920 2348.6
1196930 2353.7
1196940 2359.9
1196950 2359.9
1196960 2366.7
1196970 2374.2
1196980 2374.2
1196990 2382.6
1197000 2391.2
1197010 2391.2
1197020 2399.0
1197030 2405.6
1197040 2405.6
1197050 2413.6
1197060 2421.1
1197070 2421.1
1197080 2428.0
1197090 2434.2
1197100 2434.2
1197110 2438.9
1197120 2446.0
1197130 2455.7
1197140 2455.7
1197150 2463.7
1197160 2469.0
1197170 2469.0
1197180 2474.6
1197190 2479.2
1197200 2479.2
1197210 2483.3
1197220 2488.4
1197230 2488.4
1197240 2494.2
1197250 2500.1
1197260 2500.1
1197270 2505.0
1197280 2510.2
1197290 2510.2
1197300 2515.0
1197310 2519.9
1197320 2523.5
1197330 2523.5
1197340 2526.9
1197350 2530.7
1197360 2530.7
1197370 2534.5
1197380 2537.8
1197390 2537.8
1197400 2540.7
1197410 2543.4
1197420 2543.4
1197430 2545.6
1197440 2548.9
1197450 2548.9
1197460 2551.7
1197470 2554.4
1197480 2554.4
1197490 2556.7
1197500 2560.1
1197510 2560.1
1197520 2563.2
1197530 2564.1
1197540 2565.5
1197550 2565.5
1197560 2568.6
1197570 2570.8
1197580 2570.8
1197590 2573.9
1197600 2575.9
1197610 2575.9
1197620 2577.2
1197630 2576.3
1197640 2576.3
1197650 2573.6
1197660 2572.5
1197670 2572.5
1197680 2572.7
1197690 2573.6
1197700 2573.6
1197710 2574.9
1197720 2574.9
1197730 2572.2
1197740 2564.4
1197750 2567.3
1197760 2572.1
1197770 2572.1
1197780 2574.7
1197790 2577.1
1197800 2577.1
1197810 2580.0
1197820 2582.4
1197830 2582.4
1197840 2582.7
1197850 2581.8
1197860 2581.8
1197870 2580.3
1197880 2577.4
1197890 2577.4
1197900 2576.5
1197910 2575.3
1197920 2575.3
1197930 2577.7
1197940 2581.1
1197950 2581.7
1197960 2581.7
1197970 2581.3
1197980 2579.7
1197990 2579.7
1198000 2578.2
1198010 2578.0
1198020 2578.0
1198030 2575.8
1198040 2574.4
1198050 2574.4
1198060 2574.5
1198070 2576.1
1198080 2576.1
1198090 2579.0
1198100 2580.9
1198110 2580.9
1198120 2580.4
1198130 2579.1
1198140 2581.5
1198150 2581.5
1198160 2582.7
1198170 2586.5
1198180 2580.2
1198190 2583.0
1198200 2584.2
1198210 2584.2
1198220 2587.3
1198230 2589.8
1198240 2589.8
1198250 2593.3
1198260 2598.3
1198270 2598.3
1198280 2606.9
1198290 2613.8
1198300 2613.8
1198310 2620.0
1198320 2623.2
1198330 2623.2
1198340 2627.7
1198350 2636.3
1198360 2646.0
1198370 2646.0
1198380 2657.6
1198390 2664.4
1198400 2664.4
1198410 2671.1
1198420 2678.4
1198430 2678.4
1198440 2686.2
1198450 2694.5
1198460 2694.5
1198470 2698.5
1198480 2701.8
1198490 2701.8
1198500 2707.3
1198510 2714.8
1198520 2714.8
1198530 2719.5
1198540 2720.8
1198550 2719.2
1198560 2719.2
1198570 2720.0
1198580 2722.7
1198590 2722.7
1198600 2724.8
1198610 2729.2
1198620 2722.2
1198630 2724.5
1198640 2723.1
1198650 2723.1
1198660 2724.4
1198670 2728.2
1198680 2728.2
1198690 2728.0
1198700 2724.9
1198710 2724.9
1198720 2723.4
1198730 2725.2
1198740 2725.2
1198750 2728.9
1198760 2729.6
1198770 2728.2
1198780 2728.2
1198790 2726.7
1198800 2727.5
1198810 2727.5
1198820 2731.1
1198830 2739.0
1198840 2739.0
1198850 2743.7
1198860 2740.3
1198870 2740.3
1198880 2736.5
1198890 2735.0
1198900 2735.0
1198910 2736.2
1198920 2741.4
1198930 2741.4
1198940 2740.0
1198950 2738.9
1198960 2741.8
1198970 2741.8
1198980 2747.2
1198990 2751.4
1199000 2751.4
1199010 2750.7
1199020 2749.1
1199030 2749.1
1199040 2749.9
1199050 2752.0
1199060 2752.0
1199070 2739.3
1199080 2737.8
1199090 2737.8
1199100 2740.1
1199110 2745.9
1199120 2745.9
1199130 2750.4
1199140 2750.8
1199150 2749.0
1199160 2749.0
1199170 2750.9
1199180 2753.4
1199190 2753.4
1199200 2751.8
1199210 2753.8
1199220 2753.8
1199230 2757.1
1199240 2761.2
1199250 2761.2
1199260 2763.7
1199270 2766.6
1199280 2766.6
1199290 2770.9
1199300 2772.5
1199310 2772.5
1199320 2770.3
1199330 2769.3
1199340 2769.3
1199350 2772.5
1199360 2769.8
1199370 2768.2
1199380 2768.2
1199390 2770.4
1199400 2775.2
1199410 2775.2
1199420 2781.5
1199430 2790.3
1199440 2790.3
1199450 2795.9
1199460 2795.6
1199470 2795.6
1199480 2796.7
1199490 2800.7
1199500 2800.7
1199510 2794.3
1199520 2802.2
1199530 2802.2
1199540 2803.6
1199550 2800.8
1199560 2806.3
1199570 2806.3
1199580 2819.2
1199590 2827.5
1199600 2827.5
1199610 2826.7
1199620 2822.7
1199630 2822.7
1199640 2822.6
1199650 2827.3
1199660 2827.3
1199670 2833.3
1199680 2836.0
1199690 2836.0
1199700 2839.3
1199710 2850.8
1199720 2850.8
1199730 2853.0
1199740 2849.6
1199750 2849.6
1199760 2851.1
1199770 2855.2
1199780 2854.9
1199790 2854.9
1199800 2856.0
1199810 2855.8
1199820 2855.8
1199830 2853.7
1199840 2854.5
1199850 2854.5
1199860 2861.3
1199870 2867.8
1199880 2867.8
1199890 2876.9
1199900 2884.7
1199910 2884.7
1199920 2896.7
1199930 2907.1
1199940 2907.1
1199950 2889.3
1199960 2895.9
1199970 2906.7
1199980 2906.7
1199990 2903.4
