1180000 1895.7
1180010 1894.9
1180020 1894.2
1180030 1894.2
1180040 1893.5
1180050 1891.4
1180060 1891.4
1180070 1890.0
1180080 1888.8
1180090 1886.3
1180100 1886.3
1180110 1882.2
1180120 1878.0
1180130 1878.0
1180140 1873.9
1180150 1869.8
1180160 1869.8
1180170 1866.4
1180180 1864.7
1180190 1864.7
1180200 1863.5
1180210 1858.5
1180220 1858.5
1180230 1856.0
1180240 1853.6
1180250 1853.6
1180260 1851.6
1180270 1850.3
1180280 1848.3
1180290 1848.3
1180300 1845.2
1180310 1841.3
1180320 1841.3
1180330 1837.6
1180340 1834.4
1180350 1834.4
1180360 1832.2
1180370 1830.1
1180380 1830.1
1180390 1828.0
1180400 1825.4
1180410 1825.4
1180420 1821.6
1180430 1818.0
1180440 1818.0
1180450 1812.9
1180460 1806.8
1180470 1806.8
1180480 1803.7
1180490 1802.1
1180500 1798.8
1180510 1798.8
1180520 1795.5
1180530 1792.8
1180540 1792.8
1180550 1789.8
1180560 1787.1
1180570 1787.1
1180580 1783.9
1180590 1780.1
1180600 1780.1
1180610 1774.7
1180620 1769.9
1180630 1766.5
1180640 1763.0
1180650 1759.4
1180660 1759.4
1180670 1755.6
1180680 1751.8
1180690 1746.8
1180700 1746.8
1180710 1742.7
1180720 1740.3
1180730 1740.3
1180740 1738.0
1180750 1735.1
1180760 1735.1
1180770 1733.6
1180780 1732.9
1180790 1732.9
1180800 1732.6
1180810 1731.2
1180820 1731.2
1180830 1729.1
1180840 1726.9
1180850 1726.9
1180860 1724.9
1180870 1722.7
1180880 1722.7
1180890 1720.1
1180900 1716.9
1180910 1714.3
1180920 1714.3
1180930 1712.9
1180940 1712.6
1180950 1712.6
1180960 1712.9
1180970 1713.0
1180980 1713.0
1180990 1713.0
1181000 1713.1
1181010 1713.1
1181020 1713.0
1181030 1712.9
1181040 1712.7
1181050 1712.6
1181060 1712.3
1181070 1712.3
1181080 1712.4
1181090 1712.3
1181100 1712.3
1181110 1712.3
1181120 1712.5
1181130 1712.5
1181140 1712.5
1181150 1712.3
1181160 1712.3
1181170 1712.3
1181180 1712.6
1181190 1713.3
1181200 1713.3
1181210 1714.1
1181220 1715.3
1181230 1715.3
1181240 1717.0
1181250 1718.7
1181260 1718.7
1181270 1720.9
1181280 1723.3
1181290 1723.3
1181300 1726.0
1181310 1729.2
1181320 1732.6
1181330 1732.6
1181340 1735.4
1181350 1738.2
1181360 1738.2
1181370 1740.7
1181380 1743.3
1181390 1743.3
1181400 1746.0
1181410 1749.3
1181420 1749.3
1181430 1752.5
1181440 1756.2
1181450 1756.2
1181460 1761.7
1181470 1765.2
1181480 1765.2
1181490 1769.1
1181500 1773.0
1181510 1777.0
1181520 1777.0
1181530 1780.7
1181540 1785.0
1181550 1785.0
1181560 1789.6
1181570 1793.9
1181580 1793.9
1181590 1798.3
1181600 1803.4
1181610 1803.4
1181620 1808.5
1181630 1813.2
1181640 1813.2
1181650 1817.6
1181660 1822.1
1181670 1822.1
1181680 1826.4
1181690 1830.8
1181700 1830.8
1181710 1835.5
1181720 1839.9
1181730 1844.6
1181740 1844.6
1181750 1848.2
1181760 1852.1
1181770 1852.1
1181780 1858.2
1181790 1864.1
1181800 1864.1
1181810 1869.6
1181820 1874.8
1181830 1874.8
1181840 1879.8
1181850 1884.6
1181860 1884.6
1181870 1889.0
1181880 1899.1
1181890 1899.1
1181900 1905.1
1181910 1914.5
1181920 1925.1
1181930 1925.1
1181940 1928.3
1181950 1930.9
1181960 1930.9
1181970 1935.9
1181980 1941.8
1181990 1941.8
1182000 1947.5
1182010 1955.0
1182020 1955.0
1182030 1965.6
1182040 1975.9
1182050 1975.9
1182060 1985.4
1182070 1993.3
1182080 1993.3
1182090 2000.7
1182100 2007.1
1182110 2007.1
1182120 2012.9
1182130 2020.9
1182140 2031.2
1182150 2031.2
1182160 2041.6
1182170 2051.5
1182180 2051.5
1182190 2061.3
1182200 2066.4
1182210 2066.4
1182220 2065.7
1182230 2063.6
1182240 2063.6
1182250 2067.7
1182260 2061.1
1182270 2061.1
1182280 2065.6
1182290 2086.9
1182300 2090.2
1182310 2106.6
1182320 2112.1
1182330 2104.9
1182340 2104.9
1182350 2098.1
1182360 2105.4
1182370 2105.4
1182380 2104.0
1182390 2094.5
1182400 2094.5
1182410 2079.9
1182420 2070.6
1182430 2070.6
1182440 2061.2
1182450 2049.0
1182460 2049.0
1182470 2036.3
1182480 2029.2
1182490 2029.2
1182500 2030.9
1182510 2021.6
1182520 2021.6
1182530 2015.1
1182540 2016.2
1182550 2020.4
1182560 2020.4
1182570 2020.2
1182580 2019.1
1182590 2019.1
1182600 2021.8
1182610 2024.7
1182620 2024.7
1182630 2030.3
1182640 2042.6
1182650 2042.6
1182660 2052.7
1182670 2063.2
1182680 2063.2
1182690 2069.8
1182700 2075.5
1182710 2075.5
1182720 2083.8
1182730 2080.0
1182740 2074.3
1182750 2074.3
1182760 2072.1
1182770 2080.2
1182780 2080.2
1182790 2083.5
1182800 2076.3
1182810 2076.3
1182820 2070.6
1182830 2069.7
1182840 2069.7
1182850 2076.5
1182860 2091.7
1182870 2091.7
1182880 2104.2
1182890 2116.7
1182900 2116.7
1182910 2128.2
1182920 2125.1
1182930 2125.1
1182940 2116.9
1182950 2111.1
1182960 2103.2
1182970 2103.2
1182980 2093.6
1182990 2084.4
1183000 2084.4
1183010 2075.3
1183020 2066.0
1183030 2066.0
1183040 2057.1
1183050 2048.8
1183060 2048.8
1183070 2040.8
1183080 2032.8
1183090 2032.8
1183100 2025.2
1183110 2025.3
1183120 2025.3
1183130 2030.4
1183140 2030.9
1183150 2018.7
1183160 2018.7
1183170 2008.5
1183180 2005.9
1183190 2005.9
1183200 2027.3
1183210 2055.2
1183220 2055.2
1183230 2085.0
1183240 2106.4
1183250 2106.4
1183260 2123.7
1183270 2140.1
1183280 2140.1
1183290 2139.2
1183300 2129.0
1183310 2129.0
1183320 2120.7
1183330 2115.2
1183340 2115.2
1183350 2113.9
1183360 2129.1
1183370 2153.5
1183380 2153.5
1183390 2159.4
1183400 2147.7
1183410 2147.7
1183420 2134.4
1183430 2122.6
1183440 2122.6
1183450 2113.9
1183460 2112.3
1183470 2112.3
1183480 2107.9
1183490 2100.5
1183500 2100.5
1183510 2091.7
1183520 2084.9
1183530 2084.9
1183540 2089.4
1183550 2103.5
1183560 2128.1
1183570 2128.1
1183580 2139.2
1183590 2151.3
1183600 2151.3
1183610 2165.7
1183620 2175.9
1183630 2175.9
1183640 2187.0
1183650 2203.5
1183660 2203.5
1183670 2205.1
1183680 2197.3
1183690 2197.3
1183700 2186.8
1183710 2175.0
1183720 2175.0
1183730 2162.6
1183740 2152.8
1183750 2152.8
1183760 2147.3
1183770 2160.5
1183780 2179.1
1183790 2179.1
1183800 2183.5
1183810 2179.4
1183820 2179.4
1183830 2170.5
1183840 2165.7
1183850 2165.7
1183860 2177.1
1183870 2187.2
1183880 2187.2
1183890 2200.7
1183900 2208.6
1183910 2208.6
1183920 2206.8
1183930 2200.8
1183940 2200.8
1183950 2194.3
1183960 2188.0
1183970 2182.1
1183980 2186.0
1183990 2178.3
1184000 2170.8
1184010 2170.8
1184020 2167.9
1184030 2169.8
1184040 2169.8
1184050 2171.8
1184060 2176.3
1184070 2176.3
1184080 2178.9
1184090 2180.0
1184100 2180.0
1184110 2183.2
1184120 2188.1
1184130 2188.1
1184140 2192.0
1184150 2192.7
1184160 2192.7
1184170 2187.3
1184180 2179.6
1184190 2171.5
1184200 2171.5
1184210 2163.8
1184220 2157.0
1184230 2157.0
1184240 2151.1
1184250 2146.3
1184260 2146.3
1184270 2141.1
1184280 2136.8
1184290 2136.8
1184300 2132.7
1184310 2128.5
1184320 2128.5
1184330 2122.9
1184340 2115.9
1184350 2115.9
1184360 2109.8
1184370 2103.7
1184380 2097.9
1184390 2097.9
1184400 2096.0
1184410 2089.7
1184420 2089.7
1184430 2083.3
1184440 2077.0
1184450 2077.0
1184460 2071.7
1184470 2068.5
1184480 2068.5
1184490 2066.6
1184500 2066.5
1184510 2066.5
1184520 2065.7
1184530 2068.4
1184540 2068.4
1184550 2075.0
1184560 2082.6
1184570 2082.6
1184580 2089.9
1184590 2095.1
1184600 2100.1
1184610 2100.1
1184620 2104.6
1184630 2109.2
1184640 2109.2
1184650 2114.2
1184660 2119.1
1184670 2119.1
1184680 2124.0
1184690 2129.1
1184700 2129.1
1184710 2134.3
1184720 2139.7
1184730 2139.7
1184740 2145.3
1184750 2151.0
1184760 2151.0
1184770 2156.6
1184780 2162.1
1184790 2167.8
1184800 2167.8
1184810 2173.5
1184820 2177.0
1184830 2177.0
1184840 2182.4
1184850 2187.8
1184860 2187.8
1184870 2193.2
1184880 2199.0
1184890 2199.0
1184900 2204.9
1184910 2211.4
1184920 2211.4
1184930 2218.3
1184940 2225.0
1184950 2225.0
1184960 2231.8
1184970 2240.6
1184980 2240.6
1184990 2249.1
1185000 2257.7
1185010 2268.2
1185020 2268.2
1185030 2276.1
1185040 2283.6
1185050 2283.6
1185060 2291.1
1185070 2298.9
1185080 2298.9
1185090 2308.3
1185100 2319.8
1185110 2319.8
1185120 2332.3
1185130 2345.8
1185140 2345.8
1185150 2357.9
1185160 2371.7
1185170 2371.7
1185180 2382.1
1185190 2395.7
1185200 2407.7
1185210 2407.7
1185220 2418.2
1185230 2425.1
1185240 2422.6
1185250 2430.6
1185260 2437.7
1185270 2437.7
1185280 2447.1
1185290 2460.7
1185300 2460.7
1185310 2470.8
1185320 2481.3
1185330 2481.3
1185340 2488.5
1185350 2495.5
1185360 2495.5
1185370 2508.4
1185380 2519.2
1185390 2519.2
1185400 2525.8
1185410 2531.2
1185420 2537.9
1185430 2537.9
1185440 2547.0
1185450 2558.8
1185460 2558.8
1185470 2568.9
1185480 2575.0
1185490 2575.0
1185500 2580.4
1185510 2586.8
1185520 2586.8
1185530 2593.8
1185540 2599.1
1185550 2599.1
1185560 2596.1
1185570 2595.1
1185580 2595.1
1185590 2597.8
1185600 2601.2
1185610 2606.8
1185620 2606.8
1185630 2613.1
1185640 2620.4
1185650 2620.4
1185660 2628.1
1185670 2635.7
1185680 2635.7
1185690 2642.9
1185700 2650.4
1185710 2650.4
1185720 2658.9
1185730 2666.7
1185740 2666.7
1185750 2675.4
1185760 2684.9
1185770 2684.9
1185780 2693.7
1185790 2695.8
1185800 2695.8
1185810 2686.3
1185820 2674.3
1185830 2661.4
1185840 2661.4
1185850 2646.8
1185860 2640.0
1185870 2640.0
1185880 2636.4
1185890 2637.7
1185900 2637.7
1185910 2640.8
1185920 2640.3
1185930 2640.3
1185940 2641.4
1185950 2643.3
1185960 2643.3
1185970 2638.9
1185980 2632.0
1185990 2632.0
1186000 2622.3
1186010 2616.3
1186020 2610.6
1186030 2610.6
1186040 2594.8
1186050 2579.6
1186060 2579.6
1186070 2566.4
1186080 2545.7
1186090 2537.3
1186100 2516.7
1186110 2499.6
1186120 2499.6
1186130 2494.1
1186140 2497.8
1186150 2497.8
1186160 2488.3
1186170 2478.7
1186180 2478.7
1186190 2471.5
1186200 2473.2
1186210 2473.2
1186220 2485.4
1186230 2488.2
1186240 2470.2
1186250 2470.2
1186260 2457.9
1186270 2449.9
1186280 2449.9
1186290 2441.2
1186300 2432.6
1186310 2432.6
1186320 2423.3
1186330 2416.2
1186340 2416.2
1186350 2410.8
1186360 2405.9
1186370 2405.9
1186380 2400.7
1186390 2398.0
1186400 2398.0
1186410 2399.4
1186420 2400.6
1186430 2388.7
1186440 2388.7
1186450 2378.2
1186460 2380.1
1186470 2380.1
1186480 2383.8
1186490 2377.4
1186500 2377.4
1186510 2377.4
1186520 2367.5
1186530 2367.5
1186540 2355.5
1186550 2344.5
1186560 2344.5
1186570 2335.0
1186580 2319.8
1186590 2319.8
1186600 2303.4
1186610 2295.0
1186620 2295.0
1186630 2287.5
1186640 2279.7
1186650 2272.6
1186660 2272.6
1186670 2266.8
1186680 2262.8
1186690 2262.8
1186700 2259.3
1186710 2255.6
1186720 2255.6
1186730 2251.7
1186740 2248.4
1186750 2248.4
1186760 2244.8
1186770 2240.7
1186780 2240.7
1186790 2236.6
1186800 2233.3
1186810 2233.3
1186820 2230.3
1186830 2228.0
1186840 2226.0
1186850 2226.0
1186860 2225.0
1186870 2224.1
1186880 2224.1
1186890 2221.6
1186900 2220.7
1186910 2220.7
1186920 2220.6
1186930 2220.4
1186940 2222.7
1186950 2221.1
1186960 2218.9
1186970 2218.9
1186980 2215.1
1186990 2211.3
1187000 2211.3
1187010 2209.3
1187020 2207.3
1187030 2207.3
1187040 2206.1
1187050 2205.2
1187060 2204.7
1187070 2204.7
1187080 2204.0
1187090 2201.7
1187100 2201.7
1187110 2201.7
1187120 2202.5
1187130 2202.5
1187140 2203.4
1187150 2205.3
1187160 2205.3
1187170 2207.5
1187180 2209.8
1187190 2209.8
1187200 2212.3
1187210 2214.4
1187220 2214.4
1187230 2216.5
1187240 2218.5
1187250 2221.0
1187260 2221.0
1187270 2223.8
1187280 2227.2
1187290 2227.2
1187300 2230.9
1187310 2234.2
1187320 2234.2
1187330 2237.4
1187340 2241.1
1187350 2241.1
1187360 2246.7
1187370 2250.4
1187380 2250.4
1187390 2254.4
1187400 2258.7
1187410 2258.7
1187420 2263.7
1187430 2270.4
1187440 2270.4
1187450 2278.1
1187460 2290.5
1187470 2306.8
1187480 2306.8
1187490 2321.5
1187500 2327.9
1187510 2327.9
1187520 2333.0
1187530 2341.3
1187540 2341.3
1187550 2351.3
1187560 2362.1
1187570 2362.1
1187580 2374.1
1187590 2386.9
1187600 2386.9
1187610 2397.1
1187620 2406.2
1187630 2406.2
1187640 2414.0
1187650 2422.3
1187660 2430.8
1187670 2430.8
1187680 2436.7
1187690 2442.3
1187700 2442.3
1187710 2447.0
1187720 2451.0
1187730 2451.0
1187740 2455.3
1187750 2459.8
1187760 2459.8
1187770 2464.3
1187780 2469.0
1187790 2463.1
1187800 2471.7
1187810 2480.0
1187820 2480.0
1187830 2487.7
1187840 2495.8
1187850 2495.8
1187860 2504.9
1187870 2512.9
1187880 2519.1
1187890 2519.1
1187900 2525.4
1187910 2530.7
1187920 2530.7
1187930 2536.3
1187940 2541.5
1187950 2541.5
1187960 2547.1
1187970 2553.2
1187980 2553.2
1187990 2558.9
1188000 2565.7
1188010 2565.7
1188020 2573.3
1188030 2581.9
1188040 2581.9
1188050 2590.7
1188060 2599.8
1188070 2599.8
1188080 2608.6
1188090 2618.7
1188100 2627.1
1188110 2627.1
1188120 2634.8
1188130 2641.6
1188140 2641.6
1188150 2649.2
1188160 2657.4
1188170 2657.4
1188180 2666.1
1188190 2674.8
1188200 2674.8
1188210 2682.8
1188220 2692.0
1188230 2692.0
1188240 2698.9
1188250 2705.7
1188260 2705.7
1188270 2711.4
1188280 2716.4
1188290 2721.5
1188300 2721.5
1188310 2726.6
1188320 2732.4
1188330 2732.4
1188340 2738.7
1188350 2745.4
1188360 2745.4
1188370 2752.6
1188380 2759.9
1188390 2759.9
1188400 2765.5
1188410 2770.5
1188420 2770.5
1188430 2774.5
1188440 2771.5
1188450 2771.5
1188460 2766.1
1188470 2760.6
1188480 2760.6
1188490 2755.5
1188500 2750.7
1188510 2747.0
1188520 2747.0
1188530 2745.5
1188540 2745.0
1188550 2745.0
1188560 2743.7
1188570 2743.6
1188580 2743.6
1188590 2744.9
1188600 2745.1
1188610 2745.1
1188620 2745.2
1188630 2745.7
1188640 2742.4
1188650 2743.3
1188660 2743.3
1188670 2743.3
1188680 2743.7
1188690 2744.3
1188700 2744.0
1188710 2744.0
1188720 2743.4
1188730 2741.7
1188740 2741.7
1188750 2737.9
1188760 2733.9
1188770 2733.9
1188780 2731.8
1188790 2730.8
1188800 2730.8
1188810 2730.4
1188820 2730.6
1188830 2730.6
1188840 2732.0
1188850 2735.6
1188860 2735.6
1188870 2739.4
1188880 2742.5
1188890 2742.5
1188900 2746.7
1188910 2750.4
1188920 2755.0
1188930 2755.0
1188940 2760.0
1188950 2765.1
1188960 2765.1
1188970 2769.9
1188980 2773.7
1188990 2773.7
1189000 2778.6
1189010 2783.4
1189020 2783.4
1189030 2788.0
1189040 2791.5
1189050 2791.5
1189060 2795.3
1189070 2795.6
1189080 2795.6
1189090 2799.8
1189100 2804.9
1189110 2809.9
1189120 2809.9
1189130 2814.6
1189140 2818.9
1189150 2818.9
1189160 2822.9
1189170 2827.7
1189180 2827.7
1189190 2832.2
1189200 2837.0
1189210 2837.0
1189220 2841.0
1189230 2846.3
1189240 2846.3
1189250 2851.4
1189260 2856.3
1189270 2856.3
1189280 2861.1
1189290 2865.7
1189300 2865.7
1189310 2870.2
1189320 2874.6
1189330 2878.7
1189340 2878.7
1189350 2880.9
1189360 2880.7
1189370 2880.7
1189380 2878.7
1189390 2877.1
1189400 2877.1
1189410 2878.9
1189420 2881.2
1189430 2881.2
1189440 2883.5
1189450 2885.9
1189460 2885.9
1189470 2887.9
1189480 2890.7
1189490 2890.7
1189500 2892.2
1189510 2896.5
1189520 2900.5
1189530 2900.5
1189540 2904.4
1189550 2908.3
1189560 2908.3
1189570 2913.7
1189580 2920.0
1189590 2920.0
1189600 2927.2
1189610 2936.5
1189620 2936.5
1189630 2946.3
1189640 2956.7
1189650 2956.7
1189660 2970.2
1189670 2977.5
1189680 2977.5
1189690 2975.2
1189700 2979.2
1189710 2979.2
1189720 2987.2
1189730 2992.2
1189740 2997.2
1189750 2997.2
1189760 3006.8
1189770 3019.0
1189780 3019.0
1189790 3032.1
1189800 3040.3
1189810 3040.3
1189820 3044.7
1189830 3051.4
1189840 3051.4
1189850 3056.2
1189860 3060.1
1189870 3060.1
1189880 3063.2
1189890 3067.9
1189900 3067.9
1189910 3074.1
1189920 3078.0
1189930 3070.4
1189940 3070.4
1189950 3068.2
1189960 3067.0
1189970 3067.0
1189980 3066.6
1189990 3060.8
1190000 3060.8
1190010 3052.5
1190020 3045.1
1190030 3045.1
1190040 3038.2
1190050 3032.9
1190060 3032.9
1190070 3029.6
1190080 3023.0
1190090 3023.0
1190100 3016.3
1190110 3011.4
1190120 3011.4
1190130 3005.7
1190140 2999.3
1190150 2993.4
1190160 2993.4
1190170 2985.6
1190180 2978.8
1190190 2978.8
1190200 2973.3
1190210 2967.7
1190220 2967.7
1190230 2961.3
1190240 2954.9
1190250 2954.9
1190260 2947.5
1190270 2939.3
1190280 2939.3
1190290 2930.5
1190300 2921.7
1190310 2921.7
1190320 2912.9
1190330 2903.3
1190340 2893.7
1190350 2893.7
1190360 2883.1
1190370 2872.7
1190380 2872.7
1190390 2867.7
1190400 2863.5
1190410 2863.5
1190420 2858.9
1190430 2853.7
1190440 2853.7
1190450 2848.3
1190460 2843.0
1190470 2843.0
1190480 2837.3
1190490 2831.4
1190500 2831.4
1190510 2826.0
1190520 2820.6
1190530 2820.6
1190540 2815.3
1190550 2809.9
1190560 2804.5
1190570 2804.5
1190580 2799.1
1190590 2794.5
1190600 2794.5
1190610 2790.5
1190620 2786.7
1190630 2786.7
1190640 2784.2
1190650 2781.5
1190660 2781.5
1190670 2777.5
1190680 2773.9
1190690 2773.9
1190700 2770.3
1190710 2765.7
1190720 2765.7
1190730 2761.0
1190740 2755.9
1190750 2749.7
1190760 2749.7
1190770 2743.4
1190780 2737.1
1190790 2739.5
1190800 2735.3
1190810 2732.2
1190820 2732.2
1190830 2730.7
1190840 2728.3
1190850 2728.3
1190860 2725.4
1190870 2724.9
1190880 2724.9
1190890 2723.4
1190900 2720.0
1190910 2720.0
1190920 2715.7
1190930 2709.7
1190940 2709.7
1190950 2703.8
1190960 2698.8
1190970 2694.2
1190980 2694.2
1190990 2688.0
1191000 2682.6
1191010 2682.6
1191020 2678.3
1191030 2675.2
1191040 2675.2
1191050 2675.0
1191060 2675.5
1191070 2675.5
1191080 2673.9
1191090 2673.5
1191100 2673.5
1191110 2674.7
1191120 2674.6
1191130 2674.6
1191140 2669.5
1191150 2663.8
1191160 2660.9
1191170 2660.9
1191180 2655.7
1191190 2648.0
1191200 2648.0
1191210 2643.4
1191220 2636.5
1191230 2636.5
1191240 2634.1
1191250 2628.7
1191260 2628.7
1191270 2621.7
1191280 2616.8
1191290 2616.8
1191300 2612.5
1191310 2608.9
1191320 2608.9
1191330 2603.9
1191340 2598.6
1191350 2598.6
1191360 2595.5
1191370 2594.0
1191380 2594.5
1191390 2594.5
1191400 2596.9
1191410 2597.0
1191420 2597.0
1191430 2594.8
1191440 2590.0
1191450 2590.0
1191460 2585.2
1191470 2582.0
1191480 2582.0
1191490 2578.5
1191500 2573.3
1191510 2573.3
1191520 2569.6
1191530 2566.8
1191540 2566.8
1191550 2566.5
1191560 2567.8
1191570 2569.3
1191580 2569.3
1191590 2570.3
1191600 2570.3
1191610 2570.3
1191620 2569.9
1191630 2570.0
1191640 2570.0
1191650 2571.3
1191660 2573.2
1191670 2573.2
1191680 2575.2
1191690 2575.4
1191700 2575.4
1191710 2573.7
1191720 2569.0
1191730 2569.0
1191740 2563.3
1191750 2558.5
1191760 2558.5
1191770 2554.9
1191780 2551.8
1191790 2548.0
1191800 2548.0
1191810 2545.5
1191820 2544.9
1191830 2544.9
1191840 2541.6
1191850 2536.9
1191860 2536.9
1191870 2534.3
1191880 2533.3
1191890 2533.3
1191900 2530.5
1191910 2526.2
1191920 2526.2
1191930 2524.2
1191940 2523.2
1191950 2523.2
1191960 2519.9
1191970 2516.1
1191980 2512.3
1191990 2512.3
1192000 2509.5
1192010 2505.4
1192020 2505.4
1192030 2500.0
1192040 2495.2
1192050 2495.2
1192060 2493.5
1192070 2492.7
1192080 2492.7
1192090 2488.5
1192100 2486.7
1192110 2486.7
1192120 2484.0
1192130 2480.0
1192140 2480.0
1192150 2474.3
1192160 2468.8
1192170 2468.8
1192180 2464.5
1192190 2458.8
1192200 2453.6
1192210 2453.6
1192220 2449.2
1192230 2444.5
1192240 2444.5
1192250 2439.6
1192260 2434.3
1192270 2434.3
1192280 2428.3
1192290 2422.5
1192300 2422.5
1192310 2417.0
1192320 2411.8
1192330 2411.8
1192340 2406.5
1192350 2400.9
1192360 2400.9
1192370 2393.4
1192380 2383.6
1192390 2379.9
1192400 2379.9
1192410 2377.1
1192420 2371.5
1192430 2371.5
1192440 2365.4
1192450 2358.6
1192460 2358.6
1192470 2347.6
1192480 2334.8
1192490 2334.8
1192500 2326.8
1192510 2319.7
1192520 2314.8
1192530 2305.0
1192540 2294.8
1192550 2294.8
1192560 2289.2
1192570 2284.2
1192580 2284.2
1192590 2276.6
1192600 2269.4
1192610 2260.4
1192620 2260.4
1192630 2256.6
1192640 2259.0
1192650 2259.0
1192660 2256.5
1192670 2253.4
1192680 2253.4
1192690 2245.9
1192700 2241.1
1192710 2241.1
1192720 2236.1
1192730 2230.9
1192740 2230.9
1192750 2219.1
1192760 2212.6
1192770 2212.6
1192780 2213.1
1192790 2213.6
1192800 2207.9
1192810 2207.9
1192820 2201.4
1192830 2195.2
1192840 2195.2
1192850 2189.6
1192860 2185.2
1192870 2185.2
1192880 2179.2
1192890 2173.2
1192900 2173.2
1192910 2167.6
1192920 2164.7
1192930 2164.7
1192940 2161.7
1192950 2152.5
1192960 2152.5
1192970 2148.6
1192980 2144.2
1192990 2144.2
1193000 2141.0
1193010 2138.1
1193020 2134.1
1193030 2134.1
1193040 2129.0
1193050 2124.2
1193060 2124.2
1193070 2120.9
1193080 2118.7
1193090 2118.7
1193100 2115.8
1193110 2114.0
1193120 2114.0
1193130 2110.7
1193140 2107.3
1193150 2107.3
1193160 2104.3
1193170 2100.9
1193180 2100.9
1193190 2096.8
1193200 2092.8
1193210 2088.8
1193220 2088.8
1193230 2084.7
1193240 2080.5
1193250 2080.5
1193260 2076.1
1193270 2071.9
1193280 2071.9
1193290 2067.6
1193300 2063.4
1193310 2063.4
1193320 2059.4
1193330 2055.9
1193340 2055.9
1193350 2053.3
1193360 2051.1
1193370 2051.1
1193380 2049.1
1193390 2045.4
1193400 2045.4
1193410 2043.3
1193420 2041.5
1193430 2039.6
1193440 2039.6
1193450 2037.6
1193460 2035.8
1193470 2035.8
1193480 2034.1
1193490 2032.3
1193500 2032.3
1193510 2030.1
1193520 2027.3
1193530 2027.3
1193540 2025.8
1193550 2026.6
1193560 2026.6
1193570 2027.5
1193580 2027.6
1193590 2027.6
1193600 2027.3
1193610 2027.6
1193620 2028.3
1193630 2028.3
1193640 2028.7
1193650 2028.2
1193660 2028.2
1193670 2027.9
1193680 2028.6
1193690 2028.6
1193700 2029.0
1193710 2028.7
1193720 2028.7
1193730 2028.8
1193740 2029.3
1193750 2029.3
1193760 2030.0
1193770 2031.3
1193780 2031.3
1193790 2032.8
1193800 2035.1
1193810 2035.1
1193820 2042.0
1193830 2043.8
1193840 2043.5
1193850 2043.5
1193860 2043.2
1193870 2044.5
1193880 2044.5
1193890 2045.9
1193900 2045.6
1193910 2045.6
1193920 2044.3
1193930 2043.5
1193940 2043.5
1193950 2043.4
1193960 2042.3
1193970 2042.3
1193980 2043.4
1193990 2045.2
1194000 2045.2
1194010 2046.0
1194020 2044.6
1194030 2043.0
1194040 2043.0
1194050 2041.8
1194060 2039.3
1194070 2039.3
1194080 2038.6
1194090 2038.6
1194100 2038.6
1194110 2038.1
1194120 2037.2
1194130 2037.2
1194140 2033.4
1194150 2030.6
1194160 2030.6
1194170 2029.2
1194180 2027.9
1194190 2027.9
1194200 2026.7
1194210 2025.9
1194220 2025.9
1194230 2025.1
1194240 2023.8
1194250 2022.0
1194260 2028.1
1194270 2026.7
1194280 2025.9
1194290 2025.9
1194300 2023.0
1194310 2021.6
1194320 2021.6
1194330 2021.9
1194340 2023.2
1194350 2023.2
1194360 2024.6
1194370 2024.7
1194380 2024.7
1194390 2019.8
1194400 2008.7
1194410 2008.7
1194420 1992.7
1194430 1980.2
1194440 1974.9
1194450 1974.9
1194460 1969.8
1194470 1965.4
1194480 1965.4
1194490 1961.1
1194500 1956.9
1194510 1956.9
1194520 1953.0
1194530 1949.5
1194540 1949.5
1194550 1945.6
1194560 1941.5
1194570 1941.5
1194580 1939.0
1194590 1937.9
1194600 1937.9
1194610 1935.2
1194620 1929.7
1194630 1929.7
1194640 1922.8
1194650 1916.6
1194660 1904.5
1194670 1904.5
1194680 1891.5
1194690 1875.9
1194700 1875.9
1194710 1857.8
1194720 1835.1
1194730 1835.1
1194740 1809.4
1194750 1794.5
1194760 1794.5
1194770 1787.1
1194780 1780.6
1194790 1780.6
1194800 1775.1
1194810 1768.3
1194820 1768.3
1194830 1759.7
1194840 1748.6
1194850 1739.3
1194860 1739.3
1194870 1732.2
1194880 1724.4
1194890 1724.4
1194900 1713.3
1194910 1704.2
1194920 1704.2
1194930 1695.2
1194940 1685.6
1194950 1685.6
1194960 1675.3
1194970 1662.4
1194980 1662.4
1194990 1649.3
1195000 1638.2
1195010 1638.2
1195020 1631.0
1195030 1623.7
1195040 1623.7
1195050 1614.6
1195060 1605.4
1195070 1596.0
1195080 1596.0
1195090 1585.9
1195100 1577.8
1195110 1577.8
1195120 1571.2
1195130 1569.6
1195140 1569.6
1195150 1562.6
1195160 1556.3
1195170 1556.3
1195180 1550.6
1195190 1544.6
1195200 1544.6
1195210 1538.7
1195220 1534.0
1195230 1534.0
1195240 1530.8
1195250 1527.5
1195260 1522.7
1195270 1522.7
1195280 1520.0
1195290 1517.5
1195300 1517.5
1195310 1514.8
1195320 1512.7
1195330 1512.7
1195340 1511.5
1195350 1512.5
1195360 1512.5
1195370 1513.9
1195380 1514.8
1195390 1514.8
1195400 1516.0
1195410 1518.0
1195420 1518.0
1195430 1519.6
1195440 1522.2
1195450 1522.2
1195460 1524.5
1195470 1526.9
1195480 1529.2
1195490 1529.2
1195500 1531.7
1195510 1532.4
1195520 1532.4
1195530 1534.4
1195540 1535.6
1195550 1535.6
1195560 1538.0
1195570 1544.1
1195580 1544.1
1195590 1548.4
1195600 1551.3
1195610 1551.3
1195620 1554.1
1195630 1557.9
1195640 1557.9
1195650 1564.4
1195660 1570.8
1195670 1577.6
1195680 1577.6
1195690 1584.9
1195700 1592.3
1195710 1592.3
1195720 1599.5
1195730 1607.5
1195740 1607.5
1195750 1614.1
1195760 1622.2
1195770 1622.2
1195780 1628.7
1195790 1634.7
1195800 1634.7
1195810 1641.3
1195820 1648.4
1195830 1648.4
1195840 1654.9
1195850 1662.2
1195860 1662.2
1195870 1670.3
1195880 1679.0
1195890 1687.8
1195900 1687.8
1195910 1697.3
1195920 1703.5
1195930 1703.5
1195940 1710.7
1195950 1718.8
1195960 1718.8
1195970 1725.8
1195980 1738.7
1195990 1738.7
1196000 1753.7
1196010 1781.8
1196020 1781.8
1196030 1790.1
1196040 1795.3
1196050 1795.3
1196060 1803.1
1196070 1825.2
1196080 1856.6
1196090 1856.6
1196100 1868.3
1196110 1876.5
1196120 1876.5
1196130 1886.9
1196140 1888.1
1196150 1888.1
1196160 1897.6
1196170 1908.1
1196180 1908.1
1196190 1919.0
1196200 1926.7
1196210 1926.7
1196220 1929.8
1196230 1938.2
1196240 1938.2
1196250 1945.2
1196260 1954.6
1196270 1954.6
1196280 1969.7
1196290 1983.9
1196300 1993.4
1196310 1993.4
1196320 1998.0
1196330 2004.5
1196340 2004.5
1196350 2016.0
1196360 2029.9
1196370 2029.9
1196380 2048.3
1196390 2058.2
1196400 2058.2
1196410 2065.6
1196420 2076.6
1196430 2076.6
1196440 2082.5
1196450 2092.1
1196460 2092.1
1196470 2099.9
1196480 2108.2
1196490 2115.7
1196500 2115.7
1196510 2123.5
1196520 2130.1
1196530 2130.1
1196540 2134.7
1196550 2138.3
1196560 2138.3
1196570 2142.6
1196580 2150.8
1196590 2150.8
1196600 2159.4
1196610 2163.6
1196620 2163.6
1196630 2167.9
1196640 2175.5
1196650 2175.5
1196660 2184.3
1196670 2187.9
1196680 2187.9
1196690 2191.2
1196700 2194.0
1196710 2200.4
1196720 2200.4
1196730 2208.3
1196740 2213.1
1196750 2213.1
1196760 2218.3
1196770 2223.8
1196780 2223.8
1196790 2226.7
1196800 2230.6
1196810 2230.6
1196820 2235.1
1196830 2239.4
1196840 2239.4
1196850 2243.9
1196860 2248.6
1196870 2248.6
1196880 2252.5
1196890 2263.0
1196900 2268.1
1196910 2268.1
1196920 2273.0
1196930 2277.0
1196940 2277.0
1196950 2280.2
1196960 2284.3
1196970 2284.3
1196980 2287.8
1196990 2291.7
1197000 2291.7
1197010 2295.4
1197020 2299.0
1197030 2299.0
1197040 2301.9
1197050 2303.5
1197060 2303.5
1197070 2305.0
1197080 2306.6
1197090 2308.1
1197100 2308.1
1197110 2310.1
1197120 2313.0
1197130 2313.0
1197140 2316.1
1197150 2315.4
1197160 2315.4
1197170 2309.7
1197180 2310.1
1197190 2310.1
1197200 2310.4
1197210 2307.4
1197220 2307.4
1197230 2303.1
1197240 2299.5
1197250 2299.5
1197260 2296.1
1197270 2296.3
1197280 2296.3
1197290 2296.4
1197300 2296.3
1197310 2295.7
1197320 2295.7
1197330 2302.7
1197340 2304.1
1197350 2304.1
1197360 2307.6
1197370 2312.6
1197380 2312.6
1197390 2315.8
1197400 2317.3
1197410 2317.3
1197420 2316.6
1197430 2316.0
1197440 2316.0
1197450 2315.1
1197460 2316.5
1197470 2316.5
1197480 2318.9
1197490 2322.0
1197500 2325.9
1197510 2325.9
1197520 2331.7
1197530 2341.0
1197540 2341.0
1197550 2350.9
1197560 2363.8
1197570 2363.8
1197580 2380.3
1197590 2385.6
1197600 2385.6
1197610 2385.6
1197620 2388.3
1197630 2388.3
1197640 2391.1
1197650 2389.1
1197660 2389.1
1197670 2385.6
1197680 2382.9
1197690 2382.9
1197700 2378.7
1197710 2375.6
1197720 2372.3
1197730 2372.3
1197740 2369.5
1197750 2368.7
1197760 2368.7
1197770 2375.9
1197780 2374.6
1197790 2374.6
1197800 2373.8
1197810 2373.1
1197820 2373.1
1197830 2371.6
1197840 2371.2
1197850 2371.2
1197860 2371.9
1197870 2371.9
1197880 2371.9
1197890 2372.6
1197900 2372.6
1197910 2372.4
1197920 2372.4
1197930 2372.4
1197940 2372.3
1197950 2372.3
1197960 2372.2
1197970 2372.1
1197980 2372.1
1197990 2372.5
1198000 2373.0
1198010 2373.0
1198020 2373.6
1198030 2373.5
1198040 2373.5
1198050 2372.8
1198060 2371.8
1198070 2371.8
1198080 2370.8
1198090 2369.6
1198100 2369.6
1198110 2367.8
1198120 2365.6
1198130 2362.7
1198140 2362.7
1198150 2359.5
1198160 2356.7
1198170 2356.7
1198180 2354.7
1198190 2352.5
1198200 2352.5
1198210 2357.7
1198220 2357.7
1198230 2357.7
1198240 2358.9
1198250 2359.7
1198260 2359.7
1198270 2359.8
1198280 2361.3
1198290 2361.3
1198300 2363.9
1198310 2364.8
1198320 2365.7
1198330 2365.7
1198340 2367.3
1198350 2370.4
1198360 2370.4
1198370 2376.1
1198380 2381.9
1198390 2381.9
1198400 2386.1
1198410 2389.4
1198420 2389.4
1198430 2393.8
1198440 2398.1
1198450 2398.1
1198460 2401.6
1198470 2404.4
1198480 2404.4
1198490 2406.0
1198500 2406.6
1198510 2406.6
1198520 2407.5
1198530 2408.4
1198540 2408.0
1198550 2408.0
1198560 2407.1
1198570 2404.7
1198580 2404.7
1198590 2404.1
1198600 2408.5
1198610 2408.5
1198620 2411.7
1198630 2413.8
1198640 2413.8
1198650 2422.9
1198660 2423.5
1198670 2423.5
1198680 2425.3
1198690 2427.1
1198700 2427.1
1198710 2428.1
1198720 2430.8
1198730 2433.2
1198740 2433.2
1198750 2435.0
1198760 2438.9
1198770 2438.9
1198780 2443.0
1198790 2443.8
1198800 2443.8
1198810 2443.0
1198820 2444.1
1198830 2444.1
1198840 2446.3
1198850 2448.0
1198860 2448.0
1198870 2450.5
1198880 2452.6
1198890 2452.6
1198900 2454.2
1198910 2456.5
1198920 2456.5
1198930 2459.7
1198940 2462.7
1198950 2464.6
1198960 2464.6
1198970 2465.4
1198980 2466.0
1198990 2466.0
1199000 2465.7
1199010 2464.5
1199020 2464.5
1199030 2465.7
1199040 2468.8
1199050 2468.8
1199060 2472.4
1199070 2476.4
1199080 2476.4
1199090 2485.3
1199100 2487.2
1199110 2487.2
1199120 2488.3
1199130 2488.3
1199140 2488.0
1199150 2488.0
1199160 2487.3
1199170 2484.1
1199180 2484.1
1199190 2480.2
1199200 2478.1
1199210 2478.1
1199220 2482.9
1199230 2487.7
1199240 2487.7
1199250 2489.4
1199260 2490.4
1199270 2490.4
1199280 2491.3
1199290 2489.8
1199300 2489.8
1199310 2487.4
1199320 2485.1
1199330 2485.1
1199340 2484.1
1199350 2482.6
1199360 2481.4
1199370 2481.4
1199380 2480.8
1199390 2479.5
1199400 2479.5
1199410 2478.0
1199420 2476.9
1199430 2476.9
1199440 2477.6
1199450 2479.0
1199460 2479.0
1199470 2481.1
1199480 2484.9
1199490 2484.9
1199500 2488.8
1199510 2491.4
1199520 2491.4
1199530 2493.1
1199540 2501.0
1199550 2503.2
1199560 2503.2
1199570 2507.5
1199580 2513.7
1199590 2513.7
1199600 2519.3
1199610 2524.5
1199620 2524.5
1199630 2529.1
1199640 2532.6
1199650 2532.6
1199660 2534.8
1199670 2536.0
1199680 2536.0
1199690 2536.5
1199700 2537.4
1199710 2537.4
1199720 2539.7
1199730 2541.6
1199740 2541.6
1199750 2542.9
1199760 2544.1
1199770 2544.4
1199780 2544.4
1199790 2544.4
1199800 2544.2
1199810 2544.2
1199820 2544.4
1199830 2545.6
1199840 2545.6
1199850 2549.1
1199860 2553.8
1199870 2553.8
1199880 2559.3
1199890 2565.1
1199900 2565.1
1199910 2570.8
1199920 2576.6
1199930 2576.6
1199940 2582.2
1199950 2587.6
1199960 2593.4
1199970 2593.4
1199980 2603.2
1199990 2609.2
