1180000 2022.7
1180010 2022.7
1180020 2022.7
1180030 2022.3
1180040 2022.3
1180050 2021.8
1180060 2021.7
1180070 2021.9
1180080 2021.9
1180090 2021.6
1180100 2020.7
1180110 2020.7
1180120 2018.3
1180130 2010.8
1180140 2010.8
1180150 2005.0
1180160 1998.9
1180170 1998.9
1180180 1992.7
1180190 1987.6
1180200 1987.6
1180210 1983.1
1180220 1980.4
1180230 1980.4
1180240 1978.1
1180250 1974.7
1180260 1972.1
1180270 1972.1
1180280 1968.7
1180290 1965.9
1180300 1965.9
1180310 1964.0
1180320 1963.0
1180330 1963.0
1180340 1961.6
1180350 1959.4
1180360 1959.4
1180370 1955.7
1180380 1951.7
1180390 1951.7
1180400 1948.2
1180410 1943.9
1180420 1943.9
1180430 1940.6
1180440 1939.7
1180450 1939.7
1180460 1939.5
1180470 1937.3
1180480 1935.2
1180490 1935.2
1180500 1931.6
1180510 1926.0
1180520 1926.0
1180530 1922.6
1180540 1918.2
1180550 1918.2
1180560 1916.8
1180570 1916.3
1180580 1916.3
1180590 1915.7
1180600 1914.1
1180610 1914.1
1180620 1911.5
1180630 1907.5
1180640 1907.5
1180650 1903.3
1180660 1898.3
1180670 1892.5
1180680 1892.5
1180690 1888.9
1180700 1886.7
1180710 1886.7
1180720 1883.4
1180730 1878.7
1180740 1878.7
1180750 1873.0
1180760 1869.3
1180770 1869.3
1180780 1868.5
1180790 1865.7
1180800 1865.7
1180810 1859.5
1180820 1855.8
1180830 1855.8
1180840 1852.4
1180850 1851.2
1180860 1851.2
1180870 1849.2
1180880 1844.1
1180890 1842.8
1180900 1842.8
1180910 1843.2
1180920 1843.9
1180930 1843.9
1180940 1842.7
1180950 1842.2
1180960 1837.6
1180970 1836.4
1180980 1833.0
1180990 1833.0
1181000 1827.9
1181010 1824.9
1181020 1824.9
1181030 1824.1
1181040 1822.4
1181050 1822.4
1181060 1820.5
1181070 1817.9
1181080 1813.9
1181090 1813.9
1181100 1810.6
1181110 1807.4
1181120 1807.4
1181130 1804.5
1181140 1801.4
1181150 1801.4
1181160 1797.9
1181170 1793.6
1181180 1793.6
1181190 1788.3
1181200 1783.7
1181210 1783.7
1181220 1782.5
1181230 1782.0
1181240 1782.0
1181250 1780.9
1181260 1779.2
1181270 1779.2
1181280 1775.3
1181290 1769.3
1181300 1763.1
1181310 1763.1
1181320 1758.8
1181330 1755.2
1181340 1755.2
1181350 1751.8
1181360 1749.2
1181370 1749.2
1181380 1742.0
1181390 1739.9
1181400 1739.9
1181410 1738.2
1181420 1736.1
1181430 1736.1
1181440 1734.0
1181450 1732.0
1181460 1732.0
1181470 1730.1
1181480 1727.2
1181490 1724.7
1181500 1724.7
1181510 1722.3
1181520 1720.4
1181530 1720.4
1181540 1718.4
1181550 1717.0
1181560 1717.0
1181570 1716.4
1181580 1714.4
1181590 1714.4
1181600 1713.6
1181610 1713.1
1181620 1713.1
1181630 1712.4
1181640 1712.1
1181650 1712.1
1181660 1712.1
1181670 1712.3
1181680 1712.3
1181690 1713.0
1181700 1713.7
1181710 1714.0
1181720 1714.0
1181730 1714.5
1181740 1715.0
1181750 1715.0
1181760 1715.9
1181770 1717.3
1181780 1717.3
1181790 1719.1
1181800 1722.4
1181810 1722.4
1181820 1723.2
1181830 1724.1
1181840 1724.1
1181850 1725.2
1181860 1726.0
1181870 1726.0
1181880 1726.9
1181890 1728.2
1181900 1729.6
1181910 1729.6
1181920 1730.7
1181930 1732.4
1181940 1732.4
1181950 1734.3
1181960 1735.7
1181970 1735.7
1181980 1736.9
1181990 1738.6
1182000 1738.6
1182010 1741.8
1182020 1745.4
1182030 1745.4
1182040 1748.5
1182050 1751.0
1182060 1751.0
1182070 1752.8
1182080 1754.5
1182090 1754.5
1182100 1757.0
1182110 1758.4
1182120 1758.3
1182130 1758.3
1182140 1758.3
1182150 1760.8
1182160 1760.8
1182170 1763.2
1182180 1763.6
1182190 1763.6
1182200 1762.5
1182210 1769.2
1182220 1769.2
1182230 1770.0
1182240 1770.6
1182250 1770.6
1182260 1771.7
1182270 1772.6
1182280 1772.6
1182290 1775.0
1182300 1777.3
1182310 1778.0
1182320 1778.0
1182330 1780.6
1182340 1784.2
1182350 1784.2
1182360 1784.8
1182370 1785.3
1182380 1785.3
1182390 1786.8
1182400 1787.3
1182410 1787.3
1182420 1787.9
1182430 1788.0
1182440 1788.0
1182450 1786.8
1182460 1785.0
1182470 1785.0
1182480 1785.3
1182490 1785.5
1182500 1785.5
1182510 1786.1
1182520 1787.4
1182530 1787.6
1182540 1787.6
1182550 1787.2
1182560 1786.3
1182570 1786.3
1182580 1785.0
1182590 1782.8
1182600 1782.8
1182610 1780.5
1182620 1780.2
1182630 1782.6
1182640 1783.9
1182650 1786.0
1182660 1786.0
1182670 1788.9
1182680 1791.3
1182690 1791.3
1182700 1792.5
1182710 1794.0
1182720 1795.8
1182730 1795.8
1182740 1797.1
1182750 1798.8
1182760 1798.8
1182770 1800.8
1182780 1802.4
1182790 1802.4
1182800 1804.0
1182810 1805.8
1182820 1805.8
1182830 1808.0
1182840 1810.5
1182850 1810.5
1182860 1813.3
1182870 1815.6
1182880 1815.6
1182890 1817.2
1182900 1817.2
1182910 1817.2
1182920 1820.0
1182930 1822.1
1182940 1823.9
1182950 1823.9
1182960 1825.6
1182970 1824.8
1182980 1824.8
1182990 1823.0
1183000 1822.3
1183010 1822.3
1183020 1822.1
1183030 1823.0
1183040 1823.0
1183050 1825.5
1183060 1826.4
1183070 1826.4
1183080 1827.6
1183090 1828.8
1183100 1828.8
1183110 1830.1
1183120 1831.7
1183130 1831.7
1183140 1833.4
1183150 1835.3
1183160 1837.4
1183170 1837.4
1183180 1840.8
1183190 1845.2
1183200 1845.2
1183210 1848.9
1183220 1852.3
1183230 1852.3
1183240 1856.0
1183250 1860.5
1183260 1860.5
1183270 1865.3
1183280 1870.4
1183290 1870.4
1183300 1874.4
1183310 1878.4
1183320 1878.4
1183330 1882.3
1183340 1886.6
1183350 1891.9
1183360 1891.9
1183370 1896.6
1183380 1901.1
1183390 1901.1
1183400 1905.2
1183410 1909.5
1183420 1909.5
1183430 1914.7
1183440 1921.2
1183450 1921.2
1183460 1927.1
1183470 1928.3
1183480 1928.3
1183490 1930.8
1183500 1931.9
1183510 1931.9
1183520 1932.4
1183530 1932.8
1183540 1932.8
1183550 1933.0
1183560 1933.6
1183570 1934.3
1183580 1934.3
1183590 1934.5
1183600 1934.6
1183610 1934.6
1183620 1934.6
1183630 1935.4
1183640 1935.4
1183650 1937.7
1183660 1938.2
1183670 1938.2
1183680 1937.2
1183690 1938.3
1183700 1938.3
1183710 1941.6
1183720 1946.5
1183730 1946.5
1183740 1952.5
1183750 1956.6
1183760 1962.1
1183770 1962.1
1183780 1967.5
1183790 1971.8
1183800 1971.8
1183810 1974.9
1183820 1977.9
1183830 1977.9
1183840 1981.4
1183850 1984.3
1183860 1984.3
1183870 1987.6
1183880 1992.1
1183890 1989.2
1183900 1991.0
1183910 1993.6
1183920 1993.6
1183930 1998.6
1183940 2003.8
1183950 2003.8
1183960 2008.7
1183970 2013.2
1183980 2017.4
1183990 2017.4
1184000 2021.1
1184010 2027.4
1184020 2027.4
1184030 2033.0
1184040 2036.6
1184050 2036.6
1184060 2040.7
1184070 2045.8
1184080 2045.8
1184090 2050.2
1184100 2055.1
1184110 2055.1
1184120 2061.9
1184130 2067.4
1184140 2067.4
1184150 2072.4
1184160 2077.1
1184170 2082.4
1184180 2082.4
1184190 2096.5
1184200 2109.8
1184210 2109.8
1184220 2132.0
1184230 2130.5
1184240 2130.5
1184250 2142.6
1184260 2151.4
1184270 2151.4
1184280 2151.2
1184290 2150.2
1184300 2150.2
1184310 2142.0
1184320 2139.4
1184330 2139.4
1184340 2136.0
1184350 2132.2
1184360 2132.2
1184370 2129.7
1184380 2130.9
1184390 2132.2
1184400 2132.2
1184410 2134.7
1184420 2139.1
1184430 2139.1
1184440 2144.4
1184450 2149.9
1184460 2149.9
1184470 2157.4
1184480 2163.9
1184490 2163.9
1184500 2167.7
1184510 2167.0
1184520 2167.0
1184530 2166.5
1184540 2168.4
1184550 2168.4
1184560 2172.2
1184570 2176.0
1184580 2181.4
1184590 2181.4
1184600 2188.4
1184610 2197.8
1184620 2197.8
1184630 2209.6
1184640 2216.9
1184650 2216.9
1184660 2219.2
1184670 2221.3
1184680 2221.3
1184690 2225.4
1184700 2231.9
1184710 2231.9
1184720 2239.8
1184730 2247.6
1184740 2245.4
1184750 2251.5
1184760 2257.7
1184770 2257.7
1184780 2264.2
1184790 2271.2
1184800 2277.9
1184810 2277.9
1184820 2284.6
1184830 2291.6
1184840 2291.6
1184850 2298.6
1184860 2306.0
1184870 2306.0
1184880 2313.5
1184890 2320.8
1184900 2320.8
1184910 2327.6
1184920 2335.4
1184930 2335.4
1184940 2343.2
1184950 2347.3
1184960 2347.3
1184970 2350.8
1184980 2355.5
1184990 2362.4
1185000 2362.4
1185010 2369.3
1185020 2376.0
1185030 2376.0
1185040 2382.6
1185050 2389.7
1185060 2389.7
1185070 2396.4
1185080 2403.6
1185090 2403.6
1185100 2410.9
1185110 2418.1
1185120 2418.1
1185130 2425.1
1185140 2432.1
1185150 2432.1
1185160 2439.0
1185170 2445.9
1185180 2445.9
1185190 2453.2
1185200 2462.2
1185210 2472.0
1185220 2472.0
1185230 2483.3
1185240 2495.4
1185250 2495.4
1185260 2504.2
1185270 2511.1
1185280 2511.1
1185290 2518.3
1185300 2524.7
1185310 2524.7
1185320 2531.7
1185330 2539.2
1185340 2539.2
1185350 2550.5
1185360 2560.1
1185370 2560.1
1185380 2564.2
1185390 2568.0
1185400 2563.8
1185410 2563.8
1185420 2557.3
1185430 2552.2
1185440 2552.2
1185450 2553.5
1185460 2556.6
1185470 2556.6
1185480 2558.2
1185490 2557.7
1185500 2557.7
1185510 2552.7
1185520 2547.4
1185530 2547.4
1185540 2542.1
1185550 2536.9
1185560 2536.9
1185570 2529.6
1185580 2527.1
1185590 2527.1
1185600 2519.2
1185610 2511.9
1185620 2504.5
1185630 2504.5
1185640 2497.3
1185650 2490.6
1185660 2490.6
1185670 2484.7
1185680 2477.8
1185690 2477.8
1185700 2468.3
1185710 2459.9
1185720 2459.9
1185730 2453.1
1185740 2446.7
1185750 2446.7
1185760 2441.3
1185770 2437.0
1185780 2437.0
1185790 2429.9
1185800 2421.6
1185810 2413.3
1185820 2413.3
1185830 2405.0
1185840 2398.1
1185850 2398.1
1185860 2390.1
1185870 2381.7
1185880 2381.7
1185890 2374.7
1185900 2368.7
1185910 2368.7
1185920 2363.2
1185930 2357.6
1185940 2357.6
1185950 2350.8
1185960 2343.6
1185970 2343.6
1185980 2337.7
1185990 2333.1
1186000 2333.1
1186010 2333.7
1186020 2329.0
1186030 2324.4
1186040 2324.4
1186050 2319.6
1186060 2315.5
1186070 2315.5
1186080 2312.3
1186090 2308.4
1186100 2308.4
1186110 2304.2
1186120 2300.1
1186130 2300.1
1186140 2295.8
1186150 2291.4
1186160 2291.4
1186170 2286.8
1186180 2282.2
1186190 2282.2
1186200 2277.5
1186210 2272.6
1186220 2267.8
1186230 2267.8
1186240 2262.8
1186250 2257.7
1186260 2257.7
1186270 2252.7
1186280 2247.5
1186290 2247.5
1186300 2242.3
1186310 2237.2
1186320 2237.2
1186330 2232.1
1186340 2227.7
1186350 2227.7
1186360 2223.8
1186370 2219.9
1186380 2219.9
1186390 2216.3
1186400 2213.1
1186410 2213.1
1186420 2209.5
1186430 2209.0
1186440 2206.8
1186450 2206.8
1186460 2204.8
1186470 2202.4
1186480 2202.4
1186490 2200.1
1186500 2197.3
1186510 2197.3
1186520 2194.3
1186530 2192.1
1186540 2192.1
1186550 2190.6
1186560 2188.3
1186570 2188.3
1186580 2186.2
1186590 2184.5
1186600 2184.5
1186610 2182.8
1186620 2181.2
1186630 2181.2
1186640 2180.2
1186650 2178.7
1186660 2178.6
1186670 2178.6
1186680 2178.2
1186690 2176.6
1186700 2176.6
1186710 2175.6
1186720 2176.7
1186730 2176.7
1186740 2178.1
1186750 2178.9
1186760 2178.9
1186770 2180.4
1186780 2181.0
1186790 2181.0
1186800 2181.3
1186810 2182.1
1186820 2182.1
1186830 2183.3
1186840 2184.5
1186850 2182.7
1186860 2182.7
1186870 2183.4
1186880 2184.6
1186890 2184.6
1186900 2185.8
1186910 2186.5
1186920 2186.5
1186930 2187.5
1186940 2189.0
1186950 2189.0
1186960 2189.9
1186970 2191.6
1186980 2191.6
1186990 2193.4
1187000 2196.0
1187010 2196.0
1187020 2200.5
1187030 2206.3
1187040 2206.3
1187050 2212.5
1187060 2218.7
1187070 2225.2
1187080 2225.2
1187090 2231.7
1187100 2238.3
1187110 2238.3
1187120 2245.0
1187130 2251.6
1187140 2251.6
1187150 2258.4
1187160 2265.0
1187170 2265.0
1187180 2270.5
1187190 2276.2
1187200 2276.2
1187210 2284.1
1187220 2292.7
1187230 2292.7
1187240 2301.9
1187250 2310.4
1187260 2319.2
1187270 2319.2
1187280 2322.7
1187290 2330.3
1187300 2330.3
1187310 2341.4
1187320 2353.1
1187330 2353.1
1187340 2363.2
1187350 2371.0
1187360 2371.0
1187370 2378.1
1187380 2384.7
1187390 2384.7
1187400 2392.5
1187410 2399.6
1187420 2399.6
1187430 2406.0
1187440 2412.8
1187450 2412.8
1187460 2416.8
1187470 2416.2
1187480 2417.6
1187490 2417.6
1187500 2421.3
1187510 2425.5
1187520 2425.5
1187530 2431.8
1187540 2437.9
1187550 2437.9
1187560 2445.5
1187570 2453.2
1187580 2453.2
1187590 2458.2
1187600 2464.7
1187610 2464.7
1187620 2471.9
1187630 2483.0
1187640 2483.0
1187650 2491.1
1187660 2501.3
1187670 2513.2
1187680 2513.2
1187690 2521.9
1187700 2528.0
1187710 2526.6
1187720 2533.2
1187730 2539.7
1187740 2539.7
1187750 2546.1
1187760 2552.5
1187770 2552.5
1187780 2559.3
1187790 2566.5
1187800 2566.5
1187810 2572.9
1187820 2580.2
1187830 2580.2
1187840 2590.0
1187850 2597.9
1187860 2597.9
1187870 2604.9
1187880 2613.2
1187890 2624.3
1187900 2624.3
1187910 2634.3
1187920 2642.1
1187930 2642.1
1187940 2650.7
1187950 2659.4
1187960 2659.4
1187970 2667.1
1187980 2672.6
1187990 2672.6
1188000 2677.2
1188010 2683.9
1188020 2683.9
1188030 2692.1
1188040 2699.4
1188050 2699.4
1188060 2706.5
1188070 2714.9
1188080 2723.9
1188090 2723.9
1188100 2729.5
1188110 2734.3
1188120 2734.3
1188130 2736.8
1188140 2742.0
1188150 2742.0
1188160 2748.3
1188170 2752.3
1188180 2752.3
1188190 2757.2
1188200 2762.4
1188210 2762.4
1188220 2767.8
1188230 2773.9
1188240 2773.9
1188250 2780.3
1188260 2786.0
1188270 2786.0
1188280 2791.1
1188290 2796.0
1188300 2800.9
1188310 2800.9
1188320 2806.3
1188330 2812.0
1188340 2812.0
1188350 2817.7
1188360 2823.7
1188370 2823.7
1188380 2829.8
1188390 2834.9
1188400 2834.9
1188410 2839.0
1188420 2843.6
1188430 2843.6
1188440 2849.9
1188450 2857.6
1188460 2857.6
1188470 2866.5
1188480 2876.8
1188490 2884.2
1188500 2884.2
1188510 2891.6
1188520 2899.0
1188530 2899.0
1188540 2907.1
1188550 2914.0
1188560 2913.5
1188570 2920.0
1188580 2925.8
1188590 2925.8
1188600 2931.7
1188610 2938.3
1188620 2938.3
1188630 2944.7
1188640 2949.7
1188650 2949.7
1188660 2955.1
1188670 2960.5
1188680 2960.5
1188690 2965.6
1188700 2971.6
1188710 2977.4
1188720 2977.4
1188730 2982.8
1188740 2985.3
1188750 2985.3
1188760 2983.7
1188770 2983.5
1188780 2983.5
1188790 2984.4
1188800 2981.9
1188810 2981.9
1188820 2979.0
1188830 2977.9
1188840 2977.9
1188850 2980.1
1188860 2984.9
1188870 2984.9
1188880 2990.7
1188890 2994.0
1188900 2997.7
1188910 2997.7
1188920 3004.7
1188930 3012.0
1188940 3012.0
1188950 3017.0
1188960 3020.1
1188970 3020.1
1188980 3024.5
1188990 3027.0
1189000 3027.0
1189010 3034.3
1189020 3041.8
1189030 3041.8
1189040 3046.3
1189050 3046.8
1189060 3046.8
1189070 3046.1
1189080 3043.3
1189090 3043.3
1189100 3041.8
1189110 3038.6
1189120 3034.2
1189130 3034.2
1189140 3029.7
1189150 3026.9
1189160 3026.9
1189170 3024.8
1189180 3019.6
1189190 3019.6
1189200 3017.1
1189210 3016.7
1189220 3016.7
1189230 3016.9
1189240 3016.8
1189250 3016.8
1189260 3015.8
1189270 3016.9
1189280 3016.9
1189290 3018.0
1189300 3017.4
1189310 3017.7
1189320 3017.7
1189330 3017.4
1189340 3014.2
1189350 3014.2
1189360 3011.2
1189370 3008.0
1189380 3008.0
1189390 3004.6
1189400 3003.2
1189410 3003.2
1189420 3009.2
1189430 3008.8
1189440 3008.8
1189450 3008.7
1189460 3009.4
1189470 3009.4
1189480 3007.3
1189490 3004.1
1189500 3004.1
1189510 3000.5
1189520 2999.3
1189530 3001.6
1189540 3001.6
1189550 3000.1
1189560 2996.9
1189570 2996.9
1189580 2996.0
1189590 2993.2
1189600 2993.2
1189610 2991.2
1189620 2989.5
1189630 2989.5
1189640 2985.4
1189650 2983.2
1189660 2983.2
1189670 2982.6
1189680 2983.1
1189690 2983.1
1189700 2984.3
1189710 2985.6
1189720 2986.8
1189730 2986.8
1189740 2988.0
1189750 2988.9
1189760 2988.9
1189770 2991.0
1189780 2997.3
1189790 2997.3
1189800 3010.6
1189810 3014.8
1189820 3014.8
1189830 3013.2
1189840 3011.6
1189850 3012.5
1189860 3011.6
1189870 3010.7
1189880 3010.7
1189890 3009.5
1189900 3008.7
1189910 3008.7
1189920 3007.2
1189930 3004.1
1189940 3000.3
1189950 3000.3
1189960 2995.4
1189970 2990.7
1189980 2990.7
1189990 2987.0
1190000 2985.5
1190010 2985.5
1190020 2985.7
1190030 2986.4
1190040 2986.4
1190050 2986.8
1190060 2986.5
1190070 2986.5
1190080 2985.0
1190090 2982.5
1190100 2982.5
1190110 2979.3
1190120 2974.9
1190130 2968.7
1190140 2968.7
1190150 2964.2
1190160 2961.4
1190170 2961.4
1190180 2956.8
1190190 2951.5
1190200 2951.5
1190210 2946.5
1190220 2940.8
1190230 2940.8
1190240 2937.6
1190250 2935.7
1190260 2935.7
1190270 2934.6
1190280 2940.4
1190290 2940.4
1190300 2941.1
1190310 2941.9
1190320 2941.9
1190330 2943.1
1190340 2945.4
1190350 2947.2
1190360 2947.2
1190370 2946.4
1190380 2945.1
1190390 2945.1
1190400 2947.0
1190410 2949.2
1190420 2949.2
1190430 2946.1
1190440 2934.8
1190450 2934.8
1190460 2926.4
1190470 2915.9
1190480 2915.9
1190490 2911.6
1190500 2909.6
1190510 2909.6
1190520 2905.1
1190530 2901.0
1190540 2900.2
1190550 2900.2
1190560 2900.6
1190570 2897.9
1190580 2897.9
1190590 2899.0
1190600 2899.7
1190610 2899.7
1190620 2892.4
1190630 2875.5
1190640 2875.5
1190650 2864.4
1190660 2855.3
1190670 2855.3
1190680 2839.7
1190690 2832.1
1190700 2832.1
1190710 2822.9
1190720 2817.3
1190730 2817.3
1190740 2811.0
1190750 2804.8
1190760 2799.6
1190770 2799.6
1190780 2795.8
1190790 2792.8
1190800 2792.8
1190810 2789.0
1190820 2781.3
1190830 2781.3
1190840 2772.3
1190850 2764.5
1190860 2764.5
1190870 2756.9
1190880 2750.2
1190890 2750.2
1190900 2745.6
1190910 2741.6
1190920 2741.6
1190930 2739.1
1190940 2737.8
1190950 2737.8
1190960 2737.0
1190970 2736.3
1190980 2734.6
1190990 2734.6
1191000 2732.8
1191010 2730.7
1191020 2730.7
1191030 2727.5
1191040 2724.2
1191050 2724.2
1191060 2721.8
1191070 2720.2
1191080 2720.2
1191090 2718.6
1191100 2716.2
1191110 2716.2
1191120 2712.5
1191130 2708.2
1191140 2702.8
1191150 2698.3
1191160 2693.6
1191170 2689.3
1191180 2689.3
1191190 2685.9
1191200 2683.3
1191210 2683.3
1191220 2680.2
1191230 2676.7
1191240 2676.7
1191250 2672.6
1191260 2668.2
1191270 2668.2
1191280 2664.4
1191290 2661.0
1191300 2661.0
1191310 2659.5
1191320 2660.1
1191330 2660.1
1191340 2660.1
1191350 2660.0
1191360 2660.0
1191370 2659.5
1191380 2658.8
1191390 2658.2
1191400 2658.2
1191410 2658.5
1191420 2659.2
1191430 2659.2
1191440 2659.0
1191450 2658.2
1191460 2658.2
1191470 2656.0
1191480 2653.6
1191490 2653.6
1191500 2651.0
1191510 2648.5
1191520 2648.5
1191530 2646.4
1191540 2645.8
1191550 2645.8
1191560 2645.2
1191570 2637.6
1191580 2635.9
1191590 2635.9
1191600 2634.8
1191610 2633.5
1191620 2633.5
1191630 2631.9
1191640 2631.0
1191650 2631.0
1191660 2628.3
1191670 2623.9
1191680 2623.9
1191690 2622.6
1191700 2620.3
1191710 2620.3
1191720 2618.2
1191730 2615.7
1191740 2615.7
1191750 2612.9
1191760 2610.2
1191770 2610.2
1191780 2608.9
1191790 2609.0
1191800 2610.7
1191810 2610.7
1191820 2611.9
1191830 2612.8
1191840 2612.8
1191850 2612.5
1191860 2609.5
1191870 2609.5
1191880 2606.0
1191890 2602.2
1191900 2602.2
1191910 2598.5
1191920 2595.4
1191930 2595.4
1191940 2593.7
1191950 2593.1
1191960 2593.1
1191970 2592.7
1191980 2591.8
1191990 2590.5
1192000 2584.5
1192010 2583.6
1192020 2582.5
1192030 2582.5
1192040 2581.0
1192050 2578.8
1192060 2578.8
1192070 2576.3
1192080 2574.1
1192090 2574.1
1192100 2572.1
1192110 2571.5
1192120 2571.5
1192130 2571.7
1192140 2571.3
1192150 2571.3
1192160 2569.6
1192170 2567.4
1192180 2567.4
1192190 2565.1
1192200 2563.0
1192210 2561.4
1192220 2561.4
1192230 2559.4
1192240 2556.7
1192250 2556.7
1192260 2554.7
1192270 2552.8
1192280 2552.8
1192290 2551.1
1192300 2548.7
1192310 2548.7
1192320 2546.8
1192330 2546.2
1192340 2546.2
1192350 2547.4
1192360 2548.0
1192370 2548.0
1192380 2548.1
1192390 2547.0
1192400 2546.5
1192410 2546.5
1192420 2545.8
1192430 2539.2
1192440 2539.2
1192450 2541.3
1192460 2540.8
1192470 2540.8
1192480 2540.0
1192490 2538.8
1192500 2538.8
1192510 2537.9
1192520 2537.8
1192530 2537.8
1192540 2538.6
1192550 2541.8
1192560 2541.8
1192570 2548.0
1192580 2553.8
1192590 2553.8
1192600 2552.0
1192610 2547.1
1192620 2546.6
1192630 2546.6
1192640 2542.7
1192650 2537.3
1192660 2537.3
1192670 2530.7
1192680 2525.0
1192690 2525.0
1192700 2519.0
1192710 2515.1
1192720 2515.1
1192730 2510.9
1192740 2508.3
1192750 2508.3
1192760 2507.1
1192770 2504.3
1192780 2504.3
1192790 2501.0
1192800 2494.5
1192810 2484.7
1192820 2484.7
1192830 2477.8
1192840 2472.8
1192850 2472.8
1192860 2469.4
1192870 2462.3
1192880 2462.3
1192890 2457.8
1192900 2448.1
1192910 2448.1
1192920 2443.2
1192930 2443.9
1192940 2443.9
1192950 2448.3
1192960 2446.9
1192970 2446.9
1192980 2442.3
1192990 2437.8
1193000 2437.8
1193010 2434.3
1193020 2430.5
1193030 2425.2
1193040 2425.2
1193050 2418.6
1193060 2412.7
1193070 2412.7
1193080 2404.6
1193090 2396.3
1193100 2396.3
1193110 2388.2
1193120 2381.2
1193130 2381.2
1193140 2374.3
1193150 2367.9
1193160 2367.9
1193170 2362.2
1193180 2358.7
1193190 2358.7
1193200 2348.6
1193210 2329.5
1193220 2329.3
1193230 2329.3
1193240 2324.7
1193250 2313.3
1193260 2313.3
1193270 2303.8
1193280 2288.4
1193290 2288.4
1193300 2267.3
1193310 2262.3
1193320 2262.3
1193330 2258.7
1193340 2255.6
1193350 2255.6
1193360 2251.5
1193370 2246.6
1193380 2246.6
1193390 2241.8
1193400 2237.3
1193410 2237.3
1193420 2232.9
1193430 2228.0
1193440 2222.9
1193450 2222.9
1193460 2217.6
1193470 2213.4
1193480 2213.4
1193490 2209.1
1193500 2204.5
1193510 2204.5
1193520 2199.0
1193530 2192.5
1193540 2192.5
1193550 2185.6
1193560 2178.8
1193570 2178.8
1193580 2173.3
1193590 2166.9
1193600 2166.9
1193610 2158.9
1193620 2150.4
1193630 2144.3
1193640 2144.3
1193650 2140.6
1193660 2139.8
1193670 2139.8
1193680 2139.6
1193690 2139.1
1193700 2139.1
1193710 2138.4
1193720 2136.3
1193730 2136.3
1193740 2126.3
1193750 2120.3
1193760 2120.3
1193770 2114.5
1193780 2109.2
1193790 2109.2
1193800 2105.2
1193810 2100.9
1193820 2100.9
1193830 2097.9
1193840 2097.9
1193850 2096.0
1193860 2096.0
1193870 2093.1
1193880 2091.1
1193890 2091.1
1193900 2089.7
1193910 2087.3
1193920 2087.3
1193930 2086.2
1193940 2084.9
1193950 2084.9
1193960 2084.0
1193970 2083.5
1193980 2083.5
1193990 2081.4
1194000 2079.8
1194010 2079.8
1194020 2078.3
1194030 2076.8
1194040 2076.3
1194050 2076.3
1194060 2075.8
1194070 2076.6
1194080 2076.6
1194090 2076.4
1194100 2074.4
1194110 2074.4
1194120 2073.8
1194130 2073.8
1194140 2073.8
1194150 2073.4
1194160 2072.9
1194170 2066.4
1194180 2064.9
1194190 2062.2
1194200 2062.2
1194210 2057.2
1194220 2053.0
1194230 2053.0
1194240 2050.1
1194250 2047.6
1194260 2044.8
1194270 2044.8
1194280 2042.7
1194290 2040.0
1194300 2040.0
1194310 2037.3
1194320 2034.8
1194330 2034.8
1194340 2040.0
1194350 2043.6
1194360 2043.6
1194370 2040.7
1194380 2035.9
1194390 2035.9
1194400 2031.5
1194410 2026.4
1194420 2026.4
1194430 2021.1
1194440 2016.7
1194450 2012.8
1194460 2012.8
1194470 2008.6
1194480 2004.6
1194490 2004.6
1194500 2002.3
1194510 2000.3
1194520 2000.3
1194530 1997.8
1194540 1995.3
1194550 1995.3
1194560 1992.1
1194570 1987.8
1194580 1987.8
1194590 1981.6
1194600 1974.8
1194610 1967.1
1194620 1962.1
1194630 1956.5
1194640 1956.5
1194650 1950.7
1194660 1941.6
1194670 1935.1
1194680 1935.1
1194690 1929.7
1194700 1923.8
1194710 1923.8
1194720 1918.0
1194730 1912.3
1194740 1912.3
1194750 1905.5
1194760 1895.4
1194770 1895.4
1194780 1887.7
1194790 1880.5
1194800 1880.5
1194810 1870.6
1194820 1860.6
1194830 1860.6
1194840 1850.5
1194850 1840.2
1194860 1813.6
1194870 1813.6
1194880 1781.8
1194890 1764.2
1194900 1764.2
1194910 1743.1
1194920 1728.1
1194930 1728.1
1194940 1708.6
1194950 1694.9
1194960 1694.9
1194970 1687.2
1194980 1679.6
1194990 1679.6
1195000 1672.2
1195010 1665.1
1195020 1665.1
1195030 1657.7
1195040 1651.0
1195050 1648.4
1195060 1645.6
1195070 1639.8
1195080 1632.2
1195090 1632.2
1195100 1624.2
1195110 1616.3
1195120 1616.3
1195130 1608.4
1195140 1600.7
1195150 1600.7
1195160 1593.5
1195170 1586.2
1195180 1586.2
1195190 1579.0
1195200 1570.3
1195210 1570.3
1195220 1561.0
1195230 1552.6
1195240 1552.6
1195250 1545.6
1195260 1538.8
1195270 1531.2
1195280 1531.2
1195290 1525.3
1195300 1521.2
1195310 1521.2
1195320 1516.7
1195330 1511.9
1195340 1511.9
1195350 1509.0
1195360 1506.1
1195370 1506.1
1195380 1506.3
1195390 1506.1
1195400 1506.1
1195410 1506.0
1195420 1505.9
1195430 1505.9
1195440 1505.8
1195450 1505.8
1195460 1505.8
1195470 1505.7
1195480 1505.8
1195490 1505.8
1195500 1505.8
1195510 1505.7
1195520 1505.7
1195530 1505.7
1195540 1505.7
1195550 1505.7
1195560 1505.7
1195570 1505.7
1195580 1505.6
1195590 1505.6
1195600 1505.7
1195610 1506.4
1195620 1506.4
1195630 1505.5
1195640 1505.4
1195650 1505.4
1195660 1505.4
1195670 1505.3
1195680 1505.9
1195690 1505.9
1195700 1508.3
1195710 1513.6
1195720 1513.6
1195730 1520.0
1195740 1526.7
1195750 1526.7
1195760 1533.5
1195770 1539.9
1195780 1539.9
1195790 1546.3
1195800 1552.7
1195810 1552.7
1195820 1559.3
1195830 1565.0
1195840 1565.0
1195850 1570.9
1195860 1577.0
1195870 1577.0
1195880 1582.9
1195890 1588.8
1195900 1594.8
1195910 1594.8
1195920 1605.6
1195930 1611.9
1195940 1611.9
1195950 1619.2
1195960 1625.9
1195970 1625.9
1195980 1632.2
1195990 1643.2
1196000 1643.2
1196010 1654.7
1196020 1663.0
1196030 1663.0
1196040 1670.9
1196050 1680.4
1196060 1680.4
1196070 1688.2
1196080 1691.8
1196090 1695.7
1196100 1695.7
1196110 1712.7
1196120 1724.1
1196130 1724.1
1196140 1729.4
1196150 1739.3
1196160 1739.3
1196170 1746.8
1196180 1753.0
1196190 1753.0
1196200 1758.9
1196210 1768.3
1196220 1768.3
1196230 1769.6
1196240 1766.3
1196250 1766.3
1196260 1771.0
1196270 1796.0
1196280 1796.0
1196290 1837.1
1196300 1853.6
1196310 1862.7
1196320 1862.7
1196330 1870.1
1196340 1873.8
1196350 1873.8
1196360 1868.5
1196370 1877.6
1196380 1877.6
1196390 1896.9
1196400 1911.4
1196410 1911.4
1196420 1921.7
1196430 1925.0
1196440 1925.0
1196450 1928.6
1196460 1933.4
1196470 1933.4
1196480 1937.1
1196490 1940.7
1196500 1940.7
1196510 1943.8
1196520 1947.5
1196530 1952.2
1196540 1952.2
1196550 1955.5
1196560 1957.8
1196570 1957.8
1196580 1960.7
1196590 1962.9
1196600 1962.9
1196610 1964.9
1196620 1967.4
1196630 1967.4
1196640 1969.4
1196650 1971.1
1196660 1971.1
1196670 1972.0
1196680 1972.7
1196690 1972.7
1196700 1973.2
1196710 1974.3
1196720 1975.9
1196730 1975.9
1196740 1978.2
1196750 1981.1
1196760 1981.1
1196770 1983.7
1196780 1985.8
1196790 1985.8
1196800 1992.1
1196810 1992.6
1196820 1992.6
1196830 1993.1
1196840 1993.1
1196850 1993.1
1196860 1993.9
1196870 1995.3
1196880 1995.3
1196890 1997.6
1196900 2000.1
1196910 2000.1
1196920 2003.1
1196930 2006.6
1196940 2010.1
1196950 2010.1
1196960 2013.6
1196970 2017.0
1196980 2017.0
1196990 2020.6
1197000 2024.5
1197010 2024.5
1197020 2028.0
1197030 2031.1
1197040 2031.1
1197050 2034.5
1197060 2037.2
1197070 2037.2
1197080 2039.8
1197090 2042.7
1197100 2042.7
1197110 2045.2
1197120 2047.7
1197130 2050.6
1197140 2050.6
1197150 2053.3
1197160 2055.9
1197170 2055.9
1197180 2058.2
1197190 2060.1
1197200 2060.1
1197210 2062.2
1197220 2064.4
1197230 2064.4
1197240 2070.4
1197250 2072.7
1197260 2072.7
1197270 2074.7
1197280 2076.0
1197290 2076.0
1197300 2077.1
1197310 2078.1
1197320 2078.1
1197330 2079.3
1197340 2080.8
1197350 2081.7
1197360 2081.7
1197370 2082.8
1197380 2084.0
1197390 2084.0
1197400 2084.9
1197410 2086.4
1197420 2086.4
1197430 2087.2
1197440 2086.8
1197450 2086.8
1197460 2087.0
1197470 2088.3
1197480 2088.3
1197490 2089.1
1197500 2090.7
1197510 2090.7
1197520 2092.4
1197530 2094.8
1197540 2098.2
1197550 2098.2
1197560 2101.8
1197570 2104.7
1197580 2104.7
1197590 2107.6
1197600 2110.3
1197610 2110.3
1197620 2112.3
1197630 2113.9
1197640 2113.9
1197650 2116.9
1197660 2122.2
1197670 2122.2
1197680 2132.1
1197690 2137.1
1197700 2137.1
1197710 2142.6
1197720 2148.3
1197730 2148.3
1197740 2153.2
1197750 2158.6
1197760 2164.2
1197770 2164.2
1197780 2169.7
1197790 2173.8
1197800 2173.8
1197810 2177.7
1197820 2182.5
1197830 2182.5
1197840 2187.2
1197850 2191.8
1197860 2191.8
1197870 2195.6
1197880 2198.0
1197890 2198.0
1197900 2198.7
1197910 2198.2
1197920 2198.2
1197930 2197.1
1197940 2197.8
1197950 2200.1
1197960 2200.1
1197970 2202.3
1197980 2204.3
1197990 2204.3
1198000 2205.6
1198010 2206.9
1198020 2206.9
1198030 2208.8
1198040 2209.6
1198050 2209.6
1198060 2208.4
1198070 2206.8
1198080 2206.8
1198090 2206.1
1198100 2205.6
1198110 2205.6
1198120 2211.1
1198130 2212.9
1198140 2212.9
1198150 2213.1
1198160 2211.3
1198170 2209.2
1198180 2209.2
1198190 2208.7
1198200 2211.3
1198210 2211.3
1198220 2216.0
1198230 2221.2
1198240 2221.2
1198250 2223.6
1198260 2224.9
1198270 2224.9
1198280 2226.3
1198290 2229.1
1198300 2229.1
1198310 2233.3
1198320 2235.8
1198330 2235.8
1198340 2236.7
1198350 2238.0
1198360 2240.3
1198370 2240.3
1198380 2243.1
1198390 2245.7
1198400 2245.7
1198410 2248.5
1198420 2251.6
1198430 2251.6
1198440 2255.7
1198450 2260.2
1198460 2260.2
1198470 2264.3
1198480 2267.2
1198490 2267.2
1198500 2268.4
1198510 2267.1
1198520 2267.1
1198530 2266.0
1198540 2266.4
1198550 2266.4
1198560 2264.3
1198570 2266.8
1198580 2269.3
1198590 2269.3
1198600 2271.9
1198610 2274.6
1198620 2274.6
1198630 2278.7
1198640 2283.9
1198650 2283.9
1198660 2284.8
1198670 2286.5
1198680 2286.5
1198690 2289.5
1198700 2292.4
1198710 2292.4
1198720 2295.5
1198730 2298.8
1198740 2298.8
1198750 2301.3
1198760 2302.5
1198770 2302.6
1198780 2302.6
1198790 2304.0
1198800 2304.6
1198810 2304.6
1198820 2305.3
1198830 2307.8
1198840 2307.8
1198850 2310.6
1198860 2312.3
1198870 2312.3
1198880 2312.3
1198890 2312.8
1198900 2312.8
1198910 2314.3
1198920 2315.7
1198930 2315.7
1198940 2316.8
1198950 2318.8
1198960 2318.8
1198970 2319.7
1198980 2320.8
1198990 2322.3
1199000 2322.3
1199010 2322.9
1199020 2324.3
1199030 2324.3
1199040 2326.0
1199050 2328.9
1199060 2328.9
1199070 2332.5
1199080 2336.5
1199090 2336.5
1199100 2340.8
1199110 2344.4
1199120 2344.4
1199130 2347.5
1199140 2350.5
1199150 2350.5
1199160 2353.4
1199170 2356.5
1199180 2359.3
1199190 2359.3
1199200 2362.2
1199210 2365.0
1199220 2365.0
1199230 2367.8
1199240 2370.7
1199250 2370.7
1199260 2373.7
1199270 2376.7
1199280 2376.7
1199290 2379.7
1199300 2382.8
1199310 2382.8
1199320 2386.1
1199330 2389.3
1199340 2389.3
1199350 2392.7
1199360 2396.0
1199370 2396.0
1199380 2399.2
1199390 2402.4
1199400 2405.5
1199410 2405.5
1199420 2408.5
1199430 2411.4
1199440 2411.4
1199450 2411.9
1199460 2414.6
1199470 2414.6
1199480 2417.3
1199490 2419.9
1199500 2419.9
1199510 2422.2
1199520 2424.4
1199530 2424.4
1199540 2426.7
1199550 2429.0
1199560 2429.0
1199570 2430.9
1199580 2433.0
1199590 2435.0
1199600 2435.0
1199610 2436.7
1199620 2437.6
1199630 2437.6
1199640 2442.0
1199650 2448.1
1199660 2448.1
1199670 2454.0
1199680 2459.4
1199690 2459.4
1199700 2464.4
1199710 2470.4
1199720 2470.4
1199730 2476.4
1199740 2482.9
1199750 2482.9
1199760 2489.7
1199770 2500.1
1199780 2500.1
1199790 2512.8
1199800 2523.6
1199810 2538.0
1199820 2538.0
1199830 2541.9
1199840 2542.4
1199850 2542.4
1199860 2543.5
1199870 2546.3
1199880 2546.3
1199890 2534.2
1199900 2539.0
1199910 2539.0
1199920 2543.1
1199930 2548.8
1199940 2548.8
1199950 2553.0
1199960 2557.0
1199970 2557.0
1199980 2563.5
1199990 2571.3
