1180000 1943.7
1180010 1941.9
1180020 1941.9
1180030 1938.1
1180040 1934.6
1180050 1934.6
1180060 1932.0
1180070 1929.7
1180080 1927.7
1180090 1927.7
1180100 1925.8
1180110 1922.8
1180120 1922.8
1180130 1919.5
1180140 1916.4
1180150 1916.4
1180160 1914.6
1180170 1912.3
1180180 1912.3
1180190 1909.6
1180200 1906.9
1180210 1906.9
1180220 1904.1
1180230 1902.0
1180240 1897.9
1180250 1895.9
1180260 1893.3
1180270 1892.1
1180280 1892.1
1180290 1891.0
1180300 1889.7
1180310 1889.7
1180320 1887.6
1180330 1885.4
1180340 1885.4
1180350 1884.0
1180360 1883.0
1180370 1883.0
1180380 1881.1
1180390 1877.8
1180400 1877.8
1180410 1873.9
1180420 1870.1
1180430 1870.1
1180440 1868.1
1180450 1865.9
1180460 1865.9
1180470 1863.8
1180480 1861.8
1180490 1859.4
1180500 1859.4
1180510 1857.7
1180520 1855.8
1180530 1855.8
1180540 1852.5
1180550 1849.8
1180560 1849.8
1180570 1847.1
1180580 1843.7
1180590 1843.7
1180600 1839.6
1180610 1835.9
1180620 1835.9
1180630 1832.7
1180640 1829.3
1180650 1826.0
1180660 1823.2
1180670 1820.6
1180680 1817.0
1180690 1817.0
1180700 1811.5
1180710 1806.1
1180720 1806.1
1180730 1800.7
1180740 1797.3
1180750 1797.3
1180760 1794.9
1180770 1792.0
1180780 1792.0
1180790 1792.0
1180800 1791.3
1180810 1791.3
1180820 1788.9
1180830 1785.4
1180840 1785.4
1180850 1780.4
1180860 1775.3
1180870 1775.3
1180880 1772.7
1180890 1771.3
1180900 1771.6
1180910 1771.6
1180920 1773.9
1180930 1774.5
1180940 1774.5
1180950 1772.1
1180960 1768.2
1180970 1768.2
1180980 1765.8
1180990 1763.0
1181000 1763.0
1181010 1760.4
1181020 1757.9
1181030 1757.9
1181040 1755.9
1181050 1754.0
1181060 1754.0
1181070 1748.2
1181080 1747.1
1181090 1745.9
1181100 1745.9
1181110 1743.5
1181120 1739.8
1181130 1739.8
1181140 1736.6
1181150 1734.5
1181160 1734.5
1181170 1731.9
1181180 1728.7
1181190 1728.7
1181200 1725.7
1181210 1723.9
1181220 1723.9
1181230 1721.9
1181240 1719.5
1181250 1719.5
1181260 1717.5
1181270 1716.4
1181280 1716.4
1181290 1716.0
1181300 1716.2
1181310 1717.0
1181320 1717.0
1181330 1718.0
1181340 1719.9
1181350 1719.9
1181360 1721.4
1181370 1722.7
1181380 1722.7
1181390 1724.5
1181400 1726.5
1181410 1726.5
1181420 1728.7
1181430 1730.8
1181440 1730.8
1181450 1732.9
1181460 1735.1
1181470 1735.1
1181480 1737.5
1181490 1741.4
1181500 1743.6
1181510 1743.6
1181520 1745.8
1181530 1748.4
1181540 1748.4
1181550 1751.5
1181560 1754.1
1181570 1754.1
1181580 1756.7
1181590 1759.5
1181600 1759.5
1181610 1762.1
1181620 1764.4
1181630 1764.4
1181640 1767.6
1181650 1771.0
1181660 1771.0
1181670 1774.1
1181680 1776.6
1181690 1776.6
1181700 1778.7
1181710 1779.6
1181720 1779.7
1181730 1779.7
1181740 1781.0
1181750 1781.7
1181760 1781.7
1181770 1782.4
1181780 1784.8
1181790 1784.8
1181800 1787.5
1181810 1790.3
1181820 1790.3
1181830 1795.1
1181840 1799.3
1181850 1799.3
1181860 1803.1
1181870 1807.7
1181880 1807.7
1181890 1810.9
1181900 1818.9
1181910 1818.9
1181920 1823.1
1181930 1827.6
1181940 1830.8
1181950 1830.8
1181960 1834.2
1181970 1837.5
1181980 1837.5
1181990 1840.9
1182000 1844.9
1182010 1844.9
1182020 1849.7
1182030 1854.7
1182040 1854.7
1182050 1858.5
1182060 1862.0
1182070 1862.0
1182080 1866.8
1182090 1870.3
1182100 1870.3
1182110 1871.5
1182120 1872.4
1182130 1873.7
1182140 1873.7
1182150 1873.2
1182160 1875.3
1182170 1875.3
1182180 1877.8
1182190 1880.0
1182200 1880.0
1182210 1881.9
1182220 1884.7
1182230 1884.7
1182240 1888.3
1182250 1892.1
1182260 1892.1
1182270 1894.6
1182280 1899.2
1182290 1899.2
1182300 1900.4
1182310 1900.9
1182320 1910.7
1182330 1915.8
1182340 1914.2
1182350 1912.8
1182360 1912.8
1182370 1911.9
1182380 1911.1
1182390 1911.1
1182400 1907.8
1182410 1904.6
1182420 1904.6
1182430 1901.1
1182440 1898.0
1182450 1898.0
1182460 1897.4
1182470 1896.7
1182480 1896.7
1182490 1895.1
1182500 1888.7
1182510 1888.7
1182520 1884.0
1182530 1891.4
1182540 1901.3
1182550 1901.3
1182560 1904.2
1182570 1907.8
1182580 1907.8
1182590 1912.3
1182600 1919.2
1182610 1919.2
1182620 1927.0
1182630 1932.6
1182640 1932.6
1182650 1931.3
1182660 1930.8
1182670 1930.8
1182680 1927.3
1182690 1924.1
1182700 1924.1
1182710 1920.1
1182720 1915.3
1182730 1915.3
1182740 1919.3
1182750 1924.1
1182760 1946.0
1182770 1946.0
1182780 1962.2
1182790 1978.1
1182800 1978.1
1182810 1988.0
1182820 1981.5
1182830 1981.5
1182840 1972.6
1182850 1964.4
1182860 1964.4
1182870 1956.6
1182880 1948.1
1182890 1948.1
1182900 1939.8
1182910 1934.6
1182920 1934.6
1182930 1933.6
1182940 1934.4
1182950 1945.3
1182960 1945.3
1182970 1951.5
1182980 1944.5
1182990 1944.5
1183000 1936.8
1183010 1929.8
1183020 1929.8
1183030 1924.3
1183040 1927.7
1183050 1927.7
1183060 1934.7
1183070 1931.5
1183080 1931.5
1183090 1926.5
1183100 1919.5
1183110 1919.5
1183120 1913.6
1183130 1908.1
1183140 1908.1
1183150 1903.1
1183160 1906.4
1183170 1914.3
1183180 1914.3
1183190 1930.9
1183200 1934.9
1183210 1934.9
1183220 1936.6
1183230 1939.6
1183240 1939.6
1183250 1940.6
1183260 1940.7
1183270 1940.7
1183280 1941.7
1183290 1942.3
1183300 1942.3
1183310 1940.1
1183320 1939.2
1183330 1939.2
1183340 1940.1
1183350 1941.4
1183360 1944.7
1183370 1944.7
1183380 1948.3
1183390 1950.2
1183400 1950.2
1183410 1951.4
1183420 1951.0
1183430 1951.0
1183440 1951.3
1183450 1951.1
1183460 1951.1
1183470 1951.6
1183480 1949.2
1183490 1949.2
1183500 1946.9
1183510 1951.8
1183520 1951.8
1183530 1960.3
1183540 1966.5
1183550 1966.5
1183560 1971.9
1183570 1979.8
1183580 1989.3
1183590 1989.3
1183600 1992.4
1183610 1993.9
1183620 1993.9
1183630 1996.9
1183640 2000.5
1183650 2000.5
1183660 2004.8
1183670 2008.4
1183680 2008.4
1183690 2011.7
1183700 2013.6
1183710 2013.6
1183720 2014.9
1183730 2016.2
1183740 2016.2
1183750 2017.1
1183760 2017.7
1183770 2017.8
1183780 2017.8
1183790 2019.2
1183800 2021.6
1183810 2021.6
1183820 2023.4
1183830 2023.6
1183840 2023.6
1183850 2023.2
1183860 2022.6
1183870 2022.6
1183880 2021.6
1183890 2021.9
1183900 2021.9
1183910 2022.5
1183920 2023.4
1183930 2023.4
1183940 2024.5
1183950 2025.3
1183960 2025.3
1183970 2025.0
1183980 2025.1
1183990 2025.3
1184000 2031.1
1184010 2031.0
1184020 2030.2
1184030 2030.2
1184040 2029.0
1184050 2028.4
1184060 2028.4
1184070 2028.6
1184080 2030.4
1184090 2030.4
1184100 2031.8
1184110 2032.4
1184120 2032.4
1184130 2033.4
1184140 2035.0
1184150 2035.0
1184160 2036.5
1184170 2034.8
1184180 2035.5
1184190 2035.5
1184200 2038.0
1184210 2032.0
1184220 2032.0
1184230 2023.7
1184240 2018.5
1184250 2018.5
1184260 2015.5
1184270 2017.2
1184280 2017.2
1184290 2020.5
1184300 2020.9
1184310 2020.9
1184320 2022.5
1184330 2026.0
1184340 2026.0
1184350 2032.3
1184360 2039.2
1184370 2039.2
1184380 2046.8
1184390 2053.4
1184400 2057.4
1184410 2057.4
1184420 2058.9
1184430 2063.1
1184440 2063.1
1184450 2067.3
1184460 2071.4
1184470 2071.4
1184480 2076.0
1184490 2080.6
1184500 2080.6
1184510 2085.4
1184520 2090.1
1184530 2090.1
1184540 2094.7
1184550 2099.0
1184560 2099.0
1184570 2102.6
1184580 2106.2
1184590 2113.5
1184600 2113.5
1184610 2123.6
1184620 2133.5
1184630 2133.5
1184640 2142.5
1184650 2146.7
1184660 2146.7
1184670 2151.4
1184680 2157.1
1184690 2157.1
1184700 2163.9
1184710 2170.3
1184720 2170.3
1184730 2174.9
1184740 2179.6
1184750 2179.6
1184760 2184.4
1184770 2192.2
1184780 2192.2
1184790 2199.7
1184800 2205.6
1184810 2211.5
1184820 2211.5
1184830 2217.1
1184840 2223.0
1184850 2219.1
1184860 2223.7
1184870 2229.3
1184880 2229.3
1184890 2236.9
1184900 2246.6
1184910 2246.6
1184920 2259.0
1184930 2269.2
1184940 2269.2
1184950 2277.6
1184960 2286.0
1184970 2286.0
1184980 2296.1
1184990 2304.7
1185000 2313.7
1185010 2313.7
1185020 2321.9
1185030 2328.0
1185040 2328.0
1185050 2331.0
1185060 2335.7
1185070 2335.7
1185080 2343.0
1185090 2347.5
1185100 2347.5
1185110 2353.6
1185120 2360.6
1185130 2360.6
1185140 2369.1
1185150 2379.0
1185160 2379.0
1185170 2386.9
1185180 2395.7
1185190 2395.7
1185200 2404.4
1185210 2417.0
1185220 2432.8
1185230 2432.8
1185240 2446.4
1185250 2461.7
1185260 2461.7
1185270 2484.7
1185280 2489.3
1185290 2489.3
1185300 2495.6
1185310 2508.1
1185320 2508.1
1185330 2534.2
1185340 2556.1
1185350 2556.1
1185360 2574.1
1185370 2596.3
1185380 2596.3
1185390 2616.8
1185400 2629.7
1185410 2630.2
1185420 2630.2
1185430 2632.1
1185440 2631.6
1185450 2631.6
1185460 2632.6
1185470 2634.0
1185480 2634.0
1185490 2636.4
1185500 2639.2
1185510 2639.2
1185520 2642.1
1185530 2644.4
1185540 2644.4
1185550 2647.6
1185560 2645.7
1185570 2645.7
1185580 2642.2
1185590 2633.9
1185600 2633.9
1185610 2625.4
1185620 2616.8
1185630 2606.7
1185640 2606.7
1185650 2593.9
1185660 2588.5
1185670 2588.5
1185680 2584.6
1185690 2585.2
1185700 2585.2
1185710 2578.5
1185720 2574.6
1185730 2574.6
1185740 2575.7
1185750 2574.9
1185760 2574.9
1185770 2568.8
1185780 2562.7
1185790 2562.7
1185800 2556.7
1185810 2550.1
1185820 2540.3
1185830 2540.3
1185840 2526.9
1185850 2513.9
1185860 2513.9
1185870 2501.3
1185880 2489.9
1185890 2489.9
1185900 2477.5
1185910 2467.0
1185920 2467.0
1185930 2465.2
1185940 2471.5
1185950 2471.5
1185960 2465.7
1185970 2463.7
1185980 2463.7
1185990 2463.6
1186000 2461.5
1186010 2461.5
1186020 2463.5
1186030 2471.2
1186040 2466.7
1186050 2466.7
1186060 2455.8
1186070 2445.4
1186080 2445.4
1186090 2433.6
1186100 2422.9
1186110 2422.9
1186120 2414.0
1186130 2405.6
1186140 2405.6
1186150 2393.7
1186160 2381.5
1186170 2381.5
1186180 2369.2
1186190 2358.9
1186200 2358.9
1186210 2351.4
1186220 2348.6
1186230 2344.9
1186240 2344.9
1186250 2340.1
1186260 2335.4
1186270 2335.4
1186280 2331.1
1186290 2326.9
1186300 2326.9
1186310 2322.9
1186320 2319.4
1186330 2319.4
1186340 2315.8
1186350 2312.0
1186360 2312.0
1186370 2307.5
1186380 2302.6
1186390 2302.6
1186400 2297.5
1186410 2292.1
1186420 2292.1
1186430 2286.6
1186440 2281.0
1186450 2276.3
1186460 2276.3
1186470 2271.2
1186480 2266.2
1186490 2266.2
1186500 2261.4
1186510 2257.1
1186520 2257.1
1186530 2253.0
1186540 2252.7
1186550 2252.7
1186560 2248.2
1186570 2243.8
1186580 2243.8
1186590 2239.4
1186600 2234.9
1186610 2234.9
1186620 2230.4
1186630 2226.3
1186640 2222.1
1186650 2222.1
1186660 2217.8
1186670 2213.7
1186680 2213.7
1186690 2209.5
1186700 2205.1
1186710 2205.1
1186720 2201.0
1186730 2196.9
1186740 2196.9
1186750 2192.9
1186760 2189.4
1186770 2189.4
1186780 2186.9
1186790 2184.0
1186800 2184.0
1186810 2181.7
1186820 2179.9
1186830 2179.9
1186840 2178.4
1186850 2177.6
1186860 2177.6
1186870 2177.6
1186880 2177.7
1186890 2177.8
1186900 2177.8
1186910 2177.8
1186920 2177.8
1186930 2177.8
1186940 2177.9
1186950 2178.0
1186960 2178.4
1186970 2178.4
1186980 2178.4
1186990 2178.4
1187000 2178.9
1187010 2181.3
1187020 2181.3
1187030 2184.5
1187040 2188.0
1187050 2188.0
1187060 2191.6
1187070 2195.3
1187080 2199.2
1187090 2199.2
1187100 2203.2
1187110 2206.9
1187120 2206.9
1187130 2210.8
1187140 2214.4
1187150 2214.4
1187160 2218.3
1187170 2222.3
1187180 2222.3
1187190 2226.1
1187200 2229.8
1187210 2229.8
1187220 2233.6
1187230 2237.6
1187240 2237.6
1187250 2241.5
1187260 2245.4
1187270 2249.5
1187280 2249.5
1187290 2253.7
1187300 2258.6
1187310 2258.6
1187320 2264.9
1187330 2271.9
1187340 2271.9
1187350 2279.2
1187360 2286.7
1187370 2286.7
1187380 2295.4
1187390 2302.3
1187400 2302.3
1187410 2310.5
1187420 2318.2
1187430 2318.2
1187440 2327.8
1187450 2340.1
1187460 2340.1
1187470 2348.5
1187480 2354.3
1187490 2361.1
1187500 2361.1
1187510 2368.0
1187520 2374.9
1187530 2374.9
1187540 2383.0
1187550 2390.9
1187560 2390.9
1187570 2397.3
1187580 2406.2
1187590 2406.2
1187600 2418.5
1187610 2429.6
1187620 2429.6
1187630 2438.9
1187640 2446.1
1187650 2446.1
1187660 2451.8
1187670 2457.9
1187680 2466.2
1187690 2466.2
1187700 2474.8
1187710 2482.8
1187720 2482.8
1187730 2490.8
1187740 2499.1
1187750 2499.1
1187760 2504.8
1187770 2510.3
1187780 2510.3
1187790 2515.3
1187800 2516.7
1187810 2516.7
1187820 2508.3
1187830 2510.8
1187840 2510.8
1187850 2516.5
1187860 2524.1
1187870 2524.1
1187880 2532.3
1187890 2541.2
1187900 2550.5
1187910 2550.5
1187920 2559.8
1187930 2570.5
1187940 2570.5
1187950 2579.5
1187960 2586.3
1187970 2586.3
1187980 2594.8
1187990 2604.3
1188000 2604.3
1188010 2614.1
1188020 2622.5
1188030 2622.5
1188040 2630.5
1188050 2639.2
1188060 2639.2
1188070 2649.4
1188080 2659.8
1188090 2666.9
1188100 2666.9
1188110 2673.0
1188120 2680.6
1188130 2680.6
1188140 2688.4
1188150 2696.1
1188160 2696.1
1188170 2704.5
1188180 2711.9
1188190 2711.9
1188200 2719.5
1188210 2728.5
1188220 2728.5
1188230 2737.2
1188240 2739.7
1188250 2739.7
1188260 2746.0
1188270 2751.9
1188280 2751.9
1188290 2757.3
1188300 2762.7
1188310 2768.6
1188320 2768.6
1188330 2774.6
1188340 2779.9
1188350 2779.9
1188360 2786.6
1188370 2794.3
1188380 2794.3
1188390 2802.3
1188400 2810.2
1188410 2810.2
1188420 2817.8
1188430 2824.6
1188440 2824.6
1188450 2831.7
1188460 2838.9
1188470 2838.9
1188480 2845.5
1188490 2851.6
1188500 2856.2
1188510 2856.2
1188520 2856.5
1188530 2853.8
1188540 2853.8
1188550 2851.6
1188560 2849.4
1188570 2849.4
1188580 2844.3
1188590 2838.7
1188600 2838.7
1188610 2836.4
1188620 2834.6
1188630 2834.6
1188640 2832.8
1188650 2832.4
1188660 2832.4
1188670 2824.2
1188680 2825.6
1188690 2825.6
1188700 2827.7
1188710 2828.9
1188720 2830.8
1188730 2830.8
1188740 2832.4
1188750 2834.7
1188760 2834.7
1188770 2836.3
1188780 2837.9
1188790 2837.9
1188800 2840.4
1188810 2843.3
1188820 2843.3
1188830 2846.0
1188840 2849.7
1188850 2849.7
1188860 2853.8
1188870 2858.0
1188880 2858.0
1188890 2863.0
1188900 2868.1
1188910 2872.9
1188920 2872.9
1188930 2877.3
1188940 2881.8
1188950 2881.8
1188960 2889.4
1188970 2899.9
1188980 2899.9
1188990 2910.4
1189000 2919.2
1189010 2919.2
1189020 2926.4
1189030 2930.6
1189040 2930.6
1189050 2931.7
1189060 2934.9
1189070 2934.9
1189080 2942.3
1189090 2951.3
1189100 2941.3
1189110 2946.9
1189120 2946.5
1189130 2942.0
1189140 2942.0
1189150 2943.6
1189160 2952.9
1189170 2952.9
1189180 2963.2
1189190 2969.6
1189200 2969.6
1189210 2971.9
1189220 2974.9
1189230 2974.9
1189240 2976.6
1189250 2977.4
1189260 2977.4
1189270 2979.1
1189280 2982.0
1189290 2982.0
1189300 2986.9
1189310 2991.6
1189320 2995.9
1189330 2995.9
1189340 2999.8
1189350 3004.4
1189360 3004.4
1189370 3008.4
1189380 3011.1
1189390 3011.1
1189400 3016.0
1189410 3022.4
1189420 3022.4
1189430 3028.9
1189440 3030.1
1189450 3030.1
1189460 3033.2
1189470 3038.0
1189480 3038.0
1189490 3038.0
1189500 3033.9
1189510 3033.9
1189520 3035.4
1189530 3040.8
1189540 3055.7
1189550 3055.7
1189560 3060.5
1189570 3068.2
1189580 3068.2
1189590 3070.9
1189600 3071.0
1189610 3071.0
1189620 3068.1
1189630 3069.8
1189640 3069.8
1189650 3074.0
1189660 3080.4
1189670 3080.4
1189680 3088.1
1189690 3090.1
1189700 3090.1
1189710 3095.5
1189720 3099.0
1189730 3099.9
1189740 3099.9
1189750 3104.0
1189760 3099.7
1189770 3099.7
1189780 3094.0
1189790 3091.2
1189800 3091.2
1189810 3089.7
1189820 3088.1
1189830 3088.1
1189840 3086.4
1189850 3085.0
1189860 3085.0
1189870 3082.9
1189880 3080.6
1189890 3080.6
1189900 3078.1
1189910 3075.5
1189920 3075.5
1189930 3072.1
1189940 3068.1
1189950 3063.8
1189960 3069.0
1189970 3064.8
1189980 3061.0
1189990 3061.0
1190000 3057.1
1190010 3053.5
1190020 3053.5
1190030 3050.6
1190040 3049.2
1190050 3049.2
1190060 3048.5
1190070 3048.7
1190080 3048.7
1190090 3048.5
1190100 3047.8
1190110 3047.8
1190120 3043.4
1190130 3037.6
1190140 3030.6
1190150 3030.6
1190160 3023.2
1190170 3015.1
1190180 3015.1
1190190 3008.3
1190200 3001.9
1190210 3001.9
1190220 2995.2
1190230 2985.8
1190240 2985.8
1190250 2977.3
1190260 2969.2
1190270 2969.2
1190280 2961.0
1190290 2954.2
1190300 2954.2
1190310 2953.1
1190320 2954.2
1190330 2954.2
1190340 2954.1
1190350 2948.5
1190360 2942.9
1190370 2942.9
1190380 2936.7
1190390 2929.1
1190400 2929.1
1190410 2922.6
1190420 2916.0
1190430 2916.0
1190440 2909.0
1190450 2901.2
1190460 2901.2
1190470 2894.0
1190480 2887.6
1190490 2887.6
1190500 2881.3
1190510 2874.7
1190520 2874.7
1190530 2866.1
1190540 2858.9
1190550 2852.2
1190560 2852.2
1190570 2843.5
1190580 2835.8
1190590 2835.8
1190600 2827.9
1190610 2826.0
1190620 2826.0
1190630 2827.6
1190640 2826.3
1190650 2826.3
1190660 2822.0
1190670 2816.8
1190680 2816.8
1190690 2811.1
1190700 2806.5
1190710 2806.5
1190720 2803.3
1190730 2799.9
1190740 2799.9
1190750 2797.7
1190760 2793.1
1190770 2784.9
1190780 2784.9
1190790 2779.7
1190800 2775.5
1190810 2775.5
1190820 2761.8
1190830 2751.7
1190840 2751.7
1190850 2741.6
1190860 2733.1
1190870 2733.1
1190880 2726.3
1190890 2719.6
1190900 2719.6
1190910 2713.0
1190920 2705.9
1190930 2705.9
1190940 2698.5
1190950 2691.7
1190960 2686.8
1190970 2686.8
1190980 2682.5
1190990 2678.1
1191000 2678.1
1191010 2673.2
1191020 2668.8
1191030 2668.8
1191040 2664.1
1191050 2660.5
1191060 2660.5
1191070 2658.0
1191080 2656.3
1191090 2656.3
1191100 2655.4
1191110 2654.8
1191120 2654.8
1191130 2654.5
1191140 2654.4
1191150 2654.4
1191160 2654.4
1191170 2653.3
1191180 2650.4
1191190 2650.4
1191200 2645.4
1191210 2639.8
1191220 2639.8
1191230 2633.3
1191240 2627.5
1191250 2621.3
1191260 2616.2
1191270 2611.7
1191280 2611.7
1191290 2607.3
1191300 2603.8
1191310 2603.8
1191320 2601.1
1191330 2598.9
1191340 2598.9
1191350 2597.2
1191360 2598.6
1191370 2600.2
1191380 2600.2
1191390 2601.1
1191400 2601.7
1191410 2601.7
1191420 2601.6
1191430 2599.9
1191440 2599.9
1191450 2596.5
1191460 2593.6
1191470 2593.6
1191480 2591.5
1191490 2589.3
1191500 2589.3
1191510 2588.5
1191520 2587.3
1191530 2587.3
1191540 2584.5
1191550 2582.6
1191560 2582.6
1191570 2581.6
1191580 2580.1
1191590 2578.6
1191600 2578.6
1191610 2576.6
1191620 2574.4
1191630 2574.4
1191640 2573.0
1191650 2571.0
1191660 2571.0
1191670 2568.3
1191680 2565.1
1191690 2565.1
1191700 2561.6
1191710 2560.5
1191720 2560.5
1191730 2559.0
1191740 2557.8
1191750 2557.8
1191760 2556.6
1191770 2554.5
1191780 2552.3
1191790 2552.3
1191800 2550.0
1191810 2546.8
1191820 2546.8
1191830 2542.4
1191840 2537.6
1191850 2537.6
1191860 2532.0
1191870 2526.5
1191880 2526.5
1191890 2522.6
1191900 2518.1
1191910 2518.1
1191920 2514.9
1191930 2512.9
1191940 2512.9
1191950 2511.4
1191960 2509.5
1191970 2509.5
1191980 2507.3
1191990 2505.0
1192000 2503.4
1192010 2503.4
1192020 2501.6
1192030 2499.9
1192040 2499.9
1192050 2498.7
1192060 2495.2
1192070 2495.2
1192080 2489.6
1192090 2484.7
1192100 2484.7
1192110 2480.7
1192120 2477.8
1192130 2477.8
1192140 2475.8
1192150 2473.9
1192160 2473.9
1192170 2471.9
1192180 2469.8
1192190 2468.0
1192200 2468.0
1192210 2466.2
1192220 2464.8
1192230 2464.8
1192240 2462.8
1192250 2460.6
1192260 2460.6
1192270 2458.3
1192280 2456.1
1192290 2456.1
1192300 2454.2
1192310 2452.6
1192320 2452.6
1192330 2450.8
1192340 2449.1
1192350 2449.1
1192360 2447.8
1192370 2446.7
1192380 2446.7
1192390 2445.2
1192400 2443.3
1192410 2441.4
1192420 2441.4
1192430 2439.5
1192440 2436.7
1192450 2436.7
1192460 2434.1
1192470 2431.6
1192480 2431.6
1192490 2428.9
1192500 2426.0
1192510 2426.0
1192520 2422.3
1192530 2416.8
1192540 2416.8
1192550 2407.7
1192560 2398.5
1192570 2398.5
1192580 2386.7
1192590 2378.6
1192600 2379.6
1192610 2379.6
1192620 2382.3
1192630 2381.0
1192640 2381.0
1192650 2385.5
1192660 2393.9
1192670 2393.9
1192680 2394.5
1192690 2391.7
1192700 2391.7
1192710 2386.1
1192720 2379.9
1192730 2379.9
1192740 2373.3
1192750 2360.1
1192760 2360.1
1192770 2350.4
1192780 2340.0
1192790 2340.0
1192800 2325.6
1192810 2315.2
1192820 2308.1
1192830 2308.1
1192840 2304.8
1192850 2305.3
1192860 2305.3
1192870 2306.8
1192880 2305.0
1192890 2305.0
1192900 2300.9
1192910 2296.1
1192920 2296.1
1192930 2290.7
1192940 2283.4
1192950 2283.4
1192960 2275.8
1192970 2270.1
1192980 2264.6
1192990 2258.6
1193000 2253.2
1193010 2248.8
1193020 2248.8
1193030 2244.6
1193040 2239.5
1193050 2239.5
1193060 2233.3
1193070 2226.2
1193080 2226.2
1193090 2218.0
1193100 2210.0
1193110 2210.0
1193120 2202.7
1193130 2195.5
1193140 2195.5
1193150 2188.9
1193160 2182.6
1193170 2182.6
1193180 2176.9
1193190 2172.5
1193200 2172.5
1193210 2168.3
1193220 2164.9
1193230 2161.1
1193240 2161.1
1193250 2157.0
1193260 2152.8
1193270 2152.8
1193280 2148.9
1193290 2144.6
1193300 2144.6
1193310 2140.0
1193320 2135.2
1193330 2135.2
1193340 2130.4
1193350 2125.8
1193360 2125.8
1193370 2120.9
1193380 2117.6
1193390 2117.6
1193400 2114.8
1193410 2105.6
1193420 2102.5
1193430 2102.5
1193440 2099.1
1193450 2095.2
1193460 2095.2
1193470 2091.0
1193480 2086.6
1193490 2086.6
1193500 2083.3
1193510 2081.1
1193520 2081.1
1193530 2079.5
1193540 2076.9
1193550 2076.9
1193560 2074.6
1193570 2072.1
1193580 2072.1
1193590 2068.9
1193600 2068.0
1193610 2068.0
1193620 2067.0
1193630 2065.0
1193640 2062.7
1193650 2062.7
1193660 2062.0
1193670 2060.7
1193680 2060.7
1193690 2058.4
1193700 2056.0
1193710 2056.0
1193720 2053.2
1193730 2050.2
1193740 2050.2
1193750 2048.2
1193760 2045.5
1193770 2045.5
1193780 2042.9
1193790 2040.5
1193800 2040.5
1193810 2037.6
1193820 2034.4
1193830 2031.1
1193840 2031.1
1193850 2021.7
1193860 2018.9
1193870 2018.9
1193880 2016.3
1193890 2013.2
1193900 2013.2
1193910 2009.9
1193920 2006.5
1193930 2006.5
1193940 2004.4
1193950 2003.6
1193960 2003.6
1193970 2001.7
1193980 1999.8
1193990 1999.8
1194000 1997.7
1194010 1995.4
1194020 1995.4
1194030 1993.5
1194040 1990.0
1194050 1986.8
1194060 1986.8
1194070 1984.5
1194080 1981.7
1194090 1981.7
1194100 1978.7
1194110 1975.5
1194120 1975.5
1194130 1972.4
1194140 1969.2
1194150 1969.2
1194160 1965.9
1194170 1962.0
1194180 1962.0
1194190 1956.5
1194200 1950.6
1194210 1950.6
1194220 1948.5
1194230 1948.4
1194240 1947.5
1194250 1947.5
1194260 1945.8
1194270 1944.8
1194280 1944.8
1194290 1948.4
1194300 1947.6
1194310 1947.6
1194320 1944.0
1194330 1939.7
1194340 1939.7
1194350 1937.4
1194360 1934.8
1194370 1934.8
1194380 1932.3
1194390 1930.0
1194400 1930.0
1194410 1927.6
1194420 1924.1
1194430 1924.1
1194440 1919.1
1194450 1909.4
1194460 1900.9
1194470 1900.9
1194480 1896.3
1194490 1894.5
1194500 1894.5
1194510 1888.9
1194520 1878.2
1194530 1878.2
1194540 1864.7
1194550 1857.9
1194560 1857.9
1194570 1854.9
1194580 1844.7
1194590 1844.7
1194600 1826.8
1194610 1817.8
1194620 1817.8
1194630 1811.1
1194640 1808.6
1194650 1806.4
1194660 1806.4
1194670 1806.5
1194680 1804.6
1194690 1804.6
1194700 1804.1
1194710 1801.9
1194720 1792.2
1194730 1789.6
1194740 1786.4
1194750 1786.4
1194760 1783.5
1194770 1779.4
1194780 1779.4
1194790 1776.0
1194800 1772.5
1194810 1772.5
1194820 1762.2
1194830 1752.3
1194840 1752.3
1194850 1747.1
1194860 1743.0
1194870 1739.8
1194880 1739.8
1194890 1736.1
1194900 1730.6
1194910 1730.6
1194920 1723.6
1194930 1717.5
1194940 1717.5
1194950 1711.1
1194960 1704.2
1194970 1704.2
1194980 1697.1
1194990 1688.8
1195000 1688.8
1195010 1682.0
1195020 1671.2
1195030 1671.2
1195040 1651.0
1195050 1635.2
1195060 1617.2
1195070 1617.2
1195080 1572.7
1195090 1557.3
1195100 1557.3
1195110 1550.6
1195120 1543.2
1195130 1543.2
1195140 1538.0
1195150 1533.6
1195160 1534.9
1195170 1530.5
1195180 1528.9
1195190 1528.9
1195200 1529.4
1195210 1531.3
1195220 1531.3
1195230 1535.6
1195240 1533.8
1195250 1533.8
1195260 1527.3
1195270 1521.7
1195280 1520.2
1195290 1520.2
1195300 1521.2
1195310 1519.3
1195320 1519.3
1195330 1517.1
1195340 1514.7
1195350 1514.7
1195360 1512.3
1195370 1511.0
1195380 1511.0
1195390 1509.8
1195400 1509.4
1195410 1509.4
1195420 1509.4
1195430 1508.5
1195440 1508.5
1195450 1509.1
1195460 1508.9
1195470 1509.2
1195480 1509.2
1195490 1509.0
1195500 1508.0
1195510 1508.0
1195520 1507.3
1195530 1507.3
1195540 1507.3
1195550 1507.3
1195560 1507.2
1195570 1507.2
1195580 1507.0
1195590 1506.9
1195600 1507.2
1195610 1507.3
1195620 1508.7
1195630 1508.7
1195640 1513.8
1195650 1517.8
1195660 1517.8
1195670 1521.9
1195680 1528.6
1195690 1534.7
1195700 1534.7
1195710 1544.8
1195720 1552.5
1195730 1552.5
1195740 1558.6
1195750 1565.5
1195760 1565.5
1195770 1576.7
1195780 1587.7
1195790 1587.7
1195800 1597.3
1195810 1607.2
1195820 1607.2
1195830 1615.7
1195840 1625.7
1195850 1625.7
1195860 1635.8
1195870 1650.3
1195880 1665.2
1195890 1665.2
1195900 1676.3
1195910 1684.8
1195920 1684.8
1195930 1689.8
1195940 1699.9
1195950 1699.9
1195960 1719.5
1195970 1732.2
1195980 1732.2
1195990 1735.7
1196000 1737.9
1196010 1737.9
1196020 1740.1
1196030 1752.1
1196040 1752.1
1196050 1757.9
1196060 1766.2
1196070 1766.2
1196080 1774.0
1196090 1781.7
1196100 1790.6
1196110 1790.6
1196120 1799.2
1196130 1812.3
1196140 1812.3
1196150 1838.8
1196160 1869.6
1196170 1869.6
1196180 1873.2
1196190 1871.7
1196200 1871.7
1196210 1891.9
1196220 1913.4
1196230 1913.4
1196240 1919.8
1196250 1922.7
1196260 1922.7
1196270 1925.1
1196280 1929.2
1196290 1934.2
1196300 1934.2
1196310 1939.2
1196320 1943.8
1196330 1943.8
1196340 1949.1
1196350 1953.9
1196360 1953.9
1196370 1956.7
1196380 1957.9
1196390 1957.9
1196400 1959.8
1196410 1960.8
1196420 1960.8
1196430 1964.2
1196440 1976.6
1196450 1976.6
1196460 1982.4
1196470 1993.1
1196480 1993.1
1196490 1996.8
1196500 2003.5
1196510 2015.6
1196520 2015.6
1196530 2021.5
1196540 2025.0
1196550 2025.0
1196560 2030.2
1196570 2036.7
1196580 2036.7
1196590 2043.6
1196600 2046.9
1196610 2046.9
1196620 2047.8
1196630 2049.8
1196640 2049.8
1196650 2052.8
1196660 2056.3
1196670 2056.3
1196680 2059.2
1196690 2061.9
1196700 2066.0
1196710 2066.0
1196720 2068.4
1196730 2071.6
1196740 2071.6
1196750 2077.1
1196760 2082.6
1196770 2082.6
1196780 2084.7
1196790 2087.7
1196800 2087.7
1196810 2091.9
1196820 2096.1
1196830 2096.1
1196840 2100.3
1196850 2103.0
1196860 2103.0
1196870 2104.7
1196880 2107.9
1196890 2107.9
1196900 2109.8
1196910 2121.6
1196920 2123.7
1196930 2123.7
1196940 2124.4
1196950 2125.4
1196960 2125.4
1196970 2124.8
1196980 2125.0
1196990 2125.0
1197000 2126.9
1197010 2128.1
1197020 2128.1
1197030 2129.5
1197040 2130.8
1197050 2130.8
1197060 2131.9
1197070 2133.6
1197080 2133.6
1197090 2134.9
1197100 2135.9
1197110 2135.9
1197120 2137.7
1197130 2141.0
1197140 2144.5
1197150 2144.5
1197160 2148.1
1197170 2152.0
1197180 2152.0
1197190 2155.2
1197200 2158.1
1197210 2158.1
1197220 2160.6
1197230 2163.1
1197240 2163.1
1197250 2165.4
1197260 2166.6
1197270 2166.6
1197280 2167.4
1197290 2168.8
1197300 2168.8
1197310 2171.7
1197320 2174.8
1197330 2177.7
1197340 2177.7
1197350 2185.6
1197360 2187.7
1197370 2187.7
1197380 2189.5
1197390 2190.4
1197400 2190.4
1197410 2190.9
1197420 2191.4
1197430 2191.4
1197440 2190.6
1197450 2189.4
1197460 2189.4
1197470 2186.8
1197480 2185.1
1197490 2185.1
1197500 2187.2
1197510 2188.9
1197520 2188.9
1197530 2193.7
1197540 2209.8
1197550 2225.8
1197560 2225.8
1197570 2232.3
1197580 2235.5
1197590 2235.5
1197600 2238.9
1197610 2242.9
1197620 2242.9
1197630 2246.4
1197640 2248.2
1197650 2248.2
1197660 2249.3
1197670 2250.3
1197680 2250.3
1197690 2251.4
1197700 2252.8
1197710 2252.8
1197720 2254.4
1197730 2254.9
1197740 2254.6
1197750 2254.6
1197760 2255.7
1197770 2258.9
1197780 2258.9
1197790 2265.3
1197800 2268.2
1197810 2268.2
1197820 2270.9
1197830 2272.4
1197840 2272.4
1197850 2272.6
1197860 2272.5
1197870 2272.5
1197880 2270.4
1197890 2268.5
1197900 2268.5
1197910 2267.7
1197920 2267.9
1197930 2267.9
1197940 2268.6
1197950 2269.6
1197960 2270.6
1197970 2270.6
1197980 2271.1
1197990 2269.9
1198000 2269.9
1198010 2268.4
1198020 2268.1
1198030 2268.1
1198040 2268.1
1198050 2268.1
1198060 2268.1
1198070 2268.0
1198080 2267.6
1198090 2267.6
1198100 2266.9
1198110 2266.4
1198120 2266.4
1198130 2266.2
1198140 2265.9
1198150 2264.9
1198160 2264.9
1198170 2263.9
1198180 2263.9
1198190 2263.9
1198200 2263.6
1198210 2263.4
1198220 2263.4
1198230 2262.7
1198240 2267.6
1198250 2267.6
1198260 2266.4
1198270 2266.1
1198280 2266.1
1198290 2266.8
1198300 2269.3
1198310 2269.3
1198320 2270.9
1198330 2271.8
1198340 2271.8
1198350 2272.2
1198360 2273.7
1198370 2275.2
1198380 2275.2
1198390 2277.0
1198400 2277.9
1198410 2277.9
1198420 2278.9
1198430 2280.9
1198440 2280.9
1198450 2283.5
1198460 2285.5
1198470 2285.5
1198480 2287.4
1198490 2289.7
1198500 2289.7
1198510 2293.2
1198520 2296.8
1198530 2296.8
1198540 2298.6
1198550 2300.2
1198560 2301.1
1198570 2301.1
1198580 2303.0
1198590 2305.7
1198600 2305.7
1198610 2308.5
1198620 2310.0
1198630 2310.0
1198640 2311.3
1198650 2312.7
1198660 2312.7
1198670 2314.0
1198680 2319.5
1198690 2319.5
1198700 2321.5
1198710 2323.5
1198720 2323.5
1198730 2325.4
1198740 2327.2
1198750 2327.2
1198760 2328.8
1198770 2330.0
1198780 2330.7
1198790 2330.7
1198800 2330.5
1198810 2329.2
1198820 2329.2
1198830 2328.5
1198840 2329.6
1198850 2329.6
1198860 2332.6
1198870 2336.1
1198880 2336.1
1198890 2339.0
1198900 2341.5
1198910 2341.5
1198920 2343.5
1198930 2344.6
1198940 2344.6
1198950 2345.3
1198960 2345.4
1198970 2344.9
1198980 2344.9
1198990 2343.9
1199000 2343.3
1199010 2343.3
1199020 2341.8
1199030 2340.9
1199040 2340.9
1199050 2340.5
1199060 2342.4
1199070 2342.4
1199080 2344.8
1199090 2346.7
1199100 2346.7
1199110 2348.1
1199120 2353.0
1199130 2353.0
1199140 2356.1
1199150 2359.2
1199160 2359.2
1199170 2363.4
1199180 2370.6
1199190 2379.9
1199200 2379.9
1199210 2390.5
1199220 2396.0
1199230 2396.0
1199240 2397.6
1199250 2400.7
1199260 2400.7
1199270 2404.7
1199280 2409.1
1199290 2409.1
1199300 2409.6
1199310 2407.0
1199320 2407.0
1199330 2398.9
1199340 2395.1
1199350 2395.1
1199360 2398.1
1199370 2402.3
1199380 2407.6
1199390 2407.6
1199400 2413.2
1199410 2417.8
1199420 2417.8
1199430 2420.6
1199440 2422.0
1199450 2422.0
1199460 2422.1
1199470 2420.2
1199480 2420.2
1199490 2415.1
1199500 2415.0
1199510 2415.0
1199520 2417.7
1199530 2420.6
1199540 2420.6
1199550 2423.7
1199560 2427.5
1199570 2427.5
1199580 2430.9
1199590 2434.1
1199600 2437.6
1199610 2437.6
1199620 2441.0
1199630 2445.5
1199640 2445.5
1199650 2450.4
1199660 2452.5
1199670 2452.5
1199680 2455.8
1199690 2461.4
1199700 2461.4
1199710 2466.3
1199720 2472.0
1199730 2472.0
1199740 2478.0
1199750 2481.4
1199760 2481.4
1199770 2483.8
1199780 2487.1
1199790 2491.5
1199800 2491.5
1199810 2497.0
1199820 2501.0
1199830 2501.0
1199840 2503.9
1199850 2505.5
1199860 2505.5
1199870 2506.2
1199880 2508.7
1199890 2508.7
1199900 2512.2
1199910 2517.6
1199920 2517.6
1199930 2524.5
1199940 2530.7
1199950 2530.7
1199960 2536.5
1199970 2541.8
1199980 2541.8
1199990 2546.5
