1180000 2007.7
1180010 2009.1
1180020 2009.1
1180030 2010.4
1180040 2012.7
1180050 2014.6
1180060 2014.6
1180070 2015.9
1180080 2017.2
1180090 2017.2
1180100 2018.7
1180110 2020.5
1180120 2020.5
1180130 2022.7
1180140 2023.5
1180150 2023.5
1180160 2023.0
1180170 2022.3
1180180 2022.3
1180190 2021.6
1180200 2022.0
1180210 2022.0
1180220 2023.0
1180230 2023.3
1180240 2023.6
1180250 2023.6
1180260 2024.1
1180270 2024.6
1180280 2024.6
1180290 2025.6
1180300 2027.0
1180310 2027.0
1180320 2028.5
1180330 2030.1
1180340 2030.1
1180350 2031.8
1180360 2034.1
1180370 2034.1
1180380 2036.5
1180390 2038.7
1180400 2038.7
1180410 2041.3
1180420 2046.2
1180430 2046.2
1180440 2050.0
1180450 2053.7
1180460 2057.4
1180470 2057.4
1180480 2060.9
1180490 2060.9
1180500 2060.9
1180510 2057.6
1180520 2054.6
1180530 2054.6
1180540 2049.3
1180550 2044.0
1180560 2044.0
1180570 2037.4
1180580 2031.9
1180590 2031.9
1180600 2027.7
1180610 2023.3
1180620 2023.3
1180630 2017.6
1180640 2012.3
1180650 2012.3
1180660 2012.9
1180670 2012.0
1180680 2009.2
1180690 2009.2
1180700 2008.1
1180710 2003.6
1180720 2003.6
1180730 1998.0
1180740 1994.6
1180750 1994.6
1180760 1991.2
1180770 1987.1
1180780 1987.1
1180790 1983.8
1180800 1980.1
1180810 1980.1
1180820 1977.0
1180830 1973.9
1180840 1972.3
1180850 1967.3
1180860 1960.8
1180870 1955.6
1180880 1955.6
1180890 1949.9
1180900 1945.3
1180910 1945.3
1180920 1941.3
1180930 1937.9
1180940 1937.9
1180950 1933.5
1180960 1930.2
1180970 1930.2
1180980 1927.9
1180990 1924.2
1181000 1924.2
1181010 1918.8
1181020 1914.3
1181030 1914.3
1181040 1909.6
1181050 1904.8
1181060 1904.8
1181070 1901.5
1181080 1897.9
1181090 1896.3
1181100 1896.3
1181110 1893.8
1181120 1890.0
1181130 1890.0
1181140 1885.3
1181150 1880.2
1181160 1880.2
1181170 1873.6
1181180 1866.9
1181190 1866.9
1181200 1862.6
1181210 1860.1
1181220 1860.1
1181230 1858.1
1181240 1855.4
1181250 1856.5
1181260 1853.0
1181270 1848.6
1181280 1843.7
1181290 1843.7
1181300 1838.9
1181310 1834.8
1181320 1834.8
1181330 1830.3
1181340 1824.9
1181350 1824.9
1181360 1820.4
1181370 1817.2
1181380 1817.2
1181390 1813.4
1181400 1809.5
1181410 1809.5
1181420 1805.8
1181430 1802.4
1181440 1802.4
1181450 1798.5
1181460 1793.7
1181470 1793.7
1181480 1787.9
1181490 1783.1
1181500 1778.2
1181510 1778.2
1181520 1773.5
1181530 1768.7
1181540 1768.7
1181550 1764.9
1181560 1761.8
1181570 1761.8
1181580 1758.2
1181590 1755.9
1181600 1755.9
1181610 1754.3
1181620 1752.1
1181630 1752.1
1181640 1749.9
1181650 1747.0
1181660 1747.0
1181670 1744.2
1181680 1741.1
1181690 1737.8
1181700 1737.8
1181710 1734.3
1181720 1730.3
1181730 1730.3
1181740 1725.7
1181750 1720.0
1181760 1720.0
1181770 1716.4
1181780 1713.4
1181790 1713.4
1181800 1710.3
1181810 1705.1
1181820 1705.1
1181830 1698.1
1181840 1694.0
1181850 1694.0
1181860 1687.0
1181870 1678.7
1181880 1678.7
1181890 1669.8
1181900 1662.7
1181910 1660.8
1181920 1660.8
1181930 1665.7
1181940 1673.1
1181950 1673.1
1181960 1680.6
1181970 1688.5
1181980 1688.5
1181990 1696.1
1182000 1703.7
1182010 1703.7
1182020 1712.7
1182030 1720.9
1182040 1720.9
1182050 1726.8
1182060 1731.8
1182070 1731.8
1182080 1736.9
1182090 1743.6
1182100 1743.6
1182110 1749.7
1182120 1756.0
1182130 1762.1
1182140 1762.1
1182150 1768.4
1182160 1774.7
1182170 1774.7
1182180 1780.9
1182190 1787.5
1182200 1787.5
1182210 1795.5
1182220 1804.0
1182230 1804.0
1182240 1811.4
1182250 1818.5
1182260 1818.5
1182270 1825.6
1182280 1833.3
1182290 1833.3
1182300 1840.4
1182310 1847.3
1182320 1853.8
1182330 1853.8
1182340 1861.2
1182350 1870.6
1182360 1870.6
1182370 1895.2
1182380 1935.0
1182390 1935.0
1182400 1949.8
1182410 1958.2
1182420 1958.2
1182430 1962.7
1182440 1968.8
1182450 1968.8
1182460 1976.5
1182470 1982.5
1182480 1982.5
1182490 1987.5
1182500 1992.6
1182510 1986.7
1182520 1992.9
1182530 1999.6
1182540 2006.0
1182550 2006.0
1182560 2013.7
1182570 2019.4
1182580 2019.4
1182590 2025.1
1182600 2031.1
1182610 2031.1
1182620 2037.0
1182630 2043.3
1182640 2043.3
1182650 2051.2
1182660 2059.3
1182670 2059.3
1182680 2067.1
1182690 2077.0
1182700 2077.0
1182710 2092.2
1182720 2103.8
1182730 2117.2
1182740 2117.2
1182750 2133.4
1182760 2151.8
1182770 2151.8
1182780 2163.8
1182790 2169.4
1182800 2169.4
1182810 2169.3
1182820 2171.9
1182830 2171.9
1182840 2180.6
1182850 2187.1
1182860 2187.1
1182870 2190.3
1182880 2193.4
1182890 2193.4
1182900 2192.9
1182910 2187.7
1182920 2187.7
1182930 2187.6
1182940 2181.8
1182950 2176.7
1182960 2176.7
1182970 2171.0
1182980 2164.8
1182990 2164.8
1183000 2159.6
1183010 2155.7
1183020 2155.7
1183030 2151.6
1183040 2146.7
1183050 2146.7
1183060 2141.4
1183070 2137.6
1183080 2137.6
1183090 2135.1
1183100 2132.6
1183110 2132.6
1183120 2130.5
1183130 2128.0
1183140 2125.3
1183150 2125.3
1183160 2123.3
1183170 2121.7
1183180 2121.7
1183190 2121.0
1183200 2120.0
1183210 2120.0
1183220 2118.4
1183230 2118.0
1183240 2118.0
1183250 2118.0
1183260 2117.5
1183270 2117.5
1183280 2117.0
1183290 2116.6
1183300 2116.6
1183310 2116.8
1183320 2117.0
1183330 2117.0
1183340 2117.3
1183350 2121.8
1183360 2122.1
1183370 2122.1
1183380 2122.1
1183390 2121.8
1183400 2121.8
1183410 2121.3
1183420 2121.8
1183430 2121.8
1183440 2122.1
1183450 2122.5
1183460 2122.5
1183470 2123.2
1183480 2124.4
1183490 2124.4
1183500 2125.6
1183510 2127.7
1183520 2127.7
1183530 2129.9
1183540 2130.3
1183550 2129.6
1183560 2129.6
1183570 2128.9
1183580 2128.7
1183590 2128.7
1183600 2129.4
1183610 2129.0
1183620 2129.0
1183630 2127.0
1183640 2124.4
1183650 2124.4
1183660 2121.8
1183670 2118.8
1183680 2118.8
1183690 2116.4
1183700 2114.2
1183710 2114.2
1183720 2111.5
1183730 2109.8
1183740 2109.8
1183750 2108.4
1183760 2106.2
1183770 2108.5
1183780 2108.5
1183790 2104.9
1183800 2105.9
1183810 2105.9
1183820 2109.8
1183830 2110.4
1183840 2110.4
1183850 2113.4
1183860 2115.0
1183870 2115.0
1183880 2116.8
1183890 2118.6
1183900 2118.6
1183910 2120.6
1183920 2121.6
1183930 2121.6
1183940 2119.6
1183950 2118.7
1183960 2118.7
1183970 2126.5
1183980 2136.8
1183990 2143.4
1184000 2143.4
1184010 2148.6
1184020 2155.0
1184030 2155.0
1184040 2161.7
1184050 2168.2
1184060 2168.2
1184070 2174.5
1184080 2182.1
1184090 2182.1
1184100 2193.6
1184110 2204.2
1184120 2204.2
1184130 2213.3
1184140 2220.6
1184150 2220.6
1184160 2225.8
1184170 2229.8
1184180 2234.0
1184190 2242.1
1184200 2248.7
1184210 2251.1
1184220 2251.1
1184230 2250.4
1184240 2252.1
1184250 2252.1
1184260 2255.4
1184270 2258.6
1184280 2258.6
1184290 2262.1
1184300 2266.5
1184310 2266.5
1184320 2269.0
1184330 2271.2
1184340 2271.2
1184350 2277.7
1184360 2286.0
1184370 2286.0
1184380 2292.8
1184390 2290.2
1184400 2284.3
1184410 2284.3
1184420 2277.9
1184430 2271.2
1184440 2271.2
1184450 2264.1
1184460 2258.2
1184470 2258.2
1184480 2252.0
1184490 2245.9
1184500 2245.9
1184510 2239.8
1184520 2233.5
1184530 2233.5
1184540 2228.1
1184550 2226.2
1184560 2226.2
1184570 2227.2
1184580 2224.5
1184590 2220.2
1184600 2220.2
1184610 2219.6
1184620 2216.0
1184630 2216.0
1184640 2214.7
1184650 2216.4
1184660 2216.4
1184670 2225.1
1184680 2232.3
1184690 2232.3
1184700 2233.1
1184710 2228.7
1184720 2228.7
1184730 2222.6
1184740 2215.8
1184750 2215.8
1184760 2209.2
1184770 2202.6
1184780 2202.6
1184790 2196.2
1184800 2189.4
1184810 2180.6
1184820 2180.6
1184830 2171.8
1184840 2171.8
1184850 2171.8
1184860 2175.4
1184870 2174.1
1184880 2174.1
1184890 2175.5
1184900 2174.4
1184910 2174.4
1184920 2169.7
1184930 2164.6
1184940 2164.6
1184950 2159.7
1184960 2151.3
1184970 2151.3
1184980 2141.8
1184990 2138.8
1185000 2144.7
1185010 2144.7
1185020 2153.3
1185030 2161.4
1185040 2161.4
1185050 2162.6
1185060 2163.8
1185070 2163.8
1185080 2161.1
1185090 2151.7
1185100 2151.7
1185110 2142.4
1185120 2137.1
1185130 2137.1
1185140 2133.3
1185150 2128.6
1185160 2128.6
1185170 2122.8
1185180 2117.7
1185190 2117.7
1185200 2114.1
1185210 2112.4
1185220 2110.9
1185230 2110.9
1185240 2104.4
1185250 2098.4
1185260 2098.4
1185270 2092.6
1185280 2089.5
1185290 2089.5
1185300 2095.5
1185310 2100.5
1185320 2100.5
1185330 2103.2
1185340 2109.1
1185350 2109.1
1185360 2117.8
1185370 2126.5
1185380 2126.5
1185390 2135.8
1185400 2143.3
1185410 2143.3
1185420 2149.6
1185430 2154.4
1185440 2151.4
1185450 2151.4
1185460 2168.8
1185470 2175.3
1185480 2175.3
1185490 2178.7
1185500 2181.1
1185510 2181.1
1185520 2177.9
1185530 2173.0
1185540 2173.0
1185550 2166.8
1185560 2162.8
1185570 2162.8
1185580 2159.2
1185590 2155.3
1185600 2155.3
1185610 2150.4
1185620 2144.5
1185630 2139.1
1185640 2139.1
1185650 2134.6
1185660 2130.8
1185670 2130.8
1185680 2128.1
1185690 2124.8
1185700 2124.8
1185710 2120.9
1185720 2116.1
1185730 2116.1
1185740 2110.3
1185750 2102.4
1185760 2102.4
1185770 2093.4
1185780 2088.7
1185790 2088.7
1185800 2086.8
1185810 2081.6
1185820 2081.6
1185830 2075.5
1185840 2069.7
1185850 2063.9
1185860 2063.9
1185870 2058.2
1185880 2052.4
1185890 2052.4
1185900 2042.3
1185910 2032.7
1185920 2032.7
1185930 2023.2
1185940 2015.0
1185950 2015.0
1185960 2007.9
1185970 2000.4
1185980 2000.4
1185990 1992.9
1186000 1986.3
1186010 1986.3
1186020 1981.9
1186030 1985.1
1186040 1998.2
1186050 1998.2
1186060 1994.5
1186070 1997.3
1186080 1997.3
1186090 2003.0
1186100 2001.4
1186110 2001.4
1186120 1994.8
1186130 1999.5
1186140 1999.5
1186150 2017.3
1186160 2025.8
1186170 2025.8
1186180 2029.2
1186190 2028.2
1186200 2028.2
1186210 2021.4
1186220 2018.9
1186230 2018.9
1186240 2018.9
1186250 2022.9
1186260 2035.1
1186270 2035.1
1186280 2034.4
1186290 2029.4
1186300 2029.4
1186310 2030.3
1186320 2024.6
1186330 2024.6
1186340 2022.5
1186350 2017.1
1186360 2017.1
1186370 2003.4
1186380 2005.4
1186390 2005.4
1186400 2013.0
1186410 2008.7
1186420 2008.7
1186430 2004.9
1186440 2001.5
1186450 2000.7
1186460 2000.7
1186470 1999.8
1186480 1997.6
1186490 1997.6
1186500 1994.8
1186510 1993.6
1186520 1993.6
1186530 1995.7
1186540 1997.7
1186550 1997.7
1186560 1999.2
1186570 2000.5
1186580 2000.5
1186590 2001.6
1186600 2002.1
1186610 2002.1
1186620 2011.4
1186630 2018.5
1186640 2018.5
1186650 2018.7
1186660 2019.1
1186670 2025.5
1186680 2025.5
1186690 2038.8
1186700 2056.1
1186710 2056.1
1186720 2076.4
1186730 2103.8
1186740 2103.8
1186750 2114.3
1186760 2123.2
1186770 2123.2
1186780 2130.2
1186790 2136.3
1186800 2136.3
1186810 2139.7
1186820 2132.4
1186830 2132.4
1186840 2122.8
1186850 2119.8
1186860 2132.6
1186870 2132.6
1186880 2144.3
1186890 2158.2
1186900 2158.2
1186910 2165.4
1186920 2159.8
1186930 2159.8
1186940 2149.6
1186950 2152.9
1186960 2152.9
1186970 2163.0
1186980 2168.8
1186990 2168.8
1187000 2170.4
1187010 2170.2
1187020 2170.2
1187030 2178.0
1187040 2188.7
1187050 2188.7
1187060 2198.1
1187070 2198.8
1187080 2207.5
1187090 2207.5
1187100 2211.4
1187110 2214.4
1187120 2214.4
1187130 2215.0
1187140 2223.8
1187150 2223.8
1187160 2244.7
1187170 2248.9
1187180 2248.9
1187190 2244.8
1187200 2242.0
1187210 2242.0
1187220 2239.2
1187230 2241.7
1187240 2241.7
1187250 2248.6
1187260 2259.5
1187270 2259.5
1187280 2271.3
1187290 2283.1
1187300 2289.9
1187310 2289.9
1187320 2291.1
1187330 2302.1
1187340 2302.1
1187350 2314.9
1187360 2326.4
1187370 2326.4
1187380 2339.5
1187390 2352.1
1187400 2352.1
1187410 2361.7
1187420 2370.3
1187430 2370.3
1187440 2381.0
1187450 2387.1
1187460 2387.1
1187470 2394.7
1187480 2400.4
1187490 2408.6
1187500 2408.6
1187510 2417.7
1187520 2427.0
1187530 2427.0
1187540 2435.7
1187550 2445.3
1187560 2445.3
1187570 2457.7
1187580 2477.5
1187590 2477.5
1187600 2490.4
1187610 2500.0
1187620 2500.0
1187630 2506.6
1187640 2511.2
1187650 2511.2
1187660 2511.3
1187670 2513.6
1187680 2513.6
1187690 2514.6
1187700 2519.3
1187710 2528.4
1187720 2528.4
1187730 2539.5
1187740 2549.0
1187750 2549.0
1187760 2556.4
1187770 2556.5
1187780 2556.5
1187790 2555.8
1187800 2555.0
1187810 2555.0
1187820 2557.8
1187830 2566.4
1187840 2566.4
1187850 2571.8
1187860 2568.6
1187870 2568.6
1187880 2569.7
1187890 2573.7
1187900 2578.8
1187910 2578.8
1187920 2586.4
1187930 2594.9
1187940 2594.9
1187950 2606.1
1187960 2617.8
1187970 2617.8
1187980 2623.9
1187990 2631.2
1188000 2631.2
1188010 2639.2
1188020 2646.1
1188030 2646.1
1188040 2652.7
1188050 2659.7
1188060 2659.7
1188070 2667.5
1188080 2678.7
1188090 2678.7
1188100 2695.4
1188110 2705.8
1188120 2713.0
1188130 2713.0
1188140 2717.6
1188150 2721.0
1188160 2721.0
1188170 2726.4
1188180 2734.0
1188190 2734.0
1188200 2744.3
1188210 2753.3
1188220 2753.3
1188230 2762.9
1188240 2773.8
1188250 2773.8
1188260 2781.7
1188270 2787.8
1188280 2787.8
1188290 2793.8
1188300 2801.0
1188310 2808.4
1188320 2808.4
1188330 2817.5
1188340 2825.6
1188350 2825.6
1188360 2833.2
1188370 2843.7
1188380 2843.7
1188390 2857.6
1188400 2868.2
1188410 2868.2
1188420 2879.9
1188430 2888.4
1188440 2891.2
1188450 2895.5
1188460 2894.8
1188470 2894.8
1188480 2894.3
1188490 2894.7
1188500 2894.7
1188510 2895.2
1188520 2895.1
1188530 2893.4
1188540 2893.4
1188550 2890.6
1188560 2887.0
1188570 2887.0
1188580 2884.4
1188590 2882.8
1188600 2882.8
1188610 2880.9
1188620 2877.0
1188630 2877.0
1188640 2872.0
1188650 2868.0
1188660 2868.0
1188670 2865.0
1188680 2861.7
1188690 2861.7
1188700 2856.0
1188710 2848.4
1188720 2848.4
1188730 2841.5
1188740 2836.4
1188750 2832.4
1188760 2832.4
1188770 2829.3
1188780 2827.3
1188790 2827.3
1188800 2826.2
1188810 2826.2
1188820 2826.2
1188830 2826.6
1188840 2828.3
1188850 2828.3
1188860 2829.8
1188870 2828.6
1188880 2828.6
1188890 2828.3
1188900 2827.8
1188910 2827.8
1188920 2827.2
1188930 2827.3
1188940 2827.0
1188950 2827.0
1188960 2826.0
1188970 2824.2
1188980 2824.2
1188990 2822.1
1189000 2820.3
1189010 2820.3
1189020 2818.7
1189030 2817.7
1189040 2817.7
1189050 2817.8
1189060 2817.6
1189070 2817.6
1189080 2817.3
1189090 2817.2
1189100 2817.2
1189110 2816.8
1189120 2815.8
1189130 2815.8
1189140 2814.4
1189150 2813.1
1189160 2811.9
1189170 2811.9
1189180 2811.8
1189190 2811.4
1189200 2811.4
1189210 2808.7
1189220 2805.4
1189230 2805.4
1189240 2802.9
1189250 2799.9
1189260 2799.9
1189270 2796.4
1189280 2793.5
1189290 2794.6
1189300 2793.5
1189310 2792.3
1189320 2792.3
1189330 2791.1
1189340 2791.0
1189350 2790.0
1189360 2790.0
1189370 2785.7
1189380 2781.0
1189390 2781.0
1189400 2779.0
1189410 2778.0
1189420 2778.0
1189430 2777.3
1189440 2777.4
1189450 2777.4
1189460 2778.0
1189470 2778.2
1189480 2778.2
1189490 2777.4
1189500 2776.7
1189510 2776.7
1189520 2776.3
1189530 2775.1
1189540 2775.1
1189550 2773.0
1189560 2769.9
1189570 2767.3
1189580 2767.3
1189590 2765.9
1189600 2765.0
1189610 2765.0
1189620 2764.8
1189630 2765.8
1189640 2765.8
1189650 2767.4
1189660 2766.6
1189670 2766.6
1189680 2763.8
1189690 2760.4
1189700 2760.4
1189710 2756.9
1189720 2754.1
1189730 2754.1
1189740 2752.0
1189750 2751.7
1189760 2751.6
1189770 2751.6
1189780 2751.4
1189790 2750.2
1189800 2750.2
1189810 2747.9
1189820 2747.2
1189830 2747.2
1189840 2746.7
1189850 2745.5
1189860 2745.5
1189870 2745.0
1189880 2744.3
1189890 2744.3
1189900 2743.2
1189910 2741.9
1189920 2741.9
1189930 2740.6
1189940 2739.2
1189950 2739.2
1189960 2737.6
1189970 2736.9
1189980 2737.0
1189990 2737.0
1190000 2737.7
1190010 2738.6
1190020 2738.6
1190030 2739.3
1190040 2739.9
1190050 2739.9
1190060 2739.1
1190070 2738.7
1190080 2738.7
1190090 2737.7
1190100 2737.1
1190110 2737.1
1190120 2736.2
1190130 2734.5
1190140 2734.5
1190150 2732.4
1190160 2729.1
1190170 2726.2
1190180 2726.2
1190190 2723.0
1190200 2722.0
1190210 2722.0
1190220 2726.2
1190230 2732.4
1190240 2732.4
1190250 2737.9
1190260 2743.2
1190270 2743.2
1190280 2749.6
1190290 2753.1
1190300 2753.1
1190310 2756.7
1190320 2763.6
1190330 2763.6
1190340 2772.2
1190350 2787.3
1190360 2787.3
1190370 2802.7
1190380 2804.6
1190390 2802.6
1190400 2802.6
1190410 2801.9
1190420 2797.7
1190430 2797.7
1190440 2792.6
1190450 2788.3
1190460 2788.3
1190470 2785.6
1190480 2783.5
1190490 2783.5
1190500 2781.8
1190510 2779.7
1190520 2779.7
1190530 2777.5
1190540 2775.4
1190550 2775.4
1190560 2773.7
1190570 2771.3
1190580 2769.4
1190590 2769.4
1190600 2767.7
1190610 2767.5
1190620 2767.5
1190630 2766.9
1190640 2765.9
1190650 2765.9
1190660 2764.9
1190670 2764.0
1190680 2764.0
1190690 2763.3
1190700 2762.8
1190710 2762.8
1190720 2763.9
1190730 2767.9
1190740 2767.9
1190750 2772.4
1190760 2777.5
1190770 2777.5
1190780 2784.8
1190790 2794.4
1190800 2813.2
1190810 2813.2
1190820 2838.6
1190830 2874.4
1190840 2874.4
1190850 2901.2
1190860 2920.0
1190870 2920.0
1190880 2930.3
1190890 2924.3
1190900 2924.3
1190910 2916.5
1190920 2908.4
1190930 2908.4
1190940 2900.4
1190950 2895.1
1190960 2895.1
1190970 2891.5
1190980 2884.8
1190990 2884.8
1191000 2874.5
1191010 2869.4
1191020 2863.8
1191030 2863.8
1191040 2861.3
1191050 2859.1
1191060 2859.1
1191070 2856.5
1191080 2854.9
1191090 2854.9
1191100 2854.2
1191110 2855.2
1191120 2855.2
1191130 2858.5
1191140 2861.0
1191150 2861.0
1191160 2865.2
1191170 2875.8
1191180 2875.8
1191190 2887.5
1191200 2895.7
1191210 2905.2
1191220 2905.2
1191230 2915.3
1191240 2922.0
1191250 2922.0
1191260 2920.6
1191270 2919.9
1191280 2919.9
1191290 2923.5
1191300 2913.5
1191310 2913.5
1191320 2914.9
1191330 2902.6
1191340 2902.6
1191350 2885.1
1191360 2873.0
1191370 2873.0
1191380 2860.6
1191390 2853.3
1191400 2853.3
1191410 2850.3
1191420 2848.6
1191430 2846.0
1191440 2832.8
1191450 2831.2
1191460 2824.6
1191470 2824.6
1191480 2817.6
1191490 2814.3
1191500 2814.3
1191510 2814.3
1191520 2814.8
1191530 2814.8
1191540 2815.6
1191550 2817.1
1191560 2817.1
1191570 2817.7
1191580 2816.7
1191590 2816.7
1191600 2813.6
1191610 2810.3
1191620 2807.6
1191630 2807.6
1191640 2804.0
1191650 2799.8
1191660 2799.8
1191670 2795.9
1191680 2791.3
1191690 2791.3
1191700 2785.6
1191710 2779.1
1191720 2779.1
1191730 2773.7
1191740 2769.2
1191750 2769.2
1191760 2764.4
1191770 2759.3
1191780 2759.3
1191790 2753.8
1191800 2747.9
1191810 2747.9
1191820 2741.2
1191830 2735.3
1191840 2731.1
1191850 2731.1
1191860 2727.9
1191870 2725.3
1191880 2720.2
1191890 2717.4
1191900 2715.0
1191910 2715.0
1191920 2712.6
1191930 2710.1
1191940 2710.1
1191950 2707.3
1191960 2704.6
1191970 2704.6
1191980 2701.5
1191990 2698.2
1192000 2698.2
1192010 2694.6
1192020 2691.8
1192030 2689.6
1192040 2689.6
1192050 2687.5
1192060 2685.9
1192070 2685.9
1192080 2683.5
1192090 2683.1
1192100 2683.1
1192110 2683.9
1192120 2681.6
1192130 2681.6
1192140 2680.7
1192150 2680.6
1192160 2680.6
1192170 2678.2
1192180 2675.9
1192190 2675.9
1192200 2673.6
1192210 2669.8
1192220 2669.8
1192230 2665.2
1192240 2660.6
1192250 2657.1
1192260 2657.1
1192270 2655.2
1192280 2653.5
1192290 2653.5
1192300 2651.4
1192310 2643.5
1192320 2643.5
1192330 2639.8
1192340 2637.1
1192350 2637.1
1192360 2634.8
1192370 2633.0
1192380 2633.0
1192390 2632.8
1192400 2632.8
1192410 2632.8
1192420 2632.9
1192430 2632.4
1192440 2630.8
1192450 2630.8
1192460 2628.9
1192470 2627.8
1192480 2627.8
1192490 2624.3
1192500 2621.9
1192510 2621.9
1192520 2624.0
1192530 2625.8
1192540 2625.8
1192550 2625.9
1192560 2624.4
1192570 2624.4
1192580 2622.8
1192590 2622.4
1192600 2622.4
1192610 2622.9
1192620 2623.2
1192630 2623.2
1192640 2622.8
1192650 2622.1
1192660 2621.7
1192670 2621.7
1192680 2622.1
1192690 2621.5
1192700 2621.5
1192710 2620.3
1192720 2618.1
1192730 2618.1
1192740 2608.2
1192750 2602.8
1192760 2602.8
1192770 2597.7
1192780 2593.2
1192790 2593.2
1192800 2590.1
1192810 2587.4
1192820 2587.4
1192830 2585.3
1192840 2581.3
1192850 2581.3
1192860 2574.8
1192870 2567.2
1192880 2559.7
1192890 2559.7
1192900 2553.1
1192910 2548.8
1192920 2548.8
1192930 2546.3
1192940 2544.6
1192950 2544.6
1192960 2543.1
1192970 2540.6
1192980 2540.6
1192990 2537.2
1193000 2534.7
1193010 2534.7
1193020 2532.8
1193030 2531.1
1193040 2531.1
1193050 2529.3
1193060 2527.9
1193070 2527.9
1193080 2527.9
1193090 2527.3
1193100 2527.7
1193110 2527.7
1193120 2529.4
1193130 2528.0
1193140 2528.0
1193150 2527.2
1193160 2527.0
1193170 2527.0
1193180 2525.1
1193190 2524.2
1193200 2524.2
1193210 2522.5
1193220 2518.0
1193230 2518.0
1193240 2513.1
1193250 2513.8
1193260 2513.8
1193270 2516.2
1193280 2518.6
1193290 2520.3
1193300 2520.3
1193310 2520.0
1193320 2518.4
1193330 2518.4
1193340 2516.5
1193350 2513.5
1193360 2513.5
1193370 2508.9
1193380 2502.0
1193390 2502.0
1193400 2495.5
1193410 2486.3
1193420 2486.3
1193430 2473.4
1193440 2463.5
1193450 2463.5
1193460 2455.9
1193470 2448.6
1193480 2442.1
1193490 2442.1
1193500 2436.9
1193510 2432.3
1193520 2432.3
1193530 2426.2
1193540 2419.3
1193550 2419.3
1193560 2416.5
1193570 2413.7
1193580 2413.7
1193590 2410.2
1193600 2406.6
1193610 2410.6
1193620 2405.6
1193630 2400.7
1193640 2400.7
1193650 2395.9
1193660 2390.8
1193670 2390.8
1193680 2385.7
1193690 2380.1
1193700 2374.1
1193710 2374.1
1193720 2368.0
1193730 2361.9
1193740 2361.9
1193750 2356.4
1193760 2349.4
1193770 2349.4
1193780 2342.7
1193790 2336.3
1193800 2336.3
1193810 2329.1
1193820 2320.9
1193830 2320.9
1193840 2312.7
1193850 2305.4
1193860 2305.4
1193870 2299.0
1193880 2292.9
1193890 2285.8
1193900 2285.8
1193910 2279.5
1193920 2272.9
1193930 2272.9
1193940 2267.4
1193950 2261.5
1193960 2261.5
1193970 2254.8
1193980 2247.8
1193990 2247.8
1194000 2240.4
1194010 2234.0
1194020 2234.0
1194030 2228.1
1194040 2221.8
1194050 2224.8
1194060 2216.6
1194070 2209.4
1194080 2209.4
1194090 2202.7
1194100 2196.4
1194110 2190.0
1194120 2190.0
1194130 2183.8
1194140 2178.2
1194150 2178.2
1194160 2172.3
1194170 2166.5
1194180 2166.5
1194190 2160.7
1194200 2155.1
1194210 2155.1
1194220 2149.2
1194230 2143.4
1194240 2143.4
1194250 2138.2
1194260 2133.3
1194270 2133.3
1194280 2127.5
1194290 2121.0
1194300 2111.7
1194310 2111.7
1194320 2102.7
1194330 2094.3
1194340 2094.3
1194350 2085.4
1194360 2076.7
1194370 2076.7
1194380 2069.1
1194390 2064.2
1194400 2064.2
1194410 2059.2
1194420 2052.6
1194430 2052.6
1194440 2048.0
1194450 2037.4
1194460 2037.4
1194470 2029.2
1194480 2040.4
1194490 2040.4
1194500 2022.6
1194510 2008.0
1194520 2000.4
1194530 2000.4
1194540 1994.6
1194550 1985.7
1194560 1985.7
1194570 1976.2
1194580 1970.3
1194590 1970.3
1194600 1967.5
1194610 1963.5
1194620 1963.5
1194630 1958.3
1194640 1951.6
1194650 1951.6
1194660 1947.2
1194670 1944.6
1194680 1944.6
1194690 1943.8
1194700 1944.1
1194710 1944.1
1194720 1941.7
1194730 1929.9
1194740 1897.4
1194750 1897.4
1194760 1875.7
1194770 1865.6
1194780 1865.6
1194790 1850.7
1194800 1839.1
1194810 1839.1
1194820 1835.6
1194830 1835.0
1194840 1835.0
1194850 1833.7
1194860 1821.8
1194870 1821.8
1194880 1803.8
1194890 1791.1
1194900 1791.1
1194910 1783.0
1194920 1773.1
1194930 1763.6
1194940 1763.6
1194950 1752.1
1194960 1742.4
1194970 1742.4
1194980 1733.8
1194990 1724.8
1195000 1724.8
1195010 1716.0
1195020 1708.4
1195030 1708.4
1195040 1701.4
1195050 1694.0
1195060 1694.0
1195070 1687.3
1195080 1681.6
1195090 1681.6
1195100 1676.0
1195110 1670.6
1195120 1670.6
1195130 1665.7
1195140 1663.3
1195150 1662.6
1195160 1662.6
1195170 1658.2
1195180 1650.9
1195190 1650.9
1195200 1643.0
1195210 1635.7
1195220 1635.7
1195230 1626.7
1195240 1615.3
1195250 1615.3
1195260 1607.1
1195270 1600.3
1195280 1600.3
1195290 1592.4
1195300 1585.9
1195310 1585.9
1195320 1580.9
1195330 1575.7
1195340 1571.8
1195350 1571.8
1195360 1564.3
1195370 1559.1
1195380 1559.1
1195390 1553.1
1195400 1546.5
1195410 1546.5
1195420 1539.4
1195430 1532.7
1195440 1532.7
1195450 1526.5
1195460 1521.5
1195470 1521.5
1195480 1516.5
1195490 1511.6
1195500 1511.6
1195510 1506.8
1195520 1502.5
1195530 1502.5
1195540 1498.1
1195550 1494.8
1195560 1494.3
1195570 1494.3
1195580 1494.0
1195590 1494.5
1195600 1494.5
1195610 1494.4
1195620 1494.4
1195630 1494.4
1195640 1494.6
1195650 1494.7
1195660 1494.7
1195670 1495.0
1195680 1496.1
1195690 1496.1
1195700 1495.2
1195710 1495.5
1195720 1495.5
1195730 1496.3
1195740 1499.2
1195750 1502.3
1195760 1502.3
1195770 1505.3
1195780 1508.6
1195790 1508.2
1195800 1512.1
1195810 1516.4
1195820 1516.4
1195830 1521.1
1195840 1526.1
1195850 1526.1
1195860 1530.8
1195870 1535.4
1195880 1535.4
1195890 1539.8
1195900 1543.8
1195910 1543.8
1195920 1548.1
1195930 1552.7
1195940 1552.7
1195950 1558.0
1195960 1563.9
1195970 1569.2
1195980 1569.2
1195990 1574.1
1196000 1578.6
1196010 1578.6
1196020 1583.3
1196030 1588.0
1196040 1588.0
1196050 1592.5
1196060 1596.8
1196070 1596.8
1196080 1600.9
1196090 1604.2
1196100 1604.2
1196110 1608.2
1196120 1622.0
1196130 1622.0
1196140 1645.0
1196150 1656.4
1196160 1665.3
1196170 1665.3
1196180 1671.6
1196190 1685.7
1196200 1685.7
1196210 1697.8
1196220 1700.2
1196230 1701.0
1196240 1706.0
1196250 1714.1
1196260 1714.1
1196270 1731.7
1196280 1747.5
1196290 1747.5
1196300 1761.7
1196310 1777.6
1196320 1777.6
1196330 1792.5
1196340 1803.3
1196350 1803.3
1196360 1816.3
1196370 1828.4
1196380 1836.6
1196390 1836.6
1196400 1844.4
1196410 1852.7
1196420 1852.7
1196430 1859.0
1196440 1866.4
1196450 1866.4
1196460 1873.6
1196470 1876.0
1196480 1876.0
1196490 1874.1
1196500 1877.0
1196510 1877.0
1196520 1889.1
1196530 1904.3
1196540 1904.3
1196550 1920.9
1196560 1934.4
1196570 1943.4
1196580 1943.4
1196590 1950.0
1196600 1956.4
1196610 1956.4
1196620 1962.7
1196630 1969.2
1196640 1969.2
1196650 1977.0
1196660 1983.9
1196670 1988.3
1196680 1993.6
1196690 2000.6
1196700 2000.6
1196710 2010.6
1196720 2020.8
1196730 2020.8
1196740 2033.0
1196750 2040.2
1196760 2040.2
1196770 2046.7
1196780 2053.1
1196790 2060.2
1196800 2060.2
1196810 2069.3
1196820 2078.0
1196830 2078.0
1196840 2085.2
1196850 2092.4
1196860 2092.4
1196870 2098.9
1196880 2106.4
1196890 2106.4
1196900 2115.9
1196910 2123.9
1196920 2123.9
1196930 2132.0
1196940 2141.6
1196950 2141.6
1196960 2151.3
1196970 2162.1
1196980 2162.1
1196990 2174.7
1197000 2185.2
1197010 2195.8
1197020 2195.8
1197030 2205.2
1197040 2214.0
1197050 2214.0
1197060 2219.6
1197070 2225.8
1197080 2225.8
1197090 2234.0
1197100 2242.7
1197110 2240.1
1197120 2250.1
1197130 2260.1
1197140 2260.1
1197150 2267.7
1197160 2276.1
1197170 2276.1
1197180 2283.1
1197190 2290.9
1197200 2298.5
1197210 2298.5
1197220 2305.2
1197230 2313.4
1197240 2313.4
1197250 2323.0
1197260 2329.2
1197270 2329.2
1197280 2336.0
1197290 2343.3
1197300 2343.3
1197310 2350.5
1197320 2358.1
1197330 2358.1
1197340 2365.5
1197350 2373.3
1197360 2373.3
1197370 2382.4
1197380 2392.0
1197390 2392.0
1197400 2402.4
1197410 2412.6
1197420 2420.0
1197430 2420.0
1197440 2428.2
1197450 2432.1
1197460 2432.1
1197470 2435.1
1197480 2437.2
1197490 2437.2
1197500 2437.9
1197510 2438.5
1197520 2438.5
1197530 2439.8
1197540 2442.3
1197550 2440.0
1197560 2442.4
1197570 2444.4
1197580 2444.4
1197590 2447.4
1197600 2452.0
1197610 2456.5
1197620 2456.5
1197630 2460.7
1197640 2465.3
1197650 2465.3
1197660 2471.0
1197670 2476.8
1197680 2476.8
1197690 2480.9
1197700 2484.9
1197710 2484.9
1197720 2488.9
1197730 2492.3
1197740 2492.3
1197750 2496.0
1197760 2500.0
1197770 2500.0
1197780 2504.7
1197790 2509.3
1197800 2509.3
1197810 2513.4
1197820 2517.5
1197830 2522.7
1197840 2522.7
1197850 2527.7
1197860 2530.5
1197870 2530.5
1197880 2536.1
1197890 2543.3
1197900 2543.3
1197910 2549.6
1197920 2556.2
1197930 2556.2
1197940 2564.2
1197950 2572.6
1197960 2572.6
1197970 2578.8
1197980 2582.4
1197990 2574.1
1198000 2576.7
1198010 2580.5
1198020 2583.7
1198030 2583.7
1198040 2584.7
1198050 2587.4
1198060 2587.4
1198070 2590.5
1198080 2586.9
1198090 2586.9
1198100 2584.4
1198110 2586.9
1198120 2586.9
1198130 2592.3
1198140 2598.0
1198150 2598.0
1198160 2601.1
1198170 2606.1
1198180 2606.1
1198190 2614.1
1198200 2622.6
1198210 2622.6
1198220 2629.9
1198230 2637.5
1198240 2645.2
1198250 2645.2
1198260 2653.0
1198270 2657.0
1198280 2657.0
1198290 2657.1
1198300 2657.4
1198310 2657.4
1198320 2659.4
1198330 2663.4
1198340 2663.4
1198350 2667.7
1198360 2668.0
1198370 2668.0
1198380 2666.2
1198390 2663.1
1198400 2663.1
1198410 2661.1
1198420 2661.6
1198430 2665.4
1198440 2659.7
1198450 2664.7
1198460 2669.5
1198470 2669.5
1198480 2669.3
1198490 2666.9
1198500 2666.9
1198510 2665.8
1198520 2663.2
1198530 2663.2
1198540 2659.7
1198550 2654.0
1198560 2654.0
1198570 2649.2
1198580 2646.5
1198590 2646.5
1198600 2643.3
1198610 2636.9
1198620 2636.9
1198630 2626.3
1198640 2615.6
1198650 2606.8
1198660 2606.8
1198670 2602.5
1198680 2600.3
1198690 2600.3
1198700 2598.0
1198710 2595.1
1198720 2595.1
1198730 2592.3
1198740 2591.7
1198750 2591.7
1198760 2591.9
1198770 2591.7
1198780 2591.7
1198790 2591.5
1198800 2591.2
1198810 2591.2
1198820 2590.0
1198830 2588.4
1198840 2586.4
1198850 2586.4
1198860 2584.0
1198870 2581.6
1198880 2578.4
1198890 2576.0
1198900 2575.9
1198910 2575.9
1198920 2575.7
1198930 2577.4
1198940 2577.4
1198950 2579.8
1198960 2581.5
1198970 2581.5
1198980 2583.2
1198990 2585.2
1199000 2585.2
1199010 2586.8
1199020 2587.2
1199030 2587.2
1199040 2586.3
1199050 2585.1
1199060 2585.7
1199070 2585.7
1199080 2591.6
1199090 2599.6
1199100 2599.6
1199110 2606.2
1199120 2610.4
1199130 2610.4
1199140 2612.0
1199150 2610.8
1199160 2610.8
1199170 2609.4
1199180 2609.7
1199190 2609.7
1199200 2611.7
1199210 2615.3
1199220 2615.3
1199230 2620.0
1199240 2626.9
1199250 2626.9
1199260 2634.1
1199270 2641.2
1199280 2648.2
1199290 2648.2
1199300 2655.7
1199310 2664.6
1199320 2662.2
1199330 2670.1
1199340 2678.7
1199350 2678.7
1199360 2690.4
1199370 2704.8
1199380 2704.8
1199390 2718.8
1199400 2730.6
1199410 2730.6
1199420 2740.3
1199430 2750.8
1199440 2750.8
1199450 2758.1
1199460 2763.4
1199470 2767.2
1199480 2767.2
1199490 2771.1
1199500 2770.7
1199510 2770.7
1199520 2770.5
1199530 2775.8
1199540 2775.8
1199550 2785.3
1199560 2797.6
1199570 2797.6
1199580 2806.1
1199590 2813.0
1199600 2813.0
1199610 2818.6
1199620 2821.8
1199630 2821.8
1199640 2822.0
1199650 2820.9
1199660 2820.9
1199670 2820.3
1199680 2820.2
1199690 2820.9
1199700 2820.9
1199710 2821.2
1199720 2818.1
1199730 2818.1
1199740 2819.2
1199750 2821.9
1199760 2821.9
1199770 2817.0
1199780 2819.1
1199790 2819.1
1199800 2819.7
1199810 2820.8
1199820 2820.8
1199830 2825.1
1199840 2831.2
1199850 2831.2
1199860 2838.6
1199870 2846.5
1199880 2855.2
1199890 2855.2
1199900 2864.1
1199910 2873.1
1199920 2873.1
1199930 2883.1
1199940 2892.0
1199950 2892.0
1199960 2897.0
1199970 2900.8
1199980 2900.8
1199990 2908.1
