1180000 2064.3
1180010 2066.8
1180020 2069.5
1180030 2069.5
1180040 2070.8
1180050 2070.2
1180060 2070.2
1180070 2069.0
1180080 2068.7
1180090 2068.7
1180100 2068.9
1180110 2069.2
1180120 2069.2
1180130 2069.4
1180140 2070.1
1180150 2070.1
1180160 2071.9
1180170 2074.7
1180180 2077.6
1180190 2077.6
1180200 2078.6
1180210 2082.0
1180220 2082.0
1180230 2083.6
1180240 2086.1
1180250 2086.1
1180260 2089.8
1180270 2093.5
1180280 2093.5
1180290 2096.2
1180300 2098.4
1180310 2098.4
1180320 2102.1
1180330 2105.2
1180340 2105.2
1180350 2109.3
1180360 2111.0
1180370 2110.8
1180380 2110.8
1180390 2110.7
1180400 2109.3
1180410 2109.3
1180420 2108.0
1180430 2106.5
1180440 2106.5
1180450 2104.4
1180460 2100.1
1180470 2100.1
1180480 2093.9
1180490 2087.3
1180500 2087.3
1180510 2080.9
1180520 2073.8
1180530 2073.8
1180540 2066.5
1180550 2060.7
1180560 2060.7
1180570 2054.7
1180580 2049.0
1180590 2043.9
1180600 2043.9
1180610 2039.1
1180620 2034.2
1180630 2034.2
1180640 2030.1
1180650 2028.7
1180660 2028.7
1180670 2026.5
1180680 2023.9
1180690 2023.9
1180700 2020.5
1180710 2017.2
1180720 2017.2
1180730 2014.2
1180740 2009.9
1180750 2009.9
1180760 2006.8
1180770 2005.0
1180780 2001.3
1180790 2001.3
1180800 1996.6
1180810 1992.6
1180820 1992.6
1180830 1991.2
1180840 1991.4
1180850 1991.4
1180860 1990.6
1180870 1984.9
1180880 1984.9
1180890 1978.6
1180900 1971.9
1180910 1971.9
1180920 1965.7
1180930 1959.7
1180940 1959.7
1180950 1954.7
1180960 1951.7
1180970 1951.7
1180980 1945.3
1180990 1938.6
1181000 1931.5
1181010 1931.5
1181020 1924.3
1181030 1916.6
1181040 1913.2
1181050 1910.3
1181060 1905.3
1181070 1905.3
1181080 1897.2
1181090 1888.9
1181100 1888.9
1181110 1882.8
1181120 1878.5
1181130 1878.5
1181140 1874.7
1181150 1871.5
1181160 1871.5
1181170 1868.7
1181180 1866.3
1181190 1865.0
1181200 1865.0
1181210 1862.9
1181220 1859.2
1181230 1859.2
1181240 1855.1
1181250 1850.9
1181260 1850.9
1181270 1847.8
1181280 1845.6
1181290 1845.6
1181300 1843.0
1181310 1839.1
1181320 1839.1
1181330 1835.0
1181340 1831.4
1181350 1831.4
1181360 1826.6
1181370 1821.4
1181380 1821.4
1181390 1816.0
1181400 1810.9
1181410 1805.5
1181420 1805.5
1181430 1801.9
1181440 1800.0
1181450 1800.0
1181460 1797.6
1181470 1795.4
1181480 1795.4
1181490 1791.6
1181500 1784.5
1181510 1784.5
1181520 1776.9
1181530 1771.8
1181540 1771.8
1181550 1769.4
1181560 1766.3
1181570 1766.3
1181580 1763.3
1181590 1760.9
1181600 1760.9
1181610 1757.6
1181620 1754.8
1181630 1751.0
1181640 1751.0
1181650 1744.4
1181660 1738.2
1181670 1738.2
1181680 1734.3
1181690 1730.6
1181700 1730.6
1181710 1727.7
1181720 1724.9
1181730 1724.9
1181740 1723.2
1181750 1720.7
1181760 1720.7
1181770 1718.3
1181780 1716.5
1181790 1716.5
1181800 1713.9
1181810 1710.7
1181820 1705.8
1181830 1705.8
1181840 1700.0
1181850 1692.0
1181860 1692.0
1181870 1684.0
1181880 1678.4
1181890 1678.4
1181900 1677.8
1181910 1678.6
1181920 1678.6
1181930 1684.0
1181940 1686.5
1181950 1686.5
1181960 1687.0
1181970 1687.4
1181980 1687.4
1181990 1687.5
1182000 1691.0
1182010 1691.0
1182020 1698.3
1182030 1706.2
1182040 1711.9
1182050 1711.9
1182060 1716.4
1182070 1720.4
1182080 1720.4
1182090 1725.3
1182100 1731.7
1182110 1731.7
1182120 1737.7
1182130 1743.1
1182140 1743.1
1182150 1748.1
1182160 1753.0
1182170 1753.0
1182180 1758.4
1182190 1764.5
1182200 1764.5
1182210 1770.7
1182220 1778.3
1182230 1785.6
1182240 1785.6
1182250 1793.0
1182260 1800.5
1182270 1800.5
1182280 1808.3
1182290 1816.8
1182300 1818.0
1182310 1825.3
1182320 1833.5
1182330 1833.5
1182340 1842.1
1182350 1849.8
1182360 1849.8
1182370 1857.6
1182380 1866.0
1182390 1866.0
1182400 1874.8
1182410 1885.3
1182420 1885.3
1182430 1902.6
1182440 1924.6
1182450 1942.9
1182460 1942.9
1182470 1955.9
1182480 1969.9
1182490 1969.9
1182500 1976.5
1182510 1977.6
1182520 1977.6
1182530 1982.6
1182540 1988.5
1182550 1988.5
1182560 1991.3
1182570 1991.2
1182580 1991.2
1182590 1991.3
1182600 1993.2
1182610 1993.2
1182620 1995.8
1182630 1998.7
1182640 2006.0
1182650 2006.0
1182660 2011.4
1182670 2012.2
1182680 2012.2
1182690 2013.5
1182700 2015.6
1182710 2015.6
1182720 2012.3
1182730 2016.6
1182740 2016.6
1182750 2020.2
1182760 2023.8
1182770 2023.8
1182780 2028.3
1182790 2039.1
1182800 2039.1
1182810 2052.9
1182820 2061.9
1182830 2061.9
1182840 2070.1
1182850 2076.2
1182860 2086.7
1182870 2086.7
1182880 2093.6
1182890 2090.9
1182900 2090.9
1182910 2086.0
1182920 2084.4
1182930 2084.4
1182940 2084.6
1182950 2090.3
1182960 2090.3
1182970 2097.4
1182980 2096.6
1182990 2096.6
1183000 2097.1
1183010 2102.6
1183020 2102.6
1183030 2105.8
1183040 2105.7
1183050 2108.3
1183060 2108.3
1183070 2115.9
1183080 2123.7
1183090 2123.7
1183100 2126.8
1183110 2126.1
1183120 2126.1
1183130 2124.4
1183140 2116.8
1183150 2116.8
1183160 2117.9
1183170 2122.7
1183180 2122.7
1183190 2128.9
1183200 2131.9
1183210 2131.9
1183220 2132.6
1183230 2136.1
1183240 2136.1
1183250 2140.0
1183260 2150.0
1183270 2159.0
1183280 2159.0
1183290 2165.2
1183300 2170.6
1183310 2170.6
1183320 2182.7
1183330 2197.9
1183340 2197.9
1183350 2207.1
1183360 2216.9
1183370 2216.9
1183380 2220.2
1183390 2220.7
1183400 2220.7
1183410 2220.5
1183420 2220.7
1183430 2220.7
1183440 2221.8
1183450 2223.2
1183460 2224.3
1183470 2224.3
1183480 2224.8
1183490 2224.9
1183500 2224.9
1183510 2225.7
1183520 2226.7
1183530 2226.7
1183540 2227.4
1183550 2227.7
1183560 2222.9
1183570 2223.3
1183580 2223.8
1183590 2223.8
1183600 2225.6
1183610 2227.7
1183620 2227.7
1183630 2229.5
1183640 2231.3
1183650 2231.3
1183660 2233.2
1183670 2233.7
1183680 2233.8
1183690 2233.8
1183700 2232.4
1183710 2230.9
1183720 2230.9
1183730 2232.4
1183740 2237.4
1183750 2237.4
1183760 2243.8
1183770 2249.2
1183780 2249.2
1183790 2253.5
1183800 2264.3
1183810 2264.3
1183820 2275.0
1183830 2278.5
1183840 2278.5
1183850 2280.2
1183860 2283.9
1183870 2283.9
1183880 2288.5
1183890 2292.7
1183900 2297.2
1183910 2297.2
1183920 2298.2
1183930 2300.5
1183940 2300.5
1183950 2306.9
1183960 2316.1
1183970 2316.1
1183980 2322.1
1183990 2325.1
1184000 2325.1
1184010 2326.6
1184020 2324.3
1184030 2324.3
1184040 2324.0
1184050 2328.8
1184060 2328.8
1184070 2332.3
1184080 2336.7
1184090 2338.5
1184100 2338.5
1184110 2340.6
1184120 2345.9
1184130 2345.9
1184140 2354.0
1184150 2353.0
1184160 2353.0
1184170 2354.2
1184180 2353.8
1184190 2353.8
1184200 2354.2
1184210 2354.9
1184220 2354.9
1184230 2355.1
1184240 2357.0
1184250 2357.0
1184260 2357.9
1184270 2358.6
1184280 2358.6
1184290 2361.6
1184300 2370.9
1184310 2376.6
1184320 2376.6
1184330 2380.4
1184340 2383.5
1184350 2383.5
1184360 2385.3
1184370 2386.8
1184380 2386.8
1184390 2387.9
1184400 2383.0
1184410 2383.0
1184420 2382.9
1184430 2383.5
1184440 2383.5
1184450 2384.1
1184460 2384.4
1184470 2384.4
1184480 2385.0
1184490 2384.1
1184500 2383.3
1184510 2383.3
1184520 2383.4
1184530 2383.2
1184540 2383.2
1184550 2382.2
1184560 2380.6
1184570 2380.6
1184580 2381.1
1184590 2383.5
1184600 2383.5
1184610 2383.2
1184620 2379.9
1184630 2379.9
1184640 2375.4
1184650 2370.7
1184660 2370.7
1184670 2366.6
1184680 2362.7
1184690 2362.7
1184700 2359.6
1184710 2357.6
1184720 2356.7
1184730 2356.7
1184740 2355.3
1184750 2355.3
1184760 2355.3
1184770 2356.2
1184780 2358.3
1184790 2358.3
1184800 2356.3
1184810 2351.7
1184820 2357.6
1184830 2349.2
1184840 2343.5
1184850 2343.5
1184860 2345.8
1184870 2346.7
1184880 2346.7
1184890 2346.6
1184900 2345.5
1184910 2348.9
1184920 2348.9
1184930 2347.9
1184940 2347.7
1184950 2347.7
1184960 2351.9
1184970 2354.0
1184980 2354.0
1184990 2354.6
1185000 2353.9
1185010 2353.9
1185020 2350.2
1185030 2342.7
1185040 2342.7
1185050 2335.0
1185060 2327.6
1185070 2327.6
1185080 2320.4
1185090 2313.0
1185100 2313.0
1185110 2305.5
1185120 2298.1
1185130 2290.5
1185140 2290.5
1185150 2283.6
1185160 2276.0
1185170 2276.0
1185180 2268.1
1185190 2261.0
1185200 2261.0
1185210 2263.0
1185220 2278.6
1185230 2278.6
1185240 2298.0
1185250 2306.8
1185260 2306.8
1185270 2298.3
1185280 2293.1
1185290 2293.1
1185300 2301.7
1185310 2301.4
1185320 2310.5
1185330 2310.5
1185340 2317.8
1185350 2318.8
1185360 2318.8
1185370 2319.8
1185380 2323.0
1185390 2323.0
1185400 2318.2
1185410 2316.3
1185420 2316.3
1185430 2318.5
1185440 2319.6
1185450 2319.6
1185460 2321.9
1185470 2325.8
1185480 2325.8
1185490 2324.1
1185500 2319.2
1185510 2319.2
1185520 2313.7
1185530 2307.8
1185540 2301.3
1185550 2301.3
1185560 2294.0
1185570 2285.8
1185580 2285.8
1185590 2278.0
1185600 2270.0
1185610 2270.0
1185620 2263.5
1185630 2257.4
1185640 2257.4
1185650 2251.2
1185660 2243.6
1185670 2247.1
1185680 2239.2
1185690 2231.8
1185700 2231.8
1185710 2226.1
1185720 2220.9
1185730 2216.9
1185740 2216.9
1185750 2212.4
1185760 2210.5
1185770 2210.5
1185780 2211.2
1185790 2212.9
1185800 2212.9
1185810 2216.8
1185820 2214.5
1185830 2214.5
1185840 2208.3
1185850 2200.6
1185860 2200.6
1185870 2193.1
1185880 2186.2
1185890 2186.2
1185900 2179.6
1185910 2176.0
1185920 2176.0
1185930 2178.2
1185940 2183.5
1185950 2180.0
1185960 2180.0
1185970 2174.4
1185980 2171.2
1185990 2171.2
1186000 2170.5
1186010 2169.9
1186020 2169.9
1186030 2169.3
1186040 2162.6
1186050 2162.6
1186060 2155.0
1186070 2148.6
1186080 2148.6
1186090 2147.6
1186100 2142.1
1186110 2142.1
1186120 2138.2
1186130 2135.2
1186140 2135.2
1186150 2133.2
1186160 2132.1
1186170 2130.8
1186180 2130.8
1186190 2130.3
1186200 2129.4
1186210 2129.4
1186220 2127.1
1186230 2122.7
1186240 2122.7
1186250 2116.6
1186260 2111.5
1186270 2111.5
1186280 2108.6
1186290 2105.5
1186300 2105.5
1186310 2102.9
1186320 2097.9
1186330 2097.9
1186340 2096.9
1186350 2098.4
1186360 2099.9
1186370 2099.9
1186380 2101.6
1186390 2105.6
1186400 2105.6
1186410 2108.5
1186420 2111.3
1186430 2111.3
1186440 2113.2
1186450 2114.5
1186460 2114.5
1186470 2115.6
1186480 2117.2
1186490 2117.2
1186500 2118.9
1186510 2120.4
1186520 2123.6
1186530 2125.4
1186540 2127.4
1186550 2127.4
1186560 2130.1
1186570 2133.9
1186580 2139.1
1186590 2139.1
1186600 2144.5
1186610 2149.8
1186620 2149.8
1186630 2154.8
1186640 2160.2
1186650 2160.2
1186660 2165.0
1186670 2169.7
1186680 2169.7
1186690 2174.6
1186700 2179.7
1186710 2179.7
1186720 2185.1
1186730 2191.3
1186740 2191.3
1186750 2197.6
1186760 2203.5
1186770 2209.3
1186780 2209.3
1186790 2215.0
1186800 2221.5
1186810 2221.5
1186820 2228.4
1186830 2235.1
1186840 2235.1
1186850 2241.4
1186860 2247.0
1186870 2247.0
1186880 2251.8
1186890 2256.8
1186900 2256.8
1186910 2263.3
1186920 2271.8
1186930 2271.8
1186940 2282.4
1186950 2293.3
1186960 2293.3
1186970 2301.8
1186980 2309.3
1186990 2316.7
1187000 2316.7
1187010 2324.5
1187020 2331.3
1187030 2331.3
1187040 2338.2
1187050 2345.4
1187060 2345.4
1187070 2352.4
1187080 2358.4
1187090 2358.4
1187100 2364.2
1187110 2369.6
1187120 2369.6
1187130 2375.0
1187140 2381.7
1187150 2381.7
1187160 2390.0
1187170 2398.7
1187180 2408.2
1187190 2408.2
1187200 2415.3
1187210 2420.0
1187220 2420.0
1187230 2418.9
1187240 2422.0
1187250 2422.0
1187260 2430.3
1187270 2438.5
1187280 2438.5
1187290 2445.4
1187300 2449.4
1187310 2449.4
1187320 2449.4
1187330 2455.1
1187340 2455.1
1187350 2463.7
1187360 2462.4
1187370 2469.5
1187380 2465.8
1187390 2462.4
1187400 2463.3
1187410 2463.3
1187420 2468.9
1187430 2478.9
1187440 2478.9
1187450 2488.7
1187460 2499.4
1187470 2499.4
1187480 2503.6
1187490 2504.6
1187500 2504.6
1187510 2509.9
1187520 2519.0
1187530 2519.0
1187540 2524.5
1187550 2522.0
1187560 2522.0
1187570 2518.3
1187580 2520.3
1187590 2528.5
1187600 2528.5
1187610 2544.9
1187620 2557.4
1187630 2557.4
1187640 2568.8
1187650 2580.4
1187660 2580.4
1187670 2591.3
1187680 2601.1
1187690 2601.1
1187700 2608.9
1187710 2611.6
1187720 2611.6
1187730 2611.4
1187740 2614.2
1187750 2614.2
1187760 2616.0
1187770 2626.5
1187780 2626.5
1187790 2636.5
1187800 2643.7
1187810 2651.1
1187820 2651.1
1187830 2658.7
1187840 2665.2
1187850 2665.2
1187860 2666.9
1187870 2669.7
1187880 2669.7
1187890 2675.7
1187900 2681.8
1187910 2681.8
1187920 2686.9
1187930 2692.8
1187940 2692.8
1187950 2699.7
1187960 2707.6
1187970 2707.6
1187980 2716.5
1187990 2725.3
1188000 2725.3
1188010 2730.3
1188020 2736.1
1188030 2742.3
1188040 2742.3
1188050 2749.7
1188060 2758.1
1188070 2758.1
1188080 2769.0
1188090 2777.7
1188100 2777.7
1188110 2788.3
1188120 2798.2
1188130 2798.2
1188140 2806.9
1188150 2815.5
1188160 2815.5
1188170 2822.6
1188180 2829.0
1188190 2829.0
1188200 2834.2
1188210 2839.8
1188220 2857.0
1188230 2857.0
1188240 2858.4
1188250 2859.5
1188260 2859.5
1188270 2860.8
1188280 2865.4
1188290 2865.4
1188300 2872.0
1188310 2880.8
1188320 2880.8
1188330 2886.4
1188340 2890.7
1188350 2890.7
1188360 2895.2
1188370 2900.5
1188380 2900.5
1188390 2907.2
1188400 2905.6
1188410 2905.6
1188420 2902.6
1188430 2900.1
1188440 2897.3
1188450 2897.3
1188460 2893.3
1188470 2890.9
1188480 2890.9
1188490 2889.2
1188500 2887.3
1188510 2887.3
1188520 2885.7
1188530 2883.4
1188540 2883.4
1188550 2881.1
1188560 2879.6
1188570 2879.6
1188580 2878.1
1188590 2876.6
1188600 2876.6
1188610 2874.7
1188620 2871.6
1188630 2868.1
1188640 2868.1
1188650 2866.5
1188660 2859.9
1188670 2859.9
1188680 2855.7
1188690 2854.5
1188700 2854.5
1188710 2853.0
1188720 2851.6
1188730 2851.6
1188740 2850.9
1188750 2849.1
1188760 2849.1
1188770 2845.5
1188780 2842.5
1188790 2842.5
1188800 2841.7
1188810 2840.3
1188820 2840.3
1188830 2839.4
1188840 2838.5
1188850 2837.2
1188860 2837.2
1188870 2834.5
1188880 2831.7
1188890 2831.7
1188900 2829.9
1188910 2830.1
1188920 2830.1
1188930 2831.7
1188940 2832.3
1188950 2832.3
1188960 2832.2
1188970 2831.3
1188980 2831.3
1188990 2828.6
1189000 2825.7
1189010 2825.7
1189020 2823.4
1189030 2821.0
1189040 2819.7
1189050 2819.7
1189060 2819.9
1189070 2820.7
1189080 2827.5
1189090 2826.8
1189100 2825.9
1189110 2825.9
1189120 2824.0
1189130 2822.4
1189140 2822.4
1189150 2820.4
1189160 2818.2
1189170 2818.2
1189180 2816.1
1189190 2814.3
1189200 2814.3
1189210 2812.7
1189220 2810.4
1189230 2810.4
1189240 2809.0
1189250 2808.1
1189260 2808.0
1189270 2808.0
1189280 2808.4
1189290 2809.7
1189300 2809.7
1189310 2810.2
1189320 2809.7
1189330 2809.7
1189340 2808.0
1189350 2805.5
1189360 2805.5
1189370 2803.3
1189380 2801.7
1189390 2801.7
1189400 2800.5
1189410 2799.9
1189420 2799.9
1189430 2799.6
1189440 2799.4
1189450 2798.9
1189460 2798.9
1189470 2797.8
1189480 2795.6
1189490 2795.6
1189500 2796.1
1189510 2795.6
1189520 2795.6
1189530 2795.2
1189540 2795.1
1189550 2795.1
1189560 2794.8
1189570 2794.6
1189580 2794.6
1189590 2793.3
1189600 2792.6
1189610 2792.6
1189620 2792.3
1189630 2792.3
1189640 2792.3
1189650 2791.7
1189660 2790.9
1189670 2790.3
1189680 2790.3
1189690 2789.8
1189700 2789.8
1189710 2789.8
1189720 2791.5
1189730 2794.6
1189740 2794.6
1189750 2799.0
1189760 2802.1
1189770 2802.1
1189780 2804.4
1189790 2806.1
1189800 2806.1
1189810 2807.9
1189820 2809.7
1189830 2809.7
1189840 2811.0
1189850 2810.8
1189860 2810.1
1189870 2810.1
1189880 2809.7
1189890 2809.1
1189900 2809.1
1189910 2807.5
1189920 2804.7
1189930 2805.1
1189940 2801.7
1189950 2799.3
1189960 2799.3
1189970 2798.6
1189980 2798.5
1189990 2798.5
1190000 2798.1
1190010 2797.6
1190020 2797.6
1190030 2797.0
1190040 2795.0
1190050 2795.0
1190060 2794.5
1190070 2796.8
1190080 2798.4
1190090 2798.4
1190100 2800.1
1190110 2802.3
1190120 2802.3
1190130 2804.1
1190140 2806.6
1190150 2806.6
1190160 2810.9
1190170 2817.0
1190180 2817.0
1190190 2822.2
1190200 2826.4
1190210 2826.4
1190220 2829.4
1190230 2834.8
1190240 2834.8
1190250 2845.7
1190260 2857.1
1190270 2857.1
1190280 2869.7
1190290 2880.7
1190300 2894.5
1190310 2894.5
1190320 2899.2
1190330 2893.2
1190340 2893.2
1190350 2886.0
1190360 2875.6
1190370 2875.6
1190380 2867.6
1190390 2858.5
1190400 2858.5
1190410 2850.9
1190420 2844.0
1190430 2844.0
1190440 2837.1
1190450 2830.1
1190460 2830.1
1190470 2823.8
1190480 2818.2
1190490 2812.7
1190500 2812.7
1190510 2807.1
1190520 2803.5
1190530 2803.5
1190540 2802.3
1190550 2803.5
1190560 2803.5
1190570 2805.5
1190580 2804.9
1190590 2804.9
1190600 2802.0
1190610 2800.7
1190620 2800.7
1190630 2801.5
1190640 2803.5
1190650 2803.5
1190660 2806.4
1190670 2809.4
1190680 2809.4
1190690 2813.9
1190700 2818.2
1190710 2822.6
1190720 2822.6
1190730 2827.0
1190740 2831.1
1190750 2831.1
1190760 2835.3
1190770 2838.8
1190780 2838.8
1190790 2847.8
1190800 2851.4
1190810 2851.4
1190820 2856.6
1190830 2863.2
1190840 2863.2
1190850 2874.0
1190860 2886.2
1190870 2886.2
1190880 2895.6
1190890 2900.4
1190900 2910.4
1190910 2910.4
1190920 2919.9
1190930 2934.9
1190940 2934.9
1190950 2944.8
1190960 2946.1
1190970 2946.1
1190980 2940.8
1190990 2931.3
1191000 2931.3
1191010 2920.2
1191020 2909.9
1191030 2909.9
1191040 2899.1
1191050 2889.4
1191060 2889.4
1191070 2880.5
1191080 2872.7
1191090 2872.7
1191100 2864.7
1191110 2857.7
1191120 2851.1
1191130 2851.1
1191140 2845.6
1191150 2841.0
1191160 2841.0
1191170 2837.1
1191180 2833.9
1191190 2833.9
1191200 2831.6
1191210 2828.4
1191220 2828.4
1191230 2825.4
1191240 2818.1
1191250 2818.1
1191260 2810.6
1191270 2805.2
1191280 2805.2
1191290 2799.9
1191300 2795.2
1191310 2791.9
1191320 2791.9
1191330 2789.2
1191340 2786.5
1191350 2786.5
1191360 2783.4
1191370 2780.4
1191380 2780.4
1191390 2778.5
1191400 2778.5
1191410 2778.5
1191420 2778.4
1191430 2777.0
1191440 2777.0
1191450 2774.6
1191460 2773.0
1191470 2773.0
1191480 2771.4
1191490 2768.8
1191500 2768.8
1191510 2765.5
1191520 2762.2
1191530 2758.4
1191540 2758.4
1191550 2755.0
1191560 2751.9
1191570 2751.9
1191580 2748.6
1191590 2743.4
1191600 2743.4
1191610 2738.4
1191620 2734.5
1191630 2734.5
1191640 2730.7
1191650 2726.8
1191660 2729.5
1191670 2725.6
1191680 2719.9
1191690 2719.9
1191700 2714.8
1191710 2709.3
1191720 2705.2
1191730 2705.2
1191740 2699.6
1191750 2695.0
1191760 2695.0
1191770 2692.8
1191780 2690.0
1191790 2690.0
1191800 2686.3
1191810 2684.6
1191820 2684.6
1191830 2682.8
1191840 2681.1
1191850 2681.1
1191860 2679.9
1191870 2680.4
1191880 2680.4
1191890 2678.4
1191900 2676.7
1191910 2676.7
1191920 2676.8
1191930 2677.0
1191940 2675.3
1191950 2675.3
1191960 2669.6
1191970 2663.7
1191980 2663.7
1191990 2658.4
1192000 2654.5
1192010 2654.5
1192020 2652.6
1192030 2651.5
1192040 2651.5
1192050 2650.2
1192060 2648.6
1192070 2648.6
1192080 2646.6
1192090 2640.8
1192100 2640.8
1192110 2635.6
1192120 2629.9
1192130 2624.9
1192140 2624.9
1192150 2620.7
1192160 2618.1
1192170 2618.1
1192180 2615.2
1192190 2612.9
1192200 2612.9
1192210 2611.3
1192220 2609.6
1192230 2609.6
1192240 2606.6
1192250 2603.6
1192260 2603.6
1192270 2602.2
1192280 2601.4
1192290 2601.4
1192300 2600.3
1192310 2596.4
1192320 2596.4
1192330 2593.2
1192340 2592.2
1192350 2595.0
1192360 2595.0
1192370 2601.6
1192380 2607.8
1192390 2607.8
1192400 2611.7
1192410 2613.8
1192420 2613.8
1192430 2613.8
1192440 2616.1
1192450 2616.1
1192460 2621.9
1192470 2628.8
1192480 2628.8
1192490 2632.7
1192500 2633.4
1192510 2633.4
1192520 2627.7
1192530 2629.2
1192540 2627.7
1192550 2627.7
1192560 2623.2
1192570 2621.6
1192580 2621.6
1192590 2621.4
1192600 2621.2
1192610 2621.2
1192620 2620.4
1192630 2618.7
1192640 2618.7
1192650 2617.8
1192660 2616.6
1192670 2616.6
1192680 2613.4
1192690 2609.5
1192700 2609.5
1192710 2603.9
1192720 2595.5
1192730 2595.5
1192740 2586.9
1192750 2580.3
1192760 2573.3
1192770 2573.3
1192780 2568.2
1192790 2563.9
1192800 2563.9
1192810 2558.8
1192820 2555.0
1192830 2555.0
1192840 2550.8
1192850 2546.6
1192860 2546.6
1192870 2543.2
1192880 2540.3
1192890 2540.3
1192900 2539.1
1192910 2538.6
1192920 2538.6
1192930 2536.4
1192940 2532.9
1192950 2532.9
1192960 2523.9
1192970 2520.4
1192980 2517.9
1192990 2517.9
1193000 2515.0
1193010 2511.0
1193020 2511.0
1193030 2506.2
1193040 2502.2
1193050 2502.2
1193060 2498.4
1193070 2494.9
1193080 2494.9
1193090 2491.6
1193100 2487.3
1193110 2487.3
1193120 2481.7
1193130 2475.9
1193140 2475.9
1193150 2471.3
1193160 2467.2
1193170 2463.8
1193180 2463.8
1193190 2460.6
1193200 2457.4
1193210 2457.4
1193220 2453.7
1193230 2449.5
1193240 2449.5
1193250 2445.4
1193260 2442.1
1193270 2442.1
1193280 2439.4
1193290 2435.4
1193300 2435.4
1193310 2430.9
1193320 2427.1
1193330 2427.1
1193340 2424.6
1193350 2421.6
1193360 2421.6
1193370 2418.4
1193380 2417.0
1193390 2409.6
1193400 2409.6
1193410 2406.5
1193420 2401.5
1193430 2401.5
1193440 2397.8
1193450 2395.8
1193460 2395.8
1193470 2393.7
1193480 2391.4
1193490 2391.4
1193500 2389.6
1193510 2388.4
1193520 2388.4
1193530 2386.5
1193540 2385.4
1193550 2385.4
1193560 2385.0
1193570 2385.6
1193580 2388.0
1193590 2388.0
1193600 2392.4
1193610 2396.6
1193620 2396.6
1193630 2399.4
1193640 2398.5
1193650 2398.5
1193660 2394.8
1193670 2390.5
1193680 2390.5
1193690 2385.3
1193700 2380.6
1193710 2380.6
1193720 2377.7
1193730 2376.1
1193740 2376.1
1193750 2374.6
1193760 2373.5
1193770 2373.5
1193780 2372.5
1193790 2370.8
1193800 2367.3
1193810 2367.3
1193820 2363.1
1193830 2360.5
1193840 2360.5
1193850 2356.7
1193860 2349.4
1193870 2349.4
1193880 2343.2
1193890 2338.8
1193900 2338.8
1193910 2334.7
1193920 2329.9
1193930 2329.9
1193940 2323.9
1193950 2318.1
1193960 2318.1
1193970 2314.7
1193980 2310.7
1193990 2302.0
1194000 2302.0
1194010 2291.4
1194020 2283.9
1194030 2283.9
1194040 2270.5
1194050 2256.2
1194060 2256.2
1194070 2244.7
1194080 2237.7
1194090 2237.7
1194100 2231.1
1194110 2223.5
1194120 2223.5
1194130 2216.9
1194140 2209.7
1194150 2209.7
1194160 2203.8
1194170 2197.1
1194180 2197.1
1194190 2188.7
1194200 2180.2
1194210 2171.3
1194220 2171.3
1194230 2162.2
1194240 2153.9
1194250 2153.9
1194260 2141.5
1194270 2126.7
1194280 2126.7
1194290 2113.3
1194300 2102.7
1194310 2102.7
1194320 2094.3
1194330 2084.8
1194340 2084.8
1194350 2077.5
1194360 2069.8
1194370 2069.8
1194380 2062.1
1194390 2055.3
1194400 2049.2
1194410 2049.2
1194420 2041.5
1194430 2030.9
1194440 2030.9
1194450 2020.8
1194460 2013.4
1194470 2013.4
1194480 2006.2
1194490 1999.3
1194500 1999.3
1194510 1991.2
1194520 1983.3
1194530 1983.3
1194540 1975.8
1194550 1967.9
1194560 1967.9
1194570 1960.2
1194580 1953.1
1194590 1953.1
1194600 1945.7
1194610 1937.1
1194620 1927.4
1194630 1927.4
1194640 1916.8
1194650 1907.3
1194660 1907.3
1194670 1901.0
1194680 1896.1
1194690 1896.1
1194700 1899.3
1194710 1892.9
1194720 1892.9
1194730 1886.9
1194740 1881.7
1194750 1881.7
1194760 1874.3
1194770 1856.5
1194780 1856.5
1194790 1843.5
1194800 1831.2
1194810 1824.5
1194820 1824.5
1194830 1818.9
1194840 1807.6
1194850 1807.6
1194860 1795.5
1194870 1785.9
1194880 1785.9
1194890 1778.3
1194900 1769.8
1194910 1769.8
1194920 1758.8
1194930 1745.2
1194940 1745.2
1194950 1734.0
1194960 1723.3
1194970 1723.3
1194980 1715.3
1194990 1707.5
1195000 1707.5
1195010 1699.1
1195020 1691.6
1195030 1685.0
1195040 1685.0
1195050 1678.3
1195060 1672.0
1195070 1672.0
1195080 1666.3
1195090 1660.8
1195100 1660.8
1195110 1655.1
1195120 1649.6
1195130 1649.6
1195140 1641.3
1195150 1635.7
1195160 1635.7
1195170 1629.3
1195180 1623.8
1195190 1623.8
1195200 1619.8
1195210 1614.7
1195220 1607.6
1195230 1607.6
1195240 1600.1
1195250 1592.9
1195260 1592.9
1195270 1585.3
1195280 1578.0
1195290 1578.0
1195300 1571.1
1195310 1564.0
1195320 1564.0
1195330 1556.7
1195340 1549.4
1195350 1549.4
1195360 1542.5
1195370 1536.1
1195380 1536.1
1195390 1530.2
1195400 1525.4
1195410 1525.4
1195420 1521.4
1195430 1518.2
1195440 1515.8
1195450 1515.8
1195460 1513.5
1195470 1511.6
1195480 1511.6
1195490 1508.1
1195500 1505.8
1195510 1505.8
1195520 1504.4
1195530 1502.4
1195540 1502.4
1195550 1501.7
1195560 1502.5
1195570 1502.9
1195580 1503.4
1195590 1504.4
1195600 1504.4
1195610 1505.5
1195620 1506.6
1195630 1506.6
1195640 1508.7
1195650 1508.2
1195660 1509.9
1195670 1509.9
1195680 1513.4
1195690 1514.6
1195700 1514.6
1195710 1515.5
1195720 1516.5
1195730 1516.5
1195740 1517.0
1195750 1516.8
1195760 1516.8
1195770 1517.3
1195780 1517.6
1195790 1517.6
1195800 1516.7
1195810 1515.2
1195820 1515.2
1195830 1515.1
1195840 1517.5
1195850 1521.0
1195860 1521.0
1195870 1524.6
1195880 1528.8
1195890 1528.8
1195900 1533.6
1195910 1537.8
1195920 1537.8
1195930 1541.8
1195940 1546.2
1195950 1546.2
1195960 1551.1
1195970 1556.4
1195980 1556.4
1195990 1561.8
1196000 1567.2
1196010 1565.9
1196020 1571.7
1196030 1577.5
1196040 1577.5
1196050 1583.9
1196060 1590.2
1196070 1596.7
1196080 1596.7
1196090 1603.3
1196100 1610.3
1196110 1610.3
1196120 1617.2
1196130 1624.5
1196140 1624.5
1196150 1632.4
1196160 1640.7
1196170 1640.7
1196180 1653.0
1196190 1671.5
1196200 1671.5
1196210 1689.9
1196220 1703.8
1196230 1703.8
1196240 1713.1
1196250 1715.3
1196260 1716.3
1196270 1716.3
1196280 1727.0
1196290 1730.8
1196300 1730.8
1196310 1733.5
1196320 1740.0
1196330 1740.0
1196340 1748.3
1196350 1757.0
1196360 1757.0
1196370 1766.0
1196380 1774.2
1196390 1774.2
1196400 1784.0
1196410 1798.3
1196420 1798.3
1196430 1815.7
1196440 1833.4
1196450 1829.5
1196460 1845.5
1196470 1861.9
1196480 1876.1
1196490 1876.1
1196500 1893.4
1196510 1910.4
1196520 1910.4
1196530 1920.2
1196540 1935.2
1196550 1935.2
1196560 1948.6
1196570 1955.7
1196580 1955.7
1196590 1960.9
1196600 1966.1
1196610 1966.1
1196620 1973.5
1196630 1981.8
1196640 1981.8
1196650 1986.3
1196660 1994.1
1196670 2008.3
1196680 2008.3
1196690 2016.0
1196700 2022.9
1196710 2022.9
1196720 2028.8
1196730 2034.1
1196740 2034.1
1196750 2039.4
1196760 2044.1
1196770 2044.1
1196780 2049.1
1196790 2055.2
1196800 2055.2
1196810 2064.3
1196820 2073.9
1196830 2073.9
1196840 2081.4
1196850 2087.6
1196860 2087.6
1196870 2094.7
1196880 2101.0
1196890 2100.1
1196900 2100.1
1196910 2104.2
1196920 2108.2
1196930 2108.2
1196940 2113.4
1196950 2119.3
1196960 2119.3
1196970 2125.3
1196980 2131.4
1196990 2131.4
1197000 2137.3
1197010 2143.7
1197020 2143.7
1197030 2150.5
1197040 2156.9
1197050 2156.9
1197060 2162.5
1197070 2167.4
1197080 2172.0
1197090 2172.0
1197100 2176.4
1197110 2181.4
1197120 2181.4
1197130 2186.9
1197140 2192.9
1197150 2192.9
1197160 2199.1
1197170 2205.0
1197180 2205.0
1197190 2210.5
1197200 2216.6
1197210 2216.6
1197220 2223.0
1197230 2228.7
1197240 2228.7
1197250 2233.2
1197260 2237.0
1197270 2237.0
1197280 2240.8
1197290 2244.5
1197300 2248.6
1197310 2248.6
1197320 2252.8
1197330 2253.3
1197340 2253.3
1197350 2257.8
1197360 2260.8
1197370 2260.8
1197380 2264.0
1197390 2267.8
1197400 2267.8
1197410 2274.1
1197420 2279.8
1197430 2279.8
1197440 2284.6
1197450 2288.2
1197460 2288.2
1197470 2290.7
1197480 2294.0
1197490 2297.3
1197500 2297.3
1197510 2300.8
1197520 2303.9
1197530 2303.9
1197540 2304.5
1197550 2303.2
1197560 2303.2
1197570 2298.0
1197580 2294.1
1197590 2294.1
1197600 2293.4
1197610 2293.5
1197620 2293.5
1197630 2299.0
1197640 2307.9
1197650 2307.9
1197660 2318.4
1197670 2325.0
1197680 2325.0
1197690 2330.3
1197700 2334.0
1197710 2335.9
1197720 2335.9
1197730 2338.2
1197740 2341.1
1197750 2341.1
1197760 2343.9
1197770 2339.7
1197780 2339.7
1197790 2342.6
1197800 2344.0
1197810 2344.0
1197820 2345.6
1197830 2348.2
1197840 2348.2
1197850 2350.7
1197860 2353.2
1197870 2353.2
1197880 2354.9
1197890 2359.7
1197900 2367.1
1197910 2367.1
1197920 2374.1
1197930 2380.5
1197940 2380.5
1197950 2386.1
1197960 2392.0
1197970 2392.0
1197980 2397.5
1197990 2402.5
1198000 2402.5
1198010 2407.1
1198020 2410.7
1198030 2410.7
1198040 2415.8
1198050 2422.8
1198060 2422.8
1198070 2429.4
1198080 2435.5
1198090 2435.5
1198100 2441.3
1198110 2446.2
1198120 2448.5
1198130 2448.5
1198140 2448.9
1198150 2450.7
1198160 2450.7
1198170 2457.7
1198180 2464.9
1198190 2464.9
1198200 2471.1
1198210 2467.7
1198220 2467.7
1198230 2470.2
1198240 2473.1
1198250 2473.1
1198260 2475.5
1198270 2477.5
1198280 2477.5
1198290 2479.2
1198300 2480.3
1198310 2479.5
1198320 2479.5
1198330 2479.3
1198340 2483.5
1198350 2483.5
1198360 2486.1
1198370 2488.0
1198380 2488.0
1198390 2489.8
1198400 2491.5
1198410 2491.5
1198420 2492.2
1198430 2493.2
1198440 2493.2
1198450 2494.5
1198460 2495.4
1198470 2495.4
1198480 2496.6
1198490 2496.2
1198500 2496.2
1198510 2496.4
1198520 2497.8
1198530 2498.3
1198540 2498.3
1198550 2497.2
1198560 2496.4
1198570 2496.4
1198580 2494.1
1198590 2492.6
1198600 2492.6
1198610 2493.4
1198620 2495.4
1198630 2495.4
1198640 2498.2
1198650 2496.4
1198660 2496.4
1198670 2497.5
1198680 2499.5
1198690 2499.5
1198700 2502.9
1198710 2508.4
1198720 2508.4
1198730 2514.7
1198740 2520.1
1198750 2524.0
1198760 2524.0
1198770 2527.5
1198780 2530.1
1198790 2530.1
1198800 2531.1
1198810 2531.3
1198820 2531.3
1198830 2532.1
1198840 2532.6
1198850 2532.6
1198860 2530.2
1198870 2525.5
1198880 2525.5
1198890 2522.8
1198900 2521.0
1198910 2521.0
1198920 2522.1
1198930 2524.6
1198940 2526.4
1198950 2526.4
1198960 2527.1
1198970 2526.9
1198980 2526.9
1198990 2525.2
1199000 2525.2
1199010 2525.2
1199020 2525.0
1199030 2527.0
1199040 2527.0
1199050 2532.4
1199060 2539.7
1199070 2539.7
1199080 2547.9
1199090 2553.0
1199100 2551.1
1199110 2553.3
1199120 2553.0
1199130 2553.0
1199140 2551.4
1199150 2550.4
1199160 2551.7
1199170 2551.7
1199180 2552.0
1199190 2551.4
1199200 2551.4
1199210 2556.5
1199220 2563.5
1199230 2563.5
1199240 2570.9
1199250 2577.6
1199260 2577.6
1199270 2583.8
1199280 2590.3
1199290 2590.3
1199300 2597.1
1199310 2603.4
1199320 2603.4
1199330 2607.6
1199340 2608.6
1199350 2608.5
1199360 2608.5
1199370 2605.4
1199380 2603.2
1199390 2603.2
1199400 2604.0
1199410 2606.1
1199420 2606.1
1199430 2609.8
1199440 2616.1
1199450 2616.1
1199460 2623.1
1199470 2625.6
1199480 2625.6
1199490 2626.2
1199500 2629.0
1199510 2629.0
1199520 2627.7
1199530 2624.6
1199540 2617.4
1199550 2618.2
1199560 2621.9
1199570 2628.4
1199580 2628.4
1199590 2629.1
1199600 2629.6
1199610 2629.6
1199620 2632.1
1199630 2634.9
1199640 2634.9
1199650 2638.6
1199660 2639.3
1199670 2639.3
1199680 2641.4
1199690 2644.3
1199700 2644.3
1199710 2646.5
1199720 2647.9
1199730 2647.9
1199740 2650.8
1199750 2657.3
1199760 2664.8
1199770 2664.8
1199780 2667.9
1199790 2666.0
1199800 2666.0
1199810 2668.6
1199820 2671.6
1199830 2671.6
1199840 2678.5
1199850 2685.3
1199860 2685.3
1199870 2692.1
1199880 2702.2
1199890 2702.2
1199900 2712.3
1199910 2722.6
1199920 2722.6
1199930 2732.7
1199940 2742.1
1199950 2742.1
1199960 2747.0
1199970 2746.1
1199980 2743.9
1199990 2733.8
