1180000 1653.7
1180010 1653.7
1180020 1658.1
1180030 1661.8
1180040 1661.8
1180050 1664.1
1180060 1667.5
1180070 1667.5
1180080 1671.9
1180090 1675.8
1180100 1675.8
1180110 1678.2
1180120 1679.5
1180130 1679.5
1180140 1682.0
1180150 1686.7
1180160 1686.7
1180170 1689.9
1180180 1703.3
1180190 1706.2
1180200 1706.2
1180210 1708.6
1180220 1711.7
1180230 1711.7
1180240 1715.8
1180250 1722.4
1180260 1722.4
1180270 1732.7
1180280 1744.6
1180290 1744.6
1180300 1756.0
1180310 1769.0
1180320 1769.0
1180330 1777.8
1180340 1786.2
1180350 1786.2
1180360 1789.9
1180370 1792.9
1180380 1797.1
1180390 1797.1
1180400 1803.2
1180410 1809.5
1180420 1809.5
1180430 1812.9
1180440 1815.4
1180450 1815.4
1180460 1821.4
1180470 1832.8
1180480 1832.8
1180490 1844.4
1180500 1852.2
1180510 1852.2
1180520 1858.9
1180530 1864.5
1180540 1864.5
1180550 1866.6
1180560 1871.3
1180570 1871.3
1180580 1875.8
1180590 1879.6
1180600 1896.6
1180610 1896.6
1180620 1901.9
1180630 1906.4
1180640 1906.4
1180650 1909.2
1180660 1911.2
1180670 1911.2
1180680 1913.4
1180690 1915.8
1180700 1915.8
1180710 1918.5
1180720 1921.5
1180730 1921.5
1180740 1923.2
1180750 1924.2
1180760 1924.2
1180770 1925.3
1180780 1926.8
1180790 1926.8
1180800 1928.2
1180810 1929.5
1180820 1930.3
1180830 1930.3
1180840 1930.9
1180850 1932.2
1180860 1932.2
1180870 1933.6
1180880 1935.9
1180890 1935.9
1180900 1937.9
1180910 1938.5
1180920 1938.5
1180930 1937.5
1180940 1934.3
1180950 1934.3
1180960 1930.4
1180970 1927.3
1180980 1927.3
1180990 1924.3
1181000 1919.6
1181010 1913.8
1181020 1913.8
1181030 1906.1
1181040 1899.5
1181050 1899.5
1181060 1893.4
1181070 1886.2
1181080 1886.2
1181090 1881.0
1181100 1875.0
1181110 1875.0
1181120 1868.7
1181130 1864.0
1181140 1864.0
1181150 1859.1
1181160 1853.6
1181170 1853.6
1181180 1847.5
1181190 1840.6
1181200 1840.6
1181210 1832.8
1181220 1824.8
1181230 1816.0
1181240 1816.0
1181250 1808.5
1181260 1801.4
1181270 1801.4
1181280 1793.5
1181290 1786.1
1181300 1786.1
1181310 1779.8
1181320 1772.5
1181330 1772.5
1181340 1766.2
1181350 1760.1
1181360 1760.1
1181370 1754.1
1181380 1748.4
1181390 1748.4
1181400 1742.5
1181410 1735.9
1181420 1729.5
1181430 1730.6
1181440 1724.6
1181450 1717.8
1181460 1717.8
1181470 1710.5
1181480 1703.5
1181490 1703.5
1181500 1695.1
1181510 1687.0
1181520 1687.0
1181530 1678.5
1181540 1669.1
1181550 1669.1
1181560 1660.1
1181570 1655.1
1181580 1655.1
1181590 1646.5
1181600 1637.7
1181610 1637.7
1181620 1629.1
1181630 1621.2
1181640 1613.7
1181650 1613.7
1181660 1605.6
1181670 1597.7
1181680 1597.7
1181690 1590.1
1181700 1583.4
1181710 1583.4
1181720 1589.8
1181730 1597.2
1181740 1597.2
1181750 1604.7
1181760 1623.4
1181770 1623.4
1181780 1630.8
1181790 1637.2
1181800 1637.2
1181810 1637.4
1181820 1635.8
1181830 1635.8
1181840 1635.4
1181850 1635.9
1181860 1634.6
1181870 1634.6
1181880 1633.9
1181890 1633.1
1181900 1633.1
1181910 1633.2
1181920 1635.2
1181930 1635.2
1181940 1637.0
1181950 1636.6
1181960 1636.6
1181970 1636.0
1181980 1636.3
1181990 1636.3
1182000 1638.1
1182010 1639.8
1182020 1639.8
1182030 1640.6
1182040 1642.2
1182050 1644.1
1182060 1644.1
1182070 1645.7
1182080 1647.5
1182090 1647.5
1182100 1650.3
1182110 1652.1
1182120 1652.1
1182130 1654.0
1182140 1656.8
1182150 1656.8
1182160 1659.8
1182170 1662.3
1182180 1662.3
1182190 1664.2
1182200 1666.0
1182210 1666.0
1182220 1668.2
1182230 1670.6
1182240 1670.6
1182250 1673.7
1182260 1677.1
1182270 1684.6
1182280 1684.6
1182290 1688.1
1182300 1691.4
1182310 1691.4
1182320 1694.1
1182330 1697.0
1182340 1697.0
1182350 1700.0
1182360 1702.7
1182370 1702.7
1182380 1705.1
1182390 1707.1
1182400 1707.1
1182410 1709.1
1182420 1711.0
1182430 1711.0
1182440 1713.8
1182450 1716.4
1182460 1718.6
1182470 1718.6
1182480 1719.9
1182490 1720.6
1182500 1720.6
1182510 1720.9
1182520 1722.1
1182530 1722.1
1182540 1725.2
1182550 1728.8
1182560 1728.8
1182570 1732.5
1182580 1734.6
1182590 1734.6
1182600 1734.7
1182610 1733.5
1182620 1733.5
1182630 1736.4
1182640 1738.6
1182650 1738.6
1182660 1739.6
1182670 1740.3
1182680 1747.3
1182690 1747.3
1182700 1748.2
1182710 1748.6
1182720 1748.6
1182730 1749.1
1182740 1749.5
1182750 1749.5
1182760 1751.2
1182770 1752.8
1182780 1752.8
1182790 1753.4
1182800 1754.6
1182810 1754.6
1182820 1754.7
1182830 1755.5
1182840 1755.5
1182850 1758.2
1182860 1759.3
1182870 1759.3
1182880 1760.5
1182890 1763.8
1182900 1766.6
1182910 1766.6
1182920 1767.5
1182930 1767.7
1182940 1767.7
1182950 1767.1
1182960 1766.3
1182970 1766.3
1182980 1765.5
1182990 1765.1
1183000 1765.1
1183010 1765.4
1183020 1765.1
1183030 1765.1
1183040 1763.2
1183050 1762.1
1183060 1762.1
1183070 1762.4
1183080 1762.6
1183090 1762.6
1183100 1768.3
1183110 1767.9
1183120 1766.8
1183130 1766.8
1183140 1764.6
1183150 1762.7
1183160 1762.7
1183170 1761.8
1183180 1761.1
1183190 1761.1
1183200 1759.9
1183210 1757.5
1183220 1757.5
1183230 1755.7
1183240 1753.6
1183250 1753.6
1183260 1749.7
1183270 1745.0
1183280 1745.0
1183290 1741.8
1183300 1743.3
1183310 1747.4
1183320 1747.4
1183330 1748.0
1183340 1744.8
1183350 1744.8
1183360 1739.8
1183370 1736.2
1183380 1736.2
1183390 1733.0
1183400 1728.6
1183410 1728.6
1183420 1723.6
1183430 1718.9
1183440 1718.9
1183450 1715.1
1183460 1711.0
1183470 1711.0
1183480 1704.9
1183490 1699.6
1183500 1691.6
1183510 1691.6
1183520 1682.7
1183530 1679.1
1183540 1679.1
1183550 1672.6
1183560 1675.1
1183570 1675.1
1183580 1682.7
1183590 1690.9
1183600 1690.9
1183610 1699.4
1183620 1708.8
1183630 1708.8
1183640 1715.0
1183650 1722.0
1183660 1722.0
1183670 1728.3
1183680 1734.2
1183690 1734.2
1183700 1740.3
1183710 1746.8
1183720 1753.6
1183730 1753.6
1183740 1760.6
1183750 1766.7
1183760 1766.7
1183770 1771.6
1183780 1776.0
1183790 1776.0
1183800 1780.1
1183810 1784.0
1183820 1784.0
1183830 1788.7
1183840 1793.5
1183850 1793.5
1183860 1798.7
1183870 1803.5
1183880 1803.5
1183890 1807.3
1183900 1811.6
1183910 1811.6
1183920 1816.4
1183930 1821.4
1183940 1826.0
1183950 1832.6
1183960 1836.5
1183970 1839.6
1183980 1839.6
1183990 1842.1
1184000 1845.1
1184010 1845.1
1184020 1848.6
1184030 1853.0
1184040 1853.0
1184050 1858.1
1184060 1862.6
1184070 1862.6
1184080 1867.8
1184090 1875.9
1184100 1875.9
1184110 1886.6
1184120 1894.8
1184130 1900.6
1184140 1900.6
1184150 1905.1
1184160 1906.8
1184170 1906.8
1184180 1908.0
1184190 1909.2
1184200 1909.2
1184210 1909.0
1184220 1909.5
1184230 1909.5
1184240 1908.9
1184250 1909.0
1184260 1909.0
1184270 1907.2
1184280 1904.8
1184290 1904.8
1184300 1902.5
1184310 1901.6
1184320 1901.6
1184330 1901.3
1184340 1900.7
1184350 1900.5
1184360 1900.5
1184370 1908.7
1184380 1907.3
1184390 1907.3
1184400 1906.6
1184410 1908.0
1184420 1908.0
1184430 1906.6
1184440 1899.8
1184450 1899.8
1184460 1894.4
1184470 1890.6
1184480 1890.6
1184490 1885.8
1184500 1880.3
1184510 1880.3
1184520 1875.1
1184530 1870.1
1184540 1865.1
1184550 1865.1
1184560 1859.5
1184570 1853.2
1184580 1853.2
1184590 1847.1
1184600 1841.4
1184610 1841.4
1184620 1835.2
1184630 1828.9
1184640 1828.9
1184650 1823.4
1184660 1818.7
1184670 1818.7
1184680 1813.1
1184690 1807.7
1184700 1807.7
1184710 1804.4
1184720 1798.9
1184730 1798.9
1184740 1791.2
1184750 1782.7
1184760 1776.8
1184770 1776.8
1184780 1770.4
1184790 1772.0
1184800 1772.0
1184810 1773.4
1184820 1776.7
1184830 1776.7
1184840 1781.7
1184850 1782.5
1184860 1782.5
1184870 1787.9
1184880 1793.7
1184890 1793.7
1184900 1793.2
1184910 1790.2
1184920 1790.2
1184930 1786.3
1184940 1778.0
1184950 1778.0
1184960 1770.0
1184970 1769.4
1184980 1768.9
1184990 1768.9
1185000 1761.3
1185010 1753.4
1185020 1753.4
1185030 1746.2
1185040 1740.7
1185050 1740.7
1185060 1733.1
1185070 1726.3
1185080 1726.3
1185090 1719.2
1185100 1713.6
1185110 1713.6
1185120 1708.2
1185130 1702.7
1185140 1702.7
1185150 1699.3
1185160 1697.4
1185170 1695.0
1185180 1695.0
1185190 1695.7
1185200 1696.2
1185210 1697.4
1185220 1698.8
1185230 1702.9
1185240 1702.9
1185250 1708.7
1185260 1718.9
1185270 1718.9
1185280 1728.9
1185290 1735.4
1185300 1735.4
1185310 1740.5
1185320 1745.9
1185330 1745.9
1185340 1751.5
1185350 1757.9
1185360 1757.9
1185370 1763.4
1185380 1768.7
1185390 1772.9
1185400 1772.9
1185410 1776.7
1185420 1781.5
1185430 1781.5
1185440 1787.4
1185450 1794.6
1185460 1794.6
1185470 1802.7
1185480 1810.3
1185490 1810.3
1185500 1816.5
1185510 1822.4
1185520 1822.4
1185530 1829.1
1185540 1834.8
1185550 1834.8
1185560 1841.8
1185570 1848.5
1185580 1855.2
1185590 1855.2
1185600 1861.5
1185610 1867.5
1185620 1867.5
1185630 1873.8
1185640 1875.2
1185650 1875.2
1185660 1881.0
1185670 1887.0
1185680 1887.0
1185690 1893.0
1185700 1899.5
1185710 1899.5
1185720 1906.9
1185730 1913.6
1185740 1913.6
1185750 1919.5
1185760 1925.0
1185770 1925.0
1185780 1928.2
1185790 1932.0
1185800 1937.2
1185810 1937.2
1185820 1939.7
1185830 1941.1
1185840 1941.1
1185850 1941.7
1185860 1941.2
1185870 1941.2
1185880 1943.0
1185890 1943.6
1185900 1943.6
1185910 1944.6
1185920 1945.3
1185930 1945.3
1185940 1946.2
1185950 1952.0
1185960 1952.0
1185970 1961.3
1185980 1972.2
1185990 1972.2
1186000 1979.5
1186010 1986.3
1186020 1997.2
1186030 1997.2
1186040 2005.9
1186050 2013.0
1186060 2009.5
1186070 2015.2
1186080 2021.6
1186090 2021.6
1186100 2028.1
1186110 2034.9
1186120 2034.9
1186130 2041.5
1186140 2047.1
1186150 2047.1
1186160 2052.0
1186170 2057.3
1186180 2057.3
1186190 2063.1
1186200 2068.7
1186210 2073.0
1186220 2073.0
1186230 2075.6
1186240 2079.4
1186250 2079.4
1186260 2083.0
1186270 2085.7
1186280 2085.7
1186290 2087.2
1186300 2087.6
1186310 2087.6
1186320 2087.6
1186330 2092.1
1186340 2092.1
1186350 2099.1
1186360 2106.7
1186370 2106.7
1186380 2114.9
1186390 2124.5
1186400 2124.5
1186410 2127.4
1186420 2125.0
1186430 2125.8
1186440 2125.8
1186450 2123.4
1186460 2121.0
1186470 2121.0
1186480 2112.5
1186490 2112.9
1186500 2112.9
1186510 2116.5
1186520 2125.2
1186530 2125.2
1186540 2129.8
1186550 2126.3
1186560 2126.3
1186570 2127.2
1186580 2127.9
1186590 2127.9
1186600 2127.8
1186610 2127.6
1186620 2127.8
1186630 2127.8
1186640 2128.8
1186650 2130.2
1186660 2130.2
1186670 2130.7
1186680 2131.9
1186690 2131.9
1186700 2137.3
1186710 2144.9
1186720 2144.9
1186730 2153.1
1186740 2159.2
1186750 2159.2
1186760 2164.7
1186770 2172.7
1186780 2172.7
1186790 2180.1
1186800 2187.1
1186810 2187.1
1186820 2192.9
1186830 2199.5
1186840 2207.3
1186850 2207.3
1186860 2215.1
1186870 2224.6
1186880 2224.6
1186890 2234.6
1186900 2241.8
1186910 2237.7
1186920 2244.4
1186930 2249.8
1186940 2249.8
1186950 2252.6
1186960 2255.2
1186970 2255.2
1186980 2257.9
1186990 2260.7
1187000 2260.7
1187010 2263.3
1187020 2265.6
1187030 2265.6
1187040 2267.8
1187050 2270.0
1187060 2272.2
1187070 2272.2
1187080 2274.2
1187090 2275.9
1187100 2275.9
1187110 2277.5
1187120 2279.2
1187130 2279.2
1187140 2281.3
1187150 2282.9
1187160 2282.9
1187170 2284.9
1187180 2287.7
1187190 2287.7
1187200 2291.1
1187210 2294.7
1187220 2294.7
1187230 2297.9
1187240 2301.3
1187250 2305.1
1187260 2305.1
1187270 2309.3
1187280 2313.2
1187290 2313.2
1187300 2317.3
1187310 2321.1
1187320 2321.1
1187330 2325.1
1187340 2333.2
1187350 2333.2
1187360 2337.1
1187370 2340.8
1187380 2340.8
1187390 2344.3
1187400 2346.4
1187410 2346.4
1187420 2348.2
1187430 2352.5
1187440 2352.5
1187450 2359.4
1187460 2366.5
1187470 2373.8
1187480 2373.8
1187490 2381.1
1187500 2389.6
1187510 2389.6
1187520 2399.6
1187530 2408.4
1187540 2408.4
1187550 2416.6
1187560 2426.4
1187570 2426.4
1187580 2436.4
1187590 2447.3
1187600 2447.3
1187610 2458.5
1187620 2468.6
1187630 2468.6
1187640 2479.9
1187650 2492.2
1187660 2502.1
1187670 2502.1
1187680 2512.9
1187690 2523.5
1187700 2523.5
1187710 2531.3
1187720 2536.6
1187730 2536.6
1187740 2540.0
1187750 2542.8
1187760 2549.4
1187770 2553.0
1187780 2557.6
1187790 2557.6
1187800 2563.5
1187810 2571.5
1187820 2571.5
1187830 2579.6
1187840 2585.8
1187850 2585.8
1187860 2590.6
1187870 2595.3
1187880 2600.7
1187890 2600.7
1187900 2606.0
1187910 2610.9
1187920 2610.9
1187930 2616.3
1187940 2621.7
1187950 2621.7
1187960 2627.3
1187970 2635.0
1187980 2635.0
1187990 2641.4
1188000 2645.9
1188010 2645.9
1188020 2651.5
1188030 2657.7
1188040 2657.7
1188050 2664.2
1188060 2669.9
1188070 2669.9
1188080 2674.9
1188090 2680.3
1188100 2686.7
1188110 2686.7
1188120 2695.7
1188130 2705.9
1188140 2705.9
1188150 2713.0
1188160 2719.7
1188170 2719.7
1188180 2727.6
1188190 2735.0
1188200 2735.0
1188210 2739.3
1188220 2744.9
1188230 2744.9
1188240 2747.6
1188250 2743.6
1188260 2743.6
1188270 2738.7
1188280 2733.6
1188290 2727.0
1188300 2727.0
1188310 2720.3
1188320 2715.8
1188330 2715.8
1188340 2713.7
1188350 2713.7
1188360 2713.7
1188370 2712.7
1188380 2709.4
1188390 2709.4
1188400 2706.1
1188410 2704.6
1188420 2704.6
1188430 2704.9
1188440 2703.4
1188450 2703.4
1188460 2705.7
1188470 2712.5
1188480 2712.5
1188490 2717.6
1188500 2720.7
1188510 2722.4
1188520 2722.4
1188530 2723.5
1188540 2724.3
1188550 2724.3
1188560 2724.2
1188570 2723.3
1188580 2723.3
1188590 2724.1
1188600 2725.5
1188610 2725.5
1188620 2729.7
1188630 2733.0
1188640 2733.0
1188650 2736.8
1188660 2741.3
1188670 2741.3
1188680 2745.0
1188690 2747.9
1188700 2754.3
1188710 2754.3
1188720 2760.6
1188730 2773.9
1188740 2773.9
1188750 2790.6
1188760 2804.4
1188770 2804.4
1188780 2811.7
1188790 2820.2
1188800 2820.2
1188810 2828.0
1188820 2834.7
1188830 2834.7
1188840 2842.6
1188850 2855.3
1188860 2855.3
1188870 2865.1
1188880 2863.8
1188890 2863.8
1188900 2857.0
1188910 2849.3
1188920 2841.2
1188930 2841.2
1188940 2832.6
1188950 2824.0
1188960 2824.0
1188970 2815.8
1188980 2806.7
1188990 2806.7
1189000 2800.1
1189010 2795.6
1189020 2795.6
1189030 2791.0
1189040 2784.6
1189050 2784.6
1189060 2781.5
1189070 2778.3
1189080 2778.3
1189090 2773.0
1189100 2766.7
1189110 2760.0
1189120 2760.0
1189130 2753.9
1189140 2748.8
1189150 2748.8
1189160 2746.3
1189170 2745.8
1189180 2745.8
1189190 2745.6
1189200 2745.7
1189210 2745.7
1189220 2747.4
1189230 2750.2
1189240 2750.2
1189250 2752.3
1189260 2753.2
1189270 2753.2
1189280 2753.4
1189290 2752.9
1189300 2752.9
1189310 2752.0
1189320 2749.5
1189330 2742.9
1189340 2742.9
1189350 2736.1
1189360 2729.1
1189370 2729.1
1189380 2723.4
1189390 2720.3
1189400 2720.3
1189410 2718.6
1189420 2717.5
1189430 2717.5
1189440 2716.5
1189450 2715.8
1189460 2715.8
1189470 2715.7
1189480 2715.4
1189490 2715.4
1189500 2715.6
1189510 2716.2
1189520 2716.2
1189530 2716.7
1189540 2715.2
1189550 2712.3
1189560 2712.3
1189570 2707.2
1189580 2700.2
1189590 2700.2
1189600 2694.8
1189610 2690.8
1189620 2690.8
1189630 2688.2
1189640 2686.5
1189650 2686.5
1189660 2684.5
1189670 2682.9
1189680 2682.9
1189690 2682.4
1189700 2683.1
1189710 2683.1
1189720 2684.8
1189730 2686.5
1189740 2689.4
1189750 2689.4
1189760 2689.7
1189770 2685.2
1189780 2685.2
1189790 2679.8
1189800 2679.1
1189810 2679.1
1189820 2678.3
1189830 2671.8
1189840 2671.8
1189850 2661.8
1189860 2655.3
1189870 2655.3
1189880 2650.1
1189890 2645.4
1189900 2647.3
1189910 2642.1
1189920 2639.0
1189930 2639.0
1189940 2636.8
1189950 2635.0
1189960 2632.7
1189970 2632.7
1189980 2630.6
1189990 2629.6
1190000 2629.6
1190010 2627.7
1190020 2625.5
1190030 2625.5
1190040 2623.8
1190050 2621.5
1190060 2621.5
1190070 2619.7
1190080 2617.3
1190090 2617.3
1190100 2614.3
1190110 2611.2
1190120 2611.2
1190130 2607.4
1190140 2603.6
1190150 2601.9
1190160 2601.9
1190170 2601.9
1190180 2601.6
1190190 2601.6
1190200 2601.6
1190210 2600.8
1190220 2600.8
1190230 2600.5
1190240 2600.2
1190250 2600.2
1190260 2600.0
1190270 2599.2
1190280 2599.2
1190290 2598.5
1190300 2599.1
1190310 2599.1
1190320 2600.6
1190330 2603.3
1190340 2603.3
1190350 2602.4
1190360 2601.8
1190370 2602.9
1190380 2602.9
1190390 2604.7
1190400 2607.0
1190410 2607.0
1190420 2607.0
1190430 2606.9
1190440 2606.9
1190450 2608.8
1190460 2609.9
1190470 2609.9
1190480 2610.9
1190490 2611.4
1190500 2611.4
1190510 2616.1
1190520 2619.9
1190530 2619.9
1190540 2621.3
1190550 2624.3
1190560 2624.3
1190570 2628.5
1190580 2632.7
1190590 2637.4
1190600 2637.4
1190610 2643.3
1190620 2648.2
1190630 2648.2
1190640 2651.3
1190650 2655.8
1190660 2655.8
1190670 2658.9
1190680 2662.3
1190690 2662.3
1190700 2669.1
1190710 2675.8
1190720 2675.8
1190730 2683.6
1190740 2699.2
1190750 2699.2
1190760 2722.8
1190770 2744.3
1190780 2758.8
1190790 2758.8
1190800 2763.8
1190810 2752.1
1190820 2752.1
1190830 2736.6
1190840 2729.6
1190850 2729.6
1190860 2727.2
1190870 2725.5
1190880 2725.5
1190890 2722.5
1190900 2719.9
1190910 2719.9
1190920 2712.9
1190930 2695.8
1190940 2695.8
1190950 2684.8
1190960 2675.5
1190970 2675.5
1190980 2664.4
1190990 2659.9
1191000 2655.8
1191010 2655.8
1191020 2652.5
1191030 2648.3
1191040 2648.3
1191050 2643.4
1191060 2641.6
1191070 2641.6
1191080 2641.2
1191090 2642.7
1191100 2642.7
1191110 2644.7
1191120 2644.7
1191130 2644.7
1191140 2644.6
1191150 2644.8
1191160 2644.8
1191170 2644.3
1191180 2643.6
1191190 2645.9
1191200 2645.9
1191210 2645.8
1191220 2645.5
1191230 2645.5
1191240 2646.2
1191250 2646.6
1191260 2646.6
1191270 2647.1
1191280 2647.3
1191290 2647.3
1191300 2646.7
1191310 2643.8
1191320 2643.8
1191330 2640.8
1191340 2638.3
1191350 2638.3
1191360 2639.0
1191370 2640.5
1191380 2640.5
1191390 2640.0
1191400 2639.5
1191410 2640.5
1191420 2640.5
1191430 2643.5
1191440 2646.9
1191450 2646.9
1191460 2650.5
1191470 2656.0
1191480 2656.0
1191490 2661.4
1191500 2666.3
1191510 2666.3
1191520 2671.8
1191530 2678.6
1191540 2678.6
1191550 2687.1
1191560 2699.8
1191570 2699.8
1191580 2718.1
1191590 2731.5
1191600 2731.5
1191610 2747.5
1191620 2766.2
1191630 2778.3
1191640 2778.3
1191650 2775.4
1191660 2770.4
1191670 2770.4
1191680 2762.5
1191690 2755.1
1191700 2755.1
1191710 2753.6
1191720 2748.6
1191730 2748.6
1191740 2747.6
1191750 2752.0
1191760 2752.0
1191770 2751.5
1191780 2749.4
1191790 2749.4
1191800 2749.6
1191810 2749.7
1191820 2751.3
1191830 2751.3
1191840 2755.7
1191850 2755.7
1191860 2755.7
1191870 2757.5
1191880 2759.2
1191890 2759.2
1191900 2759.4
1191910 2760.4
1191920 2760.4
1191930 2757.7
1191940 2758.1
1191950 2758.1
1191960 2758.5
1191970 2758.7
1191980 2758.7
1191990 2760.8
1192000 2760.1
1192010 2760.1
1192020 2758.1
1192030 2757.9
1192040 2768.6
1192050 2768.6
1192060 2781.3
1192070 2797.7
1192080 2797.7
1192090 2812.2
1192100 2827.0
1192110 2827.0
1192120 2833.4
1192130 2826.6
1192140 2826.6
1192150 2818.3
1192160 2813.8
1192170 2813.8
1192180 2810.5
1192190 2807.3
1192200 2807.3
1192210 2801.5
1192220 2797.6
1192230 2792.5
1192240 2792.5
1192250 2788.0
1192260 2786.1
1192270 2786.1
1192280 2786.9
1192290 2785.8
1192300 2785.8
1192310 2785.9
1192320 2789.7
1192330 2789.7
1192340 2792.7
1192350 2792.0
1192360 2792.0
1192370 2792.6
1192380 2789.8
1192390 2789.8
1192400 2788.0
1192410 2786.3
1192420 2786.3
1192430 2778.5
1192440 2770.6
1192450 2762.5
1192460 2762.5
1192470 2755.5
1192480 2750.4
1192490 2766.7
1192500 2768.7
1192510 2769.3
1192520 2769.3
1192530 2769.2
1192540 2771.1
1192550 2771.1
1192560 2770.7
1192570 2767.8
1192580 2767.8
1192590 2768.2
1192600 2770.0
1192610 2770.0
1192620 2770.2
1192630 2769.7
1192640 2769.7
1192650 2767.1
1192660 2763.2
1192670 2754.2
1192680 2754.2
1192690 2749.8
1192700 2750.2
1192710 2750.2
1192720 2747.8
1192730 2743.7
1192740 2743.7
1192750 2738.5
1192760 2733.3
1192770 2733.3
1192780 2728.3
1192790 2720.7
1192800 2720.7
1192810 2713.3
1192820 2705.5
1192830 2705.5
1192840 2698.7
1192850 2692.9
1192860 2686.9
1192870 2686.9
1192880 2679.8
1192890 2671.2
1192900 2671.2
1192910 2658.7
1192920 2645.2
1192930 2632.6
1192940 2618.9
1192950 2608.8
1192960 2608.8
1192970 2601.7
1192980 2594.6
1192990 2594.6
1193000 2586.3
1193010 2574.7
1193020 2574.7
1193030 2561.7
1193040 2549.5
1193050 2549.5
1193060 2532.5
1193070 2522.3
1193080 2516.7
1193090 2516.7
1193100 2511.1
1193110 2505.7
1193120 2505.7
1193130 2500.9
1193140 2496.2
1193150 2496.2
1193160 2490.6
1193170 2485.3
1193180 2485.3
1193190 2480.5
1193200 2476.8
1193210 2476.8
1193220 2473.3
1193230 2469.8
1193240 2469.8
1193250 2466.8
1193260 2464.8
1193270 2461.2
1193280 2461.2
1193290 2456.3
1193300 2452.5
1193310 2452.5
1193320 2449.3
1193330 2441.1
1193340 2441.1
1193350 2435.6
1193360 2426.3
1193370 2426.3
1193380 2423.3
1193390 2419.5
1193400 2419.5
1193410 2415.2
1193420 2410.4
1193430 2410.4
1193440 2405.8
1193450 2403.3
1193460 2403.3
1193470 2400.8
1193480 2397.6
1193490 2394.6
1193500 2394.6
1193510 2392.5
1193520 2392.5
1193530 2392.5
1193540 2391.2
1193550 2389.4
1193560 2389.4
1193570 2388.9
1193580 2388.3
1193590 2388.3
1193600 2387.9
1193610 2388.2
1193620 2388.2
1193630 2387.9
1193640 2388.1
1193650 2388.1
1193660 2383.8
1193670 2378.9
1193680 2372.0
1193690 2372.0
1193700 2368.0
1193710 2362.8
1193720 2362.8
1193730 2354.0
1193740 2348.9
1193750 2348.9
1193760 2343.5
1193770 2337.6
1193780 2337.6
1193790 2330.8
1193800 2320.7
1193810 2320.7
1193820 2314.6
1193830 2309.6
1193840 2309.6
1193850 2304.7
1193860 2299.1
1193870 2299.1
1193880 2293.4
1193890 2287.5
1193900 2281.6
1193910 2281.6
1193920 2275.9
1193930 2269.8
1193940 2269.8
1193950 2263.2
1193960 2257.0
1193970 2257.0
1193980 2250.7
1193990 2243.6
1194000 2243.6
1194010 2236.4
1194020 2227.7
1194030 2227.7
1194040 2217.7
1194050 2209.7
1194060 2209.7
1194070 2202.2
1194080 2194.3
1194090 2194.3
1194100 2187.2
1194110 2181.4
1194120 2174.5
1194130 2174.5
1194140 2166.1
1194150 2154.9
1194160 2154.9
1194170 2148.2
1194180 2144.2
1194190 2144.2
1194200 2137.5
1194210 2125.4
1194220 2125.4
1194230 2105.0
1194240 2096.7
1194250 2096.7
1194260 2090.2
1194270 2081.8
1194280 2081.8
1194290 2074.4
1194300 2066.1
1194310 2057.6
1194320 2057.6
1194330 2043.6
1194340 2026.0
1194350 2026.0
1194360 2012.4
1194370 2002.5
1194380 2002.5
1194390 1993.4
1194400 1984.2
1194410 1984.2
1194420 1974.8
1194430 1965.5
1194440 1965.5
1194450 1957.5
1194460 1950.2
1194470 1950.2
1194480 1942.5
1194490 1934.6
1194500 1934.6
1194510 1926.9
1194520 1919.0
1194530 1911.0
1194540 1911.0
1194550 1902.9
1194560 1894.7
1194570 1894.7
1194580 1886.2
1194590 1878.5
1194600 1878.5
1194610 1871.0
1194620 1863.6
1194630 1863.6
1194640 1855.9
1194650 1848.3
1194660 1848.3
1194670 1843.9
1194680 1837.7
1194690 1837.7
1194700 1830.8
1194710 1823.7
1194720 1815.5
1194730 1815.5
1194740 1808.1
1194750 1800.9
1194760 1800.9
1194770 1793.6
1194780 1787.2
1194790 1787.2
1194800 1781.6
1194810 1776.0
1194820 1776.0
1194830 1770.9
1194840 1765.9
1194850 1765.9
1194860 1760.8
1194870 1756.2
1194880 1756.2
1194890 1751.6
1194900 1747.2
1194910 1747.2
1194920 1742.5
1194930 1737.4
1194940 1731.9
1194950 1731.9
1194960 1724.7
1194970 1716.7
1194980 1716.7
1194990 1709.6
1195000 1701.5
1195010 1701.5
1195020 1692.2
1195030 1683.2
1195040 1683.2
1195050 1676.2
1195060 1670.4
1195070 1670.4
1195080 1665.6
1195090 1660.5
1195100 1658.9
1195110 1654.7
1195120 1649.4
1195130 1649.4
1195140 1642.9
1195150 1636.2
1195160 1630.1
1195170 1630.1
1195180 1623.6
1195190 1617.4
1195200 1617.4
1195210 1611.2
1195220 1603.9
1195230 1603.9
1195240 1595.8
1195250 1588.1
1195260 1588.1
1195270 1581.3
1195280 1575.2
1195290 1575.2
1195300 1569.4
1195310 1563.2
1195320 1563.2
1195330 1556.7
1195340 1550.5
1195350 1544.7
1195360 1544.7
1195370 1539.2
1195380 1533.4
1195390 1533.4
1195400 1527.7
1195410 1521.1
1195420 1521.1
1195430 1514.2
1195440 1508.7
1195450 1508.7
1195460 1504.1
1195470 1499.9
1195480 1499.9
1195490 1495.8
1195500 1491.5
1195510 1491.5
1195520 1486.0
1195530 1479.1
1195540 1477.6
1195550 1472.4
1195560 1467.7
1195570 1465.6
1195580 1465.6
1195590 1463.5
1195600 1464.7
1195610 1464.7
1195620 1465.2
1195630 1466.0
1195640 1466.0
1195650 1470.3
1195660 1477.0
1195670 1477.0
1195680 1484.8
1195690 1490.6
1195700 1490.6
1195710 1494.1
1195720 1497.5
1195730 1497.5
1195740 1500.9
1195750 1504.5
1195760 1507.0
1195770 1507.0
1195780 1508.5
1195790 1511.4
1195800 1511.4
1195810 1516.1
1195820 1521.0
1195830 1521.0
1195840 1525.2
1195850 1528.7
1195860 1528.7
1195870 1531.8
1195880 1534.9
1195890 1534.9
1195900 1537.8
1195910 1541.0
1195920 1541.0
1195930 1542.9
1195940 1544.8
1195950 1544.8
1195960 1547.8
1195970 1551.9
1195980 1559.2
1195990 1559.2
1196000 1564.1
1196010 1568.2
1196020 1568.2
1196030 1571.6
1196040 1574.4
1196050 1574.4
1196060 1576.6
1196070 1577.4
1196080 1577.4
1196090 1578.5
1196100 1583.4
1196110 1583.4
1196120 1588.6
1196130 1592.7
1196140 1592.7
1196150 1597.1
1196160 1601.7
1196170 1607.1
1196180 1607.1
1196190 1617.6
1196200 1634.9
1196210 1634.9
1196220 1654.4
1196230 1664.4
1196240 1664.4
1196250 1673.3
1196260 1677.9
1196270 1677.9
1196280 1681.7
1196290 1684.9
1196300 1684.9
1196310 1689.0
1196320 1700.3
1196330 1700.3
1196340 1709.0
1196350 1714.0
1196360 1714.0
1196370 1718.8
1196380 1724.9
1196390 1732.4
1196400 1732.4
1196410 1740.3
1196420 1740.8
1196430 1740.8
1196440 1747.0
1196450 1753.6
1196460 1753.6
1196470 1765.3
1196480 1778.3
1196490 1778.3
1196500 1789.6
1196510 1798.1
1196520 1798.1
1196530 1804.8
1196540 1811.2
1196550 1811.2
1196560 1819.8
1196570 1825.6
1196580 1825.6
1196590 1830.8
1196600 1835.6
1196610 1838.1
1196620 1838.1
1196630 1843.5
1196640 1849.4
1196650 1849.4
1196660 1856.5
1196670 1862.0
1196680 1862.0
1196690 1869.4
1196700 1877.5
1196710 1877.5
1196720 1886.6
1196730 1899.4
1196740 1899.4
1196750 1914.8
1196760 1928.2
1196770 1928.2
1196780 1937.9
1196790 1943.9
1196800 1948.3
1196810 1948.3
1196820 1952.8
1196830 1955.6
1196840 1955.6
1196850 1959.9
1196860 1955.8
1196870 1955.8
1196880 1963.5
1196890 1966.8
1196900 1966.8
1196910 1971.5
1196920 1986.9
1196930 1986.9
1196940 2003.0
1196950 2008.4
1196960 2008.4
1196970 2007.4
1196980 2006.2
1196990 2006.2
1197000 2007.3
1197010 2018.4
1197020 2034.2
1197030 2034.2
1197040 2044.2
1197050 2044.8
1197060 2044.8
1197070 2043.3
1197080 2045.2
1197090 2045.2
1197100 2047.0
1197110 2048.2
1197120 2048.2
1197130 2049.4
1197140 2052.0
1197150 2052.0
1197160 2055.3
1197170 2055.6
1197180 2055.6
1197190 2058.4
1197200 2062.4
1197210 2066.9
1197220 2066.9
1197230 2073.0
1197240 2078.4
1197250 2078.4
1197260 2083.9
1197270 2089.8
1197280 2089.8
1197290 2095.8
1197300 2100.9
1197310 2100.9
1197320 2109.2
1197330 2118.3
1197340 2118.3
1197350 2130.3
1197360 2140.2
1197370 2140.2
1197380 2148.8
1197390 2159.4
1197400 2159.4
1197410 2168.6
1197420 2176.6
1197430 2186.3
1197440 2186.3
1197450 2196.0
1197460 2206.1
1197470 2206.1
1197480 2209.9
1197490 2209.9
1197500 2209.9
1197510 2210.6
1197520 2212.1
1197530 2212.1
1197540 2215.1
1197550 2218.9
1197560 2218.9
1197570 2222.0
1197580 2224.5
1197590 2224.5
1197600 2229.7
1197610 2230.6
1197620 2233.4
1197630 2233.4
1197640 2239.1
1197650 2245.6
1197660 2245.6
1197670 2252.6
1197680 2258.5
1197690 2258.5
1197700 2264.2
1197710 2270.5
1197720 2270.5
1197730 2277.2
1197740 2289.4
1197750 2289.4
1197760 2297.5
1197770 2303.7
1197780 2303.7
1197790 2309.4
1197800 2315.1
1197810 2315.1
1197820 2320.4
1197830 2326.7
1197840 2332.7
1197850 2332.7
1197860 2340.5
1197870 2346.7
1197880 2346.7
1197890 2354.1
1197900 2359.7
1197910 2359.7
1197920 2362.9
1197930 2366.9
1197940 2366.9
1197950 2376.4
1197960 2383.1
1197970 2383.1
1197980 2388.1
1197990 2394.7
1198000 2394.7
1198010 2398.9
1198020 2402.8
1198030 2402.8
1198040 2407.4
1198050 2412.1
1198060 2417.8
1198070 2417.8
1198080 2424.3
1198090 2432.3
1198100 2432.3
1198110 2440.0
1198120 2449.5
1198130 2449.5
1198140 2457.6
1198150 2464.9
1198160 2464.9
1198170 2476.2
1198180 2496.3
1198190 2496.3
1198200 2506.2
1198210 2514.0
1198220 2514.0
1198230 2521.3
1198240 2528.7
1198250 2537.0
1198260 2537.0
1198270 2545.1
1198280 2550.8
1198290 2550.8
1198300 2558.4
1198310 2567.4
1198320 2567.4
1198330 2577.9
1198340 2586.8
1198350 2586.8
1198360 2588.0
1198370 2591.9
1198380 2591.9
1198390 2601.1
1198400 2605.5
1198410 2605.5
1198420 2611.4
1198430 2625.8
1198440 2625.8
1198450 2643.6
1198460 2664.7
1198470 2679.4
1198480 2679.4
1198490 2693.8
1198500 2694.3
1198510 2694.3
1198520 2693.7
1198530 2693.7
1198540 2693.7
1198550 2694.8
1198560 2703.7
1198570 2703.7
1198580 2734.7
1198590 2741.7
1198600 2741.7
1198610 2742.3
1198620 2753.2
1198630 2753.2
1198640 2753.3
1198650 2759.6
1198660 2771.9
1198670 2771.9
1198680 2783.4
1198690 2796.3
1198700 2796.3
1198710 2809.9
1198720 2820.7
1198730 2820.7
1198740 2839.6
1198750 2848.2
1198760 2848.2
1198770 2856.4
1198780 2863.3
1198790 2863.3
1198800 2863.2
1198810 2856.7
1198820 2856.7
1198830 2849.1
1198840 2841.7
1198850 2841.7
1198860 2833.5
1198870 2826.6
1198880 2818.5
1198890 2818.5
1198900 2810.4
1198910 2802.0
1198920 2802.0
1198930 2795.1
1198940 2788.5
1198950 2788.5
1198960 2780.7
1198970 2772.1
1198980 2772.1
1198990 2766.4
1199000 2761.2
1199010 2761.2
1199020 2755.9
1199030 2750.2
1199040 2750.2
1199050 2744.2
1199060 2737.8
1199070 2739.3
1199080 2735.0
1199090 2730.3
1199100 2725.7
1199110 2725.7
1199120 2722.1
1199130 2719.2
1199140 2719.2
1199150 2716.8
1199160 2716.5
1199170 2716.5
1199180 2716.1
1199190 2715.8
1199200 2715.8
1199210 2718.8
1199220 2723.3
1199230 2723.3
1199240 2728.5
1199250 2732.9
1199260 2732.9
1199270 2736.4
1199280 2743.1
1199290 2749.1
1199300 2749.1
1199310 2754.6
1199320 2759.8
1199330 2759.8
1199340 2767.6
1199350 2782.7
1199360 2782.7
1199370 2798.7
1199380 2823.8
1199390 2823.8
1199400 2843.3
1199410 2857.4
1199420 2857.4
1199430 2871.5
1199440 2881.3
1199450 2881.3
1199460 2891.6
1199470 2904.2
1199480 2904.2
1199490 2923.6
1199500 2939.6
1199510 2932.5
1199520 2932.5
1199530 2936.5
1199540 2944.1
1199550 2944.1
1199560 2946.9
1199570 2953.8
1199580 2953.8
1199590 2963.2
1199600 2963.2
1199610 2963.2
1199620 2956.1
1199630 2951.2
1199640 2951.2
1199650 2942.7
1199660 2928.1
1199670 2928.1
1199680 2902.7
1199690 2893.6
1199700 2874.6
1199710 2874.6
1199720 2867.8
1199730 2872.9
1199740 2872.9
1199750 2883.1
1199760 2890.4
1199770 2890.4
1199780 2903.0
1199790 2915.1
1199800 2915.1
1199810 2925.7
1199820 2926.2
1199830 2926.2
1199840 2927.1
1199850 2935.3
1199860 2935.3
1199870 2937.6
1199880 2933.5
1199890 2933.5
1199900 2922.9
1199910 2914.1
1199920 2903.4
1199930 2903.4
1199940 2894.5
1199950 2895.6
1199960 2895.6
1199970 2894.7
1199980 2899.9
1199990 2899.9
