1180000 1947.0
1180010 1947.0
1180020 1946.4
1180030 1947.4
1180040 1947.4
1180050 1949.0
1180060 1950.4
1180070 1953.1
1180080 1953.1
1180090 1956.5
1180100 1958.5
1180110 1958.5
1180120 1961.8
1180130 1965.1
1180140 1965.1
1180150 1968.7
1180160 1973.3
1180170 1973.3
1180180 1976.8
1180190 1978.7
1180200 1978.7
1180210 1980.5
1180220 1983.4
1180230 1983.4
1180240 1986.3
1180250 1988.9
1180260 1988.9
1180270 1991.1
1180280 1993.1
1180290 1998.7
1180300 1998.7
1180310 2001.1
1180320 2003.5
1180330 2003.5
1180340 2005.9
1180350 2007.8
1180360 2007.8
1180370 2010.0
1180380 2013.2
1180390 2013.2
1180400 2016.4
1180410 2018.8
1180420 2018.8
1180430 2020.7
1180440 2023.0
1180450 2023.0
1180460 2025.3
1180470 2026.9
1180480 2027.6
1180490 2027.6
1180500 2027.5
1180510 2028.0
1180520 2028.0
1180530 2029.3
1180540 2030.9
1180550 2030.9
1180560 2032.9
1180570 2035.2
1180580 2035.2
1180590 2037.6
1180600 2040.9
1180610 2040.9
1180620 2041.9
1180630 2037.4
1180640 2037.4
1180650 2032.6
1180660 2028.4
1180670 2028.4
1180680 2023.9
1180690 2017.7
1180700 2012.2
1180710 2012.1
1180720 2007.5
1180730 2002.8
1180740 2002.8
1180750 1997.1
1180760 1991.9
1180770 1991.9
1180780 1986.6
1180790 1981.5
1180800 1981.5
1180810 1978.7
1180820 1975.3
1180830 1975.3
1180840 1970.7
1180850 1967.2
1180860 1967.2
1180870 1965.1
1180880 1963.6
1180890 1960.4
1180900 1960.4
1180910 1958.5
1180920 1954.8
1180930 1954.8
1180940 1949.4
1180950 1944.9
1180960 1944.9
1180970 1941.3
1180980 1937.8
1180990 1937.8
1181000 1934.0
1181010 1929.3
1181020 1929.3
1181030 1924.0
1181040 1919.8
1181050 1919.8
1181060 1916.8
1181070 1915.0
1181080 1915.0
1181090 1912.2
1181100 1909.1
1181110 1905.1
1181120 1905.1
1181130 1900.3
1181140 1897.7
1181150 1897.7
1181160 1893.9
1181170 1889.8
1181180 1889.8
1181190 1887.0
1181200 1881.4
1181210 1881.4
1181220 1877.0
1181230 1873.3
1181240 1873.3
1181250 1868.3
1181260 1863.0
1181270 1863.0
1181280 1856.9
1181290 1850.4
1181300 1850.4
1181310 1842.4
1181320 1835.3
1181330 1829.3
1181340 1829.3
1181350 1822.9
1181360 1816.8
1181370 1816.8
1181380 1812.8
1181390 1808.9
1181400 1808.9
1181410 1803.4
1181420 1797.9
1181430 1797.9
1181440 1793.9
1181450 1786.3
1181460 1786.3
1181470 1778.4
1181480 1771.8
1181490 1771.8
1181500 1767.1
1181510 1764.1
1181520 1760.4
1181530 1760.4
1181540 1757.4
1181550 1753.2
1181560 1753.2
1181570 1748.8
1181580 1744.6
1181590 1744.6
1181600 1741.2
1181610 1738.8
1181620 1738.8
1181630 1735.7
1181640 1731.5
1181650 1731.5
1181660 1726.6
1181670 1720.8
1181680 1720.8
1181690 1716.2
1181700 1711.4
1181710 1711.4
1181720 1705.8
1181730 1699.6
1181740 1693.5
1181750 1693.5
1181760 1686.7
1181770 1681.6
1181780 1681.6
1181790 1677.4
1181800 1674.6
1181810 1674.6
1181820 1672.5
1181830 1670.1
1181840 1670.1
1181850 1665.3
1181860 1658.1
1181870 1658.1
1181880 1650.9
1181890 1646.8
1181900 1646.8
1181910 1647.8
1181920 1654.7
1181930 1662.2
1181940 1662.2
1181950 1670.1
1181960 1679.9
1181970 1679.9
1181980 1687.9
1181990 1695.3
1182000 1695.3
1182010 1701.1
1182020 1706.2
1182030 1706.2
1182040 1711.3
1182050 1716.8
1182060 1716.8
1182070 1722.0
1182080 1727.6
1182090 1727.6
1182100 1732.9
1182110 1738.7
1182120 1738.7
1182130 1744.8
1182140 1750.9
1182150 1757.8
1182160 1757.8
1182170 1765.5
1182180 1773.2
1182190 1773.2
1182200 1781.8
1182210 1790.2
1182220 1790.2
1182230 1798.3
1182240 1806.1
1182250 1806.1
1182260 1816.2
1182270 1827.0
1182280 1827.0
1182290 1841.4
1182300 1857.4
1182310 1857.4
1182320 1869.8
1182330 1880.1
1182340 1892.2
1182350 1892.2
1182360 1902.3
1182370 1909.3
1182380 1911.9
1182390 1917.0
1182400 1920.0
1182410 1920.0
1182420 1927.3
1182430 1938.8
1182440 1938.8
1182450 1943.9
1182460 1949.3
1182470 1949.3
1182480 1956.9
1182490 1966.9
1182500 1966.9
1182510 1977.6
1182520 1985.5
1182530 1985.5
1182540 1992.4
1182550 2000.3
1182560 2008.3
1182570 2008.3
1182580 2015.0
1182590 2022.1
1182600 2022.1
1182610 2029.9
1182620 2038.2
1182630 2038.2
1182640 2043.8
1182650 2049.1
1182660 2049.1
1182670 2056.7
1182680 2064.2
1182690 2064.2
1182700 2071.6
1182710 2077.4
1182720 2077.4
1182730 2083.6
1182740 2089.1
1182750 2089.1
1182760 2090.3
1182770 2088.2
1182780 2086.6
1182790 2086.6
1182800 2091.4
1182810 2093.7
1182820 2093.7
1182830 2097.3
1182840 2101.0
1182850 2101.0
1182860 2103.1
1182870 2104.6
1182880 2104.6
1182890 2106.4
1182900 2108.4
1182910 2108.4
1182920 2109.6
1182930 2110.3
1182940 2110.3
1182950 2110.6
1182960 2109.9
1182970 2108.2
1182980 2108.2
1182990 2106.0
1183000 2103.4
1183010 2103.4
1183020 2099.6
1183030 2095.5
1183040 2095.5
1183050 2093.2
1183060 2089.9
1183070 2089.9
1183080 2083.7
1183090 2077.3
1183100 2077.3
1183110 2072.1
1183120 2068.3
1183130 2068.3
1183140 2065.0
1183150 2061.3
1183160 2061.3
1183170 2057.0
1183180 2052.6
1183190 2048.4
1183200 2048.4
1183210 2043.4
1183220 2042.9
1183230 2042.9
1183240 2038.4
1183250 2033.3
1183260 2033.3
1183270 2028.2
1183280 2021.8
1183290 2021.8
1183300 2014.1
1183310 2005.9
1183320 2005.9
1183330 2001.3
1183340 2005.0
1183350 2005.0
1183360 2012.5
1183370 2016.1
1183380 2016.1
1183390 2016.1
1183400 2014.4
1183410 2011.9
1183420 2011.9
1183430 2008.0
1183440 2002.7
1183450 2002.7
1183460 1995.0
1183470 1993.6
1183480 1993.6
1183490 2005.3
1183500 2013.5
1183510 2013.5
1183520 2014.5
1183530 2014.2
1183540 2014.2
1183550 2012.7
1183560 2012.3
1183570 2012.3
1183580 2011.8
1183590 2009.3
1183600 2009.1
1183610 2009.1
1183620 2009.7
1183630 2009.4
1183640 2016.3
1183650 2015.2
1183660 2014.2
1183670 2014.2
1183680 2013.7
1183690 2012.8
1183700 2012.8
1183710 2011.2
1183720 2011.8
1183730 2011.8
1183740 2013.3
1183750 2012.6
1183760 2012.6
1183770 2011.0
1183780 2008.8
1183790 2003.1
1183800 2003.1
1183810 1993.0
1183820 1987.0
1183830 1987.0
1183840 1998.0
1183850 2008.7
1183860 2008.7
1183870 2015.7
1183880 2019.4
1183890 2019.4
1183900 2025.0
1183910 2028.2
1183920 2028.2
1183930 2027.2
1183940 2028.1
1183950 2028.1
1183960 2032.7
1183970 2040.8
1183980 2040.8
1183990 2050.1
1184000 2059.1
1184010 2066.7
1184020 2066.7
1184030 2072.5
1184040 2077.7
1184050 2077.7
1184060 2085.3
1184070 2091.3
1184080 2091.3
1184090 2097.7
1184100 2104.6
1184110 2104.6
1184120 2111.7
1184130 2119.1
1184140 2119.1
1184150 2127.5
1184160 2136.7
1184170 2136.7
1184180 2146.7
1184190 2156.9
1184200 2156.9
1184210 2164.4
1184220 2171.9
1184230 2178.0
1184240 2178.0
1184250 2182.0
1184260 2185.5
1184270 2185.5
1184280 2190.6
1184290 2193.1
1184300 2193.1
1184310 2195.9
1184320 2195.9
1184330 2195.9
1184340 2194.9
1184350 2192.0
1184360 2192.0
1184370 2189.8
1184380 2190.2
1184390 2190.2
1184400 2189.2
1184410 2185.9
1184420 2182.2
1184430 2182.2
1184440 2177.4
1184450 2171.9
1184460 2171.9
1184470 2166.6
1184480 2166.0
1184490 2166.0
1184500 2160.8
1184510 2155.4
1184520 2155.4
1184530 2149.3
1184540 2143.2
1184550 2143.2
1184560 2137.3
1184570 2131.5
1184580 2131.5
1184590 2125.6
1184600 2119.4
1184610 2119.4
1184620 2111.9
1184630 2104.1
1184640 2097.5
1184650 2097.5
1184660 2091.3
1184670 2085.7
1184680 2085.7
1184690 2090.2
1184700 2097.3
1184710 2097.3
1184720 2099.4
1184730 2100.9
1184740 2100.9
1184750 2103.7
1184760 2104.2
1184770 2104.2
1184780 2103.3
1184790 2101.2
1184800 2101.2
1184810 2099.1
1184820 2096.3
1184830 2093.0
1184840 2093.0
1184850 2089.6
1184860 2086.4
1184870 2086.4
1184880 2082.5
1184890 2078.2
1184900 2078.2
1184910 2077.9
1184920 2072.9
1184930 2072.9
1184940 2067.4
1184950 2059.4
1184960 2059.4
1184970 2051.6
1184980 2046.8
1184990 2046.8
1185000 2038.8
1185010 2032.6
1185020 2032.6
1185030 2034.5
1185040 2038.5
1185050 2047.6
1185060 2047.6
1185070 2051.8
1185080 2051.5
1185090 2051.5
1185100 2050.1
1185110 2047.3
1185120 2047.3
1185130 2044.0
1185140 2037.6
1185150 2037.6
1185160 2031.1
1185170 2027.4
1185180 2027.4
1185190 2025.8
1185200 2017.7
1185210 2017.7
1185220 2003.6
1185230 1989.1
1185240 1976.5
1185250 1976.5
1185260 1968.6
1185270 1969.2
1185280 1969.2
1185290 1969.0
1185300 1987.5
1185310 1987.5
1185320 2013.7
1185330 2030.2
1185340 2030.2
1185350 2024.8
1185360 2016.6
1185370 2016.6
1185380 2023.7
1185390 2030.9
1185400 2030.9
1185410 2030.7
1185420 2029.4
1185430 2029.4
1185440 2024.5
1185450 2013.7
1185460 2002.9
1185470 2002.9
1185480 1992.8
1185490 1982.8
1185500 1982.8
1185510 1975.6
1185520 1971.9
1185530 1971.9
1185540 1964.9
1185550 1961.6
1185560 1961.6
1185570 1965.0
1185580 1953.8
1185590 1953.8
1185600 1937.6
1185610 1928.9
1185620 1928.9
1185630 1924.4
1185640 1925.2
1185650 1925.2
1185660 1928.8
1185670 1922.5
1185680 1915.7
1185690 1915.7
1185700 1912.9
1185710 1908.5
1185720 1908.5
1185730 1905.2
1185740 1904.2
1185750 1911.1
1185760 1907.8
1185770 1903.4
1185780 1903.4
1185790 1898.0
1185800 1893.4
1185810 1893.4
1185820 1890.1
1185830 1887.2
1185840 1887.2
1185850 1883.7
1185860 1881.3
1185870 1881.8
1185880 1881.8
1185890 1881.7
1185900 1881.9
1185910 1881.9
1185920 1883.4
1185930 1883.3
1185940 1883.3
1185950 1884.4
1185960 1884.3
1185970 1884.3
1185980 1884.8
1185990 1881.7
1186000 1881.7
1186010 1881.3
1186020 1883.4
1186030 1883.4
1186040 1884.8
1186050 1886.9
1186060 1886.9
1186070 1888.1
1186080 1886.3
1186090 1882.2
1186100 1882.2
1186110 1881.6
1186120 1884.4
1186130 1884.4
1186140 1886.4
1186150 1888.6
1186160 1888.6
1186170 1890.7
1186180 1894.9
1186190 1894.9
1186200 1897.1
1186210 1898.8
1186220 1898.8
1186230 1900.4
1186240 1902.7
1186250 1902.7
1186260 1905.3
1186270 1907.3
1186280 1910.5
1186290 1910.5
1186300 1914.2
1186310 1918.0
1186320 1918.0
1186330 1922.4
1186340 1927.7
1186350 1927.7
1186360 1932.9
1186370 1938.3
1186380 1938.3
1186390 1944.0
1186400 1949.9
1186410 1949.9
1186420 1955.6
1186430 1961.3
1186440 1961.3
1186450 1967.4
1186460 1974.1
1186470 1974.1
1186480 1980.4
1186490 1985.5
1186500 1990.0
1186510 1990.0
1186520 1995.1
1186530 2002.4
1186540 2002.4
1186550 2008.4
1186560 2013.5
1186570 2013.5
1186580 2019.5
1186590 2026.3
1186600 2020.8
1186610 2026.4
1186620 2031.9
1186630 2031.9
1186640 2038.2
1186650 2043.6
1186660 2043.6
1186670 2048.5
1186680 2052.5
1186690 2055.3
1186700 2055.3
1186710 2059.1
1186720 2065.2
1186730 2065.2
1186740 2072.5
1186750 2079.3
1186760 2079.3
1186770 2084.7
1186780 2090.6
1186790 2090.6
1186800 2097.5
1186810 2104.9
1186820 2104.9
1186830 2112.5
1186840 2120.9
1186850 2120.9
1186860 2129.9
1186870 2138.2
1186880 2138.2
1186890 2145.3
1186900 2150.1
1186910 2156.1
1186920 2156.1
1186930 2163.6
1186940 2171.6
1186950 2171.6
1186960 2179.1
1186970 2187.2
1186980 2187.2
1186990 2196.9
1187000 2205.9
1187010 2205.9
1187020 2212.6
1187030 2214.1
1187040 2214.1
1187050 2220.2
1187060 2226.7
1187070 2226.7
1187080 2232.1
1187090 2236.0
1187100 2236.0
1187110 2239.0
1187120 2242.7
1187130 2247.7
1187140 2247.7
1187150 2253.1
1187160 2258.9
1187170 2258.9
1187180 2267.0
1187190 2273.5
1187200 2273.5
1187210 2279.6
1187220 2286.0
1187230 2286.0
1187240 2290.5
1187250 2299.7
1187260 2299.7
1187270 2308.5
1187280 2313.4
1187290 2313.4
1187300 2317.6
1187310 2320.5
1187320 2322.7
1187330 2322.7
1187340 2331.2
1187350 2339.7
1187360 2339.7
1187370 2346.4
1187380 2352.6
1187390 2352.6
1187400 2357.9
1187410 2363.7
1187420 2363.7
1187430 2368.8
1187440 2372.1
1187450 2366.3
1187460 2374.3
1187470 2381.6
1187480 2381.6
1187490 2387.1
1187500 2390.2
1187510 2390.2
1187520 2395.6
1187530 2401.6
1187540 2405.3
1187550 2405.3
1187560 2408.8
1187570 2413.6
1187580 2413.6
1187590 2420.5
1187600 2428.4
1187610 2428.4
1187620 2436.1
1187630 2444.2
1187640 2444.2
1187650 2453.8
1187660 2462.3
1187670 2462.3
1187680 2469.8
1187690 2477.7
1187700 2477.7
1187710 2486.1
1187720 2493.8
1187730 2502.1
1187740 2502.1
1187750 2512.2
1187760 2524.5
1187770 2524.5
1187780 2535.0
1187790 2542.2
1187800 2542.2
1187810 2548.6
1187820 2554.8
1187830 2554.8
1187840 2560.7
1187850 2571.0
1187860 2571.0
1187870 2581.4
1187880 2580.1
1187890 2580.1
1187900 2584.5
1187910 2594.5
1187920 2594.5
1187930 2599.2
1187940 2601.2
1187950 2605.6
1187960 2605.6
1187970 2607.9
1187980 2611.3
1187990 2611.3
1188000 2617.2
1188010 2624.4
1188020 2624.4
1188030 2631.9
1188040 2639.5
1188050 2639.5
1188060 2648.1
1188070 2661.9
1188080 2661.9
1188090 2676.3
1188100 2690.5
1188110 2690.5
1188120 2700.6
1188130 2708.9
1188140 2717.3
1188150 2717.3
1188160 2722.2
1188170 2727.1
1188180 2727.1
1188190 2735.0
1188200 2747.4
1188210 2747.4
1188220 2758.1
1188230 2769.4
1188240 2769.4
1188250 2779.3
1188260 2791.3
1188270 2791.3
1188280 2801.4
1188290 2815.8
1188300 2815.8
1188310 2832.9
1188320 2843.6
1188330 2843.6
1188340 2848.8
1188350 2851.3
1188360 2852.8
1188370 2852.8
1188380 2855.5
1188390 2858.1
1188400 2858.1
1188410 2860.6
1188420 2863.9
1188430 2863.9
1188440 2868.1
1188450 2872.8
1188460 2872.8
1188470 2876.7
1188480 2878.2
1188490 2878.2
1188500 2876.8
1188510 2875.3
1188520 2875.3
1188530 2874.2
1188540 2873.3
1188550 2873.3
1188560 2871.8
1188570 2870.0
1188580 2868.4
1188590 2868.4
1188600 2867.3
1188610 2863.4
1188620 2863.4
1188630 2858.3
1188640 2853.2
1188650 2853.2
1188660 2846.8
1188670 2837.8
1188680 2837.8
1188690 2830.0
1188700 2823.1
1188710 2823.1
1188720 2816.7
1188730 2817.6
1188740 2817.6
1188750 2814.5
1188760 2812.9
1188770 2809.8
1188780 2809.8
1188790 2808.3
1188800 2805.9
1188810 2805.9
1188820 2802.4
1188830 2798.4
1188840 2798.4
1188850 2794.8
1188860 2792.1
1188870 2792.1
1188880 2789.4
1188890 2786.3
1188900 2786.3
1188910 2783.6
1188920 2782.3
1188930 2782.3
1188940 2782.0
1188950 2782.6
1188960 2782.6
1188970 2784.1
1188980 2785.1
1188990 2785.0
1189000 2785.0
1189010 2784.0
1189020 2782.3
1189030 2782.3
1189040 2780.3
1189050 2778.3
1189060 2778.3
1189070 2776.3
1189080 2774.7
1189090 2774.7
1189100 2773.7
1189110 2773.5
1189120 2773.5
1189130 2773.8
1189140 2774.4
1189150 2774.4
1189160 2777.9
1189170 2778.8
1189180 2780.7
1189190 2780.7
1189200 2780.2
1189210 2777.8
1189220 2777.8
1189230 2775.9
1189240 2774.1
1189250 2774.1
1189260 2771.3
1189270 2768.5
1189280 2768.5
1189290 2766.5
1189300 2763.7
1189310 2763.7
1189320 2761.6
1189330 2759.3
1189340 2759.3
1189350 2757.6
1189360 2756.7
1189370 2756.7
1189380 2755.6
1189390 2755.4
1189400 2753.9
1189410 2753.9
1189420 2752.1
1189430 2752.5
1189440 2752.5
1189450 2753.3
1189460 2753.0
1189470 2753.0
1189480 2752.3
1189490 2750.5
1189500 2750.5
1189510 2747.3
1189520 2743.9
1189530 2743.9
1189540 2738.9
1189550 2732.6
1189560 2732.6
1189570 2729.1
1189580 2729.3
1189590 2733.5
1189600 2733.5
1189610 2733.3
1189620 2733.2
1189630 2733.2
1189640 2733.1
1189650 2733.6
1189660 2733.6
1189670 2734.0
1189680 2734.3
1189690 2734.3
1189700 2734.2
1189710 2733.4
1189720 2733.4
1189730 2732.5
1189740 2731.4
1189750 2731.4
1189760 2729.9
1189770 2728.7
1189780 2728.7
1189790 2728.9
1189800 2727.9
1189810 2726.7
1189820 2726.7
1189830 2724.7
1189840 2721.7
1189850 2721.7
1189860 2718.5
1189870 2715.1
1189880 2715.1
1189890 2712.5
1189900 2710.5
1189910 2710.5
1189920 2708.9
1189930 2710.9
1189940 2710.9
1189950 2711.8
1189960 2711.5
1189970 2711.5
1189980 2708.7
1189990 2708.2
1190000 2707.8
1190010 2707.8
1190020 2709.0
1190030 2708.3
1190040 2708.3
1190050 2706.9
1190060 2706.8
1190070 2706.8
1190080 2707.7
1190090 2708.7
1190100 2708.7
1190110 2708.9
1190120 2707.2
1190130 2707.2
1190140 2704.1
1190150 2701.6
1190160 2701.6
1190170 2699.9
1190180 2699.1
1190190 2699.1
1190200 2698.0
1190210 2695.6
1190220 2696.0
1190230 2696.0
1190240 2697.7
1190250 2695.9
1190260 2695.9
1190270 2692.1
1190280 2691.8
1190290 2691.8
1190300 2694.8
1190310 2700.6
1190320 2700.6
1190330 2707.3
1190340 2712.7
1190350 2712.7
1190360 2717.4
1190370 2721.8
1190380 2721.8
1190390 2726.4
1190400 2731.8
1190410 2731.8
1190420 2736.7
1190430 2740.5
1190440 2741.9
1190450 2745.9
1190460 2746.3
1190470 2747.4
1190480 2747.4
1190490 2747.8
1190500 2747.8
1190510 2747.8
1190520 2748.5
1190530 2749.4
1190540 2749.4
1190550 2750.5
1190560 2751.3
1190570 2751.3
1190580 2753.2
1190590 2758.4
1190600 2758.4
1190610 2764.7
1190620 2770.2
1190630 2776.0
1190640 2776.0
1190650 2783.0
1190660 2790.4
1190670 2790.4
1190680 2796.8
1190690 2802.1
1190700 2802.1
1190710 2807.8
1190720 2814.2
1190730 2814.2
1190740 2821.7
1190750 2839.9
1190760 2839.9
1190770 2876.7
1190780 2904.6
1190790 2904.6
1190800 2926.6
1190810 2934.6
1190820 2934.6
1190830 2918.8
1190840 2907.3
1190850 2898.5
1190860 2898.5
1190870 2888.4
1190880 2875.6
1190890 2875.6
1190900 2867.2
1190910 2861.6
1190920 2861.6
1190930 2859.1
1190940 2850.3
1190950 2850.3
1190960 2840.6
1190970 2829.9
1190980 2829.9
1190990 2818.0
1191000 2806.7
1191010 2806.7
1191020 2797.9
1191030 2792.7
1191040 2786.6
1191050 2786.6
1191060 2782.2
1191070 2779.3
1191080 2779.3
1191090 2777.8
1191100 2777.0
1191110 2777.0
1191120 2776.8
1191130 2776.9
1191140 2776.9
1191150 2777.5
1191160 2778.6
1191170 2778.6
1191180 2779.3
1191190 2779.6
1191200 2779.6
1191210 2779.9
1191220 2780.1
1191230 2780.1
1191240 2780.2
1191250 2780.3
1191260 2780.5
1191270 2780.5
1191280 2780.5
1191290 2780.7
1191300 2780.7
1191310 2784.8
1191320 2787.9
1191330 2787.9
1191340 2791.8
1191350 2795.3
1191360 2795.3
1191370 2799.4
1191380 2804.4
1191390 2804.4
1191400 2811.2
1191410 2819.1
1191420 2819.1
1191430 2830.4
1191440 2837.0
1191450 2845.0
1191460 2845.0
1191470 2857.5
1191480 2881.9
1191490 2881.9
1191500 2906.8
1191510 2910.8
1191520 2910.8
1191530 2910.4
1191540 2914.7
1191550 2914.7
1191560 2920.4
1191570 2931.5
1191580 2931.5
1191590 2943.7
1191600 2945.9
1191610 2945.9
1191620 2946.3
1191630 2944.7
1191640 2944.7
1191650 2938.9
1191660 2933.3
1191670 2924.5
1191680 2924.5
1191690 2917.9
1191700 2908.7
1191710 2908.7
1191720 2900.5
1191730 2887.2
1191740 2883.2
1191750 2872.5
1191760 2866.2
1191770 2866.2
1191780 2865.5
1191790 2866.3
1191800 2866.3
1191810 2865.0
1191820 2857.5
1191830 2857.5
1191840 2849.7
1191850 2844.9
1191860 2844.9
1191870 2843.8
1191880 2835.5
1191890 2825.4
1191900 2825.4
1191910 2818.4
1191920 2813.4
1191930 2813.4
1191940 2810.3
1191950 2809.3
1191960 2809.3
1191970 2802.9
1191980 2794.9
1191990 2794.9
1192000 2791.5
1192010 2790.0
1192020 2790.0
1192030 2791.6
1192040 2789.4
1192050 2789.4
1192060 2790.6
1192070 2795.2
1192080 2803.5
1192090 2803.5
1192100 2807.6
1192110 2810.3
1192120 2810.3
1192130 2814.5
1192140 2819.1
1192150 2819.1
1192160 2821.6
1192170 2822.8
1192180 2812.8
1192190 2807.2
1192200 2799.0
1192210 2799.0
1192220 2791.2
1192230 2789.2
1192240 2789.2
1192250 2782.5
1192260 2777.1
1192270 2777.1
1192280 2769.2
1192290 2761.2
1192300 2755.4
1192310 2755.4
1192320 2752.3
1192330 2751.0
1192340 2751.0
1192350 2754.5
1192360 2759.4
1192370 2759.4
1192380 2755.6
1192390 2753.4
1192400 2753.4
1192410 2754.2
1192420 2755.7
1192430 2755.7
1192440 2753.0
1192450 2756.2
1192460 2756.2
1192470 2760.9
1192480 2757.9
1192490 2749.3
1192500 2749.3
1192510 2742.3
1192520 2744.4
1192530 2744.4
1192540 2743.5
1192550 2739.6
1192560 2739.6
1192570 2740.2
1192580 2745.3
1192590 2745.3
1192600 2743.1
1192610 2726.0
1192620 2726.0
1192630 2722.9
1192640 2718.9
1192650 2718.9
1192660 2712.6
1192670 2707.2
1192680 2707.2
1192690 2703.8
1192700 2701.1
1192710 2698.5
1192720 2698.5
1192730 2696.7
1192740 2697.5
1192750 2697.5
1192760 2695.8
1192770 2693.4
1192780 2693.4
1192790 2691.5
1192800 2686.1
1192810 2686.1
1192820 2682.1
1192830 2680.5
1192840 2680.5
1192850 2675.3
1192860 2669.1
1192870 2669.1
1192880 2660.8
1192890 2654.4
1192900 2649.4
1192910 2649.4
1192920 2645.3
1192930 2642.7
1192940 2642.7
1192950 2639.7
1192960 2635.2
1192970 2635.2
1192980 2632.1
1192990 2628.3
1193000 2628.3
1193010 2622.7
1193020 2618.3
1193030 2618.3
1193040 2629.8
1193050 2630.1
1193060 2630.1
1193070 2633.9
1193080 2631.9
1193090 2631.9
1193100 2617.9
1193110 2609.0
1193120 2602.5
1193130 2602.5
1193140 2593.8
1193150 2584.7
1193160 2584.7
1193170 2577.0
1193180 2566.6
1193190 2566.6
1193200 2554.2
1193210 2536.7
1193220 2536.7
1193230 2526.1
1193240 2518.8
1193250 2518.8
1193260 2511.7
1193270 2504.8
1193280 2504.8
1193290 2497.7
1193300 2490.4
1193310 2483.1
1193320 2483.1
1193330 2475.0
1193340 2466.7
1193350 2466.7
1193360 2458.4
1193370 2447.9
1193380 2447.9
1193390 2439.6
1193400 2434.4
1193410 2434.4
1193420 2430.3
1193430 2426.0
1193440 2426.0
1193450 2420.4
1193460 2414.5
1193470 2414.5
1193480 2411.9
1193490 2406.0
1193500 2406.0
1193510 2399.7
1193520 2393.0
1193530 2385.8
1193540 2385.8
1193550 2378.7
1193560 2371.6
1193570 2371.6
1193580 2365.1
1193590 2358.7
1193600 2358.7
1193610 2352.2
1193620 2345.8
1193630 2345.8
1193640 2339.8
1193650 2333.4
1193660 2333.4
1193670 2325.9
1193680 2319.4
1193690 2319.4
1193700 2313.3
1193710 2308.1
1193720 2308.1
1193730 2303.8
1193740 2299.2
1193750 2294.3
1193760 2294.3
1193770 2289.7
1193780 2284.9
1193790 2284.9
1193800 2280.5
1193810 2276.1
1193820 2276.1
1193830 2272.4
1193840 2268.0
1193850 2268.0
1193860 2260.5
1193870 2251.7
1193880 2251.7
1193890 2242.1
1193900 2234.0
1193910 2228.6
1193920 2220.9
1193930 2211.8
1193940 2203.9
1193950 2203.9
1193960 2196.7
1193970 2189.7
1193980 2189.7
1193990 2182.7
1194000 2175.1
1194010 2175.1
1194020 2166.2
1194030 2158.4
1194040 2158.4
1194050 2152.5
1194060 2147.4
1194070 2147.4
1194080 2142.6
1194090 2138.0
1194100 2138.0
1194110 2134.3
1194120 2129.8
1194130 2129.8
1194140 2123.6
1194150 2115.9
1194160 2109.4
1194170 2109.4
1194180 2103.3
1194190 2096.8
1194200 2096.8
1194210 2092.7
1194220 2088.7
1194230 2088.7
1194240 2081.9
1194250 2075.5
1194260 2075.5
1194270 2068.9
1194280 2062.7
1194290 2062.7
1194300 2056.8
1194310 2051.5
1194320 2051.5
1194330 2046.4
1194340 2040.7
1194350 2038.4
1194360 2038.4
1194370 2035.2
1194380 2030.1
1194390 2030.1
1194400 2025.4
1194410 2020.8
1194420 2020.8
1194430 2015.3
1194440 2009.2
1194450 2009.2
1194460 2003.1
1194470 1997.6
1194480 1997.6
1194490 1992.0
1194500 1986.3
1194510 1986.3
1194520 1980.8
1194530 1974.7
1194540 1974.7
1194550 1968.8
1194560 1963.0
1194570 1956.9
1194580 1956.9
1194590 1951.3
1194600 1946.1
1194610 1946.1
1194620 1942.0
1194630 1938.0
1194640 1938.0
1194650 1933.9
1194660 1929.7
1194670 1929.7
1194680 1925.1
1194690 1920.7
1194700 1920.7
1194710 1916.4
1194720 1912.2
1194730 1912.2
1194740 1907.7
1194750 1904.1
1194760 1899.9
1194770 1899.9
1194780 1894.6
1194790 1888.8
1194800 1888.8
1194810 1881.7
1194820 1867.5
1194830 1867.5
1194840 1852.3
1194850 1843.2
1194860 1843.2
1194870 1834.7
1194880 1827.0
1194890 1827.0
1194900 1820.3
1194910 1814.0
1194920 1814.0
1194930 1806.9
1194940 1799.7
1194950 1799.7
1194960 1793.4
1194970 1785.9
1194980 1776.4
1194990 1776.4
1195000 1767.5
1195010 1760.7
1195020 1760.7
1195030 1754.6
1195040 1749.5
1195050 1749.5
1195060 1744.2
1195070 1738.6
1195080 1738.6
1195090 1733.0
1195100 1726.4
1195110 1726.4
1195120 1719.0
1195130 1711.6
1195140 1711.6
1195150 1704.8
1195160 1698.4
1195170 1698.4
1195180 1691.5
1195190 1684.2
1195200 1677.2
1195210 1677.2
1195220 1670.4
1195230 1664.1
1195240 1664.1
1195250 1658.6
1195260 1652.8
1195270 1652.8
1195280 1646.1
1195290 1639.3
1195300 1639.3
1195310 1631.5
1195320 1622.1
1195330 1622.1
1195340 1609.8
1195350 1598.1
1195360 1598.1
1195370 1586.8
1195380 1571.8
1195390 1561.8
1195400 1561.8
1195410 1554.3
1195420 1547.1
1195430 1547.1
1195440 1539.3
1195450 1532.5
1195460 1532.5
1195470 1525.7
1195480 1519.2
1195490 1519.2
1195500 1511.9
1195510 1504.5
1195520 1504.5
1195530 1498.0
1195540 1494.1
1195550 1494.1
1195560 1492.6
1195570 1491.9
1195580 1491.9
1195590 1493.0
1195600 1493.1
1195610 1493.1
1195620 1493.1
1195630 1493.1
1195640 1493.3
1195650 1493.3
1195660 1493.6
1195670 1493.0
1195680 1493.0
1195690 1492.9
1195700 1492.9
1195710 1492.9
1195720 1492.9
1195730 1492.9
1195740 1492.9
1195750 1493.0
1195760 1493.6
1195770 1493.6
1195780 1494.8
1195790 1496.2
1195800 1497.8
1195810 1497.8
1195820 1499.6
1195830 1502.1
1195840 1502.1
1195850 1505.3
1195860 1509.4
1195870 1509.4
1195880 1514.7
1195890 1520.2
1195900 1520.2
1195910 1525.7
1195920 1531.1
1195930 1531.1
1195940 1537.1
1195950 1543.7
1195960 1543.7
1195970 1550.6
1195980 1557.2
1195990 1557.2
1196000 1563.7
1196010 1569.9
1196020 1576.1
1196030 1576.1
1196040 1582.2
1196050 1588.2
1196060 1588.2
1196070 1594.6
1196080 1601.3
1196090 1601.3
1196100 1608.1
1196110 1614.7
1196120 1614.7
1196130 1621.3
1196140 1628.6
1196150 1628.6
1196160 1636.2
1196170 1642.9
1196180 1642.9
1196190 1650.0
1196200 1657.5
1196210 1664.8
1196220 1664.8
1196230 1672.8
1196240 1680.4
1196250 1680.4
1196260 1687.8
1196270 1694.8
1196280 1694.8
1196290 1702.5
1196300 1712.1
1196310 1712.1
1196320 1727.9
1196330 1740.7
1196340 1740.7
1196350 1752.1
1196360 1776.7
1196370 1776.7
1196380 1805.0
1196390 1818.1
1196400 1818.1
1196410 1823.6
1196420 1838.5
1196430 1860.0
1196440 1860.0
1196450 1870.3
1196460 1874.5
1196470 1874.5
1196480 1877.9
1196490 1882.6
1196500 1882.6
1196510 1888.7
1196520 1896.1
1196530 1896.1
1196540 1906.1
1196550 1915.5
1196560 1915.5
1196570 1929.3
1196580 1937.8
1196590 1937.8
1196600 1946.2
1196610 1953.2
1196620 1960.9
1196630 1960.9
1196640 1969.0
1196650 1976.8
1196660 1976.8
1196670 1983.0
1196680 1989.2
1196690 1989.2
1196700 1995.4
1196710 2001.7
1196720 2001.7
1196730 2007.8
1196740 2014.0
1196750 2014.0
1196760 2020.9
1196770 2027.6
1196780 2027.6
1196790 2034.2
1196800 2040.9
1196810 2040.9
1196820 2047.6
1196830 2054.3
1196840 2061.0
1196850 2061.0
1196860 2067.7
1196870 2074.8
1196880 2074.8
1196890 2083.4
1196900 2090.7
1196910 2090.7
1196920 2098.0
1196930 2105.3
1196940 2105.3
1196950 2115.0
1196960 2131.6
1196970 2131.6
1196980 2146.9
1196990 2160.6
1197000 2160.6
1197010 2173.6
1197020 2188.4
1197030 2188.4
1197040 2196.1
1197050 2201.8
1197060 2208.2
1197070 2208.2
1197080 2213.6
1197090 2218.9
1197100 2218.9
1197110 2225.6
1197120 2233.1
1197130 2233.1
1197140 2240.3
1197150 2248.3
1197160 2248.3
1197170 2255.9
1197180 2264.9
1197190 2264.9
1197200 2277.1
1197210 2288.4
1197220 2288.4
1197230 2299.1
1197240 2309.4
1197250 2317.9
1197260 2317.9
1197270 2326.0
1197280 2331.8
1197290 2331.8
1197300 2340.2
1197310 2350.5
1197320 2350.5
1197330 2360.6
1197340 2371.5
1197350 2371.5
1197360 2379.8
1197370 2385.1
1197380 2385.1
1197390 2389.5
1197400 2393.4
1197410 2393.4
1197420 2404.5
1197430 2407.1
1197440 2407.1
1197450 2412.6
1197460 2418.3
1197470 2423.1
1197480 2423.1
1197490 2428.7
1197500 2435.0
1197510 2435.0
1197520 2441.8
1197530 2449.1
1197540 2449.1
1197550 2454.9
1197560 2460.4
1197570 2460.4
1197580 2466.7
1197590 2472.9
1197600 2472.9
1197610 2478.7
1197620 2485.6
1197630 2485.6
1197640 2493.9
1197650 2501.7
1197660 2509.0
1197670 2509.0
1197680 2516.4
1197690 2523.6
1197700 2523.6
1197710 2530.6
1197720 2538.3
1197730 2538.3
1197740 2546.7
1197750 2555.3
1197760 2555.3
1197770 2565.7
1197780 2576.7
1197790 2576.7
1197800 2586.3
1197810 2596.1
1197820 2596.1
1197830 2603.9
1197840 2610.1
1197850 2610.1
1197860 2614.4
1197870 2619.2
1197880 2624.9
1197890 2624.9
1197900 2630.8
1197910 2637.0
1197920 2637.0
1197930 2643.7
1197940 2650.7
1197950 2650.7
1197960 2658.6
1197970 2667.4
1197980 2667.4
1197990 2675.0
1198000 2683.7
1198010 2683.7
1198020 2692.0
1198030 2699.0
1198040 2699.0
1198050 2706.6
1198060 2712.5
1198070 2718.1
1198080 2718.1
1198090 2724.0
1198100 2729.7
1198110 2729.7
1198120 2733.8
1198130 2733.6
1198140 2733.6
1198150 2733.2
1198160 2733.5
1198170 2733.5
1198180 2738.5
1198190 2741.9
1198200 2741.9
1198210 2746.0
1198220 2752.3
1198230 2752.3
1198240 2755.3
1198250 2759.7
1198260 2759.7
1198270 2765.6
1198280 2767.1
1198290 2769.5
1198300 2762.8
1198310 2766.5
1198320 2769.3
1198330 2769.3
1198340 2773.4
1198350 2778.8
1198360 2778.8
1198370 2784.8
1198380 2791.3
1198390 2791.3
1198400 2798.0
1198410 2804.0
1198420 2804.0
1198430 2803.6
1198440 2795.9
1198450 2795.9
1198460 2790.3
1198470 2787.1
1198480 2785.9
1198490 2785.9
1198500 2784.7
1198510 2779.7
1198520 2779.7
1198530 2777.3
1198540 2776.4
1198550 2776.4
1198560 2770.4
1198570 2763.3
1198580 2763.3
1198590 2757.3
1198600 2752.4
1198610 2752.4
1198620 2748.7
1198630 2744.6
1198640 2744.6
1198650 2736.3
1198660 2727.0
1198670 2727.0
1198680 2719.9
1198690 2717.9
1198700 2721.9
1198710 2721.9
1198720 2726.2
1198730 2726.6
1198740 2717.8
1198750 2712.6
1198760 2704.2
1198770 2704.2
1198780 2696.6
1198790 2689.3
1198800 2689.3
1198810 2683.6
1198820 2680.0
1198830 2680.0
1198840 2677.4
1198850 2674.4
1198860 2674.4
1198870 2669.7
1198880 2664.1
1198890 2664.1
1198900 2658.6
1198910 2653.9
1198920 2651.5
1198930 2651.5
1198940 2649.8
1198950 2647.6
1198960 2647.6
1198970 2644.1
1198980 2637.2
1198990 2637.2
1199000 2634.0
1199010 2631.1
1199020 2631.1
1199030 2627.5
1199040 2622.0
1199050 2622.0
1199060 2615.6
1199070 2611.5
1199080 2611.5
1199090 2609.1
1199100 2608.0
1199110 2607.3
1199120 2607.3
1199130 2607.2
1199140 2609.6
1199150 2609.6
1199160 2615.8
1199170 2620.0
1199180 2620.0
1199190 2623.0
1199200 2624.6
1199210 2624.6
1199220 2627.2
1199230 2630.6
1199240 2630.6
1199250 2635.0
1199260 2640.6
1199270 2640.6
1199280 2646.4
1199290 2651.6
1199300 2651.6
1199310 2656.1
1199320 2660.7
1199330 2666.3
1199340 2666.3
1199350 2672.4
1199360 2678.3
1199370 2678.3
1199380 2693.9
1199390 2715.9
1199400 2715.9
1199410 2736.7
1199420 2751.3
1199430 2751.3
1199440 2760.8
1199450 2767.1
1199460 2767.1
1199470 2770.2
1199480 2772.4
1199490 2772.4
1199500 2782.1
1199510 2796.6
1199520 2810.3
1199530 2810.3
1199540 2820.6
1199550 2836.7
1199560 2836.7
1199570 2853.6
1199580 2875.7
1199590 2875.7
1199600 2891.0
1199610 2899.5
1199620 2899.5
1199630 2907.0
1199640 2906.1
1199650 2906.1
1199660 2909.6
1199670 2919.8
1199680 2919.8
1199690 2930.5
1199700 2945.4
1199710 2945.4
1199720 2963.4
1199730 2972.9
1199740 2967.1
1199750 2967.1
1199760 2962.7
1199770 2971.7
1199780 2971.7
1199790 2978.8
1199800 2983.1
1199810 2983.1
1199820 2982.6
1199830 2981.2
1199840 2981.2
1199850 2980.7
1199860 2986.3
1199870 2986.3
1199880 2994.4
1199890 3002.2
1199900 3002.2
1199910 3006.3
1199920 3002.1
1199930 2995.1
1199940 2995.1
1199950 2991.2
1199960 2995.1
1199970 2995.1
1199980 2997.7
1199990 3000.8
