1180000 1237.9
1180010 1237.9
1180020 1246.8
1180030 1269.8
1180040 1269.8
1180050 1282.8
1180060 1285.0
1180070 1285.0
1180080 1283.9
1180090 1291.7
1180100 1291.7
1180110 1302.0
1180120 1308.3
1180130 1308.3
1180140 1315.1
1180150 1322.6
1180160 1322.6
1180170 1330.3
1180180 1339.1
1180190 1347.7
1180200 1355.0
1180210 1368.7
1180220 1378.0
1180230 1378.0
1180240 1384.1
1180250 1392.9
1180260 1392.9
1180270 1402.7
1180280 1412.9
1180290 1412.9
1180300 1423.2
1180310 1430.3
1180320 1430.3
1180330 1433.6
1180340 1436.3
1180350 1436.3
1180360 1438.9
1180370 1441.6
1180380 1441.6
1180390 1445.5
1180400 1448.9
1180410 1453.0
1180420 1453.0
1180430 1457.8
1180440 1461.7
1180450 1461.7
1180460 1463.7
1180470 1465.0
1180480 1465.0
1180490 1468.3
1180500 1472.0
1180510 1472.0
1180520 1475.8
1180530 1481.2
1180540 1481.2
1180550 1489.5
1180560 1493.0
1180570 1493.0
1180580 1497.4
1180590 1501.6
1180600 1504.1
1180610 1504.1
1180620 1512.4
1180630 1515.5
1180640 1515.5
1180650 1519.6
1180660 1522.8
1180670 1522.8
1180680 1526.0
1180690 1528.9
1180700 1528.9
1180710 1529.7
1180720 1531.6
1180730 1531.6
1180740 1534.6
1180750 1537.9
1180760 1537.9
1180770 1540.9
1180780 1544.4
1180790 1544.4
1180800 1548.5
1180810 1553.7
1180820 1561.9
1180830 1561.9
1180840 1569.1
1180850 1571.4
1180860 1571.4
1180870 1572.8
1180880 1573.2
1180890 1573.2
1180900 1574.5
1180910 1577.0
1180920 1577.0
1180930 1578.1
1180940 1576.0
1180950 1576.0
1180960 1572.1
1180970 1567.8
1180980 1567.8
1180990 1564.4
1181000 1561.1
1181010 1561.1
1181020 1558.0
1181030 1555.7
1181040 1558.0
1181050 1558.0
1181060 1556.1
1181070 1554.4
1181080 1554.4
1181090 1552.6
1181100 1550.3
1181110 1550.3
1181120 1547.9
1181130 1545.0
1181140 1545.0
1181150 1541.4
1181160 1537.4
1181170 1537.4
1181180 1532.3
1181190 1526.3
1181200 1526.3
1181210 1520.5
1181220 1515.0
1181230 1510.6
1181240 1510.6
1181250 1507.3
1181260 1505.4
1181270 1505.4
1181280 1503.1
1181290 1500.8
1181300 1500.8
1181310 1498.5
1181320 1496.1
1181330 1496.1
1181340 1493.4
1181350 1490.9
1181360 1490.9
1181370 1488.1
1181380 1485.4
1181390 1485.4
1181400 1483.1
1181410 1480.8
1181420 1480.8
1181430 1477.9
1181440 1475.0
1181450 1474.1
1181460 1474.1
1181470 1471.8
1181480 1469.8
1181490 1469.8
1181500 1468.2
1181510 1466.7
1181520 1466.7
1181530 1465.0
1181540 1463.6
1181550 1463.6
1181560 1462.5
1181570 1461.5
1181580 1461.5
1181590 1460.6
1181600 1460.5
1181610 1460.5
1181620 1461.6
1181630 1461.6
1181640 1460.6
1181650 1460.6
1181660 1455.4
1181670 1447.2
1181680 1447.2
1181690 1440.5
1181700 1437.3
1181710 1437.3
1181720 1431.1
1181730 1421.7
1181740 1421.7
1181750 1413.9
1181760 1405.2
1181770 1405.2
1181780 1396.5
1181790 1389.4
1181800 1389.4
1181810 1395.5
1181820 1409.4
1181830 1409.4
1181840 1420.9
1181850 1428.1
1181860 1435.4
1181870 1439.8
1181880 1446.0
1181890 1453.5
1181900 1453.5
1181910 1456.5
1181920 1452.9
1181930 1452.9
1181940 1449.3
1181950 1445.6
1181960 1445.6
1181970 1440.3
1181980 1435.2
1181990 1435.2
1182000 1429.3
1182010 1424.0
1182020 1424.0
1182030 1418.4
1182040 1411.8
1182050 1411.8
1182060 1404.8
1182070 1399.4
1182080 1397.2
1182090 1397.2
1182100 1395.2
1182110 1390.5
1182120 1390.5
1182130 1385.4
1182140 1380.2
1182150 1380.2
1182160 1374.7
1182170 1372.8
1182180 1372.8
1182190 1370.3
1182200 1365.0
1182210 1365.0
1182220 1359.4
1182230 1357.4
1182240 1357.4
1182250 1351.6
1182260 1346.3
1182270 1343.2
1182280 1343.2
1182290 1348.6
1182300 1341.8
1182310 1341.8
1182320 1336.6
1182330 1334.9
1182340 1334.9
1182350 1332.9
1182360 1333.1
1182370 1333.1
1182380 1330.8
1182390 1326.3
1182400 1326.3
1182410 1320.6
1182420 1318.9
1182430 1318.9
1182440 1318.3
1182450 1319.6
1182460 1319.6
1182470 1326.8
1182480 1326.7
1182490 1324.4
1182500 1324.4
1182510 1321.9
1182520 1322.5
1182530 1322.5
1182540 1324.7
1182550 1330.8
1182560 1330.8
1182570 1335.3
1182580 1340.1
1182590 1340.1
1182600 1342.2
1182610 1343.5
1182620 1343.5
1182630 1348.4
1182640 1354.8
1182650 1354.8
1182660 1359.7
1182670 1362.8
1182680 1362.8
1182690 1368.5
1182700 1381.0
1182710 1398.1
1182720 1398.1
1182730 1405.5
1182740 1413.7
1182750 1413.7
1182760 1422.0
1182770 1428.5
1182780 1428.5
1182790 1432.2
1182800 1436.6
1182810 1436.6
1182820 1441.5
1182830 1447.6
1182840 1447.6
1182850 1453.2
1182860 1459.2
1182870 1459.2
1182880 1464.6
1182890 1466.8
1182900 1468.6
1182910 1468.6
1182920 1472.3
1182930 1475.1
1182940 1475.1
1182950 1478.4
1182960 1484.3
1182970 1484.3
1182980 1493.6
1182990 1503.0
1183000 1503.0
1183010 1511.5
1183020 1519.8
1183030 1519.8
1183040 1528.1
1183050 1537.1
1183060 1537.1
1183070 1546.6
1183080 1554.8
1183090 1554.8
1183100 1560.0
1183110 1564.5
1183120 1568.9
1183130 1562.3
1183140 1565.8
1183150 1568.8
1183160 1568.8
1183170 1570.1
1183180 1572.4
1183190 1572.4
1183200 1572.0
1183210 1567.7
1183220 1567.7
1183230 1564.1
1183240 1568.4
1183250 1568.4
1183260 1584.0
1183270 1590.1
1183280 1590.1
1183290 1588.9
1183300 1588.0
1183310 1588.0
1183320 1589.0
1183330 1591.6
1183340 1596.9
1183350 1596.9
1183360 1605.6
1183370 1613.8
1183380 1613.8
1183390 1621.1
1183400 1627.8
1183410 1627.8
1183420 1633.2
1183430 1636.7
1183440 1636.7
1183450 1640.3
1183460 1644.8
1183470 1644.8
1183480 1648.0
1183490 1650.0
1183500 1650.0
1183510 1651.1
1183520 1652.4
1183530 1656.2
1183540 1656.2
1183550 1660.9
1183560 1663.6
1183570 1663.6
1183580 1664.6
1183590 1666.0
1183600 1666.0
1183610 1667.2
1183620 1668.9
1183630 1668.9
1183640 1670.7
1183650 1672.7
1183660 1672.7
1183670 1674.3
1183680 1675.0
1183690 1675.0
1183700 1675.2
1183710 1677.9
1183720 1677.9
1183730 1680.9
1183740 1683.3
1183750 1686.6
1183760 1686.6
1183770 1692.0
1183780 1698.5
1183790 1698.5
1183800 1703.5
1183810 1705.2
1183820 1705.2
1183830 1704.7
1183840 1701.9
1183850 1701.9
1183860 1697.7
1183870 1694.5
1183880 1694.5
1183890 1692.1
1183900 1688.6
1183910 1688.6
1183920 1684.0
1183930 1680.5
1183940 1682.2
1183950 1682.2
1183960 1685.0
1183970 1680.5
1183980 1680.5
1183990 1680.8
1184000 1682.2
1184010 1682.2
1184020 1684.6
1184030 1687.8
1184040 1687.8
1184050 1691.0
1184060 1693.7
1184070 1693.7
1184080 1696.7
1184090 1699.6
1184100 1699.6
1184110 1700.1
1184120 1700.2
1184130 1700.2
1184140 1701.7
1184150 1705.8
1184160 1711.2
1184170 1711.2
1184180 1717.4
1184190 1722.2
1184200 1722.2
1184210 1723.9
1184220 1726.3
1184230 1726.3
1184240 1730.4
1184250 1731.0
1184260 1731.0
1184270 1736.6
1184280 1741.3
1184290 1741.3
1184300 1742.8
1184310 1744.1
1184320 1744.1
1184330 1745.2
1184340 1747.8
1184350 1747.8
1184360 1750.2
1184370 1750.4
1184380 1750.5
1184390 1744.2
1184400 1745.1
1184410 1747.8
1184420 1747.8
1184430 1751.9
1184440 1757.1
1184450 1757.1
1184460 1763.2
1184470 1765.7
1184480 1765.7
1184490 1764.5
1184500 1764.2
1184510 1764.2
1184520 1765.7
1184530 1767.5
1184540 1767.5
1184550 1766.6
1184560 1767.1
1184570 1769.8
1184580 1769.8
1184590 1773.8
1184600 1777.2
1184610 1777.2
1184620 1778.5
1184630 1778.4
1184640 1778.4
1184650 1773.4
1184660 1766.1
1184670 1766.1
1184680 1759.9
1184690 1755.4
1184700 1755.4
1184710 1751.6
1184720 1750.5
1184730 1750.5
1184740 1751.5
1184750 1750.9
1184760 1750.9
1184770 1749.2
1184780 1747.9
1184790 1748.4
1184800 1748.4
1184810 1751.7
1184820 1746.9
1184830 1746.9
1184840 1744.3
1184850 1743.4
1184860 1743.4
1184870 1741.7
1184880 1739.5
1184890 1739.5
1184900 1739.3
1184910 1740.9
1184920 1740.9
1184930 1742.8
1184940 1745.6
1184950 1745.6
1184960 1750.8
1184970 1753.6
1184980 1753.6
1184990 1753.4
1185000 1748.4
1185010 1745.7
1185020 1745.7
1185030 1744.0
1185040 1740.4
1185050 1740.4
1185060 1740.3
1185070 1740.0
1185080 1740.0
1185090 1740.6
1185100 1743.4
1185110 1743.4
1185120 1748.5
1185130 1759.4
1185140 1759.4
1185150 1764.8
1185160 1765.6
1185170 1765.6
1185180 1765.4
1185190 1770.3
1185200 1778.5
1185210 1778.5
1185220 1788.3
1185230 1798.1
1185240 1800.5
1185250 1806.5
1185260 1812.4
1185270 1812.4
1185280 1817.0
1185290 1820.9
1185300 1820.9
1185310 1827.1
1185320 1835.5
1185330 1835.5
1185340 1841.9
1185350 1843.6
1185360 1843.6
1185370 1845.5
1185380 1849.8
1185390 1849.8
1185400 1856.0
1185410 1863.8
1185420 1869.9
1185430 1869.9
1185440 1875.7
1185450 1885.0
1185460 1885.0
1185470 1899.9
1185480 1906.1
1185490 1906.1
1185500 1909.9
1185510 1914.9
1185520 1914.9
1185530 1918.1
1185540 1914.9
1185550 1914.9
1185560 1915.3
1185570 1922.9
1185580 1922.9
1185590 1928.2
1185600 1930.7
1185610 1930.7
1185620 1932.5
1185630 1935.6
1185640 1939.7
1185650 1939.7
1185660 1950.6
1185670 1953.2
1185680 1953.2
1185690 1955.9
1185700 1958.3
1185710 1958.3
1185720 1963.0
1185730 1965.4
1185740 1965.4
1185750 1970.9
1185760 1974.7
1185770 1974.7
1185780 1975.9
1185790 1978.7
1185800 1978.7
1185810 1983.9
1185820 1986.9
1185830 1986.4
1185840 1986.4
1185850 1986.3
1185860 1990.1
1185870 1990.1
1185880 1989.1
1185890 1991.5
1185900 1991.5
1185910 1998.9
1185920 2005.2
1185930 2005.2
1185940 2011.1
1185950 2017.2
1185960 2017.2
1185970 2023.1
1185980 2028.1
1185990 2028.1
1186000 2032.4
1186010 2037.7
1186020 2037.7
1186030 2043.3
1186040 2045.6
1186050 2048.3
1186060 2048.3
1186070 2050.7
1186080 2053.0
1186090 2058.7
1186100 2062.0
1186110 2065.5
1186120 2065.5
1186130 2069.2
1186140 2073.5
1186150 2073.5
1186160 2079.0
1186170 2085.0
1186180 2085.0
1186190 2090.1
1186200 2093.8
1186210 2093.8
1186220 2097.0
1186230 2099.7
1186240 2103.7
1186250 2103.7
1186260 2107.5
1186270 2113.4
1186280 2113.4
1186290 2116.0
1186300 2116.9
1186310 2116.9
1186320 2122.5
1186330 2130.3
1186340 2130.3
1186350 2135.8
1186360 2140.0
1186370 2140.0
1186380 2145.6
1186390 2151.8
1186400 2151.8
1186410 2158.7
1186420 2166.9
1186430 2166.9
1186440 2174.6
1186450 2182.6
1186460 2190.1
1186470 2190.1
1186480 2196.9
1186490 2203.8
1186500 2203.8
1186510 2210.8
1186520 2215.8
1186530 2215.8
1186540 2219.3
1186550 2223.0
1186560 2223.0
1186570 2227.3
1186580 2227.9
1186590 2227.9
1186600 2228.9
1186610 2230.7
1186620 2230.7
1186630 2233.6
1186640 2238.4
1186650 2238.4
1186660 2245.2
1186670 2249.9
1186680 2252.4
1186690 2252.4
1186700 2255.9
1186710 2259.4
1186720 2259.4
1186730 2263.7
1186740 2267.5
1186750 2267.5
1186760 2271.2
1186770 2275.4
1186780 2275.4
1186790 2278.7
1186800 2281.6
1186810 2281.6
1186820 2285.4
1186830 2290.3
1186840 2290.3
1186850 2294.3
1186860 2298.7
1186870 2302.5
1186880 2302.5
1186890 2306.8
1186900 2311.8
1186910 2311.8
1186920 2316.7
1186930 2320.8
1186940 2319.8
1186950 2323.2
1186960 2326.6
1186970 2326.6
1186980 2329.6
1186990 2332.4
1187000 2332.4
1187010 2335.9
1187020 2340.2
1187030 2340.2
1187040 2346.3
1187050 2354.5
1187060 2354.5
1187070 2361.9
1187080 2368.2
1187090 2373.5
1187100 2373.5
1187110 2379.0
1187120 2385.1
1187130 2385.1
1187140 2392.2
1187150 2399.8
1187160 2399.8
1187170 2407.9
1187180 2415.6
1187190 2415.6
1187200 2422.3
1187210 2428.4
1187220 2428.4
1187230 2434.4
1187240 2440.2
1187250 2440.2
1187260 2445.0
1187270 2449.8
1187280 2449.8
1187290 2454.4
1187300 2458.7
1187310 2463.4
1187320 2463.4
1187330 2467.9
1187340 2472.4
1187350 2472.4
1187360 2472.3
1187370 2476.5
1187380 2476.5
1187390 2482.3
1187400 2489.2
1187410 2489.2
1187420 2496.2
1187430 2503.3
1187440 2503.3
1187450 2509.8
1187460 2515.8
1187470 2515.8
1187480 2521.2
1187490 2526.5
1187500 2532.3
1187510 2532.3
1187520 2538.3
1187530 2545.2
1187540 2545.2
1187550 2551.3
1187560 2557.4
1187570 2557.4
1187580 2563.0
1187590 2569.0
1187600 2569.0
1187610 2577.1
1187620 2585.1
1187630 2585.1
1187640 2592.5
1187650 2599.4
1187660 2599.4
1187670 2606.8
1187680 2613.5
1187690 2613.5
1187700 2619.9
1187710 2624.3
1187720 2627.3
1187730 2627.3
1187740 2630.5
1187750 2631.7
1187760 2631.7
1187770 2631.4
1187780 2632.1
1187790 2624.5
1187800 2625.3
1187810 2626.4
1187820 2626.4
1187830 2627.4
1187840 2628.9
1187850 2628.9
1187860 2631.4
1187870 2634.2
1187880 2634.2
1187890 2637.1
1187900 2639.6
1187910 2639.6
1187920 2641.5
1187930 2643.8
1187940 2646.2
1187950 2646.2
1187960 2648.9
1187970 2650.7
1187980 2650.7
1187990 2652.8
1188000 2656.7
1188010 2656.7
1188020 2664.7
1188030 2676.6
1188040 2676.6
1188050 2682.5
1188060 2686.5
1188070 2686.5
1188080 2687.9
1188090 2695.0
1188100 2695.0
1188110 2705.4
1188120 2712.5
1188130 2716.6
1188140 2716.6
1188150 2718.7
1188160 2720.1
1188170 2720.1
1188180 2721.6
1188190 2721.3
1188200 2721.3
1188210 2719.2
1188220 2723.3
1188230 2723.3
1188240 2723.9
1188250 2725.6
1188260 2725.6
1188270 2732.5
1188280 2737.8
1188290 2737.8
1188300 2744.8
1188310 2746.0
1188320 2746.0
1188330 2744.0
1188340 2744.6
1188350 2747.3
1188360 2747.3
1188370 2750.0
1188380 2750.2
1188390 2750.2
1188400 2749.0
1188410 2748.0
1188420 2748.0
1188430 2746.0
1188440 2742.4
1188450 2742.4
1188460 2738.1
1188470 2733.8
1188480 2733.8
1188490 2730.0
1188500 2726.3
1188510 2726.3
1188520 2721.8
1188530 2716.5
1188540 2711.4
1188550 2711.4
1188560 2706.9
1188570 2701.5
1188580 2701.5
1188590 2696.6
1188600 2690.2
1188610 2690.2
1188620 2686.2
1188630 2684.0
1188640 2689.2
1188650 2687.3
1188660 2687.4
1188670 2687.4
1188680 2687.2
1188690 2683.6
1188700 2683.6
1188710 2677.7
1188720 2672.4
1188730 2672.4
1188740 2670.6
1188750 2667.7
1188760 2663.4
1188770 2663.4
1188780 2655.9
1188790 2647.9
1188800 2647.9
1188810 2643.1
1188820 2641.0
1188830 2641.0
1188840 2642.6
1188850 2641.3
1188860 2641.3
1188870 2639.4
1188880 2637.4
1188890 2637.4
1188900 2634.9
1188910 2633.5
1188920 2633.5
1188930 2629.2
1188940 2624.6
1188950 2624.6
1188960 2620.5
1188970 2616.9
1188980 2613.2
1188990 2613.2
1189000 2609.2
1189010 2604.1
1189020 2604.1
1189030 2599.3
1189040 2594.6
1189050 2594.6
1189060 2589.6
1189070 2590.5
1189080 2590.5
1189090 2580.8
1189100 2575.0
1189110 2575.0
1189120 2570.0
1189130 2565.8
1189140 2565.8
1189150 2560.7
1189160 2556.7
1189170 2555.5
1189180 2555.5
1189190 2554.8
1189200 2554.6
1189210 2554.6
1189220 2554.3
1189230 2555.5
1189240 2555.5
1189250 2554.9
1189260 2555.2
1189270 2555.2
1189280 2555.4
1189290 2557.1
1189300 2557.1
1189310 2559.0
1189320 2558.7
1189330 2558.7
1189340 2556.1
1189350 2553.3
1189360 2553.3
1189370 2553.6
1189380 2556.4
1189390 2558.2
1189400 2558.2
1189410 2558.5
1189420 2558.9
1189430 2558.9
1189440 2559.3
1189450 2560.0
1189460 2560.0
1189470 2567.6
1189480 2576.1
1189490 2576.1
1189500 2590.7
1189510 2599.7
1189520 2599.7
1189530 2605.4
1189540 2611.9
1189550 2611.9
1189560 2617.6
1189570 2622.9
1189580 2622.9
1189590 2627.9
1189600 2630.7
1189610 2634.3
1189620 2634.3
1189630 2639.6
1189640 2646.7
1189650 2646.7
1189660 2664.6
1189670 2693.2
1189680 2693.2
1189690 2720.3
1189700 2736.9
1189710 2736.9
1189720 2742.1
1189730 2741.0
1189740 2741.0
1189750 2736.1
1189760 2735.3
1189770 2735.3
1189780 2745.2
1189790 2751.5
1189800 2757.8
1189810 2757.8
1189820 2767.3
1189830 2779.5
1189840 2779.5
1189850 2793.7
1189860 2809.2
1189870 2809.2
1189880 2811.0
1189890 2796.4
1189900 2796.4
1189910 2780.8
1189920 2773.4
1189930 2783.3
1189940 2771.7
1189950 2765.5
1189960 2765.5
1189970 2762.1
1189980 2758.1
1189990 2758.1
1190000 2753.9
1190010 2743.8
1190020 2729.7
1190030 2729.7
1190040 2708.9
1190050 2682.8
1190060 2682.8
1190070 2653.3
1190080 2609.7
1190090 2609.7
1190100 2596.0
1190110 2590.8
1190120 2590.8
1190130 2586.9
1190140 2584.9
1190150 2584.9
1190160 2583.5
1190170 2581.1
1190180 2581.1
1190190 2578.3
1190200 2575.5
1190210 2575.5
1190220 2572.9
1190230 2569.7
1190240 2566.2
1190250 2566.2
1190260 2562.5
1190270 2559.2
1190280 2559.2
1190290 2554.9
1190300 2553.1
1190310 2553.1
1190320 2551.6
1190330 2550.9
1190340 2550.9
1190350 2550.7
1190360 2553.4
1190370 2553.4
1190380 2551.8
1190390 2550.8
1190400 2550.8
1190410 2550.0
1190420 2548.0
1190430 2545.9
1190440 2545.9
1190450 2542.8
1190460 2539.8
1190470 2539.8
1190480 2537.0
1190490 2534.6
1190500 2534.6
1190510 2533.1
1190520 2531.9
1190530 2531.9
1190540 2530.1
1190550 2528.5
1190560 2528.5
1190570 2526.5
1190580 2522.7
1190590 2522.7
1190600 2520.1
1190610 2520.4
1190620 2520.4
1190630 2520.5
1190640 2519.7
1190650 2517.5
1190660 2517.5
1190670 2514.2
1190680 2512.2
1190690 2512.2
1190700 2510.0
1190710 2509.5
1190720 2509.5
1190730 2510.7
1190740 2511.7
1190750 2511.7
1190760 2512.2
1190770 2512.5
1190780 2512.5
1190790 2515.4
1190800 2514.7
1190810 2514.7
1190820 2514.7
1190830 2515.9
1190840 2517.5
1190850 2517.5
1190860 2518.5
1190870 2520.7
1190880 2520.7
1190890 2521.5
1190900 2521.6
1190910 2521.6
1190920 2521.6
1190930 2521.9
1190940 2521.9
1190950 2525.3
1190960 2530.3
1190970 2530.3
1190980 2532.1
1190990 2534.8
1191000 2534.8
1191010 2536.1
1191020 2536.1
1191030 2536.1
1191040 2535.3
1191050 2536.5
1191060 2536.3
1191070 2536.3
1191080 2537.3
1191090 2538.8
1191100 2538.8
1191110 2538.6
1191120 2538.0
1191130 2538.0
1191140 2537.7
1191150 2538.2
1191160 2538.2
1191170 2538.8
1191180 2539.2
1191190 2539.2
1191200 2539.1
1191210 2540.5
1191220 2539.9
1191230 2539.1
1191240 2536.4
1191250 2536.4
1191260 2531.3
1191270 2528.1
1191280 2527.7
1191290 2527.7
1191300 2528.4
1191310 2525.5
1191320 2525.5
1191330 2520.7
1191340 2521.2
1191350 2521.2
1191360 2524.9
1191370 2528.7
1191380 2528.7
1191390 2533.6
1191400 2538.7
1191410 2538.7
1191420 2543.6
1191430 2547.9
1191440 2547.9
1191450 2552.0
1191460 2557.1
1191470 2562.2
1191480 2562.2
1191490 2567.3
1191500 2571.7
1191510 2571.7
1191520 2575.7
1191530 2579.3
1191540 2579.3
1191550 2582.6
1191560 2586.5
1191570 2586.5
1191580 2597.8
1191590 2618.5
1191600 2618.5
1191610 2644.9
1191620 2673.3
1191630 2673.3
1191640 2705.0
1191650 2741.6
1191660 2738.5
1191670 2757.4
1191680 2757.6
1191690 2758.3
1191700 2758.3
1191710 2761.1
1191720 2770.5
1191730 2770.5
1191740 2783.0
1191750 2789.8
1191760 2789.8
1191770 2795.8
1191780 2801.4
1191790 2801.4
1191800 2805.3
1191810 2813.0
1191820 2813.0
1191830 2820.0
1191840 2830.7
1191850 2830.7
1191860 2853.3
1191870 2879.2
1191880 2879.2
1191890 2909.3
1191900 2934.6
1191910 2935.1
1191920 2935.1
1191930 2939.0
1191940 2937.3
1191950 2937.3
1191960 2923.9
1191970 2910.7
1191980 2910.7
1191990 2898.4
1192000 2885.5
1192010 2885.5
1192020 2866.9
1192030 2855.3
1192040 2855.3
1192050 2841.1
1192060 2835.5
1192070 2835.5
1192080 2843.0
1192090 2862.9
1192100 2866.3
1192110 2866.3
1192120 2869.7
1192130 2863.5
1192140 2863.5
1192150 2856.0
1192160 2839.0
1192170 2839.0
1192180 2816.2
1192190 2807.7
1192200 2807.7
1192210 2800.1
1192220 2790.5
1192230 2790.5
1192240 2777.5
1192250 2768.8
1192260 2768.8
1192270 2768.2
1192280 2762.2
1192290 2762.2
1192300 2758.3
1192310 2754.2
1192320 2749.8
1192330 2749.8
1192340 2741.9
1192350 2727.6
1192360 2727.6
1192370 2714.8
1192380 2705.4
1192390 2705.4
1192400 2706.4
1192410 2708.6
1192420 2708.6
1192430 2707.6
1192440 2708.6
1192450 2708.6
1192460 2699.4
1192470 2690.9
1192480 2690.9
1192490 2694.8
1192500 2704.5
1192510 2704.5
1192520 2695.1
1192530 2691.2
1192540 2688.6
1192550 2688.6
1192560 2680.5
1192570 2675.0
1192580 2675.0
1192590 2670.5
1192600 2668.6
1192610 2668.6
1192620 2663.2
1192630 2651.2
1192640 2651.2
1192650 2639.1
1192660 2632.6
1192670 2632.6
1192680 2623.1
1192690 2614.4
1192700 2614.4
1192710 2610.9
1192720 2606.7
1192730 2595.0
1192740 2595.0
1192750 2585.7
1192760 2582.8
1192770 2582.8
1192780 2581.8
1192790 2574.1
1192800 2574.1
1192810 2562.2
1192820 2568.6
1192830 2568.6
1192840 2583.7
1192850 2576.0
1192860 2576.0
1192870 2566.0
1192880 2570.3
1192890 2570.3
1192900 2575.3
1192910 2571.8
1192920 2571.8
1192930 2560.1
1192940 2548.6
1192950 2534.4
1192960 2539.8
1192970 2523.6
1192980 2516.3
1192990 2516.3
1193000 2505.8
1193010 2489.3
1193020 2489.3
1193030 2474.8
1193040 2462.0
1193050 2462.0
1193060 2451.9
1193070 2441.6
1193080 2441.6
1193090 2432.2
1193100 2426.0
1193110 2426.0
1193120 2424.0
1193130 2415.1
1193140 2400.4
1193150 2400.4
1193160 2390.1
1193170 2383.7
1193180 2383.7
1193190 2378.0
1193200 2372.4
1193210 2372.4
1193220 2366.4
1193230 2360.4
1193240 2360.4
1193250 2354.4
1193260 2348.5
1193270 2348.5
1193280 2342.6
1193290 2336.8
1193300 2336.8
1193310 2330.6
1193320 2324.8
1193330 2324.8
1193340 2319.3
1193350 2314.0
1193360 2308.8
1193370 2308.8
1193380 2303.7
1193390 2299.2
1193400 2299.2
1193410 2294.4
1193420 2289.7
1193430 2289.7
1193440 2286.0
1193450 2283.9
1193460 2283.9
1193470 2281.1
1193480 2276.2
1193490 2276.2
1193500 2269.3
1193510 2264.2
1193520 2264.2
1193530 2262.8
1193540 2261.3
1193550 2261.3
1193560 2260.9
1193570 2263.2
1193580 2267.0
1193590 2267.0
1193600 2271.2
1193610 2272.8
1193620 2272.8
1193630 2273.0
1193640 2273.6
1193650 2273.6
1193660 2273.6
1193670 2272.3
1193680 2272.3
1193690 2268.3
1193700 2263.8
1193710 2263.8
1193720 2259.3
1193730 2254.1
1193740 2254.1
1193750 2251.5
1193760 2250.3
1193770 2248.8
1193780 2248.8
1193790 2248.1
1193800 2247.0
1193810 2247.0
1193820 2245.5
1193830 2242.6
1193840 2242.6
1193850 2240.4
1193860 2238.7
1193870 2238.7
1193880 2236.9
1193890 2233.8
1193900 2233.8
1193910 2230.6
1193920 2226.7
1193930 2226.7
1193940 2221.9
1193950 2217.5
1193960 2217.5
1193970 2213.5
1193980 2209.3
1193990 2204.7
1194000 2204.7
1194010 2200.7
1194020 2197.7
1194030 2197.7
1194040 2193.9
1194050 2189.4
1194060 2189.4
1194070 2184.0
1194080 2178.3
1194090 2178.3
1194100 2173.4
1194110 2168.9
1194120 2168.9
1194130 2164.3
1194140 2158.2
1194150 2158.2
1194160 2153.7
1194170 2148.0
1194180 2148.0
1194190 2142.7
1194200 2136.9
1194210 2130.2
1194220 2130.2
1194230 2123.2
1194240 2115.8
1194250 2115.8
1194260 2110.5
1194270 2105.1
1194280 2105.1
1194290 2100.4
1194300 2098.4
1194310 2098.4
1194320 2097.3
1194330 2098.1
1194340 2098.1
1194350 2097.7
1194360 2096.5
1194370 2096.5
1194380 2093.7
1194390 2089.8
1194400 2081.2
1194410 2081.2
1194420 2071.9
1194430 2065.3
1194440 2065.3
1194450 2057.8
1194460 2050.5
1194470 2050.5
1194480 2043.6
1194490 2036.6
1194500 2036.6
1194510 2027.3
1194520 2016.8
1194530 2016.8
1194540 2007.2
1194550 1998.0
1194560 1998.0
1194570 1988.3
1194580 1978.5
1194590 1978.5
1194600 1968.6
1194610 1949.7
1194620 1935.8
1194630 1935.8
1194640 1927.5
1194650 1920.7
1194660 1920.7
1194670 1910.0
1194680 1896.6
1194690 1896.6
1194700 1892.4
1194710 1880.4
1194720 1880.4
1194730 1866.4
1194740 1857.3
1194750 1857.3
1194760 1848.0
1194770 1839.2
1194780 1839.2
1194790 1830.8
1194800 1823.2
1194810 1816.3
1194820 1816.3
1194830 1809.6
1194840 1802.4
1194850 1802.4
1194860 1794.2
1194870 1787.8
1194880 1787.8
1194890 1782.4
1194900 1777.9
1194910 1777.9
1194920 1773.6
1194930 1767.8
1194940 1767.8
1194950 1761.7
1194960 1755.0
1194970 1755.0
1194980 1747.4
1194990 1740.0
1195000 1740.0
1195010 1733.4
1195020 1728.3
1195030 1722.7
1195040 1722.7
1195050 1716.2
1195060 1710.3
1195070 1710.3
1195080 1705.0
1195090 1700.1
1195100 1700.1
1195110 1694.7
1195120 1687.8
1195130 1684.3
1195140 1677.9
1195150 1670.1
1195160 1670.1
1195170 1660.2
1195180 1652.2
1195190 1652.2
1195200 1642.4
1195210 1620.8
1195220 1620.8
1195230 1611.6
1195240 1603.5
1195250 1595.5
1195260 1595.5
1195270 1587.5
1195280 1578.8
1195290 1578.8
1195300 1567.9
1195310 1556.0
1195320 1556.0
1195330 1543.7
1195340 1533.0
1195350 1533.0
1195360 1523.4
1195370 1513.4
1195380 1513.4
1195390 1502.3
1195400 1493.8
1195410 1493.8
1195420 1486.2
1195430 1478.4
1195440 1470.4
1195450 1470.4
1195460 1462.8
1195470 1455.1
1195480 1455.1
1195490 1448.2
1195500 1441.9
1195510 1441.9
1195520 1435.3
1195530 1429.1
1195540 1429.1
1195550 1423.7
1195560 1418.9
1195570 1417.0
1195580 1413.1
1195590 1409.6
1195600 1409.6
1195610 1406.4
1195620 1404.7
1195630 1404.7
1195640 1402.0
1195650 1400.2
1195660 1399.1
1195670 1399.1
1195680 1398.8
1195690 1399.1
1195700 1399.1
1195710 1399.3
1195720 1399.1
1195730 1399.1
1195740 1399.2
1195750 1398.7
1195760 1398.7
1195770 1399.4
1195780 1399.8
1195790 1399.8
1195800 1400.2
1195810 1400.7
1195820 1400.7
1195830 1402.8
1195840 1404.3
1195850 1404.3
1195860 1406.7
1195870 1411.3
1195880 1416.6
1195890 1416.6
1195900 1422.8
1195910 1429.6
1195920 1429.6
1195930 1436.0
1195940 1442.6
1195950 1442.6
1195960 1449.1
1195970 1455.0
1195980 1455.0
1195990 1461.2
1196000 1467.6
1196010 1469.6
1196020 1476.1
1196030 1482.6
1196040 1482.6
1196050 1489.6
1196060 1496.1
1196070 1502.9
1196080 1502.9
1196090 1510.3
1196100 1516.9
1196110 1516.9
1196120 1523.2
1196130 1529.3
1196140 1529.3
1196150 1535.3
1196160 1542.4
1196170 1542.4
1196180 1548.4
1196190 1554.5
1196200 1554.5
1196210 1559.5
1196220 1564.8
1196230 1564.8
1196240 1577.8
1196250 1590.1
1196260 1590.1
1196270 1598.2
1196280 1606.4
1196290 1619.3
1196300 1619.3
1196310 1633.1
1196320 1642.3
1196330 1642.3
1196340 1650.7
1196350 1658.8
1196360 1658.8
1196370 1666.5
1196380 1673.3
1196390 1673.3
1196400 1680.7
1196410 1689.1
1196420 1689.1
1196430 1699.1
1196440 1708.8
1196450 1708.2
1196460 1716.2
1196470 1722.7
1196480 1731.0
1196490 1731.0
1196500 1741.1
1196510 1751.6
1196520 1751.6
1196530 1760.7
1196540 1772.5
1196550 1772.5
1196560 1779.8
1196570 1784.9
1196580 1784.9
1196590 1791.2
1196600 1796.4
1196610 1796.4
1196620 1803.0
1196630 1810.3
1196640 1810.3
1196650 1818.0
1196660 1826.0
1196670 1826.0
1196680 1834.7
1196690 1844.2
1196700 1852.9
1196710 1852.9
1196720 1861.8
1196730 1870.7
1196740 1870.7
1196750 1880.6
1196760 1893.0
1196770 1893.0
1196780 1906.9
1196790 1923.6
1196800 1923.6
1196810 1938.1
1196820 1947.1
1196830 1947.1
1196840 1957.3
1196850 1960.9
1196860 1960.9
1196870 1965.3
1196880 1975.6
1196890 1961.9
1196900 1970.4
1196910 1977.5
1196920 1982.2
1196930 1982.2
1196940 1989.8
1196950 2001.3
1196960 2001.3
1196970 2014.4
1196980 2027.3
1196990 2027.3
1197000 2038.1
1197010 2044.0
1197020 2044.0
1197030 2056.0
1197040 2059.9
1197050 2059.9
1197060 2055.0
1197070 2064.0
1197080 2064.0
1197090 2083.7
1197100 2084.5
1197110 2078.9
1197120 2078.9
1197130 2073.0
1197140 2066.4
1197150 2066.4
1197160 2054.3
1197170 2063.3
1197180 2063.3
1197190 2099.2
1197200 2126.9
1197210 2126.9
1197220 2146.2
1197230 2156.6
1197240 2156.6
1197250 2157.3
1197260 2162.8
1197270 2162.8
1197280 2174.2
1197290 2180.3
1197300 2180.3
1197310 2187.1
1197320 2196.1
1197330 2217.7
1197340 2217.7
1197350 2224.2
1197360 2226.5
1197370 2226.5
1197380 2232.8
1197390 2246.6
1197400 2246.6
1197410 2255.8
1197420 2264.3
1197430 2264.3
1197440 2274.3
1197450 2283.8
1197460 2283.8
1197470 2291.0
1197480 2297.6
1197490 2297.6
1197500 2302.1
1197510 2294.4
1197520 2294.4
1197530 2283.6
1197540 2268.6
1197550 2258.3
1197560 2258.3
1197570 2249.8
1197580 2249.4
1197590 2249.4
1197600 2276.2
1197610 2318.6
1197620 2318.6
1197630 2340.9
1197640 2347.4
1197650 2347.4
1197660 2361.5
1197670 2371.8
1197680 2371.8
1197690 2373.7
1197700 2378.4
1197710 2378.4
1197720 2385.7
1197730 2390.0
1197740 2391.8
1197750 2391.8
1197760 2389.9
1197770 2393.5
1197780 2393.5
1197790 2383.9
1197800 2377.4
1197810 2377.4
1197820 2375.8
1197830 2373.0
1197840 2373.0
1197850 2369.7
1197860 2380.8
1197870 2380.8
1197880 2393.5
1197890 2391.1
1197900 2391.1
1197910 2378.9
1197920 2369.1
1197930 2369.1
1197940 2365.7
1197950 2366.0
1197960 2358.3
1197970 2358.3
1197980 2347.9
1197990 2340.1
1198000 2340.1
1198010 2339.7
1198020 2338.2
1198030 2338.2
1198040 2335.9
1198050 2333.5
1198060 2333.5
1198070 2330.2
1198080 2325.6
1198090 2325.6
1198100 2320.9
1198110 2316.5
1198120 2316.5
1198130 2314.7
1198140 2312.9
1198150 2312.0
1198160 2312.0
1198170 2311.6
1198180 2310.9
1198190 2310.9
1198200 2309.6
1198210 2312.5
1198220 2312.5
1198230 2310.6
1198240 2308.2
1198250 2308.2
1198260 2305.5
1198270 2301.9
1198280 2301.9
1198290 2298.5
1198300 2296.0
1198310 2296.0
1198320 2293.3
1198330 2291.1
1198340 2291.1
1198350 2290.1
1198360 2290.2
1198370 2291.1
1198380 2291.1
1198390 2292.6
1198400 2294.8
1198410 2294.8
1198420 2296.4
1198430 2297.0
1198440 2297.0
1198450 2297.8
1198460 2298.9
1198470 2298.9
1198480 2299.4
1198490 2299.2
1198500 2299.2
1198510 2299.3
1198520 2301.1
1198530 2301.1
1198540 2304.0
1198550 2306.8
1198560 2306.8
1198570 2309.3
1198580 2311.4
1198590 2313.4
1198600 2313.4
1198610 2314.9
1198620 2314.6
1198630 2314.6
1198640 2313.6
1198650 2318.8
1198660 2318.8
1198670 2319.1
1198680 2319.0
1198690 2319.0
1198700 2319.3
1198710 2321.2
1198720 2321.2
1198730 2322.7
1198740 2324.1
1198750 2324.1
1198760 2324.8
1198770 2324.9
1198780 2327.0
1198790 2327.0
1198800 2330.0
1198810 2334.6
1198820 2334.6
1198830 2338.8
1198840 2343.4
1198850 2343.4
1198860 2347.2
1198870 2349.2
1198880 2349.2
1198890 2350.8
1198900 2353.9
1198910 2353.9
1198920 2357.1
1198930 2359.0
1198940 2359.0
1198950 2361.8
1198960 2366.7
1198970 2366.7
1198980 2372.8
1198990 2378.2
1199000 2382.4
1199010 2382.4
1199020 2385.4
1199030 2388.5
1199040 2388.5
1199050 2391.9
1199060 2395.6
1199070 2395.6
1199080 2399.2
1199090 2401.9
1199100 2409.0
1199110 2411.2
1199120 2413.8
1199130 2413.8
1199140 2416.5
1199150 2419.4
1199160 2419.4
1199170 2422.8
1199180 2427.1
1199190 2427.1
1199200 2431.3
1199210 2435.3
1199220 2440.4
1199230 2440.4
1199240 2446.7
1199250 2453.4
1199260 2453.4
1199270 2460.2
1199280 2465.8
1199290 2465.8
1199300 2470.0
1199310 2474.5
1199320 2474.5
1199330 2479.1
1199340 2482.3
1199350 2482.3
1199360 2485.0
1199370 2487.2
1199380 2487.2
1199390 2488.9
1199400 2490.3
1199410 2491.9
1199420 2491.9
1199430 2493.9
1199440 2497.0
1199450 2497.0
1199460 2501.3
1199470 2506.2
1199480 2506.2
1199490 2511.2
1199500 2515.7
1199510 2515.7
1199520 2519.9
1199530 2523.8
1199540 2523.1
1199550 2527.4
1199560 2532.6
1199570 2532.6
1199580 2537.8
1199590 2542.8
1199600 2542.8
1199610 2547.9
1199620 2553.2
1199630 2558.4
1199640 2558.4
1199650 2563.5
1199660 2568.3
1199670 2568.3
1199680 2572.8
1199690 2577.2
1199700 2577.2
1199710 2581.5
1199720 2586.0
1199730 2586.0
1199740 2590.1
1199750 2594.1
1199760 2594.1
1199770 2598.3
1199780 2602.4
1199790 2602.4
1199800 2606.2
1199810 2609.8
1199820 2613.0
1199830 2613.0
1199840 2616.4
1199850 2619.9
1199860 2619.9
1199870 2623.8
1199880 2627.3
1199890 2627.3
1199900 2631.0
1199910 2636.0
1199920 2636.0
1199930 2652.5
1199940 2668.6
1199950 2668.6
1199960 2675.3
1199970 2686.8
1199980 2686.8
1199990 2664.1
