1180000 1164.3
1180010 1169.2
1180020 1169.2
1180030 1175.0
1180040 1181.5
1180050 1188.8
1180060 1188.8
1180070 1197.6
1180080 1208.0
1180090 1208.0
1180100 1221.2
1180110 1230.7
1180120 1230.7
1180130 1236.4
1180140 1245.8
1180150 1245.8
1180160 1260.0
1180170 1272.6
1180180 1272.6
1180190 1282.2
1180200 1287.9
1180210 1287.9
1180220 1293.6
1180230 1296.4
1180240 1297.8
1180250 1297.8
1180260 1304.2
1180270 1328.9
1180280 1328.9
1180290 1341.9
1180300 1344.7
1180310 1344.7
1180320 1356.2
1180330 1366.1
1180340 1370.3
1180350 1377.3
1180360 1386.0
1180370 1386.0
1180380 1392.5
1180390 1397.1
1180400 1397.1
1180410 1402.4
1180420 1406.7
1180430 1406.7
1180440 1410.6
1180450 1415.0
1180460 1420.2
1180470 1420.2
1180480 1426.3
1180490 1432.5
1180500 1432.5
1180510 1440.3
1180520 1449.9
1180530 1449.9
1180540 1459.0
1180550 1465.3
1180560 1465.3
1180570 1469.5
1180580 1471.4
1180590 1471.4
1180600 1470.5
1180610 1468.6
1180620 1468.6
1180630 1467.1
1180640 1466.2
1180650 1465.8
1180660 1465.8
1180670 1466.4
1180680 1467.7
1180690 1467.7
1180700 1469.4
1180710 1470.5
1180720 1470.5
1180730 1472.2
1180740 1475.3
1180750 1475.3
1180760 1480.5
1180770 1482.1
1180780 1482.1
1180790 1484.4
1180800 1487.8
1180810 1487.8
1180820 1493.4
1180830 1500.1
1180840 1500.1
1180850 1505.2
1180860 1507.3
1180870 1506.8
1180880 1506.8
1180890 1505.0
1180900 1503.2
1180910 1503.2
1180920 1501.1
1180930 1498.8
1180940 1498.8
1180950 1496.5
1180960 1494.8
1180970 1494.8
1180980 1494.1
1180990 1493.2
1181000 1493.2
1181010 1492.9
1181020 1492.3
1181030 1492.3
1181040 1491.8
1181050 1491.3
1181060 1491.3
1181070 1490.7
1181080 1490.3
1181090 1489.2
1181100 1489.2
1181110 1487.8
1181120 1486.4
1181130 1486.4
1181140 1485.1
1181150 1483.0
1181160 1483.0
1181170 1481.2
1181180 1483.1
1181190 1483.1
1181200 1481.3
1181210 1479.2
1181220 1479.2
1181230 1476.9
1181240 1474.9
1181250 1474.9
1181260 1473.7
1181270 1472.7
1181280 1471.1
1181290 1471.1
1181300 1469.8
1181310 1469.2
1181320 1469.2
1181330 1468.2
1181340 1466.6
1181350 1466.6
1181360 1465.8
1181370 1464.2
1181380 1464.2
1181390 1461.6
1181400 1459.6
1181410 1459.6
1181420 1456.8
1181430 1453.7
1181440 1453.7
1181450 1450.8
1181460 1447.9
1181470 1447.9
1181480 1445.3
1181490 1442.6
1181500 1439.6
1181510 1439.6
1181520 1437.4
1181530 1435.6
1181540 1435.6
1181550 1434.0
1181560 1432.2
1181570 1432.2
1181580 1429.5
1181590 1429.3
1181600 1429.3
1181610 1427.2
1181620 1425.0
1181630 1425.0
1181640 1422.4
1181650 1421.6
1181660 1421.6
1181670 1420.2
1181680 1416.8
1181690 1416.8
1181700 1409.8
1181710 1400.3
1181720 1391.9
1181730 1391.9
1181740 1386.2
1181750 1378.1
1181760 1378.1
1181770 1369.9
1181780 1362.9
1181790 1362.9
1181800 1362.9
1181810 1377.1
1181820 1377.1
1181830 1398.6
1181840 1407.5
1181850 1407.5
1181860 1416.1
1181870 1423.3
1181880 1423.3
1181890 1424.9
1181900 1420.8
1181910 1415.9
1181920 1415.9
1181930 1405.6
1181940 1396.9
1181950 1396.9
1181960 1389.5
1181970 1382.8
1181980 1382.8
1181990 1376.3
1182000 1370.3
1182010 1372.1
1182020 1365.1
1182030 1359.1
1182040 1359.1
1182050 1351.6
1182060 1344.2
1182070 1344.2
1182080 1337.3
1182090 1330.3
1182100 1330.3
1182110 1322.9
1182120 1311.8
1182130 1296.4
1182140 1296.4
1182150 1287.7
1182160 1286.1
1182170 1286.1
1182180 1299.1
1182190 1308.1
1182200 1308.1
1182210 1314.9
1182220 1323.3
1182230 1323.3
1182240 1326.0
1182250 1329.8
1182260 1329.8
1182270 1333.7
1182280 1341.5
1182290 1341.5
1182300 1346.2
1182310 1350.7
1182320 1350.7
1182330 1355.3
1182340 1358.1
1182350 1360.8
1182360 1360.8
1182370 1363.8
1182380 1367.0
1182390 1367.0
1182400 1368.8
1182410 1369.2
1182420 1369.2
1182430 1369.0
1182440 1375.8
1182450 1375.8
1182460 1382.4
1182470 1387.3
1182480 1387.3
1182490 1392.1
1182500 1397.8
1182510 1397.8
1182520 1404.3
1182530 1411.6
1182540 1418.9
1182550 1418.9
1182560 1426.4
1182570 1434.2
1182580 1434.2
1182590 1440.9
1182600 1445.8
1182610 1445.8
1182620 1450.4
1182630 1456.4
1182640 1456.4
1182650 1462.9
1182660 1467.7
1182670 1467.7
1182680 1472.2
1182690 1477.2
1182700 1477.2
1182710 1482.0
1182720 1487.2
1182730 1487.2
1182740 1493.7
1182750 1500.0
1182760 1506.0
1182770 1506.0
1182780 1511.8
1182790 1517.8
1182800 1517.8
1182810 1523.8
1182820 1527.8
1182830 1527.8
1182840 1532.3
1182850 1530.4
1182860 1530.4
1182870 1535.6
1182880 1541.9
1182890 1541.9
1182900 1548.9
1182910 1555.1
1182920 1555.1
1182930 1561.6
1182940 1566.6
1182950 1566.6
1182960 1571.4
1182970 1577.0
1182980 1581.8
1182990 1581.8
1183000 1587.0
1183010 1591.9
1183020 1591.9
1183030 1596.2
1183040 1599.9
1183050 1599.9
1183060 1603.6
1183070 1608.0
1183080 1608.0
1183090 1612.4
1183100 1616.6
1183110 1616.6
1183120 1621.6
1183130 1625.9
1183140 1625.9
1183150 1630.0
1183160 1634.3
1183170 1638.7
1183180 1638.7
1183190 1643.4
1183200 1648.2
1183210 1648.2
1183220 1651.8
1183230 1655.9
1183240 1655.9
1183250 1660.2
1183260 1663.6
1183270 1660.3
1183280 1663.3
1183290 1665.8
1183300 1665.8
1183310 1668.7
1183320 1671.9
1183330 1671.9
1183340 1675.3
1183350 1678.3
1183360 1678.3
1183370 1681.3
1183380 1685.0
1183390 1688.7
1183400 1688.7
1183410 1692.1
1183420 1695.9
1183430 1695.9
1183440 1699.3
1183450 1701.3
1183460 1701.3
1183470 1703.2
1183480 1706.0
1183490 1706.0
1183500 1709.1
1183510 1712.7
1183520 1712.7
1183530 1716.4
1183540 1720.6
1183550 1720.6
1183560 1724.4
1183570 1727.6
1183580 1727.6
1183590 1730.7
1183600 1733.9
1183610 1736.9
1183620 1736.9
1183630 1740.0
1183640 1743.6
1183650 1743.6
1183660 1747.2
1183670 1750.6
1183680 1750.6
1183690 1749.6
1183700 1752.0
1183710 1752.0
1183720 1753.7
1183730 1755.1
1183740 1755.1
1183750 1757.8
1183760 1761.7
1183770 1761.7
1183780 1763.3
1183790 1762.8
1183800 1764.3
1183810 1764.3
1183820 1766.5
1183830 1768.9
1183840 1768.9
1183850 1772.2
1183860 1775.9
1183870 1775.9
1183880 1779.3
1183890 1781.6
1183900 1781.6
1183910 1780.5
1183920 1777.6
1183930 1777.6
1183940 1776.5
1183950 1779.0
1183960 1779.0
1183970 1782.6
1183980 1786.3
1183990 1786.3
1184000 1789.1
1184010 1792.1
1184020 1795.1
1184030 1795.1
1184040 1797.7
1184050 1799.6
1184060 1799.6
1184070 1803.3
1184080 1806.8
1184090 1806.8
1184100 1809.4
1184110 1804.4
1184120 1804.4
1184130 1804.7
1184140 1808.0
1184150 1808.0
1184160 1813.3
1184170 1815.3
1184180 1815.3
1184190 1816.9
1184200 1819.8
1184210 1822.6
1184220 1822.6
1184230 1825.5
1184240 1829.5
1184250 1829.5
1184260 1833.2
1184270 1836.0
1184280 1836.0
1184290 1836.5
1184300 1836.1
1184310 1836.1
1184320 1836.7
1184330 1839.0
1184340 1839.0
1184350 1843.7
1184360 1848.7
1184370 1848.7
1184380 1851.1
1184390 1854.7
1184400 1854.7
1184410 1857.8
1184420 1862.9
1184430 1865.9
1184440 1865.9
1184450 1868.0
1184460 1869.8
1184470 1869.8
1184480 1870.5
1184490 1869.2
1184500 1869.2
1184510 1870.0
1184520 1870.0
1184530 1866.2
1184540 1865.7
1184550 1862.7
1184560 1862.7
1184570 1862.1
1184580 1857.1
1184590 1857.1
1184600 1849.5
1184610 1843.3
1184620 1843.3
1184630 1837.8
1184640 1833.3
1184650 1828.6
1184660 1828.6
1184670 1826.4
1184680 1825.3
1184690 1825.3
1184700 1823.6
1184710 1822.9
1184720 1822.9
1184730 1824.0
1184740 1825.7
1184750 1825.7
1184760 1827.8
1184770 1832.7
1184780 1832.7
1184790 1836.9
1184800 1838.1
1184810 1838.1
1184820 1842.2
1184830 1848.0
1184840 1850.9
1184850 1850.9
1184860 1851.8
1184870 1853.3
1184880 1853.3
1184890 1854.9
1184900 1854.9
1184910 1854.9
1184920 1853.9
1184930 1851.4
1184940 1851.4
1184950 1848.1
1184960 1843.6
1184970 1843.6
1184980 1850.4
1184990 1853.6
1185000 1853.6
1185010 1850.2
1185020 1852.2
1185030 1852.2
1185040 1855.5
1185050 1857.0
1185060 1854.7
1185070 1854.7
1185080 1857.5
1185090 1861.3
1185100 1861.3
1185110 1862.4
1185120 1866.4
1185130 1866.4
1185140 1869.7
1185150 1871.2
1185160 1871.2
1185170 1867.7
1185180 1863.7
1185190 1863.7
1185200 1861.3
1185210 1856.2
1185220 1856.2
1185230 1851.1
1185240 1850.2
1185250 1850.2
1185260 1851.7
1185270 1849.0
1185280 1845.3
1185290 1845.3
1185300 1844.4
1185310 1850.4
1185320 1850.4
1185330 1863.7
1185340 1878.3
1185350 1878.3
1185360 1886.4
1185370 1895.0
1185380 1892.8
1185390 1899.7
1185400 1905.7
1185410 1905.7
1185420 1912.2
1185430 1918.6
1185440 1918.6
1185450 1924.1
1185460 1928.5
1185470 1932.0
1185480 1932.0
1185490 1936.6
1185500 1941.3
1185510 1941.3
1185520 1943.5
1185530 1945.1
1185540 1945.1
1185550 1945.6
1185560 1947.8
1185570 1947.8
1185580 1952.5
1185590 1957.5
1185600 1957.5
1185610 1963.1
1185620 1966.5
1185630 1966.5
1185640 1966.2
1185650 1965.2
1185660 1965.2
1185670 1972.4
1185680 1978.4
1185690 1984.0
1185700 1984.0
1185710 1990.1
1185720 1995.0
1185730 1995.0
1185740 1999.2
1185750 2005.4
1185760 2005.4
1185770 2010.2
1185780 2015.1
1185790 2015.1
1185800 2013.6
1185810 2016.9
1185820 2016.9
1185830 2020.3
1185840 2022.2
1185850 2022.2
1185860 2027.5
1185870 2029.5
1185880 2029.5
1185890 2027.5
1185900 2029.8
1185910 2038.0
1185920 2038.0
1185930 2046.4
1185940 2054.2
1185950 2054.2
1185960 2061.2
1185970 2066.3
1185980 2066.3
1185990 2069.2
1186000 2073.6
1186010 2073.6
1186020 2080.1
1186030 2088.0
1186040 2088.0
1186050 2096.0
1186060 2102.5
1186070 2102.5
1186080 2105.8
1186090 2107.6
1186100 2110.4
1186110 2110.4
1186120 2113.7
1186130 2115.4
1186140 2115.4
1186150 2119.4
1186160 2128.2
1186170 2128.2
1186180 2137.2
1186190 2143.8
1186200 2143.8
1186210 2150.7
1186220 2157.3
1186230 2152.5
1186240 2157.2
1186250 2162.4
1186260 2162.4
1186270 2167.5
1186280 2173.0
1186290 2173.0
1186300 2178.8
1186310 2185.2
1186320 2191.3
1186330 2191.3
1186340 2196.3
1186350 2200.9
1186360 2200.9
1186370 2206.5
1186380 2212.2
1186390 2212.2
1186400 2217.2
1186410 2222.4
1186420 2222.4
1186430 2226.0
1186440 2227.8
1186450 2227.8
1186460 2232.1
1186470 2237.5
1186480 2237.5
1186490 2242.0
1186500 2245.2
1186510 2245.2
1186520 2249.9
1186530 2253.1
1186540 2255.7
1186550 2255.7
1186560 2259.1
1186570 2262.4
1186580 2262.4
1186590 2265.2
1186600 2269.0
1186610 2269.0
1186620 2271.9
1186630 2274.8
1186640 2274.8
1186650 2276.2
1186660 2279.8
1186670 2279.8
1186680 2283.7
1186690 2287.3
1186700 2287.3
1186710 2290.4
1186720 2293.8
1186730 2297.4
1186740 2297.4
1186750 2301.0
1186760 2304.9
1186770 2304.9
1186780 2309.2
1186790 2313.4
1186800 2313.4
1186810 2318.0
1186820 2322.8
1186830 2322.8
1186840 2330.0
1186850 2337.1
1186860 2337.1
1186870 2342.9
1186880 2348.5
1186890 2348.5
1186900 2353.7
1186910 2357.9
1186920 2357.9
1186930 2362.3
1186940 2367.3
1186950 2371.9
1186960 2371.9
1186970 2375.9
1186980 2379.7
1186990 2379.7
1187000 2384.9
1187010 2389.6
1187020 2389.6
1187030 2393.6
1187040 2397.8
1187050 2397.8
1187060 2402.1
1187070 2405.2
1187080 2402.3
1187090 2410.8
1187100 2420.1
1187110 2420.1
1187120 2427.8
1187130 2435.0
1187140 2435.0
1187150 2442.9
1187160 2449.7
1187170 2456.5
1187180 2456.5
1187190 2463.2
1187200 2470.0
1187210 2470.0
1187220 2476.7
1187230 2482.2
1187240 2482.2
1187250 2487.2
1187260 2491.8
1187270 2491.8
1187280 2496.5
1187290 2502.1
1187300 2502.1
1187310 2507.7
1187320 2511.3
1187330 2511.3
1187340 2514.9
1187350 2521.2
1187360 2527.8
1187370 2527.8
1187380 2535.2
1187390 2542.4
1187400 2542.4
1187410 2549.6
1187420 2556.8
1187430 2556.8
1187440 2564.3
1187450 2571.8
1187460 2571.8
1187470 2580.1
1187480 2589.0
1187490 2589.0
1187500 2597.3
1187510 2603.4
1187520 2603.4
1187530 2609.0
1187540 2614.7
1187550 2614.7
1187560 2620.4
1187570 2626.8
1187580 2626.6
1187590 2626.6
1187600 2632.5
1187610 2634.5
1187620 2634.5
1187630 2628.6
1187640 2620.1
1187650 2620.1
1187660 2610.7
1187670 2601.0
1187680 2601.0
1187690 2592.0
1187700 2585.4
1187710 2585.4
1187720 2582.9
1187730 2583.4
1187740 2583.4
1187750 2587.6
1187760 2594.9
1187770 2597.7
1187780 2597.7
1187790 2603.3
1187800 2608.7
1187810 2608.7
1187820 2613.4
1187830 2618.9
1187840 2618.9
1187850 2626.4
1187860 2629.4
1187870 2629.4
1187880 2626.8
1187890 2624.3
1187900 2624.3
1187910 2622.4
1187920 2620.7
1187930 2624.2
1187940 2624.0
1187950 2624.8
1187960 2624.8
1187970 2627.5
1187980 2630.7
1187990 2634.7
1188000 2634.7
1188010 2639.0
1188020 2645.0
1188030 2645.0
1188040 2653.9
1188050 2665.2
1188060 2665.2
1188070 2668.9
1188080 2676.8
1188090 2676.8
1188100 2684.0
1188110 2683.5
1188120 2683.5
1188130 2679.7
1188140 2675.0
1188150 2675.0
1188160 2671.4
1188170 2670.8
1188180 2670.8
1188190 2671.0
1188200 2671.3
1188210 2673.1
1188220 2673.1
1188230 2674.9
1188240 2677.3
1188250 2677.3
1188260 2679.5
1188270 2682.0
1188280 2682.0
1188290 2684.7
1188300 2688.4
1188310 2688.4
1188320 2691.3
1188330 2696.1
1188340 2696.1
1188350 2697.5
1188360 2701.9
1188370 2701.9
1188380 2701.9
1188390 2703.3
1188400 2703.9
1188410 2703.9
1188420 2706.1
1188430 2713.1
1188440 2713.1
1188450 2716.4
1188460 2713.6
1188470 2713.6
1188480 2708.2
1188490 2702.6
1188500 2702.6
1188510 2696.9
1188520 2691.4
1188530 2691.4
1188540 2685.3
1188550 2678.2
1188560 2678.2
1188570 2670.5
1188580 2661.8
1188590 2661.8
1188600 2653.5
1188610 2647.4
1188620 2643.0
1188630 2643.0
1188640 2640.2
1188650 2636.9
1188660 2636.9
1188670 2632.7
1188680 2627.7
1188690 2627.7
1188700 2622.8
1188710 2618.2
1188720 2618.2
1188730 2613.5
1188740 2608.5
1188750 2608.5
1188760 2603.8
1188770 2599.1
1188780 2599.1
1188790 2598.1
1188800 2594.0
1188810 2594.0
1188820 2589.3
1188830 2583.7
1188840 2577.8
1188850 2577.8
1188860 2571.7
1188870 2565.4
1188880 2565.4
1188890 2560.3
1188900 2554.9
1188910 2554.9
1188920 2549.1
1188930 2541.6
1188940 2541.6
1188950 2533.5
1188960 2523.5
1188970 2523.5
1188980 2510.3
1188990 2502.5
1189000 2502.5
1189010 2496.5
1189020 2490.8
1189030 2484.7
1189040 2484.7
1189050 2478.7
1189060 2473.9
1189070 2473.9
1189080 2469.2
1189090 2464.3
1189100 2464.3
1189110 2459.2
1189120 2454.7
1189130 2454.7
1189140 2450.2
1189150 2445.6
1189160 2445.6
1189170 2441.8
1189180 2438.9
1189190 2438.9
1189200 2437.6
1189210 2443.2
1189220 2443.2
1189230 2444.5
1189240 2445.3
1189250 2445.9
1189260 2445.9
1189270 2445.7
1189280 2446.3
1189290 2446.3
1189300 2447.9
1189310 2450.0
1189320 2450.0
1189330 2450.8
1189340 2451.7
1189350 2451.7
1189360 2452.4
1189370 2453.2
1189380 2453.2
1189390 2453.5
1189400 2453.4
1189410 2453.4
1189420 2454.0
1189430 2454.8
1189440 2454.8
1189450 2455.2
1189460 2456.0
1189470 2458.3
1189480 2458.3
1189490 2462.2
1189500 2466.6
1189510 2466.6
1189520 2470.3
1189530 2474.2
1189540 2474.2
1189550 2484.7
1189560 2503.9
1189570 2503.9
1189580 2516.0
1189590 2521.3
1189600 2521.3
1189610 2525.6
1189620 2531.8
1189630 2531.8
1189640 2541.9
1189650 2549.8
1189660 2556.6
1189670 2556.6
1189680 2564.8
1189690 2571.7
1189700 2571.7
1189710 2576.3
1189720 2580.0
1189730 2580.0
1189740 2584.0
1189750 2588.1
1189760 2588.1
1189770 2594.6
1189780 2603.9
1189790 2603.9
1189800 2612.7
1189810 2625.3
1189820 2625.3
1189830 2639.1
1189840 2653.3
1189850 2653.3
1189860 2675.6
1189870 2698.8
1189880 2707.0
1189890 2707.0
1189900 2710.2
1189910 2716.7
1189920 2716.7
1189930 2741.4
1189940 2745.7
1189950 2745.7
1189960 2729.2
1189970 2711.0
1189980 2711.0
1189990 2696.5
1190000 2690.1
1190010 2690.1
1190020 2682.9
1190030 2675.7
1190040 2675.7
1190050 2668.5
1190060 2661.5
1190070 2661.6
1190080 2655.7
1190090 2649.5
1190100 2643.3
1190110 2643.3
1190120 2637.7
1190130 2631.6
1190140 2631.6
1190150 2624.9
1190160 2618.9
1190170 2618.9
1190180 2612.3
1190190 2606.2
1190200 2606.2
1190210 2600.5
1190220 2594.9
1190230 2594.9
1190240 2589.8
1190250 2584.7
1190260 2584.7
1190270 2580.2
1190280 2575.9
1190290 2571.0
1190300 2571.0
1190310 2566.1
1190320 2560.5
1190330 2560.5
1190340 2554.4
1190350 2548.8
1190360 2548.8
1190370 2542.7
1190380 2537.8
1190390 2537.8
1190400 2532.9
1190410 2527.7
1190420 2527.7
1190430 2522.6
1190440 2517.2
1190450 2517.2
1190460 2511.3
1190470 2506.4
1190480 2506.4
1190490 2501.6
1190500 2497.2
1190510 2491.2
1190520 2491.2
1190530 2488.2
1190540 2487.1
1190550 2487.1
1190560 2485.3
1190570 2483.8
1190580 2483.8
1190590 2483.1
1190600 2482.5
1190610 2482.5
1190620 2482.5
1190630 2482.8
1190640 2482.8
1190650 2485.0
1190660 2487.4
1190670 2487.4
1190680 2489.3
1190690 2491.7
1190700 2492.5
1190710 2492.5
1190720 2493.9
1190730 2496.2
1190740 2496.2
1190750 2499.0
1190760 2501.2
1190770 2501.2
1190780 2502.5
1190790 2503.5
1190800 2503.5
1190810 2504.1
1190820 2506.1
1190830 2506.1
1190840 2509.8
1190850 2514.4
1190860 2514.4
1190870 2517.6
1190880 2522.4
1190890 2522.4
1190900 2524.7
1190910 2525.5
1190920 2526.9
1190930 2528.8
1190940 2529.8
1190950 2530.2
1190960 2530.2
1190970 2531.6
1190980 2533.0
1190990 2533.0
1191000 2533.4
1191010 2533.7
1191020 2533.7
1191030 2532.5
1191040 2529.6
1191050 2529.6
1191060 2528.7
1191070 2527.8
1191080 2527.8
1191090 2523.3
1191100 2517.1
1191110 2517.1
1191120 2511.2
1191130 2507.3
1191140 2506.4
1191150 2506.4
1191160 2503.4
1191170 2501.4
1191180 2501.4
1191190 2499.7
1191200 2499.2
1191210 2499.2
1191220 2499.2
1191230 2498.6
1191240 2498.6
1191250 2496.3
1191260 2493.3
1191270 2493.3
1191280 2490.6
1191290 2487.3
1191300 2487.3
1191310 2483.5
1191320 2481.0
1191330 2477.8
1191340 2477.8
1191350 2474.4
1191360 2471.9
1191370 2475.6
1191380 2473.8
1191390 2474.8
1191400 2474.8
1191410 2474.8
1191420 2475.4
1191430 2475.4
1191440 2477.7
1191450 2481.4
1191460 2481.4
1191470 2485.6
1191480 2490.4
1191490 2490.4
1191500 2495.4
1191510 2500.2
1191520 2500.2
1191530 2504.7
1191540 2509.2
1191550 2521.4
1191560 2521.4
1191570 2543.2
1191580 2565.0
1191590 2565.0
1191600 2591.0
1191610 2620.9
1191620 2620.9
1191630 2634.3
1191640 2643.7
1191650 2643.7
1191660 2654.6
1191670 2671.9
1191680 2671.9
1191690 2694.1
1191700 2706.1
1191710 2706.1
1191720 2711.8
1191730 2718.0
1191740 2718.0
1191750 2722.4
1191760 2726.8
1191770 2741.3
1191780 2741.3
1191790 2755.5
1191800 2773.7
1191810 2773.7
1191820 2783.8
1191830 2795.2
1191840 2795.2
1191850 2807.3
1191860 2816.7
1191870 2816.7
1191880 2828.1
1191890 2838.0
1191900 2838.0
1191910 2848.7
1191920 2860.3
1191930 2860.3
1191940 2872.2
1191950 2884.7
1191960 2903.3
1191970 2903.3
1191980 2908.4
1191990 2906.7
1192000 2906.7
1192010 2896.4
1192020 2885.0
1192030 2885.0
1192040 2872.7
1192050 2863.1
1192060 2863.1
1192070 2855.4
1192080 2847.4
1192090 2847.4
1192100 2838.3
1192110 2828.1
1192120 2828.1
1192130 2818.3
1192140 2810.0
1192150 2810.0
1192160 2802.5
1192170 2793.4
1192180 2784.2
1192190 2784.2
1192200 2771.0
1192210 2752.2
1192220 2752.2
1192230 2726.4
1192240 2720.5
1192250 2720.5
1192260 2710.3
1192270 2694.6
1192280 2694.6
1192290 2674.3
1192300 2651.3
1192310 2651.3
1192320 2633.0
1192330 2621.7
1192340 2621.7
1192350 2616.1
1192360 2610.7
1192370 2610.7
1192380 2605.4
1192390 2599.8
1192400 2594.1
1192410 2594.1
1192420 2588.3
1192430 2582.7
1192440 2582.7
1192450 2577.3
1192460 2572.2
1192470 2572.2
1192480 2567.3
1192490 2562.9
1192500 2562.9
1192510 2559.1
1192520 2555.8
1192530 2555.8
1192540 2552.6
1192550 2549.9
1192560 2549.9
1192570 2546.4
1192580 2542.1
1192590 2537.1
1192600 2537.1
1192610 2533.3
1192620 2531.7
1192630 2531.7
1192640 2527.1
1192650 2525.2
1192660 2525.2
1192670 2531.7
1192680 2531.5
1192690 2531.5
1192700 2531.8
1192710 2533.1
1192720 2533.1
1192730 2537.9
1192740 2546.0
1192750 2546.0
1192760 2546.1
1192770 2542.3
1192780 2542.3
1192790 2539.9
1192800 2538.3
1192810 2537.2
1192820 2537.2
1192830 2534.8
1192840 2531.5
1192850 2531.5
1192860 2526.7
1192870 2521.0
1192880 2521.0
1192890 2513.4
1192900 2506.7
1192910 2506.7
1192920 2497.7
1192930 2483.9
1192940 2483.9
1192950 2468.5
1192960 2452.9
1192970 2452.9
1192980 2441.2
1192990 2431.9
1193000 2431.9
1193010 2420.7
1193020 2409.4
1193030 2398.3
1193040 2398.3
1193050 2387.3
1193060 2377.4
1193070 2377.4
1193080 2369.5
1193090 2361.2
1193100 2365.5
1193110 2363.6
1193120 2368.6
1193130 2368.6
1193140 2368.5
1193150 2365.3
1193160 2365.3
1193170 2360.6
1193180 2358.6
1193190 2358.6
1193200 2357.0
1193210 2354.0
1193220 2351.3
1193230 2351.3
1193240 2348.5
1193250 2348.3
1193260 2348.3
1193270 2347.0
1193280 2347.8
1193290 2347.8
1193300 2353.6
1193310 2360.4
1193320 2360.4
1193330 2363.4
1193340 2361.9
1193350 2361.9
1193360 2359.8
1193370 2355.1
1193380 2355.1
1193390 2348.5
1193400 2342.8
1193410 2342.8
1193420 2337.0
1193430 2331.7
1193440 2326.1
1193450 2326.1
1193460 2319.1
1193470 2313.1
1193480 2313.1
1193490 2306.6
1193500 2292.6
1193510 2292.6
1193520 2283.8
1193530 2274.7
1193540 2274.7
1193550 2271.0
1193560 2268.2
1193570 2268.2
1193580 2265.4
1193590 2262.5
1193600 2262.5
1193610 2259.3
1193620 2256.4
1193630 2253.9
1193640 2253.9
1193650 2251.4
1193660 2248.9
1193670 2248.9
1193680 2246.1
1193690 2243.8
1193700 2243.8
1193710 2241.5
1193720 2238.8
1193730 2238.8
1193740 2236.8
1193750 2234.2
1193760 2234.2
1193770 2230.6
1193780 2226.9
1193790 2226.9
1193800 2223.3
1193810 2220.1
1193820 2220.1
1193830 2215.3
1193840 2208.3
1193850 2201.0
1193860 2201.0
1193870 2193.7
1193880 2186.4
1193890 2186.4
1193900 2179.0
1193910 2172.3
1193920 2172.3
1193930 2166.7
1193940 2161.2
1193950 2161.2
1193960 2155.6
1193970 2145.6
1193980 2145.6
1193990 2139.0
1194000 2132.0
1194010 2132.0
1194020 2124.9
1194030 2118.4
1194040 2118.4
1194050 2113.5
1194060 2108.1
1194070 2102.0
1194080 2102.0
1194090 2096.6
1194100 2091.0
1194110 2091.0
1194120 2085.9
1194130 2082.3
1194140 2082.3
1194150 2079.4
1194160 2077.2
1194170 2077.2
1194180 2073.9
1194190 2070.5
1194200 2070.5
1194210 2068.1
1194220 2064.9
1194230 2064.9
1194240 2061.5
1194250 2057.3
1194260 2052.1
1194270 2052.1
1194280 2045.9
1194290 2039.2
1194300 2039.2
1194310 2032.7
1194320 2026.2
1194330 2026.2
1194340 2019.4
1194350 2012.5
1194360 2012.5
1194370 2005.5
1194380 1999.1
1194390 1999.1
1194400 1997.3
1194410 1994.9
1194420 1994.9
1194430 1992.5
1194440 1989.7
1194450 1989.7
1194460 1986.3
1194470 1982.4
1194480 1977.2
1194490 1977.2
1194500 1971.0
1194510 1964.8
1194520 1964.8
1194530 1958.6
1194540 1952.4
1194550 1952.4
1194560 1946.6
1194570 1940.4
1194580 1940.4
1194590 1934.2
1194600 1928.1
1194610 1928.1
1194620 1921.6
1194630 1914.5
1194640 1914.5
1194650 1907.9
1194660 1900.9
1194670 1900.9
1194680 1890.1
1194690 1876.5
1194700 1867.9
1194710 1867.9
1194720 1861.0
1194730 1854.5
1194740 1854.5
1194750 1846.8
1194760 1838.6
1194770 1838.6
1194780 1831.1
1194790 1824.2
1194800 1824.2
1194810 1816.8
1194820 1809.4
1194830 1809.4
1194840 1804.3
1194850 1797.5
1194860 1797.5
1194870 1790.3
1194880 1784.9
1194890 1780.6
1194900 1780.6
1194910 1775.3
1194920 1771.9
1194930 1771.9
1194940 1767.0
1194950 1761.9
1194960 1761.9
1194970 1756.0
1194980 1741.1
1194990 1741.1
1195000 1733.6
1195010 1725.9
1195020 1725.9
1195030 1714.0
1195040 1706.6
1195050 1706.6
1195060 1695.9
1195070 1688.4
1195080 1688.4
1195090 1683.5
1195100 1679.9
1195110 1675.6
1195120 1675.6
1195130 1671.5
1195140 1670.7
1195150 1670.7
1195160 1671.6
1195170 1666.9
1195180 1666.9
1195190 1660.9
1195200 1655.9
1195210 1655.9
1195220 1651.1
1195230 1646.8
1195240 1646.8
1195250 1641.2
1195260 1636.4
1195270 1636.4
1195280 1624.5
1195290 1619.1
1195300 1619.1
1195310 1609.7
1195320 1597.6
1195330 1587.5
1195340 1587.5
1195350 1579.0
1195360 1571.2
1195370 1571.2
1195380 1562.5
1195390 1553.4
1195400 1553.4
1195410 1541.6
1195420 1531.0
1195430 1531.0
1195440 1518.8
1195450 1507.4
1195460 1507.4
1195470 1499.4
1195480 1485.4
1195490 1485.4
1195500 1461.3
1195510 1449.0
1195520 1439.5
1195530 1439.5
1195540 1430.5
1195550 1421.8
1195560 1421.8
1195570 1414.0
1195580 1408.6
1195590 1408.6
1195600 1405.2
1195610 1400.0
1195620 1400.0
1195630 1394.0
1195640 1392.7
1195650 1392.7
1195660 1393.9
1195670 1395.2
1195680 1395.2
1195690 1396.7
1195700 1397.6
1195710 1397.6
1195720 1398.6
1195730 1400.2
1195740 1400.8
1195750 1400.8
1195760 1401.9
1195770 1402.9
1195780 1402.9
1195790 1404.2
1195800 1405.4
1195810 1405.4
1195820 1406.8
1195830 1408.6
1195840 1408.6
1195850 1411.0
1195860 1413.4
1195870 1413.4
1195880 1415.0
1195890 1415.6
1195900 1415.6
1195910 1415.5
1195920 1416.6
1195930 1419.5
1195940 1419.5
1195950 1423.4
1195960 1427.6
1195970 1427.6
1195980 1431.8
1195990 1435.9
1196000 1435.9
1196010 1440.1
1196020 1442.0
1196030 1442.0
1196040 1438.4
1196050 1438.0
1196060 1438.0
1196070 1441.7
1196080 1449.1
1196090 1449.1
1196100 1457.2
1196110 1465.8
1196120 1465.8
1196130 1474.9
1196140 1486.4
1196150 1510.0
1196160 1510.0
1196170 1524.3
1196180 1540.7
1196190 1540.7
1196200 1557.0
1196210 1578.7
1196220 1578.7
1196230 1590.3
1196240 1598.5
1196250 1598.5
1196260 1593.2
1196270 1586.3
1196280 1586.3
1196290 1595.7
1196300 1624.0
1196310 1624.0
1196320 1638.8
1196330 1644.8
1196340 1644.8
1196350 1653.2
1196360 1662.3
1196370 1669.8
1196380 1669.8
1196390 1676.4
1196400 1684.4
1196410 1684.4
1196420 1690.6
1196430 1696.0
1196440 1696.0
1196450 1700.2
1196460 1701.6
1196470 1701.6
1196480 1707.1
1196490 1713.8
1196500 1713.8
1196510 1722.2
1196520 1730.8
1196530 1730.8
1196540 1737.9
1196550 1745.5
1196560 1752.0
1196570 1752.0
1196580 1759.9
1196590 1775.5
1196600 1775.5
1196610 1782.9
1196620 1790.9
1196630 1790.9
1196640 1798.4
1196650 1805.8
1196660 1805.8
1196670 1813.5
1196680 1820.6
1196690 1820.6
1196700 1827.5
1196710 1832.9
1196720 1832.9
1196730 1835.2
1196740 1835.3
1196750 1835.3
1196760 1831.8
1196770 1828.1
1196780 1833.7
1196790 1833.7
1196800 1837.5
1196810 1840.9
1196820 1840.9
1196830 1845.1
1196840 1849.9
1196850 1849.9
1196860 1856.2
1196870 1863.7
1196880 1863.7
1196890 1871.9
1196900 1880.8
1196910 1880.8
1196920 1889.6
1196930 1898.2
1196940 1898.2
1196950 1905.5
1196960 1912.0
1196970 1912.0
1196980 1917.7
1196990 1922.7
1197000 1928.1
1197010 1928.1
1197020 1933.6
1197030 1943.1
1197040 1943.1
1197050 1948.5
1197060 1954.5
1197070 1954.5
1197080 1960.6
1197090 1966.6
1197100 1966.6
1197110 1972.1
1197120 1977.1
1197130 1977.1
1197140 1981.7
1197150 1985.8
1197160 1985.8
1197170 1989.5
1197180 1995.1
1197190 2002.0
1197200 2002.0
1197210 2007.0
1197220 2011.4
1197230 2011.4
1197240 2016.7
1197250 2022.2
1197260 2022.2
1197270 2027.8
1197280 2034.0
1197290 2034.0
1197300 2040.3
1197310 2046.5
1197320 2046.5
1197330 2052.9
1197340 2059.6
1197350 2059.6
1197360 2066.2
1197370 2072.4
1197380 2072.4
1197390 2078.3
1197400 2084.4
1197410 2091.1
1197420 2091.1
1197430 2096.8
1197440 2102.6
1197450 2102.6
1197460 2107.8
1197470 2117.3
1197480 2117.3
1197490 2121.1
1197500 2122.3
1197510 2122.3
1197520 2123.2
1197530 2125.3
1197540 2125.3
1197550 2127.5
1197560 2129.3
1197570 2129.3
1197580 2132.5
1197590 2135.6
1197600 2139.3
1197610 2139.3
1197620 2144.5
1197630 2150.2
1197640 2150.2
1197650 2157.3
1197660 2166.4
1197670 2166.4
1197680 2173.0
1197690 2176.5
1197700 2176.5
1197710 2179.5
1197720 2181.7
1197730 2181.7
1197740 2183.4
1197750 2185.1
1197760 2185.1
1197770 2185.6
1197780 2182.5
1197790 2182.5
1197800 2184.2
1197810 2191.4
1197820 2198.4
1197830 2198.4
1197840 2203.8
1197850 2206.0
1197860 2206.0
1197870 2209.7
1197880 2214.2
1197890 2214.2
1197900 2220.1
1197910 2223.9
1197920 2226.0
1197930 2230.5
1197940 2234.8
1197950 2234.8
1197960 2237.8
1197970 2240.3
1197980 2240.3
1197990 2241.7
1198000 2241.9
1198010 2241.9
1198020 2244.8
1198030 2249.5
1198040 2252.4
1198050 2252.4
1198060 2251.8
1198070 2249.9
1198080 2249.9
1198090 2251.0
1198100 2251.1
1198110 2251.1
1198120 2257.6
1198130 2258.9
1198140 2258.9
1198150 2252.8
1198160 2249.7
1198170 2249.7
1198180 2251.0
1198190 2251.3
1198200 2251.3
1198210 2251.8
1198220 2253.0
1198230 2255.6
1198240 2255.6
1198250 2259.4
1198260 2260.6
1198270 2260.6
1198280 2261.1
1198290 2263.7
1198300 2263.7
1198310 2262.9
1198320 2261.7
1198330 2261.7
1198340 2256.7
1198350 2249.7
1198360 2258.3
1198370 2252.9
1198380 2243.0
1198390 2243.0
1198400 2238.5
1198410 2241.7
1198420 2241.7
1198430 2243.6
1198440 2244.8
1198450 2246.6
1198460 2246.6
1198470 2248.9
1198480 2252.0
1198490 2252.0
1198500 2255.6
1198510 2258.7
1198520 2258.7
1198530 2262.1
1198540 2264.6
1198550 2264.6
1198560 2267.1
1198570 2269.3
1198580 2269.3
1198590 2272.4
1198600 2275.6
1198610 2275.6
1198620 2278.9
1198630 2281.8
1198640 2281.8
1198650 2284.9
1198660 2288.5
1198670 2292.3
1198680 2292.3
1198690 2296.4
1198700 2301.1
1198710 2301.1
1198720 2305.7
1198730 2310.5
1198740 2310.5
1198750 2315.8
1198760 2321.3
1198770 2321.3
1198780 2326.7
1198790 2332.1
1198800 2329.1
1198810 2334.8
1198820 2340.5
1198830 2340.5
1198840 2346.4
1198850 2352.4
1198860 2358.5
1198870 2358.5
1198880 2364.6
1198890 2370.6
1198900 2370.6
1198910 2376.8
1198920 2382.9
1198930 2382.9
1198940 2388.9
1198950 2394.7
1198960 2394.7
1198970 2400.6
1198980 2406.7
1198990 2406.7
1199000 2412.9
1199010 2419.5
1199020 2419.5
1199030 2426.3
1199040 2432.6
1199050 2432.6
1199060 2437.7
1199070 2441.9
1199080 2445.8
1199090 2445.8
1199100 2449.4
1199110 2452.4
1199120 2452.4
1199130 2455.2
1199140 2459.6
1199150 2459.6
1199160 2465.5
1199170 2471.5
1199180 2471.5
1199190 2477.9
1199200 2483.8
1199210 2483.8
1199220 2489.2
1199230 2493.7
1199240 2487.4
1199250 2490.2
1199260 2492.3
1199270 2492.3
1199280 2497.8
1199290 2508.6
1199300 2520.4
1199310 2520.4
1199320 2534.5
1199330 2543.4
1199340 2543.4
1199350 2550.2
1199360 2550.3
1199370 2550.3
1199380 2543.1
1199390 2542.6
1199400 2542.6
1199410 2545.8
1199420 2549.6
1199430 2549.6
1199440 2557.5
1199450 2568.3
1199460 2568.3
1199470 2578.6
1199480 2587.7
1199490 2596.3
1199500 2596.3
1199510 2601.6
1199520 2601.9
1199530 2601.9
1199540 2603.4
1199550 2610.5
1199560 2610.5
1199570 2619.6
1199580 2630.5
1199590 2630.5
1199600 2640.0
1199610 2651.3
1199620 2651.3
1199630 2666.8
1199640 2688.0
1199650 2688.0
1199660 2699.1
1199670 2704.0
1199680 2704.0
1199690 2699.1
1199700 2695.0
1199710 2684.0
1199720 2684.0
1199730 2680.3
1199740 2691.9
1199750 2691.9
1199760 2693.9
1199770 2691.1
1199780 2691.1
1199790 2703.8
1199800 2721.2
1199810 2721.2
1199820 2726.0
1199830 2737.2
1199840 2737.2
1199850 2749.5
1199860 2752.4
1199870 2752.4
1199880 2739.6
1199890 2721.0
1199900 2697.7
1199910 2697.7
1199920 2679.8
1199930 2688.5
1199940 2688.5
1199950 2706.9
1199960 2712.3
1199970 2712.3
1199980 2712.1
1199990 2717.8
