1180000 1017.1
1180010 1017.1
1180020 1019.0
1180030 1020.5
1180040 1020.5
1180050 1022.8
1180060 1026.3
1180070 1026.3
1180080 1031.9
1180090 1038.4
1180100 1043.7
1180110 1043.7
1180120 1048.3
1180130 1050.3
1180140 1050.3
1180150 1051.4
1180160 1052.9
1180170 1052.9
1180180 1055.8
1180190 1059.8
1180200 1059.8
1180210 1063.0
1180220 1067.5
1180230 1067.5
1180240 1071.1
1180250 1075.6
1180260 1075.6
1180270 1078.1
1180280 1082.3
1180290 1090.8
1180300 1093.1
1180310 1098.8
1180320 1104.9
1180330 1104.9
1180340 1111.2
1180350 1115.8
1180360 1115.8
1180370 1120.0
1180380 1124.9
1180390 1124.9
1180400 1130.1
1180410 1134.7
1180420 1134.7
1180430 1139.2
1180440 1143.9
1180450 1143.9
1180460 1152.5
1180470 1161.2
1180480 1161.2
1180490 1165.1
1180500 1176.3
1180510 1181.3
1180520 1181.3
1180530 1182.2
1180540 1182.9
1180550 1182.9
1180560 1184.3
1180570 1186.1
1180580 1186.1
1180590 1188.2
1180600 1190.7
1180610 1190.7
1180620 1194.2
1180630 1199.7
1180640 1199.7
1180650 1205.0
1180660 1207.7
1180670 1207.7
1180680 1210.9
1180690 1215.6
1180700 1215.6
1180710 1219.1
1180720 1228.3
1180730 1231.9
1180740 1231.9
1180750 1236.3
1180760 1241.6
1180770 1241.6
1180780 1246.9
1180790 1251.9
1180800 1251.9
1180810 1257.0
1180820 1262.7
1180830 1262.7
1180840 1268.5
1180850 1274.3
1180860 1274.3
1180870 1280.6
1180880 1287.3
1180890 1287.3
1180900 1294.0
1180910 1303.7
1180920 1328.3
1180930 1328.3
1180940 1340.9
1180950 1341.0
1180960 1341.0
1180970 1339.8
1180980 1338.8
1180990 1338.8
1181000 1338.6
1181010 1338.0
1181020 1338.0
1181030 1336.7
1181040 1335.2
1181050 1335.2
1181060 1334.5
1181070 1334.7
1181080 1334.7
1181090 1334.8
1181100 1334.4
1181110 1334.4
1181120 1334.9
1181130 1336.7
1181140 1338.7
1181150 1338.7
1181160 1339.0
1181170 1339.9
1181180 1339.9
1181190 1339.5
1181200 1337.9
1181210 1337.9
1181220 1334.5
1181230 1331.0
1181240 1331.0
1181250 1327.7
1181260 1325.2
1181270 1325.2
1181280 1322.5
1181290 1320.1
1181300 1320.1
1181310 1317.8
1181320 1315.8
1181330 1315.8
1181340 1313.5
1181350 1311.5
1181360 1309.7
1181370 1309.7
1181380 1305.8
1181390 1302.2
1181400 1302.2
1181410 1296.6
1181420 1288.9
1181430 1288.9
1181440 1280.5
1181450 1271.4
1181460 1271.4
1181470 1263.6
1181480 1254.4
1181490 1254.4
1181500 1246.2
1181510 1245.0
1181520 1245.0
1181530 1260.2
1181540 1283.1
1181550 1307.4
1181560 1307.4
1181570 1311.7
1181580 1318.9
1181590 1318.9
1181600 1326.5
1181610 1330.9
1181620 1330.9
1181630 1333.7
1181640 1331.5
1181650 1331.5
1181660 1329.4
1181670 1328.7
1181680 1328.7
1181690 1329.1
1181700 1328.8
1181710 1328.8
1181720 1326.5
1181730 1321.5
1181740 1321.5
1181750 1316.2
1181760 1311.3
1181770 1306.8
1181780 1306.8
1181790 1302.9
1181800 1297.7
1181810 1297.7
1181820 1293.7
1181830 1288.7
1181840 1288.7
1181850 1281.9
1181860 1275.7
1181870 1275.7
1181880 1269.8
1181890 1264.2
1181900 1264.2
1181910 1258.4
1181920 1250.9
1181930 1250.9
1181940 1235.2
1181950 1219.3
1181960 1219.3
1181970 1210.8
1181980 1202.2
1181990 1192.4
1182000 1192.4
1182010 1182.3
1182020 1183.7
1182030 1183.7
1182040 1196.7
1182050 1210.1
1182060 1210.1
1182070 1225.9
1182080 1234.5
1182090 1234.5
1182100 1246.1
1182110 1261.2
1182120 1261.2
1182130 1275.0
1182140 1287.8
1182150 1287.8
1182160 1296.6
1182170 1298.7
1182180 1304.3
1182190 1304.3
1182200 1333.2
1182210 1363.6
1182220 1363.6
1182230 1377.7
1182240 1391.5
1182250 1391.5
1182260 1398.3
1182270 1402.9
1182280 1402.9
1182290 1408.1
1182300 1413.8
1182310 1413.8
1182320 1418.9
1182330 1423.1
1182340 1423.1
1182350 1428.6
1182360 1433.3
1182370 1433.3
1182380 1438.2
1182390 1443.0
1182400 1447.9
1182410 1447.9
1182420 1453.2
1182430 1458.6
1182440 1458.6
1182450 1463.8
1182460 1468.5
1182470 1468.5
1182480 1474.0
1182490 1480.2
1182500 1480.2
1182510 1487.0
1182520 1491.9
1182530 1491.9
1182540 1494.5
1182550 1497.4
1182560 1497.4
1182570 1500.3
1182580 1503.4
1182590 1503.4
1182600 1507.0
1182610 1510.3
1182620 1513.4
1182630 1513.4
1182640 1517.7
1182650 1521.1
1182660 1521.1
1182670 1524.2
1182680 1527.5
1182690 1527.5
1182700 1530.8
1182710 1534.9
1182720 1534.9
1182730 1539.9
1182740 1543.9
1182750 1543.9
1182760 1546.8
1182770 1550.4
1182780 1550.4
1182790 1555.0
1182800 1559.7
1182810 1559.3
1182820 1559.3
1182830 1564.2
1182840 1568.5
1182850 1568.5
1182860 1572.0
1182870 1575.4
1182880 1575.4
1182890 1578.1
1182900 1579.5
1182910 1579.5
1182920 1578.5
1182930 1577.5
1182940 1577.5
1182950 1576.8
1182960 1575.1
1182970 1575.1
1182980 1572.1
1182990 1569.3
1183000 1569.3
1183010 1568.5
1183020 1569.2
1183030 1571.1
1183040 1571.1
1183050 1575.4
1183060 1581.4
1183070 1581.4
1183080 1587.3
1183090 1594.0
1183100 1594.0
1183110 1601.0
1183120 1608.9
1183130 1608.9
1183140 1614.3
1183150 1620.1
1183160 1620.1
1183170 1625.4
1183180 1630.1
1183190 1630.1
1183200 1636.1
1183210 1643.2
1183220 1643.2
1183230 1656.3
1183240 1663.2
1183250 1670.3
1183260 1670.3
1183270 1677.2
1183280 1683.7
1183290 1683.7
1183300 1690.7
1183310 1699.5
1183320 1699.5
1183330 1708.8
1183340 1719.5
1183350 1719.5
1183360 1728.6
1183370 1738.1
1183380 1738.1
1183390 1752.0
1183400 1760.0
1183410 1760.0
1183420 1762.2
1183430 1765.5
1183440 1770.6
1183450 1770.6
1183460 1782.4
1183470 1795.8
1183480 1795.8
1183490 1802.3
1183500 1807.1
1183510 1807.1
1183520 1810.1
1183530 1816.6
1183540 1816.6
1183550 1819.8
1183560 1822.4
1183570 1822.4
1183580 1823.8
1183590 1828.9
1183600 1828.9
1183610 1835.3
1183620 1841.1
1183630 1841.1
1183640 1847.2
1183650 1871.7
1183660 1874.6
1183670 1874.6
1183680 1877.0
1183690 1881.3
1183700 1881.3
1183710 1887.6
1183720 1894.0
1183730 1894.0
1183740 1900.5
1183750 1907.2
1183760 1907.2
1183770 1914.8
1183780 1923.1
1183790 1923.1
1183800 1931.8
1183810 1940.3
1183820 1940.3
1183830 1948.0
1183840 1959.0
1183850 1959.0
1183860 1969.6
1183870 1979.6
1183880 1986.5
1183890 1986.5
1183900 1993.1
1183910 2000.4
1183920 2000.4
1183930 2008.9
1183940 2018.2
1183950 2018.2
1183960 2026.7
1183970 2035.0
1183980 2035.0
1183990 2043.9
1184000 2052.3
1184010 2052.3
1184020 2060.4
1184030 2071.3
1184040 2071.3
1184050 2080.8
1184060 2087.1
1184070 2089.7
1184080 2089.7
1184090 2094.8
1184100 2099.7
1184110 2099.7
1184120 2101.6
1184130 2102.3
1184140 2102.3
1184150 2102.0
1184160 2101.1
1184170 2101.1
1184180 2100.2
1184190 2099.2
1184200 2099.2
1184210 2098.0
1184220 2097.4
1184230 2097.4
1184240 2096.9
1184250 2096.5
1184260 2096.5
1184270 2096.2
1184280 2095.0
1184290 2094.0
1184300 2094.0
1184310 2092.4
1184320 2090.6
1184330 2090.6
1184340 2088.3
1184350 2086.0
1184360 2086.0
1184370 2084.0
1184380 2082.2
1184390 2082.2
1184400 2080.2
1184410 2078.8
1184420 2078.8
1184430 2079.0
1184440 2078.5
1184450 2078.5
1184460 2077.5
1184470 2076.7
1184480 2076.7
1184490 2075.7
1184500 2069.1
1184510 2067.5
1184520 2067.5
1184530 2066.2
1184540 2065.0
1184550 2065.0
1184560 2063.7
1184570 2062.4
1184580 2062.4
1184590 2061.0
1184600 2059.3
1184610 2059.3
1184620 2057.6
1184630 2056.1
1184640 2056.1
1184650 2056.1
1184660 2055.9
1184670 2055.9
1184680 2054.8
1184690 2053.7
1184700 2053.5
1184710 2053.5
1184720 2054.0
1184730 2054.7
1184740 2054.7
1184750 2055.4
1184760 2056.3
1184770 2056.3
1184780 2057.2
1184790 2058.2
1184800 2058.2
1184810 2059.3
1184820 2060.4
1184830 2060.4
1184840 2062.3
1184850 2064.7
1184860 2064.7
1184870 2066.9
1184880 2069.0
1184890 2069.0
1184900 2070.9
1184910 2072.6
1184920 2067.8
1184930 2067.8
1184940 2069.3
1184950 2071.0
1184960 2071.0
1184970 2072.7
1184980 2074.7
1184990 2074.7
1185000 2076.6
1185010 2078.4
1185020 2078.4
1185030 2080.2
1185040 2081.9
1185050 2081.9
1185060 2083.6
1185070 2085.3
1185080 2085.3
1185090 2087.0
1185100 2089.3
1185110 2089.3
1185120 2091.3
1185130 2092.7
1185140 2094.2
1185150 2094.2
1185160 2096.5
1185170 2098.5
1185180 2098.5
1185190 2100.9
1185200 2103.4
1185210 2103.4
1185220 2105.8
1185230 2107.6
1185240 2107.6
1185250 2108.7
1185260 2110.2
1185270 2110.2
1185280 2112.5
1185290 2115.0
1185300 2115.0
1185310 2117.7
1185320 2119.6
1185330 2121.1
1185340 2114.3
1185350 2116.7
1185360 2119.8
1185370 2119.8
1185380 2122.9
1185390 2125.2
1185400 2125.2
1185410 2127.4
1185420 2129.6
1185430 2129.6
1185440 2132.0
1185450 2134.5
1185460 2134.5
1185470 2137.9
1185480 2141.4
1185490 2141.4
1185500 2144.8
1185510 2148.7
1185520 2148.7
1185530 2152.9
1185540 2156.2
1185550 2157.4
1185560 2157.4
1185570 2158.9
1185580 2162.1
1185590 2162.1
1185600 2165.8
1185610 2168.7
1185620 2168.7
1185630 2171.3
1185640 2173.7
1185650 2173.7
1185660 2175.9
1185670 2179.0
1185680 2179.0
1185690 2182.9
1185700 2186.6
1185710 2186.6
1185720 2190.9
1185730 2195.3
1185740 2195.3
1185750 2198.4
1185760 2195.6
1185770 2198.1
1185780 2198.1
1185790 2197.2
1185800 2197.8
1185810 2197.8
1185820 2199.5
1185830 2201.8
1185840 2201.8
1185850 2204.4
1185860 2208.7
1185870 2208.7
1185880 2214.1
1185890 2218.0
1185900 2218.0
1185910 2221.4
1185920 2224.8
1185930 2224.8
1185940 2230.7
1185950 2237.7
1185960 2245.6
1185970 2245.6
1185980 2253.5
1185990 2260.3
1186000 2260.3
1186010 2265.5
1186020 2270.4
1186030 2270.4
1186040 2275.7
1186050 2281.9
1186060 2281.9
1186070 2288.7
1186080 2296.2
1186090 2296.2
1186100 2304.1
1186110 2311.3
1186120 2311.3
1186130 2317.9
1186140 2324.9
1186150 2324.9
1186160 2332.8
1186170 2340.8
1186180 2348.6
1186190 2345.4
1186200 2353.0
1186210 2360.3
1186220 2360.3
1186230 2367.4
1186240 2374.3
1186250 2374.3
1186260 2380.4
1186270 2386.0
1186280 2386.0
1186290 2391.2
1186300 2398.8
1186310 2398.8
1186320 2407.8
1186330 2413.1
1186340 2413.1
1186350 2418.9
1186360 2428.4
1186370 2428.4
1186380 2430.6
1186390 2430.4
1186400 2431.6
1186410 2431.6
1186420 2433.9
1186430 2438.0
1186440 2438.0
1186450 2447.3
1186460 2457.5
1186470 2457.5
1186480 2461.4
1186490 2463.8
1186500 2463.8
1186510 2466.2
1186520 2466.5
1186530 2466.5
1186540 2460.6
1186550 2451.2
1186560 2451.2
1186570 2442.3
1186580 2439.8
1186590 2444.3
1186600 2444.3
1186610 2458.4
1186620 2453.0
1186630 2453.0
1186640 2447.5
1186650 2440.5
1186660 2440.5
1186670 2433.2
1186680 2426.3
1186690 2426.3
1186700 2413.9
1186710 2401.4
1186720 2401.4
1186730 2392.8
1186740 2383.4
1186750 2383.4
1186760 2374.3
1186770 2367.2
1186780 2367.2
1186790 2363.0
1186800 2357.9
1186810 2355.0
1186820 2355.0
1186830 2351.4
1186840 2347.0
1186850 2347.0
1186860 2340.7
1186870 2335.0
1186880 2335.0
1186890 2331.9
1186900 2330.6
1186910 2330.6
1186920 2328.2
1186930 2324.8
1186940 2324.8
1186950 2320.3
1186960 2314.9
1186970 2314.9
1186980 2310.4
1186990 2307.8
1187000 2307.8
1187010 2306.9
1187020 2307.8
1187030 2308.2
1187040 2315.1
1187050 2323.5
1187060 2324.0
1187070 2324.0
1187080 2316.2
1187090 2308.0
1187100 2308.0
1187110 2299.8
1187120 2293.0
1187130 2293.0
1187140 2287.9
1187150 2284.7
1187160 2284.7
1187170 2287.2
1187180 2298.2
1187190 2298.2
1187200 2310.1
1187210 2322.5
1187220 2334.0
1187230 2334.0
1187240 2349.7
1187250 2359.1
1187260 2359.1
1187270 2374.1
1187280 2388.6
1187290 2388.6
1187300 2398.1
1187310 2395.2
1187320 2395.2
1187330 2386.8
1187340 2388.5
1187350 2388.5
1187360 2386.2
1187370 2386.1
1187380 2386.1
1187390 2387.9
1187400 2387.0
1187410 2387.0
1187420 2382.2
1187430 2377.6
1187440 2374.6
1187450 2374.6
1187460 2366.8
1187470 2366.1
1187480 2366.1
1187490 2364.5
1187500 2358.8
1187510 2358.8
1187520 2355.1
1187530 2353.1
1187540 2353.1
1187550 2351.7
1187560 2351.0
1187570 2351.0
1187580 2350.6
1187590 2349.1
1187600 2349.1
1187610 2347.6
1187620 2347.1
1187630 2347.1
1187640 2346.8
1187650 2348.3
1187660 2353.2
1187670 2353.2
1187680 2360.0
1187690 2367.8
1187700 2367.8
1187710 2375.9
1187720 2383.4
1187730 2383.4
1187740 2389.7
1187750 2393.3
1187760 2393.3
1187770 2395.5
1187780 2397.1
1187790 2397.1
1187800 2400.3
1187810 2403.2
1187820 2403.2
1187830 2406.4
1187840 2410.3
1187850 2414.1
1187860 2414.1
1187870 2418.2
1187880 2422.7
1187890 2420.6
1187900 2425.2
1187910 2430.1
1187920 2430.1
1187930 2434.6
1187940 2438.3
1187950 2438.3
1187960 2442.2
1187970 2446.4
1187980 2446.4
1187990 2451.2
1188000 2456.2
1188010 2456.2
1188020 2461.3
1188030 2466.4
1188040 2466.4
1188050 2471.5
1188060 2477.0
1188070 2482.3
1188080 2482.3
1188090 2486.7
1188100 2489.3
1188110 2489.3
1188120 2490.1
1188130 2490.0
1188140 2490.0
1188150 2486.1
1188160 2483.9
1188170 2483.9
1188180 2477.9
1188190 2473.0
1188200 2473.0
1188210 2471.4
1188220 2465.3
1188230 2465.3
1188240 2459.9
1188250 2453.3
1188260 2453.3
1188270 2453.4
1188280 2455.4
1188290 2449.9
1188300 2449.9
1188310 2450.9
1188320 2470.5
1188330 2470.5
1188340 2471.1
1188350 2469.6
1188360 2469.6
1188370 2463.0
1188380 2456.4
1188390 2456.4
1188400 2451.6
1188410 2448.1
1188420 2448.1
1188430 2444.2
1188440 2439.9
1188450 2439.9
1188460 2436.6
1188470 2434.4
1188480 2431.4
1188490 2431.4
1188500 2427.3
1188510 2423.2
1188520 2423.2
1188530 2418.3
1188540 2411.9
1188550 2411.9
1188560 2406.9
1188570 2402.7
1188580 2402.7
1188590 2399.0
1188600 2395.8
1188610 2395.8
1188620 2392.9
1188630 2390.8
1188640 2390.8
1188650 2388.5
1188660 2385.8
1188670 2385.8
1188680 2383.1
1188690 2380.3
1188700 2376.4
1188710 2376.4
1188720 2372.1
1188730 2367.8
1188740 2367.8
1188750 2370.3
1188760 2365.8
1188770 2365.8
1188780 2361.4
1188790 2356.5
1188800 2356.5
1188810 2350.5
1188820 2342.9
1188830 2342.9
1188840 2334.8
1188850 2328.1
1188860 2328.1
1188870 2321.4
1188880 2313.6
1188890 2313.6
1188900 2308.3
1188910 2303.0
1188920 2297.9
1188930 2297.9
1188940 2294.2
1188950 2291.3
1188960 2291.3
1188970 2288.8
1188980 2286.2
1188990 2286.2
1189000 2283.5
1189010 2280.3
1189020 2280.3
1189030 2277.0
1189040 2273.2
1189050 2273.2
1189060 2269.5
1189070 2265.7
1189080 2265.7
1189090 2261.5
1189100 2257.3
1189110 2253.2
1189120 2253.2
1189130 2249.0
1189140 2244.4
1189150 2244.4
1189160 2239.5
1189170 2235.3
1189180 2238.2
1189190 2235.3
1189200 2235.7
1189210 2235.7
1189220 2236.6
1189230 2237.3
1189240 2237.3
1189250 2237.4
1189260 2237.3
1189270 2237.3
1189280 2237.1
1189290 2236.8
1189300 2236.8
1189310 2236.2
1189320 2235.8
1189330 2235.0
1189340 2235.0
1189350 2233.8
1189360 2232.5
1189370 2232.5
1189380 2231.4
1189390 2230.7
1189400 2230.7
1189410 2230.9
1189420 2231.9
1189430 2231.9
1189440 2232.3
1189450 2233.3
1189460 2233.3
1189470 2235.7
1189480 2237.6
1189490 2237.6
1189500 2240.2
1189510 2242.5
1189520 2242.5
1189530 2245.0
1189540 2248.2
1189550 2250.6
1189560 2250.6
1189570 2255.2
1189580 2259.5
1189590 2259.5
1189600 2267.8
1189610 2272.8
1189620 2272.8
1189630 2278.5
1189640 2284.1
1189650 2284.1
1189660 2288.8
1189670 2300.0
1189680 2300.0
1189690 2318.1
1189700 2324.7
1189710 2324.7
1189720 2327.6
1189730 2330.4
1189740 2329.3
1189750 2329.3
1189760 2328.3
1189770 2327.4
1189780 2327.4
1189790 2328.6
1189800 2328.1
1189810 2328.1
1189820 2329.7
1189830 2333.4
1189840 2333.4
1189850 2334.3
1189860 2333.4
1189870 2333.4
1189880 2334.4
1189890 2335.9
1189900 2335.9
1189910 2335.1
1189920 2336.3
1189930 2336.3
1189940 2342.0
1189950 2347.9
1189960 2352.1
1189970 2352.1
1189980 2358.4
1189990 2362.7
1190000 2362.7
1190010 2365.1
1190020 2369.6
1190030 2377.3
1190040 2381.0
1190050 2388.5
1190060 2388.5
1190070 2393.2
1190080 2393.9
1190090 2393.9
1190100 2396.6
1190110 2398.6
1190120 2398.6
1190130 2398.1
1190140 2396.7
1190150 2396.7
1190160 2393.3
1190170 2391.5
1190180 2393.9
1190190 2393.9
1190200 2394.8
1190210 2398.5
1190220 2398.5
1190230 2404.2
1190240 2414.5
1190250 2414.5
1190260 2432.1
1190270 2438.8
1190280 2438.8
1190290 2445.3
1190300 2456.5
1190310 2456.5
1190320 2466.1
1190330 2480.5
1190340 2480.5
1190350 2492.5
1190360 2489.3
1190370 2477.3
1190380 2477.3
1190390 2461.4
1190400 2451.7
1190410 2451.7
1190420 2444.8
1190430 2437.2
1190440 2437.2
1190450 2430.4
1190460 2426.1
1190470 2426.1
1190480 2419.3
1190490 2414.4
1190500 2414.4
1190510 2413.8
1190520 2415.8
1190530 2415.8
1190540 2418.4
1190550 2420.9
1190560 2420.9
1190570 2420.0
1190580 2420.9
1190590 2424.2
1190600 2424.2
1190610 2428.9
1190620 2433.3
1190630 2433.3
1190640 2436.2
1190650 2438.9
1190660 2438.9
1190670 2441.4
1190680 2441.3
1190690 2441.3
1190700 2439.1
1190710 2436.0
1190720 2436.0
1190730 2432.6
1190740 2429.8
1190750 2429.8
1190760 2426.5
1190770 2425.1
1190780 2425.1
1190790 2425.2
1190800 2424.5
1190810 2421.0
1190820 2421.0
1190830 2421.8
1190840 2423.7
1190850 2423.7
1190860 2425.7
1190870 2426.9
1190880 2426.9
1190890 2428.3
1190900 2434.6
1190910 2434.6
1190920 2437.4
1190930 2439.1
1190940 2439.1
1190950 2441.5
1190960 2444.6
1190970 2444.6
1190980 2444.4
1190990 2440.8
1191000 2433.9
1191010 2433.9
1191020 2425.0
1191030 2417.3
1191040 2417.3
1191050 2410.1
1191060 2403.6
1191070 2403.6
1191080 2398.0
1191090 2393.4
1191100 2393.4
1191110 2390.0
1191120 2387.0
1191130 2387.0
1191140 2385.3
1191150 2384.4
1191160 2384.4
1191170 2383.0
1191180 2381.0
1191190 2381.0
1191200 2379.9
1191210 2379.4
1191220 2379.3
1191230 2379.3
1191240 2378.5
1191250 2376.7
1191260 2376.7
1191270 2376.1
1191280 2376.2
1191290 2376.2
1191300 2374.9
1191310 2373.0
1191320 2373.0
1191330 2369.4
1191340 2366.6
1191350 2366.6
1191360 2364.3
1191370 2362.3
1191380 2362.3
1191390 2360.1
1191400 2358.1
1191410 2358.1
1191420 2355.8
1191430 2353.4
1191440 2350.3
1191450 2350.3
1191460 2348.2
1191470 2349.4
1191480 2349.4
1191490 2351.8
1191500 2354.6
1191510 2354.6
1191520 2357.1
1191530 2358.5
1191540 2358.5
1191550 2360.9
1191560 2363.6
1191570 2363.6
1191580 2366.5
1191590 2369.2
1191600 2369.2
1191610 2371.6
1191620 2373.9
1191630 2376.0
1191640 2376.0
1191650 2377.8
1191660 2379.8
1191670 2379.8
1191680 2381.8
1191690 2384.2
1191700 2384.2
1191710 2385.9
1191720 2387.7
1191730 2387.7
1191740 2391.0
1191750 2395.2
1191760 2398.7
1191770 2403.1
1191780 2407.2
1191790 2407.2
1191800 2411.6
1191810 2416.6
1191820 2416.6
1191830 2422.3
1191840 2428.3
1191850 2434.5
1191860 2434.5
1191870 2440.6
1191880 2446.4
1191890 2446.4
1191900 2452.0
1191910 2457.7
1191920 2457.7
1191930 2463.4
1191940 2469.7
1191950 2469.7
1191960 2476.3
1191970 2482.9
1191980 2482.9
1191990 2489.6
1192000 2496.2
1192010 2496.2
1192020 2503.2
1192030 2510.5
1192040 2510.5
1192050 2517.7
1192060 2525.1
1192070 2532.7
1192080 2532.7
1192090 2540.2
1192100 2547.8
1192110 2547.8
1192120 2556.6
1192130 2574.3
1192140 2574.3
1192150 2589.8
1192160 2604.8
1192170 2604.8
1192180 2619.3
1192190 2627.2
1192200 2627.2
1192210 2637.8
1192220 2649.4
1192230 2649.4
1192240 2662.0
1192250 2672.3
1192260 2682.6
1192270 2682.6
1192280 2682.4
1192290 2677.0
1192300 2677.0
1192310 2671.0
1192320 2665.3
1192330 2665.3
1192340 2660.2
1192350 2653.6
1192360 2653.6
1192370 2646.4
1192380 2640.3
1192390 2640.3
1192400 2634.4
1192410 2628.2
1192420 2628.2
1192430 2621.9
1192440 2614.2
1192450 2614.2
1192460 2605.5
1192470 2597.2
1192480 2589.5
1192490 2589.5
1192500 2581.3
1192510 2571.6
1192520 2571.6
1192530 2553.8
1192540 2528.9
1192550 2528.9
1192560 2511.2
1192570 2505.0
1192580 2505.0
1192590 2498.8
1192600 2493.7
1192610 2493.7
1192620 2492.6
1192630 2482.7
1192640 2482.7
1192650 2479.3
1192660 2473.3
1192670 2473.3
1192680 2466.8
1192690 2460.9
1192700 2455.7
1192710 2455.7
1192720 2450.6
1192730 2445.0
1192740 2445.0
1192750 2439.4
1192760 2433.1
1192770 2433.1
1192780 2426.7
1192790 2421.6
1192800 2421.6
1192810 2417.1
1192820 2412.1
1192830 2412.1
1192840 2406.8
1192850 2402.1
1192860 2402.1
1192870 2398.6
1192880 2395.8
1192890 2391.9
1192900 2391.9
1192910 2387.5
1192920 2383.6
1192930 2383.6
1192940 2379.9
1192950 2375.9
1192960 2375.9
1192970 2371.8
1192980 2367.6
1192990 2367.6
1193000 2363.5
1193010 2359.2
1193020 2359.2
1193030 2354.8
1193040 2350.4
1193050 2350.4
1193060 2346.7
1193070 2341.4
1193080 2341.4
1193090 2336.1
1193100 2330.5
1193110 2324.7
1193120 2324.7
1193130 2318.3
1193140 2310.6
1193150 2310.6
1193160 2301.6
1193170 2292.3
1193180 2292.3
1193190 2283.4
1193200 2274.9
1193210 2274.9
1193220 2266.7
1193230 2258.6
1193240 2258.6
1193250 2251.6
1193260 2244.0
1193270 2244.0
1193280 2235.4
1193290 2227.9
1193300 2227.9
1193310 2219.8
1193320 2209.7
1193330 2199.8
1193340 2199.8
1193350 2193.3
1193360 2187.7
1193370 2187.7
1193380 2181.1
1193390 2174.6
1193400 2174.6
1193410 2168.8
1193420 2162.8
1193430 2162.8
1193440 2157.3
1193450 2153.2
1193460 2153.2
1193470 2148.9
1193480 2145.6
1193490 2151.6
1193500 2151.4
1193510 2148.2
1193520 2142.0
1193530 2142.0
1193540 2134.1
1193550 2127.4
1193560 2127.4
1193570 2124.8
1193580 2123.5
1193590 2123.5
1193600 2121.5
1193610 2119.9
1193620 2119.9
1193630 2118.0
1193640 2115.8
1193650 2115.8
1193660 2113.6
1193670 2111.5
1193680 2111.5
1193690 2109.9
1193700 2107.9
1193710 2107.9
1193720 2106.1
1193730 2105.9
1193740 2106.3
1193750 2106.3
1193760 2104.6
1193770 2101.4
1193780 2101.4
1193790 2097.0
1193800 2091.8
1193810 2091.8
1193820 2086.6
1193830 2081.4
1193840 2081.4
1193850 2075.2
1193860 2070.0
1193870 2070.0
1193880 2065.9
1193890 2061.8
1193900 2061.8
1193910 2057.1
1193920 2052.7
1193930 2056.9
1193940 2051.5
1193950 2046.4
1193960 2041.6
1193970 2041.6
1193980 2036.8
1193990 2033.3
1194000 2033.3
1194010 2030.9
1194020 2027.6
1194030 2027.6
1194040 2022.0
1194050 2018.7
1194060 2018.7
1194070 2019.5
1194080 2017.3
1194090 2017.3
1194100 2013.2
1194110 2009.7
1194120 2009.7
1194130 2007.0
1194140 2005.9
1194150 2006.8
1194160 2006.8
1194170 2007.2
1194180 2005.5
1194190 2005.5
1194200 2001.2
1194210 1995.5
1194220 1995.5
1194230 1989.4
1194240 1983.0
1194250 1983.0
1194260 1974.4
1194270 1969.8
1194280 1969.8
1194290 1971.7
1194300 1973.9
1194310 1973.9
1194320 1973.3
1194330 1970.1
1194340 1970.1
1194350 1966.9
1194360 1961.2
1194370 1951.5
1194380 1951.5
1194390 1941.1
1194400 1933.2
1194410 1933.2
1194420 1927.9
1194430 1924.6
1194440 1924.6
1194450 1917.1
1194460 1910.2
1194470 1910.2
1194480 1901.9
1194490 1897.7
1194500 1897.7
1194510 1891.2
1194520 1884.4
1194530 1884.4
1194540 1883.4
1194550 1880.5
1194560 1880.5
1194570 1875.6
1194580 1870.3
1194590 1861.3
1194600 1861.3
1194610 1851.0
1194620 1844.5
1194630 1844.5
1194640 1842.1
1194650 1841.1
1194660 1841.1
1194670 1837.5
1194680 1832.1
1194690 1832.1
1194700 1827.9
1194710 1822.4
1194720 1822.4
1194730 1814.1
1194740 1807.2
1194750 1807.2
1194760 1800.6
1194770 1794.6
1194780 1787.5
1194790 1787.5
1194800 1783.4
1194810 1775.6
1194820 1775.6
1194830 1769.3
1194840 1763.0
1194850 1763.0
1194860 1754.3
1194870 1740.7
1194880 1740.7
1194890 1721.6
1194900 1697.3
1194910 1697.3
1194920 1674.9
1194930 1658.2
1194940 1658.2
1194950 1648.0
1194960 1632.0
1194970 1632.0
1194980 1612.8
1194990 1592.4
1195000 1574.1
1195010 1574.1
1195020 1562.6
1195030 1553.6
1195040 1553.6
1195050 1544.6
1195060 1535.2
1195070 1535.2
1195080 1525.7
1195090 1514.5
1195100 1514.5
1195110 1502.7
1195120 1494.4
1195130 1494.4
1195140 1485.9
1195150 1477.5
1195160 1477.5
1195170 1469.4
1195180 1462.1
1195190 1462.1
1195200 1456.0
1195210 1451.0
1195220 1447.0
1195230 1447.0
1195240 1446.8
1195250 1441.7
1195260 1441.7
1195270 1437.2
1195280 1433.5
1195290 1433.5
1195300 1429.3
1195310 1425.9
1195320 1425.9
1195330 1423.7
1195340 1420.6
1195350 1420.6
1195360 1417.5
1195370 1414.7
1195380 1414.7
1195390 1411.0
1195400 1407.4
1195410 1403.4
1195420 1403.4
1195430 1399.4
1195440 1394.9
1195450 1394.9
1195460 1392.6
1195470 1390.7
1195480 1390.7
1195490 1388.4
1195500 1386.2
1195510 1386.2
1195520 1383.6
1195530 1378.2
1195540 1378.2
1195550 1375.4
1195560 1377.9
1195570 1377.9
1195580 1378.9
1195590 1381.0
1195600 1381.0
1195610 1383.7
1195620 1385.8
1195630 1388.3
1195640 1388.3
1195650 1391.5
1195660 1394.2
1195670 1394.2
1195680 1397.1
1195690 1398.8
1195700 1398.8
1195710 1401.9
1195720 1404.7
1195730 1404.7
1195740 1407.2
1195750 1410.4
1195760 1410.4
1195770 1414.1
1195780 1417.6
1195790 1417.6
1195800 1421.4
1195810 1425.4
1195820 1425.4
1195830 1429.1
1195840 1432.4
1195850 1436.3
1195860 1436.3
1195870 1440.2
1195880 1443.6
1195890 1443.6
1195900 1448.0
1195910 1452.0
1195920 1452.0
1195930 1455.8
1195940 1459.9
1195950 1459.9
1195960 1462.5
1195970 1468.6
1195980 1468.6
1195990 1488.6
1196000 1516.3
1196010 1516.3
1196020 1528.2
1196030 1531.5
1196040 1530.4
1196050 1530.4
1196060 1531.3
1196070 1537.2
1196080 1537.2
1196090 1544.2
1196100 1551.8
1196110 1551.8
1196120 1557.8
1196130 1565.4
1196140 1565.4
1196150 1574.1
1196160 1583.1
1196170 1583.1
1196180 1592.1
1196190 1599.7
1196200 1599.7
1196210 1607.0
1196220 1614.3
1196230 1614.3
1196240 1623.2
1196250 1633.2
1196260 1643.0
1196270 1643.0
1196280 1653.6
1196290 1664.4
1196300 1664.4
1196310 1674.1
1196320 1684.7
1196330 1684.7
1196340 1693.5
1196350 1698.1
1196360 1698.1
1196370 1700.9
1196380 1703.6
1196390 1703.6
1196400 1707.9
1196410 1711.0
1196420 1711.0
1196430 1712.3
1196440 1721.4
1196450 1721.4
1196460 1730.9
1196470 1738.2
1196480 1744.6
1196490 1744.6
1196500 1755.8
1196510 1768.8
1196520 1768.8
1196530 1773.9
1196540 1779.5
1196550 1766.7
1196560 1772.3
1196570 1779.8
1196580 1779.8
1196590 1785.0
1196600 1791.2
1196610 1791.2
1196620 1796.6
1196630 1804.0
1196640 1804.0
1196650 1811.1
1196660 1818.3
1196670 1825.9
1196680 1825.9
1196690 1833.7
1196700 1841.5
1196710 1841.5
1196720 1849.2
1196730 1857.0
1196740 1857.0
1196750 1864.8
1196760 1872.9
1196770 1872.9
1196780 1884.2
1196790 1896.9
1196800 1896.9
1196810 1915.3
1196820 1929.0
1196830 1929.0
1196840 1932.8
1196850 1932.9
1196860 1932.9
1196870 1935.8
1196880 1943.0
1196890 1951.7
1196900 1951.7
1196910 1960.2
1196920 1968.5
1196930 1968.5
1196940 1976.7
1196950 1985.0
1196960 1985.0
1196970 1994.5
1196980 2006.6
1196990 2018.1
1197000 2023.2
1197010 2030.1
1197020 2030.1
1197030 2038.4
1197040 2054.5
1197050 2054.5
1197060 2070.5
1197070 2079.0
1197080 2079.0
1197090 2085.4
1197100 2091.5
1197110 2096.2
1197120 2096.2
1197130 2100.4
1197140 2105.0
1197150 2105.0
1197160 2110.3
1197170 2115.3
1197180 2115.3
1197190 2119.2
1197200 2122.2
1197210 2122.2
1197220 2123.3
1197230 2122.3
1197240 2122.3
1197250 2118.3
1197260 2112.6
1197270 2112.6
1197280 2109.3
1197290 2106.9
1197300 2106.1
1197310 2106.1
1197320 2106.0
1197330 2106.0
1197340 2106.0
1197350 2107.8
1197360 2109.6
1197370 2109.6
1197380 2111.6
1197390 2114.0
1197400 2114.0
1197410 2116.9
1197420 2121.9
1197430 2118.9
1197440 2125.3
1197450 2131.8
1197460 2131.8
1197470 2138.3
1197480 2142.1
1197490 2142.1
1197500 2143.7
1197510 2146.2
1197520 2148.9
1197530 2148.9
1197540 2150.7
1197550 2153.3
1197560 2153.3
1197570 2155.6
1197580 2155.3
1197590 2155.3
1197600 2159.7
1197610 2163.3
1197620 2163.3
1197630 2168.8
1197640 2174.4
1197650 2174.4
1197660 2178.2
1197670 2184.6
1197680 2184.6
1197690 2194.9
1197700 2197.2
1197710 2197.2
1197720 2199.9
1197730 2210.1
1197740 2211.9
1197750 2211.9
1197760 2210.8
1197770 2215.8
1197780 2215.8
1197790 2218.2
1197800 2220.4
1197810 2220.4
1197820 2234.7
1197830 2243.1
1197840 2243.1
1197850 2253.4
1197860 2259.8
1197870 2259.8
1197880 2249.6
1197890 2262.0
1197900 2262.0
1197910 2259.9
1197920 2255.9
1197930 2260.9
1197940 2260.9
1197950 2285.1
1197960 2300.9
1197970 2300.9
1197980 2315.7
1197990 2325.3
1198000 2325.3
1198010 2332.7
1198020 2339.8
1198030 2339.8
1198040 2343.5
1198050 2342.0
1198060 2342.0
1198070 2338.3
1198080 2337.3
1198090 2337.3
1198100 2341.0
1198110 2348.7
1198120 2348.7
1198130 2361.6
1198140 2373.0
1198150 2381.1
1198160 2381.1
1198170 2386.8
1198180 2392.2
1198190 2392.2
1198200 2399.1
1198210 2409.0
1198220 2409.0
1198230 2418.5
1198240 2427.3
1198250 2427.3
1198260 2435.6
1198270 2441.1
1198280 2441.1
1198290 2440.5
1198300 2440.4
1198310 2440.4
1198320 2431.7
1198330 2436.7
1198340 2436.7
1198350 2445.2
1198360 2451.2
1198370 2451.7
1198380 2451.7
1198390 2453.4
1198400 2458.8
1198410 2458.8
1198420 2462.8
1198430 2466.8
1198440 2466.8
1198450 2472.9
1198460 2481.6
1198470 2481.6
1198480 2487.4
1198490 2490.3
1198500 2490.3
1198510 2498.1
1198520 2508.2
1198530 2508.2
1198540 2514.6
1198550 2521.9
1198560 2530.1
1198570 2530.1
1198580 2538.3
1198590 2547.5
1198600 2547.5
1198610 2556.7
1198620 2563.0
1198630 2563.0
1198640 2568.0
1198650 2570.5
1198660 2570.5
1198670 2572.5
1198680 2573.5
1198690 2573.5
1198700 2575.9
1198710 2579.0
1198720 2579.0
1198730 2589.4
1198740 2605.4
1198750 2605.4
1198760 2609.0
1198770 2622.3
1198780 2630.5
1198790 2630.5
1198800 2632.8
1198810 2624.4
1198820 2624.4
1198830 2616.5
1198840 2613.4
1198850 2613.4
1198860 2614.3
1198870 2616.3
1198880 2616.3
1198890 2618.7
1198900 2624.4
1198910 2624.4
1198920 2631.7
1198930 2640.6
1198940 2640.6
1198950 2647.7
1198960 2655.1
1198970 2664.2
1198980 2664.2
1198990 2673.3
1199000 2683.8
1199010 2683.8
1199020 2703.5
1199030 2724.0
1199040 2724.0
1199050 2738.0
1199060 2736.9
1199070 2736.9
1199080 2729.4
1199090 2713.9
1199100 2713.9
1199110 2700.8
1199120 2691.2
1199130 2691.2
1199140 2677.5
1199150 2659.4
1199160 2659.4
1199170 2644.8
1199180 2631.5
1199190 2621.3
1199200 2623.3
1199210 2616.5
1199220 2609.7
1199230 2609.7
1199240 2603.7
1199250 2598.3
1199260 2598.3
1199270 2592.5
1199280 2586.7
1199290 2586.7
1199300 2581.0
1199310 2575.1
1199320 2575.1
1199330 2569.5
1199340 2563.7
1199350 2563.7
1199360 2557.6
1199370 2551.8
1199380 2551.8
1199390 2546.1
1199400 2540.7
1199410 2535.4
1199420 2535.4
1199430 2530.1
1199440 2524.8
1199450 2524.8
1199460 2519.8
1199470 2515.0
1199480 2515.0
1199490 2510.6
1199500 2505.8
1199510 2505.8
1199520 2501.4
1199530 2497.6
1199540 2497.6
1199550 2495.9
1199560 2500.7
1199570 2500.7
1199580 2504.5
1199590 2506.9
1199600 2505.6
1199610 2505.6
1199620 2504.1
1199630 2504.1
1199640 2504.1
1199650 2506.5
1199660 2502.9
1199670 2502.9
1199680 2501.6
1199690 2504.7
1199700 2504.7
1199710 2506.3
1199720 2506.4
1199730 2506.4
1199740 2507.8
1199750 2509.1
1199760 2509.1
1199770 2510.4
1199780 2511.2
1199790 2511.2
1199800 2512.5
1199810 2514.2
1199820 2515.4
1199830 2515.4
1199840 2515.9
1199850 2515.8
1199860 2515.8
1199870 2513.4
1199880 2515.5
1199890 2515.5
1199900 2522.1
1199910 2525.9
1199920 2525.9
1199930 2528.9
1199940 2533.0
1199950 2533.0
1199960 2536.4
1199970 2540.9
1199980 2540.9
1199990 2545.8
