1180000 985.8
1180010 995.3
1180020 995.3
1180030 1002.5
1180040 1006.5
1180050 1006.5
1180060 1007.6
1180070 1008.8
1180080 1008.8
1180090 1010.7
1180100 1013.3
1180110 1013.3
1180120 1015.8
1180130 1020.2
1180140 1020.2
1180150 1025.1
1180160 1028.9
1180170 1028.9
1180180 1031.9
1180190 1034.8
1180200 1037.6
1180210 1037.6
1180220 1042.9
1180230 1049.8
1180240 1049.8
1180250 1055.0
1180260 1060.0
1180270 1060.0
1180280 1067.3
1180290 1076.7
1180300 1076.7
1180310 1084.1
1180320 1088.8
1180330 1088.8
1180340 1097.1
1180350 1101.0
1180360 1101.0
1180370 1104.0
1180380 1107.0
1180390 1107.0
1180400 1110.7
1180410 1114.4
1180420 1117.1
1180430 1117.1
1180440 1120.0
1180450 1124.4
1180460 1124.4
1180470 1128.5
1180480 1132.8
1180490 1132.8
1180500 1138.3
1180510 1144.8
1180520 1144.8
1180530 1151.7
1180540 1156.9
1180550 1156.9
1180560 1160.0
1180570 1162.6
1180580 1162.6
1180590 1165.3
1180600 1167.5
1180610 1167.5
1180620 1169.9
1180630 1174.4
1180640 1179.4
1180650 1179.4
1180660 1183.8
1180670 1187.5
1180680 1187.5
1180690 1191.5
1180700 1196.2
1180710 1196.2
1180720 1201.1
1180730 1205.9
1180740 1205.9
1180750 1216.2
1180760 1222.6
1180770 1222.6
1180780 1228.4
1180790 1233.4
1180800 1233.4
1180810 1238.5
1180820 1242.5
1180830 1246.9
1180840 1246.9
1180850 1251.5
1180860 1256.1
1180870 1256.1
1180880 1260.0
1180890 1263.8
1180900 1263.8
1180910 1268.9
1180920 1293.3
1180930 1293.3
1180940 1320.4
1180950 1327.2
1180960 1327.2
1180970 1327.4
1180980 1326.9
1180990 1326.9
1181000 1326.1
1181010 1325.4
1181020 1325.4
1181030 1324.0
1181040 1323.4
1181050 1322.7
1181060 1322.7
1181070 1320.4
1181080 1316.8
1181090 1316.8
1181100 1315.6
1181110 1314.9
1181120 1314.9
1181130 1309.1
1181140 1304.6
1181150 1304.6
1181160 1302.9
1181170 1323.7
1181180 1323.7
1181190 1320.0
1181200 1316.3
1181210 1316.3
1181220 1307.6
1181230 1302.4
1181240 1302.4
1181250 1300.6
1181260 1298.8
1181270 1296.9
1181280 1296.9
1181290 1294.9
1181300 1293.5
1181310 1293.5
1181320 1291.8
1181330 1289.8
1181340 1289.8
1181350 1287.1
1181360 1284.7
1181370 1284.7
1181380 1282.1
1181390 1279.8
1181400 1279.8
1181410 1276.6
1181420 1271.1
1181430 1271.1
1181440 1265.8
1181450 1256.7
1181460 1247.2
1181470 1247.2
1181480 1237.5
1181490 1228.8
1181500 1228.8
1181510 1222.0
1181520 1217.5
1181530 1217.5
1181540 1219.0
1181550 1227.5
1181560 1227.5
1181570 1237.5
1181580 1247.2
1181590 1261.2
1181600 1274.6
1181610 1283.5
1181620 1283.5
1181630 1298.5
1181640 1311.1
1181650 1311.1
1181660 1312.8
1181670 1309.7
1181680 1305.5
1181690 1305.5
1181700 1300.5
1181710 1295.5
1181720 1295.5
1181730 1291.2
1181740 1287.8
1181750 1287.8
1181760 1284.2
1181770 1280.6
1181780 1280.6
1181790 1275.3
1181800 1270.1
1181810 1270.1
1181820 1266.2
1181830 1261.2
1181840 1261.2
1181850 1255.6
1181860 1248.6
1181870 1248.6
1181880 1243.2
1181890 1237.3
1181900 1231.5
1181910 1231.5
1181920 1225.1
1181930 1219.6
1181940 1219.6
1181950 1212.8
1181960 1201.5
1181970 1201.5
1181980 1191.5
1181990 1182.9
1182000 1182.9
1182010 1174.4
1182020 1178.3
1182030 1178.3
1182040 1207.3
1182050 1232.1
1182060 1232.1
1182070 1251.7
1182080 1269.6
1182090 1289.9
1182100 1289.9
1182110 1309.4
1182120 1324.4
1182130 1324.4
1182140 1328.9
1182150 1334.1
1182160 1334.1
1182170 1338.0
1182180 1342.9
1182190 1342.9
1182200 1347.1
1182210 1349.6
1182220 1349.6
1182230 1358.0
1182240 1379.4
1182250 1379.4
1182260 1394.3
1182270 1400.0
1182280 1400.0
1182290 1405.8
1182300 1411.7
1182310 1417.0
1182320 1417.0
1182330 1422.0
1182340 1427.2
1182350 1427.2
1182360 1432.0
1182370 1436.7
1182380 1436.7
1182390 1441.8
1182400 1447.1
1182410 1447.1
1182420 1452.7
1182430 1458.5
1182440 1458.5
1182450 1463.8
1182460 1469.7
1182470 1469.7
1182480 1475.0
1182490 1481.2
1182500 1481.2
1182510 1488.4
1182520 1496.9
1182530 1504.7
1182540 1504.7
1182550 1509.0
1182560 1512.8
1182570 1512.8
1182580 1515.2
1182590 1516.5
1182600 1516.5
1182610 1518.3
1182620 1521.3
1182630 1521.3
1182640 1524.4
1182650 1527.5
1182660 1527.5
1182670 1531.0
1182680 1534.6
1182690 1534.6
1182700 1539.3
1182710 1544.1
1182720 1549.0
1182730 1549.0
1182740 1554.2
1182750 1558.6
1182760 1558.6
1182770 1563.6
1182780 1568.7
1182790 1568.7
1182800 1573.5
1182810 1578.5
1182820 1578.5
1182830 1583.8
1182840 1589.0
1182850 1586.2
1182860 1591.4
1182870 1595.9
1182880 1595.9
1182890 1600.0
1182900 1603.3
1182910 1603.3
1182920 1604.4
1182930 1605.6
1182940 1606.6
1182950 1606.6
1182960 1607.6
1182970 1607.5
1182980 1607.5
1182990 1605.7
1183000 1602.2
1183010 1602.2
1183020 1600.9
1183030 1602.1
1183040 1602.1
1183050 1604.1
1183060 1605.6
1183070 1605.6
1183080 1608.0
1183090 1611.6
1183100 1611.6
1183110 1616.0
1183120 1621.1
1183130 1621.1
1183140 1626.6
1183150 1631.5
1183160 1636.0
1183170 1636.0
1183180 1640.4
1183190 1644.9
1183200 1644.9
1183210 1649.0
1183220 1652.7
1183230 1652.7
1183240 1656.4
1183250 1660.7
1183260 1660.7
1183270 1664.4
1183280 1670.4
1183290 1670.4
1183300 1676.9
1183310 1683.7
1183320 1683.7
1183330 1691.0
1183340 1700.8
1183350 1712.4
1183360 1712.4
1183370 1721.3
1183380 1726.6
1183390 1726.6
1183400 1729.8
1183410 1735.6
1183420 1735.6
1183430 1743.2
1183440 1752.1
1183450 1752.1
1183460 1761.1
1183470 1770.6
1183480 1770.6
1183490 1780.9
1183500 1789.3
1183510 1789.3
1183520 1797.3
1183530 1805.9
1183540 1805.9
1183550 1813.4
1183560 1819.6
1183570 1825.5
1183580 1825.5
1183590 1832.2
1183600 1838.9
1183610 1838.9
1183620 1845.9
1183630 1854.8
1183640 1854.8
1183650 1860.6
1183660 1865.1
1183670 1865.1
1183680 1870.0
1183690 1873.0
1183700 1873.0
1183710 1882.1
1183720 1890.6
1183730 1890.6
1183740 1899.0
1183750 1910.0
1183760 1910.0
1183770 1919.1
1183780 1926.0
1183790 1933.6
1183800 1933.6
1183810 1938.2
1183820 1943.5
1183830 1943.5
1183840 1950.9
1183850 1960.4
1183860 1960.4
1183870 1968.8
1183880 1976.3
1183890 1976.3
1183900 1982.8
1183910 1990.5
1183920 1990.5
1183930 1998.3
1183940 2006.5
1183950 2006.5
1183960 2015.1
1183970 2024.4
1183980 2036.0
1183990 2036.0
1184000 2046.9
1184010 2056.2
1184020 2056.2
1184030 2067.4
1184040 2080.2
1184050 2080.2
1184060 2092.6
1184070 2102.9
1184080 2102.9
1184090 2107.3
1184100 2111.5
1184110 2110.3
1184120 2117.9
1184130 2123.7
1184140 2123.7
1184150 2127.2
1184160 2127.7
1184170 2127.7
1184180 2126.8
1184190 2124.9
1184200 2123.0
1184210 2123.0
1184220 2121.4
1184230 2120.4
1184240 2120.4
1184250 2120.7
1184260 2120.8
1184270 2120.8
1184280 2119.9
1184290 2118.3
1184300 2118.3
1184310 2115.9
1184320 2113.7
1184330 2113.7
1184340 2111.6
1184350 2109.4
1184360 2109.4
1184370 2107.3
1184380 2105.2
1184390 2105.2
1184400 2103.5
1184410 2101.7
1184420 2099.9
1184430 2099.9
1184440 2098.9
1184450 2098.8
1184460 2098.8
1184470 2098.3
1184480 2097.6
1184490 2097.6
1184500 2097.8
1184510 2096.1
1184520 2096.1
1184530 2089.2
1184540 2086.5
1184550 2086.5
1184560 2083.6
1184570 2080.7
1184580 2080.7
1184590 2077.6
1184600 2074.6
1184610 2072.9
1184620 2072.9
1184630 2071.6
1184640 2071.1
1184650 2071.1
1184660 2070.6
1184670 2069.0
1184680 2069.0
1184690 2067.6
1184700 2067.7
1184710 2067.7
1184720 2068.9
1184730 2070.6
1184740 2070.6
1184750 2072.1
1184760 2073.8
1184770 2073.8
1184780 2075.7
1184790 2078.3
1184800 2078.3
1184810 2080.7
1184820 2084.6
1184830 2089.2
1184840 2089.2
1184850 2091.9
1184860 2093.9
1184870 2093.9
1184880 2095.6
1184890 2096.9
1184900 2096.9
1184910 2098.1
1184920 2099.4
1184930 2099.4
1184940 2101.1
1184950 2096.1
1184960 2096.1
1184970 2098.7
1184980 2101.0
1184990 2101.0
1185000 2103.0
1185010 2105.1
1185020 2105.1
1185030 2106.8
1185040 2108.4
1185050 2110.1
1185060 2110.1
1185070 2112.2
1185080 2114.4
1185090 2114.4
1185100 2116.6
1185110 2118.6
1185120 2118.6
1185130 2120.4
1185140 2122.3
1185150 2122.3
1185160 2124.3
1185170 2126.6
1185180 2126.6
1185190 2128.9
1185200 2131.2
1185210 2131.2
1185220 2134.6
1185230 2137.6
1185240 2138.6
1185250 2138.6
1185260 2141.6
1185270 2146.4
1185280 2146.4
1185290 2149.6
1185300 2151.2
1185310 2151.2
1185320 2152.5
1185330 2154.3
1185340 2154.3
1185350 2160.5
1185360 2162.1
1185370 2162.1
1185380 2152.6
1185390 2152.2
1185400 2152.2
1185410 2153.9
1185420 2155.9
1185430 2155.9
1185440 2158.3
1185450 2161.6
1185460 2164.5
1185470 2164.5
1185480 2166.2
1185490 2168.8
1185500 2168.8
1185510 2172.2
1185520 2176.4
1185530 2176.4
1185540 2179.5
1185550 2181.6
1185560 2181.6
1185570 2184.2
1185580 2188.3
1185590 2188.3
1185600 2191.1
1185610 2194.1
1185620 2194.1
1185630 2196.8
1185640 2199.1
1185650 2199.1
1185660 2202.0
1185670 2205.0
1185680 2209.0
1185690 2209.0
1185700 2215.5
1185710 2219.5
1185720 2219.5
1185730 2222.2
1185740 2224.0
1185750 2224.0
1185760 2225.5
1185770 2227.9
1185780 2227.9
1185790 2230.3
1185800 2226.3
1185810 2226.3
1185820 2229.0
1185830 2232.2
1185840 2232.2
1185850 2235.4
1185860 2238.9
1185870 2243.2
1185880 2243.2
1185890 2248.4
1185900 2253.9
1185910 2253.9
1185920 2258.5
1185930 2262.9
1185940 2262.9
1185950 2267.0
1185960 2270.6
1185970 2270.6
1185980 2274.7
1185990 2280.0
1186000 2280.0
1186010 2285.6
1186020 2291.2
1186030 2291.2
1186040 2296.4
1186050 2302.0
1186060 2302.0
1186070 2307.9
1186080 2314.5
1186090 2321.0
1186100 2321.0
1186110 2327.0
1186120 2333.0
1186130 2333.0
1186140 2339.2
1186150 2345.9
1186160 2345.9
1186170 2353.0
1186180 2360.6
1186190 2360.6
1186200 2368.0
1186210 2375.3
1186220 2372.4
1186230 2380.1
1186240 2387.9
1186250 2387.9
1186260 2395.9
1186270 2404.4
1186280 2404.4
1186290 2416.0
1186300 2436.0
1186310 2452.9
1186320 2452.9
1186330 2458.5
1186340 2461.9
1186350 2461.9
1186360 2460.7
1186370 2457.1
1186380 2457.1
1186390 2456.3
1186400 2463.2
1186410 2463.2
1186420 2466.6
1186430 2470.3
1186440 2470.3
1186450 2473.8
1186460 2470.0
1186470 2470.0
1186480 2461.9
1186490 2454.7
1186500 2445.8
1186510 2445.8
1186520 2438.5
1186530 2440.1
1186540 2440.1
1186550 2433.8
1186560 2424.2
1186570 2424.2
1186580 2415.2
1186590 2405.5
1186600 2405.5
1186610 2398.8
1186620 2400.5
1186630 2400.5
1186640 2403.6
1186650 2408.2
1186660 2408.2
1186670 2400.1
1186680 2391.8
1186690 2391.8
1186700 2383.0
1186710 2374.5
1186720 2367.0
1186730 2367.0
1186740 2359.7
1186750 2352.9
1186760 2352.9
1186770 2348.2
1186780 2342.5
1186790 2342.5
1186800 2335.8
1186810 2329.3
1186820 2329.3
1186830 2324.7
1186840 2321.4
1186850 2321.4
1186860 2319.5
1186870 2317.3
1186880 2317.3
1186890 2311.9
1186900 2307.3
1186910 2307.3
1186920 2305.3
1186930 2302.9
1186940 2300.5
1186950 2300.5
1186960 2299.1
1186970 2296.6
1186980 2296.6
1186990 2293.0
1187000 2290.3
1187010 2290.3
1187020 2288.7
1187030 2284.8
1187040 2284.8
1187050 2280.5
1187060 2276.8
1187070 2282.9
1187080 2280.3
1187090 2282.7
1187100 2282.7
1187110 2280.6
1187120 2269.3
1187130 2262.4
1187140 2262.4
1187150 2266.0
1187160 2284.0
1187170 2284.0
1187180 2297.9
1187190 2309.2
1187200 2309.2
1187210 2329.4
1187220 2338.6
1187230 2338.6
1187240 2340.1
1187250 2342.8
1187260 2342.8
1187270 2351.0
1187280 2359.4
1187290 2359.4
1187300 2356.6
1187310 2356.6
1187320 2356.6
1187330 2359.1
1187340 2355.4
1187350 2353.6
1187360 2353.6
1187370 2354.0
1187380 2351.4
1187390 2351.4
1187400 2350.4
1187410 2348.7
1187420 2348.7
1187430 2346.5
1187440 2343.2
1187450 2343.2
1187460 2340.8
1187470 2338.3
1187480 2338.3
1187490 2334.3
1187500 2336.3
1187510 2336.3
1187520 2332.7
1187530 2330.0
1187540 2330.0
1187550 2330.0
1187560 2328.7
1187570 2328.4
1187580 2328.4
1187590 2327.7
1187600 2329.2
1187610 2329.2
1187620 2334.2
1187630 2340.9
1187640 2340.9
1187650 2348.1
1187660 2355.5
1187670 2355.5
1187680 2362.3
1187690 2368.6
1187700 2368.6
1187710 2375.6
1187720 2383.2
1187730 2383.2
1187740 2390.7
1187750 2396.6
1187760 2401.0
1187770 2401.0
1187780 2404.2
1187790 2407.9
1187800 2407.9
1187810 2411.4
1187820 2414.2
1187830 2414.2
1187840 2417.7
1187850 2422.3
1187860 2422.3
1187870 2427.0
1187880 2431.8
1187890 2431.8
1187900 2437.0
1187910 2442.4
1187920 2442.4
1187930 2444.1
1187940 2450.0
1187950 2450.0
1187960 2455.6
1187970 2461.2
1187980 2466.8
1187990 2466.8
1188000 2472.4
1188010 2477.8
1188020 2477.8
1188030 2483.2
1188040 2487.1
1188050 2487.1
1188060 2482.8
1188070 2473.7
1188080 2473.7
1188090 2465.0
1188100 2459.7
1188110 2459.7
1188120 2458.3
1188130 2456.7
1188140 2456.7
1188150 2455.0
1188160 2451.0
1188170 2451.0
1188180 2446.6
1188190 2443.7
1188200 2441.3
1188210 2441.3
1188220 2437.1
1188230 2434.9
1188240 2434.9
1188250 2432.8
1188260 2427.8
1188270 2427.8
1188280 2420.6
1188290 2416.3
1188300 2416.3
1188310 2418.6
1188320 2414.8
1188330 2414.8
1188340 2418.2
1188350 2425.7
1188360 2434.8
1188370 2435.2
1188380 2434.9
1188390 2435.1
1188400 2435.1
1188410 2430.9
1188420 2425.5
1188430 2425.5
1188440 2420.0
1188450 2414.5
1188460 2414.5
1188470 2410.1
1188480 2405.8
1188490 2405.8
1188500 2401.1
1188510 2396.2
1188520 2396.2
1188530 2391.5
1188540 2386.6
1188550 2386.6
1188560 2382.9
1188570 2381.3
1188580 2381.3
1188590 2379.4
1188600 2377.2
1188610 2374.5
1188620 2374.5
1188630 2371.9
1188640 2369.4
1188650 2369.4
1188660 2366.8
1188670 2365.3
1188680 2365.3
1188690 2362.8
1188700 2359.5
1188710 2359.5
1188720 2356.7
1188730 2353.9
1188740 2353.9
1188750 2348.6
1188760 2341.1
1188770 2341.1
1188780 2338.6
1188790 2332.6
1188800 2332.6
1188810 2326.0
1188820 2319.2
1188830 2312.5
1188840 2312.5
1188850 2306.1
1188860 2300.0
1188870 2300.0
1188880 2293.8
1188890 2288.3
1188900 2288.3
1188910 2284.7
1188920 2281.5
1188930 2281.5
1188940 2278.0
1188950 2274.0
1188960 2274.0
1188970 2270.3
1188980 2266.6
1188990 2266.6
1189000 2263.1
1189010 2260.3
1189020 2260.3
1189030 2257.8
1189040 2255.1
1189050 2252.2
1189060 2252.2
1189070 2249.4
1189080 2246.7
1189090 2246.7
1189100 2243.2
1189110 2239.9
1189120 2239.9
1189130 2236.4
1189140 2232.9
1189150 2232.9
1189160 2229.6
1189170 2226.2
1189180 2226.2
1189190 2223.0
1189200 2220.6
1189210 2223.4
1189220 2223.4
1189230 2224.3
1189240 2224.4
1189250 2224.4
1189260 2224.4
1189270 2224.1
1189280 2224.1
1189290 2223.4
1189300 2222.8
1189310 2222.8
1189320 2222.2
1189330 2221.5
1189340 2221.5
1189350 2220.5
1189360 2219.0
1189370 2219.0
1189380 2217.9
1189390 2216.5
1189400 2216.5
1189410 2215.2
1189420 2214.7
1189430 2214.7
1189440 2215.2
1189450 2216.3
1189460 2217.0
1189470 2217.0
1189480 2221.5
1189490 2225.0
1189500 2225.0
1189510 2228.9
1189520 2232.6
1189530 2232.6
1189540 2235.8
1189550 2237.7
1189560 2237.7
1189570 2240.6
1189580 2244.1
1189590 2244.1
1189600 2247.4
1189610 2248.0
1189620 2248.0
1189630 2247.9
1189640 2255.5
1189650 2255.5
1189660 2256.7
1189670 2258.1
1189680 2264.1
1189690 2264.1
1189700 2275.1
1189710 2283.3
1189720 2283.3
1189730 2284.1
1189740 2284.4
1189750 2284.4
1189760 2283.5
1189770 2283.4
1189780 2283.4
1189790 2281.9
1189800 2281.0
1189810 2281.0
1189820 2284.9
1189830 2292.0
1189840 2292.0
1189850 2297.4
1189860 2302.5
1189870 2304.8
1189880 2304.8
1189890 2305.2
1189900 2302.8
1189910 2302.8
1189920 2303.0
1189930 2303.2
1189940 2303.2
1189950 2305.0
1189960 2310.2
1189970 2310.2
1189980 2315.6
1189990 2318.4
1190000 2318.4
1190010 2319.0
1190020 2322.9
1190030 2322.9
1190040 2332.9
1190050 2343.2
1190060 2343.2
1190070 2357.9
1190080 2359.3
1190090 2360.4
1190100 2360.4
1190110 2361.7
1190120 2362.4
1190130 2362.4
1190140 2362.7
1190150 2364.8
1190160 2364.8
1190170 2363.1
1190180 2360.4
1190190 2360.4
1190200 2362.5
1190210 2370.6
1190220 2370.6
1190230 2385.4
1190240 2405.0
1190250 2405.0
1190260 2419.9
1190270 2425.0
1190280 2425.0
1190290 2431.1
1190300 2437.2
1190310 2446.5
1190320 2446.5
1190330 2451.1
1190340 2452.1
1190350 2452.1
1190360 2455.7
1190370 2458.9
1190380 2458.9
1190390 2457.7
1190400 2450.8
1190410 2450.8
1190420 2438.5
1190430 2428.0
1190440 2428.0
1190450 2421.7
1190460 2415.4
1190470 2415.4
1190480 2408.8
1190490 2402.4
1190500 2399.4
1190510 2399.4
1190520 2396.4
1190530 2396.3
1190540 2396.3
1190550 2398.4
1190560 2398.7
1190570 2398.7
1190580 2400.2
1190590 2404.0
1190600 2404.0
1190610 2408.1
1190620 2410.7
1190630 2410.7
1190640 2413.2
1190650 2416.8
1190660 2416.8
1190670 2421.2
1190680 2422.0
1190690 2422.0
1190700 2419.2
1190710 2415.0
1190720 2411.1
1190730 2411.1
1190740 2408.7
1190750 2406.8
1190760 2406.8
1190770 2406.7
1190780 2407.5
1190790 2407.5
1190800 2406.0
1190810 2404.3
1190820 2404.3
1190830 2402.4
1190840 2402.5
1190850 2402.5
1190860 2404.2
1190870 2404.6
1190880 2404.6
1190890 2403.0
1190900 2402.0
1190910 2402.0
1190920 2401.0
1190930 2407.1
1190940 2408.0
1190950 2408.0
1190960 2417.3
1190970 2426.9
1190980 2426.9
1190990 2428.6
1191000 2429.8
1191010 2429.8
1191020 2431.1
1191030 2430.9
1191040 2430.9
1191050 2428.2
1191060 2423.4
1191070 2423.4
1191080 2417.7
1191090 2412.9
1191100 2412.9
1191110 2407.7
1191120 2402.3
1191130 2397.9
1191140 2397.9
1191150 2395.5
1191160 2394.0
1191170 2394.0
1191180 2391.4
1191190 2389.6
1191200 2389.6
1191210 2387.7
1191220 2385.4
1191230 2385.4
1191240 2383.2
1191250 2381.7
1191260 2381.7
1191270 2380.3
1191280 2378.9
1191290 2378.9
1191300 2377.7
1191310 2376.5
1191320 2376.5
1191330 2375.3
1191340 2373.4
1191350 2371.4
1191360 2369.2
1191370 2367.1
1191380 2365.5
1191390 2365.5
1191400 2363.3
1191410 2358.9
1191420 2358.9
1191430 2353.9
1191440 2349.5
1191450 2349.5
1191460 2345.4
1191470 2340.8
1191480 2340.8
1191490 2338.4
1191500 2339.5
1191510 2339.5
1191520 2340.2
1191530 2341.2
1191540 2341.2
1191550 2343.4
1191560 2345.6
1191570 2347.6
1191580 2347.6
1191590 2349.6
1191600 2351.5
1191610 2351.5
1191620 2353.8
1191630 2356.1
1191640 2356.1
1191650 2358.4
1191660 2361.4
1191670 2361.4
1191680 2365.2
1191690 2369.5
1191700 2369.5
1191710 2373.8
1191720 2378.1
1191730 2378.1
1191740 2382.7
1191750 2387.3
1191760 2391.8
1191770 2391.8
1191780 2396.7
1191790 2404.3
1191800 2404.3
1191810 2409.4
1191820 2414.6
1191830 2414.6
1191840 2419.8
1191850 2425.4
1191860 2425.4
1191870 2431.5
1191880 2437.7
1191890 2437.7
1191900 2444.1
1191910 2450.8
1191920 2450.8
1191930 2457.9
1191940 2465.2
1191950 2465.2
1191960 2472.8
1191970 2480.1
1191980 2487.3
1191990 2487.3
1192000 2494.6
1192010 2501.4
1192020 2501.4
1192030 2508.2
1192040 2515.9
1192050 2515.9
1192060 2523.5
1192070 2531.3
1192080 2531.3
1192090 2538.7
1192100 2547.1
1192110 2547.1
1192120 2565.9
1192130 2594.4
1192140 2594.4
1192150 2614.0
1192160 2626.2
1192170 2626.2
1192180 2634.3
1192190 2642.9
1192200 2651.6
1192210 2651.6
1192220 2662.3
1192230 2670.3
1192240 2670.3
1192250 2683.5
1192260 2702.3
1192270 2702.3
1192280 2707.0
1192290 2698.9
1192300 2698.9
1192310 2689.6
1192320 2681.6
1192330 2681.6
1192340 2673.6
1192350 2665.9
1192360 2665.9
1192370 2657.5
1192380 2648.0
1192390 2638.2
1192400 2638.2
1192410 2627.9
1192420 2618.4
1192430 2618.4
1192440 2608.4
1192450 2596.9
1192460 2596.9
1192470 2586.6
1192480 2577.3
1192490 2577.3
1192500 2567.7
1192510 2556.6
1192520 2556.6
1192530 2545.7
1192540 2535.4
1192550 2535.4
1192560 2529.9
1192570 2527.3
1192580 2527.3
1192590 2528.7
1192600 2526.1
1192610 2519.0
1192620 2519.0
1192630 2512.3
1192640 2506.9
1192650 2506.9
1192660 2494.5
1192670 2488.2
1192680 2488.2
1192690 2483.5
1192700 2479.3
1192710 2479.3
1192720 2475.2
1192730 2468.9
1192740 2468.9
1192750 2461.2
1192760 2455.8
1192770 2455.8
1192780 2451.7
1192790 2447.6
1192800 2447.6
1192810 2443.9
1192820 2440.4
1192830 2434.1
1192840 2434.1
1192850 2427.4
1192860 2420.7
1192870 2420.7
1192880 2413.0
1192890 2404.5
1192900 2404.5
1192910 2396.9
1192920 2390.6
1192930 2390.6
1192940 2384.4
1192950 2378.5
1192960 2378.5
1192970 2372.5
1192980 2366.2
1192990 2366.2
1193000 2359.8
1193010 2352.5
1193020 2346.0
1193030 2346.0
1193040 2339.5
1193050 2333.3
1193060 2333.3
1193070 2326.8
1193080 2320.0
1193090 2320.0
1193100 2317.3
1193110 2312.2
1193120 2312.2
1193130 2306.7
1193140 2301.5
1193150 2301.5
1193160 2296.5
1193170 2290.3
1193180 2290.3
1193190 2281.9
1193200 2274.8
1193210 2274.8
1193220 2268.3
1193230 2261.2
1193240 2254.6
1193250 2254.6
1193260 2249.2
1193270 2242.5
1193280 2242.5
1193290 2232.9
1193300 2220.9
1193310 2220.9
1193320 2208.9
1193330 2199.9
1193340 2199.9
1193350 2193.0
1193360 2186.9
1193370 2186.9
1193380 2181.4
1193390 2176.1
1193400 2176.1
1193410 2170.6
1193420 2165.1
1193430 2165.1
1193440 2160.0
1193450 2155.6
1193460 2151.9
1193470 2151.9
1193480 2148.4
1193490 2145.0
1193500 2145.0
1193510 2141.8
1193520 2138.8
1193530 2138.0
1193540 2135.3
1193550 2132.3
1193560 2132.3
1193570 2128.6
1193580 2124.1
1193590 2124.1
1193600 2120.2
1193610 2116.5
1193620 2116.5
1193630 2113.5
1193640 2111.3
1193650 2109.3
1193660 2109.3
1193670 2107.5
1193680 2105.4
1193690 2105.4
1193700 2103.1
1193710 2100.7
1193720 2100.7
1193730 2098.4
1193740 2096.0
1193750 2096.0
1193760 2094.3
1193770 2092.4
1193780 2092.4
1193790 2087.0
1193800 2079.1
1193810 2079.1
1193820 2071.6
1193830 2065.0
1193840 2065.0
1193850 2059.0
1193860 2053.3
1193870 2047.5
1193880 2047.5
1193890 2041.6
1193900 2036.6
1193910 2036.6
1193920 2031.8
1193930 2028.3
1193940 2028.3
1193950 2024.1
1193960 2019.4
1193970 2024.4
1193980 2019.1
1193990 2013.6
1194000 2013.6
1194010 2006.6
1194020 2000.7
1194030 2000.7
1194040 1997.1
1194050 1994.5
1194060 1994.5
1194070 1990.1
1194080 1988.0
1194090 1984.6
1194100 1984.6
1194110 1981.1
1194120 1978.1
1194130 1978.1
1194140 1975.9
1194150 1972.4
1194160 1972.4
1194170 1973.0
1194180 1974.0
1194190 1974.0
1194200 1970.2
1194210 1965.7
1194220 1965.7
1194230 1962.0
1194240 1957.7
1194250 1957.7
1194260 1952.3
1194270 1946.7
1194280 1938.4
1194290 1938.4
1194300 1931.1
1194310 1929.8
1194320 1929.8
1194330 1930.0
1194340 1926.3
1194350 1926.3
1194360 1922.1
1194370 1922.3
1194380 1922.3
1194390 1921.9
1194400 1921.3
1194410 1921.3
1194420 1911.4
1194430 1900.2
1194440 1900.2
1194450 1890.6
1194460 1881.1
1194470 1881.1
1194480 1872.5
1194490 1863.9
1194500 1857.7
1194510 1857.7
1194520 1854.0
1194530 1851.8
1194540 1851.8
1194550 1849.0
1194560 1841.5
1194570 1841.5
1194580 1835.0
1194590 1829.9
1194600 1829.9
1194610 1825.6
1194620 1823.4
1194630 1823.4
1194640 1818.2
1194650 1813.2
1194660 1813.2
1194670 1814.3
1194680 1812.5
1194690 1809.1
1194700 1809.1
1194710 1803.8
1194720 1797.4
1194730 1797.4
1194740 1790.8
1194750 1782.2
1194760 1782.2
1194770 1768.4
1194780 1757.7
1194790 1757.7
1194800 1751.8
1194810 1747.2
1194820 1747.2
1194830 1741.1
1194840 1736.5
1194850 1736.5
1194860 1726.7
1194870 1715.0
1194880 1715.0
1194890 1692.1
1194900 1670.8
1194910 1657.3
1194920 1657.3
1194930 1647.0
1194940 1637.3
1194950 1637.3
1194960 1627.7
1194970 1614.9
1194980 1614.9
1194990 1588.3
1195000 1568.6
1195010 1568.6
1195020 1557.5
1195030 1547.0
1195040 1547.0
1195050 1536.9
1195060 1525.7
1195070 1525.7
1195080 1515.5
1195090 1504.2
1195100 1504.2
1195110 1491.7
1195120 1483.0
1195130 1476.4
1195140 1476.4
1195150 1469.6
1195160 1462.9
1195170 1462.9
1195180 1456.0
1195190 1449.7
1195200 1449.7
1195210 1443.3
1195220 1436.9
1195230 1436.9
1195240 1430.7
1195250 1426.1
1195260 1426.1
1195270 1421.5
1195280 1420.2
1195290 1420.2
1195300 1417.3
1195310 1414.4
1195320 1411.3
1195330 1411.3
1195340 1408.6
1195350 1406.6
1195360 1406.6
1195370 1405.0
1195380 1403.5
1195390 1403.5
1195400 1401.8
1195410 1400.1
1195420 1400.1
1195430 1398.1
1195440 1395.8
1195450 1395.8
1195460 1394.0
1195470 1392.3
1195480 1392.3
1195490 1390.7
1195500 1389.2
1195510 1389.2
1195520 1387.7
1195530 1385.0
1195540 1378.6
1195550 1378.6
1195560 1373.3
1195570 1374.4
1195580 1374.4
1195590 1376.7
1195600 1377.3
1195610 1377.3
1195620 1380.6
1195630 1383.9
1195640 1383.9
1195650 1386.8
1195660 1390.7
1195670 1390.7
1195680 1394.7
1195690 1398.1
1195700 1398.1
1195710 1402.4
1195720 1405.5
1195730 1405.5
1195740 1409.9
1195750 1413.7
1195760 1418.3
1195770 1418.3
1195780 1422.6
1195790 1426.5
1195800 1426.5
1195810 1430.9
1195820 1435.3
1195830 1435.3
1195840 1438.9
1195850 1442.9
1195860 1442.9
1195870 1447.3
1195880 1450.8
1195890 1450.8
1195900 1453.0
1195910 1456.5
1195920 1456.5
1195930 1460.1
1195940 1465.8
1195950 1473.6
1195960 1473.6
1195970 1479.8
1195980 1487.6
1195990 1487.6
1196000 1502.7
1196010 1518.2
1196020 1518.2
1196030 1522.1
1196040 1523.6
1196050 1523.6
1196060 1528.4
1196070 1535.7
1196080 1535.7
1196090 1543.6
1196100 1551.3
1196110 1551.3
1196120 1562.7
1196130 1574.8
1196140 1574.8
1196150 1582.5
1196160 1603.1
1196170 1614.5
1196180 1614.5
1196190 1631.5
1196200 1638.3
1196210 1638.3
1196220 1644.2
1196230 1650.5
1196240 1650.5
1196250 1657.5
1196260 1670.5
1196270 1670.5
1196280 1682.1
1196290 1687.7
1196300 1687.7
1196310 1691.7
1196320 1695.9
1196330 1695.9
1196340 1701.3
1196350 1707.8
1196360 1707.8
1196370 1714.6
1196380 1720.4
1196390 1726.0
1196400 1726.0
1196410 1733.9
1196420 1744.3
1196430 1744.3
1196440 1755.4
1196450 1761.9
1196460 1761.9
1196470 1766.1
1196480 1770.0
1196490 1770.0
1196500 1775.4
1196510 1783.3
1196520 1783.3
1196530 1791.9
1196540 1804.4
1196550 1804.4
1196560 1813.2
1196570 1821.1
1196580 1825.3
1196590 1824.4
1196600 1827.7
1196610 1829.6
1196620 1829.6
1196630 1835.1
1196640 1850.8
1196650 1850.8
1196660 1856.3
1196670 1859.3
1196680 1859.3
1196690 1865.2
1196700 1868.8
1196710 1868.8
1196720 1873.5
1196730 1878.5
1196740 1878.5
1196750 1882.7
1196760 1888.1
1196770 1888.1
1196780 1896.8
1196790 1910.1
1196800 1920.8
1196810 1920.8
1196820 1929.5
1196830 1938.3
1196840 1938.3
1196850 1945.0
1196860 1954.1
1196870 1954.1
1196880 1961.1
1196890 1967.7
1196900 1967.7
1196910 1978.4
1196920 1983.6
1196930 1983.6
1196940 1990.8
1196950 2005.3
1196960 2005.3
1196970 2024.2
1196980 2035.4
1196990 2035.4
1197000 2042.3
1197010 2048.3
1197020 2050.7
1197030 2036.8
1197040 2040.7
1197050 2048.9
1197060 2048.9
1197070 2057.1
1197080 2062.7
1197090 2062.7
1197100 2070.6
1197110 2085.3
1197120 2085.3
1197130 2100.2
1197140 2107.1
1197150 2107.1
1197160 2114.2
1197170 2120.2
1197180 2120.2
1197190 2125.3
1197200 2130.9
1197210 2136.5
1197220 2136.5
1197230 2141.3
1197240 2145.0
1197250 2145.0
1197260 2145.7
1197270 2145.8
1197280 2145.8
1197290 2146.4
1197300 2145.8
1197310 2145.8
1197320 2143.8
1197330 2141.7
1197340 2141.7
1197350 2142.3
1197360 2142.6
1197370 2142.6
1197380 2143.0
1197390 2144.3
1197400 2144.3
1197410 2147.1
1197420 2149.3
1197430 2151.2
1197440 2151.2
1197450 2155.6
1197460 2160.0
1197470 2152.9
1197480 2158.1
1197490 2164.3
1197500 2164.3
1197510 2169.7
1197520 2172.6
1197530 2172.6
1197540 2174.9
1197550 2177.6
1197560 2177.6
1197570 2180.8
1197580 2185.4
1197590 2185.4
1197600 2187.9
1197610 2193.5
1197620 2193.5
1197630 2202.3
1197640 2208.6
1197650 2214.5
1197660 2214.5
1197670 2220.0
1197680 2225.0
1197690 2225.0
1197700 2228.8
1197710 2235.3
1197720 2235.3
1197730 2244.8
1197740 2251.3
1197750 2251.3
1197760 2256.7
1197770 2265.0
1197780 2265.0
1197790 2278.9
1197800 2291.4
1197810 2291.4
1197820 2298.4
1197830 2302.6
1197840 2309.9
1197850 2309.9
1197860 2314.6
1197870 2314.1
1197880 2314.1
1197890 2310.1
1197900 2304.8
1197910 2299.0
1197920 2294.8
1197930 2290.5
1197940 2290.5
1197950 2293.9
1197960 2304.1
1197970 2304.1
1197980 2315.9
1197990 2331.3
1198000 2331.3
1198010 2344.8
1198020 2355.9
1198030 2355.9
1198040 2363.2
1198050 2369.4
1198060 2374.0
1198070 2374.0
1198080 2375.4
1198090 2376.3
1198100 2376.3
1198110 2378.2
1198120 2381.9
1198130 2381.9
1198140 2390.4
1198150 2396.4
1198160 2396.4
1198170 2404.4
1198180 2416.1
1198190 2416.1
1198200 2428.3
1198210 2437.3
1198220 2437.3
1198230 2445.8
1198240 2455.6
1198250 2455.6
1198260 2468.1
1198270 2476.5
1198280 2479.6
1198290 2479.6
1198300 2481.1
1198310 2479.4
1198320 2479.4
1198330 2476.3
1198340 2478.4
1198350 2467.6
1198360 2471.6
1198370 2476.2
1198380 2476.2
1198390 2482.0
1198400 2487.8
1198410 2487.8
1198420 2498.0
1198430 2506.5
1198440 2506.5
1198450 2512.6
1198460 2516.7
1198470 2526.0
1198480 2526.0
1198490 2535.7
1198500 2543.7
1198510 2543.7
1198520 2553.0
1198530 2560.6
1198540 2560.6
1198550 2567.6
1198560 2579.6
1198570 2579.6
1198580 2587.5
1198590 2593.2
1198600 2593.2
1198610 2597.8
1198620 2603.7
1198630 2603.7
1198640 2609.7
1198650 2611.5
1198660 2611.5
1198670 2611.6
1198680 2610.8
1198690 2614.1
1198700 2614.1
1198710 2619.4
1198720 2634.4
1198730 2634.4
1198740 2645.3
1198750 2653.6
1198760 2653.6
1198770 2663.8
1198780 2670.9
1198790 2670.9
1198800 2660.7
1198810 2656.1
1198820 2656.1
1198830 2651.8
1198840 2645.8
1198850 2645.8
1198860 2643.7
1198870 2646.6
1198880 2646.6
1198890 2650.3
1198900 2661.3
1198910 2675.0
1198920 2675.0
1198930 2688.5
1198940 2692.8
1198950 2692.8
1198960 2696.3
1198970 2700.9
1198980 2700.9
1198990 2709.1
1199000 2715.2
1199010 2715.2
1199020 2718.9
1199030 2709.5
1199040 2709.5
1199050 2697.9
1199060 2693.4
1199070 2693.4
1199080 2689.8
1199090 2679.0
1199100 2670.3
1199110 2670.3
1199120 2663.3
1199130 2654.2
1199140 2654.2
1199150 2649.0
1199160 2642.7
1199170 2642.7
1199180 2625.3
1199190 2608.5
1199200 2608.5
1199210 2597.2
1199220 2588.0
1199230 2588.0
1199240 2583.5
1199250 2577.6
1199260 2577.6
1199270 2572.4
1199280 2567.3
1199290 2567.3
1199300 2562.2
1199310 2556.9
1199320 2552.0
1199330 2552.0
1199340 2547.3
1199350 2542.7
1199360 2542.7
1199370 2537.9
1199380 2533.3
1199390 2533.3
1199400 2528.6
1199410 2524.2
1199420 2524.2
1199430 2519.6
1199440 2514.9
1199450 2514.9
1199460 2510.5
1199470 2506.2
1199480 2506.2
1199490 2502.0
1199500 2498.2
1199510 2498.2
1199520 2494.8
1199530 2491.7
1199540 2489.9
1199550 2489.9
1199560 2491.4
1199570 2495.1
1199580 2495.1
1199590 2497.7
1199600 2499.2
1199610 2499.2
1199620 2500.6
1199630 2501.5
1199640 2501.5
1199650 2500.9
1199660 2500.7
1199670 2500.7
1199680 2500.8
1199690 2501.2
1199700 2501.2
1199710 2503.0
1199720 2503.6
1199730 2503.1
1199740 2503.1
1199750 2502.0
1199760 2500.5
1199770 2500.5
1199780 2499.4
1199790 2501.0
1199800 2501.0
1199810 2503.2
1199820 2503.7
1199830 2503.7
1199840 2502.7
1199850 2500.3
1199860 2500.3
1199870 2495.8
1199880 2498.1
1199890 2498.1
1199900 2502.6
1199910 2507.3
1199920 2507.3
1199930 2512.5
1199940 2518.1
1199950 2524.1
1199960 2524.1
1199970 2529.0
1199980 2532.6
1199990 2532.6
