1180000 937.9
1180010 938.7
1180020 942.1
1180030 942.1
1180040 947.5
1180050 953.5
1180060 953.5
1180070 956.2
1180080 958.9
1180090 958.9
1180100 961.0
1180110 958.1
1180120 958.1
1180130 951.9
1180140 945.4
1180150 943.8
1180160 943.8
1180170 945.3
1180180 946.3
1180190 946.3
1180200 946.5
1180210 948.1
1180220 951.0
1180230 955.3
1180240 959.3
1180250 959.3
1180260 962.2
1180270 965.7
1180280 965.7
1180290 969.5
1180300 970.3
1180310 970.3
1180320 970.0
1180330 970.0
1180340 970.0
1180350 970.4
1180360 971.8
1180370 973.1
1180380 973.1
1180390 973.9
1180400 975.3
1180410 975.3
1180420 976.0
1180430 976.2
1180440 976.2
1180450 976.6
1180460 976.7
1180470 976.7
1180480 976.7
1180490 976.8
1180500 976.8
1180510 977.1
1180520 977.6
1180530 977.6
1180540 978.2
1180550 978.9
1180560 978.9
1180570 979.4
1180580 979.5
1180590 979.7
1180600 979.7
1180610 980.1
1180620 979.8
1180630 979.8
1180640 979.9
1180650 980.0
1180660 980.0
1180670 980.3
1180680 980.7
1180690 980.7
1180700 981.3
1180710 980.9
1180720 980.9
1180730 980.8
1180740 980.9
1180750 980.9
1180760 980.4
1180770 979.8
1180780 979.9
1180790 979.9
1180800 980.2
1180810 980.1
1180820 980.1
1180830 980.2
1180840 980.8
1180850 980.8
1180860 980.9
1180870 980.8
1180880 980.8
1180890 981.2
1180900 982.6
1180910 982.6
1180920 983.9
1180930 985.2
1180940 985.2
1180950 987.9
1180960 992.7
1180970 992.7
1180980 996.3
1180990 1000.8
1181000 1006.8
1181010 1006.8
1181020 1010.2
1181030 1010.6
1181040 1010.6
1181050 1014.3
1181060 1015.7
1181070 1015.7
1181080 1017.0
1181090 1018.4
1181100 1018.4
1181110 1020.8
1181120 1023.9
1181130 1023.9
1181140 1026.4
1181150 1029.4
1181160 1029.4
1181170 1032.9
1181180 1036.6
1181190 1036.6
1181200 1040.2
1181210 1044.0
1181220 1047.7
1181230 1047.7
1181240 1051.0
1181250 1054.5
1181260 1054.5
1181270 1058.0
1181280 1062.0
1181290 1062.0
1181300 1066.2
1181310 1070.5
1181320 1070.5
1181330 1074.4
1181340 1078.6
1181350 1078.6
1181360 1083.1
1181370 1088.2
1181380 1088.2
1181390 1093.5
1181400 1099.0
1181410 1104.5
1181420 1104.5
1181430 1110.0
1181440 1115.6
1181450 1115.6
1181460 1122.3
1181470 1128.1
1181480 1128.1
1181490 1136.8
1181500 1145.1
1181510 1145.1
1181520 1152.1
1181530 1157.6
1181540 1157.6
1181550 1165.6
1181560 1172.2
1181570 1172.2
1181580 1178.9
1181590 1187.0
1181600 1187.0
1181610 1195.2
1181620 1203.9
1181630 1213.7
1181640 1213.7
1181650 1227.0
1181660 1237.8
1181670 1237.8
1181680 1247.0
1181690 1254.9
1181700 1254.9
1181710 1264.1
1181720 1276.4
1181730 1276.4
1181740 1288.3
1181750 1305.8
1181760 1305.8
1181770 1319.8
1181780 1329.4
1181790 1329.4
1181800 1336.7
1181810 1342.9
1181820 1342.9
1181830 1350.5
1181840 1356.3
1181850 1363.2
1181860 1363.2
1181870 1369.6
1181880 1375.8
1181890 1373.2
1181900 1379.5
1181910 1383.1
1181920 1383.1
1181930 1386.5
1181940 1390.8
1181950 1390.8
1181960 1396.2
1181970 1400.1
1181980 1400.1
1181990 1403.7
1182000 1407.5
1182010 1407.5
1182020 1411.9
1182030 1415.7
1182040 1418.8
1182050 1418.8
1182060 1421.1
1182070 1424.1
1182080 1424.1
1182090 1429.9
1182100 1436.4
1182110 1436.4
1182120 1441.4
1182130 1446.3
1182140 1446.3
1182150 1451.7
1182160 1455.8
1182170 1455.8
1182180 1459.9
1182190 1464.6
1182200 1464.6
1182210 1469.8
1182220 1475.6
1182230 1475.6
1182240 1480.6
1182250 1483.2
1182260 1482.1
1182270 1482.1
1182280 1478.8
1182290 1474.9
1182300 1474.9
1182310 1474.8
1182320 1477.7
1182330 1477.7
1182340 1488.1
1182350 1497.1
1182360 1497.1
1182370 1501.2
1182380 1503.6
1182390 1503.6
1182400 1506.6
1182410 1509.1
1182420 1509.1
1182430 1511.1
1182440 1511.7
1182450 1511.7
1182460 1511.4
1182470 1510.9
1182480 1509.9
1182490 1509.9
1182500 1507.9
1182510 1505.2
1182520 1505.2
1182530 1504.2
1182540 1506.1
1182550 1506.1
1182560 1511.1
1182570 1516.4
1182580 1516.4
1182590 1523.3
1182600 1529.7
1182610 1529.7
1182620 1535.5
1182630 1540.0
1182640 1540.0
1182650 1544.9
1182660 1549.3
1182670 1549.3
1182680 1554.4
1182690 1559.9
1182700 1567.4
1182710 1567.4
1182720 1575.4
1182730 1597.7
1182740 1597.7
1182750 1608.6
1182760 1613.5
1182770 1613.5
1182780 1617.5
1182790 1619.5
1182800 1619.5
1182810 1620.1
1182820 1618.4
1182830 1618.4
1182840 1619.6
1182850 1622.4
1182860 1622.4
1182870 1625.4
1182880 1631.4
1182890 1638.2
1182900 1638.2
1182910 1641.3
1182920 1643.2
1182930 1643.2
1182940 1645.1
1182950 1646.5
1182960 1646.5
1182970 1649.1
1182980 1657.3
1182990 1657.3
1183000 1658.7
1183010 1658.4
1183020 1658.4
1183030 1659.8
1183040 1661.4
1183050 1661.4
1183060 1663.3
1183070 1665.3
1183080 1665.3
1183090 1667.9
1183100 1670.0
1183110 1671.4
1183120 1671.4
1183130 1672.5
1183140 1673.9
1183150 1679.1
1183160 1681.6
1183170 1685.5
1183180 1685.5
1183190 1690.0
1183200 1695.0
1183210 1695.0
1183220 1699.3
1183230 1702.5
1183240 1702.5
1183250 1704.4
1183260 1705.6
1183270 1705.6
1183280 1707.1
1183290 1708.9
1183300 1708.9
1183310 1711.0
1183320 1712.7
1183330 1713.7
1183340 1713.7
1183350 1714.8
1183360 1715.9
1183370 1715.9
1183380 1717.2
1183390 1718.1
1183400 1718.1
1183410 1718.7
1183420 1719.3
1183430 1719.3
1183440 1719.5
1183450 1719.7
1183460 1719.7
1183470 1719.9
1183480 1720.3
1183490 1720.3
1183500 1719.9
1183510 1719.7
1183520 1719.8
1183530 1719.8
1183540 1719.9
1183550 1721.5
1183560 1721.5
1183570 1731.0
1183580 1736.4
1183590 1736.4
1183600 1739.0
1183610 1739.7
1183620 1739.7
1183630 1740.1
1183640 1740.2
1183650 1740.2
1183660 1740.2
1183670 1739.1
1183680 1739.1
1183690 1737.2
1183700 1734.8
1183710 1734.8
1183720 1731.2
1183730 1724.7
1183740 1718.1
1183750 1718.1
1183760 1711.4
1183770 1706.6
1183780 1706.6
1183790 1704.7
1183800 1704.0
1183810 1704.0
1183820 1703.1
1183830 1703.2
1183840 1703.2
1183850 1703.5
1183860 1704.3
1183870 1704.3
1183880 1705.0
1183890 1704.3
1183900 1704.3
1183910 1703.2
1183920 1702.3
1183930 1702.3
1183940 1701.0
1183950 1697.1
1183960 1690.8
1183970 1690.8
1183980 1683.1
1183990 1681.1
1184000 1681.1
1184010 1679.4
1184020 1695.9
1184030 1695.9
1184040 1703.6
1184050 1705.2
1184060 1705.2
1184070 1706.1
1184080 1706.1
1184090 1706.1
1184100 1705.6
1184110 1712.5
1184120 1712.5
1184130 1728.6
1184140 1736.7
1184150 1736.7
1184160 1744.6
1184170 1747.7
1184180 1750.8
1184190 1750.8
1184200 1762.1
1184210 1774.1
1184220 1774.1
1184230 1779.5
1184240 1782.1
1184250 1782.1
1184260 1783.9
1184270 1785.6
1184280 1785.6
1184290 1787.0
1184300 1788.5
1184310 1788.5
1184320 1789.9
1184330 1791.0
1184340 1791.0
1184350 1791.8
1184360 1792.5
1184370 1792.6
1184380 1792.6
1184390 1792.2
1184400 1791.6
1184410 1798.4
1184420 1797.8
1184430 1797.1
1184440 1797.1
1184450 1796.3
1184460 1794.8
1184470 1794.8
1184480 1792.3
1184490 1788.2
1184500 1788.2
1184510 1783.6
1184520 1779.8
1184530 1779.8
1184540 1776.8
1184550 1773.7
1184560 1773.7
1184570 1770.7
1184580 1767.9
1184590 1763.6
1184600 1763.6
1184610 1757.5
1184620 1750.8
1184630 1750.8
1184640 1745.0
1184650 1744.2
1184660 1744.2
1184670 1751.0
1184680 1764.8
1184690 1764.8
1184700 1777.0
1184710 1781.3
1184720 1781.3
1184730 1787.1
1184740 1790.5
1184750 1790.5
1184760 1791.6
1184770 1796.9
1184780 1796.9
1184790 1808.5
1184800 1818.2
1184810 1822.4
1184820 1822.4
1184830 1831.3
1184840 1835.2
1184850 1835.2
1184860 1839.6
1184870 1843.3
1184880 1843.3
1184890 1845.8
1184900 1848.6
1184910 1848.6
1184920 1851.3
1184930 1854.0
1184940 1854.0
1184950 1857.3
1184960 1859.5
1184970 1859.5
1184980 1861.1
1184990 1862.5
1185000 1862.5
1185010 1862.5
1185020 1861.6
1185030 1860.7
1185040 1860.7
1185050 1860.2
1185060 1860.9
1185070 1860.9
1185080 1862.9
1185090 1864.4
1185100 1864.4
1185110 1864.1
1185120 1862.9
1185130 1862.9
1185140 1862.5
1185150 1863.4
1185160 1863.4
1185170 1860.4
1185180 1858.2
1185190 1858.2
1185200 1860.0
1185210 1870.0
1185220 1877.9
1185230 1877.9
1185240 1885.2
1185250 1894.8
1185260 1891.1
1185270 1902.6
1185280 1915.0
1185290 1915.0
1185300 1923.2
1185310 1929.8
1185320 1929.8
1185330 1936.6
1185340 1943.5
1185350 1943.5
1185360 1950.3
1185370 1957.2
1185380 1957.2
1185390 1964.7
1185400 1972.0
1185410 1972.0
1185420 1979.2
1185430 1987.3
1185440 1995.0
1185450 1995.0
1185460 2003.3
1185470 2012.9
1185480 2012.9
1185490 2022.9
1185500 2031.5
1185510 2031.5
1185520 2039.5
1185530 2046.7
1185540 2046.7
1185550 2054.0
1185560 2061.8
1185570 2061.8
1185580 2070.2
1185590 2079.1
1185600 2079.1
1185610 2088.7
1185620 2095.3
1185630 2095.3
1185640 2098.4
1185650 2100.2
1185660 2100.8
1185670 2100.8
1185680 2103.8
1185690 2103.0
1185700 2103.0
1185710 2101.5
1185720 2099.4
1185730 2099.4
1185740 2097.2
1185750 2095.2
1185760 2095.2
1185770 2093.1
1185780 2091.0
1185790 2091.0
1185800 2089.1
1185810 2087.4
1185820 2087.4
1185830 2085.2
1185840 2083.3
1185850 2081.9
1185860 2081.9
1185870 2080.1
1185880 2078.8
1185890 2078.8
1185900 2077.6
1185910 2076.3
1185920 2076.3
1185930 2073.9
1185940 2068.4
1185950 2068.4
1185960 2065.5
1185970 2064.8
1185980 2064.8
1185990 2060.9
1186000 2056.6
1186010 2056.6
1186020 2052.6
1186030 2047.7
1186040 2047.7
1186050 2042.7
1186060 2040.4
1186070 2034.5
1186080 2034.5
1186090 2029.9
1186100 2034.7
1186110 2034.7
1186120 2030.7
1186130 2026.5
1186140 2026.5
1186150 2021.1
1186160 2015.6
1186170 2015.6
1186180 2009.8
1186190 2004.1
1186200 2004.1
1186210 1998.0
1186220 1991.6
1186230 1991.6
1186240 1986.6
1186250 1984.2
1186260 1984.2
1186270 1984.4
1186280 1983.7
1186290 1981.2
1186300 1981.2
1186310 1976.6
1186320 1971.9
1186330 1971.9
1186340 1967.2
1186350 1962.1
1186360 1962.1
1186370 1958.2
1186380 1957.0
1186390 1957.0
1186400 1956.7
1186410 1956.8
1186420 1956.8
1186430 1951.4
1186440 1943.3
1186450 1943.3
1186460 1934.8
1186470 1925.7
1186480 1918.7
1186490 1918.7
1186500 1913.7
1186510 1908.0
1186520 1908.0
1186530 1907.2
1186540 1904.5
1186550 1904.5
1186560 1902.5
1186570 1900.0
1186580 1900.0
1186590 1896.8
1186600 1893.0
1186610 1893.0
1186620 1891.2
1186630 1891.3
1186640 1891.3
1186650 1890.7
1186660 1886.3
1186670 1886.3
1186680 1882.7
1186690 1877.7
1186700 1872.8
1186710 1872.8
1186720 1869.9
1186730 1866.9
1186740 1866.9
1186750 1869.4
1186760 1879.8
1186770 1879.8
1186780 1892.5
1186790 1904.7
1186800 1904.7
1186810 1912.0
1186820 1917.2
1186830 1917.2
1186840 1910.7
1186850 1906.1
1186860 1906.1
1186870 1913.4
1186880 1921.7
1186890 1921.7
1186900 1929.4
1186910 1936.9
1186920 1945.0
1186930 1945.0
1186940 1953.1
1186950 1960.9
1186960 1960.9
1186970 1970.2
1186980 1979.5
1186990 1979.5
1187000 1987.9
1187010 1995.3
1187020 1995.3
1187030 2002.2
1187040 2009.5
1187050 2009.5
1187060 2016.4
1187070 2023.5
1187080 2023.5
1187090 2030.5
1187100 2037.2
1187110 2043.2
1187120 2043.2
1187130 2049.2
1187140 2055.7
1187150 2055.7
1187160 2063.0
1187170 2070.9
1187180 2070.9
1187190 2077.7
1187200 2082.9
1187210 2082.9
1187220 2087.6
1187230 2092.0
1187240 2092.0
1187250 2096.2
1187260 2100.5
1187270 2100.5
1187280 2105.2
1187290 2110.6
1187300 2110.6
1187310 2117.4
1187320 2122.6
1187330 2127.2
1187340 2127.2
1187350 2132.2
1187360 2137.1
1187370 2137.1
1187380 2146.7
1187390 2151.7
1187400 2151.7
1187410 2156.6
1187420 2162.7
1187430 2162.7
1187440 2169.7
1187450 2175.8
1187460 2175.8
1187470 2181.4
1187480 2187.0
1187490 2187.0
1187500 2193.1
1187510 2199.3
1187520 2199.3
1187530 2205.5
1187540 2212.0
1187550 2218.9
1187560 2218.9
1187570 2225.7
1187580 2232.6
1187590 2232.6
1187600 2240.0
1187610 2246.9
1187620 2246.9
1187630 2254.2
1187640 2262.9
1187650 2262.9
1187660 2275.3
1187670 2283.9
1187680 2283.9
1187690 2283.8
1187700 2284.7
1187710 2284.7
1187720 2279.3
1187730 2272.7
1187740 2272.7
1187750 2265.9
1187760 2259.4
1187770 2253.3
1187780 2253.3
1187790 2247.0
1187800 2240.3
1187810 2243.2
1187820 2236.2
1187830 2229.7
1187840 2229.7
1187850 2224.4
1187860 2218.7
1187870 2218.7
1187880 2211.9
1187890 2205.4
1187900 2205.4
1187910 2198.7
1187920 2192.1
1187930 2192.1
1187940 2186.4
1187950 2181.3
1187960 2176.9
1187970 2176.9
1187980 2171.8
1187990 2166.3
1188000 2166.3
1188010 2160.2
1188020 2154.3
1188030 2154.3
1188040 2150.3
1188050 2146.5
1188060 2146.5
1188070 2141.9
1188080 2137.5
1188090 2137.5
1188100 2132.8
1188110 2128.0
1188120 2128.0
1188130 2123.9
1188140 2120.0
1188150 2120.0
1188160 2115.9
1188170 2112.2
1188180 2108.6
1188190 2108.6
1188200 2105.4
1188210 2103.9
1188220 2103.9
1188230 2109.1
1188240 2108.2
1188250 2108.2
1188260 2105.9
1188270 2102.5
1188280 2102.5
1188290 2098.8
1188300 2094.4
1188310 2094.4
1188320 2088.9
1188330 2083.8
1188340 2083.8
1188350 2079.3
1188360 2073.4
1188370 2073.4
1188380 2066.7
1188390 2059.8
1188400 2053.4
1188410 2053.4
1188420 2047.5
1188430 2041.1
1188440 2041.1
1188450 2032.9
1188460 2026.0
1188470 2026.0
1188480 2024.2
1188490 2029.1
1188500 2029.1
1188510 2037.8
1188520 2044.6
1188530 2044.6
1188540 2052.9
1188550 2074.2
1188560 2074.2
1188570 2095.5
1188580 2108.1
1188590 2114.6
1188600 2114.6
1188610 2119.6
1188620 2124.9
1188630 2124.9
1188640 2123.9
1188650 2116.5
1188660 2131.1
1188670 2124.7
1188680 2113.9
1188690 2113.9
1188700 2104.9
1188710 2097.7
1188720 2097.7
1188730 2090.8
1188740 2084.5
1188750 2084.5
1188760 2075.7
1188770 2070.1
1188780 2070.1
1188790 2076.7
1188800 2074.0
1188810 2066.9
1188820 2066.9
1188830 2061.0
1188840 2054.8
1188850 2054.8
1188860 2048.4
1188870 2041.6
1188880 2041.6
1188890 2034.5
1188900 2027.7
1188910 2027.7
1188920 2023.1
1188930 2020.8
1188940 2020.8
1188950 2016.4
1188960 2013.6
1188970 2013.6
1188980 2013.8
1188990 2015.5
1189000 2015.5
1189010 2011.2
1189020 2007.0
1189030 2004.5
1189040 2004.5
1189050 2002.5
1189060 2001.2
1189070 2001.2
1189080 1997.1
1189090 1999.9
1189100 1999.9
1189110 1996.3
1189120 1992.7
1189130 1992.7
1189140 1990.8
1189150 1990.1
1189160 1990.1
1189170 1989.3
1189180 1984.4
1189190 1984.4
1189200 1977.3
1189210 1970.9
1189220 1970.9
1189230 1968.5
1189240 1967.2
1189250 1964.6
1189260 1964.6
1189270 1961.5
1189280 1957.7
1189290 1957.7
1189300 1954.5
1189310 1956.4
1189320 1956.4
1189330 1960.9
1189340 1958.7
1189350 1958.7
1189360 1956.2
1189370 1954.6
1189380 1954.6
1189390 1956.7
1189400 1962.2
1189410 1962.2
1189420 1963.8
1189430 1960.2
1189440 1953.4
1189450 1953.4
1189460 1947.4
1189470 1944.8
1189480 1944.8
1189490 1942.8
1189500 1942.8
1189510 1942.8
1189520 1950.8
1189530 1952.2
1189540 1952.2
1189550 1951.2
1189560 1947.0
1189570 1947.0
1189580 1942.1
1189590 1939.6
1189600 1939.6
1189610 1938.8
1189620 1941.3
1189630 1941.3
1189640 1941.4
1189650 1939.9
1189660 1938.9
1189670 1938.9
1189680 1938.2
1189690 1937.2
1189700 1937.2
1189710 1935.2
1189720 1932.6
1189730 1932.6
1189740 1931.0
1189750 1930.7
1189760 1930.7
1189770 1930.4
1189780 1928.4
1189790 1928.4
1189800 1927.4
1189810 1926.4
1189820 1926.4
1189830 1923.7
1189840 1921.3
1189850 1921.3
1189860 1920.9
1189870 1922.3
1189880 1925.4
1189890 1925.4
1189900 1927.1
1189910 1926.2
1189920 1926.2
1189930 1924.7
1189940 1924.7
1189950 1927.5
1189960 1928.0
1189970 1930.4
1189980 1930.4
1189990 1932.0
1190000 1934.0
1190010 1934.0
1190020 1936.7
1190030 1938.5
1190040 1938.5
1190050 1940.2
1190060 1942.0
1190070 1943.7
1190080 1943.7
1190090 1945.4
1190100 1946.9
1190110 1946.9
1190120 1948.8
1190130 1951.5
1190140 1951.5
1190150 1954.0
1190160 1956.3
1190170 1956.3
1190180 1958.6
1190190 1961.7
1190200 1961.7
1190210 1965.0
1190220 1967.7
1190230 1967.7
1190240 1970.0
1190250 1972.0
1190260 1972.0
1190270 1974.2
1190280 1977.5
1190290 1980.8
1190300 1980.8
1190310 1984.0
1190320 1987.1
1190330 1987.1
1190340 1990.1
1190350 1993.7
1190360 1993.7
1190370 1997.5
1190380 2000.6
1190390 2000.6
1190400 2004.0
1190410 2008.3
1190420 2008.3
1190430 2011.9
1190440 2015.3
1190450 2015.3
1190460 2019.0
1190470 2022.6
1190480 2022.6
1190490 2026.5
1190500 2030.7
1190510 2034.8
1190520 2034.8
1190530 2038.9
1190540 2043.0
1190550 2043.0
1190560 2046.9
1190570 2050.9
1190580 2050.9
1190590 2055.0
1190600 2059.1
1190610 2059.1
1190620 2063.8
1190630 2068.7
1190640 2068.7
1190650 2073.7
1190660 2077.5
1190670 2077.5
1190680 2081.6
1190690 2085.9
1190700 2090.7
1190710 2090.7
1190720 2094.9
1190730 2098.1
1190740 2098.1
1190750 2101.1
1190760 2105.0
1190770 2105.0
1190780 2108.6
1190790 2111.7
1190800 2111.7
1190810 2110.0
1190820 2113.0
1190830 2113.0
1190840 2124.1
1190850 2146.5
1190860 2146.5
1190870 2169.8
1190880 2191.6
1190890 2191.6
1190900 2196.2
1190910 2197.4
1190920 2199.9
1190930 2199.9
1190940 2206.1
1190950 2212.1
1190960 2212.1
1190970 2215.9
1190980 2219.0
1190990 2219.0
1191000 2220.2
1191010 2221.8
1191020 2221.8
1191030 2224.3
1191040 2227.2
1191050 2227.2
1191060 2231.0
1191070 2235.4
1191080 2235.4
1191090 2240.1
1191100 2245.1
1191110 2245.1
1191120 2250.4
1191130 2255.9
1191140 2261.2
1191150 2261.2
1191160 2267.0
1191170 2272.6
1191180 2272.6
1191190 2278.0
1191200 2283.8
1191210 2283.8
1191220 2289.5
1191230 2295.2
1191240 2293.4
1191250 2298.7
1191260 2303.9
1191270 2303.9
1191280 2309.0
1191290 2313.8
1191300 2313.8
1191310 2318.5
1191320 2323.4
1191330 2323.4
1191340 2328.9
1191350 2334.6
1191360 2339.9
1191370 2339.9
1191380 2344.6
1191390 2350.3
1191400 2350.3
1191410 2357.9
1191420 2366.0
1191430 2366.0
1191440 2373.0
1191450 2379.5
1191460 2379.5
1191470 2385.9
1191480 2390.5
1191490 2390.5
1191500 2396.5
1191510 2404.2
1191520 2404.2
1191530 2411.1
1191540 2417.5
1191550 2423.7
1191560 2423.7
1191570 2429.7
1191580 2435.8
1191590 2435.8
1191600 2442.8
1191610 2449.3
1191620 2449.3
1191630 2455.5
1191640 2461.3
1191650 2461.3
1191660 2467.6
1191670 2472.3
1191680 2472.3
1191690 2478.1
1191700 2483.6
1191710 2483.6
1191720 2488.7
1191730 2493.7
1191740 2493.7
1191750 2497.2
1191760 2500.9
1191770 2504.7
1191780 2504.7
1191790 2508.9
1191800 2513.9
1191810 2513.9
1191820 2519.4
1191830 2524.5
1191840 2524.5
1191850 2529.5
1191860 2534.8
1191870 2534.8
1191880 2540.5
1191890 2546.2
1191900 2546.2
1191910 2550.6
1191920 2554.9
1191930 2554.9
1191940 2562.0
1191950 2568.3
1191960 2568.3
1191970 2573.3
1191980 2578.4
1191990 2584.2
1192000 2584.2
1192010 2591.3
1192020 2597.3
1192030 2597.3
1192040 2602.5
1192050 2605.3
1192060 2605.3
1192070 2611.8
1192080 2620.0
1192090 2620.0
1192100 2630.2
1192110 2634.8
1192120 2634.8
1192130 2642.3
1192140 2650.0
1192150 2650.0
1192160 2659.2
1192170 2671.0
1192180 2683.6
1192190 2683.6
1192200 2707.8
1192210 2739.1
1192220 2739.1
1192230 2756.4
1192240 2776.6
1192250 2776.6
1192260 2808.5
1192270 2829.5
1192280 2829.5
1192290 2837.3
1192300 2842.7
1192310 2842.7
1192320 2832.3
1192330 2808.9
1192340 2808.9
1192350 2775.7
1192360 2742.9
1192370 2742.9
1192380 2705.9
1192390 2686.9
1192400 2681.5
1192410 2681.5
1192420 2676.3
1192430 2671.8
1192440 2671.8
1192450 2667.9
1192460 2664.2
1192470 2664.2
1192480 2660.4
1192490 2656.9
1192500 2656.9
1192510 2653.3
1192520 2649.4
1192530 2649.4
1192540 2655.4
1192550 2655.6
1192560 2655.6
1192570 2656.2
1192580 2656.8
1192590 2656.8
1192600 2656.7
1192610 2652.9
1192620 2651.4
1192630 2651.4
1192640 2656.4
1192650 2656.5
1192660 2656.5
1192670 2658.0
1192680 2650.5
1192690 2650.5
1192700 2637.1
1192710 2634.9
1192720 2634.9
1192730 2641.3
1192740 2645.6
1192750 2645.6
1192760 2639.2
1192770 2631.8
1192780 2631.8
1192790 2625.7
1192800 2620.0
1192810 2620.0
1192820 2617.7
1192830 2616.6
1192840 2616.0
1192850 2616.0
1192860 2618.2
1192870 2619.9
1192880 2619.9
1192890 2611.8
1192900 2600.6
1192910 2600.6
1192920 2592.9
1192930 2586.3
1192940 2586.3
1192950 2584.0
1192960 2583.0
1192970 2578.4
1192980 2571.8
1192990 2559.9
1193000 2559.9
1193010 2548.7
1193020 2538.8
1193030 2528.2
1193040 2528.2
1193050 2519.8
1193060 2513.4
1193070 2513.4
1193080 2503.6
1193090 2491.6
1193100 2491.6
1193110 2476.2
1193120 2461.4
1193130 2461.4
1193140 2449.8
1193150 2432.3
1193160 2432.3
1193170 2427.9
1193180 2431.7
1193190 2431.7
1193200 2436.7
1193210 2428.6
1193220 2428.6
1193230 2414.4
1193240 2397.0
1193250 2380.6
1193260 2380.6
1193270 2369.6
1193280 2360.8
1193290 2360.8
1193300 2341.0
1193310 2321.6
1193320 2321.6
1193330 2310.7
1193340 2300.8
1193350 2300.8
1193360 2294.9
1193370 2290.7
1193380 2290.7
1193390 2285.8
1193400 2280.6
1193410 2277.9
1193420 2273.4
1193430 2265.6
1193440 2265.6
1193450 2251.3
1193460 2237.9
1193470 2229.2
1193480 2229.2
1193490 2227.2
1193500 2225.1
1193510 2225.1
1193520 2217.8
1193530 2210.2
1193540 2210.2
1193550 2196.3
1193560 2185.9
1193570 2185.9
1193580 2176.3
1193590 2167.0
1193600 2167.0
1193610 2159.1
1193620 2146.6
1193630 2146.6
1193640 2128.8
1193650 2115.8
1193660 2106.6
1193670 2106.6
1193680 2102.5
1193690 2093.3
1193700 2093.3
1193710 2077.7
1193720 2067.7
1193730 2067.7
1193740 2058.1
1193750 2052.1
1193760 2052.1
1193770 2043.5
1193780 2034.1
1193790 2034.1
1193800 2025.3
1193810 2015.1
1193820 2015.1
1193830 2004.5
1193840 1995.2
1193850 1995.2
1193860 1987.5
1193870 1981.5
1193880 1977.3
1193890 1977.3
1193900 1972.2
1193910 1966.6
1193920 1966.6
1193930 1961.1
1193940 1953.5
1193950 1953.5
1193960 1946.0
1193970 1940.4
1193980 1940.4
1193990 1935.3
1194000 1930.6
1194010 1930.6
1194020 1926.3
1194030 1922.8
1194040 1922.8
1194050 1920.1
1194060 1918.6
1194070 1918.6
1194080 1916.2
1194090 1912.9
1194100 1911.5
1194110 1911.5
1194120 1910.3
1194130 1908.3
1194140 1908.3
1194150 1906.5
1194160 1905.4
1194170 1905.4
1194180 1899.0
1194190 1889.4
1194200 1889.4
1194210 1877.2
1194220 1865.0
1194230 1865.0
1194240 1863.8
1194250 1856.3
1194260 1856.3
1194270 1845.0
1194280 1827.1
1194290 1822.9
1194300 1822.9
1194310 1818.6
1194320 1813.8
1194330 1813.8
1194340 1809.3
1194350 1803.9
1194360 1803.9
1194370 1797.9
1194380 1791.2
1194390 1791.2
1194400 1783.5
1194410 1778.5
1194420 1778.5
1194430 1778.3
1194440 1779.9
1194450 1779.9
1194460 1776.0
1194470 1771.8
1194480 1771.8
1194490 1768.6
1194500 1759.3
1194510 1751.8
1194520 1751.8
1194530 1741.5
1194540 1738.0
1194550 1738.0
1194560 1734.2
1194570 1727.7
1194580 1727.7
1194590 1721.7
1194600 1717.7
1194610 1717.7
1194620 1716.3
1194630 1713.0
1194640 1713.0
1194650 1709.2
1194660 1704.1
1194670 1704.1
1194680 1699.8
1194690 1702.3
1194700 1702.3
1194710 1701.2
1194720 1688.5
1194730 1683.5
1194740 1683.5
1194750 1681.7
1194760 1677.8
1194770 1677.8
1194780 1672.8
1194790 1669.7
1194800 1669.7
1194810 1668.0
1194820 1670.8
1194830 1670.8
1194840 1672.1
1194850 1665.3
1194860 1665.3
1194870 1657.0
1194880 1656.4
1194890 1656.4
1194900 1657.7
1194910 1657.2
1194920 1657.2
1194930 1655.7
1194940 1651.7
1194950 1651.7
1194960 1651.7
1194970 1649.7
1194980 1638.5
1194990 1638.5
1195000 1627.3
1195010 1629.7
1195020 1629.7
1195030 1625.0
1195040 1628.4
1195050 1628.4
1195060 1623.4
1195070 1614.4
1195080 1614.4
1195090 1607.5
1195100 1600.3
1195110 1600.3
1195120 1581.5
1195130 1566.4
1195140 1549.5
1195150 1543.7
1195160 1532.2
1195170 1521.2
1195180 1521.2
1195190 1508.6
1195200 1491.2
1195210 1491.2
1195220 1474.1
1195230 1465.4
1195240 1465.4
1195250 1455.6
1195260 1445.4
1195270 1445.4
1195280 1437.1
1195290 1425.6
1195300 1425.6
1195310 1409.8
1195320 1402.5
1195330 1402.5
1195340 1396.8
1195350 1392.1
1195360 1387.7
1195370 1387.7
1195380 1384.3
1195390 1381.3
1195400 1381.3
1195410 1378.4
1195420 1375.7
1195430 1375.7
1195440 1370.7
1195450 1362.5
1195460 1362.5
1195470 1353.4
1195480 1344.8
1195490 1344.8
1195500 1337.2
1195510 1331.7
1195520 1331.7
1195530 1330.9
1195540 1330.3
1195550 1330.3
1195560 1329.8
1195570 1330.0
1195580 1329.6
1195590 1330.6
1195600 1333.3
1195610 1338.1
1195620 1338.1
1195630 1339.9
1195640 1342.1
1195650 1342.1
1195660 1345.0
1195670 1349.2
1195680 1349.2
1195690 1354.5
1195700 1359.7
1195710 1359.7
1195720 1364.6
1195730 1369.4
1195740 1369.4
1195750 1374.4
1195760 1378.6
1195770 1383.0
1195780 1383.0
1195790 1387.8
1195800 1392.8
1195810 1392.8
1195820 1398.4
1195830 1404.6
1195840 1404.6
1195850 1410.5
1195860 1416.2
1195870 1416.2
1195880 1422.5
1195890 1427.8
1195900 1427.8
1195910 1434.1
1195920 1440.9
1195930 1440.9
1195940 1447.8
1195950 1454.3
1195960 1454.3
1195970 1460.9
1195980 1467.3
1195990 1473.5
1196000 1473.5
1196010 1479.5
1196020 1485.6
1196030 1484.4
1196040 1490.4
1196050 1496.3
1196060 1496.3
1196070 1503.1
1196080 1509.8
1196090 1509.8
1196100 1516.7
1196110 1523.8
1196120 1523.8
1196130 1530.6
1196140 1536.8
1196150 1536.8
1196160 1542.4
1196170 1549.5
1196180 1549.5
1196190 1562.1
1196200 1592.4
1196210 1621.8
1196220 1621.8
1196230 1630.7
1196240 1635.5
1196250 1635.5
1196260 1635.4
1196270 1636.5
1196280 1636.5
1196290 1640.0
1196300 1647.1
1196310 1647.1
1196320 1662.3
1196330 1675.7
1196340 1675.7
1196350 1691.8
1196360 1704.9
1196370 1704.9
1196380 1712.8
1196390 1726.2
1196400 1739.3
1196410 1739.3
1196420 1747.6
1196430 1753.1
1196440 1753.1
1196450 1755.1
1196460 1757.8
1196470 1771.2
1196480 1775.8
1196490 1782.2
1196500 1782.2
1196510 1792.1
1196520 1803.5
1196530 1803.5
1196540 1815.4
1196550 1827.0
1196560 1827.0
1196570 1833.1
1196580 1841.6
1196590 1841.6
1196600 1852.5
1196610 1855.3
1196620 1858.2
1196630 1858.2
1196640 1861.6
1196650 1866.6
1196660 1866.6
1196670 1870.0
1196680 1871.8
1196690 1871.8
1196700 1875.8
1196710 1887.7
1196720 1887.7
1196730 1903.9
1196740 1917.8
1196750 1917.8
1196760 1938.3
1196770 1972.7
1196780 1972.7
1196790 1985.0
1196800 1994.0
1196810 1994.0
1196820 2027.3
1196830 2057.6
1196840 2064.0
1196850 2064.0
1196860 2065.6
1196870 2063.8
1196880 2063.8
1196890 2061.1
1196900 2061.9
1196910 2073.5
1196920 2073.3
1196930 2076.9
1196940 2076.9
1196950 2079.2
1196960 2081.5
1196970 2081.5
1196980 2084.6
1196990 2088.6
1197000 2088.6
1197010 2092.8
1197020 2097.6
1197030 2101.3
1197040 2101.3
1197050 2104.1
1197060 2109.1
1197070 2109.1
1197080 2112.0
1197090 2111.7
1197100 2111.7
1197110 2112.2
1197120 2112.1
1197130 2112.1
1197140 2110.9
1197150 2110.8
1197160 2110.8
1197170 2112.0
1197180 2112.0
1197190 2112.0
1197200 2112.9
1197210 2114.1
1197220 2114.1
1197230 2112.2
1197240 2106.9
1197250 2103.4
1197260 2103.4
1197270 2100.6
1197280 2098.8
1197290 2098.8
1197300 2094.4
1197310 2092.2
1197320 2092.2
1197330 2093.5
1197340 2095.1
1197350 2105.8
1197360 2104.3
1197370 2102.8
1197380 2102.8
1197390 2101.8
1197400 2100.6
1197410 2100.6
1197420 2102.6
1197430 2107.8
1197440 2107.8
1197450 2109.3
1197460 2106.1
1197470 2098.7
1197480 2098.7
1197490 2093.3
1197500 2111.0
1197510 2111.0
1197520 2128.7
1197530 2139.1
1197540 2139.1
1197550 2148.3
1197560 2156.6
1197570 2156.6
1197580 2164.1
1197590 2168.6
1197600 2168.6
1197610 2171.0
1197620 2171.9
1197630 2171.9
1197640 2176.4
1197650 2183.9
1197660 2183.9
1197670 2194.2
1197680 2203.6
1197690 2212.5
1197700 2212.5
1197710 2218.8
1197720 2219.2
1197730 2219.2
1197740 2217.8
1197750 2220.9
1197760 2220.9
1197770 2228.3
1197780 2233.4
1197790 2239.7
1197800 2242.2
1197810 2248.4
1197820 2248.4
1197830 2255.4
1197840 2259.8
1197850 2259.8
1197860 2261.5
1197870 2260.3
1197880 2263.2
1197890 2263.2
1197900 2266.2
1197910 2269.2
1197920 2269.2
1197930 2276.7
1197940 2285.0
1197950 2285.0
1197960 2294.3
1197970 2301.5
1197980 2301.5
1197990 2304.4
1198000 2306.4
1198010 2306.4
1198020 2309.9
1198030 2317.1
1198040 2317.1
1198050 2326.0
1198060 2336.3
1198070 2336.3
1198080 2346.5
1198090 2353.3
1198100 2360.9
1198110 2360.9
1198120 2370.3
1198130 2379.4
1198140 2379.4
1198150 2387.2
1198160 2394.3
1198170 2394.3
1198180 2402.0
1198190 2411.0
1198200 2411.0
1198210 2419.5
1198220 2427.5
1198230 2427.1
1198240 2434.6
1198250 2442.3
1198260 2442.3
1198270 2450.0
1198280 2458.6
1198290 2458.6
1198300 2470.2
1198310 2482.6
1198320 2495.4
1198330 2495.4
1198340 2505.0
1198350 2507.0
1198360 2507.0
1198370 2508.0
1198380 2514.8
1198390 2514.8
1198400 2524.8
1198410 2535.3
1198420 2535.3
1198430 2545.5
1198440 2552.3
1198450 2552.3
1198460 2558.1
1198470 2564.8
1198480 2564.8
1198490 2569.9
1198500 2565.5
1198510 2559.6
1198520 2559.6
1198530 2550.4
1198540 2541.9
1198550 2541.9
1198560 2533.2
1198570 2519.9
1198580 2519.9
1198590 2511.5
1198600 2505.8
1198610 2505.8
1198620 2500.0
1198630 2491.0
1198640 2491.0
1198650 2484.2
1198660 2478.6
1198670 2483.5
1198680 2478.6
1198690 2475.6
1198700 2475.6
1198710 2474.2
1198720 2472.9
1198730 2471.5
1198740 2471.5
1198750 2470.6
1198760 2469.8
1198770 2469.8
1198780 2468.7
1198790 2467.2
1198800 2467.2
1198810 2465.3
1198820 2463.3
1198830 2463.3
1198840 2461.2
1198850 2458.6
1198860 2458.6
1198870 2455.6
1198880 2452.2
1198890 2452.2
1198900 2449.0
1198910 2446.6
1198920 2446.6
1198930 2444.5
1198940 2442.7
1198950 2441.1
1198960 2441.1
1198970 2440.2
1198980 2439.9
1198990 2439.9
1199000 2441.0
1199010 2441.9
1199020 2441.9
1199030 2442.5
1199040 2441.5
1199050 2441.5
1199060 2440.4
1199070 2441.0
1199080 2441.0
1199090 2440.9
1199100 2437.4
1199110 2437.4
1199120 2436.6
1199130 2431.5
1199140 2426.2
1199150 2426.2
1199160 2419.2
1199170 2411.3
1199180 2411.3
1199190 2405.1
1199200 2398.1
1199210 2398.1
1199220 2393.1
1199230 2390.6
1199240 2390.6
1199250 2388.2
1199260 2385.3
1199270 2385.3
1199280 2381.1
1199290 2376.0
1199300 2376.0
1199310 2370.9
1199320 2365.3
1199330 2365.3
1199340 2359.8
1199350 2354.1
1199360 2348.7
1199370 2348.7
1199380 2343.7
1199390 2338.3
1199400 2338.3
1199410 2333.8
1199420 2328.0
1199430 2328.0
1199440 2320.7
1199450 2313.7
1199460 2313.7
1199470 2306.9
1199480 2299.3
1199490 2299.3
1199500 2291.3
1199510 2284.4
1199520 2284.4
1199530 2281.7
1199540 2279.5
1199550 2279.5
1199560 2278.6
1199570 2275.3
1199580 2271.1
1199590 2271.1
1199600 2267.7
1199610 2266.1
1199620 2266.1
1199630 2264.7
1199640 2263.9
1199650 2263.9
1199660 2263.2
1199670 2262.5
1199680 2262.5
1199690 2262.5
1199700 2262.7
1199710 2262.7
1199720 2264.8
1199730 2269.0
1199740 2269.0
1199750 2269.1
1199760 2269.3
1199770 2272.1
1199780 2272.1
1199790 2272.2
1199800 2273.6
1199810 2273.6
1199820 2275.5
1199830 2277.4
1199840 2277.4
1199850 2279.2
1199860 2280.8
1199870 2280.8
1199880 2281.7
1199890 2282.7
1199900 2282.7
1199910 2284.9
1199920 2287.8
1199930 2287.8
1199940 2290.5
1199950 2292.9
1199960 2292.9
1199970 2296.2
1199980 2300.2
1199990 2304.5
