1180000 1223.6
1180010 1218.6
1180020 1213.9
1180030 1213.9
1180040 1210.6
1180050 1207.5
1180060 1207.5
1180070 1204.8
1180080 1199.6
1180090 1199.6
1180100 1192.1
1180110 1184.0
1180120 1184.0
1180130 1174.6
1180140 1164.9
1180150 1164.9
1180160 1156.1
1180170 1150.4
1180180 1150.4
1180190 1147.5
1180200 1144.5
1180210 1144.5
1180220 1141.6
1180230 1141.4
1180240 1143.6
1180250 1143.6
1180260 1146.9
1180270 1144.3
1180280 1144.3
1180290 1141.0
1180300 1128.4
1180310 1128.4
1180320 1126.3
1180330 1125.7
1180340 1125.7
1180350 1124.3
1180360 1122.6
1180370 1122.6
1180380 1117.7
1180390 1111.1
1180400 1111.1
1180410 1104.4
1180420 1097.8
1180430 1092.0
1180440 1092.0
1180450 1087.1
1180460 1082.4
1180470 1082.4
1180480 1078.1
1180490 1072.9
1180500 1072.9
1180510 1067.6
1180520 1062.6
1180530 1062.6
1180540 1058.5
1180550 1054.8
1180560 1054.8
1180570 1049.9
1180580 1044.5
1180590 1044.5
1180600 1039.2
1180610 1035.0
1180620 1035.0
1180630 1028.3
1180640 1021.3
1180650 1015.4
1180660 1015.4
1180670 1010.8
1180680 1006.4
1180690 1006.4
1180700 1002.2
1180710 998.5
1180720 995.3
1180730 991.3
1180740 986.3
1180750 986.3
1180760 980.0
1180770 975.4
1180780 975.4
1180790 972.1
1180800 967.4
1180810 967.4
1180820 961.9
1180830 956.2
1180840 956.2
1180850 948.1
1180860 940.7
1180870 935.5
1180880 935.5
1180890 930.9
1180900 927.8
1180910 927.8
1180920 925.4
1180930 924.2
1180940 924.2
1180950 923.4
1180960 922.9
1180970 922.9
1180980 922.4
1180990 922.2
1181000 922.2
1181010 922.2
1181020 922.2
1181030 922.2
1181040 922.1
1181050 922.0
1181060 922.0
1181070 922.0
1181080 922.2
1181090 922.2
1181100 922.2
1181110 922.0
1181120 921.7
1181130 921.7
1181140 920.6
1181150 919.8
1181160 919.8
1181170 919.3
1181180 919.0
1181190 919.0
1181200 918.6
1181210 917.6
1181220 917.6
1181230 915.5
1181240 912.9
1181250 912.9
1181260 911.0
1181270 909.7
1181280 908.5
1181290 908.5
1181300 907.5
1181310 906.9
1181320 906.9
1181330 906.6
1181340 906.5
1181350 906.5
1181360 906.4
1181370 906.4
1181380 906.4
1181390 906.3
1181400 906.2
1181410 906.2
1181420 906.2
1181430 906.3
1181440 906.3
1181450 906.5
1181460 907.1
1181470 907.1
1181480 908.0
1181490 908.5
1181500 909.0
1181510 909.0
1181520 909.2
1181530 909.4
1181540 909.4
1181550 914.6
1181560 916.3
1181570 916.3
1181580 917.3
1181590 918.1
1181600 918.1
1181610 918.7
1181620 918.9
1181630 918.9
1181640 918.9
1181650 919.0
1181660 919.0
1181670 919.2
1181680 919.4
1181690 919.4
1181700 919.5
1181710 919.6
1181720 919.2
1181730 919.2
1181740 918.7
1181750 918.4
1181760 918.4
1181770 918.3
1181780 918.1
1181790 918.1
1181800 918.0
1181810 917.9
1181820 917.9
1181830 917.9
1181840 918.1
1181850 918.1
1181860 918.3
1181870 918.2
1181880 918.2
1181890 917.9
1181900 917.7
1181910 917.7
1181920 917.8
1181930 919.3
1181940 922.4
1181950 922.4
1181960 924.7
1181970 923.4
1181980 923.4
1181990 921.1
1182000 919.4
1182010 919.4
1182020 918.5
1182030 918.5
1182040 918.5
1182050 918.5
1182060 918.8
1182070 918.8
1182080 919.3
1182090 919.9
1182100 919.9
1182110 920.6
1182120 921.4
1182130 921.4
1182140 922.1
1182150 922.9
1182160 923.8
1182170 923.8
1182180 924.6
1182190 925.3
1182200 925.3
1182210 926.4
1182220 927.4
1182230 927.4
1182240 928.2
1182250 929.1
1182260 929.1
1182270 930.3
1182280 931.5
1182290 931.5
1182300 933.1
1182310 935.4
1182320 935.4
1182330 938.5
1182340 940.5
1182350 943.0
1182360 943.0
1182370 946.1
1182380 948.4
1182390 951.8
1182400 954.3
1182410 957.2
1182420 957.2
1182430 960.0
1182440 962.5
1182450 962.5
1182460 964.4
1182470 966.2
1182480 966.2
1182490 968.0
1182500 969.6
1182510 969.6
1182520 971.4
1182530 973.5
1182540 973.5
1182550 976.0
1182560 978.3
1182570 979.6
1182580 979.6
1182590 979.9
1182600 980.8
1182610 980.8
1182620 982.9
1182630 987.3
1182640 987.3
1182650 991.9
1182660 997.7
1182670 997.7
1182680 1002.5
1182690 1005.1
1182700 1005.1
1182710 1004.9
1182720 1001.3
1182730 1001.3
1182740 1001.2
1182750 1003.5
1182760 1003.5
1182770 1004.8
1182780 1004.6
1182790 1004.7
1182800 1004.7
1182810 1012.1
1182820 1012.3
1182830 1012.3
1182840 1017.4
1182850 1030.2
1182860 1030.2
1182870 1041.6
1182880 1052.2
1182890 1052.2
1182900 1062.0
1182910 1074.0
1182920 1074.0
1182930 1097.2
1182940 1115.0
1182950 1115.0
1182960 1139.1
1182970 1149.6
1182980 1149.6
1182990 1154.0
1183000 1157.0
1183010 1158.7
1183020 1158.7
1183030 1160.7
1183040 1168.3
1183050 1168.3
1183060 1175.0
1183070 1178.4
1183080 1178.4
1183090 1182.5
1183100 1189.5
1183110 1189.5
1183120 1197.4
1183130 1205.4
1183140 1205.4
1183150 1214.9
1183160 1225.6
1183170 1225.6
1183180 1239.6
1183190 1253.5
1183200 1267.7
1183210 1267.7
1183220 1286.2
1183230 1293.3
1183240 1293.3
1183250 1299.8
1183260 1310.5
1183270 1310.5
1183280 1317.8
1183290 1329.8
1183300 1329.8
1183310 1339.6
1183320 1347.4
1183330 1347.4
1183340 1354.5
1183350 1365.8
1183360 1365.8
1183370 1376.2
1183380 1384.8
1183390 1384.8
1183400 1392.0
1183410 1400.5
1183420 1407.8
1183430 1407.8
1183440 1413.5
1183450 1418.8
1183460 1418.8
1183470 1423.6
1183480 1429.0
1183490 1429.0
1183500 1435.6
1183510 1443.3
1183520 1443.3
1183530 1450.2
1183540 1452.4
1183550 1452.4
1183560 1450.8
1183570 1450.6
1183580 1450.6
1183590 1452.1
1183600 1454.2
1183610 1454.2
1183620 1457.5
1183630 1462.2
1183640 1467.5
1183650 1471.9
1183660 1478.9
1183670 1487.2
1183680 1487.2
1183690 1496.3
1183700 1504.6
1183710 1504.6
1183720 1511.2
1183730 1514.9
1183740 1514.9
1183750 1517.6
1183760 1522.0
1183770 1522.0
1183780 1527.5
1183790 1533.7
1183800 1533.7
1183810 1540.0
1183820 1545.7
1183830 1545.7
1183840 1551.1
1183850 1556.4
1183860 1563.3
1183870 1563.3
1183880 1569.6
1183890 1572.3
1183900 1572.3
1183910 1573.7
1183920 1575.2
1183930 1575.2
1183940 1575.0
1183950 1575.7
1183960 1575.7
1183970 1577.6
1183980 1579.0
1183990 1579.0
1184000 1580.3
1184010 1581.7
1184020 1581.7
1184030 1583.1
1184040 1586.4
1184050 1591.1
1184060 1591.1
1184070 1600.8
1184080 1608.7
1184090 1608.7
1184100 1616.9
1184110 1624.3
1184120 1624.3
1184130 1629.6
1184140 1634.7
1184150 1634.7
1184160 1638.1
1184170 1641.2
1184180 1641.2
1184190 1646.0
1184200 1653.0
1184210 1653.0
1184220 1661.2
1184230 1667.7
1184240 1667.7
1184250 1673.3
1184260 1678.3
1184270 1681.4
1184280 1681.4
1184290 1683.7
1184300 1687.2
1184310 1687.2
1184320 1691.6
1184330 1694.8
1184340 1694.8
1184350 1696.1
1184360 1696.1
1184370 1696.1
1184380 1695.6
1184390 1694.9
1184400 1694.9
1184410 1696.3
1184420 1698.4
1184430 1698.4
1184440 1701.7
1184450 1707.9
1184460 1707.9
1184470 1715.4
1184480 1721.2
1184490 1726.2
1184500 1729.6
1184510 1732.7
1184520 1734.9
1184530 1734.9
1184540 1736.3
1184550 1738.9
1184560 1738.9
1184570 1744.5
1184580 1750.9
1184590 1750.9
1184600 1759.4
1184610 1766.5
1184620 1766.5
1184630 1769.0
1184640 1770.5
1184650 1770.5
1184660 1770.7
1184670 1770.4
1184680 1770.4
1184690 1770.0
1184700 1770.4
1184710 1769.5
1184720 1769.5
1184730 1768.5
1184740 1767.8
1184750 1767.8
1184760 1766.6
1184770 1766.1
1184780 1766.1
1184790 1766.7
1184800 1768.7
1184810 1768.7
1184820 1770.7
1184830 1772.5
1184840 1772.5
1184850 1773.0
1184860 1772.7
1184870 1772.7
1184880 1773.4
1184890 1774.9
1184900 1777.7
1184910 1777.7
1184920 1785.9
1184930 1788.1
1184940 1788.1
1184950 1791.5
1184960 1795.6
1184970 1795.6
1184980 1799.8
1184990 1803.8
1185000 1803.8
1185010 1815.2
1185020 1829.0
1185030 1829.0
1185040 1832.2
1185050 1831.7
1185060 1831.7
1185070 1829.2
1185080 1824.3
1185090 1824.3
1185100 1816.9
1185110 1810.8
1185120 1806.3
1185130 1806.3
1185140 1804.2
1185150 1803.8
1185160 1803.8
1185170 1804.4
1185180 1804.7
1185190 1804.7
1185200 1804.7
1185210 1803.3
1185220 1803.3
1185230 1801.8
1185240 1799.5
1185250 1799.5
1185260 1795.9
1185270 1791.3
1185280 1791.3
1185290 1786.1
1185300 1780.4
1185310 1780.4
1185320 1774.7
1185330 1769.0
1185340 1768.6
1185350 1768.6
1185360 1762.8
1185370 1757.8
1185380 1757.8
1185390 1753.1
1185400 1748.2
1185410 1748.2
1185420 1743.3
1185430 1738.1
1185440 1738.1
1185450 1734.3
1185460 1729.7
1185470 1729.7
1185480 1725.4
1185490 1720.9
1185500 1720.9
1185510 1716.0
1185520 1711.1
1185530 1711.1
1185540 1706.4
1185550 1701.8
1185560 1697.8
1185570 1697.8
1185580 1695.4
1185590 1695.4
1185600 1695.4
1185610 1700.8
1185620 1708.0
1185630 1708.0
1185640 1715.4
1185650 1722.5
1185660 1722.5
1185670 1728.4
1185680 1729.9
1185690 1729.9
1185700 1728.2
1185710 1725.8
1185720 1725.8
1185730 1724.3
1185740 1724.4
1185750 1724.4
1185760 1725.8
1185770 1734.3
1185780 1737.0
1185790 1737.0
1185800 1737.9
1185810 1738.3
1185820 1738.3
1185830 1738.0
1185840 1737.1
1185850 1737.1
1185860 1735.3
1185870 1732.4
1185880 1732.4
1185890 1729.4
1185900 1726.2
1185910 1726.2
1185920 1722.1
1185930 1717.9
1185940 1717.9
1185950 1713.9
1185960 1709.9
1185970 1706.9
1185980 1706.9
1185990 1704.0
1186000 1700.8
1186010 1700.8
1186020 1697.9
1186030 1694.6
1186040 1694.6
1186050 1691.3
1186060 1687.9
1186070 1687.9
1186080 1684.5
1186090 1681.1
1186100 1681.1
1186110 1679.5
1186120 1678.9
1186130 1678.9
1186140 1676.5
1186150 1674.7
1186160 1674.7
1186170 1671.5
1186180 1669.1
1186190 1672.8
1186200 1672.8
1186210 1672.1
1186220 1670.9
1186230 1670.9
1186240 1667.2
1186250 1663.0
1186260 1663.0
1186270 1659.2
1186280 1655.2
1186290 1655.2
1186300 1652.4
1186310 1652.1
1186320 1652.1
1186330 1651.4
1186340 1645.7
1186350 1645.7
1186360 1641.6
1186370 1640.0
1186380 1640.0
1186390 1640.1
1186400 1636.2
1186410 1633.0
1186420 1633.0
1186430 1631.3
1186440 1629.3
1186450 1629.3
1186460 1625.5
1186470 1621.9
1186480 1621.9
1186490 1617.9
1186500 1608.5
1186510 1608.5
1186520 1599.9
1186530 1590.6
1186540 1590.6
1186550 1583.0
1186560 1576.9
1186570 1576.9
1186580 1572.5
1186590 1567.0
1186600 1567.0
1186610 1550.8
1186620 1541.6
1186630 1536.2
1186640 1536.2
1186650 1549.2
1186660 1554.4
1186670 1554.4
1186680 1547.0
1186690 1541.5
1186700 1541.5
1186710 1542.3
1186720 1536.0
1186730 1536.0
1186740 1527.0
1186750 1523.2
1186760 1523.2
1186770 1525.2
1186780 1521.0
1186790 1521.0
1186800 1517.2
1186810 1514.1
1186820 1510.9
1186830 1510.9
1186840 1514.1
1186850 1521.7
1186860 1521.7
1186870 1528.1
1186880 1531.5
1186890 1531.5
1186900 1534.1
1186910 1537.5
1186920 1537.5
1186930 1541.5
1186940 1545.8
1186950 1545.8
1186960 1551.1
1186970 1557.5
1186980 1557.5
1186990 1564.3
1187000 1571.4
1187010 1571.4
1187020 1578.7
1187030 1586.4
1187040 1594.5
1187050 1594.5
1187060 1602.5
1187070 1610.5
1187080 1610.5
1187090 1621.7
1187100 1635.0
1187110 1635.0
1187120 1643.5
1187130 1646.8
1187140 1646.8
1187150 1649.2
1187160 1654.6
1187170 1654.6
1187180 1662.0
1187190 1670.6
1187200 1670.6
1187210 1679.6
1187220 1689.0
1187230 1689.0
1187240 1705.2
1187250 1721.9
1187260 1733.8
1187270 1733.8
1187280 1743.6
1187290 1751.7
1187300 1751.7
1187310 1758.6
1187320 1765.6
1187330 1765.6
1187340 1773.2
1187350 1781.2
1187360 1781.2
1187370 1789.7
1187380 1798.8
1187390 1798.8
1187400 1808.3
1187410 1819.5
1187420 1819.5
1187430 1830.3
1187440 1838.8
1187450 1838.8
1187460 1846.5
1187470 1847.7
1187480 1855.2
1187490 1855.2
1187500 1862.3
1187510 1869.3
1187520 1869.3
1187530 1876.6
1187540 1885.3
1187550 1885.3
1187560 1893.7
1187570 1897.5
1187580 1897.5
1187590 1898.4
1187600 1896.8
1187610 1896.8
1187620 1892.8
1187630 1888.6
1187640 1888.6
1187650 1882.5
1187660 1874.9
1187670 1867.3
1187680 1867.3
1187690 1859.5
1187700 1851.3
1187710 1851.3
1187720 1843.0
1187730 1834.5
1187740 1834.5
1187750 1826.7
1187760 1819.2
1187770 1819.2
1187780 1812.0
1187790 1804.1
1187800 1804.1
1187810 1794.6
1187820 1785.6
1187830 1785.6
1187840 1775.3
1187850 1765.0
1187860 1765.0
1187870 1752.9
1187880 1741.0
1187890 1737.5
1187900 1737.5
1187910 1725.6
1187920 1717.6
1187930 1717.6
1187940 1710.8
1187950 1704.0
1187960 1704.0
1187970 1697.7
1187980 1690.8
1187990 1690.8
1188000 1685.2
1188010 1681.8
1188020 1681.8
1188030 1678.7
1188040 1675.2
1188050 1675.2
1188060 1671.2
1188070 1666.7
1188080 1666.7
1188090 1661.8
1188100 1659.0
1188110 1659.1
1188120 1659.1
1188130 1661.0
1188140 1662.8
1188150 1662.8
1188160 1665.9
1188170 1669.7
1188180 1669.7
1188190 1676.3
1188200 1683.7
1188210 1683.7
1188220 1690.8
1188230 1697.8
1188240 1697.8
1188250 1704.8
1188260 1711.4
1188270 1711.4
1188280 1717.8
1188290 1723.9
1188300 1723.9
1188310 1728.6
1188320 1732.5
1188330 1738.8
1188340 1738.8
1188350 1744.9
1188360 1751.1
1188370 1751.1
1188380 1757.1
1188390 1763.0
1188400 1763.0
1188410 1768.9
1188420 1774.3
1188430 1774.3
1188440 1779.6
1188450 1784.2
1188460 1784.2
1188470 1788.7
1188480 1794.7
1188490 1794.7
1188500 1801.9
1188510 1809.3
1188520 1815.2
1188530 1815.2
1188540 1824.8
1188550 1837.4
1188560 1837.4
1188570 1850.4
1188580 1862.8
1188590 1862.8
1188600 1873.5
1188610 1880.9
1188620 1880.9
1188630 1889.5
1188640 1900.2
1188650 1900.2
1188660 1907.4
1188670 1911.0
1188680 1911.0
1188690 1912.0
1188700 1915.6
1188710 1915.6
1188720 1915.2
1188730 1912.3
1188740 1910.1
1188750 1918.9
1188760 1924.4
1188770 1922.8
1188780 1922.8
1188790 1922.8
1188800 1927.8
1188810 1927.8
1188820 1934.4
1188830 1940.4
1188840 1940.4
1188850 1946.6
1188860 1955.9
1188870 1955.9
1188880 1966.3
1188890 1973.7
1188900 1973.7
1188910 1977.7
1188920 1980.5
1188930 1980.5
1188940 1981.8
1188950 1986.7
1188960 1989.9
1188970 1989.9
1188980 1997.1
1188990 2007.2
1189000 2007.2
1189010 2015.9
1189020 2023.3
1189030 2023.3
1189040 2030.4
1189050 2036.3
1189060 2036.3
1189070 2043.2
1189080 2048.4
1189090 2048.4
1189100 2053.0
1189110 2060.2
1189120 2060.2
1189130 2069.5
1189140 2081.6
1189150 2081.6
1189160 2091.9
1189170 2100.4
1189180 2108.9
1189190 2108.9
1189200 2116.2
1189210 2122.8
1189220 2122.8
1189230 2129.7
1189240 2136.9
1189250 2136.9
1189260 2144.2
1189270 2151.2
1189280 2151.2
1189290 2158.5
1189300 2165.4
1189310 2165.4
1189320 2171.0
1189330 2175.7
1189340 2175.7
1189350 2179.7
1189360 2182.8
1189370 2182.8
1189380 2185.6
1189390 2188.3
1189400 2190.6
1189410 2190.6
1189420 2193.0
1189430 2194.6
1189440 2194.6
1189450 2195.6
1189460 2197.0
1189470 2197.0
1189480 2198.6
1189490 2200.4
1189500 2200.4
1189510 2202.2
1189520 2204.6
1189530 2204.6
1189540 2206.9
1189550 2209.9
1189560 2209.9
1189570 2213.0
1189580 2215.5
1189590 2215.5
1189600 2215.5
1189610 2214.5
1189620 2216.3
1189630 2216.3
1189640 2218.1
1189650 2219.3
1189660 2219.3
1189670 2220.3
1189680 2221.4
1189690 2221.4
1189700 2222.8
1189710 2225.7
1189720 2225.7
1189730 2228.8
1189740 2233.1
1189750 2233.1
1189760 2238.5
1189770 2242.6
1189780 2242.6
1189790 2246.2
1189800 2249.3
1189810 2250.9
1189820 2250.9
1189830 2252.6
1189840 2255.4
1189850 2255.4
1189860 2257.0
1189870 2260.5
1189880 2260.5
1189890 2265.1
1189900 2269.8
1189910 2269.8
1189920 2274.7
1189930 2281.7
1189940 2281.7
1189950 2289.0
1189960 2294.9
1189970 2294.9
1189980 2300.6
1189990 2306.0
1190000 2306.0
1190010 2311.5
1190020 2316.8
1190030 2322.3
1190040 2319.2
1190050 2324.6
1190060 2330.0
1190070 2330.0
1190080 2335.0
1190090 2340.9
1190100 2340.9
1190110 2347.2
1190120 2353.6
1190130 2353.6
1190140 2360.7
1190150 2367.4
1190160 2367.4
1190170 2373.9
1190180 2380.8
1190190 2380.8
1190200 2387.4
1190210 2393.4
1190220 2393.4
1190230 2398.5
1190240 2404.5
1190250 2410.9
1190260 2410.9
1190270 2417.3
1190280 2423.3
1190290 2423.3
1190300 2428.5
1190310 2434.3
1190320 2434.3
1190330 2440.1
1190340 2444.5
1190350 2444.5
1190360 2448.3
1190370 2453.9
1190380 2453.9
1190390 2460.4
1190400 2466.8
1190410 2466.8
1190420 2472.7
1190430 2477.6
1190440 2483.3
1190450 2483.3
1190460 2488.9
1190470 2488.1
1190480 2488.1
1190490 2494.5
1190500 2502.9
1190510 2502.9
1190520 2510.2
1190530 2513.2
1190540 2513.2
1190550 2514.1
1190560 2516.1
1190570 2516.1
1190580 2517.1
1190590 2514.4
1190600 2514.4
1190610 2510.1
1190620 2505.6
1190630 2505.6
1190640 2500.1
1190650 2495.5
1190660 2493.7
1190670 2493.7
1190680 2491.7
1190690 2491.6
1190700 2491.6
1190710 2489.0
1190720 2480.5
1190730 2480.5
1190740 2470.0
1190750 2463.2
1190760 2463.2
1190770 2456.9
1190780 2450.1
1190790 2450.1
1190800 2442.1
1190810 2434.9
1190820 2434.9
1190830 2428.8
1190840 2422.2
1190850 2422.2
1190860 2416.0
1190870 2410.5
1190880 2404.8
1190890 2404.8
1190900 2399.4
1190910 2393.2
1190920 2393.2
1190930 2387.9
1190940 2383.5
1190950 2383.5
1190960 2380.5
1190970 2381.3
1190980 2381.3
1190990 2384.4
1191000 2388.1
1191010 2388.1
1191020 2391.3
1191030 2390.1
1191040 2390.1
1191050 2383.2
1191060 2376.4
1191070 2376.4
1191080 2370.9
1191090 2366.6
1191100 2362.7
1191110 2362.7
1191120 2357.6
1191130 2352.7
1191140 2352.7
1191150 2349.8
1191160 2349.3
1191170 2349.3
1191180 2349.1
1191190 2351.6
1191200 2351.6
1191210 2353.4
1191220 2354.4
1191230 2354.4
1191240 2354.8
1191250 2354.8
1191260 2354.8
1191270 2354.6
1191280 2354.3
1191290 2353.4
1191300 2353.4
1191310 2353.5
1191320 2357.0
1191330 2363.2
1191340 2368.3
1191350 2373.4
1191360 2373.4
1191370 2378.3
1191380 2382.6
1191390 2382.6
1191400 2385.2
1191410 2385.0
1191420 2385.0
1191430 2387.6
1191440 2393.9
1191450 2393.9
1191460 2398.9
1191470 2404.2
1191480 2404.2
1191490 2410.0
1191500 2419.2
1191510 2428.6
1191520 2428.6
1191530 2436.7
1191540 2443.7
1191550 2443.7
1191560 2451.1
1191570 2458.6
1191580 2458.6
1191590 2465.7
1191600 2472.2
1191610 2472.2
1191620 2479.6
1191630 2488.2
1191640 2488.2
1191650 2496.3
1191660 2503.3
1191670 2503.3
1191680 2513.1
1191690 2522.9
1191700 2522.9
1191710 2532.3
1191720 2545.0
1191730 2553.3
1191740 2553.3
1191750 2553.9
1191760 2562.4
1191770 2562.4
1191780 2564.9
1191790 2570.5
1191800 2570.5
1191810 2576.6
1191820 2583.8
1191830 2583.8
1191840 2593.1
1191850 2603.6
1191860 2603.6
1191870 2610.6
1191880 2614.9
1191890 2614.9
1191900 2618.8
1191910 2623.9
1191920 2623.9
1191930 2624.9
1191940 2618.5
1191950 2611.8
1191960 2611.8
1191970 2605.7
1191980 2600.1
1191990 2600.1
1192000 2594.7
1192010 2587.7
1192020 2587.7
1192030 2580.3
1192040 2573.9
1192050 2573.9
1192060 2567.7
1192070 2561.3
1192080 2561.3
1192090 2554.6
1192100 2549.4
1192110 2549.4
1192120 2546.8
1192130 2543.9
1192140 2539.9
1192150 2539.9
1192160 2535.1
1192170 2530.6
1192180 2530.6
1192190 2521.8
1192200 2518.6
1192210 2518.6
1192220 2515.8
1192230 2512.2
1192240 2512.2
1192250 2508.6
1192260 2505.1
1192270 2505.1
1192280 2501.7
1192290 2498.2
1192300 2498.2
1192310 2494.7
1192320 2491.3
1192330 2491.3
1192340 2487.7
1192350 2484.3
1192360 2481.2
1192370 2481.2
1192380 2478.4
1192390 2475.7
1192400 2475.7
1192410 2472.7
1192420 2469.3
1192430 2469.3
1192440 2465.5
1192450 2461.0
1192460 2461.0
1192470 2456.0
1192480 2450.6
1192490 2450.6
1192500 2444.9
1192510 2439.3
1192520 2439.3
1192530 2434.4
1192540 2430.0
1192550 2430.0
1192560 2424.7
1192570 2419.6
1192580 2414.7
1192590 2414.7
1192600 2407.7
1192610 2400.7
1192620 2400.7
1192630 2389.1
1192640 2383.5
1192650 2383.5
1192660 2378.0
1192670 2372.0
1192680 2372.0
1192690 2366.2
1192700 2360.9
1192710 2360.9
1192720 2356.3
1192730 2350.9
1192740 2350.9
1192750 2344.5
1192760 2337.9
1192770 2337.9
1192780 2331.9
1192790 2326.4
1192800 2321.5
1192810 2321.5
1192820 2317.1
1192830 2314.6
1192840 2314.6
1192850 2311.8
1192860 2308.0
1192870 2308.0
1192880 2304.0
1192890 2300.3
1192900 2300.3
1192910 2297.4
1192920 2294.4
1192930 2294.4
1192940 2290.5
1192950 2286.7
1192960 2286.7
1192970 2283.6
1192980 2279.5
1192990 2279.5
1193000 2274.7
1193010 2269.3
1193020 2265.0
1193030 2265.0
1193040 2262.9
1193050 2258.0
1193060 2247.8
1193070 2242.6
1193080 2237.2
1193090 2237.2
1193100 2231.0
1193110 2225.4
1193120 2225.4
1193130 2219.8
1193140 2213.9
1193150 2213.9
1193160 2207.9
1193170 2201.8
1193180 2201.8
1193190 2196.3
1193200 2190.6
1193210 2185.3
1193220 2185.3
1193230 2181.1
1193240 2177.6
1193250 2177.6
1193260 2173.4
1193270 2168.4
1193280 2168.4
1193290 2163.1
1193300 2157.5
1193310 2157.5
1193320 2151.6
1193330 2145.7
1193340 2145.7
1193350 2139.6
1193360 2133.4
1193370 2133.4
1193380 2127.3
1193390 2120.6
1193400 2120.6
1193410 2113.8
1193420 2107.8
1193430 2101.7
1193440 2101.7
1193450 2095.2
1193460 2088.7
1193470 2088.7
1193480 2082.2
1193490 2077.0
1193500 2072.1
1193510 2068.1
1193520 2063.8
1193530 2063.8
1193540 2059.3
1193550 2054.5
1193560 2054.5
1193570 2050.6
1193580 2047.7
1193590 2047.7
1193600 2043.6
1193610 2038.7
1193620 2038.7
1193630 2032.8
1193640 2026.5
1193650 2019.5
1193660 2019.5
1193670 2013.4
1193680 2009.0
1193690 2009.0
1193700 2004.1
1193710 1998.9
1193720 1998.9
1193730 1992.9
1193740 1985.7
1193750 1985.7
1193760 1978.2
1193770 1972.1
1193780 1972.1
1193790 1966.3
1193800 1960.4
1193810 1960.4
1193820 1954.1
1193830 1947.7
1193840 1947.7
1193850 1941.1
1193860 1933.5
1193870 1927.4
1193880 1927.4
1193890 1926.6
1193900 1924.9
1193910 1924.9
1193920 1919.3
1193930 1936.4
1193940 1936.4
1193950 1932.7
1193960 1938.5
1193970 1938.5
1193980 1937.6
1193990 1932.6
1194000 1932.6
1194010 1923.3
1194020 1911.9
1194030 1911.9
1194040 1908.7
1194050 1905.7
1194060 1898.4
1194070 1898.4
1194080 1902.2
1194090 1892.9
1194100 1892.9
1194110 1882.6
1194120 1875.3
1194130 1875.3
1194140 1867.8
1194150 1858.5
1194160 1858.5
1194170 1849.0
1194180 1840.5
1194190 1840.5
1194200 1831.0
1194210 1818.7
1194220 1818.7
1194230 1811.3
1194240 1805.8
1194250 1805.8
1194260 1801.7
1194270 1798.5
1194280 1792.1
1194290 1792.1
1194300 1784.8
1194310 1777.1
1194320 1777.1
1194330 1769.4
1194340 1761.6
1194350 1761.6
1194360 1755.1
1194370 1757.7
1194380 1757.7
1194390 1751.2
1194400 1744.7
1194410 1744.7
1194420 1736.1
1194430 1729.0
1194440 1729.0
1194450 1723.5
1194460 1716.7
1194470 1716.7
1194480 1705.6
1194490 1695.7
1194500 1689.7
1194510 1689.7
1194520 1684.9
1194530 1679.9
1194540 1679.9
1194550 1673.7
1194560 1670.7
1194570 1670.7
1194580 1667.5
1194590 1663.8
1194600 1663.8
1194610 1660.0
1194620 1656.8
1194630 1656.8
1194640 1654.7
1194650 1654.7
1194660 1654.7
1194670 1652.3
1194680 1650.6
1194690 1650.6
1194700 1649.3
1194710 1645.9
1194720 1644.3
1194730 1644.3
1194740 1642.9
1194750 1640.5
1194760 1640.5
1194770 1639.0
1194780 1636.0
1194790 1636.0
1194800 1629.4
1194810 1615.3
1194820 1615.3
1194830 1611.1
1194840 1606.7
1194850 1606.7
1194860 1597.0
1194870 1584.0
1194880 1584.0
1194890 1574.1
1194900 1564.6
1194910 1549.8
1194920 1549.8
1194930 1540.6
1194940 1534.9
1194950 1534.9
1194960 1519.5
1194970 1510.9
1194980 1510.9
1194990 1504.2
1195000 1497.4
1195010 1497.4
1195020 1489.7
1195030 1482.3
1195040 1482.3
1195050 1474.9
1195060 1465.2
1195070 1465.2
1195080 1452.2
1195090 1442.2
1195100 1442.2
1195110 1438.5
1195120 1435.5
1195130 1433.8
1195140 1433.8
1195150 1434.7
1195160 1436.3
1195170 1436.3
1195180 1436.5
1195190 1435.6
1195200 1435.6
1195210 1434.8
1195220 1433.6
1195230 1433.6
1195240 1425.8
1195250 1425.2
1195260 1425.2
1195270 1423.3
1195280 1420.6
1195290 1420.6
1195300 1418.3
1195310 1417.1
1195320 1417.1
1195330 1415.7
1195340 1412.6
1195350 1408.5
1195360 1408.5
1195370 1403.7
1195380 1398.0
1195390 1398.0
1195400 1392.0
1195410 1386.0
1195420 1386.0
1195430 1380.6
1195440 1374.8
1195450 1374.8
1195460 1369.4
1195470 1364.7
1195480 1364.7
1195490 1359.4
1195500 1353.8
1195510 1353.8
1195520 1348.4
1195530 1343.0
1195540 1343.0
1195550 1338.1
1195560 1333.0
1195570 1327.3
1195580 1327.3
1195590 1322.6
1195600 1320.3
1195610 1320.3
1195620 1319.6
1195630 1319.2
1195640 1319.2
1195650 1318.6
1195660 1317.3
1195670 1317.3
1195680 1309.2
1195690 1307.4
1195700 1307.4
1195710 1305.8
1195720 1304.0
1195730 1304.0
1195740 1302.5
1195750 1301.1
1195760 1300.0
1195770 1300.0
1195780 1299.6
1195790 1299.2
1195800 1299.2
1195810 1298.8
1195820 1298.7
1195830 1298.7
1195840 1299.3
1195850 1299.5
1195860 1299.5
1195870 1299.5
1195880 1299.6
1195890 1299.6
1195900 1299.6
1195910 1299.6
1195920 1299.6
1195930 1299.5
1195940 1299.4
1195950 1299.4
1195960 1299.0
1195970 1297.4
1195980 1299.0
1195990 1299.0
1196000 1301.9
1196010 1304.4
1196020 1304.4
1196030 1306.8
1196040 1309.2
1196050 1309.2
1196060 1311.6
1196070 1314.0
1196080 1314.0
1196090 1316.6
1196100 1319.6
1196110 1319.6
1196120 1324.2
1196130 1327.4
1196140 1327.4
1196150 1330.5
1196160 1333.7
1196170 1333.7
1196180 1337.5
1196190 1341.3
1196200 1345.1
1196210 1345.1
1196220 1349.3
1196230 1353.8
1196240 1353.8
1196250 1358.2
1196260 1362.5
1196270 1362.5
1196280 1367.8
1196290 1373.0
1196300 1373.0
1196310 1378.3
1196320 1383.8
1196330 1383.8
1196340 1391.2
1196350 1399.2
1196360 1399.2
1196370 1406.5
1196380 1414.2
1196390 1414.2
1196400 1420.8
1196410 1427.7
1196420 1440.6
1196430 1440.6
1196440 1456.6
1196450 1465.6
1196460 1465.6
1196470 1472.0
1196480 1484.8
1196490 1484.8
1196500 1496.0
1196510 1504.9
1196520 1504.9
1196530 1513.4
1196540 1520.8
1196550 1520.8
1196560 1551.8
1196570 1561.8
1196580 1561.8
1196590 1574.8
1196600 1585.9
1196610 1591.1
1196620 1591.1
1196630 1595.4
1196640 1600.0
1196650 1600.0
1196660 1604.0
1196670 1604.5
1196680 1604.5
1196690 1594.7
1196700 1597.0
1196710 1597.0
1196720 1618.8
1196730 1626.3
1196740 1626.3
1196750 1628.7
1196760 1635.1
1196770 1635.1
1196780 1644.0
1196790 1650.6
1196800 1650.6
1196810 1655.5
1196820 1660.4
1196830 1665.6
1196840 1665.6
1196850 1671.0
1196860 1676.5
1196870 1676.5
1196880 1681.2
1196890 1685.4
1196900 1685.4
1196910 1690.1
1196920 1695.9
1196930 1695.9
1196940 1701.9
1196950 1707.5
1196960 1707.5
1196970 1712.2
1196980 1715.7
1196990 1715.7
1197000 1725.5
1197010 1736.9
1197020 1736.9
1197030 1749.0
1197040 1759.4
1197050 1768.7
1197060 1768.7
1197070 1776.0
1197080 1781.6
1197090 1781.6
1197100 1787.7
1197110 1793.8
1197120 1793.8
1197130 1800.2
1197140 1808.2
1197150 1808.2
1197160 1817.0
1197170 1828.0
1197180 1828.0
1197190 1841.9
1197200 1850.5
1197210 1850.5
1197220 1855.2
1197230 1860.7
1197240 1860.7
1197250 1868.6
1197260 1878.8
1197270 1887.4
1197280 1887.4
1197290 1894.8
1197300 1901.5
1197310 1901.5
1197320 1906.0
1197330 1908.1
1197340 1908.1
1197350 1909.5
1197360 1911.0
1197370 1911.0
1197380 1914.5
1197390 1920.3
1197400 1920.3
1197410 1925.5
1197420 1929.4
1197430 1929.4
1197440 1940.6
1197450 1948.2
1197460 1956.8
1197470 1956.8
1197480 1960.4
1197490 1960.3
1197500 1960.3
1197510 1960.0
1197520 1961.7
1197530 1961.7
1197540 1966.0
1197550 1970.2
1197560 1970.2
1197570 1975.0
1197580 1981.8
1197590 1981.8
1197600 1994.2
1197610 2002.9
1197620 2002.9
1197630 2009.2
1197640 2015.8
1197650 2015.8
1197660 2023.5
1197670 2031.5
1197680 2037.6
1197690 2037.6
1197700 2043.8
1197710 2053.0
1197720 2053.0
1197730 2057.0
1197740 2056.8
1197750 2056.8
1197760 2056.1
1197770 2055.6
1197780 2055.6
1197790 2054.4
1197800 2052.9
1197810 2052.9
1197820 2051.3
1197830 2049.6
1197840 2049.6
1197850 2048.5
1197860 2047.7
1197870 2047.7
1197880 2053.1
1197890 2052.9
1197900 2051.8
1197910 2051.8
1197920 2050.8
1197930 2050.3
1197940 2050.3
1197950 2049.1
1197960 2046.5
1197970 2046.5
1197980 2044.3
1197990 2043.1
1198000 2043.1
1198010 2042.5
1198020 2042.2
1198030 2042.2
1198040 2041.2
1198050 2039.5
1198060 2039.5
1198070 2037.3
1198080 2034.1
1198090 2034.1
1198100 2032.3
1198110 2031.0
1198120 2030.1
1198130 2030.1
1198140 2029.1
1198150 2027.8
1198160 2027.8
1198170 2025.6
1198180 2022.7
1198190 2022.7
1198200 2022.0
1198210 2022.2
1198220 2022.2
1198230 2022.1
1198240 2021.7
1198250 2021.7
1198260 2020.5
1198270 2019.2
1198280 2019.2
1198290 2017.9
1198300 2016.4
1198310 2014.6
1198320 2018.6
1198330 2016.1
1198340 2013.7
1198350 2013.7
1198360 2011.7
1198370 2010.9
1198380 2010.9
1198390 2010.4
1198400 2009.6
1198410 2009.6
1198420 2008.0
1198430 2006.1
1198440 2006.1
1198450 2003.1
1198460 1999.6
1198470 1999.6
1198480 1997.7
1198490 1996.1
1198500 1996.1
1198510 1993.8
1198520 1990.4
1198530 1990.4
1198540 1990.4
1198550 1991.0
1198560 1990.2
1198570 1990.2
1198580 1990.5
1198590 1990.8
1198600 1990.8
1198610 1989.6
1198620 1986.1
1198630 1986.1
1198640 1983.3
1198650 1983.6
1198660 1983.6
1198670 1982.3
1198680 1977.9
1198690 1977.9
1198700 1973.4
1198710 1971.3
1198720 1971.3
1198730 1971.0
1198740 1970.5
1198750 1968.8
1198760 1968.8
1198770 1970.1
1198780 1966.9
1198790 1966.9
1198800 1964.6
1198810 1964.0
1198820 1964.0
1198830 1963.4
1198840 1961.1
1198850 1961.1
1198860 1959.3
1198870 1958.5
1198880 1958.5
1198890 1957.4
1198900 1955.4
1198910 1955.4
1198920 1952.9
1198930 1950.0
1198940 1950.0
1198950 1945.9
1198960 1942.2
1198970 1940.4
1198980 1940.4
1198990 1939.2
1199000 1937.5
1199010 1937.5
1199020 1936.1
1199030 1934.7
1199040 1934.7
1199050 1933.9
1199060 1933.8
1199070 1933.8
1199080 1933.8
1199090 1933.8
1199100 1933.8
1199110 1934.8
1199120 1936.3
1199130 1936.3
1199140 1936.8
1199150 1937.0
1199160 1938.6
1199170 1938.6
1199180 1939.6
1199190 1939.9
1199200 1939.9
1199210 1942.5
1199220 1943.6
1199230 1943.6
1199240 1945.6
1199250 1947.0
1199260 1947.0
1199270 1946.0
1199280 1944.2
1199290 1944.2
1199300 1944.0
1199310 1944.4
1199320 1944.4
1199330 1946.2
1199340 1946.9
1199350 1946.9
1199360 1947.9
1199370 1949.4
1199380 1951.1
1199390 1951.1
1199400 1952.7
1199410 1954.4
1199420 1954.4
1199430 1956.0
1199440 1958.2
1199450 1958.2
1199460 1960.8
1199470 1963.7
1199480 1963.7
1199490 1966.7
1199500 1969.7
1199510 1969.7
1199520 1973.1
1199530 1976.1
1199540 1976.1
1199550 1978.4
1199560 1981.1
1199570 1981.1
1199580 1983.8
1199590 1986.2
1199600 1987.5
1199610 1987.5
1199620 1989.6
1199630 1991.7
1199640 1991.7
1199650 1991.4
1199660 1993.9
1199670 1993.9
1199680 1996.5
1199690 1998.8
1199700 1998.8
1199710 2000.8
1199720 2003.1
1199730 2003.1
1199740 2005.6
1199750 2007.0
1199760 2007.0
1199770 2008.4
1199780 2009.4
1199790 2009.4
1199800 2010.9
1199810 2013.2
1199820 2016.1
1199830 2016.1
1199840 2017.9
1199850 2018.7
1199860 2018.7
1199870 2019.7
1199880 2020.6
1199890 2020.6
1199900 2022.0
1199910 2024.0
1199920 2024.0
1199930 2025.4
1199940 2026.3
1199950 2026.3
1199960 2027.5
1199970 2028.6
1199980 2028.6
1199990 2029.9
