1180000 1140.0
1180010 1135.1
1180020 1135.1
1180030 1130.5
1180040 1125.6
1180050 1125.6
1180060 1121.2
1180070 1117.1
1180080 1117.1
1180090 1112.8
1180100 1108.5
1180110 1108.5
1180120 1103.4
1180130 1098.1
1180140 1092.8
1180150 1092.8
1180160 1084.9
1180170 1079.0
1180180 1079.0
1180190 1072.7
1180200 1064.7
1180210 1064.7
1180220 1053.4
1180230 1044.3
1180240 1044.3
1180250 1039.1
1180260 1035.1
1180270 1035.1
1180280 1031.2
1180290 1029.3
1180300 1029.3
1180310 1027.6
1180320 1025.5
1180330 1018.0
1180340 1018.0
1180350 1012.4
1180360 1008.3
1180370 1008.3
1180380 1005.5
1180390 1002.6
1180400 1002.6
1180410 998.7
1180420 990.4
1180430 990.4
1180440 980.2
1180450 972.0
1180460 972.0
1180470 964.8
1180480 957.6
1180490 957.6
1180500 949.5
1180510 942.4
1180520 942.4
1180530 933.5
1180540 925.5
1180550 921.0
1180560 921.0
1180570 914.6
1180580 910.3
1180590 910.3
1180600 910.3
1180610 910.4
1180620 910.4
1180630 911.4
1180640 913.9
1180650 913.9
1180660 916.4
1180670 920.8
1180680 920.8
1180690 925.0
1180700 926.8
1180710 926.8
1180720 927.1
1180730 927.1
1180740 927.1
1180750 927.1
1180760 927.7
1180770 927.5
1180780 927.5
1180790 927.4
1180800 927.6
1180810 927.6
1180820 927.5
1180830 927.4
1180840 927.4
1180850 927.3
1180860 927.3
1180870 927.3
1180880 927.2
1180890 926.9
1180900 926.9
1180910 926.8
1180920 926.7
1180930 926.7
1180940 926.5
1180950 926.4
1180960 926.4
1180970 926.0
1180980 925.9
1180990 925.6
1181000 925.7
1181010 925.9
1181020 925.7
1181030 925.7
1181040 925.1
1181050 925.1
1181060 925.1
1181070 925.2
1181080 925.1
1181090 925.1
1181100 925.3
1181110 925.1
1181120 925.1
1181130 924.7
1181140 924.6
1181150 924.6
1181160 924.8
1181170 924.9
1181180 924.4
1181190 924.4
1181200 923.7
1181210 923.6
1181220 923.6
1181230 924.7
1181240 926.2
1181250 926.2
1181260 926.5
1181270 925.7
1181280 925.7
1181290 924.2
1181300 923.5
1181310 923.5
1181320 923.2
1181330 922.8
1181340 922.8
1181350 922.5
1181360 922.4
1181370 922.4
1181380 922.2
1181390 921.9
1181400 921.6
1181410 921.6
1181420 921.5
1181430 921.4
1181440 921.4
1181450 921.4
1181460 921.7
1181470 921.7
1181480 921.7
1181490 922.2
1181500 922.2
1181510 922.1
1181520 921.5
1181530 921.5
1181540 921.0
1181550 920.8
1181560 920.8
1181570 920.7
1181580 920.4
1181590 920.4
1181600 920.2
1181610 920.3
1181620 920.3
1181630 920.3
1181640 920.6
1181650 921.2
1181660 921.2
1181670 922.1
1181680 923.1
1181690 923.1
1181700 924.9
1181710 928.9
1181720 928.9
1181730 934.7
1181740 940.0
1181750 940.0
1181760 944.3
1181770 946.4
1181780 946.4
1181790 948.6
1181800 951.0
1181810 951.0
1181820 954.4
1181830 962.3
1181840 967.1
1181850 967.1
1181860 971.8
1181870 976.9
1181880 976.9
1181890 979.4
1181900 981.1
1181910 981.1
1181920 984.4
1181930 988.0
1181940 988.0
1181950 990.7
1181960 993.6
1181970 993.6
1181980 996.7
1181990 999.8
1182000 999.8
1182010 1003.8
1182020 1008.5
1182030 1014.7
1182040 1014.7
1182050 1020.7
1182060 1024.7
1182070 1024.7
1182080 1029.3
1182090 1035.1
1182100 1035.1
1182110 1040.0
1182120 1042.4
1182130 1042.4
1182140 1043.4
1182150 1045.2
1182160 1045.2
1182170 1047.4
1182180 1050.4
1182190 1050.4
1182200 1052.4
1182210 1054.2
1182220 1054.2
1182230 1056.6
1182240 1060.1
1182250 1075.6
1182260 1075.6
1182270 1085.4
1182280 1091.1
1182290 1091.1
1182300 1092.9
1182310 1095.7
1182320 1095.7
1182330 1099.4
1182340 1104.1
1182350 1104.1
1182360 1108.0
1182370 1112.1
1182380 1112.1
1182390 1116.9
1182400 1122.5
1182410 1122.5
1182420 1128.4
1182430 1134.3
1182440 1134.3
1182450 1138.7
1182460 1143.1
1182470 1156.6
1182480 1156.6
1182490 1163.0
1182500 1164.3
1182510 1164.3
1182520 1163.9
1182530 1160.0
1182540 1160.0
1182550 1157.8
1182560 1164.4
1182570 1164.4
1182580 1170.2
1182590 1173.1
1182600 1173.1
1182610 1174.1
1182620 1181.6
1182630 1181.6
1182640 1192.0
1182650 1202.7
1182660 1202.7
1182670 1210.5
1182680 1219.9
1182690 1227.8
1182700 1227.8
1182710 1234.2
1182720 1238.3
1182730 1238.3
1182740 1241.0
1182750 1241.3
1182760 1241.3
1182770 1238.4
1182780 1241.9
1182790 1241.9
1182800 1253.6
1182810 1265.7
1182820 1265.7
1182830 1275.5
1182840 1285.8
1182850 1285.8
1182860 1296.1
1182870 1302.3
1182880 1304.5
1182890 1304.5
1182900 1304.7
1182910 1306.0
1182920 1306.0
1182930 1308.7
1182940 1311.6
1182950 1311.6
1182960 1314.9
1182970 1316.5
1182980 1316.5
1182990 1315.4
1183000 1314.3
1183010 1314.3
1183020 1314.9
1183030 1318.0
1183040 1318.0
1183050 1320.3
1183060 1321.7
1183070 1321.7
1183080 1322.0
1183090 1324.6
1183100 1321.2
1183110 1321.2
1183120 1317.6
1183130 1313.8
1183140 1313.8
1183150 1310.6
1183160 1307.8
1183170 1307.8
1183180 1305.2
1183190 1303.0
1183200 1303.0
1183210 1300.8
1183220 1297.5
1183230 1297.5
1183240 1293.1
1183250 1287.3
1183260 1287.3
1183270 1280.0
1183280 1271.3
1183290 1271.3
1183300 1262.1
1183310 1254.8
1183320 1255.4
1183330 1255.4
1183340 1261.3
1183350 1275.7
1183360 1275.7
1183370 1293.9
1183380 1303.4
1183390 1303.4
1183400 1311.6
1183410 1317.5
1183420 1317.5
1183430 1322.0
1183440 1325.8
1183450 1325.8
1183460 1329.8
1183470 1334.4
1183480 1334.4
1183490 1340.5
1183500 1347.0
1183510 1340.1
1183520 1345.7
1183530 1351.0
1183540 1356.4
1183550 1356.4
1183560 1362.1
1183570 1367.4
1183580 1367.4
1183590 1372.2
1183600 1376.9
1183610 1376.9
1183620 1382.3
1183630 1387.7
1183640 1387.7
1183650 1390.7
1183660 1396.6
1183670 1396.6
1183680 1409.1
1183690 1420.5
1183700 1420.5
1183710 1429.0
1183720 1439.0
1183730 1447.7
1183740 1447.7
1183750 1454.7
1183760 1460.4
1183770 1460.4
1183780 1466.6
1183790 1476.8
1183800 1476.8
1183810 1488.6
1183820 1498.6
1183830 1498.6
1183840 1508.5
1183850 1516.2
1183860 1516.2
1183870 1519.9
1183880 1523.0
1183890 1523.0
1183900 1528.2
1183910 1534.1
1183920 1534.1
1183930 1532.7
1183940 1536.4
1183950 1541.1
1183960 1541.1
1183970 1546.2
1183980 1550.5
1183990 1550.5
1184000 1554.2
1184010 1558.3
1184020 1558.3
1184030 1562.4
1184040 1565.7
1184050 1565.7
1184060 1569.2
1184070 1574.5
1184080 1574.5
1184090 1581.5
1184100 1587.7
1184110 1587.7
1184120 1593.2
1184130 1598.8
1184140 1598.8
1184150 1604.9
1184160 1611.3
1184170 1618.1
1184180 1618.1
1184190 1625.8
1184200 1633.4
1184210 1633.4
1184220 1640.6
1184230 1647.2
1184240 1647.2
1184250 1653.7
1184260 1660.4
1184270 1660.4
1184280 1667.5
1184290 1675.6
1184300 1675.6
1184310 1683.4
1184320 1691.1
1184330 1691.1
1184340 1698.2
1184350 1701.7
1184360 1695.1
1184370 1695.1
1184380 1695.8
1184390 1697.2
1184400 1697.2
1184410 1699.3
1184420 1702.2
1184430 1702.2
1184440 1704.9
1184450 1705.6
1184460 1705.6
1184470 1705.8
1184480 1702.9
1184490 1702.9
1184500 1701.8
1184510 1704.3
1184520 1704.3
1184530 1708.2
1184540 1716.3
1184550 1716.3
1184560 1727.1
1184570 1734.6
1184580 1740.9
1184590 1740.9
1184600 1746.7
1184610 1751.6
1184620 1751.6
1184630 1755.5
1184640 1761.4
1184650 1761.4
1184660 1768.1
1184670 1772.8
1184680 1772.8
1184690 1775.3
1184700 1778.2
1184710 1778.2
1184720 1783.3
1184730 1792.8
1184740 1792.8
1184750 1808.8
1184760 1818.6
1184770 1818.6
1184780 1823.4
1184790 1840.5
1184800 1847.7
1184810 1847.7
1184820 1854.3
1184830 1863.0
1184840 1863.0
1184850 1876.0
1184860 1890.7
1184870 1890.7
1184880 1898.4
1184890 1903.1
1184900 1903.1
1184910 1905.7
1184920 1907.7
1184930 1907.7
1184940 1910.8
1184950 1914.0
1184960 1914.0
1184970 1917.8
1184980 1922.0
1184990 1922.0
1185000 1924.5
1185010 1926.4
1185020 1929.3
1185030 1929.3
1185040 1931.6
1185050 1931.9
1185060 1931.9
1185070 1930.2
1185080 1929.7
1185090 1929.7
1185100 1931.0
1185110 1933.9
1185120 1933.9
1185130 1934.9
1185140 1934.5
1185150 1934.5
1185160 1932.6
1185170 1928.2
1185180 1928.2
1185190 1921.5
1185200 1918.3
1185210 1918.3
1185220 1913.9
1185230 1911.4
1185240 1909.8
1185250 1909.8
1185260 1908.3
1185270 1907.6
1185280 1907.6
1185290 1910.4
1185300 1915.7
1185310 1915.7
1185320 1917.6
1185330 1917.8
1185340 1917.8
1185350 1918.4
1185360 1918.8
1185370 1918.8
1185380 1919.1
1185390 1919.4
1185400 1919.4
1185410 1919.1
1185420 1917.3
1185430 1915.0
1185440 1915.0
1185450 1912.4
1185460 1908.7
1185470 1908.7
1185480 1905.0
1185490 1901.3
1185500 1901.3
1185510 1898.9
1185520 1898.7
1185530 1898.7
1185540 1900.6
1185550 1902.8
1185560 1902.8
1185570 1903.5
1185580 1903.8
1185590 1903.8
1185600 1904.1
1185610 1905.0
1185620 1905.0
1185630 1909.5
1185640 1909.0
1185650 1908.9
1185660 1908.9
1185670 1907.2
1185680 1904.3
1185690 1904.3
1185700 1900.9
1185710 1897.9
1185720 1897.9
1185730 1895.3
1185740 1892.8
1185750 1892.8
1185760 1889.8
1185770 1886.2
1185780 1886.2
1185790 1881.8
1185800 1876.7
1185810 1876.7
1185820 1871.2
1185830 1865.5
1185840 1865.5
1185850 1860.0
1185860 1856.1
1185870 1851.1
1185880 1851.1
1185890 1846.2
1185900 1840.3
1185910 1840.3
1185920 1834.1
1185930 1828.5
1185940 1828.5
1185950 1823.4
1185960 1818.6
1185970 1818.6
1185980 1813.9
1185990 1809.9
1186000 1809.9
1186010 1806.5
1186020 1805.0
1186030 1805.0
1186040 1803.0
1186050 1800.5
1186060 1800.5
1186070 1796.6
1186080 1792.9
1186090 1789.1
1186100 1789.1
1186110 1785.4
1186120 1780.8
1186130 1780.8
1186140 1774.3
1186150 1769.2
1186160 1769.2
1186170 1765.7
1186180 1765.0
1186190 1765.0
1186200 1764.5
1186210 1761.6
1186220 1761.6
1186230 1756.3
1186240 1749.9
1186250 1749.9
1186260 1743.5
1186270 1738.3
1186280 1735.4
1186290 1735.4
1186300 1732.3
1186310 1728.6
1186320 1728.6
1186330 1723.4
1186340 1718.6
1186350 1718.6
1186360 1715.1
1186370 1709.8
1186380 1709.8
1186390 1706.8
1186400 1705.3
1186410 1705.3
1186420 1701.3
1186430 1698.8
1186440 1698.8
1186450 1696.5
1186460 1693.3
1186470 1694.6
1186480 1692.5
1186490 1688.0
1186500 1679.6
1186510 1679.6
1186520 1671.2
1186530 1663.6
1186540 1663.6
1186550 1656.9
1186560 1650.8
1186570 1650.8
1186580 1645.8
1186590 1640.4
1186600 1640.4
1186610 1632.6
1186620 1625.9
1186630 1625.9
1186640 1619.6
1186650 1612.5
1186660 1612.5
1186670 1610.1
1186680 1612.3
1186690 1612.3
1186700 1617.5
1186710 1625.0
1186720 1632.5
1186730 1632.5
1186740 1639.5
1186750 1646.5
1186760 1646.5
1186770 1653.7
1186780 1660.9
1186790 1660.9
1186800 1668.1
1186810 1675.4
1186820 1675.4
1186830 1682.3
1186840 1689.1
1186850 1689.1
1186860 1690.8
1186870 1685.3
1186880 1685.3
1186890 1679.7
1186900 1678.7
1186910 1678.7
1186920 1675.3
1186930 1675.9
1186940 1679.0
1186950 1679.0
1186960 1683.3
1186970 1684.3
1186980 1684.3
1186990 1679.6
1187000 1675.8
1187010 1675.8
1187020 1672.3
1187030 1666.9
1187040 1666.9
1187050 1659.4
1187060 1658.7
1187070 1658.7
1187080 1662.2
1187090 1662.0
1187100 1662.0
1187110 1665.4
1187120 1672.2
1187130 1680.3
1187140 1680.3
1187150 1689.8
1187160 1704.9
1187170 1704.9
1187180 1718.6
1187190 1738.1
1187200 1738.1
1187210 1747.7
1187220 1755.8
1187230 1755.8
1187240 1764.7
1187250 1771.7
1187260 1771.7
1187270 1777.2
1187280 1783.2
1187290 1783.2
1187300 1790.9
1187310 1799.3
1187320 1799.3
1187330 1807.7
1187340 1816.0
1187350 1824.7
1187360 1824.7
1187370 1835.4
1187380 1845.1
1187390 1845.1
1187400 1854.5
1187410 1870.3
1187420 1870.3
1187430 1882.5
1187440 1891.0
1187450 1891.0
1187460 1899.5
1187470 1906.7
1187480 1906.7
1187490 1913.6
1187500 1920.4
1187510 1920.4
1187520 1927.8
1187530 1935.4
1187540 1935.4
1187550 1943.7
1187560 1952.0
1187570 1961.0
1187580 1961.0
1187590 1969.1
1187600 1973.6
1187610 1973.6
1187620 1975.7
1187630 1973.3
1187640 1973.3
1187650 1968.5
1187660 1963.1
1187670 1963.1
1187680 1957.8
1187690 1952.7
1187700 1952.7
1187710 1947.2
1187720 1941.0
1187730 1941.0
1187740 1934.5
1187750 1931.9
1187760 1931.9
1187770 1925.4
1187780 1918.9
1187790 1912.4
1187800 1912.4
1187810 1905.9
1187820 1898.3
1187830 1898.3
1187840 1890.3
1187850 1882.6
1187860 1882.6
1187870 1876.2
1187880 1870.4
1187890 1870.4
1187900 1865.2
1187910 1861.2
1187920 1861.2
1187930 1858.3
1187940 1856.0
1187950 1856.0
1187960 1852.4
1187970 1848.3
1187980 1845.4
1187990 1845.4
1188000 1842.8
1188010 1839.4
1188020 1839.4
1188030 1835.7
1188040 1832.3
1188050 1832.3
1188060 1829.5
1188070 1825.9
1188080 1825.9
1188090 1822.0
1188100 1820.3
1188110 1820.3
1188120 1819.1
1188130 1816.7
1188140 1816.7
1188150 1813.0
1188160 1808.2
1188170 1808.2
1188180 1803.4
1188190 1796.3
1188200 1790.0
1188210 1790.0
1188220 1784.7
1188230 1780.1
1188240 1780.1
1188250 1776.1
1188260 1770.8
1188270 1770.8
1188280 1764.3
1188290 1758.9
1188300 1758.9
1188310 1754.8
1188320 1753.8
1188330 1753.8
1188340 1751.1
1188350 1747.9
1188360 1747.9
1188370 1748.0
1188380 1754.3
1188390 1754.3
1188400 1760.4
1188410 1766.1
1188420 1772.1
1188430 1772.1
1188440 1778.2
1188450 1785.0
1188460 1785.0
1188470 1791.9
1188480 1798.9
1188490 1798.9
1188500 1804.8
1188510 1810.7
1188520 1810.7
1188530 1817.0
1188540 1822.7
1188550 1822.7
1188560 1828.0
1188570 1833.1
1188580 1833.1
1188590 1838.7
1188600 1845.1
1188610 1841.8
1188620 1848.4
1188630 1853.6
1188640 1857.1
1188650 1857.1
1188660 1860.5
1188670 1864.1
1188680 1864.1
1188690 1867.5
1188700 1872.2
1188710 1872.2
1188720 1877.2
1188730 1882.9
1188740 1882.9
1188750 1889.2
1188760 1894.5
1188770 1894.5
1188780 1899.7
1188790 1905.1
1188800 1905.1
1188810 1910.8
1188820 1916.3
1188830 1921.4
1188840 1921.4
1188850 1926.7
1188860 1931.5
1188870 1931.5
1188880 1936.8
1188890 1941.7
1188900 1941.7
1188910 1948.3
1188920 1955.3
1188930 1955.3
1188940 1963.1
1188950 1969.2
1188960 1969.2
1188970 1974.5
1188980 1980.3
1188990 1980.3
1189000 1987.0
1189010 1991.3
1189020 1991.3
1189030 1988.6
1189040 1994.1
1189050 1996.3
1189060 1996.3
1189070 1998.0
1189080 2002.6
1189090 2002.6
1189100 2009.6
1189110 2016.0
1189120 2016.0
1189130 2022.3
1189140 2029.8
1189150 2029.8
1189160 2036.4
1189170 2042.2
1189180 2042.2
1189190 2048.3
1189200 2053.6
1189210 2053.6
1189220 2057.7
1189230 2060.8
1189240 2060.8
1189250 2065.3
1189260 2070.0
1189270 2075.3
1189280 2075.3
1189290 2079.3
1189300 2082.3
1189310 2082.3
1189320 2084.9
1189330 2089.0
1189340 2089.0
1189350 2091.8
1189360 2093.9
1189370 2093.9
1189380 2096.7
1189390 2099.5
1189400 2099.5
1189410 2103.0
1189420 2107.0
1189430 2107.0
1189440 2110.6
1189450 2115.1
1189460 2115.6
1189470 2115.6
1189480 2119.2
1189490 2120.7
1189500 2120.7
1189510 2122.4
1189520 2126.1
1189530 2126.1
1189540 2129.7
1189550 2131.2
1189560 2131.2
1189570 2133.5
1189580 2136.4
1189590 2136.4
1189600 2139.4
1189610 2141.5
1189620 2141.5
1189630 2143.1
1189640 2145.8
1189650 2145.8
1189660 2148.2
1189670 2149.7
1189680 2149.6
1189690 2149.6
1189700 2147.4
1189710 2144.6
1189720 2144.6
1189730 2142.0
1189740 2140.1
1189750 2140.1
1189760 2139.4
1189770 2141.8
1189780 2141.8
1189790 2146.8
1189800 2151.5
1189810 2151.5
1189820 2155.4
1189830 2158.3
1189840 2158.3
1189850 2161.1
1189860 2164.1
1189870 2164.1
1189880 2167.8
1189890 2167.8
1189900 2171.1
1189910 2171.1
1189920 2175.1
1189930 2180.3
1189940 2180.3
1189950 2186.8
1189960 2194.2
1189970 2194.2
1189980 2200.2
1189990 2204.6
1190000 2204.6
1190010 2211.2
1190020 2216.7
1190030 2216.7
1190040 2222.4
1190050 2228.3
1190060 2228.3
1190070 2233.2
1190080 2236.7
1190090 2236.7
1190100 2240.3
1190110 2243.0
1190120 2245.7
1190130 2245.7
1190140 2248.4
1190150 2251.6
1190160 2251.6
1190170 2254.8
1190180 2257.3
1190190 2257.3
1190200 2258.5
1190210 2260.0
1190220 2260.0
1190230 2263.0
1190240 2267.0
1190250 2267.0
1190260 2270.9
1190270 2273.5
1190280 2273.5
1190290 2275.1
1190300 2276.7
1190310 2279.3
1190320 2280.0
1190330 2288.0
1190340 2296.5
1190350 2296.5
1190360 2300.8
1190370 2302.8
1190380 2302.8
1190390 2305.2
1190400 2311.6
1190410 2311.6
1190420 2316.2
1190430 2319.1
1190440 2319.1
1190450 2322.5
1190460 2326.9
1190470 2326.9
1190480 2331.0
1190490 2335.7
1190500 2335.7
1190510 2341.2
1190520 2347.4
1190530 2353.0
1190540 2353.0
1190550 2358.6
1190560 2364.3
1190570 2364.3
1190580 2369.6
1190590 2374.7
1190600 2374.7
1190610 2380.6
1190620 2387.0
1190630 2387.0
1190640 2395.1
1190650 2405.7
1190660 2405.7
1190670 2415.4
1190680 2422.9
1190690 2422.9
1190700 2428.8
1190710 2433.2
1190720 2433.2
1190730 2438.9
1190740 2446.7
1190750 2451.9
1190760 2451.9
1190770 2461.7
1190780 2470.7
1190790 2470.7
1190800 2480.0
1190810 2489.9
1190820 2489.9
1190830 2500.3
1190840 2509.9
1190850 2509.9
1190860 2520.0
1190870 2531.0
1190880 2531.0
1190890 2540.8
1190900 2546.3
1190910 2546.3
1190920 2549.4
1190930 2553.9
1190940 2553.9
1190950 2558.9
1190960 2561.7
1190970 2563.9
1190980 2563.9
1190990 2569.9
1191000 2575.5
1191010 2575.5
1191020 2580.0
1191030 2581.5
1191040 2581.5
1191050 2578.6
1191060 2574.3
1191070 2574.3
1191080 2570.1
1191090 2565.9
1191100 2565.9
1191110 2564.4
1191120 2577.0
1191130 2577.0
1191140 2581.0
1191150 2578.1
1191160 2575.2
1191170 2575.2
1191180 2573.3
1191190 2579.2
1191200 2579.2
1191210 2579.2
1191220 2579.7
1191230 2579.7
1191240 2579.5
1191250 2580.4
1191260 2580.4
1191270 2581.8
1191280 2581.6
1191290 2581.6
1191300 2579.1
1191310 2576.4
1191320 2576.4
1191330 2572.9
1191340 2570.3
1191350 2570.3
1191360 2566.9
1191370 2563.2
1191380 2562.7
1191390 2562.7
1191400 2562.4
1191410 2561.3
1191420 2561.3
1191430 2559.7
1191440 2558.6
1191450 2558.6
1191460 2559.3
1191470 2560.5
1191480 2560.5
1191490 2562.9
1191500 2565.9
1191510 2565.9
1191520 2568.0
1191530 2569.4
1191540 2569.4
1191550 2572.3
1191560 2576.8
1191570 2576.8
1191580 2581.1
1191590 2585.1
1191600 2588.8
1191610 2588.8
1191620 2599.2
1191630 2608.9
1191640 2608.9
1191650 2619.7
1191660 2629.1
1191670 2629.1
1191680 2635.1
1191690 2638.5
1191700 2638.5
1191710 2643.9
1191720 2657.7
1191730 2657.7
1191740 2684.7
1191750 2696.6
1191760 2696.6
1191770 2703.8
1191780 2708.3
1191790 2708.3
1191800 2709.3
1191810 2705.6
1191820 2699.6
1191830 2699.6
1191840 2693.0
1191850 2686.1
1191860 2686.1
1191870 2680.6
1191880 2665.4
1191890 2665.4
1191900 2653.9
1191910 2647.1
1191920 2647.1
1191930 2642.1
1191940 2638.3
1191950 2638.3
1191960 2634.2
1191970 2629.4
1191980 2629.4
1191990 2624.2
1192000 2619.1
1192010 2613.8
1192020 2613.8
1192030 2608.0
1192040 2602.8
1192050 2606.9
1192060 2603.3
1192070 2601.2
1192080 2601.2
1192090 2599.7
1192100 2598.5
1192110 2598.5
1192120 2598.8
1192130 2599.4
1192140 2599.4
1192150 2595.1
1192160 2587.9
1192170 2587.9
1192180 2577.3
1192190 2562.4
1192200 2562.4
1192210 2554.3
1192220 2548.8
1192230 2544.6
1192240 2544.6
1192250 2539.4
1192260 2533.9
1192270 2533.9
1192280 2528.7
1192290 2523.6
1192300 2523.6
1192310 2518.9
1192320 2517.0
1192330 2517.0
1192340 2515.8
1192350 2513.7
1192360 2513.7
1192370 2510.9
1192380 2506.3
1192390 2506.3
1192400 2500.5
1192410 2492.5
1192420 2492.5
1192430 2482.2
1192440 2467.8
1192450 2457.9
1192460 2457.9
1192470 2449.8
1192480 2440.2
1192490 2440.2
1192500 2431.2
1192510 2425.1
1192520 2425.1
1192530 2417.4
1192540 2410.7
1192550 2410.7
1192560 2406.7
1192570 2402.9
1192580 2402.9
1192590 2399.2
1192600 2395.5
1192610 2395.5
1192620 2391.5
1192630 2386.5
1192640 2386.5
1192650 2381.1
1192660 2376.2
1192670 2371.6
1192680 2371.6
1192690 2363.5
1192700 2358.2
1192710 2358.2
1192720 2354.0
1192730 2349.8
1192740 2349.8
1192750 2345.0
1192760 2340.0
1192770 2340.0
1192780 2334.8
1192790 2330.2
1192800 2330.2
1192810 2325.5
1192820 2321.0
1192830 2321.0
1192840 2316.4
1192850 2312.1
1192860 2305.5
1192870 2305.5
1192880 2299.9
1192890 2293.1
1192900 2293.1
1192910 2290.7
1192920 2294.3
1192930 2294.3
1192940 2290.3
1192950 2287.4
1192960 2287.4
1192970 2285.9
1192980 2285.4
1192990 2285.4
1193000 2281.7
1193010 2275.4
1193020 2275.4
1193030 2272.2
1193040 2268.7
1193050 2268.7
1193060 2266.8
1193070 2267.6
1193080 2268.8
1193090 2268.8
1193100 2271.7
1193110 2273.8
1193120 2273.8
1193130 2275.1
1193140 2275.4
1193150 2275.4
1193160 2275.2
1193170 2276.2
1193180 2276.2
1193190 2274.1
1193200 2269.7
1193210 2269.7
1193220 2261.4
1193230 2247.6
1193240 2247.6
1193250 2239.8
1193260 2237.7
1193270 2237.7
1193280 2234.2
1193290 2231.3
1193300 2229.1
1193310 2229.1
1193320 2226.4
1193330 2226.2
1193340 2226.2
1193350 2245.5
1193360 2250.9
1193370 2250.9
1193380 2254.3
1193390 2254.8
1193400 2254.8
1193410 2252.8
1193420 2250.0
1193430 2250.0
1193440 2245.8
1193450 2243.7
1193460 2243.7
1193470 2246.9
1193480 2245.3
1193490 2245.3
1193500 2245.1
1193510 2242.7
1193520 2240.6
1193530 2240.6
1193540 2239.9
1193550 2231.8
1193560 2231.8
1193570 2225.3
1193580 2222.4
1193590 2222.4
1193600 2216.6
1193610 2207.4
1193620 2207.4
1193630 2201.3
1193640 2201.7
1193650 2201.7
1193660 2207.3
1193670 2210.1
1193680 2210.1
1193690 2205.2
1193700 2199.6
1193710 2195.8
1193720 2195.8
1193730 2192.9
1193740 2189.6
1193750 2189.6
1193760 2185.1
1193770 2181.1
1193780 2181.1
1193790 2182.9
1193800 2177.2
1193810 2177.2
1193820 2169.7
1193830 2163.3
1193840 2163.3
1193850 2158.9
1193860 2157.0
1193870 2157.0
1193880 2154.9
1193890 2152.3
1193900 2152.3
1193910 2149.8
1193920 2147.6
1193930 2144.3
1193940 2144.3
1193950 2141.1
1193960 2137.9
1193970 2137.9
1193980 2136.7
1193990 2136.5
1194000 2136.5
1194010 2136.3
1194020 2134.9
1194030 2134.9
1194040 2132.3
1194050 2129.5
1194060 2129.5
1194070 2127.2
1194080 2124.7
1194090 2124.7
1194100 2122.4
1194110 2118.8
1194120 2118.8
1194130 2114.6
1194140 2110.3
1194150 2105.3
1194160 2105.3
1194170 2099.1
1194180 2091.3
1194190 2091.3
1194200 2081.9
1194210 2074.8
1194220 2081.1
1194230 2074.9
1194240 2069.1
1194250 2069.1
1194260 2062.5
1194270 2055.0
1194280 2055.0
1194290 2046.1
1194300 2036.3
1194310 2036.3
1194320 2028.8
1194330 2021.0
1194340 2021.0
1194350 2013.4
1194360 2005.8
1194370 1998.1
1194380 1998.1
1194390 1991.2
1194400 1984.9
1194410 1984.9
1194420 1978.3
1194430 1970.5
1194440 1970.5
1194450 1963.8
1194460 1958.8
1194470 1958.8
1194480 1951.2
1194490 1942.0
1194500 1942.0
1194510 1931.6
1194520 1923.2
1194530 1923.2
1194540 1916.7
1194550 1908.5
1194560 1899.1
1194570 1899.1
1194580 1884.2
1194590 1869.2
1194600 1869.2
1194610 1858.9
1194620 1847.1
1194630 1847.1
1194640 1836.6
1194650 1826.6
1194660 1829.3
1194670 1816.3
1194680 1801.6
1194690 1801.6
1194700 1784.8
1194710 1771.4
1194720 1771.4
1194730 1761.4
1194740 1752.4
1194750 1752.4
1194760 1744.1
1194770 1736.6
1194780 1726.0
1194790 1726.0
1194800 1710.3
1194810 1698.5
1194820 1698.5
1194830 1686.5
1194840 1675.9
1194850 1675.9
1194860 1654.1
1194870 1617.5
1194880 1617.5
1194890 1592.6
1194900 1579.3
1194910 1579.3
1194920 1570.8
1194930 1563.4
1194940 1563.4
1194950 1555.9
1194960 1548.6
1194970 1548.6
1194980 1542.1
1194990 1536.6
1195000 1530.8
1195010 1530.8
1195020 1520.3
1195030 1488.8
1195040 1488.8
1195050 1458.6
1195060 1444.8
1195070 1444.8
1195080 1439.6
1195090 1435.5
1195100 1431.0
1195110 1424.3
1195120 1419.2
1195130 1419.2
1195140 1414.0
1195150 1407.3
1195160 1407.3
1195170 1401.0
1195180 1394.6
1195190 1394.6
1195200 1387.9
1195210 1380.9
1195220 1374.5
1195230 1374.5
1195240 1368.5
1195250 1362.4
1195260 1362.4
1195270 1356.0
1195280 1350.7
1195290 1350.7
1195300 1347.5
1195310 1343.0
1195320 1343.0
1195330 1337.9
1195340 1333.8
1195350 1333.8
1195360 1331.3
1195370 1328.5
1195380 1328.5
1195390 1325.7
1195400 1322.6
1195410 1319.4
1195420 1319.4
1195430 1316.7
1195440 1315.0
1195450 1315.0
1195460 1314.4
1195470 1313.6
1195480 1313.6
1195490 1312.2
1195500 1310.6
1195510 1310.6
1195520 1308.5
1195530 1306.0
1195540 1305.2
1195550 1305.4
1195560 1305.5
1195570 1305.5
1195580 1305.3
1195590 1305.2
1195600 1305.2
1195610 1305.7
1195620 1305.9
1195630 1305.6
1195640 1305.6
1195650 1305.0
1195660 1304.9
1195670 1304.9
1195680 1305.0
1195690 1305.0
1195700 1305.0
1195710 1305.0
1195720 1305.0
1195730 1305.0
1195740 1304.6
1195750 1304.4
1195760 1304.4
1195770 1305.2
1195780 1306.1
1195790 1306.1
1195800 1306.9
1195810 1308.1
1195820 1308.1
1195830 1309.5
1195840 1311.5
1195850 1314.3
1195860 1314.3
1195870 1317.6
1195880 1321.4
1195890 1321.4
1195900 1325.6
1195910 1329.1
1195920 1329.1
1195930 1332.5
1195940 1336.3
1195950 1336.3
1195960 1340.0
1195970 1345.2
1195980 1345.2
1195990 1349.8
1196000 1354.6
1196010 1354.6
1196020 1359.2
1196030 1364.1
1196040 1369.4
1196050 1369.4
1196060 1374.3
1196070 1379.8
1196080 1379.8
1196090 1385.2
1196100 1390.6
1196110 1390.6
1196120 1396.0
1196130 1400.9
1196140 1400.9
1196150 1406.2
1196160 1411.6
1196170 1411.6
1196180 1416.8
1196190 1422.1
1196200 1422.1
1196210 1427.5
1196220 1432.8
1196230 1432.8
1196240 1438.0
1196250 1443.6
1196260 1448.9
1196270 1448.9
1196280 1453.5
1196290 1458.3
1196300 1458.3
1196310 1466.0
1196320 1474.7
1196330 1474.7
1196340 1484.2
1196350 1494.6
1196360 1494.6
1196370 1509.4
1196380 1520.7
1196390 1520.7
1196400 1529.0
1196410 1531.1
1196420 1531.1
1196430 1539.8
1196440 1555.3
1196450 1555.3
1196460 1570.1
1196470 1576.9
1196480 1577.7
1196490 1577.7
1196500 1580.6
1196510 1586.8
1196520 1586.8
1196530 1593.9
1196540 1601.2
1196550 1601.2
1196560 1610.7
1196570 1622.5
1196580 1622.5
1196590 1632.5
1196600 1645.8
1196610 1645.8
1196620 1659.4
1196630 1658.1
1196640 1658.1
1196650 1655.2
1196660 1657.9
1196670 1657.9
1196680 1661.0
1196690 1661.2
1196700 1662.7
1196710 1662.7
1196720 1680.8
1196730 1704.3
1196740 1704.3
1196750 1715.0
1196760 1721.5
1196770 1721.5
1196780 1729.5
1196790 1735.8
1196800 1735.8
1196810 1743.3
1196820 1755.7
1196830 1755.7
1196840 1768.7
1196850 1782.8
1196860 1782.8
1196870 1797.0
1196880 1801.0
1196890 1804.0
1196900 1804.0
1196910 1814.4
1196920 1822.2
1196930 1822.2
1196940 1829.8
1196950 1840.2
1196960 1840.2
1196970 1851.0
1196980 1857.4
1196990 1857.4
1197000 1865.4
1197010 1871.9
1197020 1871.9
1197030 1874.0
1197040 1881.4
1197050 1881.4
1197060 1897.5
1197070 1907.2
1197080 1907.2
1197090 1914.0
1197100 1918.7
1197110 1923.5
1197120 1923.5
1197130 1928.2
1197140 1933.2
1197150 1933.2
1197160 1937.9
1197170 1943.2
1197180 1943.2
1197190 1949.5
1197200 1956.2
1197210 1956.2
1197220 1963.5
1197230 1969.4
1197240 1969.4
1197250 1976.3
1197260 1984.2
1197270 1984.2
1197280 1992.2
1197290 2000.3
1197300 2000.3
1197310 2006.5
1197320 2012.8
1197330 2017.9
1197340 2017.9
1197350 2022.8
1197360 2028.3
1197370 2028.3
1197380 2033.4
1197390 2039.5
1197400 2039.5
1197410 2045.8
1197420 2053.2
1197430 2053.2
1197440 2059.7
1197450 2065.1
1197460 2065.1
1197470 2069.7
1197480 2074.0
1197490 2074.0
1197500 2079.1
1197510 2085.1
1197520 2085.1
1197530 2091.9
1197540 2098.1
1197550 2104.1
1197560 2104.1
1197570 2110.6
1197580 2118.4
1197590 2118.4
1197600 2127.6
1197610 2136.8
1197620 2136.8
1197630 2145.1
1197640 2152.7
1197650 2152.7
1197660 2160.4
1197670 2168.3
1197680 2168.3
1197690 2175.9
1197700 2183.4
1197710 2183.4
1197720 2191.4
1197730 2202.5
1197740 2210.0
1197750 2210.0
1197760 2217.0
1197770 2223.5
1197780 2223.5
1197790 2229.0
1197800 2234.2
1197810 2234.2
1197820 2240.0
1197830 2246.6
1197840 2246.6
1197850 2252.9
1197860 2259.7
1197870 2259.7
1197880 2264.4
1197890 2266.3
1197900 2266.3
1197910 2267.8
1197920 2268.7
1197930 2268.7
1197940 2268.4
1197950 2267.2
1197960 2266.3
1197970 2266.3
1197980 2264.2
1197990 2262.0
1198000 2262.0
1198010 2259.3
1198020 2255.1
1198030 2255.1
1198040 2251.2
1198050 2248.3
1198060 2248.3
1198070 2244.1
1198080 2241.2
1198090 2241.2
1198100 2239.1
1198110 2235.6
1198120 2235.6
1198130 2231.2
1198140 2228.0
1198150 2228.0
1198160 2223.6
1198170 2218.0
1198180 2219.7
1198190 2219.7
1198200 2214.6
1198210 2214.2
1198220 2214.2
1198230 2214.0
1198240 2210.4
1198250 2210.4
1198260 2207.4
1198270 2205.8
1198280 2205.8
1198290 2202.3
1198300 2198.6
1198310 2198.6
1198320 2198.0
1198330 2199.1
1198340 2199.1
1198350 2200.2
1198360 2200.9
1198370 2200.9
1198380 2201.0
1198390 2196.5
1198400 2188.8
1198410 2188.8
1198420 2184.0
1198430 2181.3
1198440 2181.3
1198450 2178.6
1198460 2176.5
1198470 2176.5
1198480 2175.8
1198490 2174.4
1198500 2174.4
1198510 2172.3
1198520 2168.8
1198530 2168.8
1198540 2166.3
1198550 2164.1
1198560 2164.1
1198570 2161.3
1198580 2157.8
1198590 2153.5
1198600 2153.5
1198610 2149.8
1198620 2154.0
1198630 2154.0
1198640 2152.5
1198650 2150.2
1198660 2150.2
1198670 2147.1
1198680 2143.8
1198690 2143.8
1198700 2140.4
1198710 2137.2
1198720 2137.2
1198730 2134.1
1198740 2130.3
1198750 2130.3
1198760 2126.5
1198770 2122.7
1198780 2122.7
1198790 2120.3
1198800 2118.8
1198810 2117.7
1198820 2117.7
1198830 2116.8
1198840 2116.3
1198850 2116.3
1198860 2115.5
1198870 2114.6
1198880 2114.6
1198890 2113.0
1198900 2111.7
1198910 2111.7
1198920 2109.8
1198930 2107.7
1198940 2107.7
1198950 2105.5
1198960 2103.6
1198970 2103.6
1198980 2102.0
1198990 2099.9
1199000 2099.9
1199010 2097.1
1199020 2095.0
1199030 2093.8
1199040 2093.8
1199050 2092.6
1199060 2097.0
1199070 2097.0
1199080 2094.9
1199090 2092.4
1199100 2092.4
1199110 2089.4
1199120 2086.2
1199130 2086.2
1199140 2082.9
1199150 2080.4
1199160 2080.4
1199170 2079.0
1199180 2077.5
1199190 2077.5
1199200 2075.5
1199210 2073.1
1199220 2070.6
1199230 2070.6
1199240 2068.3
1199250 2066.3
1199260 2066.3
1199270 2065.2
1199280 2064.2
1199290 2064.2
1199300 2063.6
1199310 2063.1
1199320 2063.1
1199330 2062.1
1199340 2060.7
1199350 2060.7
1199360 2059.2
1199370 2058.0
1199380 2058.0
1199390 2056.4
1199400 2054.9
1199410 2054.9
1199420 2054.0
1199430 2052.9
1199440 2052.0
1199450 2052.0
1199460 2050.5
1199470 2050.3
1199480 2050.3
1199490 2049.7
1199500 2049.5
1199510 2056.3
1199520 2055.0
1199530 2052.8
1199540 2052.8
1199550 2051.1
1199560 2050.5
1199570 2050.5
1199580 2051.6
1199590 2053.2
1199600 2053.2
1199610 2054.0
1199620 2055.6
1199630 2055.6
1199640 2058.2
1199650 2061.1
1199660 2063.9
1199670 2063.9
1199680 2066.3
1199690 2068.5
1199700 2068.5
1199710 2069.7
1199720 2070.5
1199730 2070.5
1199740 2070.6
1199750 2070.0
1199760 2070.0
1199770 2069.4
1199780 2069.5
1199790 2069.5
1199800 2067.8
1199810 2065.5
1199820 2065.5
1199830 2064.2
1199840 2064.0
1199850 2064.0
1199860 2063.8
1199870 2062.8
1199880 2063.1
1199890 2063.1
1199900 2063.1
1199910 2061.3
1199920 2061.3
1199930 2059.0
1199940 2059.3
1199950 2061.7
1199960 2064.7
1199970 2069.6
1199980 2069.6
1199990 2070.4
