1180000 1505.8
1180010 1505.0
1180020 1504.4
1180030 1504.4
1180040 1502.3
1180050 1499.2
1180060 1499.2
1180070 1498.1
1180080 1498.9
1180090 1498.9
1180100 1500.3
1180110 1500.6
1180120 1500.6
1180130 1500.2
1180140 1499.1
1180150 1499.1
1180160 1498.3
1180170 1497.2
1180180 1497.2
1180190 1496.0
1180200 1494.4
1180210 1492.8
1180220 1492.8
1180230 1493.0
1180240 1495.3
1180250 1495.3
1180260 1496.9
1180270 1496.6
1180280 1496.6
1180290 1494.7
1180300 1490.4
1180310 1490.4
1180320 1486.1
1180330 1483.7
1180340 1483.7
1180350 1481.2
1180360 1478.8
1180370 1478.8
1180380 1476.1
1180390 1473.3
1180400 1473.3
1180410 1472.9
1180420 1469.9
1180430 1467.7
1180440 1467.7
1180450 1464.3
1180460 1461.7
1180470 1461.7
1180480 1459.8
1180490 1457.5
1180500 1457.5
1180510 1452.2
1180520 1445.3
1180530 1445.3
1180540 1438.2
1180550 1432.1
1180560 1432.1
1180570 1426.5
1180580 1421.9
1180590 1421.9
1180600 1418.3
1180610 1414.0
1180620 1414.0
1180630 1408.5
1180640 1403.1
1180650 1398.9
1180660 1398.9
1180670 1395.9
1180680 1391.7
1180690 1391.7
1180700 1386.7
1180710 1380.6
1180720 1380.6
1180730 1373.7
1180740 1367.4
1180750 1367.4
1180760 1363.3
1180770 1357.3
1180780 1357.3
1180790 1351.1
1180800 1345.6
1180810 1345.6
1180820 1339.2
1180830 1340.8
1180840 1340.8
1180850 1332.1
1180860 1321.1
1180870 1307.3
1180880 1307.3
1180890 1288.1
1180900 1268.3
1180910 1268.3
1180920 1254.7
1180930 1246.0
1180940 1246.0
1180950 1237.9
1180960 1229.9
1180970 1229.9
1180980 1222.1
1180990 1214.8
1181000 1214.8
1181010 1216.5
1181020 1226.6
1181030 1226.6
1181040 1237.3
1181050 1248.6
1181060 1257.4
1181070 1257.4
1181080 1265.2
1181090 1273.3
1181100 1273.3
1181110 1281.6
1181120 1289.7
1181130 1289.7
1181140 1298.4
1181150 1306.5
1181160 1306.5
1181170 1314.2
1181180 1321.8
1181190 1321.8
1181200 1329.1
1181210 1336.9
1181220 1336.9
1181230 1345.8
1181240 1357.3
1181250 1357.3
1181260 1362.8
1181270 1367.3
1181280 1371.1
1181290 1371.1
1181300 1374.2
1181310 1377.3
1181320 1377.3
1181330 1379.6
1181340 1382.3
1181350 1382.3
1181360 1384.0
1181370 1384.8
1181380 1384.8
1181390 1385.8
1181400 1386.6
1181410 1386.6
1181420 1387.7
1181430 1389.1
1181440 1389.1
1181450 1390.0
1181460 1391.1
1181470 1391.1
1181480 1392.7
1181490 1394.5
1181500 1394.9
1181510 1394.9
1181520 1394.1
1181530 1392.7
1181540 1392.7
1181550 1391.5
1181560 1391.1
1181570 1391.1
1181580 1390.4
1181590 1389.4
1181600 1389.4
1181610 1387.5
1181620 1386.7
1181630 1386.7
1181640 1387.0
1181650 1389.3
1181660 1388.6
1181670 1389.3
1181680 1388.5
1181690 1388.5
1181700 1382.9
1181710 1377.8
1181720 1377.1
1181730 1377.1
1181740 1377.4
1181750 1375.4
1181760 1375.4
1181770 1368.7
1181780 1361.1
1181790 1361.1
1181800 1353.2
1181810 1347.4
1181820 1347.4
1181830 1342.2
1181840 1335.8
1181850 1335.8
1181860 1328.1
1181870 1323.0
1181880 1323.0
1181890 1321.1
1181900 1321.6
1181910 1321.6
1181920 1324.7
1181930 1327.0
1181940 1329.3
1181950 1329.3
1181960 1328.5
1181970 1325.8
1181980 1325.8
1181990 1319.0
1182000 1304.2
1182010 1304.2
1182020 1281.9
1182030 1271.0
1182040 1271.0
1182050 1266.2
1182060 1258.5
1182070 1258.5
1182080 1240.2
1182090 1223.2
1182100 1223.2
1182110 1211.1
1182120 1198.5
1182130 1198.5
1182140 1187.0
1182150 1180.6
1182160 1175.0
1182170 1175.0
1182180 1169.1
1182190 1163.0
1182200 1163.0
1182210 1159.7
1182220 1157.8
1182230 1157.8
1182240 1156.7
1182250 1149.5
1182260 1149.5
1182270 1138.8
1182280 1130.0
1182290 1130.0
1182300 1124.3
1182310 1121.0
1182320 1121.0
1182330 1113.9
1182340 1107.5
1182350 1102.2
1182360 1102.2
1182370 1095.9
1182380 1089.3
1182390 1089.3
1182400 1084.4
1182410 1078.7
1182420 1078.7
1182430 1068.6
1182440 1060.1
1182450 1060.1
1182460 1049.1
1182470 1041.3
1182480 1041.3
1182490 1035.0
1182500 1018.8
1182510 1018.8
1182520 1003.2
1182530 991.3
1182540 991.3
1182550 983.1
1182560 970.9
1182570 963.6
1182580 963.6
1182590 965.3
1182600 967.4
1182610 967.4
1182620 965.3
1182630 960.5
1182640 960.5
1182650 955.6
1182660 951.1
1182670 951.1
1182680 946.3
1182690 941.2
1182700 941.2
1182710 936.9
1182720 932.2
1182730 932.2
1182740 925.5
1182750 917.1
1182760 917.1
1182770 909.4
1182780 903.2
1182790 900.6
1182800 900.6
1182810 900.1
1182820 900.0
1182830 900.0
1182840 899.6
1182850 898.9
1182860 898.9
1182870 897.9
1182880 897.0
1182890 897.0
1182900 896.8
1182910 896.8
1182920 896.7
1182930 896.8
1182940 898.5
1182950 898.5
1182960 900.7
1182970 900.7
1182980 900.7
1182990 900.3
1183000 900.3
1183010 900.3
1183020 900.3
1183030 900.5
1183040 901.2
1183050 901.2
1183060 901.5
1183070 901.3
1183080 901.3
1183090 901.2
1183100 901.4
1183110 901.4
1183120 901.4
1183130 901.4
1183140 901.4
1183150 901.3
1183160 901.3
1183170 901.3
1183180 901.2
1183190 901.1
1183200 901.1
1183210 901.0
1183220 901.2
1183230 901.3
1183240 901.3
1183250 901.3
1183260 901.4
1183270 901.4
1183280 902.0
1183290 905.9
1183300 905.9
1183310 908.2
1183320 909.0
1183330 909.0
1183340 905.6
1183350 901.5
1183360 901.5
1183370 900.9
1183380 900.9
1183390 900.9
1183400 901.3
1183410 902.3
1183420 905.1
1183430 905.1
1183440 910.9
1183450 917.2
1183460 917.2
1183470 921.8
1183480 929.5
1183490 929.5
1183500 937.6
1183510 946.4
1183520 946.4
1183530 955.3
1183540 964.5
1183550 964.5
1183560 973.4
1183570 982.7
1183580 982.7
1183590 991.1
1183600 1001.5
1183610 1001.5
1183620 1012.8
1183630 1023.6
1183640 1031.1
1183650 1031.1
1183660 1039.6
1183670 1051.0
1183680 1051.0
1183690 1055.8
1183700 1055.6
1183710 1055.6
1183720 1059.7
1183730 1068.2
1183740 1068.2
1183750 1078.3
1183760 1087.0
1183770 1087.0
1183780 1097.5
1183790 1106.6
1183800 1106.6
1183810 1111.7
1183820 1116.7
1183830 1116.7
1183840 1122.7
1183850 1128.6
1183860 1133.3
1183870 1133.3
1183880 1135.6
1183890 1138.6
1183900 1138.6
1183910 1141.9
1183920 1145.1
1183930 1145.1
1183940 1148.0
1183950 1149.8
1183960 1149.8
1183970 1152.2
1183980 1155.5
1183990 1155.5
1184000 1158.9
1184010 1161.5
1184020 1161.5
1184030 1163.4
1184040 1167.5
1184050 1167.5
1184060 1172.2
1184070 1176.2
1184080 1180.5
1184090 1180.5
1184100 1184.2
1184110 1187.3
1184120 1187.3
1184130 1191.5
1184140 1194.4
1184150 1194.4
1184160 1196.7
1184170 1199.5
1184180 1203.4
1184190 1205.9
1184200 1208.2
1184210 1208.2
1184220 1210.2
1184230 1211.8
1184240 1211.8
1184250 1213.9
1184260 1217.3
1184270 1217.3
1184280 1219.7
1184290 1220.5
1184300 1221.4
1184310 1221.4
1184320 1221.9
1184330 1222.0
1184340 1222.0
1184350 1222.1
1184360 1222.9
1184370 1222.9
1184380 1223.3
1184390 1223.8
1184400 1223.8
1184410 1224.2
1184420 1224.7
1184430 1224.7
1184440 1225.6
1184450 1227.1
1184460 1227.1
1184470 1228.5
1184480 1229.7
1184490 1229.7
1184500 1231.9
1184510 1233.9
1184520 1236.5
1184530 1236.5
1184540 1240.4
1184550 1244.0
1184560 1244.0
1184570 1246.9
1184580 1249.1
1184590 1249.1
1184600 1252.1
1184610 1259.3
1184620 1259.3
1184630 1263.4
1184640 1266.8
1184650 1266.8
1184660 1269.6
1184670 1272.6
1184680 1272.6
1184690 1274.7
1184700 1276.5
1184710 1277.7
1184720 1277.7
1184730 1279.0
1184740 1281.6
1184750 1281.6
1184760 1284.3
1184770 1285.8
1184780 1285.8
1184790 1287.7
1184800 1285.2
1184810 1285.2
1184820 1279.7
1184830 1274.0
1184840 1274.0
1184850 1267.8
1184860 1262.9
1184870 1262.9
1184880 1259.0
1184890 1254.1
1184900 1254.1
1184910 1249.3
1184920 1245.2
1184930 1241.2
1184940 1241.2
1184950 1236.2
1184960 1229.7
1184970 1229.7
1184980 1224.5
1184990 1220.8
1185000 1220.8
1185010 1216.1
1185020 1214.1
1185030 1216.1
1185040 1213.1
1185050 1206.7
1185060 1206.7
1185070 1199.3
1185080 1192.8
1185090 1192.8
1185100 1187.5
1185110 1181.1
1185120 1181.1
1185130 1174.5
1185140 1168.6
1185150 1164.4
1185160 1164.4
1185170 1160.8
1185180 1154.4
1185190 1154.4
1185200 1148.9
1185210 1147.5
1185220 1147.5
1185230 1143.7
1185240 1139.6
1185250 1139.6
1185260 1135.3
1185270 1130.7
1185280 1130.7
1185290 1128.0
1185300 1124.9
1185310 1124.9
1185320 1123.6
1185330 1122.7
1185340 1122.7
1185350 1123.3
1185360 1123.7
1185370 1124.4
1185380 1124.4
1185390 1125.4
1185400 1127.5
1185410 1127.5
1185420 1130.0
1185430 1130.2
1185440 1130.2
1185450 1132.7
1185460 1137.9
1185470 1137.9
1185480 1154.2
1185490 1160.5
1185500 1160.5
1185510 1161.5
1185520 1169.7
1185530 1169.7
1185540 1185.9
1185550 1199.1
1185560 1199.1
1185570 1210.7
1185580 1224.4
1185590 1236.9
1185600 1236.9
1185610 1242.6
1185620 1249.6
1185630 1249.6
1185640 1258.4
1185650 1263.7
1185660 1263.7
1185670 1263.1
1185680 1261.0
1185690 1261.0
1185700 1259.2
1185710 1261.7
1185720 1261.7
1185730 1267.4
1185740 1273.7
1185750 1273.7
1185760 1279.3
1185770 1290.4
1185780 1290.4
1185790 1307.7
1185800 1319.7
1185810 1330.1
1185820 1330.1
1185830 1338.0
1185840 1343.8
1185850 1343.8
1185860 1349.7
1185870 1355.6
1185880 1347.5
1185890 1354.7
1185900 1362.7
1185910 1362.7
1185920 1371.9
1185930 1379.8
1185940 1379.8
1185950 1386.5
1185960 1393.2
1185970 1393.2
1185980 1400.7
1185990 1406.6
1186000 1411.0
1186010 1411.0
1186020 1417.0
1186030 1423.5
1186040 1423.5
1186050 1430.4
1186060 1437.1
1186070 1437.1
1186080 1442.4
1186090 1447.0
1186100 1447.0
1186110 1451.4
1186120 1456.1
1186130 1456.1
1186140 1460.8
1186150 1464.8
1186160 1464.8
1186170 1468.4
1186180 1472.2
1186190 1472.2
1186200 1475.6
1186210 1478.9
1186220 1481.7
1186230 1481.7
1186240 1484.7
1186250 1488.3
1186260 1488.3
1186270 1487.4
1186280 1485.9
1186290 1485.9
1186300 1479.7
1186310 1481.4
1186320 1481.4
1186330 1483.2
1186340 1486.2
1186350 1486.2
1186360 1486.9
1186370 1484.8
1186380 1484.8
1186390 1478.3
1186400 1470.2
1186410 1470.2
1186420 1460.9
1186430 1449.0
1186440 1443.5
1186450 1443.5
1186460 1443.1
1186470 1440.4
1186480 1440.4
1186490 1437.6
1186500 1437.8
1186510 1437.8
1186520 1441.2
1186530 1446.2
1186540 1446.2
1186550 1451.4
1186560 1457.0
1186570 1457.0
1186580 1459.0
1186590 1461.4
1186600 1461.4
1186610 1464.1
1186620 1466.7
1186630 1466.7
1186640 1468.0
1186650 1465.6
1186660 1464.4
1186670 1464.4
1186680 1458.0
1186690 1451.8
1186700 1451.8
1186710 1452.3
1186720 1455.8
1186730 1448.2
1186740 1451.2
1186750 1455.0
1186760 1455.0
1186770 1461.3
1186780 1470.5
1186790 1470.5
1186800 1483.0
1186810 1492.9
1186820 1492.9
1186830 1499.1
1186840 1502.6
1186850 1502.6
1186860 1505.9
1186870 1508.7
1186880 1510.7
1186890 1510.7
1186900 1512.8
1186910 1515.9
1186920 1515.9
1186930 1519.5
1186940 1523.0
1186950 1523.0
1186960 1526.1
1186970 1528.7
1186980 1528.7
1186990 1530.7
1187000 1532.1
1187010 1532.1
1187020 1533.6
1187030 1535.3
1187040 1535.3
1187050 1536.9
1187060 1538.2
1187070 1538.2
1187080 1538.7
1187090 1537.5
1187100 1538.5
1187110 1538.5
1187120 1550.7
1187130 1561.5
1187140 1561.5
1187150 1563.2
1187160 1569.5
1187170 1569.5
1187180 1574.9
1187190 1580.3
1187200 1580.3
1187210 1585.7
1187220 1589.8
1187230 1589.8
1187240 1587.4
1187250 1577.5
1187260 1577.5
1187270 1566.4
1187280 1560.3
1187290 1554.2
1187300 1554.2
1187310 1548.5
1187320 1545.9
1187330 1545.9
1187340 1550.4
1187350 1559.1
1187360 1559.1
1187370 1576.7
1187380 1585.7
1187390 1585.7
1187400 1589.0
1187410 1592.9
1187420 1592.9
1187430 1598.8
1187440 1615.0
1187450 1615.0
1187460 1625.6
1187470 1636.8
1187480 1636.8
1187490 1653.4
1187500 1669.6
1187510 1682.1
1187520 1682.1
1187530 1693.5
1187540 1703.4
1187550 1703.4
1187560 1711.2
1187570 1718.1
1187580 1712.1
1187590 1717.8
1187600 1721.5
1187610 1721.5
1187620 1723.2
1187630 1726.0
1187640 1726.0
1187650 1731.2
1187660 1738.3
1187670 1738.3
1187680 1745.2
1187690 1750.0
1187700 1750.0
1187710 1752.7
1187720 1752.8
1187730 1751.9
1187740 1751.9
1187750 1751.1
1187760 1750.1
1187770 1750.1
1187780 1749.3
1187790 1748.6
1187800 1748.6
1187810 1747.9
1187820 1746.8
1187830 1746.8
1187840 1746.2
1187850 1743.5
1187860 1743.5
1187870 1739.7
1187880 1740.6
1187890 1740.6
1187900 1743.1
1187910 1747.7
1187920 1747.7
1187930 1756.2
1187940 1760.6
1187950 1763.4
1187960 1763.4
1187970 1766.4
1187980 1768.5
1187990 1768.5
1188000 1763.6
1188010 1767.3
1188020 1767.3
1188030 1767.8
1188040 1767.8
1188050 1767.8
1188060 1770.5
1188070 1777.6
1188080 1777.6
1188090 1787.6
1188100 1797.4
1188110 1797.4
1188120 1806.5
1188130 1816.4
1188140 1816.4
1188150 1825.2
1188160 1834.6
1188170 1843.1
1188180 1843.1
1188190 1851.2
1188200 1860.8
1188210 1860.8
1188220 1868.7
1188230 1876.0
1188240 1876.0
1188250 1882.5
1188260 1888.3
1188270 1888.3
1188280 1893.2
1188290 1897.2
1188300 1897.2
1188310 1902.5
1188320 1908.1
1188330 1908.1
1188340 1912.6
1188350 1916.0
1188360 1916.0
1188370 1918.7
1188380 1920.8
1188390 1922.7
1188400 1922.7
1188410 1924.5
1188420 1926.3
1188430 1929.2
1188440 1931.5
1188450 1933.2
1188460 1933.2
1188470 1933.9
1188480 1934.4
1188490 1934.4
1188500 1935.6
1188510 1936.6
1188520 1936.6
1188530 1936.6
1188540 1935.5
1188550 1935.5
1188560 1934.2
1188570 1933.5
1188580 1932.6
1188590 1932.6
1188600 1931.4
1188610 1930.3
1188620 1930.3
1188630 1929.1
1188640 1927.4
1188650 1927.4
1188660 1924.7
1188670 1922.8
1188680 1922.8
1188690 1921.8
1188700 1920.9
1188710 1920.9
1188720 1919.1
1188730 1916.8
1188740 1916.8
1188750 1914.5
1188760 1912.2
1188770 1912.2
1188780 1910.0
1188790 1907.9
1188800 1905.8
1188810 1905.8
1188820 1903.7
1188830 1901.2
1188840 1901.2
1188850 1898.8
1188860 1901.9
1188870 1901.9
1188880 1899.0
1188890 1896.9
1188900 1896.9
1188910 1894.8
1188920 1892.0
1188930 1892.0
1188940 1889.3
1188950 1887.2
1188960 1887.2
1188970 1884.9
1188980 1882.5
1188990 1882.5
1189000 1879.5
1189010 1876.3
1189020 1874.5
1189030 1874.5
1189040 1873.4
1189050 1871.6
1189060 1871.6
1189070 1870.3
1189080 1868.5
1189090 1868.5
1189100 1866.9
1189110 1866.1
1189120 1866.1
1189130 1864.8
1189140 1864.3
1189150 1864.3
1189160 1863.4
1189170 1862.0
1189180 1862.0
1189190 1860.8
1189200 1859.7
1189210 1859.7
1189220 1858.6
1189230 1858.0
1189240 1858.0
1189250 1858.0
1189260 1858.4
1189270 1856.9
1189280 1856.9
1189290 1856.3
1189300 1852.4
1189310 1852.4
1189320 1846.4
1189330 1839.9
1189340 1839.9
1189350 1834.1
1189360 1828.2
1189370 1828.2
1189380 1822.1
1189390 1817.5
1189400 1817.5
1189410 1817.6
1189420 1821.7
1189430 1821.7
1189440 1826.2
1189450 1831.2
1189460 1836.2
1189470 1836.2
1189480 1841.7
1189490 1847.4
1189500 1847.4
1189510 1853.3
1189520 1858.0
1189530 1858.0
1189540 1859.0
1189550 1859.5
1189560 1859.5
1189570 1859.9
1189580 1860.2
1189590 1860.2
1189600 1859.2
1189610 1854.8
1189620 1854.8
1189630 1850.7
1189640 1844.5
1189650 1839.2
1189660 1839.2
1189670 1833.4
1189680 1827.9
1189690 1827.9
1189700 1830.4
1189710 1838.1
1189720 1840.0
1189730 1847.4
1189740 1853.9
1189750 1853.9
1189760 1860.7
1189770 1866.8
1189780 1866.8
1189790 1871.6
1189800 1876.9
1189810 1876.9
1189820 1884.2
1189830 1890.1
1189840 1890.1
1189850 1891.5
1189860 1892.3
1189870 1892.9
1189880 1892.9
1189890 1893.4
1189900 1894.3
1189910 1894.3
1189920 1895.1
1189930 1895.4
1189940 1895.4
1189950 1894.9
1189960 1894.5
1189970 1894.5
1189980 1894.0
1189990 1893.6
1190000 1893.6
1190010 1893.2
1190020 1892.5
1190030 1892.5
1190040 1892.1
1190050 1892.0
1190060 1892.0
1190070 1892.5
1190080 1892.8
1190090 1892.7
1190100 1892.7
1190110 1892.1
1190120 1891.2
1190130 1891.2
1190140 1891.4
1190150 1896.1
1190160 1896.1
1190170 1894.9
1190180 1893.2
1190190 1893.2
1190200 1892.8
1190210 1892.9
1190220 1892.9
1190230 1893.5
1190240 1893.9
1190250 1893.9
1190260 1895.7
1190270 1898.3
1190280 1898.3
1190290 1900.5
1190300 1901.6
1190310 1902.8
1190320 1902.8
1190330 1904.9
1190340 1905.9
1190350 1905.9
1190360 1905.1
1190370 1903.4
1190380 1903.4
1190390 1902.3
1190400 1902.4
1190410 1902.4
1190420 1904.8
1190430 1908.1
1190440 1908.1
1190450 1910.3
1190460 1913.3
1190470 1913.3
1190480 1917.6
1190490 1922.3
1190500 1922.3
1190510 1926.9
1190520 1930.9
1190530 1934.7
1190540 1934.7
1190550 1937.7
1190560 1941.2
1190570 1941.2
1190580 1944.7
1190590 1950.2
1190600 1950.2
1190610 1956.0
1190620 1962.2
1190630 1962.2
1190640 1968.5
1190650 1973.5
1190660 1973.5
1190670 1977.5
1190680 1980.0
1190690 1980.0
1190700 1982.3
1190710 1985.9
1190720 1985.9
1190730 1990.6
1190740 1995.8
1190750 2001.2
1190760 2001.2
1190770 2006.7
1190780 2012.7
1190790 2012.7
1190800 2019.3
1190810 2025.7
1190820 2025.7
1190830 2032.2
1190840 2039.1
1190850 2039.1
1190860 2046.3
1190870 2053.4
1190880 2053.4
1190890 2060.4
1190900 2067.6
1190910 2067.6
1190920 2074.7
1190930 2081.3
1190940 2088.4
1190950 2088.4
1190960 2096.2
1190970 2103.8
1190980 2103.8
1190990 2111.3
1191000 2118.5
1191010 2116.3
1191020 2123.8
1191030 2131.7
1191040 2131.7
1191050 2139.4
1191060 2146.9
1191070 2146.9
1191080 2154.3
1191090 2161.8
1191100 2161.8
1191110 2168.4
1191120 2173.9
1191130 2173.9
1191140 2178.8
1191150 2183.7
1191160 2188.7
1191170 2188.7
1191180 2193.5
1191190 2198.5
1191200 2198.5
1191210 2203.7
1191220 2208.3
1191230 2208.3
1191240 2212.8
1191250 2217.4
1191260 2217.4
1191270 2221.3
1191280 2225.0
1191290 2225.0
1191300 2227.5
1191310 2228.0
1191320 2228.0
1191330 2228.8
1191340 2228.9
1191350 2228.9
1191360 2226.4
1191370 2224.2
1191380 2221.1
1191390 2221.1
1191400 2215.4
1191410 2210.2
1191420 2210.2
1191430 2207.9
1191440 2215.3
1191450 2215.3
1191460 2211.9
1191470 2207.2
1191480 2207.2
1191490 2205.2
1191500 2201.7
1191510 2201.7
1191520 2195.1
1191530 2188.3
1191540 2188.3
1191550 2183.5
1191560 2180.7
1191570 2180.7
1191580 2179.5
1191590 2180.3
1191600 2181.6
1191610 2181.6
1191620 2183.5
1191630 2185.3
1191640 2185.3
1191650 2186.9
1191660 2188.3
1191670 2188.3
1191680 2189.7
1191690 2191.2
1191700 2191.2
1191710 2192.9
1191720 2193.9
1191730 2193.9
1191740 2195.2
1191750 2197.0
1191760 2197.0
1191770 2200.4
1191780 2204.3
1191790 2204.3
1191800 2208.2
1191810 2211.9
1191820 2215.7
1191830 2215.7
1191840 2219.3
1191850 2222.9
1191860 2222.9
1191870 2229.7
1191880 2233.6
1191890 2233.6
1191900 2237.8
1191910 2242.1
1191920 2242.1
1191930 2246.9
1191940 2251.6
1191950 2251.6
1191960 2256.4
1191970 2261.3
1191980 2261.3
1191990 2266.0
1192000 2270.5
1192010 2270.5
1192020 2274.8
1192030 2278.7
1192040 2282.5
1192050 2282.5
1192060 2286.5
1192070 2289.6
1192080 2289.6
1192090 2292.5
1192100 2295.6
1192110 2295.6
1192120 2299.3
1192130 2304.0
1192140 2304.0
1192150 2309.7
1192160 2315.9
1192170 2315.9
1192180 2321.8
1192190 2327.0
1192200 2327.0
1192210 2331.6
1192220 2336.1
1192230 2339.6
1192240 2339.6
1192250 2362.0
1192260 2381.1
1192270 2381.1
1192280 2390.5
1192290 2399.0
1192300 2399.0
1192310 2415.0
1192320 2427.6
1192330 2427.6
1192340 2455.8
1192350 2462.7
1192360 2462.7
1192370 2459.5
1192380 2458.7
1192390 2458.7
1192400 2453.7
1192410 2451.6
1192420 2451.6
1192430 2446.8
1192440 2451.1
1192450 2457.4
1192460 2457.4
1192470 2466.0
1192480 2474.0
1192490 2474.0
1192500 2481.5
1192510 2490.2
1192520 2490.2
1192530 2502.0
1192540 2514.6
1192550 2514.6
1192560 2525.0
1192570 2534.1
1192580 2534.1
1192590 2544.2
1192600 2558.5
1192610 2558.5
1192620 2575.0
1192630 2585.2
1192640 2585.2
1192650 2592.7
1192660 2599.9
1192670 2602.5
1192680 2602.5
1192690 2595.8
1192700 2588.2
1192710 2588.2
1192720 2580.6
1192730 2575.0
1192740 2577.9
1192750 2574.2
1192760 2569.8
1192770 2569.8
1192780 2561.5
1192790 2552.1
1192800 2552.1
1192810 2544.0
1192820 2536.1
1192830 2536.1
1192840 2528.3
1192850 2521.4
1192860 2521.4
1192870 2515.5
1192880 2509.5
1192890 2504.2
1192900 2504.2
1192910 2499.6
1192920 2496.0
1192930 2496.0
1192940 2492.9
1192950 2488.4
1192960 2488.4
1192970 2482.7
1192980 2476.1
1192990 2476.1
1193000 2469.2
1193010 2461.2
1193020 2461.2
1193030 2444.6
1193040 2430.3
1193050 2430.3
1193060 2425.1
1193070 2420.1
1193080 2420.1
1193090 2414.9
1193100 2408.2
1193110 2399.5
1193120 2399.5
1193130 2387.4
1193140 2376.6
1193150 2376.6
1193160 2370.4
1193170 2365.6
1193180 2372.9
1193190 2368.4
1193200 2364.2
1193210 2364.2
1193220 2358.7
1193230 2351.9
1193240 2351.9
1193250 2345.4
1193260 2339.1
1193270 2339.1
1193280 2333.3
1193290 2328.2
1193300 2323.9
1193310 2323.9
1193320 2320.4
1193330 2317.3
1193340 2317.3
1193350 2312.7
1193360 2308.2
1193370 2308.2
1193380 2303.5
1193390 2298.4
1193400 2298.4
1193410 2293.6
1193420 2290.2
1193430 2290.2
1193440 2286.4
1193450 2282.7
1193460 2282.7
1193470 2279.4
1193480 2276.9
1193490 2276.9
1193500 2275.9
1193510 2275.0
1193520 2272.8
1193530 2272.8
1193540 2270.9
1193550 2266.5
1193560 2266.5
1193570 2263.9
1193580 2260.7
1193590 2260.7
1193600 2257.8
1193610 2264.6
1193620 2264.6
1193630 2263.6
1193640 2262.0
1193650 2262.0
1193660 2259.1
1193670 2255.6
1193680 2255.6
1193690 2253.3
1193700 2249.6
1193710 2249.6
1193720 2244.4
1193730 2240.8
1193740 2238.0
1193750 2238.0
1193760 2234.9
1193770 2232.7
1193780 2232.7
1193790 2230.0
1193800 2226.7
1193810 2226.7
1193820 2224.3
1193830 2220.3
1193840 2220.3
1193850 2216.2
1193860 2211.7
1193870 2211.7
1193880 2207.4
1193890 2204.2
1193900 2204.2
1193910 2200.3
1193920 2194.8
1193930 2194.8
1193940 2187.6
1193950 2180.9
1193960 2177.0
1193970 2177.0
1193980 2174.0
1193990 2169.0
1194000 2169.0
1194010 2162.9
1194020 2155.9
1194030 2155.9
1194040 2148.4
1194050 2143.0
1194060 2143.0
1194070 2135.3
1194080 2128.2
1194090 2128.2
1194100 2121.6
1194110 2115.4
1194120 2115.4
1194130 2109.6
1194140 2103.3
1194150 2103.3
1194160 2096.2
1194170 2089.6
1194180 2083.4
1194190 2083.4
1194200 2077.4
1194210 2070.6
1194220 2070.6
1194230 2065.4
1194240 2059.6
1194250 2059.6
1194260 2052.8
1194270 2046.4
1194280 2046.4
1194290 2040.1
1194300 2034.1
1194310 2034.1
1194320 2027.7
1194330 2020.4
1194340 2020.4
1194350 2008.3
1194360 2001.2
1194370 2001.2
1194380 1993.5
1194390 1986.1
1194400 1979.0
1194410 1979.0
1194420 1970.8
1194430 1964.2
1194440 1964.2
1194450 1957.4
1194460 1949.7
1194470 1949.7
1194480 1942.1
1194490 1933.6
1194500 1933.6
1194510 1927.2
1194520 1924.6
1194530 1924.6
1194540 1923.9
1194550 1925.9
1194560 1925.9
1194570 1929.7
1194580 1932.8
1194590 1929.8
1194600 1929.8
1194610 1923.2
1194620 1917.7
1194630 1917.7
1194640 1915.4
1194650 1916.0
1194660 1916.0
1194670 1915.0
1194680 1910.5
1194690 1910.5
1194700 1904.0
1194710 1895.8
1194720 1895.8
1194730 1888.0
1194740 1880.8
1194750 1880.8
1194760 1873.2
1194770 1865.0
1194780 1865.0
1194790 1859.4
1194800 1856.8
1194810 1856.3
1194820 1856.3
1194830 1856.3
1194840 1860.2
1194850 1860.2
1194860 1863.5
1194870 1862.2
1194880 1862.2
1194890 1862.7
1194900 1859.7
1194910 1859.7
1194920 1849.7
1194930 1844.1
1194940 1844.1
1194950 1838.9
1194960 1834.6
1194970 1834.6
1194980 1829.8
1194990 1825.3
1195000 1825.3
1195010 1820.8
1195020 1815.8
1195030 1810.2
1195040 1810.2
1195050 1804.2
1195060 1797.7
1195070 1797.7
1195080 1791.2
1195090 1785.8
1195100 1785.8
1195110 1780.3
1195120 1774.4
1195130 1774.4
1195140 1765.3
1195150 1753.8
1195160 1753.8
1195170 1743.7
1195180 1734.4
1195190 1734.4
1195200 1725.3
1195210 1716.2
1195220 1716.2
1195230 1706.7
1195240 1697.7
1195250 1687.9
1195260 1687.9
1195270 1678.7
1195280 1670.2
1195290 1670.2
1195300 1661.7
1195310 1653.4
1195320 1653.4
1195330 1645.0
1195340 1636.2
1195350 1636.2
1195360 1628.5
1195370 1620.1
1195380 1620.1
1195390 1611.3
1195400 1601.7
1195410 1601.7
1195420 1593.3
1195430 1586.0
1195440 1586.0
1195450 1581.6
1195460 1577.1
1195470 1573.9
1195480 1573.9
1195490 1573.7
1195500 1572.4
1195510 1572.4
1195520 1566.7
1195530 1563.5
1195540 1563.5
1195550 1558.2
1195560 1546.9
1195570 1546.9
1195580 1535.9
1195590 1527.3
1195600 1527.3
1195610 1519.0
1195620 1512.7
1195630 1512.7
1195640 1507.1
1195650 1500.9
1195660 1494.7
1195670 1494.7
1195680 1489.1
1195690 1483.2
1195700 1483.2
1195710 1477.7
1195720 1473.0
1195730 1473.0
1195740 1466.3
1195750 1459.2
1195760 1459.2
1195770 1453.5
1195780 1448.9
1195790 1448.9
1195800 1436.8
1195810 1428.2
1195820 1428.2
1195830 1418.4
1195840 1409.2
1195850 1409.2
1195860 1399.4
1195870 1392.0
1195880 1385.8
1195890 1385.8
1195900 1379.2
1195910 1371.7
1195920 1371.7
1195930 1363.9
1195940 1356.7
1195950 1356.7
1195960 1351.2
1195970 1345.7
1195980 1345.7
1195990 1340.5
1196000 1335.1
1196010 1335.1
1196020 1330.0
1196030 1324.8
1196040 1324.8
1196050 1318.1
1196060 1311.0
1196070 1311.0
1196080 1304.3
1196090 1298.7
1196100 1292.7
1196110 1292.7
1196120 1286.8
1196130 1284.4
1196140 1284.4
1196150 1284.2
1196160 1284.2
1196170 1284.2
1196180 1284.1
1196190 1283.9
1196200 1283.9
1196210 1283.7
1196220 1283.6
1196230 1283.6
1196240 1283.6
1196250 1283.6
1196260 1283.6
1196270 1283.5
1196280 1283.4
1196290 1283.4
1196300 1283.4
1196310 1283.5
1196320 1283.6
1196330 1283.6
1196340 1283.6
1196350 1283.7
1196360 1283.7
1196370 1284.3
1196380 1283.6
1196390 1283.6
1196400 1284.3
1196410 1284.7
1196420 1284.7
1196430 1285.7
1196440 1286.3
1196450 1286.3
1196460 1286.3
1196470 1286.5
1196480 1286.5
1196490 1287.0
1196500 1287.4
1196510 1287.4
1196520 1287.9
1196530 1288.7
1196540 1289.4
1196550 1289.4
1196560 1290.2
1196570 1290.8
1196580 1290.8
1196590 1291.6
1196600 1292.4
1196610 1292.4
1196620 1293.7
1196630 1295.4
1196640 1295.4
1196650 1296.7
1196660 1297.9
1196670 1297.9
1196680 1298.7
1196690 1299.8
1196700 1299.8
1196710 1300.5
1196720 1300.9
1196730 1300.9
1196740 1301.5
1196750 1301.7
1196760 1303.1
1196770 1303.1
1196780 1311.6
1196790 1324.9
1196800 1324.9
1196810 1334.5
1196820 1344.9
1196830 1344.9
1196840 1352.0
1196850 1358.1
1196860 1358.1
1196870 1365.2
1196880 1371.7
1196890 1371.7
1196900 1378.3
1196910 1383.2
1196920 1383.2
1196930 1385.8
1196940 1382.8
1196950 1389.9
1196960 1389.9
1196970 1409.3
1196980 1423.4
1196990 1423.4
1197000 1433.5
1197010 1445.9
1197020 1445.9
1197030 1455.1
1197040 1462.7
1197050 1462.7
1197060 1470.9
1197070 1479.7
1197080 1479.7
1197090 1492.0
1197100 1499.8
1197110 1499.8
1197120 1498.2
1197130 1507.5
1197140 1507.5
1197150 1517.0
1197160 1525.4
1197170 1533.5
1197180 1533.5
1197190 1539.9
1197200 1546.6
1197210 1546.6
1197220 1553.1
1197230 1559.3
1197240 1559.3
1197250 1564.9
1197260 1570.5
1197270 1570.5
1197280 1576.2
1197290 1582.6
1197300 1582.6
1197310 1589.3
1197320 1595.7
1197330 1595.7
1197340 1602.3
1197350 1610.0
1197360 1610.0
1197370 1617.1
1197380 1624.1
1197390 1631.2
1197400 1631.2
1197410 1636.4
1197420 1642.7
1197430 1642.7
1197440 1648.7
1197450 1654.3
1197460 1654.3
1197470 1659.7
1197480 1664.9
1197490 1664.9
1197500 1670.2
1197510 1675.7
1197520 1675.7
1197530 1681.4
1197540 1687.1
1197550 1687.1
1197560 1694.1
1197570 1699.8
1197580 1699.8
1197590 1705.6
1197600 1711.8
1197610 1718.4
1197620 1718.4
1197630 1725.2
1197640 1732.4
1197650 1732.4
1197660 1739.7
1197670 1748.1
1197680 1748.1
1197690 1757.9
1197700 1766.7
1197710 1766.7
1197720 1773.9
1197730 1780.7
1197740 1780.7
1197750 1787.1
1197760 1793.2
1197770 1793.2
1197780 1798.5
1197790 1804.7
1197800 1804.7
1197810 1809.5
1197820 1813.4
1197830 1819.4
1197840 1819.4
1197850 1825.1
1197860 1826.9
1197870 1826.9
1197880 1831.8
1197890 1837.8
1197900 1837.8
1197910 1844.6
1197920 1851.9
1197930 1851.9
1197940 1858.9
1197950 1866.2
1197960 1866.2
1197970 1876.0
1197980 1885.7
1197990 1885.7
1198000 1894.4
1198010 1901.4
1198020 1911.6
1198030 1911.6
1198040 1922.6
1198050 1929.6
1198060 1929.6
1198070 1935.4
1198080 1943.6
1198090 1943.6
1198100 1952.9
1198110 1960.0
1198120 1960.0
1198130 1967.1
1198140 1975.6
1198150 1975.6
1198160 1985.9
1198170 1994.7
1198180 1994.7
1198190 2005.7
1198200 2019.9
1198210 2019.9
1198220 2031.3
1198230 2039.3
1198240 2048.5
1198250 2048.5
1198260 2057.4
1198270 2065.0
1198280 2065.0
1198290 2071.3
1198300 2077.6
1198310 2077.6
1198320 2081.6
1198330 2085.4
1198340 2085.4
1198350 2090.4
1198360 2095.1
1198370 2095.1
1198380 2100.0
1198390 2107.8
1198400 2107.8
1198410 2114.9
1198420 2118.3
1198430 2118.3
1198440 2108.7
1198450 2110.7
1198460 2114.7
1198470 2114.7
1198480 2118.6
1198490 2127.0
1198500 2127.0
1198510 2148.7
1198520 2169.8
1198530 2169.8
1198540 2184.9
1198550 2203.8
1198560 2203.8
1198570 2233.1
1198580 2255.4
1198590 2255.4
1198600 2264.0
1198610 2284.3
1198620 2284.3
1198630 2305.2
1198640 2319.6
1198650 2319.6
1198660 2334.6
1198670 2339.7
1198680 2335.6
1198690 2335.6
1198700 2332.6
1198710 2329.9
1198720 2329.9
1198730 2324.5
1198740 2321.1
1198750 2321.1
1198760 2319.5
1198770 2317.6
1198780 2317.6
1198790 2316.1
1198800 2317.1
1198810 2317.1
1198820 2318.3
1198830 2319.3
1198840 2319.3
1198850 2319.5
1198860 2320.6
1198870 2320.6
1198880 2318.3
1198890 2322.5
1198900 2327.1
1198910 2327.1
1198920 2331.8
1198930 2336.2
1198940 2336.2
1198950 2340.0
1198960 2346.8
1198970 2346.8
1198980 2369.1
1198990 2391.3
1199000 2391.3
1199010 2402.1
1199020 2410.9
1199030 2410.9
1199040 2416.5
1199050 2425.3
1199060 2425.3
1199070 2436.9
1199080 2455.0
1199090 2496.1
1199100 2496.1
1199110 2550.5
1199120 2581.9
1199130 2581.9
1199140 2597.6
1199150 2614.5
1199160 2614.5
1199170 2630.2
1199180 2639.8
1199190 2639.8
1199200 2649.5
1199210 2660.6
1199220 2660.6
1199230 2677.0
1199240 2702.4
1199250 2702.4
1199260 2717.7
1199270 2734.6
1199280 2734.6
1199290 2788.5
1199300 2816.7
1199310 2817.3
1199320 2817.3
1199330 2809.2
1199340 2807.0
1199350 2807.0
1199360 2805.3
1199370 2803.5
1199380 2803.5
1199390 2801.6
1199400 2799.4
1199410 2799.4
1199420 2796.4
1199430 2794.1
1199440 2794.1
1199450 2793.1
1199460 2792.7
1199470 2792.7
1199480 2791.8
1199490 2790.5
1199500 2790.5
1199510 2788.6
1199520 2788.0
1199530 2786.9
1199540 2786.9
1199550 2787.5
1199560 2789.2
1199570 2789.2
1199580 2788.4
1199590 2787.5
1199600 2787.5
1199610 2788.0
1199620 2792.3
1199630 2792.3
1199640 2798.7
1199650 2813.7
1199660 2813.7
1199670 2833.1
1199680 2847.3
1199690 2847.3
1199700 2848.1
1199710 2850.8
1199720 2850.8
1199730 2854.1
1199740 2857.7
1199750 2851.7
1199760 2851.7
1199770 2845.7
1199780 2835.1
1199790 2835.1
1199800 2825.1
1199810 2816.0
1199820 2816.0
1199830 2803.3
1199840 2787.9
1199850 2787.9
1199860 2776.1
1199870 2766.5
1199880 2766.5
1199890 2762.3
1199900 2775.9
1199910 2775.9
1199920 2794.5
1199930 2805.5
1199940 2805.5
1199950 2814.9
1199960 2805.5
1199970 2785.0
1199980 2785.0
1199990 2774.7
