1180000 1453.7
1180010 1453.7
1180020 1450.2
1180030 1445.3
1180040 1445.3
1180050 1442.2
1180060 1439.0
1180070 1439.0
1180080 1435.9
1180090 1433.4
1180100 1433.4
1180110 1432.1
1180120 1430.9
1180130 1430.9
1180140 1430.2
1180150 1429.9
1180160 1429.5
1180170 1429.5
1180180 1428.0
1180190 1426.0
1180200 1426.0
1180210 1424.2
1180220 1422.1
1180230 1427.5
1180240 1425.4
1180250 1422.5
1180260 1422.5
1180270 1421.1
1180280 1420.2
1180290 1420.2
1180300 1419.4
1180310 1419.1
1180320 1419.1
1180330 1418.6
1180340 1417.7
1180350 1417.7
1180360 1416.7
1180370 1416.3
1180380 1415.7
1180390 1415.7
1180400 1415.4
1180410 1415.2
1180420 1415.2
1180430 1415.5
1180440 1415.8
1180450 1415.8
1180460 1415.3
1180470 1413.5
1180480 1413.5
1180490 1410.7
1180500 1406.1
1180510 1406.1
1180520 1401.1
1180530 1396.8
1180540 1396.8
1180550 1393.0
1180560 1389.8
1180570 1389.8
1180580 1385.7
1180590 1380.7
1180600 1376.1
1180610 1376.1
1180620 1372.3
1180630 1367.9
1180640 1372.6
1180650 1368.0
1180660 1362.8
1180670 1362.8
1180680 1355.9
1180690 1345.2
1180700 1345.2
1180710 1333.1
1180720 1322.9
1180730 1322.9
1180740 1313.6
1180750 1305.1
1180760 1305.1
1180770 1296.7
1180780 1288.3
1180790 1288.3
1180800 1279.3
1180810 1269.7
1180820 1260.2
1180830 1260.2
1180840 1250.0
1180850 1243.3
1180860 1243.3
1180870 1237.3
1180880 1232.0
1180890 1232.0
1180900 1232.5
1180910 1236.9
1180920 1236.9
1180930 1240.8
1180940 1247.1
1180950 1247.1
1180960 1253.5
1180970 1258.3
1180980 1258.3
1180990 1262.6
1181000 1269.4
1181010 1269.4
1181020 1275.4
1181030 1282.4
1181040 1289.9
1181050 1289.9
1181060 1291.8
1181070 1299.4
1181080 1299.4
1181090 1311.8
1181100 1322.7
1181110 1322.7
1181120 1338.9
1181130 1353.8
1181140 1353.8
1181150 1364.9
1181160 1375.3
1181170 1375.3
1181180 1381.6
1181190 1386.1
1181200 1386.1
1181210 1390.7
1181220 1393.3
1181230 1396.1
1181240 1396.1
1181250 1398.0
1181260 1398.7
1181270 1398.7
1181280 1399.4
1181290 1399.9
1181300 1399.9
1181310 1400.3
1181320 1400.0
1181330 1400.0
1181340 1399.4
1181350 1398.3
1181360 1398.3
1181370 1397.4
1181380 1397.1
1181390 1397.1
1181400 1396.4
1181410 1395.6
1181420 1395.6
1181430 1394.4
1181440 1393.5
1181450 1392.5
1181460 1392.5
1181470 1391.7
1181480 1391.1
1181490 1391.1
1181500 1390.4
1181510 1389.8
1181520 1389.8
1181530 1391.2
1181540 1393.9
1181550 1393.9
1181560 1394.7
1181570 1393.4
1181580 1393.4
1181590 1392.0
1181600 1391.8
1181610 1391.8
1181620 1391.6
1181630 1391.2
1181640 1391.2
1181650 1390.8
1181660 1390.4
1181670 1390.3
1181680 1390.3
1181690 1392.2
1181700 1395.0
1181710 1395.0
1181720 1398.0
1181730 1399.5
1181740 1399.5
1181750 1398.4
1181760 1396.0
1181770 1396.0
1181780 1394.1
1181790 1392.7
1181800 1392.7
1181810 1390.8
1181820 1388.3
1181830 1388.3
1181840 1384.5
1181850 1378.5
1181860 1378.5
1181870 1371.4
1181880 1365.1
1181890 1358.1
1181900 1352.9
1181910 1346.9
1181920 1340.5
1181930 1340.5
1181940 1334.7
1181950 1331.6
1181960 1331.6
1181970 1327.7
1181980 1322.9
1181990 1322.9
1182000 1317.8
1182010 1312.3
1182020 1312.3
1182030 1308.2
1182040 1305.6
1182050 1305.6
1182060 1304.3
1182070 1302.9
1182080 1302.9
1182090 1299.7
1182100 1294.5
1182110 1288.1
1182120 1288.1
1182130 1282.1
1182140 1276.3
1182150 1276.3
1182160 1268.0
1182170 1259.3
1182180 1259.3
1182190 1250.3
1182200 1242.8
1182210 1242.8
1182220 1234.8
1182230 1225.2
1182240 1225.2
1182250 1212.5
1182260 1199.0
1182270 1199.0
1182280 1188.3
1182290 1175.0
1182300 1175.0
1182310 1157.2
1182320 1138.3
1182330 1122.2
1182340 1122.2
1182350 1108.2
1182360 1106.6
1182370 1106.6
1182380 1106.6
1182390 1103.4
1182400 1103.4
1182410 1104.2
1182420 1117.7
1182430 1117.7
1182440 1138.4
1182450 1145.0
1182460 1145.0
1182470 1143.9
1182480 1139.3
1182490 1139.3
1182500 1102.1
1182510 1068.1
1182520 1061.3
1182530 1061.3
1182540 1056.7
1182550 1050.4
1182560 1050.4
1182570 1046.2
1182580 1040.7
1182590 1040.7
1182600 1031.7
1182610 1020.2
1182620 1020.2
1182630 1009.8
1182640 996.1
1182650 996.1
1182660 989.7
1182670 984.0
1182680 984.0
1182690 977.7
1182700 970.7
1182710 970.7
1182720 962.7
1182730 955.1
1182740 943.6
1182750 943.6
1182760 937.4
1182770 931.4
1182780 931.4
1182790 924.9
1182800 917.3
1182810 917.3
1182820 911.0
1182830 906.3
1182840 906.3
1182850 903.5
1182860 902.2
1182870 902.2
1182880 901.4
1182890 898.9
1182900 898.9
1182910 898.7
1182920 898.7
1182930 898.7
1182940 898.1
1182950 897.1
1182960 896.6
1182970 896.6
1182980 896.4
1182990 896.3
1183000 896.3
1183010 896.4
1183020 897.7
1183030 897.7
1183040 899.8
1183050 899.9
1183060 899.9
1183070 899.7
1183080 899.5
1183090 899.5
1183100 899.3
1183110 899.2
1183120 899.2
1183130 899.2
1183140 899.2
1183150 899.2
1183160 899.7
1183170 899.6
1183180 900.0
1183190 900.0
1183200 900.8
1183210 901.1
1183220 901.1
1183230 901.2
1183240 901.2
1183250 901.2
1183260 901.1
1183270 901.0
1183280 901.0
1183290 901.0
1183300 901.1
1183310 901.1
1183320 903.0
1183330 907.0
1183340 907.0
1183350 908.0
1183360 908.1
1183370 908.1
1183380 904.1
1183390 901.3
1183400 901.0
1183410 901.0
1183420 900.9
1183430 900.5
1183440 900.5
1183450 900.0
1183460 900.1
1183470 900.1
1183480 900.6
1183490 903.0
1183500 903.0
1183510 909.9
1183520 920.4
1183530 920.4
1183540 926.1
1183550 934.8
1183560 934.8
1183570 944.5
1183580 954.7
1183590 962.7
1183600 962.7
1183610 970.4
1183620 978.6
1183630 978.6
1183640 987.3
1183650 997.9
1183660 997.9
1183670 1021.9
1183680 1032.0
1183690 1032.0
1183700 1039.8
1183710 1047.5
1183720 1047.5
1183730 1053.3
1183740 1053.8
1183750 1053.8
1183760 1053.9
1183770 1054.8
1183780 1054.8
1183790 1057.0
1183800 1060.3
1183810 1063.0
1183820 1063.0
1183830 1065.7
1183840 1069.2
1183850 1069.2
1183860 1072.5
1183870 1077.5
1183880 1077.5
1183890 1083.7
1183900 1088.8
1183910 1088.8
1183920 1093.1
1183930 1097.4
1183940 1097.4
1183950 1101.5
1183960 1106.0
1183970 1106.0
1183980 1110.8
1183990 1113.6
1184000 1117.0
1184010 1120.3
1184020 1124.4
1184030 1127.0
1184040 1127.0
1184050 1128.9
1184060 1132.8
1184070 1132.8
1184080 1137.9
1184090 1141.2
1184100 1141.2
1184110 1143.2
1184120 1145.0
1184130 1145.0
1184140 1147.9
1184150 1151.9
1184160 1151.9
1184170 1155.2
1184180 1157.8
1184190 1157.8
1184200 1161.0
1184210 1165.3
1184220 1165.3
1184230 1169.6
1184240 1173.7
1184250 1177.0
1184260 1177.0
1184270 1178.5
1184280 1179.5
1184290 1179.5
1184300 1180.0
1184310 1181.7
1184320 1181.7
1184330 1184.2
1184340 1186.6
1184350 1186.6
1184360 1188.4
1184370 1190.1
1184380 1190.1
1184390 1191.6
1184400 1191.8
1184410 1191.8
1184420 1196.7
1184430 1198.1
1184440 1198.1
1184450 1199.9
1184460 1200.9
1184470 1205.0
1184480 1205.0
1184490 1209.6
1184500 1211.8
1184510 1211.8
1184520 1211.5
1184530 1211.3
1184540 1211.3
1184550 1212.4
1184560 1215.6
1184570 1215.6
1184580 1218.7
1184590 1220.5
1184600 1220.5
1184610 1222.0
1184620 1222.9
1184630 1222.9
1184640 1224.2
1184650 1225.1
1184660 1225.1
1184670 1226.5
1184680 1226.3
1184690 1224.5
1184700 1224.5
1184710 1226.2
1184720 1225.6
1184730 1225.6
1184740 1221.6
1184750 1217.6
1184760 1217.6
1184770 1214.1
1184780 1210.8
1184790 1210.8
1184800 1208.4
1184810 1206.3
1184820 1206.3
1184830 1201.7
1184840 1203.0
1184850 1203.0
1184860 1199.2
1184870 1197.2
1184880 1197.2
1184890 1194.4
1184900 1192.5
1184910 1191.2
1184920 1191.2
1184930 1185.1
1184940 1179.3
1184950 1179.3
1184960 1178.0
1184970 1174.5
1184980 1174.5
1184990 1171.0
1185000 1166.1
1185010 1166.1
1185020 1161.3
1185030 1157.3
1185040 1157.3
1185050 1154.1
1185060 1146.8
1185070 1146.8
1185080 1139.5
1185090 1133.9
1185100 1127.5
1185110 1127.5
1185120 1120.7
1185130 1115.4
1185140 1115.4
1185150 1108.8
1185160 1101.8
1185170 1101.8
1185180 1092.3
1185190 1083.7
1185200 1083.7
1185210 1084.6
1185220 1097.0
1185230 1097.0
1185240 1120.0
1185250 1131.8
1185260 1131.8
1185270 1144.4
1185280 1164.4
1185290 1164.4
1185300 1176.1
1185310 1191.1
1185320 1202.9
1185330 1202.9
1185340 1209.5
1185350 1215.5
1185360 1215.5
1185370 1229.7
1185380 1242.4
1185390 1242.4
1185400 1249.6
1185410 1253.7
1185420 1253.7
1185430 1256.4
1185440 1259.0
1185450 1259.0
1185460 1261.0
1185470 1261.9
1185480 1261.9
1185490 1262.6
1185500 1263.7
1185510 1263.7
1185520 1267.6
1185530 1270.4
1185540 1271.2
1185550 1271.2
1185560 1274.2
1185570 1277.4
1185580 1277.4
1185590 1280.5
1185600 1285.4
1185610 1285.4
1185620 1293.4
1185630 1303.2
1185640 1303.2
1185650 1314.3
1185660 1324.9
1185670 1324.9
1185680 1335.0
1185690 1343.5
1185700 1343.5
1185710 1351.2
1185720 1358.8
1185730 1358.8
1185740 1366.7
1185750 1374.6
1185760 1380.7
1185770 1380.7
1185780 1385.5
1185790 1390.7
1185800 1390.7
1185810 1394.8
1185820 1398.9
1185830 1398.9
1185840 1403.5
1185850 1408.9
1185860 1408.9
1185870 1414.2
1185880 1419.2
1185890 1419.2
1185900 1423.6
1185910 1428.7
1185920 1428.7
1185930 1434.6
1185940 1440.9
1185950 1440.9
1185960 1447.7
1185970 1454.8
1185980 1461.5
1185990 1461.5
1186000 1467.8
1186010 1473.7
1186020 1473.7
1186030 1479.6
1186040 1486.0
1186050 1486.0
1186060 1493.1
1186070 1500.7
1186080 1500.7
1186090 1509.0
1186100 1517.9
1186110 1513.8
1186120 1522.6
1186130 1530.8
1186140 1530.8
1186150 1537.7
1186160 1543.9
1186170 1543.9
1186180 1549.2
1186190 1553.0
1186200 1556.0
1186210 1556.0
1186220 1558.3
1186230 1559.9
1186240 1559.9
1186250 1560.9
1186260 1561.8
1186270 1561.8
1186280 1563.2
1186290 1565.0
1186300 1565.0
1186310 1566.9
1186320 1567.3
1186330 1567.3
1186340 1563.0
1186350 1562.1
1186360 1562.1
1186370 1564.6
1186380 1567.1
1186390 1568.3
1186400 1568.3
1186410 1567.9
1186420 1566.5
1186430 1566.5
1186440 1561.4
1186450 1554.4
1186460 1554.4
1186470 1548.3
1186480 1543.4
1186490 1543.4
1186500 1536.5
1186510 1529.3
1186520 1529.3
1186530 1527.1
1186540 1530.0
1186550 1530.0
1186560 1549.8
1186570 1560.5
1186580 1560.5
1186590 1565.6
1186600 1567.3
1186610 1566.1
1186620 1566.1
1186630 1563.3
1186640 1558.4
1186650 1558.4
1186660 1553.1
1186670 1548.6
1186680 1548.6
1186690 1546.5
1186700 1543.4
1186710 1543.4
1186720 1538.8
1186730 1536.8
1186740 1536.8
1186750 1538.9
1186760 1546.2
1186770 1546.2
1186780 1556.1
1186790 1564.2
1186800 1564.2
1186810 1569.1
1186820 1571.6
1186830 1575.6
1186840 1575.6
1186850 1584.2
1186860 1594.9
1186870 1594.9
1186880 1603.9
1186890 1612.5
1186900 1612.5
1186910 1620.6
1186920 1627.5
1186930 1627.5
1186940 1632.4
1186950 1635.8
1186960 1627.5
1186970 1629.9
1186980 1631.4
1186990 1631.4
1187000 1631.6
1187010 1632.2
1187020 1632.2
1187030 1633.5
1187040 1635.4
1187050 1637.4
1187060 1637.4
1187070 1639.2
1187080 1641.0
1187090 1641.0
1187100 1642.1
1187110 1642.9
1187120 1642.9
1187130 1641.9
1187140 1644.5
1187150 1644.5
1187160 1648.9
1187170 1654.3
1187180 1654.3
1187190 1661.7
1187200 1668.8
1187210 1668.8
1187220 1674.1
1187230 1672.7
1187240 1672.7
1187250 1667.8
1187260 1662.5
1187270 1656.8
1187280 1656.8
1187290 1646.4
1187300 1634.0
1187310 1634.0
1187320 1626.1
1187330 1625.0
1187340 1625.0
1187350 1623.9
1187360 1625.2
1187370 1625.2
1187380 1631.8
1187390 1632.8
1187400 1632.8
1187410 1651.0
1187420 1673.1
1187430 1673.1
1187440 1684.0
1187450 1692.2
1187460 1692.2
1187470 1699.7
1187480 1706.7
1187490 1713.0
1187500 1713.0
1187510 1720.1
1187520 1722.9
1187530 1722.9
1187540 1723.8
1187550 1736.4
1187560 1736.4
1187570 1748.5
1187580 1759.6
1187590 1759.6
1187600 1774.9
1187610 1791.4
1187620 1791.4
1187630 1801.3
1187640 1808.2
1187650 1808.2
1187660 1813.7
1187670 1818.2
1187680 1822.3
1187690 1822.3
1187700 1826.1
1187710 1829.8
1187720 1829.8
1187730 1834.8
1187740 1840.4
1187750 1840.4
1187760 1844.8
1187770 1846.6
1187780 1846.6
1187790 1846.5
1187800 1845.4
1187810 1845.4
1187820 1833.0
1187830 1830.4
1187840 1830.4
1187850 1828.2
1187860 1827.1
1187870 1827.1
1187880 1828.8
1187890 1833.1
1187900 1838.1
1187910 1838.1
1187920 1842.9
1187930 1846.8
1187940 1846.8
1187950 1850.6
1187960 1855.4
1187970 1855.4
1187980 1858.7
1187990 1859.5
1188000 1859.5
1188010 1858.2
1188020 1858.1
1188030 1858.1
1188040 1860.2
1188050 1861.5
1188060 1861.5
1188070 1862.5
1188080 1864.6
1188090 1864.6
1188100 1867.2
1188110 1870.1
1188120 1873.0
1188130 1873.0
1188140 1876.1
1188150 1879.0
1188160 1879.0
1188170 1881.4
1188180 1884.2
1188190 1884.2
1188200 1886.5
1188210 1887.8
1188220 1887.8
1188230 1888.2
1188240 1888.1
1188250 1888.1
1188260 1890.1
1188270 1892.5
1188280 1892.5
1188290 1894.7
1188300 1897.0
1188310 1897.0
1188320 1899.4
1188330 1902.3
1188340 1903.0
1188350 1903.0
1188360 1901.5
1188370 1901.0
1188380 1901.0
1188390 1902.1
1188400 1902.9
1188410 1902.9
1188420 1902.4
1188430 1902.0
1188440 1902.0
1188450 1901.6
1188460 1901.2
1188470 1901.2
1188480 1900.4
1188490 1899.0
1188500 1899.0
1188510 1897.3
1188520 1894.5
1188530 1894.5
1188540 1890.0
1188550 1885.8
1188560 1882.4
1188570 1882.4
1188580 1879.3
1188590 1876.6
1188600 1876.6
1188610 1874.1
1188620 1872.1
1188630 1872.1
1188640 1870.8
1188650 1869.5
1188660 1869.5
1188670 1876.4
1188680 1877.3
1188690 1877.3
1188700 1875.4
1188710 1872.2
1188720 1872.2
1188730 1869.7
1188740 1866.9
1188750 1866.9
1188760 1864.0
1188770 1861.5
1188780 1859.5
1188790 1859.5
1188800 1856.6
1188810 1853.6
1188820 1853.6
1188830 1850.9
1188840 1848.1
1188850 1848.1
1188860 1845.6
1188870 1843.3
1188880 1843.3
1188890 1841.3
1188900 1839.7
1188910 1839.7
1188920 1838.1
1188930 1836.6
1188940 1836.6
1188950 1835.2
1188960 1834.2
1188970 1832.9
1188980 1832.9
1188990 1830.9
1189000 1830.0
1189010 1830.0
1189020 1828.4
1189030 1827.1
1189040 1827.1
1189050 1825.4
1189060 1823.9
1189070 1823.9
1189080 1822.5
1189090 1821.5
1189100 1824.8
1189110 1823.4
1189120 1822.0
1189130 1822.0
1189140 1821.0
1189150 1820.7
1189160 1820.7
1189170 1820.1
1189180 1818.9
1189190 1817.3
1189200 1817.3
1189210 1816.2
1189220 1816.1
1189230 1816.1
1189240 1815.8
1189250 1815.2
1189260 1815.2
1189270 1814.5
1189280 1812.8
1189290 1812.8
1189300 1807.2
1189310 1801.0
1189320 1801.0
1189330 1795.1
1189340 1788.9
1189350 1788.9
1189360 1783.5
1189370 1779.2
1189380 1779.2
1189390 1775.5
1189400 1772.3
1189410 1774.8
1189420 1774.8
1189430 1781.2
1189440 1787.9
1189450 1787.9
1189460 1794.0
1189470 1800.2
1189480 1800.2
1189490 1802.8
1189500 1803.1
1189510 1803.1
1189520 1802.3
1189530 1804.6
1189540 1804.6
1189550 1801.5
1189560 1797.0
1189570 1797.0
1189580 1791.5
1189590 1786.9
1189600 1786.9
1189610 1782.6
1189620 1784.4
1189630 1791.5
1189640 1791.5
1189650 1801.2
1189660 1809.7
1189670 1809.7
1189680 1817.5
1189690 1823.9
1189700 1823.9
1189710 1827.0
1189720 1829.5
1189730 1829.5
1189740 1831.2
1189750 1832.6
1189760 1832.6
1189770 1833.8
1189780 1834.3
1189790 1834.3
1189800 1835.7
1189810 1837.4
1189820 1837.4
1189830 1839.6
1189840 1840.7
1189850 1842.1
1189860 1842.1
1189870 1843.4
1189880 1844.6
1189890 1844.6
1189900 1844.6
1189910 1844.1
1189920 1844.1
1189930 1846.6
1189940 1849.7
1189950 1849.7
1189960 1855.2
1189970 1857.5
1189980 1857.5
1189990 1860.3
1190000 1862.5
1190010 1862.5
1190020 1862.8
1190030 1861.3
1190040 1861.3
1190050 1859.9
1190060 1858.6
1190070 1858.3
1190080 1858.3
1190090 1857.8
1190100 1857.8
1190110 1857.8
1190120 1859.3
1190130 1860.3
1190140 1860.3
1190150 1860.3
1190160 1861.3
1190170 1861.3
1190180 1862.0
1190190 1859.2
1190200 1859.2
1190210 1854.6
1190220 1851.4
1190230 1851.4
1190240 1852.2
1190250 1857.7
1190260 1864.1
1190270 1864.1
1190280 1869.7
1190290 1876.2
1190300 1876.2
1190310 1883.0
1190320 1889.3
1190330 1889.3
1190340 1894.1
1190350 1898.2
1190360 1898.2
1190370 1902.5
1190380 1906.9
1190390 1908.8
1190400 1912.9
1190410 1916.1
1190420 1916.1
1190430 1919.3
1190440 1922.6
1190450 1922.6
1190460 1926.0
1190470 1929.8
1190480 1934.2
1190490 1934.2
1190500 1937.6
1190510 1941.0
1190520 1941.0
1190530 1944.8
1190540 1946.9
1190550 1946.9
1190560 1951.0
1190570 1956.0
1190580 1956.0
1190590 1960.6
1190600 1964.9
1190610 1964.9
1190620 1969.6
1190630 1974.7
1190640 1974.7
1190650 1979.9
1190660 1985.1
1190670 1985.1
1190680 1990.0
1190690 1995.2
1190700 2000.6
1190710 2000.6
1190720 2006.3
1190730 2012.1
1190740 2012.1
1190750 2017.9
1190760 2024.0
1190770 2024.0
1190780 2029.7
1190790 2035.3
1190800 2035.3
1190810 2041.3
1190820 2047.8
1190830 2047.8
1190840 2054.0
1190850 2059.7
1190860 2059.7
1190870 2064.9
1190880 2069.4
1190890 2069.4
1190900 2073.9
1190910 2078.5
1190920 2082.5
1190930 2082.5
1190940 2086.0
1190950 2089.5
1190960 2089.5
1190970 2093.1
1190980 2097.4
1190990 2097.4
1191000 2102.3
1191010 2106.5
1191020 2106.5
1191030 2110.0
1191040 2113.5
1191050 2113.5
1191060 2116.7
1191070 2120.4
1191080 2120.4
1191090 2124.1
1191100 2127.4
1191110 2127.4
1191120 2131.3
1191130 2136.0
1191140 2140.6
1191150 2140.6
1191160 2145.0
1191170 2149.6
1191180 2149.6
1191190 2153.8
1191200 2157.3
1191210 2157.3
1191220 2160.5
1191230 2163.2
1191240 2163.2
1191250 2169.4
1191260 2170.2
1191270 2170.2
1191280 2168.3
1191290 2165.3
1191300 2165.3
1191310 2162.3
1191320 2158.9
1191330 2154.5
1191340 2154.5
1191350 2149.2
1191360 2145.2
1191370 2145.2
1191380 2142.1
1191390 2138.5
1191400 2138.5
1191410 2135.6
1191420 2139.4
1191430 2139.4
1191440 2142.6
1191450 2143.3
1191460 2143.3
1191470 2144.5
1191480 2144.5
1191490 2144.5
1191500 2144.7
1191510 2146.5
1191520 2146.5
1191530 2149.9
1191540 2153.8
1191550 2158.3
1191560 2158.3
1191570 2161.9
1191580 2163.5
1191590 2163.5
1191600 2164.1
1191610 2163.8
1191620 2163.8
1191630 2163.0
1191640 2162.4
1191650 2162.4
1191660 2162.8
1191670 2163.6
1191680 2165.6
1191690 2166.3
1191700 2166.7
1191710 2166.7
1191720 2168.0
1191730 2170.4
1191740 2170.4
1191750 2173.2
1191760 2176.1
1191770 2179.0
1191780 2179.0
1191790 2182.6
1191800 2187.0
1191810 2187.0
1191820 2191.1
1191830 2194.7
1191840 2194.7
1191850 2198.2
1191860 2201.4
1191870 2201.4
1191880 2204.6
1191890 2207.7
1191900 2207.7
1191910 2211.0
1191920 2214.0
1191930 2214.0
1191940 2217.1
1191950 2220.5
1191960 2220.5
1191970 2224.6
1191980 2229.1
1191990 2233.8
1192000 2233.8
1192010 2238.6
1192020 2243.5
1192030 2243.5
1192040 2248.5
1192050 2253.7
1192060 2253.7
1192070 2259.0
1192080 2264.1
1192090 2264.1
1192100 2269.2
1192110 2274.6
1192120 2276.9
1192130 2282.4
1192140 2287.7
1192150 2287.7
1192160 2293.0
1192170 2298.4
1192180 2298.4
1192190 2303.8
1192200 2309.3
1192210 2314.8
1192220 2314.8
1192230 2320.3
1192240 2326.0
1192250 2326.0
1192260 2331.5
1192270 2339.3
1192280 2339.3
1192290 2350.8
1192300 2362.6
1192310 2362.6
1192320 2368.0
1192330 2374.8
1192340 2374.8
1192350 2382.2
1192360 2390.1
1192370 2390.1
1192380 2397.4
1192390 2404.2
1192400 2404.2
1192410 2411.0
1192420 2417.3
1192430 2423.3
1192440 2423.3
1192450 2428.7
1192460 2436.7
1192470 2436.7
1192480 2444.6
1192490 2454.3
1192500 2454.3
1192510 2462.4
1192520 2470.6
1192530 2470.6
1192540 2478.8
1192550 2489.8
1192560 2489.8
1192570 2499.7
1192580 2507.6
1192590 2507.6
1192600 2513.2
1192610 2518.1
1192620 2524.5
1192630 2524.5
1192640 2533.0
1192650 2544.3
1192660 2544.3
1192670 2557.3
1192680 2561.4
1192690 2561.4
1192700 2559.6
1192710 2548.5
1192720 2548.5
1192730 2539.5
1192740 2530.6
1192750 2530.6
1192760 2519.8
1192770 2511.3
1192780 2511.3
1192790 2503.4
1192800 2495.9
1192810 2495.9
1192820 2487.7
1192830 2478.8
1192840 2470.1
1192850 2470.1
1192860 2463.4
1192870 2456.0
1192880 2456.0
1192890 2447.4
1192900 2440.4
1192910 2440.4
1192920 2433.0
1192930 2425.7
1192940 2425.7
1192950 2420.0
1192960 2413.2
1192970 2413.2
1192980 2405.8
1192990 2399.4
1193000 2399.4
1193010 2392.8
1193020 2387.1
1193030 2387.1
1193040 2381.4
1193050 2375.4
1193060 2368.0
1193070 2368.0
1193080 2358.6
1193090 2349.1
1193100 2349.1
1193110 2338.2
1193120 2328.9
1193130 2328.9
1193140 2322.5
1193150 2316.4
1193160 2316.4
1193170 2310.5
1193180 2305.3
1193190 2305.3
1193200 2300.2
1193210 2295.1
1193220 2295.1
1193230 2290.8
1193240 2287.3
1193250 2287.3
1193260 2285.1
1193270 2284.0
1193280 2283.6
1193290 2283.6
1193300 2282.3
1193310 2279.6
1193320 2279.6
1193330 2276.3
1193340 2272.6
1193350 2272.6
1193360 2268.5
1193370 2264.3
1193380 2264.3
1193390 2260.2
1193400 2256.7
1193410 2256.7
1193420 2256.9
1193430 2254.1
1193440 2254.1
1193450 2251.0
1193460 2247.6
1193470 2247.6
1193480 2243.7
1193490 2239.6
1193500 2235.8
1193510 2235.8
1193520 2232.3
1193530 2229.1
1193540 2229.1
1193550 2225.8
1193560 2222.5
1193570 2222.5
1193580 2219.6
1193590 2216.7
1193600 2216.7
1193610 2213.8
1193620 2211.0
1193630 2211.0
1193640 2208.8
1193650 2207.0
1193660 2207.0
1193670 2204.0
1193680 2199.6
1193690 2199.6
1193700 2196.2
1193710 2193.4
1193720 2190.4
1193730 2190.4
1193740 2187.2
1193750 2183.4
1193760 2183.4
1193770 2180.1
1193780 2177.3
1193790 2177.3
1193800 2175.1
1193810 2173.1
1193820 2173.1
1193830 2171.5
1193840 2169.0
1193850 2169.0
1193860 2168.6
1193870 2166.8
1193880 2166.8
1193890 2164.9
1193900 2163.3
1193910 2161.8
1193920 2161.8
1193930 2159.8
1193940 2157.2
1193950 2157.2
1193960 2154.6
1193970 2153.5
1193980 2153.5
1193990 2150.6
1194000 2149.1
1194010 2149.1
1194020 2147.5
1194030 2144.8
1194040 2144.8
1194050 2141.8
1194060 2139.3
1194070 2139.3
1194080 2135.5
1194090 2129.1
1194100 2129.1
1194110 2121.9
1194120 2115.4
1194130 2111.2
1194140 2111.2
1194150 2108.1
1194160 2103.7
1194170 2103.7
1194180 2097.9
1194190 2091.5
1194200 2091.5
1194210 2084.4
1194220 2077.1
1194230 2077.1
1194240 2069.8
1194250 2062.1
1194260 2062.1
1194270 2055.2
1194280 2048.7
1194290 2045.9
1194300 2039.8
1194310 2037.6
1194320 2037.6
1194330 2037.2
1194340 2034.8
1194350 2032.1
1194360 2032.1
1194370 2028.3
1194380 2024.2
1194390 2024.2
1194400 2020.2
1194410 2020.1
1194420 2020.1
1194430 2021.7
1194440 2020.7
1194450 2020.7
1194460 2020.1
1194470 2019.6
1194480 2019.6
1194490 2017.2
1194500 2013.8
1194510 2013.8
1194520 2010.5
1194530 2007.4
1194540 2007.4
1194550 2004.0
1194560 1999.2
1194570 1993.8
1194580 1993.8
1194590 1988.4
1194600 1983.5
1194610 1983.5
1194620 1979.2
1194630 1975.2
1194640 1975.2
1194650 1972.4
1194660 1970.1
1194670 1970.1
1194680 1966.7
1194690 1962.5
1194700 1962.5
1194710 1958.3
1194720 1954.6
1194730 1951.5
1194740 1948.2
1194750 1944.8
1194760 1944.8
1194770 1941.4
1194780 1937.2
1194790 1932.5
1194800 1932.5
1194810 1927.7
1194820 1923.6
1194830 1923.6
1194840 1920.6
1194850 1917.2
1194860 1917.2
1194870 1912.9
1194880 1909.9
1194890 1909.9
1194900 1908.0
1194910 1904.6
1194920 1904.6
1194930 1896.8
1194940 1886.7
1194950 1886.7
1194960 1877.3
1194970 1868.1
1194980 1868.1
1194990 1856.8
1195000 1846.7
1195010 1839.8
1195020 1839.8
1195030 1833.6
1195040 1827.6
1195050 1827.6
1195060 1820.8
1195070 1814.6
1195080 1814.6
1195090 1808.2
1195100 1801.9
1195110 1801.9
1195120 1797.1
1195130 1792.0
1195140 1792.0
1195150 1784.3
1195160 1774.3
1195170 1766.1
1195180 1755.9
1195190 1746.3
1195200 1736.9
1195210 1736.9
1195220 1728.4
1195230 1719.8
1195240 1719.8
1195250 1710.9
1195260 1703.0
1195270 1703.0
1195280 1696.1
1195290 1689.7
1195300 1689.7
1195310 1684.2
1195320 1679.1
1195330 1679.1
1195340 1674.1
1195350 1669.1
1195360 1669.1
1195370 1663.9
1195380 1658.6
1195390 1658.6
1195400 1653.3
1195410 1647.4
1195420 1641.3
1195430 1641.3
1195440 1634.5
1195450 1626.0
1195460 1626.0
1195470 1618.3
1195480 1609.3
1195490 1609.3
1195500 1600.1
1195510 1591.7
1195520 1591.7
1195530 1583.1
1195540 1575.9
1195550 1575.9
1195560 1569.5
1195570 1563.7
1195580 1563.7
1195590 1558.4
1195600 1551.0
1195610 1551.0
1195620 1546.6
1195630 1542.5
1195640 1538.4
1195650 1538.4
1195660 1530.7
1195670 1521.2
1195680 1521.2
1195690 1514.3
1195700 1507.4
1195710 1507.4
1195720 1501.4
1195730 1495.8
1195740 1495.8
1195750 1488.9
1195760 1483.1
1195770 1483.1
1195780 1475.9
1195790 1468.1
1195800 1468.1
1195810 1457.8
1195820 1448.8
1195830 1448.8
1195840 1443.2
1195850 1439.0
1195860 1433.9
1195870 1433.9
1195880 1427.1
1195890 1417.1
1195900 1417.1
1195910 1409.5
1195920 1401.4
1195930 1401.4
1195940 1393.9
1195950 1387.4
1195960 1387.4
1195970 1380.4
1195980 1372.6
1195990 1372.6
1196000 1365.5
1196010 1358.7
1196020 1358.7
1196030 1352.0
1196040 1341.2
1196050 1341.2
1196060 1334.9
1196070 1328.6
1196080 1321.8
1196090 1321.8
1196100 1314.8
1196110 1306.9
1196120 1306.9
1196130 1299.2
1196140 1293.0
1196150 1293.0
1196160 1287.9
1196170 1284.8
1196180 1284.8
1196190 1283.3
1196200 1282.8
1196210 1282.8
1196220 1282.8
1196230 1282.8
1196240 1282.8
1196250 1282.4
1196260 1282.5
1196270 1282.5
1196280 1282.5
1196290 1282.5
1196300 1282.4
1196310 1282.4
1196320 1282.2
1196330 1281.8
1196340 1281.8
1196350 1282.2
1196360 1282.2
1196370 1282.2
1196380 1282.1
1196390 1282.2
1196400 1282.2
1196410 1282.5
1196420 1283.0
1196430 1283.0
1196440 1284.5
1196450 1285.5
1196460 1285.5
1196470 1285.4
1196480 1285.4
1196490 1285.8
1196500 1285.8
1196510 1286.4
1196520 1287.0
1196530 1287.0
1196540 1287.8
1196550 1288.6
1196560 1288.6
1196570 1289.1
1196580 1289.4
1196590 1289.4
1196600 1290.6
1196610 1291.2
1196620 1291.2
1196630 1292.3
1196640 1293.6
1196650 1293.6
1196660 1294.0
1196670 1295.1
1196680 1295.1
1196690 1296.8
1196700 1297.7
1196710 1298.6
1196720 1298.6
1196730 1300.6
1196740 1302.3
1196750 1302.3
1196760 1302.7
1196770 1302.8
1196780 1302.8
1196790 1302.9
1196800 1303.2
1196810 1303.2
1196820 1303.7
1196830 1303.7
1196840 1303.7
1196850 1303.2
1196860 1302.5
1196870 1302.5
1196880 1302.1
1196890 1303.7
1196900 1303.7
1196910 1308.2
1196920 1319.2
1196930 1325.3
1196940 1325.3
1196950 1335.8
1196960 1358.2
1196970 1358.2
1196980 1376.1
1196990 1386.4
1197000 1386.4
1197010 1397.5
1197020 1413.4
1197030 1413.4
1197040 1424.5
1197050 1433.8
1197060 1433.8
1197070 1441.9
1197080 1451.4
1197090 1451.4
1197100 1460.9
1197110 1468.5
1197120 1468.5
1197130 1478.7
1197140 1489.0
1197150 1497.1
1197160 1497.1
1197170 1505.0
1197180 1513.0
1197190 1513.0
1197200 1518.2
1197210 1525.2
1197220 1525.2
1197230 1529.8
1197240 1534.5
1197250 1534.5
1197260 1539.4
1197270 1545.0
1197280 1545.0
1197290 1552.2
1197300 1560.1
1197310 1560.1
1197320 1568.5
1197330 1575.9
1197340 1575.9
1197350 1583.1
1197360 1593.0
1197370 1601.1
1197380 1601.1
1197390 1611.1
1197400 1625.1
1197410 1625.1
1197420 1637.5
1197430 1644.3
1197440 1644.3
1197450 1646.9
1197460 1653.6
1197470 1653.6
1197480 1660.4
1197490 1665.8
1197500 1665.8
1197510 1671.7
1197520 1678.2
1197530 1678.2
1197540 1684.6
1197550 1690.8
1197560 1697.7
1197570 1697.7
1197580 1706.0
1197590 1716.8
1197600 1716.8
1197610 1724.8
1197620 1732.3
1197630 1732.3
1197640 1742.7
1197650 1752.2
1197660 1752.2
1197670 1760.7
1197680 1771.0
1197690 1771.0
1197700 1782.5
1197710 1792.1
1197720 1792.1
1197730 1799.5
1197740 1807.9
1197750 1807.9
1197760 1814.5
1197770 1820.4
1197780 1826.7
1197790 1826.7
1197800 1833.2
1197810 1839.1
1197820 1839.1
1197830 1847.3
1197840 1857.7
1197850 1857.7
1197860 1869.9
1197870 1878.8
1197880 1878.8
1197890 1886.6
1197900 1896.5
1197910 1896.5
1197920 1904.6
1197930 1911.5
1197940 1911.5
1197950 1917.5
1197960 1922.7
1197970 1922.7
1197980 1928.0
1197990 1933.7
1198000 1939.0
1198010 1939.0
1198020 1943.9
1198030 1950.1
1198040 1950.1
1198050 1956.6
1198060 1963.2
1198070 1963.2
1198080 1969.7
1198090 1978.4
1198100 1978.4
1198110 1984.7
1198120 1990.5
1198130 1990.5
1198140 1998.9
1198150 2010.6
1198160 2010.6
1198170 2021.2
1198180 2032.2
1198190 2032.2
1198200 2044.8
1198210 2056.1
1198220 2065.7
1198230 2065.7
1198240 2074.6
1198250 2086.2
1198260 2086.2
1198270 2099.2
1198280 2109.6
1198290 2109.6
1198300 2119.7
1198310 2128.7
1198320 2128.7
1198330 2138.9
1198340 2154.4
1198350 2154.4
1198360 2169.2
1198370 2181.8
1198380 2181.8
1198390 2194.4
1198400 2207.7
1198410 2207.7
1198420 2221.0
1198430 2231.8
1198440 2229.8
1198450 2229.8
1198460 2229.7
1198470 2242.2
1198480 2242.2
1198490 2251.4
1198500 2269.7
1198510 2269.7
1198520 2288.7
1198530 2303.6
1198540 2303.6
1198550 2320.6
1198560 2339.9
1198570 2339.9
1198580 2361.3
1198590 2377.7
1198600 2377.7
1198610 2399.6
1198620 2419.2
1198630 2435.7
1198640 2435.7
1198650 2445.6
1198660 2447.4
1198670 2447.4
1198680 2439.2
1198690 2426.6
1198700 2426.6
1198710 2416.4
1198720 2415.3
1198730 2415.3
1198740 2426.6
1198750 2422.7
1198760 2422.7
1198770 2412.7
1198780 2422.7
1198790 2422.7
1198800 2450.5
1198810 2466.5
1198820 2466.5
1198830 2469.2
1198840 2470.1
1198850 2472.5
1198860 2472.5
1198870 2472.5
1198880 2473.4
1198890 2473.4
1198900 2476.7
1198910 2478.6
1198920 2478.6
1198930 2479.7
1198940 2479.9
1198950 2479.9
1198960 2480.6
1198970 2483.6
1198980 2483.6
1198990 2491.5
1199000 2501.2
1199010 2501.2
1199020 2511.3
1199030 2527.1
1199040 2527.1
1199050 2537.6
1199060 2546.2
1199070 2573.6
1199080 2573.6
1199090 2607.4
1199100 2641.0
1199110 2641.0
1199120 2656.5
1199130 2663.8
1199140 2663.8
1199150 2679.9
1199160 2696.1
1199170 2696.1
1199180 2712.9
1199190 2729.4
1199200 2729.4
1199210 2740.9
1199220 2747.2
1199230 2747.2
1199240 2761.5
1199250 2798.2
1199260 2798.2
1199270 2841.8
1199280 2862.0
1199290 2868.7
1199300 2868.7
1199310 2869.8
1199320 2873.1
1199330 2873.1
1199340 2873.3
1199350 2867.1
1199360 2867.1
1199370 2859.0
1199380 2856.6
1199390 2856.6
1199400 2857.9
1199410 2855.2
1199420 2855.2
1199430 2838.1
1199440 2824.6
1199450 2824.6
1199460 2817.3
1199470 2812.9
1199480 2812.9
1199490 2810.8
1199500 2810.7
1199510 2811.5
1199520 2811.5
1199530 2809.7
1199540 2809.0
1199550 2809.0
1199560 2809.3
1199570 2803.7
1199580 2816.9
1199590 2807.5
1199600 2800.8
1199610 2800.8
1199620 2795.4
1199630 2789.3
1199640 2789.3
1199650 2783.3
1199660 2780.2
1199670 2780.2
1199680 2778.1
1199690 2775.9
1199700 2768.2
1199710 2768.2
1199720 2755.5
1199730 2740.5
1199740 2740.5
1199750 2723.0
1199760 2704.5
1199770 2704.5
1199780 2688.6
1199790 2677.9
1199800 2677.9
1199810 2669.1
1199820 2660.4
1199830 2660.4
1199840 2651.1
1199850 2642.7
1199860 2642.7
1199870 2668.6
1199880 2694.1
1199890 2694.1
1199900 2677.8
1199910 2668.3
1199920 2660.4
1199930 2660.4
1199940 2653.0
1199950 2641.2
1199960 2641.2
1199970 2629.4
1199980 2619.4
1199990 2619.4
