1180000 1422.0
1180010 1415.4
1180020 1410.7
1180030 1410.7
1180040 1408.2
1180050 1407.3
1180060 1407.3
1180070 1407.4
1180080 1407.4
1180090 1407.4
1180100 1407.4
1180110 1406.8
1180120 1405.0
1180130 1405.0
1180140 1405.2
1180150 1405.4
1180160 1405.4
1180170 1401.2
1180180 1395.5
1180190 1395.5
1180200 1389.0
1180210 1377.9
1180220 1377.9
1180230 1365.0
1180240 1368.1
1180250 1368.1
1180260 1376.4
1180270 1386.5
1180280 1386.5
1180290 1395.3
1180300 1399.4
1180310 1400.7
1180320 1400.7
1180330 1401.8
1180340 1403.1
1180350 1403.1
1180360 1401.3
1180370 1402.2
1180380 1402.2
1180390 1403.0
1180400 1403.6
1180410 1403.6
1180420 1404.6
1180430 1405.4
1180440 1405.4
1180450 1406.2
1180460 1408.0
1180470 1408.0
1180480 1409.6
1180490 1410.9
1180500 1410.9
1180510 1411.6
1180520 1414.3
1180530 1416.5
1180540 1416.5
1180550 1418.0
1180560 1418.5
1180570 1418.5
1180580 1419.2
1180590 1419.7
1180600 1419.7
1180610 1420.4
1180620 1420.6
1180630 1420.6
1180640 1420.6
1180650 1420.7
1180660 1420.7
1180670 1420.2
1180680 1420.3
1180690 1420.3
1180700 1420.2
1180710 1420.2
1180720 1420.2
1180730 1420.3
1180740 1420.6
1180750 1421.1
1180760 1421.1
1180770 1422.3
1180780 1422.5
1180790 1422.5
1180800 1424.1
1180810 1425.6
1180820 1425.6
1180830 1425.7
1180840 1426.3
1180850 1426.3
1180860 1426.6
1180870 1426.6
1180880 1426.6
1180890 1426.6
1180900 1425.6
1180910 1425.6
1180920 1424.2
1180930 1423.4
1180940 1423.4
1180950 1423.6
1180960 1423.7
1180970 1423.5
1180980 1423.5
1180990 1423.5
1181000 1424.8
1181010 1424.8
1181020 1426.2
1181030 1426.5
1181040 1426.5
1181050 1427.2
1181060 1427.6
1181070 1427.6
1181080 1428.0
1181090 1428.3
1181100 1428.3
1181110 1428.6
1181120 1430.1
1181130 1430.1
1181140 1431.4
1181150 1431.8
1181160 1431.8
1181170 1433.0
1181180 1435.0
1181190 1437.0
1181200 1434.4
1181210 1436.1
1181220 1436.3
1181230 1436.3
1181240 1436.5
1181250 1437.0
1181260 1437.0
1181270 1437.7
1181280 1435.7
1181290 1435.7
1181300 1433.5
1181310 1432.8
1181320 1432.8
1181330 1431.0
1181340 1429.8
1181350 1429.8
1181360 1429.3
1181370 1428.9
1181380 1428.4
1181390 1428.4
1181400 1427.9
1181410 1427.7
1181420 1427.7
1181430 1427.0
1181440 1425.0
1181450 1425.0
1181460 1423.4
1181470 1421.6
1181480 1421.6
1181490 1420.0
1181500 1419.1
1181510 1419.1
1181520 1418.2
1181530 1417.0
1181540 1417.0
1181550 1414.8
1181560 1413.1
1181570 1413.1
1181580 1411.9
1181590 1411.3
1181600 1410.8
1181610 1409.1
1181620 1408.7
1181630 1408.5
1181640 1408.5
1181650 1408.5
1181660 1408.6
1181670 1408.6
1181680 1408.4
1181690 1408.7
1181700 1408.7
1181710 1409.4
1181720 1410.6
1181730 1410.6
1181740 1411.7
1181750 1412.4
1181760 1412.4
1181770 1412.1
1181780 1411.0
1181790 1411.0
1181800 1409.5
1181810 1408.7
1181820 1408.3
1181830 1408.3
1181840 1408.3
1181850 1408.6
1181860 1408.6
1181870 1408.5
1181880 1407.6
1181890 1407.6
1181900 1405.4
1181910 1403.1
1181920 1403.1
1181930 1401.1
1181940 1398.7
1181950 1398.7
1181960 1396.2
1181970 1393.3
1181980 1393.3
1181990 1389.9
1182000 1386.4
1182010 1386.4
1182020 1383.0
1182030 1378.7
1182040 1375.0
1182050 1375.0
1182060 1371.7
1182070 1368.4
1182080 1368.4
1182090 1364.6
1182100 1361.2
1182110 1361.2
1182120 1357.3
1182130 1355.0
1182140 1355.0
1182150 1352.9
1182160 1350.2
1182170 1350.2
1182180 1346.8
1182190 1343.8
1182200 1343.8
1182210 1340.7
1182220 1336.1
1182230 1336.1
1182240 1331.0
1182250 1328.4
1182260 1326.4
1182270 1326.4
1182280 1324.6
1182290 1322.7
1182300 1322.7
1182310 1319.4
1182320 1312.7
1182330 1312.7
1182340 1305.0
1182350 1299.1
1182360 1299.1
1182370 1292.4
1182380 1286.4
1182390 1286.4
1182400 1282.2
1182410 1278.1
1182420 1278.1
1182430 1269.4
1182440 1261.2
1182450 1266.8
1182460 1263.9
1182470 1262.3
1182480 1256.3
1182490 1256.3
1182500 1248.7
1182510 1233.0
1182520 1233.0
1182530 1203.8
1182540 1190.5
1182550 1190.5
1182560 1181.4
1182570 1172.5
1182580 1172.5
1182590 1163.8
1182600 1155.4
1182610 1155.4
1182620 1146.9
1182630 1138.2
1182640 1138.2
1182650 1128.9
1182660 1120.6
1182670 1120.6
1182680 1113.8
1182690 1107.1
1182700 1100.2
1182710 1100.2
1182720 1092.8
1182730 1084.0
1182740 1084.0
1182750 1075.2
1182760 1065.8
1182770 1065.8
1182780 1051.1
1182790 1035.7
1182800 1035.7
1182810 1022.8
1182820 1008.8
1182830 1008.8
1182840 997.8
1182850 995.0
1182860 995.0
1182870 982.4
1182880 977.5
1182890 972.2
1182900 972.2
1182910 963.1
1182920 956.4
1182930 956.4
1182940 952.1
1182950 946.9
1182960 946.9
1182970 940.1
1182980 931.9
1182990 931.9
1183000 923.5
1183010 916.1
1183020 916.1
1183030 906.9
1183040 897.0
1183050 897.0
1183060 893.8
1183070 893.6
1183080 893.6
1183090 893.6
1183100 894.2
1183110 896.5
1183120 896.5
1183130 897.2
1183140 897.3
1183150 897.3
1183160 897.3
1183170 897.1
1183180 897.1
1183190 897.0
1183200 897.2
1183210 897.2
1183220 897.1
1183230 896.7
1183240 896.7
1183250 896.6
1183260 896.5
1183270 896.5
1183280 896.5
1183290 896.6
1183300 896.6
1183310 896.9
1183320 900.3
1183330 903.6
1183340 903.6
1183350 905.0
1183360 905.4
1183370 905.4
1183380 908.0
1183390 915.1
1183400 915.1
1183410 922.1
1183420 927.9
1183430 927.9
1183440 930.1
1183450 930.8
1183460 930.8
1183470 931.3
1183480 931.8
1183490 931.8
1183500 932.3
1183510 932.9
1183520 932.9
1183530 933.4
1183540 934.0
1183550 934.6
1183560 934.6
1183570 935.2
1183580 935.9
1183590 935.9
1183600 936.7
1183610 937.7
1183620 937.7
1183630 938.5
1183640 939.3
1183650 939.3
1183660 940.1
1183670 941.0
1183680 941.0
1183690 941.9
1183700 942.2
1183710 942.2
1183720 942.5
1183730 943.1
1183740 943.1
1183750 943.9
1183760 944.7
1183770 945.6
1183780 945.6
1183790 946.4
1183800 947.2
1183810 947.2
1183820 948.1
1183830 949.0
1183840 949.0
1183850 949.9
1183860 950.9
1183870 950.9
1183880 951.8
1183890 952.7
1183900 952.7
1183910 953.5
1183920 954.2
1183930 954.2
1183940 954.9
1183950 955.5
1183960 955.5
1183970 956.3
1183980 957.4
1183990 958.5
1184000 958.5
1184010 959.5
1184020 960.3
1184030 960.3
1184040 961.2
1184050 962.3
1184060 962.3
1184070 963.4
1184080 964.5
1184090 964.5
1184100 965.5
1184110 966.4
1184120 966.4
1184130 967.2
1184140 968.2
1184150 968.2
1184160 969.2
1184170 970.3
1184180 970.3
1184190 971.5
1184200 972.6
1184210 973.8
1184220 973.8
1184230 975.1
1184240 976.3
1184250 976.3
1184260 977.7
1184270 979.1
1184280 979.1
1184290 980.3
1184300 981.5
1184310 981.5
1184320 982.6
1184330 983.7
1184340 983.7
1184350 985.1
1184360 986.5
1184370 986.5
1184380 987.6
1184390 988.0
1184400 985.2
1184410 985.2
1184420 981.0
1184430 979.9
1184440 979.9
1184450 979.2
1184460 980.0
1184470 980.0
1184480 980.2
1184490 980.2
1184500 980.2
1184510 980.1
1184520 980.4
1184530 980.4
1184540 982.3
1184550 982.9
1184560 986.3
1184570 982.9
1184580 990.5
1184590 990.5
1184600 1004.8
1184610 1016.0
1184620 1024.4
1184630 1024.4
1184640 1030.7
1184650 1037.3
1184660 1037.3
1184670 1041.5
1184680 1047.2
1184690 1047.2
1184700 1055.0
1184710 1064.0
1184720 1064.0
1184730 1072.6
1184740 1080.2
1184750 1080.2
1184760 1087.2
1184770 1092.1
1184780 1092.1
1184790 1096.4
1184800 1101.1
1184810 1101.1
1184820 1105.8
1184830 1108.4
1184840 1111.9
1184850 1111.9
1184860 1116.6
1184870 1120.5
1184880 1120.5
1184890 1124.3
1184900 1128.2
1184910 1128.2
1184920 1132.5
1184930 1138.3
1184940 1138.3
1184950 1143.4
1184960 1148.3
1184970 1148.3
1184980 1155.2
1184990 1159.0
1185000 1159.0
1185010 1163.1
1185020 1168.8
1185030 1168.8
1185040 1175.4
1185050 1182.8
1185060 1190.5
1185070 1190.5
1185080 1196.8
1185090 1201.3
1185100 1201.3
1185110 1206.3
1185120 1210.1
1185130 1210.1
1185140 1213.9
1185150 1218.9
1185160 1218.9
1185170 1222.2
1185180 1221.1
1185190 1221.1
1185200 1220.2
1185210 1219.5
1185220 1219.5
1185230 1218.6
1185240 1216.3
1185250 1216.3
1185260 1217.3
1185270 1221.4
1185280 1224.0
1185290 1224.0
1185300 1219.9
1185310 1213.8
1185320 1213.8
1185330 1207.8
1185340 1203.4
1185350 1203.4
1185360 1201.4
1185370 1200.9
1185380 1200.9
1185390 1201.1
1185400 1205.4
1185410 1205.4
1185420 1206.6
1185430 1208.3
1185440 1208.3
1185450 1210.0
1185460 1211.0
1185470 1211.0
1185480 1212.5
1185490 1215.3
1185500 1218.0
1185510 1218.0
1185520 1221.7
1185530 1225.8
1185540 1225.8
1185550 1229.9
1185560 1234.0
1185570 1234.0
1185580 1238.8
1185590 1243.9
1185600 1243.9
1185610 1249.6
1185620 1255.4
1185630 1255.4
1185640 1262.1
1185650 1269.5
1185660 1269.5
1185670 1277.0
1185680 1284.5
1185690 1284.5
1185700 1292.3
1185710 1299.1
1185720 1311.4
1185730 1311.4
1185740 1323.3
1185750 1332.3
1185760 1332.3
1185770 1338.9
1185780 1344.1
1185790 1344.1
1185800 1348.0
1185810 1352.7
1185820 1352.7
1185830 1358.6
1185840 1363.4
1185850 1363.4
1185860 1367.5
1185870 1372.2
1185880 1372.2
1185890 1376.4
1185900 1380.9
1185910 1386.0
1185920 1386.0
1185930 1391.7
1185940 1397.5
1185950 1397.5
1185960 1403.8
1185970 1410.4
1185980 1410.4
1185990 1416.1
1186000 1422.8
1186010 1422.8
1186020 1429.8
1186030 1436.2
1186040 1436.2
1186050 1441.6
1186060 1447.2
1186070 1447.2
1186080 1453.2
1186090 1458.6
1186100 1458.6
1186110 1462.8
1186120 1468.4
1186130 1473.8
1186140 1473.8
1186150 1475.5
1186160 1476.2
1186170 1476.2
1186180 1478.5
1186190 1482.4
1186200 1482.4
1186210 1486.2
1186220 1490.9
1186230 1490.9
1186240 1495.9
1186250 1503.8
1186260 1503.8
1186270 1508.2
1186280 1513.9
1186290 1513.9
1186300 1520.1
1186310 1526.4
1186320 1526.4
1186330 1532.3
1186340 1537.9
1186350 1543.8
1186360 1543.8
1186370 1550.5
1186380 1557.6
1186390 1557.6
1186400 1565.6
1186410 1573.5
1186420 1573.5
1186430 1586.8
1186440 1601.4
1186450 1601.4
1186460 1609.3
1186470 1618.7
1186480 1618.7
1186490 1622.6
1186500 1623.4
1186510 1623.4
1186520 1623.2
1186530 1620.5
1186540 1620.5
1186550 1616.9
1186560 1614.0
1186570 1613.2
1186580 1613.2
1186590 1613.4
1186600 1615.5
1186610 1615.5
1186620 1617.4
1186630 1618.7
1186640 1618.7
1186650 1622.2
1186660 1627.1
1186670 1627.1
1186680 1641.7
1186690 1642.6
1186700 1642.6
1186710 1643.4
1186720 1647.0
1186730 1647.0
1186740 1654.6
1186750 1662.8
1186760 1662.8
1186770 1667.3
1186780 1670.8
1186790 1673.9
1186800 1673.9
1186810 1676.7
1186820 1681.1
1186830 1681.1
1186840 1684.8
1186850 1687.2
1186860 1687.2
1186870 1690.0
1186880 1693.6
1186890 1693.6
1186900 1698.7
1186910 1704.4
1186920 1704.4
1186930 1710.5
1186940 1713.3
1186950 1713.3
1186960 1716.1
1186970 1718.7
1186980 1718.7
1186990 1720.3
1187000 1721.2
1187010 1724.6
1187020 1724.6
1187030 1728.1
1187040 1729.6
1187050 1729.6
1187060 1731.5
1187070 1734.7
1187080 1734.7
1187090 1740.2
1187100 1749.1
1187110 1749.1
1187120 1751.1
1187130 1751.7
1187140 1751.7
1187150 1752.7
1187160 1755.5
1187170 1755.5
1187180 1760.0
1187190 1763.6
1187200 1763.6
1187210 1766.0
1187220 1768.1
1187230 1769.5
1187240 1769.5
1187250 1770.2
1187260 1771.9
1187270 1771.9
1187280 1774.6
1187290 1777.1
1187300 1777.1
1187310 1779.4
1187320 1782.2
1187330 1782.2
1187340 1785.1
1187350 1786.7
1187360 1786.7
1187370 1788.6
1187380 1791.2
1187390 1791.2
1187400 1793.9
1187410 1795.8
1187420 1795.8
1187430 1797.5
1187440 1799.0
1187450 1800.1
1187460 1800.1
1187470 1801.0
1187480 1801.8
1187490 1801.8
1187500 1802.2
1187510 1802.7
1187520 1802.7
1187530 1808.2
1187540 1807.9
1187550 1807.9
1187560 1807.5
1187570 1807.1
1187580 1807.1
1187590 1806.1
1187600 1805.3
1187610 1805.3
1187620 1804.9
1187630 1805.3
1187640 1805.7
1187650 1805.7
1187660 1806.1
1187670 1806.9
1187680 1806.9
1187690 1807.5
1187700 1808.2
1187710 1808.2
1187720 1809.4
1187730 1811.4
1187740 1811.4
1187750 1812.9
1187760 1814.1
1187770 1814.1
1187780 1814.8
1187790 1815.2
1187800 1815.2
1187810 1815.5
1187820 1815.6
1187830 1815.6
1187840 1815.7
1187850 1815.9
1187860 1815.8
1187870 1815.8
1187880 1815.7
1187890 1815.1
1187900 1815.1
1187910 1813.9
1187920 1812.6
1187930 1812.6
1187940 1811.4
1187950 1814.2
1187960 1814.2
1187970 1812.6
1187980 1811.0
1187990 1811.0
1188000 1809.6
1188010 1807.8
1188020 1807.8
1188030 1805.7
1188040 1803.5
1188050 1803.5
1188060 1801.6
1188070 1799.0
1188080 1795.9
1188090 1795.9
1188100 1792.7
1188110 1788.9
1188120 1788.9
1188130 1785.1
1188140 1781.1
1188150 1781.1
1188160 1777.5
1188170 1774.4
1188180 1774.4
1188190 1770.6
1188200 1766.9
1188210 1766.9
1188220 1763.9
1188230 1761.2
1188240 1761.2
1188250 1757.7
1188260 1753.8
1188270 1753.8
1188280 1748.9
1188290 1743.1
1188300 1737.9
1188310 1737.9
1188320 1735.4
1188330 1735.2
1188340 1735.2
1188350 1734.7
1188360 1732.1
1188370 1732.1
1188380 1730.6
1188390 1725.3
1188400 1725.3
1188410 1720.3
1188420 1717.4
1188430 1717.4
1188440 1715.9
1188450 1714.2
1188460 1714.2
1188470 1712.1
1188480 1710.1
1188490 1710.1
1188500 1707.7
1188510 1706.2
1188520 1705.0
1188530 1705.0
1188540 1703.8
1188550 1701.3
1188560 1701.3
1188570 1697.2
1188580 1692.1
1188590 1692.1
1188600 1686.7
1188610 1682.2
1188620 1682.2
1188630 1680.1
1188640 1678.7
1188650 1678.7
1188660 1679.1
1188670 1680.9
1188680 1680.9
1188690 1681.5
1188700 1678.4
1188710 1678.4
1188720 1673.6
1188730 1669.5
1188740 1666.7
1188750 1666.7
1188760 1666.5
1188770 1667.2
1188780 1667.2
1188790 1667.5
1188800 1666.8
1188810 1670.4
1188820 1669.1
1188830 1667.7
1188840 1667.7
1188850 1664.9
1188860 1658.5
1188870 1658.5
1188880 1654.7
1188890 1660.0
1188900 1660.0
1188910 1662.7
1188920 1658.4
1188930 1658.4
1188940 1652.9
1188950 1648.1
1188960 1648.4
1188970 1648.4
1188980 1653.1
1188990 1655.0
1189000 1655.0
1189010 1656.2
1189020 1655.9
1189030 1655.9
1189040 1655.5
1189050 1655.4
1189060 1655.4
1189070 1655.7
1189080 1655.8
1189090 1655.8
1189100 1655.5
1189110 1655.8
1189120 1655.8
1189130 1652.7
1189140 1647.9
1189150 1645.3
1189160 1645.3
1189170 1646.5
1189180 1644.6
1189190 1644.6
1189200 1644.5
1189210 1646.1
1189220 1646.1
1189230 1647.5
1189240 1650.9
1189250 1650.9
1189260 1651.4
1189270 1650.7
1189280 1650.7
1189290 1651.6
1189300 1652.2
1189310 1652.2
1189320 1648.2
1189330 1643.2
1189340 1643.2
1189350 1638.4
1189360 1634.7
1189370 1630.9
1189380 1630.9
1189390 1627.3
1189400 1627.6
1189410 1627.6
1189420 1632.3
1189430 1639.3
1189440 1639.3
1189450 1644.8
1189460 1647.6
1189470 1647.6
1189480 1650.2
1189490 1650.9
1189500 1650.9
1189510 1651.8
1189520 1652.4
1189530 1652.4
1189540 1654.8
1189550 1660.4
1189560 1660.4
1189570 1665.8
1189580 1670.2
1189590 1675.0
1189600 1675.0
1189610 1679.1
1189620 1680.9
1189630 1680.9
1189640 1682.8
1189650 1685.6
1189660 1685.6
1189670 1689.2
1189680 1692.0
1189690 1692.0
1189700 1694.9
1189710 1696.5
1189720 1696.5
1189730 1697.9
1189740 1699.1
1189750 1699.1
1189760 1701.0
1189770 1703.5
1189780 1703.5
1189790 1707.8
1189800 1712.3
1189810 1715.3
1189820 1715.3
1189830 1716.7
1189840 1716.0
1189850 1716.0
1189860 1715.5
1189870 1717.2
1189880 1717.2
1189890 1719.5
1189900 1721.9
1189910 1721.9
1189920 1724.8
1189930 1726.5
1189940 1726.5
1189950 1728.1
1189960 1729.8
1189970 1729.8
1189980 1729.1
1189990 1727.4
1190000 1727.4
1190010 1730.0
1190020 1733.8
1190030 1734.0
1190040 1734.0
1190050 1733.6
1190060 1733.8
1190070 1733.8
1190080 1736.0
1190090 1739.0
1190100 1740.6
1190110 1743.3
1190120 1746.5
1190130 1746.5
1190140 1750.0
1190150 1753.6
1190160 1753.6
1190170 1756.5
1190180 1759.6
1190190 1759.6
1190200 1764.4
1190210 1770.0
1190220 1770.0
1190230 1774.1
1190240 1777.1
1190250 1779.8
1190260 1779.8
1190270 1782.2
1190280 1785.0
1190290 1785.0
1190300 1787.5
1190310 1790.1
1190320 1790.1
1190330 1793.0
1190340 1796.1
1190350 1796.1
1190360 1799.4
1190370 1803.0
1190380 1803.0
1190390 1806.6
1190400 1810.4
1190410 1810.4
1190420 1813.7
1190430 1816.8
1190440 1816.8
1190450 1820.1
1190460 1823.8
1190470 1827.3
1190480 1827.3
1190490 1830.7
1190500 1834.7
1190510 1834.7
1190520 1838.9
1190530 1843.8
1190540 1843.8
1190550 1847.9
1190560 1852.1
1190570 1852.1
1190580 1856.8
1190590 1861.6
1190600 1861.6
1190610 1866.5
1190620 1871.3
1190630 1871.3
1190640 1876.0
1190650 1880.7
1190660 1885.1
1190670 1885.1
1190680 1889.2
1190690 1893.0
1190700 1893.0
1190710 1897.1
1190720 1900.7
1190730 1900.7
1190740 1902.5
1190750 1906.8
1190760 1906.8
1190770 1911.4
1190780 1914.3
1190790 1914.3
1190800 1917.5
1190810 1921.8
1190820 1921.8
1190830 1927.2
1190840 1933.1
1190850 1933.1
1190860 1939.2
1190870 1945.1
1190880 1951.0
1190890 1951.0
1190900 1957.2
1190910 1963.2
1190920 1963.2
1190930 1968.6
1190940 1974.1
1190950 1974.1
1190960 1981.7
1190970 1986.7
1190980 1986.7
1190990 1991.6
1191000 1997.1
1191010 1997.1
1191020 2003.5
1191030 2009.5
1191040 2009.5
1191050 2015.3
1191060 2020.6
1191070 2020.6
1191080 2026.6
1191090 2032.6
1191100 2038.0
1191110 2038.0
1191120 2042.8
1191130 2046.7
1191140 2046.7
1191150 2050.5
1191160 2053.2
1191170 2053.2
1191180 2054.7
1191190 2055.4
1191200 2055.4
1191210 2056.7
1191220 2058.5
1191230 2058.5
1191240 2059.4
1191250 2061.9
1191260 2061.9
1191270 2066.0
1191280 2069.4
1191290 2069.4
1191300 2071.6
1191310 2073.0
1191320 2073.5
1191330 2073.5
1191340 2072.7
1191350 2074.2
1191360 2074.2
1191370 2077.5
1191380 2080.9
1191390 2083.2
1191400 2086.8
1191410 2090.1
1191420 2090.1
1191430 2092.9
1191440 2095.5
1191450 2095.5
1191460 2098.2
1191470 2101.0
1191480 2101.0
1191490 2104.3
1191500 2107.9
1191510 2107.9
1191520 2111.0
1191530 2114.2
1191540 2117.8
1191550 2117.8
1191560 2121.3
1191570 2125.1
1191580 2125.1
1191590 2128.9
1191600 2133.2
1191610 2133.2
1191620 2137.5
1191630 2141.5
1191640 2141.5
1191650 2145.3
1191660 2149.3
1191670 2149.3
1191680 2153.0
1191690 2156.8
1191700 2156.8
1191710 2160.6
1191720 2164.2
1191730 2164.2
1191740 2168.0
1191750 2171.6
1191760 2175.3
1191770 2175.3
1191780 2179.2
1191790 2183.2
1191800 2183.2
1191810 2187.2
1191820 2192.6
1191830 2192.6
1191840 2196.5
1191850 2200.6
1191860 2200.6
1191870 2204.6
1191880 2208.7
1191890 2208.7
1191900 2212.7
1191910 2216.8
1191920 2216.8
1191930 2220.8
1191940 2225.0
1191950 2225.0
1191960 2229.2
1191970 2233.5
1191980 2237.8
1191990 2237.8
1192000 2241.9
1192010 2246.2
1192020 2246.2
1192030 2250.5
1192040 2254.8
1192050 2254.8
1192060 2259.3
1192070 2263.6
1192080 2263.6
1192090 2268.1
1192100 2272.6
1192110 2272.6
1192120 2277.0
1192130 2281.5
1192140 2281.5
1192150 2286.0
1192160 2290.5
1192170 2295.2
1192180 2295.2
1192190 2300.2
1192200 2305.3
1192210 2305.3
1192220 2310.4
1192230 2315.4
1192240 2315.4
1192250 2320.4
1192260 2324.8
1192270 2324.8
1192280 2329.9
1192290 2335.0
1192300 2335.0
1192310 2339.9
1192320 2344.9
1192330 2344.9
1192340 2350.0
1192350 2355.0
1192360 2355.0
1192370 2359.9
1192380 2365.0
1192390 2370.0
1192400 2370.0
1192410 2375.0
1192420 2380.1
1192430 2380.1
1192440 2385.1
1192450 2390.2
1192460 2390.2
1192470 2395.3
1192480 2400.7
1192490 2400.7
1192500 2406.5
1192510 2412.4
1192520 2412.4
1192530 2418.1
1192540 2423.7
1192550 2423.7
1192560 2429.7
1192570 2436.0
1192580 2436.0
1192590 2442.8
1192600 2449.6
1192610 2456.5
1192620 2456.5
1192630 2463.5
1192640 2470.3
1192650 2470.3
1192660 2477.3
1192670 2484.2
1192680 2484.2
1192690 2489.4
1192700 2496.3
1192710 2496.3
1192720 2503.3
1192730 2510.5
1192740 2510.5
1192750 2517.8
1192760 2524.4
1192770 2524.4
1192780 2530.8
1192790 2537.6
1192800 2537.6
1192810 2545.3
1192820 2552.8
1192830 2558.2
1192840 2558.2
1192850 2560.8
1192860 2566.0
1192870 2566.0
1192880 2571.5
1192890 2577.4
1192900 2577.4
1192910 2584.3
1192920 2589.7
1192930 2589.7
1192940 2593.8
1192950 2596.6
1192960 2596.6
1192970 2599.4
1192980 2604.2
1192990 2604.2
1193000 2606.8
1193010 2602.5
1193020 2602.5
1193030 2598.1
1193040 2593.9
1193050 2593.6
1193060 2593.6
1193070 2597.5
1193080 2601.4
1193090 2601.4
1193100 2600.5
1193110 2598.7
1193120 2598.7
1193130 2590.2
1193140 2587.0
1193150 2587.0
1193160 2584.2
1193170 2581.7
1193180 2581.7
1193190 2579.8
1193200 2577.9
1193210 2577.9
1193220 2576.1
1193230 2574.2
1193240 2574.2
1193250 2569.2
1193260 2567.2
1193270 2567.9
1193280 2567.9
1193290 2563.1
1193300 2555.3
1193310 2555.3
1193320 2548.5
1193330 2543.4
1193340 2543.4
1193350 2542.2
1193360 2543.3
1193370 2543.3
1193380 2535.7
1193390 2529.8
1193400 2529.8
1193410 2528.2
1193420 2527.1
1193430 2527.1
1193440 2526.9
1193450 2525.5
1193460 2525.3
1193470 2525.3
1193480 2524.4
1193490 2522.2
1193500 2522.2
1193510 2518.0
1193520 2513.7
1193530 2513.7
1193540 2510.3
1193550 2507.8
1193560 2501.8
1193570 2499.2
1193580 2497.5
1193590 2497.5
1193600 2493.0
1193610 2488.6
1193620 2488.6
1193630 2485.5
1193640 2483.2
1193650 2483.2
1193660 2481.0
1193670 2479.0
1193680 2475.2
1193690 2475.2
1193700 2469.9
1193710 2464.7
1193720 2464.7
1193730 2460.2
1193740 2454.2
1193750 2454.2
1193760 2447.1
1193770 2439.5
1193780 2439.5
1193790 2431.1
1193800 2421.9
1193810 2421.9
1193820 2413.1
1193830 2406.6
1193840 2406.6
1193850 2399.9
1193860 2392.3
1193870 2392.3
1193880 2382.2
1193890 2375.2
1193900 2368.8
1193910 2368.8
1193920 2362.7
1193930 2356.0
1193940 2356.0
1193950 2349.0
1193960 2340.4
1193970 2340.4
1193980 2332.3
1193990 2324.8
1194000 2324.4
1194010 2316.8
1194020 2309.1
1194030 2309.1
1194040 2303.3
1194050 2298.3
1194060 2298.3
1194070 2293.8
1194080 2288.3
1194090 2288.3
1194100 2281.1
1194110 2271.6
1194120 2263.5
1194130 2263.5
1194140 2256.1
1194150 2248.8
1194160 2248.8
1194170 2240.5
1194180 2232.3
1194190 2232.3
1194200 2224.7
1194210 2217.3
1194220 2217.3
1194230 2210.0
1194240 2202.0
1194250 2202.0
1194260 2194.6
1194270 2188.0
1194280 2188.0
1194290 2180.7
1194300 2173.1
1194310 2173.1
1194320 2165.1
1194330 2157.0
1194340 2149.2
1194350 2149.2
1194360 2143.8
1194370 2139.1
1194380 2139.1
1194390 2134.7
1194400 2128.9
1194410 2128.9
1194420 2122.0
1194430 2114.9
1194440 2114.9
1194450 2106.9
1194460 2099.9
1194470 2099.9
1194480 2094.4
1194490 2089.5
1194500 2089.5
1194510 2084.7
1194520 2080.7
1194530 2080.7
1194540 2076.6
1194550 2072.7
1194560 2069.2
1194570 2069.2
1194580 2064.8
1194590 2061.4
1194600 2061.4
1194610 2056.2
1194620 2049.9
1194630 2049.9
1194640 2043.8
1194650 2039.9
1194660 2039.9
1194670 2035.5
1194680 2031.2
1194690 2031.2
1194700 2026.8
1194710 2022.5
1194720 2022.5
1194730 2018.3
1194740 2014.2
1194750 2014.2
1194760 2010.1
1194770 2005.8
1194780 2001.2
1194790 2001.2
1194800 1995.5
1194810 1987.4
1194820 1987.4
1194830 1978.4
1194840 1970.1
1194850 1970.1
1194860 1964.5
1194870 1959.3
1194880 1959.3
1194890 1955.1
1194900 1948.6
1194910 1948.6
1194920 1942.8
1194930 1937.7
1194940 1937.7
1194950 1931.9
1194960 1925.4
1194970 1919.2
1194980 1919.2
1194990 1914.1
1195000 1907.6
1195010 1907.6
1195020 1901.9
1195030 1896.0
1195040 1896.0
1195050 1887.4
1195060 1877.8
1195070 1877.8
1195080 1870.0
1195090 1863.1
1195100 1863.1
1195110 1856.4
1195120 1849.7
1195130 1849.7
1195140 1843.8
1195150 1836.7
1195160 1836.7
1195170 1826.6
1195180 1817.6
1195190 1808.9
1195200 1808.9
1195210 1801.0
1195220 1793.8
1195230 1793.8
1195240 1784.9
1195250 1775.3
1195260 1775.3
1195270 1766.7
1195280 1757.5
1195290 1757.5
1195300 1748.7
1195310 1747.3
1195320 1747.3
1195330 1742.3
1195340 1733.2
1195350 1733.2
1195360 1721.9
1195370 1713.8
1195380 1713.8
1195390 1706.4
1195400 1698.8
1195410 1692.1
1195420 1692.1
1195430 1685.8
1195440 1679.6
1195450 1679.6
1195460 1672.4
1195470 1666.3
1195480 1666.3
1195490 1658.6
1195500 1650.3
1195510 1650.3
1195520 1637.2
1195530 1628.0
1195540 1628.0
1195550 1626.3
1195560 1623.1
1195570 1623.1
1195580 1623.8
1195590 1628.7
1195600 1628.7
1195610 1632.4
1195620 1628.2
1195630 1625.1
1195640 1625.1
1195650 1621.5
1195660 1614.9
1195670 1614.9
1195680 1608.1
1195690 1601.6
1195700 1601.6
1195710 1595.3
1195720 1589.1
1195730 1589.1
1195740 1582.8
1195750 1574.2
1195760 1574.2
1195770 1567.4
1195780 1557.3
1195790 1557.3
1195800 1546.8
1195810 1533.9
1195820 1533.9
1195830 1521.6
1195840 1515.0
1195850 1506.7
1195860 1506.7
1195870 1498.1
1195880 1489.9
1195890 1489.9
1195900 1480.9
1195910 1473.1
1195920 1473.1
1195930 1465.4
1195940 1457.6
1195950 1457.6
1195960 1449.8
1195970 1442.0
1195980 1442.0
1195990 1434.4
1196000 1426.9
1196010 1426.9
1196020 1419.5
1196030 1411.9
1196040 1411.9
1196050 1404.6
1196060 1397.9
1196070 1391.1
1196080 1391.1
1196090 1384.9
1196100 1379.2
1196110 1379.2
1196120 1373.0
1196130 1366.8
1196140 1366.8
1196150 1361.6
1196160 1356.8
1196170 1356.8
1196180 1351.0
1196190 1345.3
1196200 1345.3
1196210 1338.1
1196220 1329.1
1196230 1329.1
1196240 1321.2
1196250 1316.9
1196260 1316.9
1196270 1314.7
1196280 1310.8
1196290 1304.4
1196300 1304.4
1196310 1299.1
1196320 1296.4
1196330 1296.4
1196340 1294.2
1196350 1290.9
1196360 1290.9
1196370 1285.7
1196380 1280.1
1196390 1280.1
1196400 1275.1
1196410 1273.3
1196420 1273.3
1196430 1272.2
1196440 1270.1
1196450 1270.1
1196460 1268.9
1196470 1268.7
1196480 1268.7
1196490 1268.7
1196500 1268.7
1196510 1268.6
1196520 1268.6
1196530 1268.2
1196540 1267.9
1196550 1267.9
1196560 1267.8
1196570 1267.4
1196580 1267.4
1196590 1267.2
1196600 1267.5
1196610 1267.5
1196620 1267.9
1196630 1268.6
1196640 1268.6
1196650 1268.6
1196660 1268.6
1196670 1268.6
1196680 1268.5
1196690 1268.4
1196700 1268.4
1196710 1268.4
1196720 1268.2
1196730 1268.1
1196740 1268.1
1196750 1268.1
1196760 1268.0
1196770 1268.0
1196780 1267.9
1196790 1268.6
1196800 1268.6
1196810 1270.7
1196820 1270.9
1196830 1270.9
1196840 1270.3
1196850 1270.9
1196860 1270.9
1196870 1271.6
1196880 1271.6
1196890 1271.6
1196900 1271.7
1196910 1272.5
1196920 1273.9
1196930 1273.9
1196940 1274.3
1196950 1274.6
1196960 1274.6
1196970 1275.7
1196980 1277.1
1196990 1277.1
1197000 1278.7
1197010 1280.9
1197020 1280.9
1197030 1283.0
1197040 1284.9
1197050 1284.9
1197060 1286.9
1197070 1288.8
1197080 1288.8
1197090 1291.4
1197100 1294.3
1197110 1294.3
1197120 1297.9
1197130 1300.9
1197140 1304.3
1197150 1304.3
1197160 1307.9
1197170 1312.1
1197180 1312.1
1197190 1316.9
1197200 1322.4
1197210 1322.4
1197220 1328.8
1197230 1335.5
1197240 1335.5
1197250 1342.8
1197260 1350.0
1197270 1350.0
1197280 1357.2
1197290 1364.4
1197300 1364.4
1197310 1371.5
1197320 1378.1
1197330 1378.1
1197340 1385.0
1197350 1395.2
1197360 1415.4
1197370 1415.4
1197380 1435.5
1197390 1450.3
1197400 1450.3
1197410 1459.9
1197420 1471.6
1197430 1471.6
1197440 1482.1
1197450 1493.6
1197460 1493.6
1197470 1504.7
1197480 1511.7
1197490 1511.7
1197500 1519.9
1197510 1538.0
1197520 1538.0
1197530 1546.7
1197540 1552.6
1197550 1552.6
1197560 1561.9
1197570 1581.9
1197580 1594.5
1197590 1594.5
1197600 1605.4
1197610 1615.6
1197620 1615.6
1197630 1625.2
1197640 1635.2
1197650 1635.2
1197660 1645.9
1197670 1655.1
1197680 1655.1
1197690 1662.9
1197700 1670.7
1197710 1670.7
1197720 1677.8
1197730 1684.6
1197740 1684.6
1197750 1691.8
1197760 1699.2
1197770 1706.6
1197780 1706.6
1197790 1714.1
1197800 1721.2
1197810 1721.2
1197820 1727.7
1197830 1734.6
1197840 1734.6
1197850 1752.0
1197860 1770.7
1197870 1770.7
1197880 1782.9
1197890 1797.7
1197900 1797.7
1197910 1815.5
1197920 1830.9
1197930 1830.9
1197940 1845.8
1197950 1870.5
1197960 1870.5
1197970 1913.6
1197980 1970.1
1197990 2007.8
1198000 2007.8
1198010 2025.7
1198020 2031.4
1198030 2031.4
1198040 2034.2
1198050 2037.8
1198060 2037.8
1198070 2042.2
1198080 2047.0
1198090 2047.0
1198100 2051.8
1198110 2057.3
1198120 2057.3
1198130 2063.0
1198140 2069.6
1198150 2069.6
1198160 2080.5
1198170 2093.9
1198180 2093.9
1198190 2103.9
1198200 2114.4
1198210 2127.0
1198220 2127.0
1198230 2138.9
1198240 2147.4
1198250 2147.4
1198260 2156.6
1198270 2166.7
1198280 2166.7
1198290 2176.0
1198300 2187.1
1198310 2187.1
1198320 2199.3
1198330 2210.2
1198340 2210.2
1198350 2218.3
1198360 2227.6
1198370 2227.6
1198380 2234.5
1198390 2244.6
1198400 2244.6
1198410 2252.3
1198420 2263.3
1198430 2280.6
1198440 2280.6
1198450 2305.2
1198460 2320.0
1198470 2320.0
1198480 2336.7
1198490 2347.2
1198500 2347.2
1198510 2356.5
1198520 2369.5
1198530 2369.5
1198540 2381.4
1198550 2386.4
1198560 2386.4
1198570 2389.5
1198580 2391.7
1198590 2391.7
1198600 2390.3
1198610 2387.5
1198620 2387.5
1198630 2384.4
1198640 2380.8
1198650 2377.6
1198660 2377.6
1198670 2374.1
1198680 2370.7
1198690 2370.7
1198700 2367.4
1198710 2363.8
1198720 2363.8
1198730 2360.3
1198740 2357.0
1198750 2357.0
1198760 2351.9
1198770 2344.7
1198780 2344.7
1198790 2341.5
1198800 2338.9
1198810 2338.9
1198820 2336.5
1198830 2349.5
1198840 2349.5
1198850 2353.3
1198860 2354.6
1198870 2347.8
1198880 2347.8
1198890 2339.6
1198900 2334.4
1198910 2334.4
1198920 2329.0
1198930 2319.5
1198940 2319.5
1198950 2309.5
1198960 2302.2
1198970 2302.2
1198980 2294.1
1198990 2287.7
1199000 2287.7
1199010 2282.5
1199020 2272.3
1199030 2272.3
1199040 2258.6
1199050 2249.6
1199060 2234.2
1199070 2234.2
1199080 2225.8
1199090 2221.4
1199100 2221.4
1199110 2218.8
1199120 2217.3
1199130 2217.3
1199140 2215.7
1199150 2210.9
1199160 2210.9
1199170 2204.0
1199180 2199.3
1199190 2199.3
1199200 2195.7
1199210 2191.2
1199220 2191.2
1199230 2188.2
1199240 2187.3
1199250 2187.3
1199260 2186.0
1199270 2184.7
1199280 2205.9
1199290 2205.9
1199300 2204.4
1199310 2201.2
1199320 2201.2
1199330 2201.8
1199340 2202.4
1199350 2202.4
1199360 2202.1
1199370 2201.5
1199380 2201.5
1199390 2200.4
1199400 2200.3
1199410 2200.3
1199420 2201.5
1199430 2201.9
1199440 2201.9
1199450 2203.3
1199460 2204.3
1199470 2204.3
1199480 2203.6
1199490 2203.1
1199500 2201.0
1199510 2201.0
1199520 2200.6
1199530 2200.6
1199540 2200.6
1199550 2201.3
1199560 2201.3
1199570 2201.3
1199580 2201.6
1199590 2201.9
1199600 2201.9
1199610 2200.0
1199620 2198.4
1199630 2198.4
1199640 2198.6
1199650 2198.9
1199660 2198.9
1199670 2199.3
1199680 2199.4
1199690 2199.4
1199700 2199.7
1199710 2199.8
1199720 2203.9
1199730 2203.9
1199740 2204.0
1199750 2205.8
1199760 2205.8
1199770 2207.8
1199780 2207.6
1199790 2207.6
1199800 2209.1
1199810 2210.7
1199820 2210.7
1199830 2212.5
1199840 2214.0
1199850 2214.0
1199860 2215.3
1199870 2216.1
1199880 2216.1
1199890 2216.9
1199900 2218.9
1199910 2218.9
1199920 2220.3
1199930 2220.4
1199940 2221.5
1199950 2221.5
1199960 2222.5
1199970 2223.7
1199980 2223.7
1199990 2225.6
