1180000 1425.7
1180010 1425.9
1180020 1425.9
1180030 1426.0
1180040 1426.3
1180050 1426.3
1180060 1427.1
1180070 1427.7
1180080 1427.7
1180090 1427.8
1180100 1427.8
1180110 1427.8
1180120 1428.9
1180130 1431.1
1180140 1433.2
1180150 1433.2
1180160 1435.2
1180170 1436.4
1180180 1436.4
1180190 1437.6
1180200 1438.0
1180210 1438.0
1180220 1439.7
1180230 1437.1
1180240 1437.1
1180250 1437.4
1180260 1437.3
1180270 1437.3
1180280 1438.0
1180290 1438.5
1180300 1438.5
1180310 1438.6
1180320 1438.2
1180330 1438.2
1180340 1438.2
1180350 1438.2
1180360 1438.4
1180370 1438.4
1180380 1438.8
1180390 1439.3
1180400 1439.3
1180410 1440.4
1180420 1440.4
1180430 1440.4
1180440 1440.4
1180450 1440.2
1180460 1440.2
1180470 1440.2
1180480 1440.4
1180490 1440.4
1180500 1440.3
1180510 1440.2
1180520 1440.2
1180530 1440.3
1180540 1440.4
1180550 1440.9
1180560 1440.9
1180570 1441.2
1180580 1442.1
1180590 1442.1
1180600 1442.7
1180610 1443.4
1180620 1443.4
1180630 1444.2
1180640 1443.1
1180650 1443.1
1180660 1443.7
1180670 1444.2
1180680 1444.2
1180690 1444.7
1180700 1445.4
1180710 1445.4
1180720 1446.1
1180730 1446.5
1180740 1446.5
1180750 1446.7
1180760 1446.8
1180770 1446.7
1180780 1446.7
1180790 1446.6
1180800 1446.5
1180810 1446.5
1180820 1445.8
1180830 1444.2
1180840 1444.2
1180850 1442.9
1180860 1442.3
1180870 1442.3
1180880 1441.2
1180890 1440.6
1180900 1440.6
1180910 1440.1
1180920 1440.6
1180930 1440.6
1180940 1441.1
1180950 1441.4
1180960 1441.4
1180970 1442.2
1180980 1442.9
1180990 1443.9
1181000 1443.9
1181010 1444.4
1181020 1445.1
1181030 1445.1
1181040 1445.8
1181050 1446.3
1181060 1445.5
1181070 1445.6
1181080 1446.3
1181090 1446.3
1181100 1447.2
1181110 1447.5
1181120 1447.5
1181130 1447.8
1181140 1448.5
1181150 1448.5
1181160 1450.1
1181170 1451.2
1181180 1451.2
1181190 1452.9
1181200 1454.6
1181210 1456.0
1181220 1456.0
1181230 1457.1
1181240 1458.0
1181250 1458.0
1181260 1458.9
1181270 1459.6
1181280 1459.6
1181290 1460.9
1181300 1462.9
1181310 1462.9
1181320 1465.0
1181330 1465.7
1181340 1465.7
1181350 1465.0
1181360 1462.5
1181370 1462.5
1181380 1461.0
1181390 1460.9
1181400 1460.9
1181410 1458.8
1181420 1452.8
1181430 1448.0
1181440 1448.0
1181450 1442.3
1181460 1440.7
1181470 1440.7
1181480 1440.7
1181490 1440.8
1181500 1440.8
1181510 1440.4
1181520 1437.5
1181530 1437.5
1181540 1433.9
1181550 1430.1
1181560 1430.1
1181570 1427.2
1181580 1425.6
1181590 1425.6
1181600 1425.7
1181610 1425.9
1181620 1425.9
1181630 1422.5
1181640 1416.6
1181650 1415.6
1181660 1415.6
1181670 1415.7
1181680 1416.1
1181690 1416.1
1181700 1417.6
1181710 1419.7
1181720 1419.7
1181730 1420.6
1181740 1420.3
1181750 1420.3
1181760 1420.8
1181770 1422.0
1181780 1422.0
1181790 1424.6
1181800 1427.6
1181810 1427.6
1181820 1430.7
1181830 1432.5
1181840 1432.5
1181850 1431.6
1181860 1426.8
1181870 1421.8
1181880 1421.8
1181890 1420.3
1181900 1420.5
1181910 1420.5
1181920 1420.7
1181930 1421.6
1181940 1421.6
1181950 1423.9
1181960 1424.8
1181970 1424.8
1181980 1422.8
1181990 1419.5
1182000 1419.5
1182010 1417.0
1182020 1415.6
1182030 1415.6
1182040 1415.6
1182050 1417.4
1182060 1416.8
1182070 1416.8
1182080 1415.4
1182090 1413.1
1182100 1413.1
1182110 1410.3
1182120 1408.3
1182130 1408.3
1182140 1406.7
1182150 1404.9
1182160 1404.9
1182170 1402.5
1182180 1398.9
1182190 1398.9
1182200 1397.0
1182210 1395.8
1182220 1395.8
1182230 1394.8
1182240 1394.0
1182250 1394.0
1182260 1393.2
1182270 1392.4
1182280 1390.6
1182290 1390.6
1182300 1382.5
1182310 1370.3
1182320 1361.9
1182330 1353.7
1182340 1346.4
1182350 1346.4
1182360 1339.3
1182370 1333.8
1182380 1333.8
1182390 1329.7
1182400 1325.5
1182410 1325.5
1182420 1319.3
1182430 1312.5
1182440 1312.5
1182450 1303.8
1182460 1293.5
1182470 1293.5
1182480 1282.6
1182490 1273.9
1182500 1267.8
1182510 1267.8
1182520 1263.4
1182530 1259.5
1182540 1259.5
1182550 1248.9
1182560 1237.6
1182570 1237.6
1182580 1229.7
1182590 1223.4
1182600 1223.4
1182610 1218.7
1182620 1213.3
1182630 1213.3
1182640 1205.3
1182650 1195.8
1182660 1195.8
1182670 1185.3
1182680 1173.2
1182690 1173.2
1182700 1160.1
1182710 1149.9
1182720 1148.7
1182730 1148.7
1182740 1132.5
1182750 1126.7
1182760 1126.7
1182770 1121.2
1182780 1114.9
1182790 1114.9
1182800 1108.2
1182810 1102.5
1182820 1102.5
1182830 1096.1
1182840 1089.5
1182850 1089.5
1182860 1082.6
1182870 1074.6
1182880 1074.6
1182890 1065.0
1182900 1055.0
1182910 1055.0
1182920 1043.6
1182930 1033.4
1182940 1025.1
1182950 1025.1
1182960 1018.2
1182970 1016.1
1182980 1016.1
1182990 1011.7
1183000 1004.6
1183010 1004.6
1183020 998.5
1183030 992.3
1183040 992.3
1183050 984.7
1183060 976.3
1183070 976.3
1183080 966.8
1183090 956.1
1183100 956.1
1183110 942.1
1183120 929.7
1183130 929.7
1183140 920.9
1183150 913.3
1183160 902.6
1183170 902.6
1183180 897.9
1183190 894.8
1183200 894.8
1183210 893.6
1183220 893.4
1183230 893.4
1183240 893.1
1183250 892.6
1183260 892.6
1183270 892.4
1183280 892.4
1183290 892.4
1183300 892.5
1183310 893.8
1183320 893.8
1183330 895.5
1183340 895.7
1183350 895.7
1183360 895.7
1183370 895.8
1183380 896.8
1183390 896.8
1183400 900.6
1183410 902.7
1183420 902.7
1183430 903.3
1183440 903.8
1183450 903.8
1183460 905.9
1183470 911.9
1183480 911.9
1183490 918.5
1183500 925.1
1183510 925.1
1183520 930.4
1183530 932.8
1183540 932.8
1183550 933.4
1183560 933.9
1183570 934.5
1183580 934.6
1183590 935.3
1183600 936.0
1183610 936.0
1183620 936.7
1183630 937.4
1183640 937.4
1183650 938.1
1183660 938.8
1183670 938.8
1183680 939.4
1183690 940.1
1183700 940.1
1183710 940.9
1183720 941.7
1183730 941.7
1183740 942.3
1183750 943.3
1183760 943.3
1183770 943.8
1183780 944.2
1183790 944.8
1183800 944.8
1183810 945.4
1183820 946.1
1183830 946.1
1183840 946.9
1183850 947.7
1183860 947.7
1183870 948.4
1183880 949.2
1183890 949.2
1183900 950.0
1183910 950.9
1183920 950.9
1183930 951.8
1183940 952.7
1183950 952.7
1183960 953.5
1183970 953.7
1183980 953.7
1183990 951.7
1184000 952.9
1184010 946.3
1184020 946.3
1184030 939.3
1184040 937.0
1184050 937.0
1184060 935.5
1184070 936.6
1184080 936.6
1184090 938.6
1184100 939.9
1184110 939.9
1184120 941.1
1184130 942.3
1184140 942.3
1184150 943.8
1184160 946.0
1184170 946.0
1184180 951.1
1184190 956.7
1184200 956.7
1184210 959.1
1184220 960.5
1184230 962.8
1184240 962.8
1184250 965.3
1184260 967.3
1184270 967.3
1184280 968.9
1184290 970.0
1184300 970.0
1184310 970.7
1184320 971.2
1184330 971.2
1184340 971.7
1184350 972.2
1184360 972.2
1184370 973.0
1184380 973.7
1184390 973.7
1184400 974.5
1184410 975.3
1184420 976.3
1184430 977.0
1184440 977.2
1184450 977.4
1184460 977.4
1184470 977.7
1184480 977.7
1184490 977.7
1184500 977.8
1184510 977.9
1184520 977.9
1184530 977.8
1184540 977.8
1184550 977.8
1184560 977.6
1184570 977.5
1184580 977.5
1184590 977.4
1184600 977.7
1184610 977.7
1184620 979.6
1184630 985.7
1184640 985.7
1184650 993.7
1184660 1002.4
1184670 1008.9
1184680 1008.9
1184690 1016.2
1184700 1023.7
1184710 1023.7
1184720 1030.4
1184730 1035.8
1184740 1035.8
1184750 1039.4
1184760 1042.9
1184770 1042.9
1184780 1046.1
1184790 1047.8
1184800 1047.8
1184810 1049.1
1184820 1050.6
1184830 1050.6
1184840 1054.5
1184850 1057.8
1184860 1057.8
1184870 1062.1
1184880 1065.5
1184890 1069.4
1184900 1069.4
1184910 1074.1
1184920 1079.0
1184930 1079.0
1184940 1083.4
1184950 1088.0
1184960 1088.0
1184970 1092.9
1184980 1097.3
1184990 1097.3
1185000 1099.6
1185010 1101.9
1185020 1101.9
1185030 1106.0
1185040 1111.2
1185050 1111.2
1185060 1116.9
1185070 1123.1
1185080 1123.1
1185090 1128.8
1185100 1134.6
1185110 1138.8
1185120 1138.8
1185130 1142.3
1185140 1147.6
1185150 1147.6
1185160 1154.2
1185170 1160.1
1185180 1160.1
1185190 1161.2
1185200 1156.9
1185210 1156.9
1185220 1152.6
1185230 1149.8
1185240 1149.8
1185250 1147.2
1185260 1145.5
1185270 1150.8
1185280 1148.5
1185290 1149.9
1185300 1153.8
1185310 1153.8
1185320 1157.2
1185330 1162.6
1185340 1162.6
1185350 1169.8
1185360 1176.3
1185370 1176.3
1185380 1181.9
1185390 1184.8
1185400 1184.8
1185410 1185.3
1185420 1185.7
1185430 1185.7
1185440 1187.3
1185450 1190.2
1185460 1190.2
1185470 1193.8
1185480 1197.8
1185490 1197.8
1185500 1202.1
1185510 1206.5
1185520 1211.4
1185530 1211.4
1185540 1216.7
1185550 1222.4
1185560 1222.4
1185570 1228.2
1185580 1234.5
1185590 1234.5
1185600 1240.3
1185610 1246.5
1185620 1246.5
1185630 1253.8
1185640 1262.4
1185650 1262.4
1185660 1271.4
1185670 1280.0
1185680 1280.0
1185690 1286.7
1185700 1295.1
1185710 1295.1
1185720 1302.5
1185730 1310.2
1185740 1316.8
1185750 1316.8
1185760 1321.4
1185770 1323.9
1185780 1323.9
1185790 1327.7
1185800 1332.5
1185810 1332.5
1185820 1338.2
1185830 1340.1
1185840 1340.1
1185850 1343.0
1185860 1348.8
1185870 1348.8
1185880 1353.4
1185890 1356.9
1185900 1356.9
1185910 1359.5
1185920 1362.9
1185930 1362.9
1185940 1367.4
1185950 1372.5
1185960 1378.8
1185970 1378.8
1185980 1383.4
1185990 1389.9
1186000 1389.9
1186010 1396.9
1186020 1402.3
1186030 1402.3
1186040 1407.1
1186050 1412.2
1186060 1412.2
1186070 1417.1
1186080 1420.7
1186090 1420.7
1186100 1422.8
1186110 1425.8
1186120 1427.4
1186130 1430.9
1186140 1434.1
1186150 1434.1
1186160 1436.8
1186170 1440.8
1186180 1446.1
1186190 1446.1
1186200 1451.4
1186210 1457.1
1186220 1457.1
1186230 1462.2
1186240 1467.2
1186250 1467.2
1186260 1472.0
1186270 1475.9
1186280 1475.9
1186290 1478.8
1186300 1480.2
1186310 1480.2
1186320 1481.1
1186330 1484.3
1186340 1484.3
1186350 1488.2
1186360 1492.7
1186370 1492.7
1186380 1496.7
1186390 1499.5
1186400 1501.6
1186410 1501.6
1186420 1504.2
1186430 1506.8
1186440 1506.8
1186450 1509.6
1186460 1513.8
1186470 1513.8
1186480 1517.7
1186490 1522.0
1186500 1522.0
1186510 1526.4
1186520 1531.6
1186530 1531.6
1186540 1540.7
1186550 1545.5
1186560 1545.5
1186570 1548.4
1186580 1549.8
1186590 1549.8
1186600 1551.2
1186610 1554.4
1186620 1557.4
1186630 1557.4
1186640 1560.5
1186650 1564.1
1186660 1564.1
1186670 1568.6
1186680 1573.1
1186690 1573.1
1186700 1576.8
1186710 1580.4
1186720 1580.4
1186730 1584.0
1186740 1587.7
1186750 1587.7
1186760 1591.7
1186770 1594.8
1186780 1594.8
1186790 1596.9
1186800 1599.1
1186810 1599.1
1186820 1602.2
1186830 1605.7
1186840 1608.4
1186850 1608.4
1186860 1611.4
1186870 1615.1
1186880 1615.1
1186890 1619.4
1186900 1625.2
1186910 1625.2
1186920 1631.8
1186930 1637.7
1186940 1637.7
1186950 1642.5
1186960 1646.2
1186970 1650.1
1186980 1654.1
1186990 1657.8
1187000 1657.8
1187010 1659.7
1187020 1662.0
1187030 1664.8
1187040 1664.8
1187050 1667.9
1187060 1671.8
1187070 1671.8
1187080 1675.9
1187090 1680.1
1187100 1680.1
1187110 1683.7
1187120 1686.6
1187130 1686.6
1187140 1688.9
1187150 1690.9
1187160 1690.9
1187170 1692.9
1187180 1695.5
1187190 1695.5
1187200 1698.5
1187210 1701.9
1187220 1701.9
1187230 1705.2
1187240 1708.3
1187250 1711.1
1187260 1711.1
1187270 1713.1
1187280 1715.9
1187290 1715.9
1187300 1719.2
1187310 1722.2
1187320 1722.2
1187330 1724.5
1187340 1726.1
1187350 1726.1
1187360 1726.6
1187370 1726.9
1187380 1726.9
1187390 1730.9
1187400 1731.1
1187410 1731.1
1187420 1731.4
1187430 1731.9
1187440 1731.9
1187450 1732.0
1187460 1731.5
1187470 1731.3
1187480 1731.3
1187490 1730.7
1187500 1729.7
1187510 1729.7
1187520 1727.8
1187530 1726.2
1187540 1726.2
1187550 1724.4
1187560 1721.2
1187570 1721.2
1187580 1716.8
1187590 1711.2
1187600 1711.2
1187610 1705.3
1187620 1700.7
1187630 1700.7
1187640 1696.4
1187650 1691.7
1187660 1691.7
1187670 1688.4
1187680 1687.8
1187690 1690.6
1187700 1690.6
1187710 1694.5
1187720 1699.2
1187730 1699.2
1187740 1705.4
1187750 1711.4
1187760 1711.4
1187770 1716.8
1187780 1720.4
1187790 1720.4
1187800 1722.3
1187810 1723.6
1187820 1727.1
1187830 1727.9
1187840 1727.9
1187850 1727.9
1187860 1727.2
1187870 1726.4
1187880 1726.4
1187890 1725.3
1187900 1722.9
1187910 1721.2
1187920 1721.2
1187930 1720.3
1187940 1718.8
1187950 1718.8
1187960 1717.0
1187970 1713.9
1187980 1713.9
1187990 1710.5
1188000 1708.0
1188010 1708.0
1188020 1706.6
1188030 1704.9
1188040 1704.9
1188050 1701.2
1188060 1696.3
1188070 1696.3
1188080 1693.1
1188090 1691.4
1188100 1691.4
1188110 1689.4
1188120 1687.4
1188130 1685.4
1188140 1685.4
1188150 1682.5
1188160 1679.1
1188170 1679.1
1188180 1675.6
1188190 1671.7
1188200 1671.7
1188210 1668.1
1188220 1665.1
1188230 1665.1
1188240 1668.4
1188250 1665.7
1188260 1665.7
1188270 1661.6
1188280 1657.6
1188290 1657.6
1188300 1657.4
1188310 1657.9
1188320 1657.9
1188330 1656.9
1188340 1654.5
1188350 1651.3
1188360 1651.3
1188370 1646.5
1188380 1642.4
1188390 1642.4
1188400 1639.2
1188410 1636.9
1188420 1636.9
1188430 1635.4
1188440 1633.9
1188450 1633.9
1188460 1632.9
1188470 1631.9
1188480 1631.9
1188490 1629.3
1188500 1626.2
1188510 1626.2
1188520 1624.3
1188530 1623.1
1188540 1622.4
1188550 1622.4
1188560 1621.9
1188570 1621.3
1188580 1621.3
1188590 1620.0
1188600 1618.3
1188610 1618.3
1188620 1616.1
1188630 1614.0
1188640 1614.0
1188650 1613.3
1188660 1612.5
1188670 1615.4
1188680 1614.6
1188690 1613.8
1188700 1613.8
1188710 1613.4
1188720 1612.9
1188730 1612.9
1188740 1611.9
1188750 1610.6
1188760 1610.2
1188770 1610.2
1188780 1609.7
1188790 1608.1
1188800 1608.1
1188810 1607.1
1188820 1606.5
1188830 1606.5
1188840 1606.5
1188850 1606.0
1188860 1606.0
1188870 1604.6
1188880 1604.7
1188890 1604.7
1188900 1604.7
1188910 1604.1
1188920 1604.1
1188930 1603.4
1188940 1603.3
1188950 1603.3
1188960 1602.3
1188970 1601.4
1188980 1601.0
1188990 1601.0
1189000 1600.9
1189010 1600.9
1189020 1600.9
1189030 1600.4
1189040 1600.1
1189050 1600.1
1189060 1599.0
1189070 1598.2
1189080 1598.2
1189090 1596.6
1189100 1597.4
1189110 1597.4
1189120 1595.2
1189130 1597.2
1189140 1597.2
1189150 1601.0
1189160 1606.1
1189170 1606.1
1189180 1611.8
1189190 1612.8
1189200 1606.9
1189210 1606.9
1189220 1599.5
1189230 1592.8
1189240 1592.8
1189250 1586.7
1189260 1583.2
1189270 1583.2
1189280 1585.3
1189290 1588.9
1189300 1588.9
1189310 1592.8
1189320 1598.5
1189330 1598.5
1189340 1600.1
1189350 1600.6
1189360 1600.6
1189370 1601.0
1189380 1600.9
1189390 1600.9
1189400 1601.5
1189410 1602.6
1189420 1603.9
1189430 1603.9
1189440 1606.1
1189450 1608.0
1189460 1608.0
1189470 1609.3
1189480 1610.6
1189490 1610.6
1189500 1612.5
1189510 1614.6
1189520 1614.6
1189530 1618.0
1189540 1620.2
1189550 1620.2
1189560 1622.6
1189570 1625.2
1189580 1625.2
1189590 1627.3
1189600 1629.6
1189610 1629.6
1189620 1632.1
1189630 1634.8
1189640 1637.7
1189650 1637.7
1189660 1640.8
1189670 1644.3
1189680 1644.3
1189690 1648.4
1189700 1652.1
1189710 1652.1
1189720 1656.6
1189730 1661.9
1189740 1661.9
1189750 1667.1
1189760 1672.5
1189770 1672.5
1189780 1676.7
1189790 1679.3
1189800 1679.3
1189810 1680.7
1189820 1682.0
1189830 1682.0
1189840 1683.9
1189850 1687.1
1189860 1691.5
1189870 1691.5
1189880 1696.1
1189890 1700.0
1189900 1700.0
1189910 1702.1
1189920 1704.0
1189930 1704.0
1189940 1706.0
1189950 1708.5
1189960 1711.4
1189970 1713.7
1189980 1715.2
1189990 1715.2
1190000 1715.0
1190010 1715.4
1190020 1715.4
1190030 1717.5
1190040 1720.3
1190050 1720.3
1190060 1723.5
1190070 1726.4
1190080 1728.7
1190090 1728.7
1190100 1730.8
1190110 1733.1
1190120 1733.1
1190130 1735.4
1190140 1738.2
1190150 1738.2
1190160 1740.8
1190170 1743.3
1190180 1743.3
1190190 1745.7
1190200 1747.9
1190210 1747.9
1190220 1750.4
1190230 1753.0
1190240 1753.0
1190250 1755.6
1190260 1758.2
1190270 1760.9
1190280 1760.9
1190290 1764.0
1190300 1767.4
1190310 1767.4
1190320 1770.3
1190330 1772.9
1190340 1772.9
1190350 1775.3
1190360 1778.3
1190370 1778.3
1190380 1781.5
1190390 1784.8
1190400 1784.8
1190410 1787.2
1190420 1789.4
1190430 1789.4
1190440 1791.8
1190450 1794.1
1190460 1794.1
1190470 1796.6
1190480 1799.0
1190490 1801.6
1190500 1801.6
1190510 1804.6
1190520 1807.7
1190530 1807.7
1190540 1810.5
1190550 1813.6
1190560 1813.6
1190570 1818.5
1190580 1823.3
1190590 1823.3
1190600 1827.8
1190610 1832.3
1190620 1832.3
1190630 1837.0
1190640 1842.0
1190650 1842.0
1190660 1846.9
1190670 1851.7
1190680 1851.7
1190690 1856.1
1190700 1860.9
1190710 1866.2
1190720 1866.2
1190730 1871.0
1190740 1875.0
1190750 1875.0
1190760 1879.5
1190770 1883.2
1190780 1883.2
1190790 1885.8
1190800 1888.5
1190810 1888.5
1190820 1892.9
1190830 1896.1
1190840 1896.1
1190850 1900.3
1190860 1905.3
1190870 1905.3
1190880 1910.1
1190890 1914.8
1190900 1914.8
1190910 1919.8
1190920 1924.7
1190930 1928.9
1190940 1928.9
1190950 1931.6
1190960 1933.9
1190970 1933.9
1190980 1936.0
1190990 1938.0
1191000 1938.0
1191010 1940.3
1191020 1944.1
1191030 1944.1
1191040 1949.8
1191050 1955.5
1191060 1955.5
1191070 1959.5
1191080 1962.4
1191090 1962.4
1191100 1966.5
1191110 1972.9
1191120 1972.9
1191130 1980.8
1191140 1988.3
1191150 1995.1
1191160 1995.1
1191170 2001.1
1191180 2005.9
1191190 2005.9
1191200 2009.3
1191210 2010.9
1191220 2010.9
1191230 2011.6
1191240 2014.4
1191250 2019.8
1191260 2023.5
1191270 2027.8
1191280 2027.8
1191290 2034.1
1191300 2039.9
1191310 2039.9
1191320 2044.9
1191330 2048.5
1191340 2048.5
1191350 2051.2
1191360 2053.5
1191370 2056.0
1191380 2056.0
1191390 2058.7
1191400 2061.4
1191410 2061.4
1191420 2064.0
1191430 2066.9
1191440 2066.9
1191450 2069.8
1191460 2072.8
1191470 2072.8
1191480 2076.2
1191490 2079.6
1191500 2079.6
1191510 2083.1
1191520 2086.7
1191530 2086.7
1191540 2090.4
1191550 2094.3
1191560 2094.3
1191570 2098.3
1191580 2102.5
1191590 2107.0
1191600 2107.0
1191610 2111.1
1191620 2115.4
1191630 2115.4
1191640 2119.9
1191650 2124.7
1191660 2124.7
1191670 2129.5
1191680 2134.2
1191690 2133.7
1191700 2138.3
1191710 2142.8
1191720 2142.8
1191730 2147.3
1191740 2151.9
1191750 2151.9
1191760 2156.5
1191770 2161.7
1191780 2166.7
1191790 2166.7
1191800 2171.1
1191810 2175.3
1191820 2175.3
1191830 2179.9
1191840 2184.8
1191850 2184.8
1191860 2189.7
1191870 2194.6
1191880 2194.6
1191890 2199.6
1191900 2204.5
1191910 2204.5
1191920 2209.4
1191930 2214.1
1191940 2214.1
1191950 2219.1
1191960 2223.8
1191970 2223.8
1191980 2229.1
1191990 2234.0
1192000 2239.2
1192010 2239.2
1192020 2243.9
1192030 2249.3
1192040 2249.3
1192050 2254.4
1192060 2259.7
1192070 2259.7
1192080 2264.4
1192090 2269.4
1192100 2269.4
1192110 2274.7
1192120 2277.0
1192130 2277.0
1192140 2282.0
1192150 2286.9
1192160 2286.9
1192170 2292.1
1192180 2297.3
1192190 2297.3
1192200 2302.5
1192210 2307.7
1192220 2313.1
1192230 2313.1
1192240 2318.3
1192250 2323.6
1192260 2323.6
1192270 2329.0
1192280 2334.9
1192290 2334.9
1192300 2340.6
1192310 2346.3
1192320 2346.3
1192330 2352.0
1192340 2357.6
1192350 2357.6
1192360 2363.4
1192370 2369.4
1192380 2369.4
1192390 2375.4
1192400 2381.8
1192410 2381.8
1192420 2388.2
1192430 2394.5
1192440 2401.1
1192450 2401.1
1192460 2407.4
1192470 2413.6
1192480 2413.6
1192490 2420.3
1192500 2427.3
1192510 2427.3
1192520 2434.0
1192530 2440.5
1192540 2440.5
1192550 2450.0
1192560 2456.5
1192570 2456.5
1192580 2462.8
1192590 2469.2
1192600 2469.2
1192610 2476.4
1192620 2483.5
1192630 2483.5
1192640 2490.4
1192650 2497.1
1192660 2504.1
1192670 2504.1
1192680 2511.3
1192690 2518.5
1192700 2518.5
1192710 2525.5
1192720 2532.2
1192730 2532.2
1192740 2539.5
1192750 2547.3
1192760 2547.3
1192770 2554.3
1192780 2560.6
1192790 2560.6
1192800 2567.3
1192810 2574.2
1192820 2574.2
1192830 2582.2
1192840 2590.3
1192850 2590.3
1192860 2595.3
1192870 2597.9
1192880 2601.6
1192890 2601.6
1192900 2606.5
1192910 2612.8
1192920 2612.8
1192930 2619.7
1192940 2626.3
1192950 2626.3
1192960 2632.8
1192970 2639.5
1192980 2639.5
1192990 2647.6
1193000 2654.2
1193010 2654.2
1193020 2660.6
1193030 2666.8
1193040 2666.8
1193050 2668.8
1193060 2667.9
1193070 2667.9
1193080 2669.6
1193090 2671.8
1193100 2674.7
1193110 2674.7
1193120 2676.1
1193130 2677.1
1193140 2677.1
1193150 2677.8
1193160 2675.9
1193170 2675.9
1193180 2673.4
1193190 2669.6
1193200 2669.6
1193210 2666.2
1193220 2662.2
1193230 2662.2
1193240 2658.1
1193250 2653.1
1193260 2653.1
1193270 2646.9
1193280 2642.5
1193290 2639.1
1193300 2639.1
1193310 2635.2
1193320 2631.3
1193330 2631.3
1193340 2627.9
1193350 2624.6
1193360 2624.6
1193370 2621.3
1193380 2617.6
1193390 2617.6
1193400 2612.9
1193410 2607.3
1193420 2605.3
1193430 2599.6
1193440 2592.9
1193450 2592.9
1193460 2587.1
1193470 2581.7
1193480 2581.7
1193490 2574.0
1193500 2568.5
1193510 2562.8
1193520 2562.8
1193530 2556.0
1193540 2549.0
1193550 2549.0
1193560 2544.5
1193570 2541.2
1193580 2541.2
1193590 2534.8
1193600 2524.8
1193610 2524.8
1193620 2515.4
1193630 2508.4
1193640 2508.4
1193650 2502.6
1193660 2495.3
1193670 2495.3
1193680 2489.3
1193690 2484.7
1193700 2484.7
1193710 2477.6
1193720 2474.8
1193730 2471.8
1193740 2471.8
1193750 2464.2
1193760 2456.3
1193770 2456.3
1193780 2448.1
1193790 2439.7
1193800 2439.7
1193810 2429.0
1193820 2415.8
1193830 2415.8
1193840 2405.5
1193850 2397.0
1193860 2406.1
1193870 2396.2
1193880 2388.9
1193890 2388.9
1193900 2382.9
1193910 2376.0
1193920 2376.0
1193930 2369.1
1193940 2363.4
1193950 2359.2
1193960 2359.2
1193970 2355.0
1193980 2351.2
1193990 2351.2
1194000 2346.7
1194010 2339.5
1194020 2339.5
1194030 2332.3
1194040 2325.4
1194050 2325.4
1194060 2319.1
1194070 2312.7
1194080 2312.7
1194090 2300.9
1194100 2288.5
1194110 2288.5
1194120 2276.3
1194130 2264.0
1194140 2264.0
1194150 2253.6
1194160 2245.7
1194170 2238.4
1194180 2238.4
1194190 2230.5
1194200 2221.7
1194210 2221.7
1194220 2214.0
1194230 2207.6
1194240 2207.6
1194250 2201.5
1194260 2195.4
1194270 2195.4
1194280 2189.0
1194290 2181.4
1194300 2181.4
1194310 2175.4
1194320 2169.7
1194330 2169.7
1194340 2164.5
1194350 2160.6
1194360 2160.6
1194370 2155.7
1194380 2149.5
1194390 2142.2
1194400 2142.2
1194410 2134.7
1194420 2127.7
1194430 2127.7
1194440 2120.7
1194450 2114.7
1194460 2114.7
1194470 2113.0
1194480 2109.6
1194490 2109.6
1194500 2104.8
1194510 2100.8
1194520 2100.8
1194530 2096.3
1194540 2091.2
1194550 2091.2
1194560 2085.3
1194570 2077.8
1194580 2077.8
1194590 2069.6
1194600 2061.0
1194610 2052.7
1194620 2052.7
1194630 2045.0
1194640 2037.2
1194650 2037.2
1194660 2030.1
1194670 2024.5
1194680 2024.5
1194690 2020.5
1194700 2014.7
1194710 2014.7
1194720 2008.0
1194730 2005.0
1194740 2005.0
1194750 1998.4
1194760 1991.0
1194770 1991.0
1194780 1983.4
1194790 1978.0
1194800 1978.0
1194810 1970.9
1194820 1963.6
1194830 1957.6
1194840 1957.6
1194850 1950.8
1194860 1945.4
1194870 1945.4
1194880 1942.1
1194890 1937.4
1194900 1937.4
1194910 1931.0
1194920 1926.5
1194930 1926.5
1194940 1924.5
1194950 1922.9
1194960 1922.9
1194970 1921.9
1194980 1919.6
1194990 1919.6
1195000 1915.1
1195010 1908.8
1195020 1901.2
1195030 1901.2
1195040 1894.2
1195050 1889.3
1195060 1889.3
1195070 1884.4
1195080 1879.8
1195090 1879.8
1195100 1872.5
1195110 1867.1
1195120 1867.1
1195130 1861.0
1195140 1852.2
1195150 1852.2
1195160 1842.9
1195170 1837.7
1195180 1837.7
1195190 1833.2
1195200 1828.3
1195210 1828.3
1195220 1825.2
1195230 1822.2
1195240 1817.2
1195250 1817.2
1195260 1810.6
1195270 1803.9
1195280 1803.9
1195290 1797.5
1195300 1791.7
1195310 1791.7
1195320 1785.3
1195330 1779.2
1195340 1779.2
1195350 1771.6
1195360 1762.5
1195370 1762.5
1195380 1754.3
1195390 1747.1
1195400 1747.1
1195410 1740.4
1195420 1733.9
1195430 1733.9
1195440 1725.7
1195450 1716.9
1195460 1709.0
1195470 1709.0
1195480 1701.9
1195490 1694.3
1195500 1694.3
1195510 1687.4
1195520 1681.3
1195530 1681.3
1195540 1675.2
1195550 1669.9
1195560 1669.9
1195570 1665.2
1195580 1659.7
1195590 1659.7
1195600 1654.5
1195610 1654.8
1195620 1654.8
1195630 1650.5
1195640 1645.9
1195650 1645.9
1195660 1639.7
1195670 1632.0
1195680 1623.7
1195690 1623.7
1195700 1615.5
1195710 1607.7
1195720 1607.7
1195730 1600.1
1195740 1592.2
1195750 1592.2
1195760 1584.4
1195770 1577.0
1195780 1577.0
1195790 1568.3
1195800 1559.6
1195810 1559.6
1195820 1551.8
1195830 1544.7
1195840 1544.7
1195850 1536.1
1195860 1528.2
1195870 1528.2
1195880 1522.3
1195890 1516.4
1195900 1510.3
1195910 1510.3
1195920 1504.3
1195930 1498.1
1195940 1498.1
1195950 1492.2
1195960 1485.5
1195970 1485.5
1195980 1478.3
1195990 1470.7
1196000 1470.7
1196010 1463.6
1196020 1457.1
1196030 1457.1
1196040 1451.2
1196050 1444.9
1196060 1444.9
1196070 1439.1
1196080 1433.7
1196090 1433.7
1196100 1429.4
1196110 1422.8
1196120 1416.5
1196130 1416.5
1196140 1409.7
1196150 1400.4
1196160 1400.4
1196170 1390.7
1196180 1381.2
1196190 1381.2
1196200 1375.0
1196210 1369.2
1196220 1369.2
1196230 1362.6
1196240 1355.7
1196250 1355.7
1196260 1348.7
1196270 1341.9
1196280 1341.9
1196290 1335.1
1196300 1330.0
1196310 1328.2
1196320 1328.2
1196330 1326.9
1196340 1324.5
1196350 1324.5
1196360 1320.8
1196370 1317.4
1196380 1317.4
1196390 1314.7
1196400 1312.2
1196410 1312.2
1196420 1309.4
1196430 1306.6
1196440 1306.6
1196450 1303.3
1196460 1299.8
1196470 1299.8
1196480 1293.4
1196490 1289.6
1196500 1289.6
1196510 1285.8
1196520 1281.8
1196530 1278.3
1196540 1278.3
1196550 1275.7
1196560 1273.8
1196570 1273.8
1196580 1272.6
1196590 1271.2
1196600 1271.2
1196610 1269.6
1196620 1268.3
1196630 1268.3
1196640 1267.2
1196650 1266.2
1196660 1266.2
1196670 1265.6
1196680 1265.0
1196690 1265.0
1196700 1265.5
1196710 1265.3
1196720 1265.3
1196730 1265.3
1196740 1265.3
1196750 1265.2
1196760 1265.2
1196770 1265.3
1196780 1266.0
1196790 1266.0
1196800 1269.2
1196810 1270.9
1196820 1270.9
1196830 1271.0
1196840 1270.9
1196850 1270.9
1196860 1270.2
1196870 1270.0
1196880 1270.0
1196890 1270.9
1196900 1272.0
1196910 1272.0
1196920 1273.5
1196930 1273.9
1196940 1273.9
1196950 1274.9
1196960 1276.4
1196970 1278.0
1196980 1278.0
1196990 1279.7
1197000 1281.5
1197010 1281.5
1197020 1283.6
1197030 1286.3
1197040 1286.3
1197050 1288.9
1197060 1291.6
1197070 1291.6
1197080 1294.4
1197090 1297.9
1197100 1297.9
1197110 1302.0
1197120 1307.5
1197130 1307.5
1197140 1313.8
1197150 1318.2
1197160 1318.2
1197170 1321.9
1197180 1325.6
1197190 1330.3
1197200 1330.3
1197210 1335.5
1197220 1340.5
1197230 1340.5
1197240 1346.0
1197250 1351.3
1197260 1351.3
1197270 1357.0
1197280 1362.3
1197290 1362.3
1197300 1367.6
1197310 1373.0
1197320 1373.0
1197330 1378.6
1197340 1384.1
1197350 1384.1
1197360 1389.5
1197370 1391.9
1197380 1391.9
1197390 1397.0
1197400 1401.9
1197410 1407.6
1197420 1407.6
1197430 1416.7
1197440 1430.9
1197450 1430.9
1197460 1441.1
1197470 1448.6
1197480 1448.6
1197490 1456.4
1197500 1465.1
1197510 1465.1
1197520 1469.9
1197530 1474.4
1197540 1474.4
1197550 1479.9
1197560 1484.2
1197570 1484.2
1197580 1488.9
1197590 1494.6
1197600 1494.6
1197610 1500.7
1197620 1507.1
1197630 1514.0
1197640 1514.0
1197650 1520.7
1197660 1527.1
1197670 1527.1
1197680 1535.7
1197690 1546.0
1197700 1546.0
1197710 1557.5
1197720 1570.8
1197730 1570.8
1197740 1586.5
1197750 1596.8
1197760 1596.8
1197770 1601.0
1197780 1606.6
1197790 1606.6
1197800 1613.8
1197810 1633.7
1197820 1641.7
1197830 1641.7
1197840 1658.8
1197850 1700.9
1197860 1700.9
1197870 1725.0
1197880 1744.6
1197890 1744.6
1197900 1757.8
1197910 1766.5
1197920 1766.5
1197930 1774.6
1197940 1782.9
1197950 1782.9
1197960 1791.2
1197970 1799.3
1197980 1799.3
1197990 1806.7
1198000 1814.1
1198010 1814.1
1198020 1822.0
1198030 1829.8
1198040 1837.4
1198050 1837.4
1198060 1844.9
1198070 1852.4
1198080 1852.4
1198090 1864.6
1198100 1875.5
1198110 1875.5
1198120 1884.5
1198130 1903.4
1198140 1903.4
1198150 1918.4
1198160 1933.6
1198170 1933.6
1198180 1951.8
1198190 1973.0
1198200 1973.0
1198210 1987.8
1198220 1999.4
1198230 1999.4
1198240 2010.0
1198250 2033.8
1198260 2067.7
1198270 2067.7
1198280 2087.2
1198290 2107.6
1198300 2107.6
1198310 2137.1
1198320 2154.5
1198330 2154.5
1198340 2166.7
1198350 2184.2
1198360 2184.2
1198370 2215.7
1198380 2231.8
1198390 2231.8
1198400 2235.4
1198410 2236.4
1198420 2236.4
1198430 2238.8
1198440 2238.8
1198450 2238.8
1198460 2236.9
1198470 2233.1
1198480 2229.3
1198490 2229.3
1198500 2226.2
1198510 2220.7
1198520 2220.7
1198530 2215.7
1198540 2212.5
1198550 2212.5
1198560 2214.6
1198570 2216.5
1198580 2216.5
1198590 2212.5
1198600 2206.8
1198610 2206.8
1198620 2203.8
1198630 2198.1
1198640 2198.1
1198650 2192.1
1198660 2186.3
1198670 2186.3
1198680 2182.2
1198690 2192.4
1198700 2185.7
1198710 2185.7
1198720 2179.7
1198730 2176.6
1198740 2176.6
1198750 2173.0
1198760 2165.1
1198770 2165.1
1198780 2155.9
1198790 2147.2
1198800 2147.2
1198810 2143.8
1198820 2142.5
1198830 2142.5
1198840 2140.6
1198850 2138.5
1198860 2138.5
1198870 2139.3
1198880 2137.8
1198890 2137.8
1198900 2135.6
1198910 2132.8
1198920 2130.3
1198930 2130.3
1198940 2129.8
1198950 2129.9
1198960 2129.9
1198970 2129.8
1198980 2129.9
1198990 2129.9
1199000 2129.7
1199010 2129.3
1199020 2129.3
1199030 2129.1
1199040 2128.5
1199050 2128.5
1199060 2127.8
1199070 2127.2
1199080 2127.2
1199090 2126.2
1199100 2124.8
1199110 2124.8
1199120 2123.1
1199130 2121.1
1199140 2123.2
1199150 2123.2
1199160 2120.3
1199170 2117.4
1199180 2117.4
1199190 2114.7
1199200 2112.2
1199210 2112.2
1199220 2110.9
1199230 2110.8
1199240 2110.8
1199250 2111.1
1199260 2112.0
1199270 2112.0
1199280 2112.7
1199290 2113.8
1199300 2113.8
1199310 2115.4
1199320 2117.0
1199330 2118.6
1199340 2118.6
1199350 2120.2
1199360 2121.4
1199370 2121.4
1199380 2122.4
1199390 2124.7
1199400 2124.7
1199410 2127.7
1199420 2130.3
1199430 2130.3
1199440 2132.8
1199450 2135.1
1199460 2135.1
1199470 2137.1
1199480 2139.1
1199490 2139.1
1199500 2140.8
1199510 2142.0
1199520 2142.0
1199530 2143.3
1199540 2144.4
1199550 2146.3
1199560 2146.3
1199570 2149.2
1199580 2153.5
1199590 2153.5
1199600 2156.7
1199610 2160.6
1199620 2160.6
1199630 2164.5
1199640 2169.2
1199650 2169.2
1199660 2174.6
1199670 2180.5
1199680 2180.5
1199690 2186.5
1199700 2192.8
1199710 2192.8
1199720 2198.9
1199730 2205.3
1199740 2205.3
1199750 2210.9
1199760 2213.5
1199770 2215.4
1199780 2215.4
1199790 2218.0
1199800 2221.0
1199810 2221.0
1199820 2223.7
1199830 2225.6
1199840 2225.6
1199850 2226.4
1199860 2227.4
1199870 2227.4
1199880 2228.7
1199890 2229.8
1199900 2229.8
1199910 2230.4
1199920 2231.3
1199930 2231.3
1199940 2232.3
1199950 2232.5
1199960 2232.5
1199970 2232.9
1199980 2232.8
1199990 2231.6
