1180000 1726.7
1180010 1724.3
1180020 1723.3
1180030 1723.3
1180040 1722.2
1180050 1721.0
1180060 1719.7
1180070 1719.7
1180080 1717.6
1180090 1716.3
1180100 1716.3
1180110 1714.7
1180120 1712.8
1180130 1712.8
1180140 1710.5
1180150 1708.2
1180160 1708.2
1180170 1706.0
1180180 1703.6
1180190 1703.6
1180200 1702.1
1180210 1701.2
1180220 1701.2
1180230 1700.6
1180240 1698.4
1180250 1698.4
1180260 1694.4
1180270 1691.4
1180280 1689.0
1180290 1689.0
1180300 1687.2
1180310 1684.6
1180320 1684.6
1180330 1681.3
1180340 1679.2
1180350 1677.3
1180360 1676.0
1180370 1674.4
1180380 1674.4
1180390 1672.7
1180400 1671.9
1180410 1671.9
1180420 1671.6
1180430 1671.6
1180440 1671.6
1180450 1671.8
1180460 1672.3
1180470 1672.3
1180480 1671.8
1180490 1668.9
1180500 1666.2
1180510 1666.2
1180520 1666.0
1180530 1666.5
1180540 1666.5
1180550 1668.0
1180560 1670.6
1180570 1670.6
1180580 1672.7
1180590 1673.7
1180600 1673.7
1180610 1674.7
1180620 1675.6
1180630 1675.6
1180640 1675.9
1180650 1676.5
1180660 1676.5
1180670 1677.6
1180680 1679.2
1180690 1679.2
1180700 1681.0
1180710 1682.0
1180720 1681.8
1180730 1681.8
1180740 1680.8
1180750 1678.9
1180760 1676.2
1180770 1674.4
1180780 1674.1
1180790 1674.1
1180800 1673.5
1180810 1670.5
1180820 1670.5
1180830 1666.8
1180840 1664.7
1180850 1664.7
1180860 1661.7
1180870 1656.6
1180880 1656.6
1180890 1651.7
1180900 1646.3
1180910 1646.3
1180920 1642.2
1180930 1639.9
1180940 1638.5
1180950 1638.5
1180960 1638.1
1180970 1638.1
1180980 1638.1
1180990 1638.4
1181000 1638.1
1181010 1638.1
1181020 1637.7
1181030 1636.9
1181040 1636.9
1181050 1636.0
1181060 1634.8
1181070 1634.8
1181080 1633.3
1181090 1630.9
1181100 1630.9
1181110 1627.7
1181120 1624.8
1181130 1624.8
1181140 1623.6
1181150 1623.5
1181160 1623.7
1181170 1623.7
1181180 1623.7
1181190 1624.5
1181200 1624.5
1181210 1625.1
1181220 1625.3
1181230 1625.3
1181240 1625.5
1181250 1625.7
1181260 1625.7
1181270 1625.9
1181280 1626.1
1181290 1626.1
1181300 1626.1
1181310 1625.7
1181320 1625.7
1181330 1624.6
1181340 1623.0
1181350 1623.0
1181360 1621.4
1181370 1620.2
1181380 1617.6
1181390 1617.6
1181400 1614.0
1181410 1611.1
1181420 1611.1
1181430 1606.5
1181440 1602.8
1181450 1602.8
1181460 1600.2
1181470 1597.1
1181480 1597.1
1181490 1594.0
1181500 1591.3
1181510 1591.3
1181520 1590.1
1181530 1589.5
1181540 1589.5
1181550 1587.9
1181560 1585.7
1181570 1585.7
1181580 1583.3
1181590 1581.4
1181600 1577.6
1181610 1577.6
1181620 1576.6
1181630 1574.7
1181640 1574.7
1181650 1572.6
1181660 1570.8
1181670 1570.8
1181680 1568.3
1181690 1565.4
1181700 1565.4
1181710 1563.1
1181720 1559.8
1181730 1559.8
1181740 1555.5
1181750 1551.6
1181760 1551.6
1181770 1547.5
1181780 1546.6
1181790 1546.6
1181800 1550.7
1181810 1550.8
1181820 1549.8
1181830 1549.8
1181840 1548.5
1181850 1547.8
1181860 1547.8
1181870 1546.7
1181880 1546.1
1181890 1546.1
1181900 1545.9
1181910 1545.4
1181920 1545.4
1181930 1544.9
1181940 1544.5
1181950 1544.5
1181960 1544.5
1181970 1545.1
1181980 1545.1
1181990 1544.5
1182000 1542.9
1182010 1542.9
1182020 1541.0
1182030 1540.5
1182040 1540.2
1182050 1540.2
1182060 1539.8
1182070 1539.3
1182080 1539.3
1182090 1538.9
1182100 1538.4
1182110 1538.4
1182120 1537.2
1182130 1535.9
1182140 1535.9
1182150 1532.5
1182160 1531.1
1182170 1531.1
1182180 1531.4
1182190 1531.5
1182200 1531.5
1182210 1531.8
1182220 1532.0
1182230 1532.0
1182240 1531.3
1182250 1530.6
1182260 1530.0
1182270 1530.0
1182280 1529.6
1182290 1528.5
1182300 1528.5
1182310 1527.9
1182320 1527.9
1182330 1527.9
1182340 1528.2
1182350 1528.9
1182360 1528.9
1182370 1527.0
1182380 1524.4
1182390 1524.4
1182400 1523.0
1182410 1521.8
1182420 1521.8
1182430 1520.7
1182440 1518.6
1182450 1518.6
1182460 1517.6
1182470 1516.5
1182480 1515.4
1182490 1515.4
1182500 1514.6
1182510 1514.2
1182520 1514.2
1182530 1513.6
1182540 1513.5
1182550 1513.5
1182560 1513.3
1182570 1512.5
1182580 1512.5
1182590 1511.5
1182600 1510.5
1182610 1510.5
1182620 1509.4
1182630 1507.6
1182640 1507.6
1182650 1505.2
1182660 1502.1
1182670 1502.1
1182680 1499.5
1182690 1498.3
1182700 1497.5
1182710 1497.5
1182720 1497.0
1182730 1496.5
1182740 1496.5
1182750 1497.2
1182760 1498.4
1182770 1498.4
1182780 1498.9
1182790 1500.3
1182800 1500.3
1182810 1501.8
1182820 1502.5
1182830 1502.5
1182840 1503.0
1182850 1503.1
1182860 1502.7
1182870 1502.0
1182880 1500.7
1182890 1500.7
1182900 1498.4
1182910 1496.9
1182920 1495.3
1182930 1495.3
1182940 1493.3
1182950 1490.9
1182960 1490.9
1182970 1489.0
1182980 1486.0
1182990 1486.0
1183000 1481.3
1183010 1476.8
1183020 1476.8
1183030 1473.2
1183040 1470.5
1183050 1470.5
1183060 1467.6
1183070 1464.7
1183080 1464.7
1183090 1462.1
1183100 1458.9
1183110 1458.9
1183120 1455.5
1183130 1452.3
1183140 1449.3
1183150 1449.3
1183160 1446.3
1183170 1442.9
1183180 1442.9
1183190 1439.4
1183200 1436.0
1183210 1436.0
1183220 1433.2
1183230 1430.1
1183240 1430.1
1183250 1426.4
1183260 1423.3
1183270 1423.3
1183280 1420.8
1183290 1418.7
1183300 1418.7
1183310 1415.5
1183320 1412.1
1183330 1412.1
1183340 1408.6
1183350 1405.0
1183360 1403.1
1183370 1403.1
1183380 1401.5
1183390 1400.2
1183400 1400.2
1183410 1399.8
1183420 1399.1
1183430 1399.1
1183440 1397.8
1183450 1397.8
1183460 1397.8
1183470 1398.2
1183480 1397.8
1183490 1397.8
1183500 1397.6
1183510 1397.3
1183520 1397.3
1183530 1396.6
1183540 1395.7
1183550 1395.7
1183560 1394.3
1183570 1393.3
1183580 1391.9
1183590 1391.9
1183600 1390.7
1183610 1389.1
1183620 1389.1
1183630 1387.9
1183640 1385.2
1183650 1385.2
1183660 1382.5
1183670 1381.0
1183680 1381.0
1183690 1379.7
1183700 1376.4
1183710 1376.4
1183720 1374.8
1183730 1373.1
1183740 1373.1
1183750 1371.7
1183760 1370.7
1183770 1370.7
1183780 1368.2
1183790 1367.0
1183800 1365.7
1183810 1365.7
1183820 1364.2
1183830 1362.7
1183840 1362.7
1183850 1361.4
1183860 1360.0
1183870 1360.0
1183880 1358.8
1183890 1357.5
1183900 1357.5
1183910 1356.1
1183920 1354.3
1183930 1354.3
1183940 1352.6
1183950 1352.4
1183960 1352.4
1183970 1352.1
1183980 1351.1
1183990 1351.1
1184000 1350.0
1184010 1349.1
1184020 1347.3
1184030 1347.3
1184040 1346.6
1184050 1345.5
1184060 1345.5
1184070 1344.4
1184080 1340.8
1184090 1340.8
1184100 1336.8
1184110 1333.9
1184120 1334.7
1184130 1332.2
1184140 1330.8
1184150 1330.8
1184160 1330.1
1184170 1329.8
1184180 1329.8
1184190 1329.9
1184200 1330.6
1184210 1330.6
1184220 1331.6
1184230 1332.0
1184240 1331.1
1184250 1331.1
1184260 1330.1
1184270 1328.7
1184280 1328.7
1184290 1326.9
1184300 1325.4
1184310 1325.4
1184320 1323.6
1184330 1322.0
1184340 1322.0
1184350 1320.3
1184360 1318.0
1184370 1318.0
1184380 1315.8
1184390 1313.8
1184400 1313.8
1184410 1311.7
1184420 1309.9
1184430 1309.9
1184440 1308.6
1184450 1307.7
1184460 1307.1
1184470 1307.1
1184480 1307.0
1184490 1306.5
1184500 1306.5
1184510 1306.4
1184520 1306.1
1184530 1306.1
1184540 1305.6
1184550 1304.9
1184560 1304.9
1184570 1303.1
1184580 1300.5
1184590 1300.5
1184600 1297.7
1184610 1292.0
1184620 1292.0
1184630 1286.5
1184640 1281.5
1184650 1281.5
1184660 1276.8
1184670 1274.2
1184680 1272.8
1184690 1272.8
1184700 1271.5
1184710 1270.2
1184720 1270.2
1184730 1268.3
1184740 1265.7
1184750 1265.7
1184760 1263.0
1184770 1260.4
1184780 1260.4
1184790 1257.7
1184800 1253.8
1184810 1253.8
1184820 1250.4
1184830 1245.8
1184840 1245.8
1184850 1242.9
1184860 1241.1
1184870 1241.1
1184880 1239.2
1184890 1236.1
1184900 1234.0
1184910 1234.0
1184920 1232.8
1184930 1229.0
1184940 1229.0
1184950 1224.0
1184960 1220.3
1184970 1219.1
1184980 1215.7
1184990 1211.4
1185000 1211.4
1185010 1208.0
1185020 1205.7
1185030 1205.7
1185040 1204.3
1185050 1203.6
1185060 1203.6
1185070 1202.3
1185080 1199.1
1185090 1199.1
1185100 1195.2
1185110 1190.6
1185120 1185.8
1185130 1185.8
1185140 1181.3
1185150 1176.0
1185160 1176.0
1185170 1169.1
1185180 1161.8
1185190 1161.8
1185200 1155.0
1185210 1149.3
1185220 1149.3
1185230 1146.2
1185240 1144.1
1185250 1144.1
1185260 1143.2
1185270 1142.2
1185280 1142.2
1185290 1141.2
1185300 1139.2
1185310 1139.2
1185320 1135.1
1185330 1130.2
1185340 1126.3
1185350 1126.3
1185360 1119.9
1185370 1112.2
1185380 1112.2
1185390 1104.2
1185400 1099.1
1185410 1099.1
1185420 1096.7
1185430 1096.0
1185440 1096.0
1185450 1093.8
1185460 1088.8
1185470 1088.8
1185480 1083.1
1185490 1078.3
1185500 1078.3
1185510 1074.2
1185520 1069.4
1185530 1069.4
1185540 1064.2
1185550 1059.0
1185560 1053.3
1185570 1053.3
1185580 1046.2
1185590 1040.2
1185600 1040.2
1185610 1035.2
1185620 1031.5
1185630 1031.5
1185640 1028.3
1185650 1024.7
1185660 1024.7
1185670 1020.9
1185680 1016.9
1185690 1016.9
1185700 1010.5
1185710 1001.5
1185720 1001.5
1185730 992.7
1185740 984.6
1185750 984.6
1185760 976.5
1185770 968.7
1185780 960.3
1185790 960.3
1185800 952.3
1185810 945.4
1185820 942.4
1185830 935.0
1185840 927.2
1185850 927.2
1185860 923.8
1185870 915.9
1185880 915.9
1185890 912.3
1185900 907.3
1185910 907.3
1185920 903.6
1185930 901.1
1185940 901.1
1185950 898.9
1185960 897.8
1185970 897.8
1185980 896.8
1185990 895.4
1186000 893.7
1186010 893.7
1186020 892.2
1186030 890.6
1186040 890.6
1186050 889.3
1186060 888.6
1186070 888.6
1186080 887.9
1186090 887.1
1186100 887.1
1186110 886.4
1186120 885.8
1186130 885.8
1186140 884.8
1186150 883.0
1186160 883.0
1186170 882.0
1186180 881.2
1186190 881.2
1186200 880.2
1186210 879.5
1186220 878.4
1186230 878.4
1186240 876.5
1186250 875.8
1186260 875.8
1186270 875.2
1186280 874.7
1186290 874.7
1186300 874.1
1186310 873.4
1186320 873.4
1186330 871.6
1186340 869.1
1186350 869.1
1186360 869.0
1186370 869.0
1186380 869.0
1186390 869.0
1186400 870.3
1186410 870.3
1186420 872.1
1186430 871.7
1186440 870.9
1186450 870.9
1186460 872.0
1186470 873.9
1186480 873.9
1186490 875.7
1186500 874.1
1186510 874.1
1186520 872.7
1186530 872.7
1186540 872.7
1186550 872.8
1186560 872.8
1186570 872.8
1186580 872.8
1186590 872.7
1186600 872.7
1186610 872.7
1186620 873.4
1186630 873.4
1186640 873.8
1186650 873.7
1186660 873.7
1186670 873.4
1186680 873.4
1186690 873.4
1186700 873.4
1186710 873.6
1186720 873.7
1186730 873.7
1186740 873.7
1186750 873.9
1186760 873.9
1186770 874.1
1186780 874.3
1186790 874.3
1186800 874.7
1186810 875.8
1186820 875.8
1186830 877.6
1186840 878.6
1186850 878.6
1186860 877.8
1186870 876.1
1186880 878.7
1186890 878.7
1186900 881.6
1186910 884.7
1186920 884.7
1186930 887.3
1186940 888.8
1186950 888.8
1186960 893.3
1186970 899.4
1186980 899.4
1186990 906.1
1187000 914.0
1187010 914.0
1187020 921.5
1187030 928.4
1187040 928.4
1187050 934.8
1187060 941.2
1187070 941.2
1187080 946.0
1187090 956.4
1187100 961.2
1187110 961.2
1187120 966.0
1187130 971.0
1187140 971.0
1187150 977.1
1187160 983.6
1187170 983.6
1187180 989.5
1187190 996.7
1187200 996.7
1187210 1004.3
1187220 1012.1
1187230 1012.1
1187240 1019.9
1187250 1027.3
1187260 1027.3
1187270 1033.4
1187280 1036.9
1187290 1036.9
1187300 1039.0
1187310 1042.4
1187320 1047.1
1187330 1047.1
1187340 1053.0
1187350 1061.3
1187360 1061.3
1187370 1069.3
1187380 1075.7
1187390 1075.7
1187400 1081.5
1187410 1089.2
1187420 1089.2
1187430 1097.4
1187440 1106.5
1187450 1106.5
1187460 1114.4
1187470 1122.1
1187480 1122.1
1187490 1132.9
1187500 1149.7
1187510 1149.7
1187520 1159.1
1187530 1175.0
1187540 1186.8
1187550 1186.8
1187560 1195.7
1187570 1203.8
1187580 1203.8
1187590 1211.2
1187600 1214.1
1187610 1214.1
1187620 1221.5
1187630 1231.4
1187640 1231.4
1187650 1239.7
1187660 1246.2
1187670 1246.2
1187680 1249.7
1187690 1253.9
1187700 1253.9
1187710 1258.7
1187720 1262.8
1187730 1262.8
1187740 1271.2
1187750 1283.4
1187760 1293.3
1187770 1293.3
1187780 1298.8
1187790 1302.0
1187800 1302.0
1187810 1301.6
1187820 1302.8
1187830 1302.8
1187840 1309.2
1187850 1319.3
1187860 1319.3
1187870 1328.3
1187880 1335.3
1187890 1335.3
1187900 1341.5
1187910 1348.1
1187920 1348.1
1187930 1352.6
1187940 1358.0
1187950 1359.2
1187960 1363.9
1187970 1370.1
1187980 1376.6
1187990 1376.6
1188000 1385.0
1188010 1392.6
1188020 1392.6
1188030 1398.9
1188040 1405.6
1188050 1405.6
1188060 1411.0
1188070 1414.2
1188080 1414.2
1188090 1420.1
1188100 1427.8
1188110 1427.8
1188120 1435.0
1188130 1441.6
1188140 1441.6
1188150 1448.4
1188160 1456.0
1188170 1456.0
1188180 1464.1
1188190 1472.8
1188200 1481.4
1188210 1481.4
1188220 1486.2
1188230 1490.5
1188240 1490.5
1188250 1493.7
1188260 1496.0
1188270 1496.0
1188280 1498.4
1188290 1499.7
1188300 1499.7
1188310 1501.2
1188320 1502.9
1188330 1502.9
1188340 1504.1
1188350 1503.1
1188360 1503.1
1188370 1507.8
1188380 1506.0
1188390 1506.0
1188400 1505.5
1188410 1506.0
1188420 1506.7
1188430 1506.7
1188440 1509.8
1188450 1514.4
1188460 1514.4
1188470 1519.2
1188480 1524.0
1188490 1524.0
1188500 1527.1
1188510 1529.8
1188520 1529.8
1188530 1539.6
1188540 1546.2
1188550 1546.2
1188560 1553.0
1188570 1561.0
1188580 1561.0
1188590 1564.1
1188600 1561.3
1188610 1561.3
1188620 1560.6
1188630 1561.4
1188640 1563.9
1188650 1563.9
1188660 1564.6
1188670 1563.3
1188680 1563.3
1188690 1563.2
1188700 1564.4
1188710 1564.4
1188720 1565.1
1188730 1568.6
1188740 1568.6
1188750 1571.3
1188760 1574.7
1188770 1574.7
1188780 1577.8
1188790 1579.9
1188800 1583.8
1188810 1586.1
1188820 1589.6
1188830 1589.6
1188840 1592.9
1188850 1595.7
1188860 1598.4
1188870 1598.4
1188880 1600.8
1188890 1602.2
1188900 1602.2
1188910 1602.9
1188920 1604.2
1188930 1604.2
1188940 1607.2
1188950 1609.3
1188960 1609.3
1188970 1611.7
1188980 1616.2
1188990 1616.2
1189000 1620.5
1189010 1624.9
1189020 1624.9
1189030 1630.0
1189040 1631.8
1189050 1631.8
1189060 1632.7
1189070 1631.7
1189080 1628.2
1189090 1628.2
1189100 1625.8
1189110 1625.1
1189120 1625.1
1189130 1623.2
1189140 1620.0
1189150 1620.0
1189160 1615.8
1189170 1611.3
1189180 1611.3
1189190 1607.9
1189200 1605.8
1189210 1605.8
1189220 1605.9
1189230 1616.2
1189240 1616.2
1189250 1617.5
1189260 1617.3
1189270 1617.3
1189280 1617.3
1189290 1617.6
1189300 1617.6
1189310 1617.6
1189320 1617.6
1189330 1618.6
1189340 1618.6
1189350 1622.6
1189360 1625.5
1189370 1625.5
1189380 1628.4
1189390 1628.2
1189400 1628.2
1189410 1627.2
1189420 1629.2
1189430 1629.2
1189440 1631.8
1189450 1630.5
1189460 1630.5
1189470 1628.4
1189480 1627.8
1189490 1627.8
1189500 1629.7
1189510 1632.2
1189520 1634.8
1189530 1634.8
1189540 1636.5
1189550 1639.9
1189560 1639.9
1189570 1646.9
1189580 1652.5
1189590 1652.5
1189600 1658.3
1189610 1659.9
1189620 1659.9
1189630 1659.6
1189640 1662.5
1189650 1662.5
1189660 1666.8
1189670 1668.8
1189680 1668.8
1189690 1667.8
1189700 1665.6
1189710 1665.6
1189720 1663.6
1189730 1662.9
1189740 1663.0
1189750 1663.0
1189760 1663.4
1189770 1665.4
1189780 1665.4
1189790 1668.0
1189800 1671.4
1189810 1671.4
1189820 1676.0
1189830 1680.0
1189840 1680.0
1189850 1682.9
1189860 1684.6
1189870 1684.6
1189880 1684.8
1189890 1684.3
1189900 1684.3
1189910 1686.9
1189920 1692.7
1189930 1692.7
1189940 1700.3
1189950 1713.3
1189960 1731.7
1189970 1731.7
1189980 1739.7
1189990 1739.2
1190000 1739.2
1190010 1736.7
1190020 1734.6
1190030 1734.6
1190040 1733.1
1190050 1730.5
1190060 1730.5
1190070 1728.0
1190080 1726.2
1190090 1727.7
1190100 1726.6
1190110 1725.2
1190120 1725.2
1190130 1723.4
1190140 1721.6
1190150 1721.6
1190160 1719.6
1190170 1718.2
1190180 1716.6
1190190 1716.6
1190200 1715.3
1190210 1714.5
1190220 1714.5
1190230 1713.2
1190240 1712.6
1190250 1712.6
1190260 1712.2
1190270 1711.6
1190280 1711.6
1190290 1711.7
1190300 1711.8
1190310 1711.8
1190320 1712.0
1190330 1712.0
1190340 1712.0
1190350 1710.8
1190360 1711.2
1190370 1711.2
1190380 1711.9
1190390 1711.2
1190400 1710.7
1190410 1710.7
1190420 1708.9
1190430 1707.8
1190440 1707.8
1190450 1708.5
1190460 1709.6
1190470 1709.6
1190480 1709.6
1190490 1709.2
1190500 1709.2
1190510 1710.3
1190520 1714.2
1190530 1714.2
1190540 1714.1
1190550 1713.8
1190560 1713.8
1190570 1713.2
1190580 1712.5
1190590 1712.5
1190600 1712.3
1190610 1712.9
1190620 1712.9
1190630 1712.9
1190640 1711.5
1190650 1710.2
1190660 1710.2
1190670 1709.9
1190680 1709.5
1190690 1709.5
1190700 1708.9
1190710 1708.8
1190720 1708.8
1190730 1709.1
1190740 1708.5
1190750 1708.5
1190760 1706.4
1190770 1702.7
1190780 1702.7
1190790 1698.0
1190800 1694.2
1190810 1694.2
1190820 1691.0
1190830 1690.2
1190840 1689.4
1190850 1689.4
1190860 1688.2
1190870 1688.8
1190880 1688.8
1190890 1692.3
1190900 1694.3
1190910 1694.3
1190920 1693.8
1190930 1693.7
1190940 1693.7
1190950 1695.8
1190960 1694.7
1190970 1694.7
1190980 1694.9
1190990 1697.2
1191000 1697.2
1191010 1702.5
1191020 1708.4
1191030 1708.4
1191040 1715.2
1191050 1721.4
1191060 1724.7
1191070 1724.7
1191080 1726.7
1191090 1727.7
1191100 1727.7
1191110 1729.1
1191120 1731.5
1191130 1731.5
1191140 1734.7
1191150 1739.1
1191160 1739.1
1191170 1743.8
1191180 1746.7
1191190 1746.7
1191200 1749.3
1191210 1752.8
1191220 1752.8
1191230 1756.2
1191240 1759.3
1191250 1759.3
1191260 1762.0
1191270 1766.5
1191280 1773.7
1191290 1773.7
1191300 1780.8
1191310 1787.9
1191320 1787.9
1191330 1794.0
1191340 1799.2
1191350 1799.2
1191360 1805.1
1191370 1811.0
1191380 1812.2
1191390 1817.5
1191400 1822.8
1191410 1822.8
1191420 1828.5
1191430 1834.4
1191440 1834.4
1191450 1840.3
1191460 1846.0
1191470 1846.0
1191480 1851.6
1191490 1856.8
1191500 1860.0
1191510 1860.0
1191520 1863.3
1191530 1863.8
1191540 1863.8
1191550 1859.4
1191560 1856.1
1191570 1856.1
1191580 1854.1
1191590 1850.7
1191600 1850.7
1191610 1846.6
1191620 1842.6
1191630 1842.6
1191640 1839.4
1191650 1835.1
1191660 1835.1
1191670 1831.3
1191680 1828.1
1191690 1828.1
1191700 1824.9
1191710 1821.8
1191720 1818.2
1191730 1818.2
1191740 1813.6
1191750 1808.8
1191760 1808.8
1191770 1804.9
1191780 1801.0
1191790 1801.0
1191800 1799.3
1191810 1799.5
1191820 1805.6
1191830 1807.0
1191840 1808.3
1191850 1808.3
1191860 1808.3
1191870 1809.7
1191880 1809.7
1191890 1808.9
1191900 1806.6
1191910 1806.6
1191920 1803.5
1191930 1797.6
1191940 1791.8
1191950 1791.8
1191960 1789.6
1191970 1787.7
1191980 1787.7
1191990 1786.7
1192000 1785.9
1192010 1785.9
1192020 1785.0
1192030 1783.9
1192040 1783.9
1192050 1781.6
1192060 1777.4
1192070 1777.4
1192080 1774.5
1192090 1773.7
1192100 1773.7
1192110 1774.2
1192120 1773.4
1192130 1773.4
1192140 1773.9
1192150 1776.6
1192160 1779.9
1192170 1779.9
1192180 1782.3
1192190 1785.2
1192200 1785.2
1192210 1789.4
1192220 1792.3
1192230 1792.3
1192240 1795.3
1192250 1803.5
1192260 1803.5
1192270 1803.9
1192280 1804.2
1192290 1804.2
1192300 1804.1
1192310 1804.8
1192320 1804.8
1192330 1804.7
1192340 1804.3
1192350 1804.3
1192360 1805.4
1192370 1805.1
1192380 1803.5
1192390 1803.5
1192400 1801.0
1192410 1798.1
1192420 1798.1
1192430 1794.9
1192440 1792.1
1192450 1792.1
1192460 1788.6
1192470 1783.6
1192480 1783.6
1192490 1778.5
1192500 1774.7
1192510 1774.7
1192520 1773.2
1192530 1775.3
1192540 1775.3
1192550 1779.8
1192560 1785.6
1192570 1785.6
1192580 1786.0
1192590 1779.8
1192600 1773.1
1192610 1773.1
1192620 1766.1
1192630 1760.7
1192640 1760.7
1192650 1753.8
1192660 1747.5
1192670 1747.5
1192680 1745.3
1192690 1738.0
1192700 1738.0
1192710 1730.8
1192720 1723.5
1192730 1723.5
1192740 1716.4
1192750 1709.0
1192760 1709.0
1192770 1701.9
1192780 1695.3
1192790 1695.3
1192800 1688.1
1192810 1681.2
1192820 1674.9
1192830 1674.9
1192840 1668.7
1192850 1662.8
1192860 1662.8
1192870 1657.9
1192880 1653.1
1192890 1653.1
1192900 1650.5
1192910 1648.4
1192920 1648.4
1192930 1647.1
1192940 1646.7
1192950 1646.7
1192960 1644.8
1192970 1642.5
1192980 1642.5
1192990 1641.1
1193000 1639.5
1193010 1639.5
1193020 1637.0
1193030 1634.1
1193040 1631.4
1193050 1631.4
1193060 1633.7
1193070 1637.6
1193080 1637.6
1193090 1638.9
1193100 1638.9
1193110 1638.9
1193120 1643.8
1193130 1642.6
1193140 1642.6
1193150 1638.6
1193160 1637.8
1193170 1637.8
1193180 1639.5
1193190 1641.8
1193200 1641.8
1193210 1645.0
1193220 1648.9
1193230 1648.9
1193240 1651.3
1193250 1653.3
1193260 1655.2
1193270 1655.2
1193280 1657.4
1193290 1658.9
1193300 1658.9
1193310 1660.6
1193320 1660.9
1193330 1660.9
1193340 1660.5
1193350 1660.7
1193360 1660.7
1193370 1661.9
1193380 1662.8
1193390 1662.8
1193400 1664.0
1193410 1664.4
1193420 1664.4
1193430 1664.1
1193440 1662.8
1193450 1662.8
1193460 1661.1
1193470 1658.2
1193480 1655.0
1193490 1655.0
1193500 1653.2
1193510 1651.2
1193520 1651.2
1193530 1649.0
1193540 1647.0
1193550 1648.7
1193560 1648.0
1193570 1647.9
1193580 1647.9
1193590 1646.4
1193600 1644.8
1193610 1644.8
1193620 1642.3
1193630 1639.9
1193640 1639.9
1193650 1638.4
1193660 1637.4
1193670 1637.4
1193680 1637.0
1193690 1640.0
1193700 1641.5
1193710 1641.5
1193720 1641.5
1193730 1641.9
1193740 1641.9
1193750 1642.9
1193760 1643.6
1193770 1643.6
1193780 1644.6
1193790 1645.1
1193800 1645.1
1193810 1645.0
1193820 1644.4
1193830 1644.4
1193840 1644.9
1193850 1645.6
1193860 1645.6
1193870 1645.9
1193880 1647.1
1193890 1647.1
1193900 1648.5
1193910 1649.8
1193920 1650.8
1193930 1650.8
1193940 1650.9
1193950 1650.7
1193960 1650.7
1193970 1650.7
1193980 1649.9
1193990 1654.8
1194000 1653.1
1194010 1651.4
1194020 1651.4
1194030 1649.9
1194040 1650.5
1194050 1650.5
1194060 1651.8
1194070 1654.5
1194080 1654.5
1194090 1657.7
1194100 1659.5
1194110 1659.5
1194120 1661.9
1194130 1664.0
1194140 1664.9
1194150 1664.9
1194160 1665.0
1194170 1664.5
1194180 1664.5
1194190 1664.3
1194200 1666.9
1194210 1666.9
1194220 1668.5
1194230 1669.1
1194240 1669.1
1194250 1671.8
1194260 1675.1
1194270 1675.1
1194280 1678.9
1194290 1683.5
1194300 1683.5
1194310 1686.9
1194320 1689.0
1194330 1689.0
1194340 1689.5
1194350 1690.0
1194360 1690.6
1194370 1690.6
1194380 1690.1
1194390 1688.2
1194400 1688.2
1194410 1688.4
1194420 1690.3
1194430 1698.9
1194440 1700.4
1194450 1708.0
1194460 1708.0
1194470 1716.5
1194480 1718.3
1194490 1718.3
1194500 1718.6
1194510 1718.3
1194520 1718.3
1194530 1716.2
1194540 1713.1
1194550 1713.1
1194560 1709.7
1194570 1705.9
1194580 1702.7
1194590 1702.7
1194600 1701.6
1194610 1699.3
1194620 1699.3
1194630 1698.3
1194640 1698.8
1194650 1698.8
1194660 1697.3
1194670 1694.8
1194680 1694.8
1194690 1692.2
1194700 1689.8
1194710 1689.8
1194720 1687.6
1194730 1686.1
1194740 1686.1
1194750 1684.9
1194760 1682.8
1194770 1682.8
1194780 1679.9
1194790 1676.2
1194800 1673.7
1194810 1673.7
1194820 1671.0
1194830 1668.7
1194840 1668.7
1194850 1665.5
1194860 1666.5
1194870 1666.5
1194880 1663.9
1194890 1660.9
1194900 1660.9
1194910 1657.8
1194920 1655.1
1194930 1655.1
1194940 1653.2
1194950 1650.5
1194960 1650.5
1194970 1648.6
1194980 1644.6
1194990 1644.6
1195000 1642.4
1195010 1641.0
1195020 1637.4
1195030 1637.4
1195040 1632.4
1195050 1626.4
1195060 1626.4
1195070 1615.8
1195080 1606.6
1195090 1606.6
1195100 1600.4
1195110 1594.3
1195120 1594.3
1195130 1587.6
1195140 1579.0
1195150 1579.0
1195160 1571.2
1195170 1565.3
1195180 1565.3
1195190 1560.1
1195200 1554.5
1195210 1554.5
1195220 1548.0
1195230 1542.2
1195240 1537.5
1195250 1537.5
1195260 1532.3
1195270 1526.4
1195280 1526.4
1195290 1521.1
1195300 1521.6
1195310 1521.6
1195320 1518.5
1195330 1515.1
1195340 1515.1
1195350 1511.2
1195360 1507.2
1195370 1507.2
1195380 1502.8
1195390 1497.7
1195400 1497.7
1195410 1492.5
1195420 1486.9
1195430 1486.9
1195440 1480.9
1195450 1474.5
1195460 1467.9
1195470 1467.9
1195480 1460.8
1195490 1453.8
1195500 1453.8
1195510 1447.2
1195520 1438.0
1195530 1438.0
1195540 1429.7
1195550 1424.8
1195560 1424.8
1195570 1420.5
1195580 1417.2
1195590 1417.2
1195600 1415.7
1195610 1414.7
1195620 1414.7
1195630 1413.2
1195640 1411.4
1195650 1411.4
1195660 1409.8
1195670 1407.7
1195680 1407.1
1195690 1407.1
1195700 1405.4
1195710 1400.0
1195720 1400.0
1195730 1380.0
1195740 1366.9
1195750 1366.9
1195760 1358.4
1195770 1349.7
1195780 1349.7
1195790 1341.8
1195800 1335.8
1195810 1335.8
1195820 1331.4
1195830 1326.4
1195840 1326.4
1195850 1319.4
1195860 1311.0
1195870 1311.0
1195880 1303.0
1195890 1295.1
1195900 1287.1
1195910 1287.1
1195920 1281.7
1195930 1276.4
1195940 1276.4
1195950 1271.8
1195960 1267.7
1195970 1267.7
1195980 1263.1
1195990 1261.0
1196000 1261.0
1196010 1260.9
1196020 1262.3
1196030 1262.3
1196040 1264.6
1196050 1266.2
1196060 1266.2
1196070 1266.0
1196080 1265.4
1196090 1265.4
1196100 1264.9
1196110 1264.1
1196120 1263.0
1196130 1263.0
1196140 1262.0
1196150 1261.7
1196160 1261.7
1196170 1261.2
1196180 1263.2
1196190 1263.2
1196200 1261.7
1196210 1259.8
1196220 1259.8
1196230 1256.4
1196240 1249.0
1196250 1249.0
1196260 1239.9
1196270 1230.0
1196280 1230.0
1196290 1221.8
1196300 1214.5
1196310 1214.5
1196320 1207.5
1196330 1201.5
1196340 1199.2
1196350 1199.2
1196360 1199.5
1196370 1201.1
1196380 1201.1
1196390 1201.7
1196400 1202.6
1196410 1202.6
1196420 1205.0
1196430 1210.2
1196440 1210.2
1196450 1216.7
1196460 1221.5
1196470 1221.5
1196480 1225.4
1196490 1228.7
1196500 1228.7
1196510 1230.9
1196520 1232.0
1196530 1232.0
1196540 1232.6
1196550 1233.7
1196560 1234.2
1196570 1234.2
1196580 1235.9
1196590 1238.5
1196600 1238.5
1196610 1240.4
1196620 1242.5
1196630 1242.5
1196640 1244.4
1196650 1246.0
1196660 1246.0
1196670 1247.5
1196680 1249.3
1196690 1249.3
1196700 1250.8
1196710 1252.2
1196720 1252.2
1196730 1253.5
1196740 1255.1
1196750 1255.1
1196760 1256.8
1196770 1258.7
1196780 1260.6
1196790 1260.6
1196800 1262.6
1196810 1264.8
1196820 1264.8
1196830 1267.4
1196840 1270.3
1196850 1270.3
1196860 1271.9
1196870 1274.6
1196880 1274.6
1196890 1278.1
1196900 1281.2
1196910 1281.2
1196920 1284.4
1196930 1287.6
1196940 1287.6
1196950 1290.3
1196960 1292.8
1196970 1292.8
1196980 1295.3
1196990 1297.7
1197000 1299.9
1197010 1299.9
1197020 1301.9
1197030 1304.0
1197040 1304.0
1197050 1305.7
1197060 1303.4
1197070 1303.4
1197080 1305.6
1197090 1307.9
1197100 1307.9
1197110 1310.6
1197120 1313.1
1197130 1313.1
1197140 1315.6
1197150 1317.7
1197160 1317.7
1197170 1320.0
1197180 1322.7
1197190 1322.7
1197200 1325.5
1197210 1328.0
1197220 1329.6
1197230 1329.6
1197240 1329.8
1197250 1330.6
1197260 1330.6
1197270 1331.4
1197280 1331.9
1197290 1331.9
1197300 1335.7
1197310 1342.5
1197320 1342.5
1197330 1353.1
1197340 1373.6
1197350 1373.6
1197360 1388.7
1197370 1399.0
1197380 1399.0
1197390 1406.1
1197400 1414.0
1197410 1414.0
1197420 1424.9
1197430 1438.9
1197440 1446.8
1197450 1446.8
1197460 1457.1
1197470 1468.5
1197480 1468.5
1197490 1477.6
1197500 1486.5
1197510 1486.5
1197520 1494.9
1197530 1501.8
1197540 1501.8
1197550 1508.4
1197560 1514.7
1197570 1514.7
1197580 1520.7
1197590 1526.4
1197600 1526.4
1197610 1531.9
1197620 1537.5
1197630 1537.5
1197640 1543.0
1197650 1549.1
1197660 1556.8
1197670 1556.8
1197680 1564.2
1197690 1570.4
1197700 1570.4
1197710 1577.0
1197720 1582.3
1197730 1582.3
1197740 1588.3
1197750 1594.7
1197760 1594.7
1197770 1601.7
1197780 1615.7
1197790 1615.7
1197800 1619.3
1197810 1622.6
1197820 1622.6
1197830 1627.6
1197840 1635.1
1197850 1635.1
1197860 1643.2
1197870 1650.3
1197880 1656.8
1197890 1656.8
1197900 1659.2
1197910 1660.4
1197920 1660.4
1197930 1665.9
1197940 1680.5
1197950 1680.5
1197960 1683.6
1197970 1686.5
1197980 1686.5
1197990 1690.4
1198000 1695.0
1198010 1695.0
1198020 1697.1
1198030 1700.8
1198040 1700.8
1198050 1703.7
1198060 1705.3
1198070 1705.3
1198080 1709.6
1198090 1712.3
1198100 1714.7
1198110 1714.7
1198120 1716.4
1198130 1717.6
1198140 1717.6
1198150 1717.4
1198160 1719.4
1198170 1719.4
1198180 1723.7
1198190 1727.4
1198200 1727.4
1198210 1731.0
1198220 1734.8
1198230 1734.8
1198240 1739.5
1198250 1743.9
1198260 1743.9
1198270 1748.0
1198280 1752.8
1198290 1752.8
1198300 1754.8
1198310 1755.2
1198320 1758.6
1198330 1758.6
1198340 1760.1
1198350 1761.9
1198360 1761.9
1198370 1764.2
1198380 1766.3
1198390 1774.6
1198400 1776.0
1198410 1777.1
1198420 1777.1
1198430 1781.3
1198440 1783.1
1198450 1783.1
1198460 1783.8
1198470 1784.4
1198480 1784.4
1198490 1784.7
1198500 1786.8
1198510 1786.8
1198520 1789.2
1198530 1793.5
1198540 1797.4
1198550 1797.4
1198560 1803.3
1198570 1806.5
1198580 1806.5
1198590 1809.0
1198600 1810.9
1198610 1810.9
1198620 1813.5
1198630 1814.9
1198640 1814.9
1198650 1817.2
1198660 1820.4
1198670 1820.4
1198680 1823.8
1198690 1826.9
1198700 1826.9
1198710 1829.9
1198720 1832.3
1198730 1832.3
1198740 1834.4
1198750 1835.7
1198760 1836.9
1198770 1836.9
1198780 1837.9
1198790 1838.1
1198800 1838.1
1198810 1838.2
1198820 1839.1
1198830 1844.0
1198840 1844.4
1198850 1845.7
1198860 1845.7
1198870 1846.7
1198880 1847.5
1198890 1847.5
1198900 1848.9
1198910 1851.7
1198920 1851.7
1198930 1855.5
1198940 1859.6
1198950 1859.6
1198960 1863.9
1198970 1867.2
1198980 1871.1
1198990 1871.1
1199000 1874.7
1199010 1877.5
1199020 1877.5
1199030 1880.5
1199040 1883.4
1199050 1883.4
1199060 1885.4
1199070 1886.9
1199080 1886.9
1199090 1889.2
1199100 1892.2
1199110 1892.2
1199120 1895.1
1199130 1898.4
1199140 1898.4
1199150 1901.9
1199160 1903.2
1199170 1903.2
1199180 1903.8
1199190 1903.6
1199200 1901.9
1199210 1901.9
1199220 1900.4
1199230 1897.4
1199240 1897.4
1199250 1895.8
1199260 1898.1
1199270 1899.7
1199280 1901.1
1199290 1904.1
1199300 1904.1
1199310 1906.0
1199320 1907.2
1199330 1907.2
1199340 1908.1
1199350 1909.7
1199360 1909.7
1199370 1910.8
1199380 1912.8
1199390 1912.8
1199400 1915.0
1199410 1918.2
1199420 1922.8
1199430 1922.8
1199440 1928.9
1199450 1935.6
1199460 1935.6
1199470 1942.0
1199480 1947.7
1199490 1947.7
1199500 1953.1
1199510 1958.7
1199520 1958.7
1199530 1964.5
1199540 1970.0
1199550 1970.0
1199560 1975.9
1199570 1979.9
1199580 1979.9
1199590 1983.9
1199600 1989.3
1199610 1989.3
1199620 1994.8
1199630 1999.9
1199640 2004.0
1199650 2004.0
1199660 2007.8
1199670 2012.0
1199680 2012.0
1199690 2015.4
1199700 2017.6
1199710 2017.6
1199720 2026.4
1199730 2030.1
1199740 2030.1
1199750 2035.4
1199760 2040.4
1199770 2040.4
1199780 2043.8
1199790 2047.1
1199800 2047.1
1199810 2049.7
1199820 2053.5
1199830 2053.5
1199840 2059.9
1199850 2064.1
1199860 2067.8
1199870 2067.8
1199880 2070.5
1199890 2071.9
1199900 2071.9
1199910 2071.5
1199920 2072.4
1199930 2072.4
1199940 2077.8
1199950 2084.1
1199960 2084.1
1199970 2087.5
1199980 2090.2
1199990 2090.2
