1180000 1863.3
1180010 1863.0
1180020 1863.0
1180030 1863.6
1180040 1864.3
1180050 1864.3
1180060 1864.9
1180070 1865.3
1180080 1865.3
1180090 1865.6
1180100 1865.6
1180110 1865.6
1180120 1865.8
1180130 1865.3
1180140 1865.3
1180150 1865.1
1180160 1865.8
1180170 1867.6
1180180 1867.6
1180190 1869.2
1180200 1871.5
1180210 1871.5
1180220 1874.2
1180230 1876.1
1180240 1876.1
1180250 1877.3
1180260 1877.0
1180270 1877.0
1180280 1875.6
1180290 1874.3
1180300 1874.3
1180310 1874.3
1180320 1874.8
1180330 1874.8
1180340 1873.9
1180350 1872.8
1180360 1872.8
1180370 1870.8
1180380 1868.4
1180390 1866.4
1180400 1866.4
1180410 1858.3
1180420 1854.8
1180430 1854.8
1180440 1850.3
1180450 1848.4
1180460 1848.4
1180470 1848.4
1180480 1847.5
1180490 1847.5
1180500 1846.9
1180510 1846.9
1180520 1846.9
1180530 1846.7
1180540 1846.7
1180550 1846.7
1180560 1845.0
1180570 1841.5
1180580 1841.5
1180590 1837.9
1180600 1834.1
1180610 1830.3
1180620 1830.3
1180630 1826.6
1180640 1821.5
1180650 1821.5
1180660 1814.1
1180670 1806.1
1180680 1806.1
1180690 1798.9
1180700 1792.2
1180710 1792.2
1180720 1788.2
1180730 1786.8
1180740 1786.8
1180750 1784.6
1180760 1782.5
1180770 1782.5
1180780 1781.5
1180790 1780.5
1180800 1780.5
1180810 1779.8
1180820 1776.8
1180830 1775.6
1180840 1775.6
1180850 1774.6
1180860 1773.1
1180870 1773.1
1180880 1771.6
1180890 1770.5
1180900 1770.5
1180910 1768.8
1180920 1769.0
1180930 1769.0
1180940 1769.7
1180950 1770.6
1180960 1770.6
1180970 1771.4
1180980 1771.8
1180990 1771.8
1181000 1771.5
1181010 1771.0
1181020 1771.0
1181030 1770.7
1181040 1770.7
1181050 1770.7
1181060 1771.2
1181070 1771.4
1181080 1770.9
1181090 1770.9
1181100 1770.4
1181110 1770.2
1181120 1770.2
1181130 1770.2
1181140 1770.3
1181150 1770.3
1181160 1770.5
1181170 1770.0
1181180 1770.0
1181190 1768.9
1181200 1767.9
1181210 1767.9
1181220 1765.7
1181230 1764.0
1181240 1761.9
1181250 1762.0
1181260 1761.9
1181270 1761.9
1181280 1761.6
1181290 1761.4
1181300 1761.4
1181310 1761.4
1181320 1760.6
1181330 1759.1
1181340 1759.1
1181350 1756.2
1181360 1752.3
1181370 1752.3
1181380 1749.4
1181390 1748.8
1181400 1748.8
1181410 1747.6
1181420 1745.3
1181430 1745.3
1181440 1743.6
1181450 1743.1
1181460 1743.1
1181470 1741.8
1181480 1739.6
1181490 1739.6
1181500 1735.7
1181510 1732.2
1181520 1731.9
1181530 1731.9
1181540 1732.6
1181550 1733.2
1181560 1733.2
1181570 1733.5
1181580 1733.7
1181590 1733.7
1181600 1734.0
1181610 1734.0
1181620 1734.0
1181630 1734.1
1181640 1734.7
1181650 1734.7
1181660 1730.6
1181670 1728.2
1181680 1728.2
1181690 1720.7
1181700 1714.9
1181710 1714.9
1181720 1709.7
1181730 1705.7
1181740 1702.8
1181750 1702.8
1181760 1701.8
1181770 1700.2
1181780 1700.2
1181790 1698.2
1181800 1696.2
1181810 1696.2
1181820 1692.9
1181830 1688.6
1181840 1688.6
1181850 1684.7
1181860 1680.9
1181870 1680.9
1181880 1677.9
1181890 1675.8
1181900 1675.8
1181910 1676.0
1181920 1676.0
1181930 1676.0
1181940 1676.1
1181950 1677.0
1181960 1677.8
1181970 1677.8
1181980 1677.8
1181990 1677.1
1182000 1677.1
1182010 1675.9
1182020 1673.8
1182030 1673.8
1182040 1672.1
1182050 1670.7
1182060 1670.7
1182070 1668.7
1182080 1662.5
1182090 1662.5
1182100 1660.1
1182110 1658.5
1182120 1658.5
1182130 1657.5
1182140 1654.3
1182150 1654.3
1182160 1650.4
1182170 1647.0
1182180 1643.9
1182190 1643.9
1182200 1640.8
1182210 1637.1
1182220 1637.1
1182230 1634.8
1182240 1633.6
1182250 1633.6
1182260 1632.6
1182270 1631.1
1182280 1631.1
1182290 1630.6
1182300 1630.6
1182310 1630.6
1182320 1630.2
1182330 1632.2
1182340 1632.2
1182350 1634.5
1182360 1631.7
1182370 1631.7
1182380 1626.7
1182390 1620.9
1182400 1614.7
1182410 1614.7
1182420 1608.2
1182430 1602.7
1182440 1602.7
1182450 1598.5
1182460 1594.4
1182470 1594.4
1182480 1590.9
1182490 1590.6
1182500 1589.2
1182510 1586.5
1182520 1583.3
1182530 1583.3
1182540 1581.3
1182550 1580.6
1182560 1580.6
1182570 1579.3
1182580 1576.8
1182590 1576.8
1182600 1574.3
1182610 1572.4
1182620 1569.4
1182630 1569.4
1182640 1564.9
1182650 1561.8
1182660 1561.8
1182670 1558.1
1182680 1556.0
1182690 1556.0
1182700 1555.7
1182710 1554.8
1182720 1554.8
1182730 1553.5
1182740 1551.9
1182750 1551.9
1182760 1549.7
1182770 1547.5
1182780 1547.5
1182790 1545.9
1182800 1543.7
1182810 1543.7
1182820 1541.1
1182830 1538.8
1182840 1536.0
1182850 1536.0
1182860 1531.7
1182870 1526.6
1182880 1526.6
1182890 1521.9
1182900 1517.0
1182910 1517.0
1182920 1509.9
1182930 1505.7
1182940 1505.7
1182950 1502.5
1182960 1499.2
1182970 1499.2
1182980 1495.6
1182990 1492.7
1183000 1492.7
1183010 1489.7
1183020 1487.1
1183030 1487.1
1183040 1484.6
1183050 1482.5
1183060 1479.9
1183070 1479.9
1183080 1476.7
1183090 1473.2
1183100 1473.2
1183110 1470.2
1183120 1467.4
1183130 1467.4
1183140 1464.4
1183150 1462.4
1183160 1462.4
1183170 1461.4
1183180 1459.7
1183190 1459.7
1183200 1456.3
1183210 1452.8
1183220 1452.8
1183230 1449.2
1183240 1444.6
1183250 1444.6
1183260 1439.9
1183270 1436.0
1183280 1432.9
1183290 1432.9
1183300 1429.9
1183310 1426.3
1183320 1426.3
1183330 1423.4
1183340 1418.4
1183350 1418.4
1183360 1415.8
1183370 1412.7
1183380 1412.7
1183390 1409.8
1183400 1406.3
1183410 1406.3
1183420 1404.1
1183430 1402.7
1183440 1402.7
1183450 1400.8
1183460 1399.1
1183470 1399.1
1183480 1397.8
1183490 1396.5
1183500 1395.0
1183510 1395.0
1183520 1393.7
1183530 1392.0
1183540 1392.0
1183550 1390.3
1183560 1388.0
1183570 1388.0
1183580 1386.3
1183590 1385.3
1183600 1385.3
1183610 1384.5
1183620 1383.4
1183630 1383.4
1183640 1381.3
1183650 1378.3
1183660 1378.3
1183670 1376.7
1183680 1375.9
1183690 1375.9
1183700 1374.6
1183710 1373.0
1183720 1371.6
1183730 1371.6
1183740 1370.2
1183750 1368.7
1183760 1369.3
1183770 1368.3
1183780 1367.7
1183790 1367.7
1183800 1367.2
1183810 1366.7
1183820 1366.7
1183830 1365.8
1183840 1364.4
1183850 1364.4
1183860 1363.0
1183870 1362.2
1183880 1362.2
1183890 1361.8
1183900 1361.5
1183910 1361.5
1183920 1361.4
1183930 1360.0
1183940 1357.4
1183950 1357.4
1183960 1354.6
1183970 1351.9
1183980 1351.9
1183990 1349.0
1184000 1345.3
1184010 1345.3
1184020 1341.6
1184030 1337.3
1184040 1337.3
1184050 1333.0
1184060 1329.2
1184070 1329.2
1184080 1326.7
1184090 1324.3
1184100 1324.3
1184110 1321.5
1184120 1318.1
1184130 1318.1
1184140 1314.6
1184150 1312.3
1184160 1311.0
1184170 1311.0
1184180 1309.4
1184190 1307.0
1184200 1307.0
1184210 1305.0
1184220 1302.9
1184230 1302.9
1184240 1300.6
1184250 1298.2
1184260 1298.2
1184270 1296.1
1184280 1294.1
1184290 1294.1
1184300 1291.8
1184310 1289.4
1184320 1289.4
1184330 1287.2
1184340 1284.9
1184350 1284.9
1184360 1282.5
1184370 1280.5
1184380 1278.3
1184390 1278.3
1184400 1276.4
1184410 1275.1
1184420 1275.1
1184430 1273.0
1184440 1271.1
1184450 1271.1
1184460 1269.4
1184470 1267.7
1184480 1267.7
1184490 1265.9
1184500 1263.5
1184510 1263.5
1184520 1259.0
1184530 1255.1
1184540 1255.1
1184550 1252.0
1184560 1247.5
1184570 1247.5
1184580 1243.3
1184590 1240.9
1184600 1240.7
1184610 1240.7
1184620 1241.0
1184630 1243.1
1184640 1243.1
1184650 1245.3
1184660 1248.8
1184670 1248.8
1184680 1250.7
1184690 1249.6
1184700 1249.6
1184710 1247.2
1184720 1245.1
1184730 1245.1
1184740 1243.4
1184750 1242.5
1184760 1242.5
1184770 1241.8
1184780 1240.8
1184790 1240.8
1184800 1239.5
1184810 1237.9
1184820 1230.1
1184830 1230.1
1184840 1219.5
1184850 1212.5
1184860 1212.5
1184870 1208.0
1184880 1209.2
1184890 1209.2
1184900 1212.4
1184910 1214.4
1184920 1214.4
1184930 1215.8
1184940 1220.7
1184950 1220.7
1184960 1226.4
1184970 1232.1
1184980 1232.1
1184990 1237.3
1185000 1242.0
1185010 1242.0
1185020 1245.1
1185030 1240.7
1185040 1239.9
1185050 1239.9
1185060 1239.0
1185070 1238.8
1185080 1238.8
1185090 1238.1
1185100 1237.3
1185110 1237.3
1185120 1236.3
1185130 1235.6
1185140 1235.6
1185150 1235.4
1185160 1235.2
1185170 1235.2
1185180 1234.3
1185190 1233.3
1185200 1233.3
1185210 1233.0
1185220 1232.7
1185230 1232.7
1185240 1232.5
1185250 1231.7
1185260 1230.3
1185270 1230.3
1185280 1229.0
1185290 1229.0
1185300 1229.0
1185310 1228.9
1185320 1228.0
1185330 1228.0
1185340 1227.1
1185350 1223.7
1185360 1223.7
1185370 1219.4
1185380 1215.6
1185390 1215.6
1185400 1212.8
1185410 1209.9
1185420 1209.9
1185430 1206.5
1185440 1203.5
1185450 1201.3
1185460 1199.1
1185470 1197.5
1185480 1195.4
1185490 1195.4
1185500 1193.1
1185510 1189.0
1185520 1189.0
1185530 1184.9
1185540 1179.8
1185550 1179.8
1185560 1173.1
1185570 1165.0
1185580 1165.0
1185590 1156.9
1185600 1149.5
1185610 1149.5
1185620 1141.7
1185630 1133.7
1185640 1133.7
1185650 1125.7
1185660 1118.1
1185670 1118.1
1185680 1111.2
1185690 1105.3
1185700 1100.5
1185710 1100.5
1185720 1096.2
1185730 1092.7
1185740 1092.7
1185750 1089.9
1185760 1085.0
1185770 1085.0
1185780 1077.2
1185790 1069.5
1185800 1069.5
1185810 1062.2
1185820 1055.7
1185830 1055.7
1185840 1049.5
1185850 1043.4
1185860 1043.4
1185870 1039.7
1185880 1034.6
1185890 1034.6
1185900 1031.5
1185910 1028.0
1185920 1023.8
1185930 1023.8
1185940 1019.6
1185950 1015.2
1185960 1015.2
1185970 1011.5
1185980 1008.6
1185990 1008.6
1186000 1005.4
1186010 1002.9
1186020 1002.9
1186030 1001.1
1186040 998.9
1186050 998.9
1186060 996.4
1186070 990.9
1186080 990.9
1186090 983.4
1186100 976.6
1186110 976.6
1186120 970.0
1186130 964.5
1186140 959.2
1186150 959.2
1186160 954.6
1186170 951.9
1186180 951.9
1186190 950.4
1186200 948.4
1186210 948.4
1186220 943.7
1186230 940.6
1186240 940.6
1186250 937.7
1186260 933.8
1186270 933.8
1186280 929.2
1186290 925.8
1186300 924.4
1186310 918.3
1186320 910.6
1186330 910.6
1186340 904.5
1186350 899.1
1186360 893.9
1186370 893.9
1186380 887.8
1186390 882.5
1186400 882.5
1186410 876.7
1186420 871.1
1186430 871.1
1186440 870.3
1186450 870.5
1186460 870.5
1186470 870.3
1186480 867.4
1186490 867.4
1186500 867.1
1186510 867.1
1186520 867.1
1186530 867.1
1186540 867.0
1186550 867.0
1186560 867.3
1186570 869.4
1186580 871.5
1186590 871.5
1186600 874.6
1186610 875.7
1186620 875.7
1186630 876.4
1186640 875.1
1186650 875.1
1186660 871.0
1186670 869.3
1186680 869.3
1186690 869.3
1186700 869.3
1186710 869.3
1186720 869.3
1186730 869.0
1186740 869.0
1186750 869.0
1186760 868.9
1186770 868.9
1186780 868.9
1186790 868.9
1186800 868.8
1186810 868.8
1186820 868.7
1186830 868.6
1186840 868.6
1186850 868.6
1186860 868.6
1186870 868.6
1186880 868.8
1186890 869.4
1186900 869.4
1186910 869.9
1186920 870.0
1186930 870.0
1186940 869.8
1186950 869.4
1186960 869.4
1186970 869.2
1186980 870.3
1186990 870.3
1187000 870.2
1187010 870.0
1187020 871.2
1187030 871.2
1187040 871.3
1187050 874.9
1187060 874.9
1187070 882.7
1187080 890.7
1187090 890.7
1187100 898.6
1187110 907.3
1187120 907.3
1187130 916.9
1187140 923.3
1187150 924.0
1187160 927.7
1187170 931.3
1187180 931.3
1187190 934.2
1187200 936.7
1187210 936.7
1187220 939.4
1187230 941.9
1187240 944.9
1187250 944.9
1187260 948.9
1187270 953.8
1187280 953.8
1187290 957.7
1187300 961.8
1187310 961.8
1187320 965.5
1187330 968.5
1187340 968.5
1187350 971.1
1187360 972.8
1187370 972.8
1187380 975.5
1187390 981.7
1187400 981.7
1187410 991.7
1187420 1004.3
1187430 1004.3
1187440 1013.7
1187450 1020.3
1187460 1026.9
1187470 1026.9
1187480 1033.7
1187490 1040.0
1187500 1040.0
1187510 1046.1
1187520 1052.0
1187530 1052.0
1187540 1056.5
1187550 1061.2
1187560 1061.2
1187570 1068.5
1187580 1080.6
1187590 1080.6
1187600 1086.3
1187610 1092.7
1187620 1092.7
1187630 1100.9
1187640 1109.3
1187650 1109.3
1187660 1117.7
1187670 1126.8
1187680 1136.3
1187690 1136.3
1187700 1144.6
1187710 1153.6
1187720 1153.6
1187730 1160.5
1187740 1168.1
1187750 1168.1
1187760 1173.6
1187770 1180.6
1187780 1180.6
1187790 1188.6
1187800 1197.5
1187810 1197.5
1187820 1206.0
1187830 1215.1
1187840 1215.1
1187850 1224.7
1187860 1230.5
1187870 1230.5
1187880 1235.1
1187890 1241.5
1187900 1248.6
1187910 1248.6
1187920 1253.3
1187930 1256.0
1187940 1256.0
1187950 1258.4
1187960 1262.1
1187970 1262.1
1187980 1267.2
1187990 1273.1
1188000 1277.2
1188010 1283.7
1188020 1290.5
1188030 1290.5
1188040 1297.8
1188050 1305.2
1188060 1305.2
1188070 1313.2
1188080 1320.4
1188090 1320.4
1188100 1328.3
1188110 1338.7
1188120 1349.2
1188130 1349.2
1188140 1354.7
1188150 1358.6
1188160 1358.6
1188170 1363.5
1188180 1369.7
1188190 1369.7
1188200 1376.6
1188210 1382.7
1188220 1382.7
1188230 1387.9
1188240 1393.2
1188250 1393.2
1188260 1399.8
1188270 1408.0
1188280 1408.0
1188290 1415.8
1188300 1422.2
1188310 1422.2
1188320 1426.0
1188330 1429.2
1188340 1430.2
1188350 1430.2
1188360 1431.3
1188370 1434.0
1188380 1434.0
1188390 1438.6
1188400 1442.8
1188410 1442.8
1188420 1447.1
1188430 1452.3
1188440 1452.3
1188450 1453.7
1188460 1452.4
1188470 1452.4
1188480 1454.7
1188490 1459.2
1188500 1459.2
1188510 1465.2
1188520 1471.3
1188530 1471.3
1188540 1475.4
1188550 1480.6
1188560 1485.4
1188570 1485.4
1188580 1484.2
1188590 1488.1
1188600 1488.1
1188610 1491.9
1188620 1492.7
1188630 1492.7
1188640 1494.2
1188650 1499.5
1188660 1499.5
1188670 1506.9
1188680 1512.0
1188690 1512.0
1188700 1511.7
1188710 1516.6
1188720 1516.6
1188730 1513.3
1188740 1510.3
1188750 1510.3
1188760 1510.5
1188770 1512.6
1188780 1515.0
1188790 1515.0
1188800 1517.0
1188810 1519.4
1188820 1519.4
1188830 1523.0
1188840 1528.3
1188850 1528.3
1188860 1543.1
1188870 1542.2
1188880 1542.2
1188890 1539.7
1188900 1539.6
1188910 1539.6
1188920 1540.7
1188930 1541.0
1188940 1541.0
1188950 1539.2
1188960 1537.0
1188970 1537.0
1188980 1541.5
1188990 1550.6
1189000 1551.0
1189010 1551.0
1189020 1547.6
1189030 1545.5
1189040 1545.5
1189050 1540.5
1189060 1534.3
1189070 1534.3
1189080 1527.9
1189090 1522.4
1189100 1522.4
1189110 1516.1
1189120 1507.7
1189130 1507.7
1189140 1498.0
1189150 1488.9
1189160 1488.9
1189170 1480.5
1189180 1473.1
1189190 1473.1
1189200 1467.5
1189210 1461.9
1189220 1461.9
1189230 1455.9
1189240 1452.6
1189250 1451.6
1189260 1451.6
1189270 1449.4
1189280 1447.2
1189290 1449.9
1189300 1447.2
1189310 1445.1
1189320 1445.1
1189330 1442.7
1189340 1440.6
1189350 1440.6
1189360 1439.4
1189370 1438.3
1189380 1438.3
1189390 1437.9
1189400 1437.9
1189410 1437.9
1189420 1439.0
1189430 1440.7
1189440 1440.7
1189450 1443.4
1189460 1447.0
1189470 1451.9
1189480 1451.9
1189490 1457.9
1189500 1464.4
1189510 1464.4
1189520 1471.4
1189530 1479.5
1189540 1479.5
1189550 1483.8
1189560 1488.3
1189570 1488.3
1189580 1495.1
1189590 1498.3
1189600 1498.3
1189610 1501.1
1189620 1505.6
1189630 1505.6
1189640 1511.1
1189650 1518.1
1189660 1518.1
1189670 1524.3
1189680 1526.9
1189690 1528.1
1189700 1528.1
1189710 1534.0
1189720 1541.9
1189730 1541.9
1189740 1551.5
1189750 1561.6
1189760 1561.6
1189770 1567.0
1189780 1570.3
1189790 1570.3
1189800 1572.0
1189810 1573.6
1189820 1573.6
1189830 1573.4
1189840 1571.7
1189850 1571.7
1189860 1569.8
1189870 1571.6
1189880 1571.6
1189890 1576.1
1189900 1580.5
1189910 1579.3
1189920 1579.3
1189930 1576.3
1189940 1578.4
1189950 1578.4
1189960 1585.0
1189970 1592.3
1189980 1592.3
1189990 1598.5
1190000 1598.2
1190010 1598.2
1190020 1596.2
1190030 1592.1
1190040 1592.1
1190050 1587.0
1190060 1586.1
1190070 1586.1
1190080 1586.4
1190090 1585.5
1190100 1585.5
1190110 1582.6
1190120 1579.5
1190130 1576.0
1190140 1576.0
1190150 1575.5
1190160 1572.6
1190170 1572.6
1190180 1569.3
1190190 1565.1
1190200 1565.1
1190210 1560.7
1190220 1555.8
1190230 1555.8
1190240 1550.3
1190250 1543.9
1190260 1543.9
1190270 1537.9
1190280 1532.3
1190290 1532.3
1190300 1527.1
1190310 1522.6
1190320 1522.6
1190330 1520.3
1190340 1516.3
1190350 1511.9
1190360 1511.9
1190370 1508.7
1190380 1507.1
1190390 1507.1
1190400 1506.2
1190410 1505.7
1190420 1505.7
1190430 1504.3
1190440 1503.8
1190450 1503.8
1190460 1502.3
1190470 1500.7
1190480 1500.7
1190490 1498.9
1190500 1500.1
1190510 1500.1
1190520 1502.5
1190530 1505.3
1190540 1505.3
1190550 1505.0
1190560 1503.6
1190570 1502.8
1190580 1510.2
1190590 1510.9
1190600 1508.8
1190610 1508.8
1190620 1504.9
1190630 1500.9
1190640 1500.9
1190650 1497.3
1190660 1499.3
1190670 1499.3
1190680 1507.3
1190690 1517.6
1190700 1517.6
1190710 1527.0
1190720 1536.1
1190730 1536.1
1190740 1546.2
1190750 1558.0
1190760 1558.0
1190770 1567.4
1190780 1574.5
1190790 1581.2
1190800 1581.2
1190810 1588.8
1190820 1598.4
1190830 1598.4
1190840 1608.1
1190850 1614.5
1190860 1614.5
1190870 1622.3
1190880 1632.7
1190890 1632.7
1190900 1638.7
1190910 1645.2
1190920 1645.2
1190930 1655.5
1190940 1664.7
1190950 1664.7
1190960 1670.5
1190970 1677.1
1190980 1677.1
1190990 1685.2
1191000 1692.0
1191010 1701.4
1191020 1701.4
1191030 1707.1
1191040 1714.6
1191050 1714.6
1191060 1720.9
1191070 1723.3
1191080 1723.3
1191090 1725.4
1191100 1727.1
1191110 1727.1
1191120 1729.5
1191130 1732.3
1191140 1732.3
1191150 1735.8
1191160 1738.9
1191170 1738.9
1191180 1740.5
1191190 1740.4
1191200 1740.4
1191210 1740.0
1191220 1738.2
1191230 1735.7
1191240 1735.7
1191250 1734.3
1191260 1734.0
1191270 1734.0
1191280 1733.7
1191290 1733.9
1191300 1733.9
1191310 1733.6
1191320 1733.7
1191330 1733.7
1191340 1734.3
1191350 1734.5
1191360 1734.5
1191370 1733.7
1191380 1733.1
1191390 1733.1
1191400 1732.8
1191410 1732.0
1191420 1732.0
1191430 1731.0
1191440 1732.5
1191450 1727.5
1191460 1727.5
1191470 1723.3
1191480 1721.0
1191490 1721.0
1191500 1718.4
1191510 1715.8
1191520 1715.8
1191530 1714.1
1191540 1711.9
1191550 1711.9
1191560 1711.4
1191570 1712.3
1191580 1712.3
1191590 1712.9
1191600 1714.1
1191610 1714.1
1191620 1712.5
1191630 1711.5
1191640 1711.5
1191650 1710.4
1191660 1709.8
1191670 1708.7
1191680 1708.7
1191690 1705.7
1191700 1702.4
1191710 1702.4
1191720 1698.8
1191730 1695.4
1191740 1695.4
1191750 1691.4
1191760 1688.0
1191770 1688.0
1191780 1685.7
1191790 1684.0
1191800 1684.0
1191810 1683.7
1191820 1683.0
1191830 1683.0
1191840 1681.1
1191850 1678.7
1191860 1678.7
1191870 1676.7
1191880 1674.1
1191890 1667.3
1191900 1667.3
1191910 1664.4
1191920 1664.1
1191930 1664.1
1191940 1662.0
1191950 1659.8
1191960 1659.8
1191970 1658.8
1191980 1657.9
1191990 1657.9
1192000 1656.1
1192010 1652.1
1192020 1652.1
1192030 1648.8
1192040 1644.5
1192050 1644.5
1192060 1639.5
1192070 1633.1
1192080 1633.1
1192090 1627.2
1192100 1621.6
1192110 1616.7
1192120 1616.7
1192130 1612.6
1192140 1608.4
1192150 1608.4
1192160 1603.9
1192170 1601.2
1192180 1601.2
1192190 1599.7
1192200 1597.9
1192210 1597.9
1192220 1595.7
1192230 1594.0
1192240 1594.0
1192250 1592.9
1192260 1592.4
1192270 1592.4
1192280 1591.4
1192290 1590.4
1192300 1590.4
1192310 1593.3
1192320 1590.9
1192330 1591.6
1192340 1591.6
1192350 1591.7
1192360 1591.7
1192370 1591.7
1192380 1592.1
1192390 1592.7
1192400 1592.7
1192410 1592.9
1192420 1593.8
1192430 1593.8
1192440 1595.5
1192450 1599.8
1192460 1599.8
1192470 1605.8
1192480 1607.0
1192490 1607.0
1192500 1606.8
1192510 1604.9
1192520 1604.9
1192530 1604.2
1192540 1603.6
1192550 1601.3
1192560 1601.3
1192570 1598.2
1192580 1595.0
1192590 1595.0
1192600 1590.5
1192610 1584.3
1192620 1584.3
1192630 1577.0
1192640 1570.3
1192650 1570.3
1192660 1565.4
1192670 1559.9
1192680 1559.9
1192690 1554.5
1192700 1550.1
1192710 1550.1
1192720 1545.0
1192730 1540.9
1192740 1540.9
1192750 1540.5
1192760 1539.6
1192770 1544.1
1192780 1544.1
1192790 1549.0
1192800 1550.0
1192810 1550.0
1192820 1548.6
1192830 1547.1
1192840 1547.1
1192850 1546.6
1192860 1544.9
1192870 1544.9
1192880 1544.5
1192890 1547.7
1192900 1547.7
1192910 1552.8
1192920 1554.9
1192930 1554.9
1192940 1554.2
1192950 1553.4
1192960 1553.4
1192970 1552.8
1192980 1547.0
1192990 1538.9
1193000 1538.9
1193010 1530.8
1193020 1523.2
1193030 1523.2
1193040 1515.8
1193050 1507.1
1193060 1507.1
1193070 1497.2
1193080 1488.4
1193090 1488.4
1193100 1479.9
1193110 1471.7
1193120 1471.7
1193130 1463.3
1193140 1455.3
1193150 1455.3
1193160 1446.9
1193170 1441.0
1193180 1446.9
1193190 1446.0
1193200 1445.1
1193210 1443.7
1193220 1443.7
1193230 1442.3
1193240 1440.8
1193250 1440.8
1193260 1439.5
1193270 1439.1
1193280 1439.1
1193290 1438.0
1193300 1436.7
1193310 1436.7
1193320 1436.2
1193330 1435.1
1193340 1435.1
1193350 1434.3
1193360 1434.1
1193370 1434.1
1193380 1435.1
1193390 1435.7
1193400 1435.7
1193410 1436.1
1193420 1437.4
1193430 1437.5
1193440 1437.5
1193450 1435.0
1193460 1432.6
1193470 1432.6
1193480 1434.5
1193490 1437.2
1193500 1437.2
1193510 1441.5
1193520 1446.4
1193530 1446.4
1193540 1450.1
1193550 1453.6
1193560 1453.6
1193570 1458.1
1193580 1460.2
1193590 1460.2
1193600 1457.7
1193610 1454.6
1193620 1454.1
1193630 1449.7
1193640 1446.7
1193650 1444.3
1193660 1444.3
1193670 1442.4
1193680 1441.5
1193690 1441.5
1193700 1441.8
1193710 1443.1
1193720 1443.1
1193730 1444.4
1193740 1446.2
1193750 1446.2
1193760 1447.8
1193770 1447.1
1193780 1447.1
1193790 1445.7
1193800 1442.8
1193810 1442.8
1193820 1445.5
1193830 1448.9
1193840 1448.9
1193850 1448.7
1193860 1448.9
1193870 1449.4
1193880 1449.4
1193890 1450.1
1193900 1447.7
1193910 1447.7
1193920 1443.2
1193930 1440.4
1193940 1440.4
1193950 1441.3
1193960 1442.2
1193970 1442.2
1193980 1443.4
1193990 1445.3
1194000 1445.3
1194010 1446.3
1194020 1444.5
1194030 1444.5
1194040 1442.1
1194050 1446.5
1194060 1446.5
1194070 1443.9
1194080 1442.1
1194090 1441.2
1194100 1441.2
1194110 1439.7
1194120 1437.3
1194130 1437.3
1194140 1436.8
1194150 1437.4
1194160 1437.4
1194170 1438.2
1194180 1437.8
1194190 1437.8
1194200 1436.9
1194210 1437.4
1194220 1437.4
1194230 1438.0
1194240 1438.7
1194250 1438.7
1194260 1439.9
1194270 1440.4
1194280 1440.4
1194290 1441.0
1194300 1441.1
1194310 1442.2
1194320 1442.2
1194330 1442.2
1194340 1441.0
1194350 1441.0
1194360 1439.9
1194370 1440.8
1194380 1440.8
1194390 1439.3
1194400 1436.2
1194410 1436.2
1194420 1435.1
1194430 1435.4
1194440 1435.4
1194450 1436.2
1194460 1436.8
1194470 1436.8
1194480 1436.9
1194490 1438.5
1194500 1438.5
1194510 1436.7
1194520 1435.9
1194530 1435.2
1194540 1435.2
1194550 1434.0
1194560 1432.0
1194570 1432.0
1194580 1429.0
1194590 1426.5
1194600 1426.5
1194610 1424.7
1194620 1423.3
1194630 1423.3
1194640 1421.2
1194650 1420.3
1194660 1420.3
1194670 1419.7
1194680 1419.4
1194690 1419.4
1194700 1413.6
1194710 1406.7
1194720 1406.7
1194730 1400.3
1194740 1391.8
1194750 1385.5
1194760 1385.5
1194770 1381.6
1194780 1378.6
1194790 1378.6
1194800 1376.9
1194810 1376.9
1194820 1376.9
1194830 1377.9
1194840 1379.3
1194850 1379.3
1194860 1378.6
1194870 1377.3
1194880 1377.3
1194890 1375.3
1194900 1372.2
1194910 1372.2
1194920 1368.7
1194930 1369.0
1194940 1369.0
1194950 1364.9
1194960 1361.5
1194970 1358.8
1194980 1358.8
1194990 1356.6
1195000 1353.0
1195010 1353.0
1195020 1349.2
1195030 1344.3
1195040 1344.3
1195050 1341.0
1195060 1342.3
1195070 1342.3
1195080 1342.3
1195090 1337.5
1195100 1337.5
1195110 1333.4
1195120 1331.1
1195130 1331.1
1195140 1326.0
1195150 1316.1
1195160 1316.1
1195170 1304.3
1195180 1297.3
1195190 1289.6
1195200 1289.6
1195210 1283.2
1195220 1278.3
1195230 1278.3
1195240 1273.5
1195250 1273.3
1195260 1273.3
1195270 1267.5
1195280 1256.9
1195290 1256.9
1195300 1248.1
1195310 1239.2
1195320 1239.2
1195330 1230.1
1195340 1220.9
1195350 1220.9
1195360 1215.4
1195370 1207.6
1195380 1207.6
1195390 1200.5
1195400 1193.7
1195410 1186.8
1195420 1186.8
1195430 1180.3
1195440 1174.7
1195450 1174.7
1195460 1168.6
1195470 1162.2
1195480 1162.2
1195490 1156.6
1195500 1154.0
1195510 1154.0
1195520 1156.2
1195530 1159.4
1195540 1159.4
1195550 1163.6
1195560 1170.2
1195570 1170.2
1195580 1177.2
1195590 1183.4
1195600 1183.4
1195610 1189.6
1195620 1196.4
1195630 1203.2
1195640 1203.2
1195650 1209.8
1195660 1216.3
1195670 1216.3
1195680 1224.1
1195690 1232.5
1195700 1232.5
1195710 1238.8
1195720 1242.6
1195730 1242.6
1195740 1246.2
1195750 1253.0
1195760 1253.0
1195770 1260.0
1195780 1262.3
1195790 1262.3
1195800 1262.2
1195810 1264.7
1195820 1264.7
1195830 1269.1
1195840 1272.2
1195850 1274.8
1195860 1274.8
1195870 1277.6
1195880 1280.6
1195890 1280.6
1195900 1284.8
1195910 1288.9
1195920 1288.9
1195930 1291.8
1195940 1294.3
1195950 1294.3
1195960 1296.8
1195970 1300.3
1195980 1300.3
1195990 1302.9
1196000 1305.6
1196010 1305.6
1196020 1309.2
1196030 1314.0
1196040 1314.0
1196050 1317.7
1196060 1322.2
1196070 1328.6
1196080 1328.6
1196090 1334.2
1196100 1339.0
1196110 1339.0
1196120 1343.8
1196130 1347.5
1196140 1347.5
1196150 1350.7
1196160 1353.3
1196170 1353.3
1196180 1356.5
1196190 1359.6
1196200 1359.6
1196210 1361.3
1196220 1364.3
1196230 1364.3
1196240 1365.0
1196250 1368.0
1196260 1368.0
1196270 1370.5
1196280 1373.2
1196290 1375.5
1196300 1375.5
1196310 1378.5
1196320 1381.4
1196330 1381.4
1196340 1382.8
1196350 1383.2
1196360 1383.2
1196370 1383.3
1196380 1385.1
1196390 1385.1
1196400 1389.0
1196410 1391.9
1196420 1391.9
1196430 1392.7
1196440 1394.0
1196450 1394.0
1196460 1396.8
1196470 1398.8
1196480 1398.8
1196490 1401.0
1196500 1403.7
1196510 1406.5
1196520 1406.5
1196530 1409.8
1196540 1412.8
1196550 1412.8
1196560 1415.2
1196570 1417.3
1196580 1417.3
1196590 1419.6
1196600 1421.7
1196610 1421.7
1196620 1422.6
1196630 1422.9
1196640 1422.9
1196650 1423.6
1196660 1422.8
1196670 1422.8
1196680 1416.0
1196690 1417.4
1196700 1417.4
1196710 1417.2
1196720 1417.8
1196730 1420.8
1196740 1420.8
1196750 1424.7
1196760 1429.1
1196770 1429.1
1196780 1433.7
1196790 1438.0
1196800 1438.0
1196810 1442.0
1196820 1445.1
1196830 1445.1
1196840 1446.7
1196850 1448.0
1196860 1448.0
1196870 1449.3
1196880 1450.7
1196890 1450.7
1196900 1450.9
1196910 1450.7
1196920 1450.7
1196930 1450.8
1196940 1450.6
1196950 1449.8
1196960 1449.8
1196970 1449.3
1196980 1449.6
1196990 1449.6
1197000 1451.4
1197010 1452.5
1197020 1452.5
1197030 1451.5
1197040 1453.3
1197050 1453.3
1197060 1465.3
1197070 1476.5
1197080 1476.5
1197090 1482.2
1197100 1487.7
1197110 1487.7
1197120 1493.1
1197130 1501.8
1197140 1501.8
1197150 1510.0
1197160 1516.3
1197170 1522.4
1197180 1522.4
1197190 1529.3
1197200 1536.6
1197210 1536.6
1197220 1547.1
1197230 1559.0
1197240 1559.0
1197250 1566.7
1197260 1573.4
1197270 1573.4
1197280 1580.7
1197290 1587.8
1197300 1587.8
1197310 1595.4
1197320 1604.0
1197330 1604.0
1197340 1611.7
1197350 1617.9
1197360 1617.9
1197370 1623.8
1197380 1629.0
1197390 1634.3
1197400 1634.3
1197410 1640.3
1197420 1646.8
1197430 1646.8
1197440 1654.5
1197450 1668.8
1197460 1668.8
1197470 1683.1
1197480 1692.0
1197490 1692.0
1197500 1696.9
1197510 1702.1
1197520 1702.1
1197530 1708.1
1197540 1714.3
1197550 1714.3
1197560 1714.9
1197570 1721.0
1197580 1721.0
1197590 1726.8
1197600 1731.5
1197610 1735.8
1197620 1735.8
1197630 1739.4
1197640 1742.6
1197650 1742.6
1197660 1745.9
1197670 1749.0
1197680 1749.0
1197690 1751.9
1197700 1753.7
1197710 1753.7
1197720 1755.2
1197730 1756.4
1197740 1756.4
1197750 1758.3
1197760 1758.2
1197770 1758.2
1197780 1757.0
1197790 1753.1
1197800 1753.1
1197810 1749.2
1197820 1743.8
1197830 1733.8
1197840 1733.8
1197850 1726.0
1197860 1719.7
1197870 1719.7
1197880 1712.7
1197890 1707.3
1197900 1707.3
1197910 1711.1
1197920 1722.7
1197930 1722.7
1197940 1732.1
1197950 1735.9
1197960 1735.9
1197970 1732.1
1197980 1711.5
1197990 1711.5
1198000 1679.5
1198010 1671.6
1198020 1671.6
1198030 1693.8
1198040 1712.1
1198050 1725.0
1198060 1725.0
1198070 1737.5
1198080 1741.7
1198090 1741.7
1198100 1742.6
1198110 1745.4
1198120 1745.4
1198130 1747.6
1198140 1748.5
1198150 1748.5
1198160 1746.6
1198170 1746.1
1198180 1746.1
1198190 1748.5
1198200 1750.5
1198210 1750.5
1198220 1753.0
1198230 1755.8
1198240 1755.8
1198250 1757.7
1198260 1760.0
1198270 1763.3
1198280 1763.3
1198290 1761.4
1198300 1756.9
1198310 1756.9
1198320 1758.0
1198330 1762.5
1198340 1762.5
1198350 1764.3
1198360 1765.8
1198370 1765.8
1198380 1767.4
1198390 1773.4
1198400 1773.4
1198410 1779.7
1198420 1782.3
1198430 1782.3
1198440 1783.6
1198450 1757.9
1198460 1757.9
1198470 1757.0
1198480 1765.0
1198490 1769.0
1198500 1769.0
1198510 1771.3
1198520 1774.5
1198530 1774.5
1198540 1780.2
1198550 1782.7
1198560 1782.7
1198570 1782.7
1198580 1787.2
1198590 1787.2
1198600 1790.4
1198610 1793.3
1198620 1793.3
1198630 1792.4
1198640 1791.4
1198650 1791.4
1198660 1788.4
1198670 1784.1
1198680 1784.1
1198690 1783.0
1198700 1788.3
1198710 1794.2
1198720 1794.2
1198730 1800.3
1198740 1805.7
1198750 1805.7
1198760 1810.3
1198770 1814.9
1198780 1814.9
1198790 1818.9
1198800 1821.8
1198810 1821.8
1198820 1824.1
1198830 1826.7
1198840 1826.7
1198850 1829.9
1198860 1833.6
1198870 1833.6
1198880 1837.4
1198890 1836.1
1198900 1836.1
1198910 1841.4
1198920 1848.2
1198930 1855.2
1198940 1855.2
1198950 1862.7
1198960 1870.0
1198970 1870.0
1198980 1874.4
1198990 1879.1
1199000 1879.1
1199010 1884.5
1199020 1890.0
1199030 1890.0
1199040 1894.6
1199050 1898.8
1199060 1898.8
1199070 1902.8
1199080 1905.6
1199090 1905.6
1199100 1906.4
1199110 1907.4
1199120 1907.4
1199130 1910.9
1199140 1917.4
1199150 1924.1
1199160 1924.1
1199170 1930.4
1199180 1937.7
1199190 1937.7
1199200 1945.2
1199210 1952.3
1199220 1952.3
1199230 1961.2
1199240 1969.6
1199250 1969.6
1199260 1975.2
1199270 1979.1
1199280 1979.1
1199290 1982.4
1199300 1985.5
1199310 1985.5
1199320 1990.8
1199330 1998.0
1199340 1990.8
1199350 1997.5
1199360 2006.4
1199370 2017.0
1199380 2017.0
1199390 2025.3
1199400 2032.8
1199410 2032.8
1199420 2042.1
1199430 2050.0
1199440 2050.0
1199450 2055.4
1199460 2058.1
1199470 2058.1
1199480 2071.6
1199490 2077.8
1199500 2077.8
1199510 2078.7
1199520 2086.6
1199530 2086.6
1199540 2094.3
1199550 2099.4
1199560 2099.4
1199570 2105.7
1199580 2113.4
1199590 2120.0
1199600 2120.0
1199610 2125.4
1199620 2132.0
1199630 2132.0
1199640 2137.9
1199650 2143.2
1199660 2143.2
1199670 2148.8
1199680 2154.5
1199690 2154.5
1199700 2159.4
1199710 2163.5
1199720 2163.5
1199730 2168.4
1199740 2177.0
1199750 2177.0
1199760 2186.3
1199770 2194.2
1199780 2183.4
1199790 2186.6
1199800 2188.7
1199810 2192.4
1199820 2192.4
1199830 2199.8
1199840 2208.2
1199850 2208.2
1199860 2216.6
1199870 2227.1
1199880 2227.1
1199890 2237.3
1199900 2248.4
1199910 2248.4
1199920 2257.9
1199930 2264.1
1199940 2264.1
1199950 2272.0
1199960 2283.1
1199970 2283.1
1199980 2292.4
1199990 2301.3
