1180000 2048.7
1180010 2048.9
1180020 2050.0
1180030 2050.0
1180040 2050.7
1180050 2050.5
1180060 2050.5
1180070 2049.2
1180080 2047.9
1180090 2047.9
1180100 2046.9
1180110 2045.7
1180120 2045.7
1180130 2044.4
1180140 2042.7
1180150 2041.3
1180160 2037.6
1180170 2035.6
1180180 2032.7
1180190 2032.7
1180200 2030.1
1180210 2028.0
1180220 2028.0
1180230 2027.8
1180240 2027.6
1180250 2027.6
1180260 2025.9
1180270 2023.9
1180280 2023.9
1180290 2021.3
1180300 2018.1
1180310 2018.1
1180320 2014.7
1180330 2010.2
1180340 2010.2
1180350 2005.8
1180360 2002.5
1180370 1997.9
1180380 1997.9
1180390 1993.7
1180400 1991.2
1180410 1991.2
1180420 1987.8
1180430 1984.4
1180440 1984.4
1180450 1979.8
1180460 1975.0
1180470 1975.0
1180480 1971.2
1180490 1967.6
1180500 1967.6
1180510 1965.6
1180520 1963.3
1180530 1963.3
1180540 1960.2
1180550 1957.3
1180560 1957.3
1180570 1954.8
1180580 1947.8
1180590 1945.1
1180600 1945.1
1180610 1943.4
1180620 1941.2
1180630 1941.2
1180640 1939.5
1180650 1939.0
1180660 1939.0
1180670 1939.0
1180680 1939.0
1180690 1939.0
1180700 1939.0
1180710 1939.9
1180720 1939.9
1180730 1943.1
1180740 1946.8
1180750 1946.8
1180760 1948.3
1180770 1945.2
1180780 1945.2
1180790 1940.9
1180800 1937.8
1180810 1935.1
1180820 1935.1
1180830 1931.2
1180840 1931.2
1180850 1931.2
1180860 1930.3
1180870 1928.2
1180880 1928.2
1180890 1927.9
1180900 1926.0
1180910 1926.0
1180920 1924.8
1180930 1925.8
1180940 1925.8
1180950 1927.3
1180960 1928.3
1180970 1928.3
1180980 1928.4
1180990 1928.0
1181000 1923.9
1181010 1923.4
1181020 1922.0
1181030 1919.4
1181040 1919.4
1181050 1916.5
1181060 1914.6
1181070 1914.6
1181080 1912.7
1181090 1909.7
1181100 1909.7
1181110 1906.8
1181120 1904.5
1181130 1904.5
1181140 1902.8
1181150 1902.8
1181160 1902.8
1181170 1902.6
1181180 1900.9
1181190 1900.9
1181200 1898.6
1181210 1896.8
1181220 1896.8
1181230 1895.8
1181240 1895.3
1181250 1893.9
1181260 1893.9
1181270 1893.7
1181280 1896.8
1181290 1896.8
1181300 1900.1
1181310 1903.2
1181320 1903.2
1181330 1906.2
1181340 1909.2
1181350 1909.2
1181360 1912.1
1181370 1914.2
1181380 1914.2
1181390 1916.2
1181400 1917.8
1181410 1914.2
1181420 1916.1
1181430 1917.8
1181440 1917.8
1181450 1919.1
1181460 1919.9
1181470 1919.8
1181480 1919.8
1181490 1919.5
1181500 1919.1
1181510 1919.1
1181520 1918.6
1181530 1918.4
1181540 1918.4
1181550 1917.9
1181560 1917.2
1181570 1917.2
1181580 1916.4
1181590 1914.9
1181600 1914.9
1181610 1913.5
1181620 1912.0
1181630 1912.0
1181640 1910.1
1181650 1908.0
1181660 1908.0
1181670 1905.7
1181680 1903.5
1181690 1901.2
1181700 1901.2
1181710 1898.7
1181720 1896.4
1181730 1896.4
1181740 1894.7
1181750 1892.8
1181760 1892.8
1181770 1890.4
1181780 1887.7
1181790 1887.7
1181800 1884.7
1181810 1882.2
1181820 1882.2
1181830 1878.0
1181840 1874.6
1181850 1874.6
1181860 1870.6
1181870 1866.5
1181880 1866.5
1181890 1863.5
1181900 1861.9
1181910 1860.5
1181920 1860.5
1181930 1858.3
1181940 1855.8
1181950 1855.8
1181960 1852.5
1181970 1848.6
1181980 1848.6
1181990 1844.2
1182000 1839.7
1182010 1839.7
1182020 1833.7
1182030 1828.0
1182040 1828.0
1182050 1823.3
1182060 1819.0
1182070 1819.0
1182080 1815.3
1182090 1812.7
1182100 1812.7
1182110 1809.5
1182120 1806.6
1182130 1803.8
1182140 1803.8
1182150 1800.5
1182160 1796.9
1182170 1796.9
1182180 1793.7
1182190 1789.7
1182200 1789.7
1182210 1785.3
1182220 1781.0
1182230 1781.0
1182240 1777.3
1182250 1772.6
1182260 1772.6
1182270 1769.8
1182280 1767.1
1182290 1767.1
1182300 1764.4
1182310 1762.6
1182320 1762.6
1182330 1760.1
1182340 1757.6
1182350 1754.6
1182360 1754.6
1182370 1751.6
1182380 1749.0
1182390 1749.0
1182400 1745.8
1182410 1741.4
1182420 1741.4
1182430 1737.1
1182440 1733.6
1182450 1733.6
1182460 1730.4
1182470 1727.2
1182480 1727.2
1182490 1723.3
1182500 1719.4
1182510 1719.4
1182520 1716.1
1182530 1712.6
1182540 1712.6
1182550 1709.2
1182560 1705.6
1182570 1701.8
1182580 1701.8
1182590 1698.6
1182600 1695.2
1182610 1695.2
1182620 1690.6
1182630 1684.8
1182640 1684.8
1182650 1681.7
1182660 1678.1
1182670 1677.6
1182680 1674.7
1182690 1671.4
1182700 1671.4
1182710 1667.3
1182720 1663.8
1182730 1663.8
1182740 1658.9
1182750 1656.2
1182760 1656.2
1182770 1653.2
1182780 1645.9
1182790 1645.9
1182800 1637.8
1182810 1631.4
1182820 1626.0
1182830 1626.0
1182840 1621.0
1182850 1615.7
1182860 1615.7
1182870 1610.9
1182880 1606.8
1182890 1606.8
1182900 1600.8
1182910 1596.3
1182920 1596.3
1182930 1590.7
1182940 1584.0
1182950 1584.0
1182960 1578.6
1182970 1574.3
1182980 1574.3
1182990 1570.5
1183000 1566.4
1183010 1566.4
1183020 1562.8
1183030 1559.9
1183040 1556.6
1183050 1556.6
1183060 1552.7
1183070 1549.1
1183080 1549.1
1183090 1542.2
1183100 1538.9
1183110 1538.9
1183120 1535.5
1183130 1532.2
1183140 1532.2
1183150 1530.5
1183160 1528.9
1183170 1528.9
1183180 1525.7
1183190 1522.7
1183200 1522.7
1183210 1520.3
1183220 1518.4
1183230 1518.4
1183240 1516.6
1183250 1513.5
1183260 1511.4
1183270 1511.4
1183280 1509.4
1183290 1506.7
1183300 1506.7
1183310 1503.6
1183320 1500.2
1183330 1500.2
1183340 1496.9
1183350 1494.3
1183360 1494.3
1183370 1491.2
1183380 1487.8
1183390 1487.8
1183400 1484.5
1183410 1482.0
1183420 1482.0
1183430 1480.4
1183440 1478.3
1183450 1478.3
1183460 1476.2
1183470 1472.9
1183480 1469.8
1183490 1469.8
1183500 1467.5
1183510 1464.6
1183520 1464.6
1183530 1461.6
1183540 1459.0
1183550 1459.0
1183560 1456.5
1183570 1454.1
1183580 1454.1
1183590 1451.8
1183600 1449.7
1183610 1449.7
1183620 1447.7
1183630 1445.5
1183640 1445.5
1183650 1442.9
1183660 1439.4
1183670 1439.4
1183680 1435.6
1183690 1432.0
1183700 1428.2
1183710 1428.2
1183720 1424.2
1183730 1418.7
1183740 1418.7
1183750 1413.0
1183760 1407.7
1183770 1407.7
1183780 1402.1
1183790 1396.2
1183800 1396.2
1183810 1392.3
1183820 1396.5
1183830 1396.5
1183840 1403.3
1183850 1407.7
1183860 1407.7
1183870 1407.1
1183880 1404.7
1183890 1404.7
1183900 1402.7
1183910 1401.0
1183920 1398.7
1183930 1393.3
1183940 1391.1
1183950 1387.4
1183960 1387.4
1183970 1387.7
1183980 1385.4
1183990 1385.4
1184000 1381.3
1184010 1379.5
1184020 1379.5
1184030 1377.5
1184040 1375.6
1184050 1375.6
1184060 1373.3
1184070 1370.6
1184080 1370.6
1184090 1367.9
1184100 1365.5
1184110 1365.5
1184120 1363.6
1184130 1361.0
1184140 1358.6
1184150 1358.6
1184160 1356.4
1184170 1353.5
1184180 1353.5
1184190 1350.6
1184200 1348.2
1184210 1348.2
1184220 1346.0
1184230 1344.1
1184240 1344.1
1184250 1342.2
1184260 1340.1
1184270 1340.1
1184280 1338.5
1184290 1335.6
1184300 1335.6
1184310 1333.0
1184320 1329.6
1184330 1329.6
1184340 1325.3
1184350 1321.5
1184360 1315.7
1184370 1315.7
1184380 1312.5
1184390 1309.1
1184400 1309.1
1184410 1306.6
1184420 1303.4
1184430 1303.4
1184440 1300.3
1184450 1297.1
1184460 1297.1
1184470 1294.2
1184480 1292.7
1184490 1292.7
1184500 1291.6
1184510 1289.2
1184520 1289.2
1184530 1286.6
1184540 1283.9
1184550 1283.9
1184560 1281.3
1184570 1279.0
1184580 1276.5
1184590 1276.5
1184600 1274.9
1184610 1274.2
1184620 1274.2
1184630 1274.0
1184640 1273.8
1184650 1273.8
1184660 1272.8
1184670 1271.5
1184680 1271.5
1184690 1270.9
1184700 1271.2
1184710 1271.2
1184720 1272.1
1184730 1273.3
1184740 1273.3
1184750 1274.5
1184760 1275.4
1184770 1275.4
1184780 1277.4
1184790 1277.6
1184800 1277.8
1184810 1277.8
1184820 1278.2
1184830 1279.0
1184840 1279.0
1184850 1280.2
1184860 1280.9
1184870 1280.9
1184880 1280.1
1184890 1279.7
1184900 1279.7
1184910 1280.0
1184920 1279.1
1184930 1279.1
1184940 1278.4
1184950 1276.8
1184960 1276.8
1184970 1275.8
1184980 1273.9
1184990 1273.9
1185000 1271.7
1185010 1269.7
1185020 1267.0
1185030 1267.0
1185040 1265.1
1185050 1263.5
1185060 1263.5
1185070 1262.3
1185080 1261.2
1185090 1261.2
1185100 1260.2
1185110 1259.4
1185120 1259.4
1185130 1258.5
1185140 1257.1
1185150 1257.1
1185160 1254.5
1185170 1252.3
1185180 1252.3
1185190 1250.7
1185200 1251.3
1185210 1251.3
1185220 1249.4
1185230 1247.2
1185240 1244.9
1185250 1244.9
1185260 1242.3
1185270 1238.9
1185280 1238.9
1185290 1236.3
1185300 1233.4
1185310 1233.4
1185320 1230.5
1185330 1228.2
1185340 1228.2
1185350 1227.5
1185360 1227.5
1185370 1227.5
1185380 1228.9
1185390 1233.7
1185400 1233.7
1185410 1239.8
1185420 1243.2
1185430 1243.2
1185440 1245.3
1185450 1246.6
1185460 1248.1
1185470 1248.1
1185480 1248.1
1185490 1248.6
1185500 1248.6
1185510 1249.5
1185520 1249.9
1185530 1249.9
1185540 1249.3
1185550 1248.6
1185560 1248.6
1185570 1248.4
1185580 1248.1
1185590 1248.1
1185600 1247.1
1185610 1246.4
1185620 1246.4
1185630 1249.8
1185640 1250.0
1185650 1250.0
1185660 1250.3
1185670 1250.3
1185680 1246.6
1185690 1246.6
1185700 1240.3
1185710 1233.1
1185720 1233.1
1185730 1225.2
1185740 1218.6
1185750 1218.6
1185760 1213.5
1185770 1208.2
1185780 1208.2
1185790 1201.7
1185800 1195.5
1185810 1195.5
1185820 1188.5
1185830 1180.0
1185840 1180.0
1185850 1171.2
1185860 1163.2
1185870 1163.2
1185880 1156.1
1185890 1149.4
1185900 1143.5
1185910 1143.5
1185920 1137.5
1185930 1130.8
1185940 1130.8
1185950 1124.2
1185960 1118.7
1185970 1118.7
1185980 1114.2
1185990 1109.0
1186000 1109.0
1186010 1102.3
1186020 1094.8
1186030 1094.8
1186040 1087.0
1186050 1075.0
1186060 1075.0
1186070 1068.8
1186080 1063.2
1186090 1063.2
1186100 1056.6
1186110 1050.3
1186120 1044.2
1186130 1044.2
1186140 1038.3
1186150 1032.8
1186160 1032.8
1186170 1028.1
1186180 1024.3
1186190 1024.3
1186200 1020.4
1186210 1016.1
1186220 1016.1
1186230 1011.4
1186240 1007.1
1186250 1007.1
1186260 1002.9
1186270 998.1
1186280 998.1
1186290 994.4
1186300 991.9
1186310 991.9
1186320 987.8
1186330 983.8
1186340 979.5
1186350 979.5
1186360 976.8
1186370 974.6
1186380 974.6
1186390 972.4
1186400 970.2
1186410 970.2
1186420 968.7
1186430 968.0
1186440 968.0
1186450 967.6
1186460 967.1
1186470 967.1
1186480 959.7
1186490 960.8
1186500 960.8
1186510 962.6
1186520 963.9
1186530 963.9
1186540 963.4
1186550 959.2
1186560 950.5
1186570 950.5
1186580 941.9
1186590 932.8
1186600 932.8
1186610 924.6
1186620 918.6
1186630 918.6
1186640 913.8
1186650 908.7
1186660 908.7
1186670 903.0
1186680 896.4
1186690 896.4
1186700 888.7
1186710 882.6
1186720 882.6
1186730 876.3
1186740 870.1
1186750 870.1
1186760 868.1
1186770 868.3
1186780 868.0
1186790 868.0
1186800 867.7
1186810 866.8
1186820 866.8
1186830 865.3
1186840 865.1
1186850 865.1
1186860 865.0
1186870 864.8
1186880 864.8
1186890 864.7
1186900 864.8
1186910 864.8
1186920 865.9
1186930 868.7
1186940 868.7
1186950 870.0
1186960 871.7
1186970 871.7
1186980 872.8
1186990 872.7
1187000 872.4
1187010 872.4
1187020 872.6
1187030 872.4
1187040 872.4
1187050 870.9
1187060 869.9
1187070 869.9
1187080 869.8
1187090 869.8
1187100 869.8
1187110 868.8
1187120 867.5
1187130 867.5
1187140 867.2
1187150 867.9
1187160 867.9
1187170 869.2
1187180 869.7
1187190 869.7
1187200 869.6
1187210 869.4
1187220 869.2
1187230 869.2
1187240 869.0
1187250 869.0
1187260 869.0
1187270 869.0
1187280 869.0
1187290 869.0
1187300 869.0
1187310 869.0
1187320 869.0
1187330 869.0
1187340 869.1
1187350 869.1
1187360 869.1
1187370 869.7
1187380 869.7
1187390 873.9
1187400 881.1
1187410 881.1
1187420 890.1
1187430 897.9
1187440 897.9
1187450 904.9
1187460 910.8
1187470 915.5
1187480 915.5
1187490 920.4
1187500 924.1
1187510 924.1
1187520 928.8
1187530 933.6
1187540 933.6
1187550 938.7
1187560 943.5
1187570 943.5
1187580 947.5
1187590 952.1
1187600 952.1
1187610 956.8
1187620 961.5
1187630 961.5
1187640 966.4
1187650 971.4
1187660 971.4
1187670 976.1
1187680 980.3
1187690 984.8
1187700 984.8
1187710 990.2
1187720 994.3
1187730 994.3
1187740 999.1
1187750 1005.2
1187760 1010.2
1187770 1015.4
1187780 1020.4
1187790 1020.4
1187800 1024.8
1187810 1029.7
1187820 1029.7
1187830 1033.2
1187840 1037.0
1187850 1037.0
1187860 1042.7
1187870 1049.8
1187880 1049.8
1187890 1057.1
1187900 1064.2
1187910 1070.6
1187920 1070.6
1187930 1076.1
1187940 1081.6
1187950 1081.6
1187960 1087.8
1187970 1093.9
1187980 1093.9
1187990 1098.7
1188000 1104.4
1188010 1104.4
1188020 1112.3
1188030 1118.3
1188040 1118.3
1188050 1124.3
1188060 1130.7
1188070 1130.7
1188080 1136.1
1188090 1141.2
1188100 1141.2
1188110 1147.6
1188120 1155.2
1188130 1163.1
1188140 1163.1
1188150 1169.5
1188160 1176.9
1188170 1176.9
1188180 1192.3
1188190 1201.7
1188200 1201.7
1188210 1210.0
1188220 1215.7
1188230 1215.7
1188240 1219.9
1188250 1224.8
1188260 1224.8
1188270 1229.6
1188280 1234.0
1188290 1234.0
1188300 1239.2
1188310 1243.1
1188320 1243.1
1188330 1245.1
1188340 1246.1
1188350 1247.4
1188360 1247.4
1188370 1248.8
1188380 1251.5
1188390 1251.5
1188400 1257.2
1188410 1265.1
1188420 1265.1
1188430 1271.5
1188440 1276.8
1188450 1276.8
1188460 1282.8
1188470 1288.9
1188480 1288.9
1188490 1295.1
1188500 1301.9
1188510 1301.9
1188520 1309.1
1188530 1317.2
1188540 1317.2
1188550 1323.8
1188560 1321.8
1188570 1317.2
1188580 1317.2
1188590 1313.3
1188600 1308.5
1188610 1314.8
1188620 1311.6
1188630 1309.3
1188640 1309.3
1188650 1308.8
1188660 1310.0
1188670 1310.0
1188680 1311.1
1188690 1311.6
1188700 1311.6
1188710 1312.6
1188720 1313.6
1188730 1313.6
1188740 1314.4
1188750 1314.9
1188760 1314.9
1188770 1315.1
1188780 1314.6
1188790 1313.5
1188800 1313.5
1188810 1309.6
1188820 1303.2
1188830 1303.2
1188840 1296.5
1188850 1291.8
1188860 1291.8
1188870 1286.7
1188880 1282.4
1188890 1282.4
1188900 1278.0
1188910 1273.2
1188920 1273.2
1188930 1267.5
1188940 1261.4
1188950 1261.4
1188960 1256.0
1188970 1249.8
1188980 1249.8
1188990 1245.4
1189000 1245.4
1189010 1244.8
1189020 1244.8
1189030 1243.1
1189040 1245.8
1189050 1245.8
1189060 1240.7
1189070 1236.4
1189080 1236.4
1189090 1236.7
1189100 1239.1
1189110 1239.1
1189120 1242.6
1189130 1244.2
1189140 1244.2
1189150 1246.0
1189160 1248.8
1189170 1248.8
1189180 1251.9
1189190 1254.2
1189200 1254.2
1189210 1255.7
1189220 1256.3
1189230 1255.8
1189240 1255.8
1189250 1253.1
1189260 1250.3
1189270 1250.3
1189280 1252.2
1189290 1255.5
1189300 1255.5
1189310 1258.3
1189320 1261.3
1189330 1261.3
1189340 1266.2
1189350 1270.8
1189360 1270.8
1189370 1276.1
1189380 1281.7
1189390 1281.7
1189400 1287.5
1189410 1293.7
1189420 1293.7
1189430 1300.0
1189440 1306.6
1189450 1312.9
1189460 1312.9
1189470 1318.4
1189480 1325.3
1189490 1325.3
1189500 1331.6
1189510 1334.8
1189520 1334.8
1189530 1334.3
1189540 1332.6
1189550 1332.6
1189560 1330.6
1189570 1327.8
1189580 1327.8
1189590 1324.4
1189600 1321.2
1189610 1321.2
1189620 1318.4
1189630 1320.1
1189640 1320.1
1189650 1326.3
1189660 1333.0
1189670 1339.5
1189680 1339.5
1189690 1345.2
1189700 1349.6
1189710 1349.6
1189720 1352.7
1189730 1354.4
1189740 1354.4
1189750 1356.7
1189760 1360.4
1189770 1360.4
1189780 1363.7
1189790 1367.7
1189800 1367.7
1189810 1373.9
1189820 1381.1
1189830 1381.1
1189840 1388.0
1189850 1392.6
1189860 1392.6
1189870 1391.0
1189880 1389.7
1189890 1389.0
1189900 1396.5
1189910 1394.5
1189920 1391.0
1189930 1391.0
1189940 1387.3
1189950 1382.9
1189960 1382.9
1189970 1380.5
1189980 1379.4
1189990 1379.4
1190000 1378.2
1190010 1376.4
1190020 1376.4
1190030 1376.6
1190040 1378.4
1190050 1378.4
1190060 1380.5
1190070 1381.7
1190080 1381.7
1190090 1383.0
1190100 1385.4
1190110 1388.6
1190120 1388.6
1190130 1392.5
1190140 1396.6
1190150 1396.6
1190160 1402.4
1190170 1409.2
1190180 1409.2
1190190 1411.8
1190200 1412.1
1190210 1412.1
1190220 1411.6
1190230 1411.4
1190240 1411.4
1190250 1412.0
1190260 1411.3
1190270 1411.3
1190280 1409.7
1190290 1405.5
1190300 1405.5
1190310 1399.7
1190320 1392.6
1190330 1387.2
1190340 1387.2
1190350 1380.3
1190360 1374.0
1190370 1374.0
1190380 1367.5
1190390 1360.8
1190400 1360.8
1190410 1353.7
1190420 1346.4
1190430 1346.4
1190440 1339.5
1190450 1331.2
1190460 1331.2
1190470 1322.1
1190480 1313.2
1190490 1313.2
1190500 1312.9
1190510 1319.1
1190520 1319.1
1190530 1326.2
1190540 1335.0
1190550 1343.1
1190560 1343.1
1190570 1346.3
1190580 1349.7
1190590 1349.7
1190600 1358.3
1190610 1380.8
1190620 1380.8
1190630 1398.5
1190640 1405.3
1190650 1405.3
1190660 1409.8
1190670 1412.3
1190680 1412.3
1190690 1415.8
1190700 1422.4
1190710 1422.4
1190720 1425.7
1190730 1426.5
1190740 1426.5
1190750 1428.7
1190760 1436.9
1190770 1438.8
1190780 1438.8
1190790 1439.5
1190800 1442.1
1190810 1442.1
1190820 1445.5
1190830 1444.4
1190840 1444.4
1190850 1448.1
1190860 1452.2
1190870 1452.2
1190880 1446.0
1190890 1435.9
1190900 1435.9
1190910 1436.7
1190920 1435.5
1190930 1435.5
1190940 1431.4
1190950 1425.0
1190960 1425.0
1190970 1417.6
1190980 1413.1
1190990 1406.9
1191000 1406.9
1191010 1400.6
1191020 1397.9
1191030 1397.9
1191040 1419.1
1191050 1434.7
1191060 1434.7
1191070 1448.4
1191080 1464.2
1191090 1464.2
1191100 1486.3
1191110 1505.2
1191120 1505.2
1191130 1503.1
1191140 1495.7
1191150 1495.7
1191160 1489.6
1191170 1486.7
1191180 1486.7
1191190 1498.8
1191200 1494.5
1191210 1489.9
1191220 1489.9
1191230 1482.6
1191240 1476.1
1191250 1476.1
1191260 1471.8
1191270 1465.0
1191280 1465.0
1191290 1458.1
1191300 1452.1
1191310 1452.1
1191320 1454.4
1191330 1484.1
1191340 1484.1
1191350 1500.8
1191360 1498.7
1191370 1498.7
1191380 1497.8
1191390 1490.2
1191400 1490.2
1191410 1482.1
1191420 1475.0
1191430 1474.4
1191440 1474.4
1191450 1477.6
1191460 1470.8
1191470 1470.8
1191480 1474.2
1191490 1488.2
1191500 1488.2
1191510 1501.5
1191520 1517.6
1191530 1517.6
1191540 1520.4
1191550 1514.2
1191560 1514.2
1191570 1506.0
1191580 1497.9
1191590 1497.9
1191600 1490.5
1191610 1485.2
1191620 1485.2
1191630 1489.2
1191640 1483.6
1191650 1478.6
1191660 1478.6
1191670 1475.5
1191680 1471.7
1191690 1471.7
1191700 1467.1
1191710 1465.3
1191720 1465.3
1191730 1470.3
1191740 1471.9
1191750 1471.9
1191760 1467.8
1191770 1466.4
1191780 1466.4
1191790 1462.6
1191800 1457.1
1191810 1457.1
1191820 1456.8
1191830 1457.9
1191840 1457.9
1191850 1458.4
1191860 1458.4
1191870 1463.0
1191880 1463.0
1191890 1467.0
1191900 1468.9
1191910 1468.9
1191920 1470.3
1191930 1469.4
1191940 1469.4
1191950 1466.4
1191960 1465.3
1191970 1465.3
1191980 1467.6
1191990 1473.4
1192000 1473.4
1192010 1476.5
1192020 1476.0
1192030 1476.0
1192040 1474.6
1192050 1473.7
1192060 1479.5
1192070 1478.9
1192080 1478.0
1192090 1476.6
1192100 1476.6
1192110 1473.9
1192120 1474.4
1192130 1474.4
1192140 1476.9
1192150 1477.8
1192160 1477.8
1192170 1476.3
1192180 1475.2
1192190 1475.2
1192200 1473.7
1192210 1472.3
1192220 1472.3
1192230 1470.8
1192240 1469.8
1192250 1469.8
1192260 1467.8
1192270 1462.0
1192280 1462.0
1192290 1456.0
1192300 1452.8
1192310 1452.3
1192320 1452.3
1192330 1449.2
1192340 1442.3
1192350 1442.3
1192360 1437.2
1192370 1432.9
1192380 1432.9
1192390 1425.7
1192400 1415.4
1192410 1415.4
1192420 1406.3
1192430 1398.1
1192440 1398.1
1192450 1389.1
1192460 1377.2
1192470 1377.2
1192480 1368.4
1192490 1385.0
1192500 1385.0
1192510 1383.5
1192520 1392.0
1192530 1413.1
1192540 1413.1
1192550 1419.7
1192560 1421.1
1192570 1421.1
1192580 1423.4
1192590 1426.7
1192600 1426.7
1192610 1428.8
1192620 1425.4
1192630 1425.4
1192640 1419.5
1192650 1413.7
1192660 1413.7
1192670 1410.2
1192680 1409.8
1192690 1409.8
1192700 1408.6
1192710 1407.2
1192720 1407.2
1192730 1406.0
1192740 1403.6
1192750 1400.9
1192760 1400.9
1192770 1398.8
1192780 1397.1
1192790 1397.1
1192800 1395.1
1192810 1392.6
1192820 1392.6
1192830 1389.6
1192840 1385.7
1192850 1385.7
1192860 1379.1
1192870 1377.5
1192880 1377.5
1192890 1383.3
1192900 1391.6
1192910 1391.6
1192920 1397.2
1192930 1400.0
1192940 1400.0
1192950 1395.0
1192960 1388.4
1192970 1388.4
1192980 1381.8
1192990 1376.5
1193000 1371.0
1193010 1371.0
1193020 1364.4
1193030 1358.6
1193040 1358.6
1193050 1353.8
1193060 1350.4
1193070 1350.4
1193080 1348.0
1193090 1345.3
1193100 1345.3
1193110 1342.3
1193120 1339.6
1193130 1339.6
1193140 1336.1
1193150 1331.9
1193160 1331.9
1193170 1327.5
1193180 1322.5
1193190 1322.5
1193200 1319.0
1193210 1316.5
1193220 1313.8
1193230 1313.8
1193240 1311.2
1193250 1308.2
1193260 1308.2
1193270 1304.4
1193280 1298.2
1193290 1298.2
1193300 1290.5
1193310 1284.5
1193320 1284.5
1193330 1280.5
1193340 1277.4
1193350 1277.4
1193360 1272.9
1193370 1270.2
1193380 1270.2
1193390 1273.0
1193400 1273.3
1193410 1273.3
1193420 1270.8
1193430 1265.3
1193440 1257.9
1193450 1257.9
1193460 1255.5
1193470 1258.5
1193480 1258.5
1193490 1261.1
1193500 1262.4
1193510 1262.4
1193520 1261.5
1193530 1259.3
1193540 1259.3
1193550 1257.0
1193560 1254.1
1193570 1254.1
1193580 1249.9
1193590 1245.8
1193600 1245.8
1193610 1242.6
1193620 1241.0
1193630 1241.0
1193640 1241.3
1193650 1243.7
1193660 1245.7
1193670 1245.7
1193680 1244.2
1193690 1240.7
1193700 1240.7
1193710 1239.0
1193720 1238.8
1193730 1238.8
1193740 1239.2
1193750 1241.3
1193760 1241.3
1193770 1241.3
1193780 1241.2
1193790 1241.2
1193800 1248.9
1193810 1250.9
1193820 1250.9
1193830 1253.6
1193840 1254.8
1193850 1254.8
1193860 1255.5
1193870 1256.8
1193880 1259.4
1193890 1259.4
1193900 1261.7
1193910 1262.0
1193920 1262.0
1193930 1262.3
1193940 1262.2
1193950 1262.2
1193960 1261.7
1193970 1260.6
1193980 1260.6
1193990 1259.2
1194000 1257.9
1194010 1257.9
1194020 1257.6
1194030 1257.6
1194040 1257.6
1194050 1259.6
1194060 1262.4
1194070 1262.4
1194080 1266.5
1194090 1271.1
1194100 1274.4
1194110 1274.4
1194120 1274.5
1194130 1273.0
1194140 1273.0
1194150 1271.2
1194160 1268.8
1194170 1268.8
1194180 1265.6
1194190 1260.9
1194200 1260.9
1194210 1258.9
1194220 1259.9
1194230 1265.6
1194240 1267.1
1194250 1265.6
1194260 1265.6
1194270 1263.3
1194280 1260.8
1194290 1260.8
1194300 1259.4
1194310 1259.5
1194320 1258.5
1194330 1258.5
1194340 1256.2
1194350 1254.1
1194360 1254.1
1194370 1250.5
1194380 1245.6
1194390 1245.6
1194400 1241.5
1194410 1238.7
1194420 1238.7
1194430 1236.0
1194440 1233.2
1194450 1233.2
1194460 1230.2
1194470 1227.1
1194480 1227.1
1194490 1223.6
1194500 1219.9
1194510 1219.9
1194520 1216.3
1194530 1214.2
1194540 1212.0
1194550 1212.0
1194560 1208.8
1194570 1204.5
1194580 1204.5
1194590 1200.3
1194600 1195.5
1194610 1195.5
1194620 1190.3
1194630 1186.1
1194640 1186.1
1194650 1183.4
1194660 1182.3
1194670 1190.5
1194680 1191.0
1194690 1192.0
1194700 1192.0
1194710 1188.8
1194720 1184.7
1194730 1184.7
1194740 1182.2
1194750 1180.0
1194760 1177.9
1194770 1177.9
1194780 1176.1
1194790 1172.3
1194800 1172.3
1194810 1167.9
1194820 1167.2
1194830 1167.2
1194840 1166.1
1194850 1161.4
1194860 1161.4
1194870 1157.6
1194880 1155.8
1194890 1155.8
1194900 1153.1
1194910 1149.4
1194920 1149.4
1194930 1143.6
1194940 1138.9
1194950 1138.9
1194960 1134.8
1194970 1128.7
1194980 1121.6
1194990 1121.6
1195000 1115.6
1195010 1109.8
1195020 1109.8
1195030 1104.2
1195040 1100.0
1195050 1100.0
1195060 1095.8
1195070 1093.3
1195080 1093.3
1195090 1090.5
1195100 1091.0
1195110 1091.8
1195120 1093.2
1195130 1096.4
1195140 1096.4
1195150 1099.5
1195160 1103.7
1195170 1103.7
1195180 1109.4
1195190 1117.1
1195200 1125.3
1195210 1125.3
1195220 1133.3
1195230 1140.7
1195240 1140.7
1195250 1147.8
1195260 1155.9
1195270 1155.9
1195280 1164.5
1195290 1171.8
1195300 1171.8
1195310 1177.1
1195320 1181.3
1195330 1181.3
1195340 1185.9
1195350 1190.6
1195360 1190.6
1195370 1195.2
1195380 1199.2
1195390 1199.2
1195400 1203.8
1195410 1209.4
1195420 1214.4
1195430 1214.4
1195440 1219.7
1195450 1226.8
1195460 1226.8
1195470 1234.0
1195480 1240.8
1195490 1240.8
1195500 1247.3
1195510 1253.2
1195520 1253.2
1195530 1257.3
1195540 1262.0
1195550 1260.6
1195560 1266.9
1195570 1272.6
1195580 1272.6
1195590 1279.6
1195600 1286.6
1195610 1286.6
1195620 1292.3
1195630 1296.5
1195640 1301.4
1195650 1301.4
1195660 1308.0
1195670 1314.3
1195680 1314.3
1195690 1316.9
1195700 1317.2
1195710 1317.2
1195720 1319.1
1195730 1324.1
1195740 1324.1
1195750 1329.5
1195760 1334.1
1195770 1334.1
1195780 1338.8
1195790 1343.8
1195800 1343.8
1195810 1348.4
1195820 1352.4
1195830 1352.4
1195840 1356.0
1195850 1359.7
1195860 1363.5
1195870 1363.5
1195880 1369.3
1195890 1374.2
1195900 1374.2
1195910 1379.1
1195920 1385.8
1195930 1385.8
1195940 1391.1
1195950 1396.8
1195960 1396.8
1195970 1402.1
1195980 1407.0
1195990 1402.5
1196000 1407.2
1196010 1411.8
1196020 1411.8
1196030 1416.3
1196040 1419.9
1196050 1419.9
1196060 1424.6
1196070 1429.2
1196080 1433.7
1196090 1433.7
1196100 1438.2
1196110 1443.3
1196120 1443.3
1196130 1448.2
1196140 1452.8
1196150 1452.8
1196160 1457.4
1196170 1462.3
1196180 1462.3
1196190 1467.9
1196200 1474.1
1196210 1474.1
1196220 1479.9
1196230 1484.6
1196240 1484.6
1196250 1489.4
1196260 1495.1
1196270 1495.1
1196280 1501.6
1196290 1507.5
1196300 1512.7
1196310 1512.7
1196320 1517.4
1196330 1522.5
1196340 1522.5
1196350 1527.4
1196360 1532.4
1196370 1532.4
1196380 1537.1
1196390 1541.6
1196400 1541.6
1196410 1546.5
1196420 1551.7
1196430 1547.6
1196440 1551.8
1196450 1556.2
1196460 1556.2
1196470 1559.6
1196480 1564.3
1196490 1564.3
1196500 1569.2
1196510 1573.5
1196520 1578.1
1196530 1578.1
1196540 1584.1
1196550 1589.1
1196560 1589.1
1196570 1591.9
1196580 1594.8
1196590 1594.8
1196600 1598.2
1196610 1601.3
1196620 1601.3
1196630 1604.3
1196640 1609.1
1196650 1609.1
1196660 1614.6
1196670 1620.8
1196680 1620.8
1196690 1626.7
1196700 1630.1
1196710 1630.1
1196720 1632.4
1196730 1633.8
1196740 1636.4
1196750 1636.4
1196760 1638.8
1196770 1640.5
1196780 1640.5
1196790 1642.2
1196800 1644.9
1196810 1644.9
1196820 1645.7
1196830 1646.8
1196840 1646.8
1196850 1648.7
1196860 1651.6
1196870 1649.9
1196880 1652.5
1196890 1655.6
1196900 1655.6
1196910 1659.5
1196920 1663.4
1196930 1663.4
1196940 1667.7
1196950 1672.3
1196960 1676.5
1196970 1676.5
1196980 1680.4
1196990 1685.5
1197000 1685.5
1197010 1691.6
1197020 1696.3
1197030 1696.3
1197040 1699.5
1197050 1702.9
1197060 1702.9
1197070 1706.5
1197080 1710.6
1197090 1710.6
1197100 1715.6
1197110 1718.6
1197120 1718.6
1197130 1721.1
1197140 1722.2
1197150 1722.2
1197160 1723.7
1197170 1724.0
1197180 1725.9
1197190 1725.9
1197200 1728.1
1197210 1730.3
1197220 1730.3
1197230 1730.4
1197240 1730.4
1197250 1730.4
1197260 1731.4
1197270 1731.9
1197280 1731.9
1197290 1734.6
1197300 1739.9
1197310 1738.4
1197320 1742.5
1197330 1746.0
1197340 1746.0
1197350 1750.1
1197360 1754.0
1197370 1754.0
1197380 1757.6
1197390 1761.1
1197400 1764.8
1197410 1764.8
1197420 1769.2
1197430 1775.0
1197440 1775.0
1197450 1780.9
1197460 1786.3
1197470 1786.3
1197480 1790.8
1197490 1796.1
1197500 1796.1
1197510 1802.1
1197520 1807.7
1197530 1807.7
1197540 1813.0
1197550 1819.4
1197560 1819.4
1197570 1825.6
1197580 1830.5
1197590 1830.5
1197600 1837.7
1197610 1844.8
1197620 1849.6
1197630 1849.6
1197640 1853.9
1197650 1858.8
1197660 1858.8
1197670 1862.7
1197680 1868.9
1197690 1868.9
1197700 1875.5
1197710 1880.7
1197720 1880.7
1197730 1885.5
1197740 1890.7
1197750 1892.4
1197760 1895.9
1197770 1900.6
1197780 1900.6
1197790 1906.0
1197800 1910.9
1197810 1910.9
1197820 1914.6
1197830 1918.0
1197840 1921.0
1197850 1921.0
1197860 1924.9
1197870 1931.2
1197880 1931.2
1197890 1936.1
1197900 1938.7
1197910 1938.7
1197920 1941.8
1197930 1944.4
1197940 1944.4
1197950 1946.3
1197960 1947.6
1197970 1947.6
1197980 1949.5
1197990 1952.5
1198000 1952.5
1198010 1955.7
1198020 1958.9
1198030 1958.9
1198040 1962.5
1198050 1965.6
1198060 1967.9
1198070 1967.9
1198080 1969.5
1198090 1969.0
1198100 1969.0
1198110 1971.5
1198120 1975.8
1198130 1975.8
1198140 1978.4
1198150 1980.7
1198160 1980.7
1198170 1984.1
1198180 1988.3
1198190 1980.0
1198200 1981.9
1198210 1984.6
1198220 1984.6
1198230 1987.3
1198240 1986.7
1198250 1986.7
1198260 1986.5
1198270 1987.0
1198280 1989.2
1198290 1989.2
1198300 1994.0
1198310 2000.4
1198320 2000.4
1198330 2006.0
1198340 2008.5
1198350 2008.5
1198360 2012.6
1198370 2018.2
1198380 2018.2
1198390 2021.1
1198400 2022.8
1198410 2022.8
1198420 2023.8
1198430 2024.7
1198440 2024.7
1198450 2027.1
1198460 2032.2
1198470 2032.2
1198480 2036.7
1198490 2039.2
1198500 2040.0
1198510 2040.0
1198520 2041.3
1198530 2042.6
1198540 2042.6
1198550 2041.9
1198560 2040.6
1198570 2040.6
1198580 2040.6
1198590 2043.6
1198600 2043.6
1198610 2047.4
1198620 2050.7
1198630 2050.7
1198640 2051.1
1198650 2055.9
1198660 2055.9
1198670 2059.4
1198680 2063.3
1198690 2063.3
1198700 2068.3
1198710 2072.9
1198720 2075.9
1198730 2075.9
1198740 2076.6
1198750 2075.5
1198760 2075.5
1198770 2076.8
1198780 2076.1
1198790 2076.1
1198800 2073.2
1198810 2073.0
1198820 2073.0
1198830 2073.5
1198840 2075.8
1198850 2075.8
1198860 2080.4
1198870 2086.8
1198880 2086.8
1198890 2090.0
1198900 2087.4
1198910 2087.4
1198920 2085.6
1198930 2084.5
1198940 2082.1
1198950 2082.1
1198960 2082.4
1198970 2083.1
1198980 2083.1
1198990 2085.1
1199000 2082.0
1199010 2082.0
1199020 2082.8
1199030 2086.9
1199040 2086.9
1199050 2088.0
1199060 2089.2
1199070 2089.2
1199080 2089.0
1199090 2091.1
1199100 2091.1
1199110 2094.0
1199120 2097.8
1199130 2097.8
1199140 2103.5
1199150 2110.4
1199160 2117.9
1199170 2117.9
1199180 2125.9
1199190 2134.2
1199200 2134.2
1199210 2141.7
1199220 2145.2
1199230 2145.2
1199240 2147.1
1199250 2149.7
1199260 2149.7
1199270 2153.6
1199280 2154.7
1199290 2154.7
1199300 2154.8
1199310 2156.0
1199320 2156.0
1199330 2157.5
1199340 2159.1
1199350 2159.1
1199360 2161.4
1199370 2164.6
1199380 2168.4
1199390 2168.4
1199400 2172.4
1199410 2176.4
1199420 2176.4
1199430 2181.0
1199440 2186.5
1199450 2186.5
1199460 2192.3
1199470 2198.1
1199480 2198.1
1199490 2203.9
1199500 2208.9
1199510 2208.9
1199520 2213.5
1199530 2218.4
1199540 2218.4
1199550 2224.5
1199560 2231.5
1199570 2231.5
1199580 2238.5
1199590 2245.3
1199600 2245.3
1199610 2251.1
1199620 2256.8
1199630 2262.6
1199640 2262.6
1199650 2268.7
1199660 2273.8
1199670 2273.8
1199680 2276.8
1199690 2277.7
1199700 2277.7
1199710 2281.5
1199720 2285.4
1199730 2285.4
1199740 2287.9
1199750 2290.2
1199760 2290.2
1199770 2291.3
1199780 2292.6
1199790 2292.6
1199800 2293.9
1199810 2295.3
1199820 2295.3
1199830 2296.7
1199840 2297.9
1199850 2300.6
1199860 2300.6
1199870 2304.0
1199880 2307.1
1199890 2307.1
1199900 2308.9
1199910 2310.1
1199920 2310.1
1199930 2311.9
1199940 2313.1
1199950 2313.1
1199960 2314.2
1199970 2318.5
1199980 2318.5
1199990 2320.8
