1180000 2203.8
1180010 2203.8
1180020 2198.8
1180030 2193.0
1180040 2193.0
1180050 2187.9
1180060 2183.8
1180070 2183.8
1180080 2180.2
1180090 2177.1
1180100 2177.1
1180110 2173.5
1180120 2170.3
1180130 2170.3
1180140 2167.3
1180150 2164.5
1180160 2162.0
1180170 2162.0
1180180 2159.5
1180190 2156.9
1180200 2156.9
1180210 2154.6
1180220 2152.4
1180230 2152.4
1180240 2150.1
1180250 2147.6
1180260 2147.6
1180270 2145.2
1180280 2142.6
1180290 2142.6
1180300 2139.9
1180310 2137.3
1180320 2141.2
1180330 2138.1
1180340 2133.8
1180350 2133.8
1180360 2130.5
1180370 2128.0
1180380 2125.0
1180390 2125.0
1180400 2122.2
1180410 2120.7
1180420 2120.7
1180430 2118.8
1180440 2116.7
1180450 2116.7
1180460 2116.0
1180470 2115.3
1180480 2115.3
1180490 2113.9
1180500 2113.7
1180510 2113.7
1180520 2113.0
1180530 2112.0
1180540 2112.0
1180550 2109.9
1180560 2109.0
1180570 2109.0
1180580 2109.6
1180590 2111.5
1180600 2115.1
1180610 2115.1
1180620 2118.9
1180630 2123.3
1180640 2123.3
1180650 2127.4
1180660 2131.7
1180670 2131.7
1180680 2136.8
1180690 2143.4
1180700 2143.4
1180710 2151.0
1180720 2157.8
1180730 2157.8
1180740 2166.9
1180750 2170.5
1180760 2170.5
1180770 2172.2
1180780 2173.2
1180790 2173.2
1180800 2175.1
1180810 2177.3
1180820 2178.1
1180830 2178.1
1180840 2177.5
1180850 2177.4
1180860 2177.4
1180870 2177.4
1180880 2178.0
1180890 2178.0
1180900 2179.4
1180910 2180.2
1180920 2180.2
1180930 2176.9
1180940 2172.8
1180950 2172.8
1180960 2171.3
1180970 2171.6
1180980 2171.6
1180990 2169.1
1181000 2166.8
1181010 2166.8
1181020 2165.3
1181030 2165.2
1181040 2165.3
1181050 2165.3
1181060 2164.4
1181070 2166.5
1181080 2166.5
1181090 2170.1
1181100 2173.9
1181110 2173.9
1181120 2177.7
1181130 2181.2
1181140 2181.2
1181150 2189.5
1181160 2192.5
1181170 2192.5
1181180 2195.5
1181190 2198.3
1181200 2198.3
1181210 2200.7
1181220 2202.7
1181230 2202.7
1181240 2205.0
1181250 2207.6
1181260 2207.6
1181270 2209.5
1181280 2211.3
1181290 2213.7
1181300 2213.7
1181310 2216.1
1181320 2218.8
1181330 2218.8
1181340 2221.3
1181350 2223.7
1181360 2223.7
1181370 2226.0
1181380 2228.7
1181390 2228.7
1181400 2231.1
1181410 2233.6
1181420 2233.6
1181430 2235.8
1181440 2238.1
1181450 2238.1
1181460 2239.7
1181470 2241.1
1181480 2241.1
1181490 2242.6
1181500 2243.6
1181510 2243.8
1181520 2243.8
1181530 2242.9
1181540 2241.7
1181550 2241.7
1181560 2240.9
1181570 2243.1
1181580 2243.1
1181590 2243.6
1181600 2243.6
1181610 2243.6
1181620 2243.0
1181630 2244.7
1181640 2244.7
1181650 2245.0
1181660 2244.5
1181670 2244.5
1181680 2244.4
1181690 2244.3
1181700 2244.3
1181710 2244.2
1181720 2244.3
1181730 2244.5
1181740 2244.5
1181750 2244.7
1181760 2244.8
1181770 2244.8
1181780 2244.9
1181790 2244.9
1181800 2244.9
1181810 2245.0
1181820 2245.0
1181830 2245.0
1181840 2245.1
1181850 2245.0
1181860 2245.0
1181870 2244.5
1181880 2241.0
1181890 2241.0
1181900 2236.6
1181910 2232.2
1181920 2232.2
1181930 2229.3
1181940 2226.8
1181950 2225.3
1181960 2225.3
1181970 2224.0
1181980 2223.5
1181990 2222.8
1182000 2221.6
1182010 2218.8
1182020 2218.8
1182030 2215.8
1182040 2214.7
1182050 2214.7
1182060 2214.1
1182070 2213.6
1182080 2213.6
1182090 2212.9
1182100 2212.6
1182110 2212.6
1182120 2212.8
1182130 2213.7
1182140 2213.7
1182150 2214.8
1182160 2215.8
1182170 2216.6
1182180 2216.6
1182190 2217.4
1182200 2217.6
1182210 2217.6
1182220 2216.8
1182230 2216.1
1182240 2216.1
1182250 2215.8
1182260 2215.3
1182270 2215.3
1182280 2214.8
1182290 2214.4
1182300 2214.4
1182310 2213.8
1182320 2212.5
1182330 2212.5
1182340 2210.9
1182350 2209.2
1182360 2209.2
1182370 2207.6
1182380 2206.4
1182390 2205.5
1182400 2205.5
1182410 2202.7
1182420 2201.8
1182430 2201.8
1182440 2200.2
1182450 2198.9
1182460 2198.9
1182470 2197.5
1182480 2195.5
1182490 2195.5
1182500 2193.0
1182510 2190.1
1182520 2190.1
1182530 2187.3
1182540 2183.8
1182550 2183.8
1182560 2180.5
1182570 2178.2
1182580 2178.2
1182590 2175.3
1182600 2172.4
1182610 2172.4
1182620 2170.7
1182630 2169.4
1182640 2167.5
1182650 2167.5
1182660 2165.0
1182670 2161.9
1182680 2161.9
1182690 2158.4
1182700 2153.8
1182710 2153.8
1182720 2150.3
1182730 2147.8
1182740 2147.8
1182750 2145.4
1182760 2143.1
1182770 2143.1
1182780 2141.7
1182790 2139.6
1182800 2139.6
1182810 2136.3
1182820 2132.1
1182830 2129.3
1182840 2126.0
1182850 2122.5
1182860 2119.1
1182870 2119.1
1182880 2116.2
1182890 2113.1
1182900 2113.1
1182910 2109.5
1182920 2105.2
1182930 2105.2
1182940 2099.5
1182950 2092.0
1182960 2092.0
1182970 2084.6
1182980 2074.0
1182990 2074.0
1183000 2063.9
1183010 2056.9
1183020 2056.9
1183030 2050.3
1183040 2043.9
1183050 2043.9
1183060 2038.4
1183070 2032.7
1183080 2027.3
1183090 2027.3
1183100 2023.4
1183110 2019.1
1183120 2019.1
1183130 2012.9
1183140 2005.5
1183150 2005.5
1183160 1998.6
1183170 1992.5
1183180 1992.5
1183190 1986.2
1183200 1979.2
1183210 1979.2
1183220 1973.1
1183230 1967.5
1183240 1967.5
1183250 1958.6
1183260 1951.0
1183270 1951.0
1183280 1944.7
1183290 1938.6
1183300 1932.4
1183310 1932.4
1183320 1925.2
1183330 1915.1
1183340 1915.1
1183350 1906.6
1183360 1899.1
1183370 1899.1
1183380 1891.6
1183390 1883.7
1183400 1883.7
1183410 1876.1
1183420 1869.1
1183430 1869.1
1183440 1862.4
1183450 1855.7
1183460 1855.7
1183470 1849.1
1183480 1841.3
1183490 1841.3
1183500 1834.8
1183510 1829.1
1183520 1823.5
1183530 1823.5
1183540 1817.5
1183550 1811.6
1183560 1811.6
1183570 1805.6
1183580 1799.1
1183590 1799.1
1183600 1793.1
1183610 1788.6
1183620 1788.6
1183630 1784.0
1183640 1778.9
1183650 1778.9
1183660 1774.5
1183670 1771.7
1183680 1771.7
1183690 1767.7
1183700 1763.3
1183710 1763.3
1183720 1758.6
1183730 1754.0
1183740 1750.8
1183750 1750.8
1183760 1747.6
1183770 1744.7
1183780 1744.7
1183790 1741.6
1183800 1738.4
1183810 1738.4
1183820 1734.0
1183830 1730.5
1183840 1730.5
1183850 1725.7
1183860 1721.7
1183870 1721.7
1183880 1717.2
1183890 1712.2
1183900 1712.2
1183910 1707.0
1183920 1701.8
1183930 1701.8
1183940 1695.9
1183950 1690.5
1183960 1690.5
1183970 1685.5
1183980 1682.0
1183990 1679.5
1184000 1679.5
1184010 1677.3
1184020 1673.7
1184030 1673.7
1184040 1669.2
1184050 1664.0
1184060 1664.0
1184070 1659.2
1184080 1654.1
1184090 1654.1
1184100 1647.7
1184110 1644.4
1184120 1644.4
1184130 1642.2
1184140 1640.3
1184150 1640.3
1184160 1637.5
1184170 1633.4
1184180 1633.4
1184190 1628.7
1184200 1623.5
1184210 1618.5
1184220 1618.5
1184230 1614.4
1184240 1610.0
1184250 1610.0
1184260 1605.4
1184270 1601.3
1184280 1601.3
1184290 1597.8
1184300 1593.3
1184310 1593.3
1184320 1586.4
1184330 1580.4
1184340 1580.4
1184350 1575.2
1184360 1570.5
1184370 1570.5
1184380 1566.6
1184390 1563.3
1184400 1563.3
1184410 1559.8
1184420 1556.7
1184430 1550.7
1184440 1550.7
1184450 1543.6
1184460 1537.2
1184470 1537.2
1184480 1531.7
1184490 1528.8
1184500 1528.8
1184510 1529.1
1184520 1530.6
1184530 1530.6
1184540 1527.8
1184550 1524.8
1184560 1524.8
1184570 1521.7
1184580 1520.1
1184590 1520.1
1184600 1520.0
1184610 1520.3
1184620 1520.3
1184630 1520.0
1184640 1523.0
1184650 1524.8
1184660 1524.8
1184670 1523.1
1184680 1520.4
1184690 1520.4
1184700 1516.8
1184710 1512.3
1184720 1512.3
1184730 1509.2
1184740 1507.2
1184750 1507.2
1184760 1508.4
1184770 1506.6
1184780 1506.6
1184790 1501.9
1184800 1499.2
1184810 1499.2
1184820 1497.2
1184830 1496.8
1184840 1496.8
1184850 1495.1
1184860 1492.8
1184870 1490.0
1184880 1490.0
1184890 1481.5
1184900 1471.7
1184910 1471.7
1184920 1462.0
1184930 1452.9
1184940 1453.3
1184950 1442.2
1184960 1431.7
1184970 1431.7
1184980 1422.1
1184990 1411.1
1185000 1411.1
1185010 1402.7
1185020 1395.4
1185030 1395.4
1185040 1388.8
1185050 1384.0
1185060 1384.0
1185070 1380.1
1185080 1376.9
1185090 1373.5
1185100 1373.5
1185110 1368.8
1185120 1363.5
1185130 1363.5
1185140 1358.7
1185150 1354.8
1185160 1354.8
1185170 1349.3
1185180 1342.6
1185190 1342.6
1185200 1337.6
1185210 1333.3
1185220 1333.3
1185230 1329.2
1185240 1326.4
1185250 1326.4
1185260 1323.6
1185270 1317.8
1185280 1317.8
1185290 1313.5
1185300 1310.7
1185310 1310.7
1185320 1306.3
1185330 1302.2
1185340 1298.3
1185350 1298.3
1185360 1292.8
1185370 1286.8
1185380 1286.8
1185390 1282.6
1185400 1277.4
1185410 1277.4
1185420 1272.0
1185430 1268.6
1185440 1268.6
1185450 1268.8
1185460 1267.8
1185470 1267.8
1185480 1262.5
1185490 1256.4
1185500 1256.4
1185510 1249.4
1185520 1244.4
1185530 1244.4
1185540 1240.8
1185550 1236.1
1185560 1229.8
1185570 1229.8
1185580 1224.7
1185590 1221.1
1185600 1221.1
1185610 1217.8
1185620 1214.2
1185630 1214.2
1185640 1210.3
1185650 1205.4
1185660 1205.4
1185670 1199.3
1185680 1194.3
1185690 1194.3
1185700 1190.3
1185710 1185.7
1185720 1185.7
1185730 1180.6
1185740 1175.9
1185750 1175.9
1185760 1170.7
1185770 1165.5
1185780 1161.3
1185790 1162.3
1185800 1158.7
1185810 1155.7
1185820 1155.7
1185830 1152.7
1185840 1149.1
1185850 1149.1
1185860 1145.0
1185870 1140.4
1185880 1140.4
1185890 1137.7
1185900 1135.0
1185910 1135.0
1185920 1130.2
1185930 1124.0
1185940 1124.0
1185950 1117.4
1185960 1110.4
1185970 1110.4
1185980 1103.7
1185990 1097.9
1186000 1093.2
1186010 1093.2
1186020 1089.1
1186030 1085.8
1186040 1085.8
1186050 1081.4
1186060 1077.4
1186070 1077.4
1186080 1073.2
1186090 1067.2
1186100 1067.2
1186110 1063.2
1186120 1060.3
1186130 1060.3
1186140 1056.8
1186150 1053.4
1186160 1053.4
1186170 1050.8
1186180 1047.4
1186190 1047.4
1186200 1041.9
1186210 1035.6
1186220 1032.6
1186230 1032.6
1186240 1026.7
1186250 1019.6
1186260 1019.6
1186270 1012.8
1186280 1006.9
1186290 1006.9
1186300 1003.0
1186310 997.9
1186320 997.9
1186330 991.4
1186340 986.2
1186350 986.2
1186360 981.6
1186370 977.4
1186380 977.4
1186390 973.0
1186400 967.8
1186410 967.8
1186420 963.0
1186430 958.2
1186440 952.1
1186450 952.1
1186460 945.8
1186470 940.4
1186480 940.4
1186490 935.8
1186500 932.6
1186510 932.6
1186520 928.3
1186530 923.3
1186540 923.3
1186550 919.1
1186560 914.7
1186570 914.7
1186580 911.3
1186590 906.9
1186600 906.9
1186610 900.1
1186620 895.4
1186630 895.4
1186640 891.3
1186650 886.5
1186660 881.5
1186670 881.5
1186680 875.9
1186690 873.0
1186700 873.0
1186710 871.9
1186720 869.9
1186730 869.9
1186740 869.3
1186750 868.1
1186760 868.1
1186770 865.3
1186780 864.4
1186790 864.4
1186800 864.0
1186810 863.6
1186820 863.6
1186830 863.2
1186840 863.0
1186850 863.0
1186860 862.9
1186870 862.8
1186880 862.8
1186890 862.8
1186900 863.0
1186910 862.9
1186920 862.9
1186930 861.8
1186940 860.4
1186950 860.4
1186960 859.4
1186970 859.4
1186980 859.4
1186990 859.3
1187000 859.4
1187010 859.4
1187020 861.1
1187030 863.8
1187040 863.8
1187050 863.7
1187060 863.8
1187070 863.9
1187080 863.7
1187090 863.7
1187100 863.7
1187110 864.7
1187120 863.7
1187130 862.8
1187140 862.8
1187150 862.5
1187160 862.4
1187170 862.4
1187180 862.3
1187190 862.4
1187200 862.4
1187210 862.5
1187220 862.5
1187230 862.5
1187240 862.5
1187250 862.5
1187260 862.5
1187270 862.8
1187280 862.9
1187290 862.9
1187300 863.0
1187310 863.0
1187320 863.0
1187330 863.2
1187340 863.2
1187350 863.3
1187360 863.3
1187370 863.4
1187380 863.4
1187390 863.4
1187400 863.6
1187410 864.4
1187420 864.4
1187430 863.8
1187440 864.6
1187450 864.6
1187460 864.0
1187470 863.2
1187480 863.2
1187490 863.0
1187500 863.0
1187510 863.0
1187520 862.9
1187530 862.8
1187540 862.8
1187550 862.7
1187560 862.6
1187570 862.6
1187580 862.6
1187590 862.5
1187600 862.4
1187610 862.4
1187620 862.4
1187630 862.5
1187640 862.5
1187650 862.6
1187660 862.6
1187670 862.6
1187680 862.7
1187690 862.7
1187700 862.7
1187710 862.7
1187720 862.6
1187730 862.6
1187740 862.8
1187750 862.7
1187760 862.7
1187770 862.7
1187780 862.6
1187790 862.6
1187800 862.6
1187810 862.6
1187820 862.7
1187830 862.7
1187840 862.6
1187850 862.6
1187860 862.6
1187870 862.6
1187880 862.6
1187890 862.6
1187900 862.6
1187910 862.7
1187920 862.7
1187930 862.8
1187940 862.8
1187950 862.8
1187960 862.9
1187970 862.9
1187980 862.9
1187990 863.0
1188000 863.1
1188010 863.1
1188020 863.1
1188030 863.5
1188040 865.1
1188050 865.1
1188060 871.0
1188070 876.9
1188080 876.9
1188090 881.6
1188100 888.3
1188110 888.3
1188120 895.2
1188130 898.6
1188140 898.6
1188150 903.0
1188160 909.6
1188170 909.6
1188180 916.9
1188190 923.5
1188200 923.5
1188210 925.8
1188220 927.4
1188230 930.6
1188240 930.6
1188250 934.7
1188260 937.3
1188270 937.3
1188280 939.7
1188290 943.7
1188300 943.7
1188310 950.5
1188320 957.4
1188330 957.4
1188340 963.7
1188350 968.9
1188360 968.9
1188370 975.3
1188380 981.8
1188390 981.8
1188400 987.6
1188410 992.6
1188420 992.6
1188430 997.4
1188440 1002.7
1188450 1002.7
1188460 1008.4
1188470 1014.2
1188480 1020.9
1188490 1020.9
1188500 1028.4
1188510 1035.2
1188520 1035.2
1188530 1041.2
1188540 1047.1
1188550 1047.1
1188560 1053.5
1188570 1059.8
1188580 1059.8
1188590 1065.4
1188600 1070.8
1188610 1070.8
1188620 1075.5
1188630 1081.4
1188640 1081.4
1188650 1088.3
1188660 1095.0
1188670 1095.0
1188680 1101.6
1188690 1107.6
1188700 1113.6
1188710 1113.6
1188720 1119.9
1188730 1126.6
1188740 1126.6
1188750 1134.3
1188760 1141.2
1188770 1141.2
1188780 1151.0
1188790 1158.7
1188800 1158.7
1188810 1167.1
1188820 1176.2
1188830 1176.2
1188840 1184.8
1188850 1193.6
1188860 1193.6
1188870 1201.9
1188880 1208.4
1188890 1208.4
1188900 1213.7
1188910 1218.6
1188920 1223.8
1188930 1223.8
1188940 1229.9
1188950 1236.3
1188960 1236.3
1188970 1243.0
1188980 1249.2
1188990 1249.2
1189000 1254.4
1189010 1258.7
1189020 1258.7
1189030 1262.3
1189040 1265.7
1189050 1265.7
1189060 1268.8
1189070 1272.2
1189080 1272.2
1189090 1276.2
1189100 1280.6
1189110 1280.6
1189120 1284.7
1189130 1288.6
1189140 1292.0
1189150 1292.0
1189160 1294.2
1189170 1295.7
1189180 1295.7
1189190 1297.5
1189200 1298.4
1189210 1292.1
1189220 1288.6
1189230 1284.1
1189240 1284.1
1189250 1281.6
1189260 1280.4
1189270 1280.4
1189280 1279.2
1189290 1279.0
1189300 1279.0
1189310 1279.8
1189320 1281.9
1189330 1281.9
1189340 1284.7
1189350 1288.2
1189360 1291.7
1189370 1291.7
1189380 1294.0
1189390 1294.8
1189400 1294.8
1189410 1295.4
1189420 1296.0
1189430 1296.0
1189440 1292.0
1189450 1286.9
1189460 1286.9
1189470 1284.7
1189480 1284.1
1189490 1284.1
1189500 1283.0
1189510 1282.2
1189520 1282.2
1189530 1280.7
1189540 1278.2
1189550 1278.2
1189560 1276.1
1189570 1275.0
1189580 1273.8
1189590 1273.8
1189600 1271.9
1189610 1269.9
1189620 1269.9
1189630 1268.4
1189640 1263.5
1189650 1263.5
1189660 1262.1
1189670 1263.1
1189680 1263.1
1189690 1264.5
1189700 1267.1
1189710 1267.1
1189720 1273.3
1189730 1280.5
1189740 1280.5
1189750 1287.2
1189760 1290.8
1189770 1290.8
1189780 1294.1
1189790 1296.1
1189800 1295.1
1189810 1295.1
1189820 1295.2
1189830 1298.7
1189840 1298.7
1189850 1299.5
1189860 1300.1
1189870 1300.1
1189880 1300.3
1189890 1299.6
1189900 1299.6
1189910 1299.4
1189920 1298.7
1189930 1298.7
1189940 1298.2
1189950 1297.0
1189960 1297.0
1189970 1298.9
1189980 1302.5
1189990 1302.5
1190000 1304.9
1190010 1307.0
1190020 1307.0
1190030 1308.3
1190040 1310.2
1190050 1314.0
1190060 1314.0
1190070 1305.9
1190080 1307.4
1190090 1307.4
1190100 1307.9
1190110 1308.2
1190120 1308.2
1190130 1309.9
1190140 1311.1
1190150 1311.1
1190160 1311.7
1190170 1312.9
1190180 1312.9
1190190 1314.2
1190200 1314.1
1190210 1314.1
1190220 1313.5
1190230 1311.9
1190240 1311.9
1190250 1310.2
1190260 1309.3
1190270 1308.3
1190280 1308.3
1190290 1309.3
1190300 1309.9
1190310 1309.9
1190320 1310.7
1190330 1310.4
1190340 1310.4
1190350 1309.5
1190360 1307.2
1190370 1307.2
1190380 1306.1
1190390 1306.2
1190400 1306.2
1190410 1307.2
1190420 1307.3
1190430 1307.3
1190440 1307.5
1190450 1307.0
1190460 1307.0
1190470 1305.5
1190480 1303.6
1190490 1303.2
1190500 1300.2
1190510 1299.6
1190520 1300.0
1190530 1300.0
1190540 1302.0
1190550 1304.2
1190560 1304.2
1190570 1306.6
1190580 1309.0
1190590 1309.0
1190600 1311.6
1190610 1315.2
1190620 1315.2
1190630 1319.0
1190640 1322.9
1190650 1322.9
1190660 1327.0
1190670 1331.6
1190680 1331.6
1190690 1336.3
1190700 1339.8
1190710 1343.2
1190720 1343.2
1190730 1345.3
1190740 1347.0
1190750 1347.0
1190760 1348.5
1190770 1349.7
1190780 1349.7
1190790 1351.0
1190800 1352.2
1190810 1352.2
1190820 1353.3
1190830 1354.3
1190840 1354.3
1190850 1355.3
1190860 1356.2
1190870 1356.2
1190880 1357.2
1190890 1357.9
1190900 1357.9
1190910 1358.1
1190920 1358.1
1190930 1353.9
1190940 1353.9
1190950 1354.4
1190960 1354.8
1190970 1354.8
1190980 1354.7
1190990 1354.9
1191000 1354.9
1191010 1355.4
1191020 1355.7
1191030 1355.7
1191040 1355.9
1191050 1356.2
1191060 1356.2
1191070 1356.8
1191080 1357.6
1191090 1357.6
1191100 1359.2
1191110 1359.8
1191120 1359.8
1191130 1358.8
1191140 1358.8
1191150 1358.6
1191160 1358.6
1191170 1358.4
1191180 1358.6
1191190 1358.6
1191200 1359.3
1191210 1360.3
1191220 1360.3
1191230 1361.4
1191240 1362.7
1191250 1362.7
1191260 1364.1
1191270 1365.3
1191280 1365.3
1191290 1366.2
1191300 1366.7
1191310 1366.7
1191320 1367.1
1191330 1368.1
1191340 1368.1
1191350 1369.5
1191360 1367.0
1191370 1367.2
1191380 1367.2
1191390 1367.9
1191400 1368.5
1191410 1368.5
1191420 1368.9
1191430 1368.8
1191440 1368.8
1191450 1367.9
1191460 1367.2
1191470 1367.2
1191480 1368.2
1191490 1366.4
1191500 1366.4
1191510 1361.9
1191520 1358.3
1191530 1358.3
1191540 1353.6
1191550 1348.7
1191560 1348.7
1191570 1343.2
1191580 1336.9
1191590 1331.4
1191600 1331.4
1191610 1327.6
1191620 1323.7
1191630 1323.7
1191640 1321.1
1191650 1319.6
1191660 1319.6
1191670 1318.8
1191680 1317.3
1191690 1317.3
1191700 1314.9
1191710 1312.5
1191720 1312.5
1191730 1310.6
1191740 1308.9
1191750 1308.9
1191760 1313.2
1191770 1316.9
1191780 1316.9
1191790 1321.7
1191800 1327.8
1191810 1327.8
1191820 1333.6
1191830 1336.7
1191840 1340.7
1191850 1340.7
1191860 1348.1
1191870 1355.7
1191880 1355.7
1191890 1362.6
1191900 1369.0
1191910 1369.0
1191920 1375.9
1191930 1380.7
1191940 1380.7
1191950 1382.8
1191960 1384.6
1191970 1384.6
1191980 1385.5
1191990 1385.2
1192000 1385.2
1192010 1385.0
1192020 1385.1
1192030 1385.1
1192040 1385.3
1192050 1385.5
1192060 1386.0
1192070 1386.0
1192080 1387.1
1192090 1388.5
1192100 1388.5
1192110 1390.1
1192120 1391.9
1192130 1391.9
1192140 1393.8
1192150 1395.7
1192160 1395.7
1192170 1397.3
1192180 1398.5
1192190 1398.5
1192200 1398.6
1192210 1398.9
1192220 1398.9
1192230 1400.0
1192240 1402.8
1192250 1402.8
1192260 1404.9
1192270 1406.7
1192280 1408.3
1192290 1408.3
1192300 1409.7
1192310 1411.2
1192320 1411.2
1192330 1412.7
1192340 1414.2
1192350 1414.2
1192360 1415.6
1192370 1417.2
1192380 1417.2
1192390 1418.9
1192400 1420.8
1192410 1420.8
1192420 1422.3
1192430 1423.7
1192440 1423.7
1192450 1425.2
1192460 1426.8
1192470 1426.8
1192480 1428.5
1192490 1430.2
1192500 1432.1
1192510 1432.1
1192520 1433.8
1192530 1435.5
1192540 1435.5
1192550 1437.1
1192560 1438.5
1192570 1438.5
1192580 1439.9
1192590 1441.3
1192600 1441.3
1192610 1441.4
1192620 1437.5
1192630 1437.5
1192640 1432.2
1192650 1426.8
1192660 1425.0
1192670 1420.1
1192680 1415.0
1192690 1415.0
1192700 1411.1
1192710 1407.7
1192720 1404.5
1192730 1404.5
1192740 1401.6
1192750 1398.5
1192760 1398.5
1192770 1392.1
1192780 1385.5
1192790 1385.5
1192800 1377.9
1192810 1371.2
1192820 1371.2
1192830 1366.5
1192840 1364.9
1192850 1364.9
1192860 1364.4
1192870 1364.5
1192880 1364.5
1192890 1366.4
1192900 1368.0
1192910 1368.0
1192920 1366.9
1192930 1370.5
1192940 1373.6
1192950 1373.6
1192960 1375.8
1192970 1377.1
1192980 1377.1
1192990 1380.4
1193000 1386.9
1193010 1386.9
1193020 1394.6
1193030 1402.7
1193040 1402.7
1193050 1412.4
1193060 1421.8
1193070 1421.8
1193080 1430.6
1193090 1441.8
1193100 1443.7
1193110 1456.4
1193120 1468.1
1193130 1468.1
1193140 1475.3
1193150 1482.7
1193160 1489.4
1193170 1489.4
1193180 1494.1
1193190 1499.3
1193200 1499.3
1193210 1504.6
1193220 1509.8
1193230 1509.8
1193240 1513.3
1193250 1516.7
1193260 1516.7
1193270 1518.7
1193280 1520.9
1193290 1520.9
1193300 1523.2
1193310 1525.8
1193320 1525.8
1193330 1528.5
1193340 1531.3
1193350 1531.3
1193360 1534.4
1193370 1538.1
1193380 1538.1
1193390 1541.9
1193400 1546.4
1193410 1550.4
1193420 1550.4
1193430 1553.8
1193440 1557.0
1193450 1557.0
1193460 1560.7
1193470 1564.9
1193480 1564.9
1193490 1569.0
1193500 1573.5
1193510 1573.5
1193520 1577.0
1193530 1576.9
1193540 1576.9
1193550 1579.7
1193560 1583.2
1193570 1583.2
1193580 1587.4
1193590 1591.9
1193600 1591.9
1193610 1596.5
1193620 1601.5
1193630 1604.5
1193640 1604.5
1193650 1606.9
1193660 1609.9
1193670 1609.9
1193680 1612.6
1193690 1616.3
1193700 1616.3
1193710 1619.9
1193720 1623.0
1193730 1623.0
1193740 1625.8
1193750 1629.0
1193760 1629.0
1193770 1632.7
1193780 1636.4
1193790 1636.4
1193800 1639.5
1193810 1642.0
1193820 1642.0
1193830 1645.1
1193840 1648.9
1193850 1653.1
1193860 1653.1
1193870 1657.1
1193880 1660.6
1193890 1660.6
1193900 1663.6
1193910 1665.6
1193920 1665.6
1193930 1665.4
1193940 1662.3
1193950 1662.3
1193960 1657.0
1193970 1645.9
1193980 1645.9
1193990 1644.4
1194000 1647.7
1194010 1647.7
1194020 1653.2
1194030 1658.5
1194040 1658.5
1194050 1663.1
1194060 1668.4
1194070 1674.8
1194080 1674.8
1194090 1681.6
1194100 1688.9
1194110 1688.9
1194120 1696.5
1194130 1703.1
1194140 1703.1
1194150 1709.3
1194160 1716.1
1194170 1716.1
1194180 1723.0
1194190 1729.1
1194200 1729.1
1194210 1733.1
1194220 1736.5
1194230 1736.5
1194240 1740.2
1194250 1743.8
1194260 1743.8
1194270 1747.5
1194280 1749.0
1194290 1748.6
1194300 1748.6
1194310 1750.3
1194320 1753.5
1194330 1753.5
1194340 1757.5
1194350 1762.9
1194360 1762.9
1194370 1768.1
1194380 1773.3
1194390 1773.3
1194400 1779.0
1194410 1781.0
1194420 1781.0
1194430 1784.5
1194440 1783.4
1194450 1783.4
1194460 1776.2
1194470 1771.4
1194480 1771.4
1194490 1769.0
1194500 1769.9
1194510 1771.5
1194520 1771.5
1194530 1776.8
1194540 1785.8
1194550 1785.8
1194560 1793.9
1194570 1802.0
1194580 1802.0
1194590 1810.2
1194600 1817.1
1194610 1817.1
1194620 1822.2
1194630 1828.0
1194640 1828.0
1194650 1834.0
1194660 1839.6
1194670 1839.6
1194680 1845.4
1194690 1851.0
1194700 1851.0
1194710 1856.3
1194720 1860.5
1194730 1861.9
1194740 1861.9
1194750 1865.5
1194760 1870.5
1194770 1870.5
1194780 1874.0
1194790 1878.2
1194800 1878.2
1194810 1883.3
1194820 1887.5
1194830 1887.5
1194840 1884.9
1194850 1887.1
1194860 1887.1
1194870 1889.2
1194880 1891.2
1194890 1891.2
1194900 1893.3
1194910 1895.2
1194920 1895.2
1194930 1897.3
1194940 1900.3
1194950 1900.3
1194960 1903.7
1194970 1907.8
1194980 1912.1
1194990 1912.1
1195000 1916.9
1195010 1922.2
1195020 1922.2
1195030 1927.3
1195040 1930.3
1195050 1930.3
1195060 1931.7
1195070 1933.1
1195080 1933.1
1195090 1934.3
1195100 1935.9
1195110 1935.9
1195120 1936.8
1195130 1937.3
1195140 1937.3
1195150 1938.4
1195160 1939.9
1195170 1939.9
1195180 1942.1
1195190 1944.9
1195200 1948.5
1195210 1948.5
1195220 1952.5
1195230 1956.0
1195240 1956.0
1195250 1959.1
1195260 1962.0
1195270 1962.0
1195280 1954.9
1195290 1956.9
1195300 1956.9
1195310 1959.0
1195320 1961.4
1195330 1961.4
1195340 1964.0
1195350 1967.7
1195360 1967.7
1195370 1971.4
1195380 1974.3
1195390 1974.3
1195400 1978.4
1195410 1982.9
1195420 1987.0
1195430 1987.0
1195440 1990.8
1195450 1994.7
1195460 1994.7
1195470 1998.2
1195480 2002.6
1195490 2002.6
1195500 2004.7
1195510 2005.0
1195520 2005.0
1195530 2005.3
1195540 2005.4
1195550 2005.4
1195560 2005.5
1195570 2008.3
1195580 2008.3
1195590 2010.6
1195600 2006.8
1195610 2006.8
1195620 2006.8
1195630 2007.9
1195640 2005.4
1195650 2005.4
1195660 2005.8
1195670 2008.9
1195680 2008.9
1195690 2012.2
1195700 2013.0
1195710 2013.0
1195720 2003.0
1195730 1998.7
1195740 1998.7
1195750 1999.5
1195760 2001.5
1195770 2001.5
1195780 2001.3
1195790 2000.1
1195800 2000.1
1195810 1999.8
1195820 2001.0
1195830 2001.0
1195840 2003.3
1195850 2006.0
1195860 2007.7
1195870 2007.7
1195880 2009.0
1195890 2010.1
1195900 2010.1
1195910 2011.6
1195920 2013.8
1195930 2013.8
1195940 2014.9
1195950 2018.9
1195960 2018.9
1195970 2022.9
1195980 2026.5
1195990 2026.5
1196000 2030.7
1196010 2036.0
1196020 2036.0
1196030 2041.8
1196040 2048.3
1196050 2048.3
1196060 2054.9
1196070 2062.2
1196080 2070.2
1196090 2070.2
1196100 2078.0
1196110 2086.0
1196120 2086.0
1196130 2093.8
1196140 2101.9
1196150 2101.9
1196160 2111.8
1196170 2122.0
1196180 2122.0
1196190 2129.7
1196200 2133.1
1196210 2133.1
1196220 2135.9
1196230 2138.6
1196240 2138.6
1196250 2141.2
1196260 2143.2
1196270 2143.2
1196280 2145.8
1196290 2148.5
1196300 2150.9
1196310 2150.9
1196320 2153.0
1196330 2155.2
1196340 2155.2
1196350 2157.3
1196360 2158.9
1196370 2158.9
1196380 2160.3
1196390 2161.0
1196400 2161.0
1196410 2158.4
1196420 2156.8
1196430 2156.8
1196440 2155.3
1196450 2149.0
1196460 2149.0
1196470 2142.3
1196480 2142.1
1196490 2142.1
1196500 2145.3
1196510 2149.7
1196520 2149.7
1196530 2155.0
1196540 2159.6
1196550 2159.8
1196560 2159.8
1196570 2157.6
1196580 2156.8
1196590 2156.8
1196600 2156.7
1196610 2163.2
1196620 2163.2
1196630 2170.1
1196640 2174.5
1196650 2174.5
1196660 2176.6
1196670 2178.4
1196680 2178.4
1196690 2180.3
1196700 2182.9
1196710 2182.9
1196720 2185.6
1196730 2187.9
1196740 2187.9
1196750 2190.6
1196760 2193.4
1196770 2196.4
1196780 2196.4
1196790 2199.3
1196800 2201.8
1196810 2201.8
1196820 2204.1
1196830 2206.8
1196840 2206.8
1196850 2210.3
1196860 2213.9
1196870 2213.9
1196880 2217.0
1196890 2217.9
1196900 2217.9
1196910 2216.2
1196920 2214.9
1196930 2214.9
1196940 2216.6
1196950 2221.3
1196960 2221.3
1196970 2223.9
1196980 2224.5
1196990 2226.7
1197000 2226.7
1197010 2230.2
1197020 2234.2
1197030 2234.2
1197040 2237.5
1197050 2242.6
1197060 2242.6
1197070 2245.5
1197080 2248.6
1197090 2248.6
1197100 2251.7
1197110 2253.5
1197120 2253.5
1197130 2254.8
1197140 2257.3
1197150 2257.3
1197160 2260.3
1197170 2263.0
1197180 2263.0
1197190 2264.9
1197200 2266.7
1197210 2269.1
1197220 2269.1
1197230 2271.2
1197240 2273.5
1197250 2273.5
1197260 2276.2
1197270 2281.2
1197280 2281.2
1197290 2289.3
1197300 2298.1
1197310 2298.1
1197320 2307.1
1197330 2316.1
1197340 2316.1
1197350 2324.9
1197360 2332.5
1197370 2332.5
1197380 2337.0
1197390 2339.7
1197400 2339.7
1197410 2341.5
1197420 2342.7
1197430 2344.4
1197440 2344.4
1197450 2346.1
1197460 2348.1
1197470 2348.1
1197480 2348.0
1197490 2353.1
1197500 2353.1
1197510 2358.5
1197520 2363.1
1197530 2363.1
1197540 2367.4
1197550 2372.7
1197560 2372.7
1197570 2379.5
1197580 2384.4
1197590 2384.4
1197600 2385.3
1197610 2383.9
1197620 2383.9
1197630 2384.1
1197640 2385.7
1197650 2389.1
1197660 2389.1
1197670 2395.6
1197680 2401.0
1197690 2401.0
1197700 2406.3
1197710 2410.5
1197720 2410.5
1197730 2414.4
1197740 2418.9
1197750 2418.9
1197760 2424.7
1197770 2429.1
1197780 2429.1
1197790 2432.9
1197800 2436.5
1197810 2436.5
1197820 2440.7
1197830 2442.0
1197840 2442.0
1197850 2441.1
1197860 2443.1
1197870 2442.4
1197880 2442.4
1197890 2440.6
1197900 2438.6
1197910 2438.6
1197920 2433.5
1197930 2436.9
1197940 2436.9
1197950 2440.2
1197960 2444.4
1197970 2444.4
1197980 2449.1
1197990 2453.5
1198000 2453.5
1198010 2457.1
1198020 2461.0
1198030 2461.0
1198040 2463.7
1198050 2465.3
1198060 2465.3
1198070 2466.5
1198080 2469.3
1198090 2469.3
1198100 2473.8
1198110 2479.9
1198120 2485.3
1198130 2485.3
1198140 2487.9
1198150 2490.4
1198160 2490.4
1198170 2495.4
1198180 2499.5
1198190 2499.5
1198200 2497.2
1198210 2493.6
1198220 2493.6
1198230 2496.4
1198240 2500.6
1198250 2500.6
1198260 2506.2
1198270 2509.6
1198280 2509.6
1198290 2513.1
1198300 2515.9
1198310 2515.9
1198320 2517.6
1198330 2520.5
1198340 2525.0
1198350 2525.0
1198360 2529.2
1198370 2528.3
1198380 2528.3
1198390 2532.2
1198400 2536.8
1198410 2536.8
1198420 2541.2
1198430 2544.9
1198440 2544.9
1198450 2547.9
1198460 2551.3
1198470 2551.3
1198480 2555.2
1198490 2558.9
1198500 2558.9
1198510 2560.3
1198520 2562.8
1198530 2562.8
1198540 2565.2
1198550 2567.4
1198560 2569.6
1198570 2569.6
1198580 2571.3
1198590 2571.9
1198600 2571.9
1198610 2573.0
1198620 2574.9
1198630 2574.9
1198640 2576.6
1198650 2575.0
1198660 2575.0
1198670 2572.9
1198680 2572.9
1198690 2572.9
1198700 2571.6
1198710 2570.6
1198720 2570.6
1198730 2571.9
1198740 2572.4
1198750 2572.4
1198760 2572.7
1198770 2574.5
1198780 2577.5
1198790 2577.5
1198800 2580.7
1198810 2578.7
1198820 2578.7
1198830 2585.3
1198840 2591.3
1198850 2591.3
1198860 2596.8
1198870 2603.1
1198880 2603.1
1198890 2610.4
1198900 2617.0
1198910 2617.0
1198920 2623.0
1198930 2629.3
1198940 2629.3
1198950 2635.7
1198960 2641.7
1198970 2641.7
1198980 2646.6
1198990 2649.5
1199000 2653.5
1199010 2653.5
1199020 2658.1
1199030 2662.3
1199040 2662.3
1199050 2666.0
1199060 2668.8
1199070 2668.8
1199080 2672.4
1199090 2677.9
1199100 2677.9
1199110 2680.8
1199120 2682.5
1199130 2682.5
1199140 2684.0
1199150 2683.1
1199160 2683.1
1199170 2684.4
1199180 2686.8
1199190 2686.8
1199200 2688.0
1199210 2688.2
1199220 2689.6
1199230 2689.6
1199240 2692.6
1199250 2690.0
1199260 2690.0
1199270 2693.2
1199280 2696.4
1199290 2696.4
1199300 2699.0
1199310 2701.6
1199320 2701.6
1199330 2704.7
1199340 2707.1
1199350 2707.1
1199360 2709.2
1199370 2711.9
1199380 2711.9
1199390 2716.3
1199400 2721.9
1199410 2721.9
1199420 2727.3
1199430 2733.2
1199440 2737.4
1199450 2737.4
1199460 2743.4
1199470 2748.8
1199480 2748.8
1199490 2751.5
1199500 2755.3
1199510 2755.3
1199520 2760.2
1199530 2762.1
1199540 2762.1
1199550 2760.7
1199560 2759.5
1199570 2759.5
1199580 2762.7
1199590 2766.4
1199600 2766.4
1199610 2770.9
1199620 2773.2
1199630 2773.2
1199640 2768.6
1199650 2758.5
1199660 2751.0
1199670 2751.0
1199680 2749.6
1199690 2746.3
1199700 2737.7
1199710 2734.5
1199720 2733.9
1199730 2733.9
1199740 2733.6
1199750 2734.2
1199760 2734.2
1199770 2736.6
1199780 2738.7
1199790 2738.7
1199800 2739.0
1199810 2739.7
1199820 2739.7
1199830 2740.3
1199840 2738.1
1199850 2738.1
1199860 2731.8
1199870 2724.6
1199880 2724.6
1199890 2715.8
1199900 2706.4
1199910 2696.9
1199920 2696.9
1199930 2688.2
1199940 2679.3
1199950 2679.3
1199960 2669.4
1199970 2659.6
1199980 2659.6
1199990 2651.4
