1180000 2199.4
1180010 2199.4
1180020 2194.5
1180030 2189.8
1180040 2189.8
1180050 2184.6
1180060 2179.8
1180070 2179.8
1180080 2176.1
1180090 2173.2
1180100 2173.2
1180110 2170.0
1180120 2166.9
1180130 2163.8
1180140 2163.8
1180150 2161.2
1180160 2158.7
1180170 2158.7
1180180 2156.3
1180190 2156.9
1180200 2156.9
1180210 2154.6
1180220 2152.4
1180230 2152.4
1180240 2150.1
1180250 2147.6
1180260 2147.6
1180270 2145.2
1180280 2142.6
1180290 2142.6
1180300 2139.9
1180310 2137.3
1180320 2137.3
1180330 2134.6
1180340 2130.6
1180350 2127.5
1180360 2127.5
1180370 2124.9
1180380 2122.9
1180390 2122.9
1180400 2120.1
1180410 2118.9
1180420 2118.9
1180430 2117.6
1180440 2114.6
1180450 2114.6
1180460 2113.0
1180470 2112.2
1180480 2112.2
1180490 2111.0
1180500 2111.2
1180510 2111.2
1180520 2111.8
1180530 2112.2
1180540 2112.2
1180550 2109.8
1180560 2106.0
1180570 2106.0
1180580 2106.0
1180590 2108.4
1180600 2115.1
1180610 2115.1
1180620 2118.9
1180630 2123.3
1180640 2123.3
1180650 2127.4
1180660 2131.7
1180670 2131.7
1180680 2136.8
1180690 2143.4
1180700 2143.4
1180710 2151.0
1180720 2157.8
1180730 2157.8
1180740 2163.2
1180750 2165.5
1180760 2165.5
1180770 2166.8
1180780 2167.4
1180790 2167.4
1180800 2168.8
1180810 2170.7
1180820 2171.3
1180830 2171.3
1180840 2170.9
1180850 2170.9
1180860 2170.9
1180870 2171.5
1180880 2173.5
1180890 2173.5
1180900 2175.9
1180910 2175.1
1180920 2175.1
1180930 2171.2
1180940 2167.1
1180950 2167.1
1180960 2166.0
1180970 2166.8
1180980 2166.8
1180990 2166.3
1181000 2164.8
1181010 2164.8
1181020 2165.3
1181030 2165.2
1181040 2165.3
1181050 2165.3
1181060 2164.4
1181070 2166.5
1181080 2166.5
1181090 2170.1
1181100 2173.9
1181110 2173.9
1181120 2177.7
1181130 2181.2
1181140 2181.2
1181150 2184.4
1181160 2187.5
1181170 2187.5
1181180 2190.9
1181190 2194.1
1181200 2194.1
1181210 2197.2
1181220 2200.0
1181230 2200.0
1181240 2202.4
1181250 2204.6
1181260 2206.5
1181270 2206.5
1181280 2208.5
1181290 2210.8
1181300 2210.8
1181310 2213.2
1181320 2215.8
1181330 2215.8
1181340 2218.0
1181350 2219.8
1181360 2219.8
1181370 2221.8
1181380 2224.0
1181390 2224.0
1181400 2226.2
1181410 2228.5
1181420 2228.5
1181430 2230.6
1181440 2238.1
1181450 2238.1
1181460 2239.7
1181470 2241.1
1181480 2242.6
1181490 2242.6
1181500 2243.6
1181510 2243.8
1181520 2243.8
1181530 2242.9
1181540 2241.7
1181550 2241.7
1181560 2240.9
1181570 2239.7
1181580 2239.7
1181590 2239.9
1181600 2240.6
1181610 2240.6
1181620 2240.9
1181630 2243.3
1181640 2243.3
1181650 2245.7
1181660 2245.6
1181670 2245.6
1181680 2245.0
1181690 2244.7
1181700 2244.7
1181710 2244.7
1181720 2244.7
1181730 2244.8
1181740 2244.8
1181750 2244.8
1181760 2244.9
1181770 2244.9
1181780 2245.0
1181790 2244.9
1181800 2244.9
1181810 2244.9
1181820 2244.9
1181830 2244.9
1181840 2244.9
1181850 2244.9
1181860 2245.0
1181870 2244.5
1181880 2241.0
1181890 2241.0
1181900 2236.6
1181910 2232.2
1181920 2232.2
1181930 2229.3
1181940 2226.8
1181950 2225.3
1181960 2225.3
1181970 2224.0
1181980 2223.5
1181990 2223.5
1182000 2222.1
1182010 2219.8
1182020 2219.8
1182030 2216.2
1182040 2214.4
1182050 2214.4
1182060 2213.9
1182070 2213.8
1182080 2213.8
1182090 2213.5
1182100 2213.6
1182110 2213.6
1182120 2213.9
1182130 2215.2
1182140 2215.2
1182150 2216.7
1182160 2218.0
1182170 2219.1
1182180 2219.1
1182190 2219.9
1182200 2219.7
1182210 2219.7
1182220 2218.8
1182230 2218.0
1182240 2218.0
1182250 2217.8
1182260 2217.5
1182270 2217.5
1182280 2214.8
1182290 2214.4
1182300 2214.4
1182310 2213.8
1182320 2212.5
1182330 2212.5
1182340 2210.9
1182350 2209.2
1182360 2209.2
1182370 2207.6
1182380 2206.4
1182390 2205.5
1182400 2205.5
1182410 2205.1
1182420 2204.5
1182430 2204.5
1182440 2203.3
1182450 2201.6
1182460 2201.6
1182470 2200.0
1182480 2197.8
1182490 2197.8
1182500 2195.3
1182510 2192.0
1182520 2192.0
1182530 2188.8
1182540 2185.7
1182550 2185.7
1182560 2182.8
1182570 2180.3
1182580 2180.3
1182590 2177.1
1182600 2174.1
1182610 2172.3
1182620 2172.3
1182630 2170.9
1182640 2169.2
1182650 2169.2
1182660 2166.8
1182670 2163.7
1182680 2163.7
1182690 2160.1
1182700 2153.8
1182710 2153.8
1182720 2150.3
1182730 2147.8
1182740 2147.8
1182750 2145.4
1182760 2143.1
1182770 2143.1
1182780 2141.7
1182790 2139.6
1182800 2139.6
1182810 2136.3
1182820 2132.1
1182830 2128.2
1182840 2128.2
1182850 2124.3
1182860 2119.5
1182870 2119.5
1182880 2117.3
1182890 2113.8
1182900 2113.8
1182910 2109.5
1182920 2104.9
1182930 2104.9
1182940 2096.6
1182950 2084.8
1182960 2084.8
1182970 2076.0
1182980 2068.3
1182990 2068.3
1183000 2060.7
1183010 2054.4
1183020 2054.4
1183030 2049.6
1183040 2044.0
1183050 2038.0
1183060 2038.0
1183070 2032.2
1183080 2026.6
1183090 2026.6
1183100 2022.1
1183110 2017.0
1183120 2019.1
1183130 2012.9
1183140 2005.5
1183150 2005.5
1183160 1998.6
1183170 1992.5
1183180 1992.5
1183190 1986.2
1183200 1979.2
1183210 1979.2
1183220 1973.1
1183230 1967.5
1183240 1967.5
1183250 1961.4
1183260 1955.0
1183270 1955.0
1183280 1948.9
1183290 1941.6
1183300 1933.1
1183310 1933.1
1183320 1924.0
1183330 1915.7
1183340 1915.7
1183350 1908.3
1183360 1900.8
1183370 1900.8
1183380 1893.3
1183390 1885.9
1183400 1885.9
1183410 1878.3
1183420 1870.2
1183430 1870.2
1183440 1862.5
1183450 1856.3
1183460 1856.3
1183470 1850.4
1183480 1842.9
1183490 1842.9
1183500 1835.8
1183510 1830.7
1183520 1825.5
1183530 1825.5
1183540 1817.5
1183550 1811.6
1183560 1811.6
1183570 1805.6
1183580 1799.1
1183590 1799.1
1183600 1793.1
1183610 1788.6
1183620 1788.6
1183630 1784.0
1183640 1778.9
1183650 1778.9
1183660 1774.5
1183670 1771.0
1183680 1771.0
1183690 1767.3
1183700 1762.9
1183710 1762.9
1183720 1758.3
1183730 1754.0
1183740 1750.8
1183750 1750.8
1183760 1748.1
1183770 1745.4
1183780 1745.4
1183790 1742.8
1183800 1740.0
1183810 1740.0
1183820 1735.7
1183830 1731.9
1183840 1731.9
1183850 1727.2
1183860 1723.0
1183870 1723.0
1183880 1718.4
1183890 1713.3
1183900 1713.3
1183910 1708.2
1183920 1703.0
1183930 1703.0
1183940 1698.0
1183950 1692.6
1183960 1685.5
1183970 1685.5
1183980 1682.0
1183990 1679.5
1184000 1679.5
1184010 1677.3
1184020 1673.7
1184030 1673.7
1184040 1669.2
1184050 1664.0
1184060 1664.0
1184070 1659.2
1184080 1654.1
1184090 1654.1
1184100 1648.3
1184110 1643.6
1184120 1643.6
1184130 1641.2
1184140 1639.4
1184150 1639.4
1184160 1636.8
1184170 1631.7
1184180 1627.0
1184190 1627.0
1184200 1621.9
1184210 1617.4
1184220 1617.4
1184230 1613.9
1184240 1610.0
1184250 1610.0
1184260 1605.5
1184270 1601.6
1184280 1601.6
1184290 1597.6
1184300 1593.0
1184310 1593.0
1184320 1586.5
1184330 1580.2
1184340 1580.2
1184350 1574.5
1184360 1570.1
1184370 1570.1
1184380 1566.6
1184390 1563.3
1184400 1559.8
1184410 1559.8
1184420 1556.7
1184430 1550.7
1184440 1550.7
1184450 1543.6
1184460 1537.2
1184470 1537.2
1184480 1531.7
1184490 1528.8
1184500 1528.8
1184510 1529.1
1184520 1529.9
1184530 1529.9
1184540 1527.5
1184550 1523.6
1184560 1523.6
1184570 1520.6
1184580 1518.5
1184590 1518.5
1184600 1518.4
1184610 1518.8
1184620 1518.8
1184630 1519.4
1184640 1521.8
1184650 1522.8
1184660 1522.8
1184670 1521.9
1184680 1520.7
1184690 1520.7
1184700 1517.9
1184710 1513.1
1184720 1513.1
1184730 1509.4
1184740 1506.2
1184750 1506.2
1184760 1505.5
1184770 1505.1
1184780 1505.1
1184790 1501.1
1184800 1497.9
1184810 1499.2
1184820 1497.2
1184830 1496.8
1184840 1496.8
1184850 1495.1
1184860 1492.8
1184870 1490.0
1184880 1490.0
1184890 1481.5
1184900 1471.7
1184910 1471.7
1184920 1462.0
1184930 1452.9
1184940 1452.9
1184950 1443.5
1184960 1433.5
1184970 1433.5
1184980 1423.0
1184990 1413.5
1185000 1413.5
1185010 1405.2
1185020 1397.1
1185030 1397.1
1185040 1389.8
1185050 1383.7
1185060 1383.7
1185070 1378.7
1185080 1375.0
1185090 1372.9
1185100 1372.9
1185110 1369.5
1185120 1364.4
1185130 1364.4
1185140 1359.9
1185150 1355.9
1185160 1355.9
1185170 1351.2
1185180 1345.7
1185190 1345.7
1185200 1341.1
1185210 1335.8
1185220 1335.8
1185230 1329.2
1185240 1326.4
1185250 1326.4
1185260 1323.6
1185270 1317.8
1185280 1317.8
1185290 1313.5
1185300 1310.7
1185310 1306.3
1185320 1306.3
1185330 1302.2
1185340 1298.3
1185350 1298.3
1185360 1292.8
1185370 1287.0
1185380 1287.0
1185390 1282.5
1185400 1277.3
1185410 1277.3
1185420 1271.9
1185430 1269.5
1185440 1269.5
1185450 1269.6
1185460 1269.0
1185470 1269.0
1185480 1264.0
1185490 1257.8
1185500 1257.8
1185510 1252.4
1185520 1247.1
1185530 1242.5
1185540 1242.5
1185550 1237.8
1185560 1232.2
1185570 1232.2
1185580 1227.2
1185590 1223.4
1185600 1223.4
1185610 1219.7
1185620 1215.6
1185630 1215.6
1185640 1211.2
1185650 1205.4
1185660 1205.4
1185670 1199.3
1185680 1194.3
1185690 1194.3
1185700 1190.3
1185710 1185.7
1185720 1185.7
1185730 1180.6
1185740 1175.9
1185750 1170.7
1185760 1170.7
1185770 1165.5
1185780 1161.3
1185790 1161.3
1185800 1158.0
1185810 1155.3
1185820 1155.3
1185830 1151.7
1185840 1147.8
1185850 1147.8
1185860 1145.0
1185870 1142.7
1185880 1142.7
1185890 1141.1
1185900 1138.0
1185910 1138.0
1185920 1133.2
1185930 1126.5
1185940 1126.5
1185950 1118.5
1185960 1110.4
1185970 1103.5
1185980 1103.5
1185990 1097.3
1186000 1093.3
1186010 1093.3
1186020 1089.6
1186030 1086.1
1186040 1086.1
1186050 1082.0
1186060 1078.5
1186070 1078.5
1186080 1073.2
1186090 1067.2
1186100 1067.2
1186110 1063.2
1186120 1060.3
1186130 1060.3
1186140 1056.8
1186150 1053.4
1186160 1053.4
1186170 1050.8
1186180 1047.4
1186190 1047.4
1186200 1041.9
1186210 1035.6
1186220 1030.4
1186230 1030.4
1186240 1024.8
1186250 1017.8
1186260 1017.8
1186270 1010.7
1186280 1004.8
1186290 1004.8
1186300 1000.8
1186310 995.3
1186320 995.3
1186330 988.8
1186340 984.0
1186350 984.0
1186360 978.7
1186370 973.9
1186380 973.9
1186390 968.5
1186400 963.2
1186410 963.2
1186420 958.5
1186430 954.0
1186440 947.8
1186450 947.8
1186460 941.4
1186470 937.1
1186480 937.1
1186490 933.4
1186500 929.9
1186510 932.6
1186520 928.3
1186530 923.3
1186540 923.3
1186550 919.1
1186560 914.7
1186570 914.7
1186580 911.3
1186590 906.9
1186600 906.9
1186610 900.1
1186620 895.4
1186630 895.4
1186640 890.7
1186650 885.1
1186660 879.0
1186670 879.0
1186680 874.3
1186690 873.1
1186700 873.1
1186710 872.0
1186720 870.2
1186730 870.2
1186740 869.3
1186750 868.2
1186760 868.2
1186770 866.2
1186780 864.7
1186790 864.7
1186800 864.2
1186810 863.8
1186820 863.8
1186830 863.4
1186840 863.2
1186850 863.2
1186860 863.0
1186870 862.8
1186880 862.8
1186890 862.8
1186900 862.9
1186910 862.9
1186920 862.9
1186930 861.8
1186940 860.4
1186950 860.4
1186960 859.4
1186970 859.4
1186980 859.4
1186990 859.3
1187000 859.4
1187010 859.4
1187020 861.1
1187030 863.8
1187040 863.8
1187050 863.7
1187060 863.8
1187070 863.8
1187080 863.9
1187090 863.5
1187100 863.9
1187110 863.9
1187120 864.7
1187130 863.2
1187140 863.2
1187150 862.5
1187160 862.3
1187170 862.3
1187180 862.3
1187190 862.3
1187200 862.3
1187210 862.4
1187220 862.5
1187230 862.5
1187240 862.5
1187250 862.6
1187260 862.6
1187270 862.8
1187280 863.0
1187290 863.0
1187300 863.0
1187310 863.1
1187320 863.2
1187330 863.2
1187340 863.3
1187350 863.5
1187360 863.3
1187370 863.4
1187380 863.4
1187390 863.4
1187400 863.6
1187410 864.4
1187420 864.4
1187430 863.8
1187440 864.6
1187450 864.6
1187460 864.0
1187470 863.2
1187480 863.2
1187490 863.0
1187500 862.8
1187510 862.8
1187520 862.7
1187530 862.7
1187540 862.6
1187550 862.6
1187560 862.6
1187570 862.5
1187580 862.5
1187590 862.4
1187600 862.3
1187610 862.3
1187620 862.3
1187630 862.4
1187640 862.4
1187650 862.5
1187660 862.5
1187670 862.5
1187680 862.6
1187690 862.6
1187700 862.6
1187710 862.5
1187720 862.5
1187730 862.5
1187740 862.7
1187750 862.5
1187760 862.5
1187770 862.6
1187780 862.6
1187790 862.6
1187800 862.6
1187810 862.6
1187820 862.7
1187830 862.7
1187840 862.6
1187850 862.6
1187860 862.6
1187870 862.6
1187880 862.6
1187890 862.6
1187900 862.6
1187910 862.7
1187920 862.7
1187930 862.7
1187940 862.7
1187950 862.7
1187960 862.7
1187970 862.8
1187980 862.8
1187990 862.9
1188000 862.9
1188010 863.1
1188020 863.1
1188030 863.5
1188040 865.6
1188050 865.6
1188060 872.0
1188070 878.7
1188080 878.7
1188090 883.6
1188100 891.0
1188110 891.0
1188120 896.9
1188130 900.1
1188140 900.1
1188150 905.3
1188160 912.0
1188170 912.0
1188180 919.7
1188190 924.4
1188200 924.4
1188210 925.8
1188220 927.4
1188230 930.6
1188240 930.6
1188250 934.7
1188260 937.3
1188270 937.3
1188280 939.7
1188290 943.7
1188300 943.7
1188310 950.5
1188320 957.4
1188330 957.4
1188340 963.7
1188350 969.4
1188360 969.4
1188370 975.8
1188380 982.1
1188390 982.1
1188400 987.7
1188410 992.3
1188420 992.3
1188430 997.0
1188440 1002.3
1188450 1007.9
1188460 1007.9
1188470 1013.8
1188480 1020.1
1188490 1020.1
1188500 1026.8
1188510 1033.7
1188520 1033.7
1188530 1040.7
1188540 1047.5
1188550 1047.5
1188560 1054.5
1188570 1061.5
1188580 1061.5
1188590 1067.9
1188600 1072.6
1188610 1072.6
1188620 1077.2
1188630 1082.4
1188640 1081.4
1188650 1088.3
1188660 1095.0
1188670 1101.6
1188680 1101.6
1188690 1107.6
1188700 1113.6
1188710 1113.6
1188720 1119.9
1188730 1126.6
1188740 1126.6
1188750 1134.3
1188760 1141.2
1188770 1141.2
1188780 1148.8
1188790 1157.0
1188800 1157.0
1188810 1165.7
1188820 1173.5
1188830 1173.5
1188840 1180.8
1188850 1188.8
1188860 1188.8
1188870 1197.9
1188880 1206.5
1188890 1214.8
1188900 1214.8
1188910 1221.2
1188920 1226.4
1188930 1226.4
1188940 1232.1
1188950 1238.2
1188960 1238.2
1188970 1244.5
1188980 1251.1
1188990 1251.1
1189000 1257.2
1189010 1261.4
1189020 1261.4
1189030 1264.7
1189040 1267.9
1189050 1267.9
1189060 1271.2
1189070 1272.2
1189080 1272.2
1189090 1276.2
1189100 1280.6
1189110 1284.7
1189120 1284.7
1189130 1288.6
1189140 1292.0
1189150 1292.0
1189160 1294.2
1189170 1295.7
1189180 1295.7
1189190 1297.5
1189200 1298.4
1189210 1298.4
1189220 1295.9
1189230 1292.1
1189240 1292.1
1189250 1290.7
1189260 1289.4
1189270 1289.4
1189280 1287.1
1189290 1287.1
1189300 1287.1
1189310 1286.9
1189320 1288.2
1189330 1288.2
1189340 1290.2
1189350 1293.4
1189360 1297.1
1189370 1297.1
1189380 1299.9
1189390 1301.1
1189400 1301.1
1189410 1301.8
1189420 1301.5
1189430 1301.5
1189440 1296.8
1189450 1291.7
1189460 1291.7
1189470 1289.3
1189480 1288.6
1189490 1288.6
1189500 1283.0
1189510 1282.2
1189520 1282.2
1189530 1280.7
1189540 1278.2
1189550 1278.2
1189560 1276.1
1189570 1275.0
1189580 1273.8
1189590 1273.8
1189600 1271.9
1189610 1269.9
1189620 1269.9
1189630 1268.4
1189640 1267.0
1189650 1267.0
1189660 1266.0
1189670 1267.2
1189680 1267.2
1189690 1269.2
1189700 1273.3
1189710 1273.3
1189720 1279.9
1189730 1285.5
1189740 1285.5
1189750 1293.4
1189760 1299.3
1189770 1299.3
1189780 1302.9
1189790 1305.6
1189800 1303.8
1189810 1303.8
1189820 1303.4
1189830 1308.2
1189840 1308.2
1189850 1310.5
1189860 1310.8
1189870 1310.8
1189880 1310.8
1189890 1310.1
1189900 1310.1
1189910 1309.8
1189920 1308.6
1189930 1298.7
1189940 1298.2
1189950 1297.0
1189960 1297.0
1189970 1298.9
1189980 1302.5
1189990 1302.5
1190000 1304.9
1190010 1307.0
1190020 1308.3
1190030 1308.3
1190040 1310.2
1190050 1314.0
1190060 1314.0
1190070 1317.3
1190080 1318.0
1190090 1318.0
1190100 1317.7
1190110 1318.4
1190120 1318.4
1190130 1322.9
1190140 1325.4
1190150 1325.4
1190160 1322.9
1190170 1321.9
1190180 1321.9
1190190 1322.8
1190200 1322.9
1190210 1322.9
1190220 1322.0
1190230 1320.1
1190240 1316.8
1190250 1316.8
1190260 1314.2
1190270 1312.5
1190280 1312.5
1190290 1312.6
1190300 1312.9
1190310 1312.9
1190320 1313.9
1190330 1314.4
1190340 1314.4
1190350 1313.4
1190360 1307.2
1190370 1307.2
1190380 1306.1
1190390 1306.2
1190400 1306.2
1190410 1307.2
1190420 1307.3
1190430 1307.3
1190440 1307.5
1190450 1307.0
1190460 1305.5
1190470 1305.5
1190480 1303.6
1190490 1303.2
1190500 1303.2
1190510 1302.6
1190520 1302.7
1190530 1302.7
1190540 1304.2
1190550 1306.5
1190560 1306.5
1190570 1309.0
1190580 1311.6
1190590 1311.6
1190600 1314.4
1190610 1318.0
1190620 1318.0
1190630 1322.1
1190640 1326.4
1190650 1326.4
1190660 1330.5
1190670 1334.9
1190680 1339.0
1190690 1339.0
1190700 1343.2
1190710 1347.2
1190720 1347.2
1190730 1349.4
1190740 1350.7
1190750 1350.7
1190760 1352.1
1190770 1353.5
1190780 1353.5
1190790 1351.0
1190800 1352.2
1190810 1352.2
1190820 1353.3
1190830 1354.3
1190840 1354.3
1190850 1355.3
1190860 1356.2
1190870 1356.2
1190880 1357.2
1190890 1357.9
1190900 1357.9
1190910 1358.1
1190920 1358.1
1190930 1357.9
1190940 1357.9
1190950 1357.6
1190960 1358.0
1190970 1358.0
1190980 1358.7
1190990 1359.4
1191000 1359.4
1191010 1359.6
1191020 1359.6
1191030 1359.6
1191040 1359.8
1191050 1360.4
1191060 1360.4
1191070 1361.0
1191080 1362.1
1191090 1362.1
1191100 1364.2
1191110 1364.9
1191120 1364.9
1191130 1364.3
1191140 1364.3
1191150 1363.9
1191160 1363.9
1191170 1363.7
1191180 1363.8
1191190 1363.8
1191200 1364.1
1191210 1364.5
1191220 1360.3
1191230 1361.4
1191240 1362.7
1191250 1362.7
1191260 1364.1
1191270 1365.3
1191280 1365.3
1191290 1366.2
1191300 1366.7
1191310 1366.7
1191320 1367.1
1191330 1368.1
1191340 1368.1
1191350 1369.5
1191360 1370.7
1191370 1371.4
1191380 1371.4
1191390 1371.9
1191400 1372.6
1191410 1372.6
1191420 1373.4
1191430 1372.9
1191440 1372.9
1191450 1371.3
1191460 1370.6
1191470 1370.6
1191480 1369.1
1191490 1365.6
1191500 1365.6
1191510 1362.3
1191520 1359.3
1191530 1359.3
1191540 1355.7
1191550 1350.8
1191560 1350.8
1191570 1345.1
1191580 1339.3
1191590 1334.1
1191600 1334.1
1191610 1330.0
1191620 1326.1
1191630 1326.1
1191640 1323.8
1191650 1322.8
1191660 1319.6
1191670 1318.8
1191680 1317.3
1191690 1317.3
1191700 1314.9
1191710 1312.5
1191720 1312.5
1191730 1310.6
1191740 1308.9
1191750 1308.9
1191760 1313.2
1191770 1316.9
1191780 1316.9
1191790 1321.7
1191800 1326.5
1191810 1330.9
1191820 1330.9
1191830 1335.3
1191840 1339.8
1191850 1339.8
1191860 1347.1
1191870 1354.5
1191880 1354.5
1191890 1361.6
1191900 1368.0
1191910 1368.0
1191920 1374.8
1191930 1380.1
1191940 1380.1
1191950 1382.9
1191960 1385.7
1191970 1385.7
1191980 1387.6
1191990 1387.7
1192000 1387.7
1192010 1387.7
1192020 1388.0
1192030 1388.4
1192040 1388.4
1192050 1388.5
1192060 1388.9
1192070 1388.9
1192080 1389.5
1192090 1388.5
1192100 1388.5
1192110 1390.1
1192120 1391.9
1192130 1391.9
1192140 1393.8
1192150 1395.7
1192160 1395.7
1192170 1397.3
1192180 1398.5
1192190 1398.5
1192200 1398.6
1192210 1398.9
1192220 1398.9
1192230 1401.3
1192240 1404.5
1192250 1406.4
1192260 1406.4
1192270 1407.9
1192280 1409.4
1192290 1409.4
1192300 1410.8
1192310 1412.1
1192320 1412.1
1192330 1413.5
1192340 1414.9
1192350 1414.9
1192360 1416.3
1192370 1417.9
1192380 1417.9
1192390 1419.7
1192400 1421.5
1192410 1421.5
1192420 1423.1
1192430 1424.5
1192440 1424.5
1192450 1426.0
1192460 1427.6
1192470 1427.6
1192480 1429.2
1192490 1430.8
1192500 1432.6
1192510 1432.6
1192520 1434.5
1192530 1435.5
1192540 1435.5
1192550 1437.1
1192560 1438.5
1192570 1438.5
1192580 1439.9
1192590 1441.3
1192600 1441.3
1192610 1441.4
1192620 1437.5
1192630 1437.5
1192640 1432.2
1192650 1426.8
1192660 1426.8
1192670 1421.9
1192680 1417.5
1192690 1417.5
1192700 1413.9
1192710 1411.0
1192720 1408.6
1192730 1408.6
1192740 1406.8
1192750 1402.4
1192760 1402.4
1192770 1395.4
1192780 1388.7
1192790 1388.7
1192800 1381.8
1192810 1375.3
1192820 1375.3
1192830 1370.2
1192840 1368.2
1192850 1368.2
1192860 1367.3
1192870 1367.1
1192880 1367.1
1192890 1369.0
1192900 1371.2
1192910 1371.2
1192920 1370.3
1192930 1371.6
1192940 1376.0
1192950 1376.0
1192960 1375.8
1192970 1377.1
1192980 1377.1
1192990 1380.4
1193000 1386.9
1193010 1386.9
1193020 1394.6
1193030 1402.7
1193040 1402.7
1193050 1412.4
1193060 1421.8
1193070 1421.8
1193080 1430.6
1193090 1441.8
1193100 1441.8
1193110 1454.7
1193120 1463.7
1193130 1463.7
1193140 1469.1
1193150 1475.8
1193160 1481.0
1193170 1481.0
1193180 1488.6
1193190 1497.0
1193200 1497.0
1193210 1504.7
1193220 1510.3
1193230 1510.3
1193240 1514.3
1193250 1518.1
1193260 1518.1
1193270 1520.5
1193280 1522.9
1193290 1522.9
1193300 1525.5
1193310 1528.3
1193320 1528.3
1193330 1531.3
1193340 1534.5
1193350 1534.5
1193360 1538.0
1193370 1541.5
1193380 1545.7
1193390 1541.9
1193400 1546.4
1193410 1550.4
1193420 1550.4
1193430 1553.8
1193440 1557.0
1193450 1557.0
1193460 1560.7
1193470 1564.9
1193480 1564.9
1193490 1569.0
1193500 1573.5
1193510 1573.5
1193520 1577.0
1193530 1579.9
1193540 1579.9
1193550 1583.1
1193560 1586.8
1193570 1586.8
1193580 1590.9
1193590 1595.8
1193600 1600.1
1193610 1600.1
1193620 1604.0
1193630 1608.0
1193640 1608.0
1193650 1611.3
1193660 1614.5
1193670 1614.5
1193680 1617.0
1193690 1620.2
1193700 1620.2
1193710 1624.0
1193720 1627.5
1193730 1627.5
1193740 1631.1
1193750 1634.3
1193760 1634.3
1193770 1637.8
1193780 1641.6
1193790 1641.6
1193800 1644.8
1193810 1647.4
1193820 1649.9
1193830 1645.1
1193840 1648.9
1193850 1653.1
1193860 1653.1
1193870 1657.1
1193880 1660.6
1193890 1660.6
1193900 1663.6
1193910 1665.6
1193920 1665.6
1193930 1665.4
1193940 1662.3
1193950 1662.3
1193960 1657.0
1193970 1651.9
1193980 1651.9
1193990 1649.9
1194000 1652.6
1194010 1652.6
1194020 1658.5
1194030 1664.7
1194040 1664.7
1194050 1670.0
1194060 1673.8
1194070 1679.9
1194080 1679.9
1194090 1686.6
1194100 1694.0
1194110 1694.0
1194120 1702.2
1194130 1709.3
1194140 1709.3
1194150 1715.3
1194160 1721.2
1194170 1721.2
1194180 1726.4
1194190 1730.0
1194200 1730.0
1194210 1732.5
1194220 1736.5
1194230 1736.5
1194240 1742.3
1194250 1747.4
1194260 1747.4
1194270 1747.5
1194280 1749.0
1194290 1748.6
1194300 1748.6
1194310 1750.3
1194320 1753.5
1194330 1753.5
1194340 1757.5
1194350 1762.9
1194360 1762.9
1194370 1768.1
1194380 1773.3
1194390 1773.3
1194400 1779.0
1194410 1785.5
1194420 1785.5
1194430 1790.6
1194440 1790.3
1194450 1790.3
1194460 1783.7
1194470 1779.7
1194480 1779.7
1194490 1775.2
1194500 1774.6
1194510 1776.8
1194520 1776.8
1194530 1781.9
1194540 1788.5
1194550 1788.5
1194560 1794.8
1194570 1802.1
1194580 1802.1
1194590 1809.6
1194600 1815.9
1194610 1815.9
1194620 1821.5
1194630 1828.1
1194640 1828.1
1194650 1834.7
1194660 1841.3
1194670 1841.3
1194680 1847.6
1194690 1853.5
1194700 1851.0
1194710 1856.3
1194720 1860.5
1194730 1861.9
1194740 1861.9
1194750 1865.5
1194760 1870.5
1194770 1870.5
1194780 1874.0
1194790 1878.2
1194800 1878.2
1194810 1883.3
1194820 1887.5
1194830 1887.5
1194840 1891.0
1194850 1894.1
1194860 1894.1
1194870 1896.7
1194880 1898.8
1194890 1898.8
1194900 1900.6
1194910 1902.4
1194920 1902.4
1194930 1904.5
1194940 1907.5
1194950 1910.9
1194960 1910.9
1194970 1916.0
1194980 1921.5
1194990 1921.5
1195000 1926.3
1195010 1931.2
1195020 1931.2
1195030 1934.4
1195040 1935.2
1195050 1935.2
1195060 1936.2
1195070 1937.9
1195080 1937.9
1195090 1939.6
1195100 1941.5
1195110 1941.5
1195120 1943.0
1195130 1944.8
1195140 1937.3
1195150 1938.4
1195160 1939.9
1195170 1942.1
1195180 1942.1
1195190 1944.9
1195200 1948.5
1195210 1948.5
1195220 1952.5
1195230 1956.0
1195240 1956.0
1195250 1959.1
1195260 1962.0
1195270 1962.0
1195280 1964.4
1195290 1966.3
1195300 1966.3
1195310 1967.9
1195320 1969.8
1195330 1969.8
1195340 1972.2
1195350 1975.6
1195360 1975.6
1195370 1979.6
1195380 1982.4
1195390 1986.2
1195400 1986.2
1195410 1990.7
1195420 1995.1
1195430 1995.1
1195440 1999.5
1195450 2002.9
1195460 2002.9
1195470 2004.9
1195480 2008.3
1195490 2008.3
1195500 2012.1
1195510 2013.9
1195520 2013.9
1195530 2014.2
1195540 2014.6
1195550 2014.6
1195560 2015.6
1195570 2018.0
1195580 2008.3
1195590 2010.6
1195600 2006.8
1195610 2006.8
1195620 2006.8
1195630 2007.9
1195640 2005.4
1195650 2005.4
1195660 2005.8
1195670 2008.9
1195680 2008.9
1195690 2012.2
1195700 2013.0
1195710 2013.0
1195720 2011.4
1195730 2007.2
1195740 2007.2
1195750 2006.2
1195760 2007.7
1195770 2007.7
1195780 2006.8
1195790 2005.4
1195800 2005.4
1195810 2004.8
1195820 2005.9
1195830 2005.9
1195840 2008.1
1195850 2010.5
1195860 2012.6
1195870 2012.6
1195880 2013.8
1195890 2015.2
1195900 2015.2
1195910 2016.8
1195920 2019.0
1195930 2019.0
1195940 2021.2
1195950 2023.1
1195960 2023.1
1195970 2027.1
1195980 2030.5
1195990 2030.5
1196000 2034.3
1196010 2038.7
1196020 2036.0
1196030 2041.8
1196040 2048.3
1196050 2048.3
1196060 2054.9
1196070 2062.2
1196080 2070.2
1196090 2070.2
1196100 2078.0
1196110 2086.0
1196120 2086.0
1196130 2093.8
1196140 2101.9
1196150 2101.9
1196160 2111.5
1196170 2120.9
1196180 2120.9
1196190 2130.0
1196200 2136.6
1196210 2136.6
1196220 2140.2
1196230 2143.0
1196240 2143.0
1196250 2145.3
1196260 2147.6
1196270 2147.6
1196280 2150.0
1196290 2152.9
1196300 2155.3
1196310 2155.3
1196320 2157.6
1196330 2159.7
1196340 2159.7
1196350 2161.6
1196360 2163.0
1196370 2163.0
1196380 2164.4
1196390 2165.2
1196400 2165.2
1196410 2163.5
1196420 2163.0
1196430 2163.0
1196440 2160.7
1196450 2153.9
1196460 2149.0
1196470 2142.3
1196480 2142.1
1196490 2142.1
1196500 2145.3
1196510 2149.7
1196520 2155.0
1196530 2155.0
1196540 2159.6
1196550 2159.8
1196560 2159.8
1196570 2157.6
1196580 2156.8
1196590 2156.8
1196600 2159.3
1196610 2164.4
1196620 2164.4
1196630 2171.8
1196640 2177.6
1196650 2177.6
1196660 2180.9
1196670 2182.5
1196680 2182.5
1196690 2184.3
1196700 2186.9
1196710 2186.9
1196720 2190.1
1196730 2192.7
1196740 2195.1
1196750 2195.1
1196760 2197.5
1196770 2200.3
1196780 2200.3
1196790 2203.3
1196800 2206.4
1196810 2206.4
1196820 2208.7
1196830 2210.6
1196840 2210.6
1196850 2213.9
1196860 2217.4
1196870 2217.4
1196880 2220.7
1196890 2222.7
1196900 2217.9
1196910 2216.2
1196920 2214.9
1196930 2214.9
1196940 2216.6
1196950 2221.3
1196960 2223.9
1196970 2223.9
1196980 2224.5
1196990 2226.7
1197000 2226.7
1197010 2230.2
1197020 2234.2
1197030 2234.2
1197040 2239.3
1197050 2244.5
1197060 2244.5
1197070 2249.4
1197080 2254.2
1197090 2254.2
1197100 2257.6
1197110 2259.1
1197120 2259.1
1197130 2259.3
1197140 2261.2
1197150 2261.2
1197160 2263.9
1197170 2266.6
1197180 2268.8
1197190 2268.8
1197200 2271.6
1197210 2275.2
1197220 2275.2
1197230 2277.5
1197240 2279.3
1197250 2279.3
1197260 2281.6
1197270 2285.1
1197280 2285.1
1197290 2292.3
1197300 2300.8
1197310 2300.8
1197320 2310.1
1197330 2319.5
1197340 2316.1
1197350 2324.9
1197360 2332.5
1197370 2332.5
1197380 2337.0
1197390 2339.7
1197400 2339.7
1197410 2341.5
1197420 2342.7
1197430 2344.4
1197440 2344.4
1197450 2346.1
1197460 2348.1
1197470 2348.1
1197480 2351.6
1197490 2357.6
1197500 2357.6
1197510 2363.8
1197520 2369.2
1197530 2369.2
1197540 2374.2
1197550 2379.1
1197560 2379.1
1197570 2385.8
1197580 2391.6
1197590 2391.6
1197600 2394.4
1197610 2393.7
1197620 2393.7
1197630 2393.4
1197640 2394.4
1197650 2396.6
1197660 2396.6
1197670 2400.0
1197680 2404.1
1197690 2404.1
1197700 2409.3
1197710 2415.0
1197720 2415.0
1197730 2419.7
1197740 2424.0
1197750 2424.0
1197760 2428.7
1197770 2434.0
1197780 2429.1
1197790 2432.9
1197800 2436.5
1197810 2436.5
1197820 2440.7
1197830 2442.0
1197840 2442.0
1197850 2441.1
1197860 2443.1
1197870 2442.4
1197880 2442.4
1197890 2440.6
1197900 2438.6
1197910 2438.6
1197920 2439.9
1197930 2444.5
1197940 2444.5
1197950 2446.5
1197960 2449.0
1197970 2449.0
1197980 2451.7
1197990 2455.5
1198000 2455.5
1198010 2459.2
1198020 2462.8
1198030 2462.8
1198040 2465.8
1198050 2468.4
1198060 2468.4
1198070 2470.1
1198080 2472.9
1198090 2477.4
1198100 2477.4
1198110 2483.8
1198120 2489.7
1198130 2489.7
1198140 2492.1
1198150 2494.5
1198160 2494.5
1198170 2498.2
1198180 2500.0
1198190 2500.0
1198200 2497.7
1198210 2497.2
1198220 2497.2
1198230 2496.4
1198240 2500.6
1198250 2500.6
1198260 2506.2
1198270 2509.6
1198280 2509.6
1198290 2513.1
1198300 2515.9
1198310 2517.6
1198320 2517.6
1198330 2520.5
1198340 2525.0
1198350 2525.0
1198360 2529.2
1198370 2533.3
1198380 2533.3
1198390 2537.4
1198400 2542.3
1198410 2542.3
1198420 2546.8
1198430 2550.7
1198440 2550.7
1198450 2555.2
1198460 2559.4
1198470 2559.4
1198480 2562.1
1198490 2564.9
1198500 2564.9
1198510 2568.0
1198520 2571.1
1198530 2573.2
1198540 2573.2
1198550 2574.7
1198560 2576.7
1198570 2576.7
1198580 2578.2
1198590 2578.4
1198600 2578.4
1198610 2579.2
1198620 2579.9
1198630 2579.9
1198640 2580.6
1198650 2580.7
1198660 2580.7
1198670 2572.9
1198680 2572.9
1198690 2572.9
1198700 2571.6
1198710 2570.6
1198720 2570.6
1198730 2571.9
1198740 2572.4
1198750 2572.7
1198760 2572.7
1198770 2574.5
1198780 2577.5
1198790 2577.5
1198800 2580.7
1198810 2584.7
1198820 2584.7
1198830 2589.7
1198840 2594.4
1198850 2594.4
1198860 2601.1
1198870 2608.1
1198880 2608.1
1198890 2615.6
1198900 2622.2
1198910 2622.2
1198920 2629.5
1198930 2636.9
1198940 2636.9
1198950 2642.7
1198960 2647.4
1198970 2647.4
1198980 2650.8
1198990 2655.0
1199000 2659.5
1199010 2659.5
1199020 2663.0
1199030 2666.7
1199040 2666.7
1199050 2669.7
1199060 2671.7
1199070 2671.7
1199080 2676.2
1199090 2681.2
1199100 2681.2
1199110 2680.8
1199120 2682.5
1199130 2682.5
1199140 2684.0
1199150 2683.1
1199160 2683.1
1199170 2684.4
1199180 2686.8
1199190 2686.8
1199200 2688.0
1199210 2688.2
1199220 2689.6
1199230 2689.6
1199240 2692.6
1199250 2695.9
1199260 2695.9
1199270 2697.7
1199280 2699.5
1199290 2699.5
1199300 2702.1
1199310 2704.7
1199320 2704.7
1199330 2707.3
1199340 2710.2
1199350 2710.2
1199360 2712.9
1199370 2715.7
1199380 2715.7
1199390 2719.4
1199400 2724.0
1199410 2724.0
1199420 2728.7
1199430 2734.6
1199440 2740.1
1199450 2740.1
1199460 2745.4
1199470 2749.9
1199480 2749.9
1199490 2754.1
1199500 2758.5
1199510 2758.5
1199520 2760.7
1199530 2760.7
1199540 2760.7
1199550 2759.5
1199560 2759.5
1199570 2759.5
1199580 2762.7
1199590 2766.4
1199600 2766.4
1199610 2770.9
1199620 2773.2
1199630 2773.2
1199640 2768.6
1199650 2758.5
1199660 2751.0
1199670 2751.0
1199680 2749.6
1199690 2746.3
1199700 2746.3
1199710 2741.4
1199720 2740.6
1199730 2740.6
1199740 2740.2
1199750 2741.1
1199760 2741.1
1199770 2742.9
1199780 2744.1
1199790 2744.1
1199800 2744.5
1199810 2745.3
1199820 2745.3
1199830 2747.6
1199840 2747.6
1199850 2747.6
1199860 2740.3
1199870 2732.4
1199880 2722.5
1199890 2722.5
1199900 2710.4
1199910 2700.9
1199920 2700.9
1199930 2691.1
1199940 2682.4
1199950 2682.4
1199960 2671.9
1199970 2662.3
1199980 2662.3
1199990 2654.8
