1180000 2194.7
1180010 2188.7
1180020 2182.8
1180030 2182.8
1180040 2176.7
1180050 2168.9
1180060 2169.8
1180070 2160.5
1180080 2151.9
1180090 2151.9
1180100 2142.8
1180110 2135.1
1180120 2127.4
1180130 2127.4
1180140 2119.3
1180150 2112.9
1180160 2112.9
1180170 2107.2
1180180 2101.8
1180190 2101.8
1180200 2096.3
1180210 2091.0
1180220 2091.0
1180230 2085.8
1180240 2081.1
1180250 2081.1
1180260 2076.9
1180270 2073.6
1180280 2073.6
1180290 2072.2
1180300 2071.3
1180310 2071.3
1180320 2070.0
1180330 2069.1
1180340 2068.3
1180350 2068.3
1180360 2067.3
1180370 2066.0
1180380 2066.0
1180390 2064.4
1180400 2062.9
1180410 2062.9
1180420 2061.6
1180430 2060.1
1180440 2060.1
1180450 2058.5
1180460 2056.7
1180470 2056.7
1180480 2057.8
1180490 2057.8
1180500 2057.8
1180510 2060.1
1180520 2061.6
1180530 2061.6
1180540 2063.3
1180550 2065.1
1180560 2066.8
1180570 2066.8
1180580 2066.8
1180590 2066.1
1180600 2066.1
1180610 2066.1
1180620 2066.6
1180630 2066.6
1180640 2066.1
1180650 2064.8
1180660 2064.8
1180670 2062.9
1180680 2061.6
1180690 2061.6
1180700 2059.5
1180710 2056.8
1180720 2056.8
1180730 2055.2
1180740 2054.5
1180750 2054.5
1180760 2052.2
1180770 2048.8
1180780 2048.8
1180790 2045.5
1180800 2046.9
1180810 2049.1
1180820 2049.1
1180830 2043.7
1180840 2037.7
1180850 2037.7
1180860 2039.5
1180870 2044.8
1180880 2044.8
1180890 2045.8
1180900 2050.7
1180910 2050.7
1180920 2050.5
1180930 2048.3
1180940 2048.3
1180950 2046.5
1180960 2046.3
1180970 2046.3
1180980 2045.6
1180990 2045.1
1181000 2045.1
1181010 2046.6
1181020 2048.6
1181030 2050.8
1181040 2050.8
1181050 2053.4
1181060 2056.1
1181070 2056.1
1181080 2059.2
1181090 2063.3
1181100 2063.3
1181110 2067.4
1181120 2071.0
1181130 2071.0
1181140 2073.1
1181150 2073.1
1181160 2073.1
1181170 2072.3
1181180 2074.5
1181190 2074.5
1181200 2076.9
1181210 2079.2
1181220 2079.2
1181230 2080.1
1181240 2081.4
1181250 2086.2
1181260 2086.2
1181270 2091.8
1181280 2095.4
1181290 2095.4
1181300 2096.7
1181310 2103.7
1181320 2103.7
1181330 2106.3
1181340 2109.5
1181350 2109.5
1181360 2111.8
1181370 2113.7
1181380 2113.7
1181390 2114.5
1181400 2116.0
1181410 2116.0
1181420 2118.9
1181430 2121.6
1181440 2121.6
1181450 2124.4
1181460 2126.5
1181470 2128.2
1181480 2128.2
1181490 2132.0
1181500 2136.8
1181510 2136.8
1181520 2141.1
1181530 2144.4
1181540 2144.4
1181550 2147.1
1181560 2150.2
1181570 2150.2
1181580 2153.4
1181590 2156.8
1181600 2156.8
1181610 2160.3
1181620 2164.0
1181630 2164.0
1181640 2167.4
1181650 2170.4
1181660 2170.4
1181670 2173.5
1181680 2176.3
1181690 2178.2
1181700 2178.2
1181710 2180.5
1181720 2182.3
1181730 2187.4
1181740 2189.5
1181750 2191.7
1181760 2191.7
1181770 2193.2
1181780 2194.4
1181790 2194.4
1181800 2195.8
1181810 2198.0
1181820 2198.0
1181830 2200.4
1181840 2202.6
1181850 2202.6
1181860 2204.8
1181870 2207.3
1181880 2207.3
1181890 2209.5
1181900 2211.4
1181910 2213.4
1181920 2213.4
1181930 2214.9
1181940 2216.9
1181950 2216.9
1181960 2220.1
1181970 2223.6
1181980 2223.6
1181990 2226.5
1182000 2228.8
1182010 2228.8
1182020 2230.4
1182030 2231.9
1182040 2231.9
1182050 2234.0
1182060 2234.5
1182070 2234.5
1182080 2235.9
1182090 2237.5
1182100 2237.5
1182110 2238.5
1182120 2238.4
1182130 2238.4
1182140 2237.9
1182150 2237.8
1182160 2237.9
1182170 2237.9
1182180 2238.1
1182190 2238.2
1182200 2238.2
1182210 2238.5
1182220 2238.8
1182230 2238.8
1182240 2238.6
1182250 2237.8
1182260 2237.8
1182270 2237.1
1182280 2236.7
1182290 2236.7
1182300 2236.2
1182310 2236.2
1182320 2236.2
1182330 2236.1
1182340 2236.0
1182350 2236.0
1182360 2236.0
1182370 2233.3
1182380 2231.8
1182390 2231.8
1182400 2232.2
1182410 2232.9
1182420 2232.9
1182430 2233.6
1182440 2233.3
1182450 2233.3
1182460 2232.4
1182470 2231.7
1182480 2231.7
1182490 2230.2
1182500 2227.5
1182510 2227.5
1182520 2226.6
1182530 2227.0
1182540 2227.0
1182550 2227.6
1182560 2226.8
1182570 2224.2
1182580 2221.9
1182590 2220.1
1182600 2217.9
1182610 2217.9
1182620 2213.9
1182630 2210.1
1182640 2210.1
1182650 2205.0
1182660 2199.9
1182670 2199.9
1182680 2199.2
1182690 2198.4
1182700 2198.4
1182710 2196.1
1182720 2192.8
1182730 2192.8
1182740 2186.9
1182750 2182.1
1182760 2182.1
1182770 2178.2
1182780 2172.7
1182790 2172.7
1182800 2166.9
1182810 2161.1
1182820 2154.7
1182830 2154.7
1182840 2151.0
1182850 2149.2
1182860 2149.2
1182870 2146.8
1182880 2144.0
1182890 2144.0
1182900 2139.9
1182910 2132.4
1182920 2132.4
1182930 2124.3
1182940 2116.2
1182950 2116.2
1182960 2109.6
1182970 2101.6
1182980 2101.6
1182990 2089.7
1183000 2080.7
1183010 2080.7
1183020 2072.1
1183030 2064.3
1183040 2058.1
1183050 2058.1
1183060 2053.5
1183070 2048.8
1183080 2048.8
1183090 2043.9
1183100 2039.1
1183110 2039.1
1183120 2033.6
1183130 2028.5
1183140 2028.5
1183150 2025.3
1183160 2022.8
1183170 2022.8
1183180 2019.0
1183190 2013.2
1183200 2013.2
1183210 2006.8
1183220 2002.7
1183230 2002.7
1183240 1999.6
1183250 1993.7
1183260 1986.6
1183270 1986.6
1183280 1977.5
1183290 1968.8
1183300 1968.8
1183310 1960.6
1183320 1952.5
1183330 1952.5
1183340 1944.9
1183350 1938.3
1183360 1938.3
1183370 1931.0
1183380 1922.6
1183390 1922.6
1183400 1914.4
1183410 1904.1
1183420 1904.1
1183430 1896.7
1183440 1890.1
1183450 1890.1
1183460 1883.9
1183470 1878.2
1183480 1878.2
1183490 1871.2
1183500 1864.1
1183510 1858.5
1183520 1858.5
1183530 1854.0
1183540 1850.9
1183550 1850.9
1183560 1849.1
1183570 1847.5
1183580 1847.5
1183590 1845.1
1183600 1840.1
1183610 1840.1
1183620 1834.1
1183630 1826.5
1183640 1826.5
1183650 1819.6
1183660 1812.3
1183670 1812.3
1183680 1805.5
1183690 1798.4
1183700 1798.4
1183710 1791.3
1183720 1784.7
1183730 1778.8
1183740 1778.8
1183750 1772.6
1183760 1764.8
1183770 1764.8
1183780 1756.5
1183790 1748.8
1183800 1748.8
1183810 1741.4
1183820 1734.0
1183830 1734.0
1183840 1723.3
1183850 1715.1
1183860 1715.1
1183870 1707.3
1183880 1702.2
1183890 1702.2
1183900 1698.7
1183910 1695.5
1183920 1695.5
1183930 1690.5
1183940 1684.6
1183950 1680.4
1183960 1680.4
1183970 1676.3
1183980 1671.7
1183990 1671.7
1184000 1666.9
1184010 1661.3
1184020 1661.3
1184030 1654.4
1184040 1648.9
1184050 1648.9
1184060 1641.9
1184070 1634.1
1184080 1634.1
1184090 1629.5
1184100 1624.3
1184110 1624.3
1184120 1619.1
1184130 1616.3
1184140 1616.3
1184150 1613.6
1184160 1610.1
1184170 1605.9
1184180 1605.9
1184190 1601.7
1184200 1599.1
1184210 1599.1
1184220 1596.4
1184230 1593.6
1184240 1593.6
1184250 1589.5
1184260 1588.5
1184270 1588.5
1184280 1584.2
1184290 1578.8
1184300 1578.8
1184310 1573.4
1184320 1566.7
1184330 1566.7
1184340 1559.2
1184350 1553.9
1184360 1553.9
1184370 1549.5
1184380 1544.5
1184390 1539.6
1184400 1539.6
1184410 1534.0
1184420 1529.8
1184430 1529.8
1184440 1526.3
1184450 1523.0
1184460 1523.0
1184470 1520.0
1184480 1516.9
1184490 1516.9
1184500 1512.4
1184510 1505.4
1184520 1505.4
1184530 1497.7
1184540 1491.3
1184550 1491.3
1184560 1487.7
1184570 1485.7
1184580 1485.7
1184590 1484.3
1184600 1483.0
1184610 1482.0
1184620 1482.0
1184630 1482.9
1184640 1484.6
1184650 1484.6
1184660 1485.8
1184670 1487.3
1184680 1489.4
1184690 1487.2
1184700 1484.5
1184710 1484.5
1184720 1484.1
1184730 1484.9
1184740 1484.9
1184750 1485.9
1184760 1486.8
1184770 1486.8
1184780 1486.6
1184790 1484.3
1184800 1484.3
1184810 1480.9
1184820 1479.0
1184830 1479.0
1184840 1477.3
1184850 1475.4
1184860 1472.8
1184870 1472.8
1184880 1470.0
1184890 1464.9
1184900 1464.9
1184910 1457.0
1184920 1447.7
1184930 1447.7
1184940 1439.2
1184950 1430.9
1184960 1430.9
1184970 1423.2
1184980 1415.9
1184990 1415.9
1185000 1409.7
1185010 1404.5
1185020 1404.5
1185030 1399.3
1185040 1393.9
1185050 1393.9
1185060 1388.5
1185070 1382.7
1185080 1378.1
1185090 1378.1
1185100 1371.1
1185110 1365.9
1185120 1365.9
1185130 1360.6
1185140 1355.9
1185150 1355.9
1185160 1351.1
1185170 1345.6
1185180 1345.6
1185190 1339.5
1185200 1334.2
1185210 1334.2
1185220 1329.4
1185230 1324.2
1185240 1324.2
1185250 1319.7
1185260 1316.8
1185270 1316.8
1185280 1314.6
1185290 1311.6
1185300 1308.1
1185310 1308.1
1185320 1304.5
1185330 1300.7
1185340 1300.7
1185350 1296.0
1185360 1291.3
1185370 1291.3
1185380 1285.8
1185390 1280.1
1185400 1280.1
1185410 1274.4
1185420 1270.1
1185430 1270.1
1185440 1265.6
1185450 1260.9
1185460 1260.9
1185470 1255.9
1185480 1250.0
1185490 1250.0
1185500 1244.6
1185510 1239.5
1185520 1233.6
1185530 1232.5
1185540 1227.4
1185550 1223.1
1185560 1223.1
1185570 1219.8
1185580 1216.9
1185590 1216.9
1185600 1214.7
1185610 1211.3
1185620 1211.3
1185630 1206.3
1185640 1201.3
1185650 1201.3
1185660 1196.4
1185670 1191.8
1185680 1191.8
1185690 1188.0
1185700 1184.8
1185710 1184.8
1185720 1181.8
1185730 1178.3
1185740 1173.9
1185750 1173.9
1185760 1169.1
1185770 1163.3
1185780 1163.3
1185790 1157.5
1185800 1151.7
1185810 1151.7
1185820 1146.4
1185830 1141.4
1185840 1141.4
1185850 1135.7
1185860 1130.0
1185870 1130.0
1185880 1124.1
1185890 1117.2
1185900 1117.2
1185910 1111.6
1185920 1107.6
1185930 1107.6
1185940 1102.9
1185950 1099.3
1185960 1092.8
1185970 1092.8
1185980 1088.4
1185990 1084.0
1186000 1084.0
1186010 1076.9
1186020 1071.3
1186030 1071.3
1186040 1068.5
1186050 1064.6
1186060 1064.6
1186070 1058.6
1186080 1051.6
1186090 1051.6
1186100 1045.0
1186110 1037.9
1186120 1037.9
1186130 1031.0
1186140 1024.2
1186150 1024.2
1186160 1017.3
1186170 1010.0
1186180 1010.0
1186190 1003.4
1186200 997.5
1186210 993.2
1186220 993.2
1186230 989.8
1186240 984.5
1186250 984.5
1186260 976.7
1186270 969.4
1186280 969.4
1186290 962.2
1186300 956.4
1186310 956.4
1186320 952.0
1186330 948.7
1186340 948.7
1186350 945.8
1186360 941.9
1186370 941.9
1186380 937.8
1186390 934.3
1186400 934.3
1186410 930.5
1186420 928.0
1186430 926.3
1186440 926.3
1186450 923.8
1186460 920.4
1186470 920.4
1186480 914.1
1186490 907.8
1186500 907.8
1186510 904.9
1186520 903.8
1186530 903.8
1186540 901.9
1186550 900.4
1186560 900.4
1186570 898.5
1186580 896.9
1186590 896.9
1186600 896.0
1186610 894.9
1186620 894.9
1186630 893.5
1186640 891.8
1186650 890.9
1186660 890.9
1186670 889.7
1186680 888.3
1186690 888.3
1186700 887.1
1186710 885.7
1186720 885.7
1186730 884.1
1186740 882.3
1186750 882.3
1186760 881.0
1186770 879.9
1186780 879.9
1186790 878.8
1186800 877.4
1186810 877.4
1186820 876.2
1186830 875.6
1186840 875.6
1186850 874.0
1186860 871.9
1186870 871.1
1186880 871.1
1186890 870.3
1186900 869.4
1186910 869.4
1186920 868.5
1186930 867.7
1186940 867.7
1186950 866.9
1186960 866.2
1186970 866.2
1186980 865.2
1186990 863.9
1187000 863.9
1187010 862.4
1187020 862.0
1187030 862.0
1187040 860.1
1187050 859.4
1187060 859.4
1187070 859.4
1187080 859.5
1187090 859.4
1187100 859.4
1187110 859.4
1187120 860.5
1187130 860.5
1187140 861.1
1187150 861.9
1187160 861.9
1187170 862.5
1187180 862.7
1187190 862.7
1187200 861.9
1187210 861.9
1187220 861.9
1187230 862.1
1187240 863.3
1187250 863.3
1187260 862.4
1187270 862.3
1187280 862.3
1187290 862.3
1187300 862.3
1187310 862.4
1187320 862.4
1187330 862.9
1187340 862.6
1187350 862.6
1187360 862.3
1187370 862.1
1187380 862.1
1187390 861.8
1187400 861.6
1187410 861.6
1187420 861.5
1187430 861.4
1187440 861.4
1187450 861.4
1187460 861.4
1187470 861.4
1187480 861.5
1187490 861.6
1187500 861.6
1187510 861.7
1187520 861.7
1187530 861.7
1187540 861.6
1187550 861.6
1187560 861.6
1187570 861.6
1187580 861.6
1187590 861.9
1187600 861.9
1187610 861.8
1187620 861.7
1187630 861.7
1187640 861.7
1187650 861.7
1187660 861.8
1187670 861.8
1187680 861.9
1187690 861.9
1187700 862.0
1187710 862.0
1187720 862.0
1187730 862.0
1187740 862.0
1187750 862.0
1187760 862.0
1187770 862.0
1187780 862.0
1187790 862.0
1187800 862.1
1187810 862.1
1187820 862.1
1187830 862.1
1187840 862.1
1187850 862.1
1187860 862.1
1187870 862.0
1187880 862.0
1187890 862.1
1187900 862.3
1187910 862.3
1187920 862.9
1187930 865.9
1187940 865.9
1187950 870.9
1187960 876.6
1187970 876.6
1187980 883.5
1187990 890.4
1188000 893.5
1188010 893.5
1188020 895.6
1188030 897.7
1188040 897.7
1188050 900.3
1188060 904.2
1188070 904.2
1188080 907.8
1188090 909.0
1188100 909.0
1188110 911.0
1188120 913.5
1188130 913.5
1188140 915.3
1188150 917.7
1188160 917.7
1188170 918.6
1188180 919.2
1188190 919.2
1188200 920.8
1188210 922.8
1188220 925.6
1188230 925.6
1188240 929.1
1188250 933.7
1188260 933.7
1188270 937.4
1188280 941.0
1188290 941.0
1188300 947.6
1188310 954.5
1188320 954.5
1188330 961.5
1188340 968.6
1188350 968.6
1188360 976.0
1188370 983.4
1188380 983.4
1188390 990.9
1188400 998.5
1188410 998.5
1188420 1006.1
1188430 1013.4
1188440 1020.5
1188450 1020.5
1188460 1027.4
1188470 1034.4
1188480 1034.4
1188490 1041.4
1188500 1048.3
1188510 1044.9
1188520 1050.6
1188530 1056.8
1188540 1056.8
1188550 1063.1
1188560 1069.5
1188570 1069.5
1188580 1076.0
1188590 1082.3
1188600 1082.3
1188610 1088.6
1188620 1094.7
1188630 1094.7
1188640 1100.9
1188650 1107.2
1188660 1113.7
1188670 1113.7
1188680 1120.9
1188690 1127.0
1188700 1127.0
1188710 1134.2
1188720 1141.7
1188730 1141.7
1188740 1149.3
1188750 1156.4
1188760 1156.4
1188770 1162.6
1188780 1168.5
1188790 1168.5
1188800 1175.0
1188810 1182.3
1188820 1182.3
1188830 1190.2
1188840 1198.7
1188850 1198.7
1188860 1207.9
1188870 1217.6
1188880 1227.0
1188890 1227.0
1188900 1235.1
1188910 1242.4
1188920 1242.4
1188930 1249.3
1188940 1256.2
1188950 1256.2
1188960 1262.4
1188970 1268.8
1188980 1268.8
1188990 1275.3
1189000 1281.8
1189010 1281.8
1189020 1288.4
1189030 1295.0
1189040 1295.0
1189050 1301.5
1189060 1307.6
1189070 1307.6
1189080 1313.0
1189090 1318.6
1189100 1318.6
1189110 1324.4
1189120 1330.5
1189130 1335.7
1189140 1335.7
1189150 1339.7
1189160 1343.2
1189170 1343.2
1189180 1346.8
1189190 1350.0
1189200 1350.0
1189210 1353.7
1189220 1357.4
1189230 1357.4
1189240 1360.5
1189250 1363.9
1189260 1363.9
1189270 1367.4
1189280 1370.4
1189290 1370.4
1189300 1373.0
1189310 1373.8
1189320 1373.8
1189330 1375.1
1189340 1376.3
1189350 1376.9
1189360 1376.9
1189370 1376.0
1189380 1376.9
1189390 1376.9
1189400 1378.3
1189410 1379.0
1189420 1379.0
1189430 1379.5
1189440 1380.5
1189450 1380.5
1189460 1382.0
1189470 1383.0
1189480 1383.0
1189490 1383.3
1189500 1383.3
1189510 1383.3
1189520 1383.9
1189530 1384.6
1189540 1384.6
1189550 1384.2
1189560 1384.0
1189570 1383.5
1189580 1383.5
1189590 1383.9
1189600 1385.0
1189610 1385.0
1189620 1385.9
1189630 1386.5
1189640 1386.5
1189650 1387.0
1189660 1388.0
1189670 1388.0
1189680 1387.2
1189690 1386.2
1189700 1386.2
1189710 1386.9
1189720 1386.4
1189730 1386.4
1189740 1384.9
1189750 1384.5
1189760 1384.5
1189770 1384.4
1189780 1384.8
1189790 1385.7
1189800 1381.4
1189810 1383.1
1189820 1385.2
1189830 1385.2
1189840 1387.9
1189850 1392.6
1189860 1392.6
1189870 1397.5
1189880 1400.3
1189890 1400.3
1189900 1401.7
1189910 1402.9
1189920 1402.9
1189930 1404.7
1189940 1406.4
1189950 1406.4
1189960 1407.9
1189970 1410.2
1189980 1410.2
1189990 1412.0
1190000 1413.4
1190010 1415.5
1190020 1415.5
1190030 1417.5
1190040 1419.6
1190050 1419.6
1190060 1420.8
1190070 1422.2
1190080 1422.2
1190090 1423.9
1190100 1426.0
1190110 1426.0
1190120 1429.1
1190130 1431.5
1190140 1431.5
1190150 1433.3
1190160 1433.4
1190170 1433.4
1190180 1432.8
1190190 1431.4
1190200 1431.4
1190210 1429.9
1190220 1427.3
1190230 1418.3
1190240 1418.3
1190250 1414.1
1190260 1409.4
1190270 1409.4
1190280 1404.2
1190290 1399.9
1190300 1399.9
1190310 1396.9
1190320 1395.3
1190330 1395.3
1190340 1394.6
1190350 1394.3
1190360 1394.3
1190370 1393.7
1190380 1393.4
1190390 1393.4
1190400 1393.1
1190410 1392.8
1190420 1392.8
1190430 1392.9
1190440 1393.4
1190450 1393.4
1190460 1393.6
1190470 1393.5
1190480 1392.9
1190490 1392.9
1190500 1393.3
1190510 1393.9
1190520 1393.9
1190530 1394.1
1190540 1394.8
1190550 1394.8
1190560 1396.2
1190570 1397.9
1190580 1397.9
1190590 1400.0
1190600 1402.8
1190610 1402.8
1190620 1406.9
1190630 1410.9
1190640 1410.9
1190650 1413.9
1190660 1409.2
1190670 1409.2
1190680 1408.9
1190690 1409.4
1190700 1413.3
1190710 1413.3
1190720 1417.9
1190730 1423.2
1190740 1423.2
1190750 1428.5
1190760 1433.9
1190770 1433.9
1190780 1439.2
1190790 1444.9
1190800 1444.9
1190810 1447.9
1190820 1448.3
1190830 1448.3
1190840 1448.3
1190850 1448.1
1190860 1448.1
1190870 1448.0
1190880 1448.3
1190890 1448.3
1190900 1448.5
1190910 1448.0
1190920 1448.8
1190930 1448.8
1190940 1450.3
1190950 1451.2
1190960 1451.2
1190970 1452.0
1190980 1453.1
1190990 1453.1
1191000 1453.8
1191010 1453.7
1191020 1453.7
1191030 1454.2
1191040 1456.0
1191050 1456.0
1191060 1456.7
1191070 1456.9
1191080 1456.9
1191090 1456.0
1191100 1450.4
1191110 1450.4
1191120 1450.7
1191130 1450.9
1191140 1450.5
1191150 1450.5
1191160 1449.7
1191170 1448.7
1191180 1448.7
1191190 1447.5
1191200 1442.8
1191210 1442.8
1191220 1436.6
1191230 1433.0
1191240 1433.0
1191250 1432.2
1191260 1431.2
1191270 1431.2
1191280 1429.2
1191290 1426.4
1191300 1426.4
1191310 1423.7
1191320 1421.6
1191330 1421.6
1191340 1420.0
1191350 1417.4
1191360 1415.8
1191370 1415.8
1191380 1414.9
1191390 1413.5
1191400 1413.5
1191410 1410.9
1191420 1407.7
1191430 1407.7
1191440 1405.6
1191450 1404.0
1191460 1404.0
1191470 1402.5
1191480 1400.7
1191490 1400.7
1191500 1398.3
1191510 1395.6
1191520 1395.6
1191530 1390.4
1191540 1388.4
1191550 1388.4
1191560 1386.2
1191570 1385.0
1191580 1382.6
1191590 1382.6
1191600 1379.4
1191610 1374.6
1191620 1374.6
1191630 1369.9
1191640 1366.7
1191650 1366.7
1191660 1363.3
1191670 1360.7
1191680 1360.7
1191690 1358.5
1191700 1357.2
1191710 1357.2
1191720 1356.3
1191730 1354.9
1191740 1354.9
1191750 1353.0
1191760 1352.8
1191770 1352.8
1191780 1354.6
1191790 1358.9
1191800 1364.0
1191810 1364.0
1191820 1368.7
1191830 1373.1
1191840 1373.1
1191850 1377.9
1191860 1382.3
1191870 1382.3
1191880 1385.9
1191890 1389.1
1191900 1389.1
1191910 1394.7
1191920 1401.3
1191930 1401.3
1191940 1406.6
1191950 1410.3
1191960 1407.8
1191970 1411.8
1191980 1415.8
1191990 1415.8
1192000 1419.5
1192010 1422.8
1192020 1422.8
1192030 1425.6
1192040 1428.3
1192050 1430.6
1192060 1430.6
1192070 1434.2
1192080 1440.7
1192090 1440.7
1192100 1446.4
1192110 1449.8
1192120 1449.8
1192130 1451.5
1192140 1454.4
1192150 1454.4
1192160 1456.4
1192170 1458.9
1192180 1458.9
1192190 1462.2
1192200 1465.2
1192210 1465.2
1192220 1468.2
1192230 1469.9
1192240 1469.9
1192250 1471.3
1192260 1473.4
1192270 1474.8
1192280 1474.8
1192290 1475.6
1192300 1476.0
1192310 1476.0
1192320 1475.1
1192330 1473.4
1192340 1473.4
1192350 1472.0
1192360 1471.4
1192370 1471.4
1192380 1470.4
1192390 1469.7
1192400 1464.2
1192410 1466.0
1192420 1471.0
1192430 1471.0
1192440 1475.5
1192450 1477.3
1192460 1477.3
1192470 1478.3
1192480 1479.3
1192490 1482.0
1192500 1482.0
1192510 1485.3
1192520 1487.6
1192530 1487.6
1192540 1489.2
1192550 1490.3
1192560 1490.3
1192570 1491.0
1192580 1492.5
1192590 1492.5
1192600 1495.4
1192610 1498.4
1192620 1498.4
1192630 1500.4
1192640 1498.3
1192650 1498.3
1192660 1495.0
1192670 1491.3
1192680 1491.3
1192690 1486.8
1192700 1483.0
1192710 1479.7
1192720 1479.7
1192730 1475.1
1192740 1470.3
1192750 1470.3
1192760 1465.4
1192770 1460.1
1192780 1460.1
1192790 1455.7
1192800 1450.3
1192810 1450.3
1192820 1444.7
1192830 1434.9
1192840 1434.9
1192850 1437.5
1192860 1444.0
1192870 1444.0
1192880 1452.2
1192890 1459.1
1192900 1459.1
1192910 1464.9
1192920 1469.4
1192930 1472.9
1192940 1472.9
1192950 1470.7
1192960 1462.7
1192970 1462.7
1192980 1454.1
1192990 1444.9
1193000 1444.9
1193010 1436.6
1193020 1440.3
1193030 1440.3
1193040 1451.1
1193050 1462.8
1193060 1462.8
1193070 1469.2
1193080 1476.7
1193090 1476.7
1193100 1485.8
1193110 1492.6
1193120 1492.6
1193130 1497.8
1193140 1503.4
1193150 1509.6
1193160 1509.6
1193170 1517.6
1193180 1526.6
1193190 1526.6
1193200 1535.8
1193210 1547.7
1193220 1547.7
1193230 1549.3
1193240 1552.3
1193250 1552.3
1193260 1558.2
1193270 1571.3
1193280 1571.3
1193290 1575.6
1193300 1579.4
1193310 1579.4
1193320 1583.9
1193330 1589.4
1193340 1589.4
1193350 1595.5
1193360 1601.8
1193370 1608.4
1193380 1608.4
1193390 1615.0
1193400 1621.4
1193410 1621.4
1193420 1627.1
1193430 1631.9
1193440 1631.9
1193450 1635.2
1193460 1638.0
1193470 1638.0
1193480 1639.7
1193490 1642.5
1193500 1642.5
1193510 1645.7
1193520 1649.0
1193530 1649.0
1193540 1652.4
1193550 1656.8
1193560 1656.8
1193570 1662.3
1193580 1666.7
1193590 1666.7
1193600 1669.8
1193610 1672.4
1193620 1678.2
1193630 1678.2
1193640 1684.7
1193650 1690.3
1193660 1690.3
1193670 1695.3
1193680 1699.5
1193690 1699.5
1193700 1698.1
1193710 1700.5
1193720 1700.5
1193730 1704.7
1193740 1709.2
1193750 1709.2
1193760 1712.8
1193770 1716.5
1193780 1716.5
1193790 1720.3
1193800 1724.2
1193810 1724.2
1193820 1726.8
1193830 1729.3
1193840 1733.1
1193850 1733.1
1193860 1737.5
1193870 1742.0
1193880 1742.0
1193890 1747.4
1193900 1754.4
1193910 1754.4
1193920 1760.2
1193930 1769.3
1193940 1769.3
1193950 1781.6
1193960 1788.7
1193970 1788.7
1193980 1794.2
1193990 1798.2
1194000 1798.2
1194010 1800.9
1194020 1803.4
1194030 1803.4
1194040 1806.8
1194050 1810.6
1194060 1814.0
1194070 1814.0
1194080 1817.5
1194090 1820.6
1194100 1820.6
1194110 1822.9
1194120 1827.2
1194130 1827.2
1194140 1823.5
1194150 1828.1
1194160 1828.1
1194170 1828.6
1194180 1829.3
1194190 1829.3
1194200 1832.5
1194210 1839.3
1194220 1839.3
1194230 1846.8
1194240 1853.6
1194250 1853.6
1194260 1860.5
1194270 1866.8
1194280 1872.3
1194290 1872.3
1194300 1877.1
1194310 1880.8
1194320 1880.8
1194330 1880.3
1194340 1876.2
1194350 1876.2
1194360 1874.0
1194370 1874.9
1194380 1874.9
1194390 1877.8
1194400 1882.3
1194410 1882.3
1194420 1886.2
1194430 1889.4
1194440 1889.4
1194450 1892.3
1194460 1895.1
1194470 1895.1
1194480 1897.9
1194490 1902.2
1194500 1906.9
1194510 1906.9
1194520 1911.5
1194530 1917.1
1194540 1917.1
1194550 1922.5
1194560 1927.5
1194570 1926.7
1194580 1932.5
1194590 1937.4
1194600 1937.4
1194610 1940.8
1194620 1943.9
1194630 1943.9
1194640 1947.1
1194650 1951.1
1194660 1951.1
1194670 1954.9
1194680 1959.1
1194690 1959.1
1194700 1964.1
1194710 1969.2
1194720 1972.9
1194730 1972.9
1194740 1974.8
1194750 1975.5
1194760 1975.5
1194770 1974.9
1194780 1974.4
1194790 1974.4
1194800 1975.8
1194810 1978.0
1194820 1978.0
1194830 1978.3
1194840 1975.5
1194850 1975.5
1194860 1974.5
1194870 1974.5
1194880 1974.5
1194890 1973.9
1194900 1975.0
1194910 1975.0
1194920 1979.0
1194930 1983.7
1194940 1983.7
1194950 1989.0
1194960 1995.2
1194970 2002.3
1194980 2002.3
1194990 2008.8
1195000 2013.1
1195010 2014.6
1195020 2019.9
1195030 2025.3
1195040 2025.3
1195050 2028.9
1195060 2030.0
1195070 2030.0
1195080 2029.7
1195090 2028.7
1195100 2028.7
1195110 2030.5
1195120 2035.5
1195130 2035.5
1195140 2041.2
1195150 2046.2
1195160 2046.2
1195170 2050.6
1195180 2054.0
1195190 2058.1
1195200 2058.1
1195210 2062.6
1195220 2066.7
1195230 2066.7
1195240 2069.1
1195250 2073.1
1195260 2073.1
1195270 2078.1
1195280 2082.9
1195290 2082.9
1195300 2087.6
1195310 2093.0
1195320 2093.0
1195330 2097.3
1195340 2100.5
1195350 2100.5
1195360 2104.5
1195370 2109.0
1195380 2109.0
1195390 2113.4
1195400 2118.0
1195410 2122.4
1195420 2122.4
1195430 2126.4
1195440 2130.2
1195450 2122.4
1195460 2126.9
1195470 2130.4
1195480 2130.4
1195490 2133.6
1195500 2136.3
1195510 2136.3
1195520 2138.2
1195530 2139.6
1195540 2139.6
1195550 2141.0
1195560 2142.4
1195570 2142.4
1195580 2143.2
1195590 2142.5
1195600 2142.5
1195610 2139.9
1195620 2137.6
1195630 2136.5
1195640 2136.5
1195650 2136.3
1195660 2135.6
1195670 2135.6
1195680 2134.4
1195690 2133.7
1195700 2133.7
1195710 2135.3
1195720 2137.3
1195730 2137.3
1195740 2139.9
1195750 2142.1
1195760 2142.1
1195770 2142.9
1195780 2140.8
1195790 2140.8
1195800 2136.1
1195810 2132.8
1195820 2132.8
1195830 2130.0
1195840 2128.3
1195850 2126.6
1195860 2126.6
1195870 2126.5
1195880 2127.6
1195890 2121.1
1195900 2123.5
1195910 2125.6
1195920 2125.6
1195930 2128.8
1195940 2131.6
1195950 2131.6
1195960 2133.8
1195970 2136.6
1195980 2136.6
1195990 2139.5
1196000 2141.9
1196010 2141.9
1196020 2144.5
1196030 2146.5
1196040 2146.5
1196050 2146.8
1196060 2147.3
1196070 2148.3
1196080 2148.3
1196090 2151.0
1196100 2155.1
1196110 2155.1
1196120 2158.9
1196130 2160.5
1196140 2160.5
1196150 2166.9
1196160 2176.0
1196170 2176.0
1196180 2185.1
1196190 2193.9
1196200 2193.9
1196210 2202.7
1196220 2211.6
1196230 2211.6
1196240 2220.2
1196250 2228.2
1196260 2228.2
1196270 2232.2
1196280 2232.8
1196290 2233.4
1196300 2233.4
1196310 2234.4
1196320 2235.8
1196330 2230.1
1196340 2232.1
1196350 2234.2
1196360 2234.2
1196370 2236.9
1196380 2240.3
1196390 2240.3
1196400 2243.7
1196410 2246.9
1196420 2246.9
1196430 2250.2
1196440 2253.2
1196450 2253.2
1196460 2255.6
1196470 2255.5
1196480 2255.5
1196490 2249.5
1196500 2249.5
1196510 2249.5
1196520 2253.8
1196530 2256.1
1196540 2255.8
1196550 2255.8
1196560 2260.3
1196570 2265.6
1196580 2265.6
1196590 2267.9
1196600 2270.3
1196610 2270.3
1196620 2273.7
1196630 2277.0
1196640 2277.0
1196650 2279.8
1196660 2282.7
1196670 2282.7
1196680 2285.4
1196690 2287.5
1196700 2287.5
1196710 2289.0
1196720 2290.1
1196730 2290.1
1196740 2290.7
1196750 2291.5
1196760 2295.5
1196770 2290.9
1196780 2294.4
1196790 2298.7
1196800 2298.7
1196810 2303.0
1196820 2308.3
1196830 2308.3
1196840 2314.0
1196850 2319.8
1196860 2319.8
1196870 2324.8
1196880 2329.0
1196890 2329.0
1196900 2332.7
1196910 2335.8
1196920 2335.8
1196930 2338.3
1196940 2339.9
1196950 2339.9
1196960 2340.0
1196970 2339.7
1196980 2342.1
1196990 2342.1
1197000 2345.5
1197010 2348.2
1197020 2348.2
1197030 2350.1
1197040 2352.5
1197050 2352.5
1197060 2355.6
1197070 2358.8
1197080 2358.8
1197090 2360.9
1197100 2362.1
1197110 2362.1
1197120 2364.2
1197130 2365.6
1197140 2365.6
1197150 2368.3
1197160 2371.2
1197170 2371.2
1197180 2373.8
1197190 2375.6
1197200 2377.5
1197210 2372.0
1197220 2375.3
1197230 2380.0
1197240 2380.0
1197250 2384.8
1197260 2388.8
1197270 2388.8
1197280 2390.8
1197290 2391.4
1197300 2391.4
1197310 2391.4
1197320 2393.1
1197330 2393.1
1197340 2395.9
1197350 2399.8
1197360 2399.8
1197370 2407.2
1197380 2412.2
1197390 2412.2
1197400 2416.2
1197410 2419.0
1197420 2421.3
1197430 2421.3
1197440 2424.5
1197450 2429.0
1197460 2429.0
1197470 2433.9
1197480 2438.1
1197490 2438.1
1197500 2441.9
1197510 2446.9
1197520 2446.9
1197530 2453.3
1197540 2460.7
1197550 2460.7
1197560 2468.7
1197570 2474.9
1197580 2474.9
1197590 2479.0
1197600 2483.4
1197610 2483.4
1197620 2487.6
1197630 2491.8
1197640 2495.1
1197650 2492.3
1197660 2493.6
1197670 2494.9
1197680 2494.9
1197690 2496.9
1197700 2499.8
1197710 2499.8
1197720 2503.5
1197730 2506.1
1197740 2506.1
1197750 2508.7
1197760 2510.8
1197770 2510.8
1197780 2512.1
1197790 2513.4
1197800 2513.4
1197810 2516.6
1197820 2520.1
1197830 2520.1
1197840 2524.0
1197850 2526.5
1197860 2528.7
1197870 2528.7
1197880 2531.2
1197890 2535.5
1197900 2535.5
1197910 2541.9
1197920 2548.4
1197930 2548.4
1197940 2553.1
1197950 2558.2
1197960 2558.2
1197970 2563.7
1197980 2568.0
1197990 2568.0
1198000 2570.4
1198010 2572.4
1198020 2572.4
1198030 2575.0
1198040 2577.0
1198050 2577.0
1198060 2580.0
1198070 2581.5
1198080 2581.5
1198090 2582.8
1198100 2584.6
1198110 2587.4
1198120 2587.4
1198130 2589.8
1198140 2591.3
1198150 2591.3
1198160 2593.0
1198170 2595.2
1198180 2595.2
1198190 2597.8
1198200 2600.4
1198210 2600.4
1198220 2602.6
1198230 2605.3
1198240 2605.3
1198250 2607.8
1198260 2609.5
1198270 2609.5
1198280 2611.4
1198290 2614.4
1198300 2614.4
1198310 2617.4
1198320 2620.2
1198330 2623.8
1198340 2623.8
1198350 2627.7
1198360 2631.0
1198370 2631.0
1198380 2634.2
1198390 2637.1
1198400 2637.1
1198410 2640.1
1198420 2643.3
1198430 2643.3
1198440 2645.7
1198450 2646.9
1198460 2646.9
1198470 2648.1
1198480 2649.5
1198490 2649.5
1198500 2651.2
1198510 2652.5
1198520 2652.5
1198530 2654.6
1198540 2651.0
1198550 2653.6
1198560 2653.6
1198570 2655.7
1198580 2658.0
1198590 2658.0
1198600 2661.1
1198610 2663.5
1198620 2663.5
1198630 2665.7
1198640 2667.2
1198650 2667.2
1198660 2669.2
1198670 2671.6
1198680 2671.6
1198690 2674.5
1198700 2678.2
1198710 2678.2
1198720 2681.6
1198730 2685.5
1198740 2685.5
1198750 2689.5
1198760 2693.1
1198770 2696.5
1198780 2696.5
1198790 2698.8
1198800 2701.3
1198810 2701.3
1198820 2704.6
1198830 2708.4
1198840 2708.4
1198850 2712.2
1198860 2716.0
1198870 2716.0
1198880 2720.5
1198890 2725.0
1198900 2725.0
1198910 2729.3
1198920 2732.8
1198930 2732.8
1198940 2736.5
1198950 2743.6
1198960 2743.6
1198970 2750.5
1198980 2746.4
1198990 2748.3
1199000 2748.3
1199010 2749.9
1199020 2748.1
1199030 2748.1
1199040 2747.9
1199050 2748.6
1199060 2748.6
1199070 2750.8
1199080 2753.0
1199090 2753.0
1199100 2753.8
1199110 2755.0
1199120 2755.0
1199130 2758.9
1199140 2763.9
1199150 2763.9
1199160 2766.5
1199170 2769.4
1199180 2769.4
1199190 2773.3
1199200 2776.5
1199210 2779.5
1199220 2779.5
1199230 2781.8
1199240 2784.1
1199250 2784.1
1199260 2785.3
1199270 2785.6
1199280 2785.6
1199290 2784.7
1199300 2785.2
1199310 2785.2
1199320 2786.7
1199330 2789.2
1199340 2789.2
1199350 2789.7
1199360 2789.1
1199370 2789.1
1199380 2789.1
1199390 2790.0
1199400 2790.0
1199410 2789.6
1199420 2783.5
1199430 2783.5
1199440 2781.9
1199450 2780.6
1199460 2779.8
1199470 2779.8
1199480 2776.7
1199490 2769.5
1199500 2769.5
1199510 2761.4
1199520 2759.1
1199530 2759.1
1199540 2760.4
1199550 2763.4
1199560 2763.4
1199570 2764.6
1199580 2766.7
1199590 2766.7
1199600 2769.9
1199610 2774.3
1199620 2774.3
1199630 2777.4
1199640 2779.5
1199650 2779.5
1199660 2782.0
1199670 2784.5
1199680 2786.6
1199690 2786.6
1199700 2789.2
1199710 2791.9
1199720 2791.9
1199730 2793.7
1199740 2782.7
1199750 2782.7
1199760 2758.8
1199770 2741.7
1199780 2741.7
1199790 2731.7
1199800 2723.8
1199810 2723.8
1199820 2712.9
1199830 2702.8
1199840 2702.8
1199850 2694.3
1199860 2688.4
1199870 2686.9
1199880 2680.8
1199890 2675.2
1199900 2670.9
1199910 2670.9
1199920 2666.1
1199930 2659.2
1199940 2659.2
1199950 2648.9
1199960 2631.8
1199970 2631.8
1199980 2622.0
1199990 2618.0
