1180000 2168.3
1180010 2168.3
1180020 2163.0
1180030 2157.7
1180040 2157.7
1180050 2152.0
1180060 2146.6
1180070 2146.6
1180080 2141.9
1180090 2136.8
1180100 2136.8
1180110 2131.5
1180120 2126.2
1180130 2126.2
1180140 2120.6
1180150 2115.0
1180160 2115.0
1180170 2109.0
1180180 2103.1
1180190 2103.1
1180200 2097.4
1180210 2092.9
1180220 2088.7
1180230 2088.7
1180240 2087.3
1180250 2083.9
1180260 2083.9
1180270 2079.9
1180280 2075.3
1180290 2075.3
1180300 2070.4
1180310 2065.7
1180320 2065.7
1180330 2062.5
1180340 2061.6
1180350 2061.6
1180360 2060.7
1180370 2059.8
1180380 2059.8
1180390 2058.8
1180400 2056.1
1180410 2056.1
1180420 2052.0
1180430 2046.4
1180440 2043.3
1180450 2043.3
1180460 2042.5
1180470 2038.1
1180480 2038.1
1180490 2034.9
1180500 2035.4
1180510 2035.4
1180520 2038.0
1180530 2038.6
1180540 2038.6
1180550 2037.9
1180560 2036.1
1180570 2036.1
1180580 2032.9
1180590 2031.5
1180600 2031.5
1180610 2029.6
1180620 2027.9
1180630 2027.9
1180640 2025.9
1180650 2023.4
1180660 2029.3
1180670 2029.3
1180680 2027.7
1180690 2025.9
1180700 2025.9
1180710 2023.4
1180720 2019.5
1180730 2019.5
1180740 2016.9
1180750 2016.1
1180760 2016.1
1180770 2013.3
1180780 2010.4
1180790 2010.4
1180800 2007.9
1180810 2008.2
1180820 2008.2
1180830 2008.4
1180840 2007.8
1180850 2007.8
1180860 2005.0
1180870 2005.7
1180880 2004.6
1180890 2004.6
1180900 2003.3
1180910 2003.8
1180920 2003.8
1180930 2002.8
1180940 2003.2
1180950 2003.2
1180960 2003.5
1180970 2003.1
1180980 2003.1
1180990 2003.4
1181000 2008.5
1181010 2008.5
1181020 2009.8
1181030 2010.2
1181040 2010.2
1181050 2011.2
1181060 2013.8
1181070 2013.8
1181080 2023.7
1181090 2027.6
1181100 2027.6
1181110 2032.0
1181120 2034.7
1181130 2034.9
1181140 2034.9
1181150 2033.6
1181160 2032.4
1181170 2032.4
1181180 2031.9
1181190 2033.6
1181200 2033.6
1181210 2037.2
1181220 2042.5
1181230 2042.5
1181240 2046.9
1181250 2050.3
1181260 2050.3
1181270 2054.9
1181280 2058.7
1181290 2058.7
1181300 2057.5
1181310 2056.8
1181320 2056.8
1181330 2060.9
1181340 2066.3
1181350 2069.4
1181360 2069.4
1181370 2068.3
1181380 2066.2
1181390 2066.2
1181400 2068.5
1181410 2072.2
1181420 2072.2
1181430 2077.6
1181440 2083.0
1181450 2083.0
1181460 2088.6
1181470 2094.6
1181480 2094.6
1181490 2101.3
1181500 2112.1
1181510 2112.1
1181520 2116.0
1181530 2119.4
1181540 2119.4
1181550 2122.8
1181560 2125.8
1181570 2128.7
1181580 2128.7
1181590 2131.6
1181600 2134.8
1181610 2134.8
1181620 2138.3
1181630 2141.6
1181640 2141.6
1181650 2143.7
1181660 2145.4
1181670 2145.4
1181680 2147.6
1181690 2149.8
1181700 2149.8
1181710 2151.6
1181720 2152.0
1181730 2152.0
1181740 2152.5
1181750 2154.2
1181760 2154.2
1181770 2157.3
1181780 2158.6
1181790 2160.2
1181800 2160.2
1181810 2163.3
1181820 2166.5
1181830 2166.5
1181840 2168.9
1181850 2171.5
1181860 2171.5
1181870 2174.2
1181880 2176.7
1181890 2176.7
1181900 2179.8
1181910 2188.8
1181920 2188.8
1181930 2191.6
1181940 2194.6
1181950 2194.6
1181960 2197.5
1181970 2199.5
1181980 2199.5
1181990 2199.9
1182000 2201.7
1182010 2203.3
1182020 2203.3
1182030 2203.7
1182040 2207.2
1182050 2207.2
1182060 2211.4
1182070 2215.4
1182080 2215.4
1182090 2218.9
1182100 2222.3
1182110 2222.3
1182120 2225.3
1182130 2225.6
1182140 2225.6
1182150 2227.9
1182160 2231.4
1182170 2231.4
1182180 2233.2
1182190 2235.5
1182200 2235.5
1182210 2238.3
1182220 2240.9
1182230 2243.1
1182240 2243.1
1182250 2244.1
1182260 2244.6
1182270 2244.6
1182280 2244.5
1182290 2242.9
1182300 2242.9
1182310 2240.5
1182320 2238.4
1182330 2237.9
1182340 2236.4
1182350 2235.2
1182360 2235.2
1182370 2235.0
1182380 2235.4
1182390 2235.4
1182400 2235.3
1182410 2235.0
1182420 2235.0
1182430 2234.6
1182440 2234.3
1182450 2234.3
1182460 2235.2
1182470 2236.7
1182480 2238.0
1182490 2238.0
1182500 2239.1
1182510 2239.3
1182520 2239.3
1182530 2239.4
1182540 2238.4
1182550 2238.4
1182560 2236.8
1182570 2234.8
1182580 2234.8
1182590 2234.0
1182600 2234.4
1182610 2234.4
1182620 2233.9
1182630 2232.3
1182640 2232.3
1182650 2227.6
1182660 2222.6
1182670 2222.6
1182680 2217.6
1182690 2213.2
1182700 2209.9
1182710 2209.9
1182720 2207.3
1182730 2205.2
1182740 2205.2
1182750 2200.4
1182760 2195.8
1182770 2195.8
1182780 2191.1
1182790 2186.4
1182800 2186.4
1182810 2182.5
1182820 2178.4
1182830 2178.4
1182840 2174.7
1182850 2171.0
1182860 2171.0
1182870 2166.3
1182880 2157.4
1182890 2157.4
1182900 2149.2
1182910 2141.4
1182920 2134.7
1182930 2134.7
1182940 2127.3
1182950 2121.7
1182960 2121.7
1182970 2116.1
1182980 2109.8
1182990 2109.8
1183000 2102.2
1183010 2094.3
1183020 2094.3
1183030 2086.8
1183040 2080.0
1183050 2080.0
1183060 2073.4
1183070 2067.0
1183080 2067.0
1183090 2059.6
1183100 2051.0
1183110 2051.0
1183120 2043.4
1183130 2036.9
1183140 2030.9
1183150 2030.9
1183160 2025.8
1183170 2020.7
1183180 2023.6
1183190 2018.1
1183200 2012.2
1183210 2012.2
1183220 2006.4
1183230 1999.7
1183240 1999.7
1183250 1991.8
1183260 1985.1
1183270 1985.1
1183280 1980.2
1183290 1976.0
1183300 1976.0
1183310 1971.2
1183320 1965.4
1183330 1965.4
1183340 1958.3
1183350 1949.8
1183360 1941.7
1183370 1941.7
1183380 1934.7
1183390 1927.6
1183400 1927.6
1183410 1919.5
1183420 1911.3
1183430 1911.3
1183440 1902.1
1183450 1893.3
1183460 1893.3
1183470 1885.8
1183480 1878.2
1183490 1878.2
1183500 1871.4
1183510 1865.5
1183520 1865.5
1183530 1859.7
1183540 1853.2
1183550 1853.2
1183560 1847.1
1183570 1842.3
1183580 1842.3
1183590 1837.3
1183600 1833.3
1183610 1828.0
1183620 1828.0
1183630 1823.3
1183640 1819.0
1183650 1819.0
1183660 1814.0
1183670 1809.6
1183680 1809.6
1183690 1805.8
1183700 1801.8
1183710 1801.8
1183720 1797.2
1183730 1791.5
1183740 1791.5
1183750 1785.2
1183760 1778.3
1183770 1778.3
1183780 1771.9
1183790 1765.9
1183800 1765.9
1183810 1759.6
1183820 1753.5
1183830 1747.0
1183840 1747.0
1183850 1742.1
1183860 1737.3
1183870 1737.3
1183880 1732.1
1183890 1726.8
1183900 1726.8
1183910 1721.7
1183920 1716.5
1183930 1716.5
1183940 1711.6
1183950 1706.1
1183960 1706.1
1183970 1700.6
1183980 1695.1
1183990 1695.1
1184000 1688.6
1184010 1681.2
1184020 1677.9
1184030 1671.8
1184040 1665.5
1184050 1658.4
1184060 1658.4
1184070 1651.9
1184080 1645.2
1184090 1645.2
1184100 1639.0
1184110 1632.6
1184120 1632.6
1184130 1627.5
1184140 1620.6
1184150 1620.6
1184160 1615.1
1184170 1611.1
1184180 1611.1
1184190 1607.6
1184200 1604.5
1184210 1604.5
1184220 1601.8
1184230 1597.7
1184240 1597.7
1184250 1593.5
1184260 1588.7
1184270 1583.2
1184280 1583.2
1184290 1578.2
1184300 1574.8
1184310 1574.8
1184320 1570.9
1184330 1567.1
1184340 1567.1
1184350 1562.4
1184360 1556.4
1184370 1556.4
1184380 1550.2
1184390 1544.8
1184400 1544.8
1184410 1540.2
1184420 1535.9
1184430 1535.9
1184440 1530.9
1184450 1527.8
1184460 1527.8
1184470 1524.0
1184480 1518.2
1184490 1512.0
1184500 1512.0
1184510 1505.7
1184520 1499.7
1184530 1499.7
1184540 1496.2
1184550 1493.7
1184560 1493.7
1184570 1490.4
1184580 1485.9
1184590 1485.9
1184600 1481.5
1184610 1478.2
1184620 1478.2
1184630 1476.6
1184640 1476.4
1184650 1476.4
1184660 1477.3
1184670 1476.8
1184680 1476.8
1184690 1476.9
1184700 1476.1
1184710 1474.4
1184720 1474.4
1184730 1470.5
1184740 1468.2
1184750 1468.2
1184760 1467.9
1184770 1468.3
1184780 1468.3
1184790 1466.9
1184800 1464.6
1184810 1464.6
1184820 1462.3
1184830 1460.7
1184840 1460.7
1184850 1459.0
1184860 1458.0
1184870 1458.0
1184880 1456.3
1184890 1453.8
1184900 1453.8
1184910 1449.1
1184920 1440.5
1184930 1440.5
1184940 1432.4
1184950 1424.4
1184960 1416.0
1184970 1416.0
1184980 1407.9
1184990 1400.4
1185000 1400.4
1185010 1394.1
1185020 1388.8
1185030 1388.8
1185040 1382.9
1185050 1376.5
1185060 1376.5
1185070 1371.0
1185080 1366.0
1185090 1366.0
1185100 1361.0
1185110 1358.5
1185120 1358.5
1185130 1355.2
1185140 1351.6
1185150 1351.6
1185160 1347.5
1185170 1342.9
1185180 1339.2
1185190 1339.2
1185200 1335.1
1185210 1331.6
1185220 1331.6
1185230 1329.6
1185240 1326.7
1185250 1326.7
1185260 1323.3
1185270 1320.7
1185280 1320.7
1185290 1315.9
1185300 1310.3
1185310 1310.3
1185320 1304.3
1185330 1298.3
1185340 1298.3
1185350 1292.0
1185360 1287.2
1185370 1287.2
1185380 1281.5
1185390 1276.1
1185400 1270.5
1185410 1270.5
1185420 1264.8
1185430 1258.6
1185440 1258.6
1185450 1253.6
1185460 1249.8
1185470 1249.8
1185480 1245.7
1185490 1241.0
1185500 1241.0
1185510 1235.9
1185520 1230.9
1185530 1230.9
1185540 1226.3
1185550 1221.8
1185560 1221.8
1185570 1217.2
1185580 1213.3
1185590 1213.3
1185600 1209.6
1185610 1205.2
1185620 1200.8
1185630 1200.8
1185640 1196.1
1185650 1192.0
1185660 1192.0
1185670 1188.5
1185680 1184.7
1185690 1184.7
1185700 1181.1
1185710 1178.5
1185720 1178.5
1185730 1175.0
1185740 1171.0
1185750 1171.0
1185760 1166.2
1185770 1161.3
1185780 1161.3
1185790 1156.6
1185800 1152.9
1185810 1152.9
1185820 1149.3
1185830 1143.2
1185840 1136.6
1185850 1136.6
1185860 1128.9
1185870 1118.6
1185880 1118.6
1185890 1108.3
1185900 1104.2
1185910 1104.2
1185920 1100.7
1185930 1096.0
1185940 1096.0
1185950 1092.2
1185960 1087.8
1185970 1087.8
1185980 1082.3
1185990 1076.6
1186000 1076.6
1186010 1071.0
1186020 1065.9
1186030 1065.9
1186040 1061.6
1186050 1057.5
1186060 1053.3
1186070 1053.3
1186080 1049.5
1186090 1045.4
1186100 1045.4
1186110 1040.2
1186120 1034.1
1186130 1034.1
1186140 1028.3
1186150 1021.3
1186160 1021.3
1186170 1014.2
1186180 1007.2
1186190 1007.2
1186200 1000.3
1186210 992.8
1186220 992.8
1186230 985.9
1186240 978.7
1186250 978.7
1186260 972.4
1186270 969.4
1186280 969.4
1186290 964.9
1186300 958.6
1186310 955.3
1186320 955.3
1186330 952.0
1186340 950.2
1186350 950.2
1186360 948.0
1186370 944.9
1186380 944.9
1186390 943.2
1186400 941.1
1186410 941.1
1186420 937.0
1186430 932.8
1186440 932.8
1186450 928.6
1186460 924.8
1186470 924.8
1186480 921.8
1186490 918.3
1186500 918.3
1186510 915.8
1186520 914.1
1186530 911.9
1186540 911.9
1186550 910.0
1186560 906.9
1186570 906.9
1186580 905.1
1186590 903.4
1186600 903.4
1186610 901.7
1186620 899.9
1186630 899.9
1186640 898.1
1186650 896.5
1186660 896.5
1186670 895.1
1186680 893.6
1186690 893.6
1186700 892.0
1186710 891.1
1186720 891.1
1186730 890.0
1186740 888.4
1186750 886.9
1186760 886.9
1186770 885.7
1186780 884.6
1186790 884.6
1186800 883.0
1186810 881.5
1186820 881.5
1186830 880.3
1186840 879.1
1186850 879.1
1186860 878.0
1186870 876.5
1186880 876.5
1186890 874.7
1186900 873.2
1186910 873.2
1186920 872.0
1186930 870.8
1186940 870.8
1186950 869.7
1186960 868.6
1186970 867.6
1186980 867.6
1186990 866.0
1187000 864.8
1187010 864.8
1187020 863.7
1187030 862.4
1187040 862.4
1187050 860.8
1187060 859.2
1187070 859.2
1187080 859.1
1187090 859.1
1187100 859.1
1187110 859.1
1187120 859.2
1187130 859.2
1187140 859.5
1187150 860.4
1187160 860.4
1187170 861.8
1187180 862.3
1187190 862.6
1187200 862.6
1187210 863.2
1187220 864.1
1187230 864.1
1187240 862.5
1187250 862.0
1187260 862.0
1187270 862.0
1187280 862.0
1187290 862.0
1187300 862.4
1187310 862.3
1187320 862.3
1187330 862.1
1187340 862.0
1187350 862.0
1187360 862.0
1187370 862.0
1187380 862.0
1187390 861.9
1187400 861.8
1187410 861.7
1187420 861.8
1187430 861.8
1187440 861.7
1187450 861.7
1187460 861.7
1187470 861.6
1187480 861.6
1187490 861.6
1187500 861.5
1187510 861.5
1187520 861.6
1187530 861.6
1187540 861.6
1187550 861.6
1187560 861.6
1187570 861.6
1187580 861.8
1187590 861.8
1187600 861.8
1187610 861.8
1187620 861.8
1187630 861.9
1187640 861.9
1187650 861.9
1187660 861.9
1187670 861.9
1187680 861.9
1187690 861.9
1187700 861.9
1187710 861.9
1187720 862.1
1187730 862.1
1187740 862.1
1187750 862.1
1187760 862.1
1187770 862.1
1187780 862.2
1187790 862.2
1187800 862.1
1187810 862.0
1187820 862.0
1187830 862.1
1187840 861.9
1187850 861.9
1187860 861.9
1187870 862.3
1187880 864.6
1187890 864.6
1187900 869.5
1187910 875.9
1187920 875.9
1187930 880.6
1187940 883.5
1187950 883.5
1187960 886.7
1187970 890.4
1187980 890.4
1187990 896.5
1188000 898.9
1188010 898.9
1188020 900.1
1188030 901.3
1188040 901.3
1188050 902.3
1188060 905.2
1188070 905.2
1188080 908.2
1188090 909.9
1188100 911.2
1188110 911.2
1188120 912.9
1188130 914.5
1188140 914.5
1188150 916.5
1188160 918.7
1188170 918.7
1188180 920.6
1188190 923.1
1188200 923.1
1188210 925.5
1188220 927.6
1188230 927.6
1188240 930.1
1188250 934.7
1188260 934.7
1188270 939.2
1188280 943.2
1188290 943.2
1188300 950.1
1188310 957.7
1188320 964.1
1188330 964.1
1188340 971.0
1188350 977.6
1188360 977.6
1188370 983.9
1188380 990.2
1188390 990.2
1188400 996.9
1188410 1003.9
1188420 1003.9
1188430 1010.7
1188440 1017.4
1188450 1017.4
1188460 1024.0
1188470 1030.2
1188480 1030.2
1188490 1036.1
1188500 1041.4
1188510 1041.4
1188520 1045.5
1188530 1049.6
1188540 1054.3
1188550 1054.3
1188560 1059.7
1188570 1064.8
1188580 1064.8
1188590 1069.6
1188600 1076.0
1188610 1076.0
1188620 1082.0
1188630 1087.3
1188640 1087.3
1188650 1093.4
1188660 1099.9
1188670 1099.9
1188680 1106.5
1188690 1113.4
1188700 1113.9
1188710 1120.4
1188720 1126.7
1188730 1126.7
1188740 1133.5
1188750 1140.4
1188760 1147.8
1188770 1147.8
1188780 1155.5
1188790 1162.8
1188800 1162.8
1188810 1170.0
1188820 1177.2
1188830 1177.2
1188840 1184.4
1188850 1191.8
1188860 1191.8
1188870 1199.4
1188880 1207.6
1188890 1207.6
1188900 1215.1
1188910 1222.3
1188920 1222.3
1188930 1230.1
1188940 1238.3
1188950 1238.3
1188960 1248.3
1188970 1257.5
1188980 1264.0
1188990 1264.0
1189000 1271.5
1189010 1279.3
1189020 1279.3
1189030 1287.9
1189040 1297.2
1189050 1297.2
1189060 1305.3
1189070 1311.6
1189080 1311.6
1189090 1318.0
1189100 1324.6
1189110 1324.6
1189120 1331.4
1189130 1337.7
1189140 1337.7
1189150 1343.4
1189160 1348.1
1189170 1348.1
1189180 1352.6
1189190 1357.1
1189200 1357.1
1189210 1361.3
1189220 1365.2
1189230 1369.3
1189240 1369.3
1189250 1372.0
1189260 1374.3
1189270 1374.3
1189280 1376.7
1189290 1378.8
1189300 1378.8
1189310 1380.2
1189320 1381.2
1189330 1381.2
1189340 1381.7
1189350 1382.6
1189360 1382.6
1189370 1383.7
1189380 1384.6
1189390 1384.6
1189400 1385.6
1189410 1385.7
1189420 1385.7
1189430 1385.5
1189440 1385.9
1189450 1386.8
1189460 1386.8
1189470 1387.6
1189480 1388.4
1189490 1388.4
1189500 1389.9
1189510 1387.1
1189520 1387.1
1189530 1386.2
1189540 1386.4
1189550 1386.4
1189560 1386.5
1189570 1386.9
1189580 1386.9
1189590 1387.4
1189600 1388.0
1189610 1388.0
1189620 1389.4
1189630 1391.0
1189640 1391.0
1189650 1392.3
1189660 1392.7
1189670 1393.4
1189680 1393.4
1189690 1394.4
1189700 1396.4
1189710 1396.4
1189720 1399.5
1189730 1401.6
1189740 1401.6
1189750 1401.3
1189760 1401.3
1189770 1401.3
1189780 1402.5
1189790 1404.6
1189800 1404.6
1189810 1404.7
1189820 1405.4
1189830 1405.4
1189840 1407.5
1189850 1410.1
1189860 1410.1
1189870 1414.8
1189880 1415.6
1189890 1416.2
1189900 1416.2
1189910 1418.4
1189920 1420.7
1189930 1420.7
1189940 1422.5
1189950 1424.5
1189960 1424.5
1189970 1425.9
1189980 1427.7
1189990 1425.4
1190000 1426.8
1190010 1429.6
1190020 1429.6
1190030 1432.4
1190040 1434.7
1190050 1434.7
1190060 1436.1
1190070 1436.7
1190080 1436.7
1190090 1438.2
1190100 1439.2
1190110 1442.4
1190120 1442.4
1190130 1446.1
1190140 1449.2
1190150 1449.2
1190160 1451.0
1190170 1450.9
1190180 1450.9
1190190 1450.7
1190200 1450.6
1190210 1450.6
1190220 1449.6
1190230 1447.8
1190240 1447.8
1190250 1445.3
1190260 1443.3
1190270 1443.3
1190280 1441.6
1190290 1440.5
1190300 1440.5
1190310 1438.8
1190320 1435.1
1190330 1429.4
1190340 1429.4
1190350 1426.9
1190360 1423.9
1190370 1423.9
1190380 1420.6
1190390 1419.3
1190400 1419.3
1190410 1419.1
1190420 1412.4
1190430 1412.4
1190440 1411.9
1190450 1412.5
1190460 1412.5
1190470 1412.7
1190480 1412.9
1190490 1412.9
1190500 1414.9
1190510 1416.4
1190520 1416.4
1190530 1416.9
1190540 1417.3
1190550 1417.3
1190560 1418.5
1190570 1420.0
1190580 1422.5
1190590 1422.5
1190600 1425.9
1190610 1429.6
1190620 1429.6
1190630 1433.7
1190640 1438.7
1190650 1438.7
1190660 1442.0
1190670 1442.1
1190680 1442.1
1190690 1442.0
1190700 1442.5
1190710 1442.5
1190720 1443.6
1190730 1445.3
1190740 1445.3
1190750 1447.9
1190760 1452.3
1190770 1452.3
1190780 1456.1
1190790 1459.0
1190800 1462.5
1190810 1462.5
1190820 1466.2
1190830 1470.6
1190840 1470.6
1190850 1471.6
1190860 1472.1
1190870 1472.1
1190880 1472.2
1190890 1472.4
1190900 1472.4
1190910 1472.2
1190920 1473.6
1190930 1473.6
1190940 1475.5
1190950 1476.0
1190960 1476.0
1190970 1477.3
1190980 1478.3
1190990 1478.3
1191000 1479.2
1191010 1479.0
1191020 1479.5
1191030 1479.5
1191040 1480.1
1191050 1480.2
1191060 1480.2
1191070 1480.0
1191080 1479.2
1191090 1479.2
1191100 1478.4
1191110 1478.3
1191120 1478.3
1191130 1478.3
1191140 1477.7
1191150 1477.7
1191160 1476.9
1191170 1473.1
1191180 1473.1
1191190 1467.7
1191200 1462.3
1191210 1462.3
1191220 1459.9
1191230 1458.4
1191240 1456.5
1191250 1456.5
1191260 1453.5
1191270 1449.8
1191280 1447.4
1191290 1445.0
1191300 1442.9
1191310 1442.9
1191320 1441.3
1191330 1439.6
1191340 1439.6
1191350 1437.8
1191360 1435.2
1191370 1435.2
1191380 1433.7
1191390 1433.8
1191400 1433.8
1191410 1432.8
1191420 1430.9
1191430 1430.9
1191440 1429.1
1191450 1426.6
1191460 1424.5
1191470 1424.5
1191480 1423.1
1191490 1423.3
1191500 1423.3
1191510 1421.6
1191520 1418.4
1191530 1418.4
1191540 1417.5
1191550 1413.2
1191560 1413.2
1191570 1407.0
1191580 1401.1
1191590 1401.1
1191600 1396.0
1191610 1390.4
1191620 1390.4
1191630 1385.0
1191640 1379.6
1191650 1379.6
1191660 1374.4
1191670 1370.1
1191680 1365.5
1191690 1365.5
1191700 1363.1
1191710 1362.2
1191720 1361.0
1191730 1360.4
1191740 1361.0
1191750 1361.0
1191760 1360.9
1191770 1362.2
1191780 1362.2
1191790 1365.1
1191800 1367.9
1191810 1367.9
1191820 1371.3
1191830 1374.3
1191840 1374.3
1191850 1377.3
1191860 1381.5
1191870 1381.5
1191880 1387.7
1191890 1394.7
1191900 1399.9
1191910 1399.9
1191920 1404.3
1191930 1409.5
1191940 1409.5
1191950 1414.1
1191960 1418.7
1191970 1418.7
1191980 1423.9
1191990 1429.6
1192000 1429.6
1192010 1433.7
1192020 1437.5
1192030 1437.5
1192040 1441.0
1192050 1445.3
1192060 1445.3
1192070 1451.2
1192080 1457.8
1192090 1457.8
1192100 1463.2
1192110 1468.8
1192120 1468.8
1192130 1473.8
1192140 1479.0
1192150 1479.2
1192160 1479.2
1192170 1481.2
1192180 1481.4
1192190 1481.4
1192200 1482.7
1192210 1484.6
1192220 1484.6
1192230 1487.2
1192240 1489.8
1192250 1489.8
1192260 1491.8
1192270 1492.6
1192280 1492.6
1192290 1491.5
1192300 1491.0
1192310 1491.0
1192320 1491.4
1192330 1491.3
1192340 1491.3
1192350 1490.6
1192360 1489.3
1192370 1488.3
1192380 1488.3
1192390 1488.3
1192400 1487.5
1192410 1487.5
1192420 1484.4
1192430 1482.8
1192440 1482.8
1192450 1482.9
1192460 1484.6
1192470 1484.6
1192480 1486.1
1192490 1487.2
1192500 1487.2
1192510 1490.3
1192520 1495.3
1192530 1495.3
1192540 1500.8
1192550 1506.1
1192560 1506.1
1192570 1510.8
1192580 1515.1
1192590 1515.0
1192600 1515.0
1192610 1518.6
1192620 1520.2
1192630 1520.2
1192640 1519.2
1192650 1514.8
1192660 1514.8
1192670 1509.8
1192680 1505.8
1192690 1505.8
1192700 1501.2
1192710 1496.5
1192720 1496.5
1192730 1492.5
1192740 1488.7
1192750 1488.7
1192760 1485.3
1192770 1481.8
1192780 1481.8
1192790 1477.7
1192800 1472.7
1192810 1468.1
1192820 1468.1
1192830 1465.1
1192840 1461.6
1192850 1461.6
1192860 1461.9
1192870 1467.0
1192880 1467.0
1192890 1475.3
1192900 1482.8
1192910 1482.8
1192920 1488.5
1192930 1492.3
1192940 1492.3
1192950 1493.6
1192960 1489.0
1192970 1489.0
1192980 1483.1
1192990 1476.7
1193000 1476.7
1193010 1470.9
1193020 1462.3
1193030 1460.9
1193040 1460.9
1193050 1458.6
1193060 1459.7
1193070 1459.7
1193080 1468.5
1193090 1480.1
1193100 1480.1
1193110 1490.5
1193120 1498.7
1193130 1498.7
1193140 1506.1
1193150 1513.1
1193160 1513.1
1193170 1519.2
1193180 1524.4
1193190 1524.4
1193200 1529.4
1193210 1534.7
1193220 1534.7
1193230 1540.8
1193240 1547.5
1193250 1554.4
1193260 1554.4
1193270 1561.1
1193280 1566.9
1193290 1566.9
1193300 1571.9
1193310 1577.2
1193320 1577.2
1193330 1584.0
1193340 1591.3
1193350 1591.3
1193360 1598.6
1193370 1605.9
1193380 1605.9
1193390 1614.6
1193400 1623.0
1193410 1623.0
1193420 1628.8
1193430 1634.3
1193440 1634.3
1193450 1638.1
1193460 1643.8
1193470 1643.8
1193480 1649.4
1193490 1654.8
1193500 1660.9
1193510 1660.9
1193520 1666.2
1193530 1672.0
1193540 1672.0
1193550 1677.2
1193560 1681.2
1193570 1681.2
1193580 1684.8
1193590 1688.7
1193600 1688.7
1193610 1693.3
1193620 1699.1
1193630 1699.1
1193640 1704.2
1193650 1708.6
1193660 1708.6
1193670 1711.8
1193680 1715.0
1193690 1715.0
1193700 1718.6
1193710 1722.4
1193720 1726.5
1193730 1726.5
1193740 1730.5
1193750 1734.4
1193760 1734.4
1193770 1738.8
1193780 1743.1
1193790 1743.1
1193800 1748.1
1193810 1754.0
1193820 1754.0
1193830 1761.1
1193840 1767.7
1193850 1767.7
1193860 1773.9
1193870 1779.2
1193880 1779.2
1193890 1776.8
1193900 1783.0
1193910 1783.0
1193920 1792.2
1193930 1799.1
1193940 1806.5
1193950 1806.5
1193960 1813.4
1193970 1818.5
1193980 1818.5
1193990 1822.8
1194000 1827.1
1194010 1827.1
1194020 1831.6
1194030 1836.0
1194040 1836.0
1194050 1840.9
1194060 1845.8
1194070 1845.8
1194080 1850.1
1194090 1854.4
1194100 1854.4
1194110 1858.3
1194120 1861.0
1194130 1861.0
1194140 1861.7
1194150 1856.8
1194160 1853.3
1194170 1853.3
1194180 1852.1
1194190 1849.9
1194200 1849.9
1194210 1850.1
1194220 1850.8
1194230 1850.8
1194240 1853.4
1194250 1856.8
1194260 1856.8
1194270 1860.6
1194280 1864.6
1194290 1864.6
1194300 1868.5
1194310 1871.7
1194320 1871.7
1194330 1873.2
1194340 1875.7
1194350 1875.7
1194360 1878.7
1194370 1882.0
1194380 1884.9
1194390 1884.9
1194400 1888.3
1194410 1891.7
1194420 1891.7
1194430 1895.9
1194440 1901.4
1194450 1901.4
1194460 1908.7
1194470 1914.2
1194480 1914.2
1194490 1918.5
1194500 1926.2
1194510 1926.2
1194520 1931.0
1194530 1933.6
1194540 1933.6
1194550 1937.1
1194560 1939.4
1194570 1939.4
1194580 1939.7
1194590 1939.5
1194600 1940.5
1194610 1940.5
1194620 1942.6
1194630 1944.7
1194640 1944.7
1194650 1946.8
1194660 1950.1
1194670 1950.1
1194680 1954.1
1194690 1957.8
1194700 1957.8
1194710 1961.3
1194720 1964.6
1194730 1964.6
1194740 1967.6
1194750 1970.7
1194760 1967.4
1194770 1971.9
1194780 1975.4
1194790 1975.4
1194800 1978.3
1194810 1980.5
1194820 1982.4
1194830 1982.4
1194840 1983.8
1194850 1985.2
1194860 1985.2
1194870 1987.6
1194880 1989.3
1194890 1989.3
1194900 1990.7
1194910 1993.0
1194920 1993.0
1194930 1994.9
1194940 1995.8
1194950 1995.8
1194960 1995.9
1194970 1996.4
1194980 1996.4
1194990 2000.8
1195000 2005.9
1195010 2005.9
1195020 2011.2
1195030 2016.5
1195040 2016.5
1195050 2021.6
1195060 2027.0
1195070 2032.6
1195080 2032.6
1195090 2038.0
1195100 2043.4
1195110 2043.4
1195120 2048.4
1195130 2052.5
1195140 2052.5
1195150 2056.6
1195160 2061.5
1195170 2061.5
1195180 2066.7
1195190 2072.0
1195200 2068.6
1195210 2074.0
1195220 2079.0
1195230 2079.0
1195240 2084.3
1195250 2090.5
1195260 2090.5
1195270 2096.2
1195280 2100.3
1195290 2104.6
1195300 2104.6
1195310 2109.2
1195320 2113.0
1195330 2113.0
1195340 2115.7
1195350 2117.1
1195360 2117.1
1195370 2120.1
1195380 2124.7
1195390 2124.7
1195400 2129.9
1195410 2134.9
1195420 2134.9
1195430 2138.9
1195440 2142.7
1195450 2142.7
1195460 2146.9
1195470 2150.6
1195480 2150.6
1195490 2154.5
1195500 2158.4
1195510 2161.7
1195520 2161.7
1195530 2165.2
1195540 2169.9
1195550 2169.9
1195560 2174.6
1195570 2178.0
1195580 2178.0
1195590 2180.1
1195600 2181.7
1195610 2181.7
1195620 2182.4
1195630 2182.0
1195640 2175.4
1195650 2175.8
1195660 2176.3
1195670 2176.3
1195680 2176.6
1195690 2177.7
1195700 2177.7
1195710 2179.3
1195720 2180.3
1195730 2180.4
1195740 2180.4
1195750 2180.1
1195760 2176.9
1195770 2176.9
1195780 2174.1
1195790 2171.2
1195800 2171.2
1195810 2167.9
1195820 2165.6
1195830 2165.6
1195840 2163.8
1195850 2162.4
1195860 2162.4
1195870 2162.1
1195880 2162.7
1195890 2162.7
1195900 2165.0
1195910 2169.0
1195920 2169.0
1195930 2172.3
1195940 2174.4
1195950 2175.6
1195960 2175.6
1195970 2178.6
1195980 2179.4
1195990 2179.4
1196000 2181.8
1196010 2184.4
1196020 2184.4
1196030 2187.2
1196040 2188.8
1196050 2188.8
1196060 2189.8
1196070 2190.0
1196080 2182.2
1196090 2183.4
1196100 2188.4
1196110 2188.4
1196120 2192.0
1196130 2196.5
1196140 2196.5
1196150 2199.8
1196160 2202.5
1196170 2203.1
1196180 2203.1
1196190 2204.2
1196200 2210.5
1196210 2210.5
1196220 2217.9
1196230 2224.4
1196240 2224.4
1196250 2230.1
1196260 2236.6
1196270 2236.6
1196280 2243.7
1196290 2251.5
1196300 2251.5
1196310 2259.8
1196320 2266.1
1196330 2266.1
1196340 2268.7
1196350 2270.1
1196360 2270.1
1196370 2271.2
1196380 2272.6
1196390 2272.6
1196400 2274.3
1196410 2276.4
1196420 2279.5
1196430 2279.5
1196440 2282.3
1196450 2285.3
1196460 2285.3
1196470 2287.6
1196480 2289.1
1196490 2289.1
1196500 2288.5
1196510 2288.0
1196520 2282.6
1196530 2287.1
1196540 2290.6
1196550 2290.6
1196560 2290.0
1196570 2293.1
1196580 2293.1
1196590 2298.1
1196600 2301.6
1196610 2301.6
1196620 2303.3
1196630 2303.8
1196640 2306.9
1196650 2306.9
1196660 2310.5
1196670 2314.6
1196680 2314.6
1196690 2317.9
1196700 2320.5
1196710 2320.5
1196720 2322.2
1196730 2322.6
1196740 2322.6
1196750 2322.9
1196760 2324.5
1196770 2324.5
1196780 2326.5
1196790 2329.0
1196800 2329.0
1196810 2332.2
1196820 2336.0
1196830 2336.0
1196840 2339.9
1196850 2344.0
1196860 2348.0
1196870 2348.0
1196880 2352.8
1196890 2358.4
1196900 2358.4
1196910 2364.4
1196920 2371.3
1196930 2371.3
1196940 2377.5
1196950 2383.2
1196960 2375.3
1196970 2379.4
1196980 2382.2
1196990 2382.2
1197000 2384.5
1197010 2389.1
1197020 2389.1
1197030 2392.7
1197040 2395.5
1197050 2395.5
1197060 2397.2
1197070 2399.9
1197080 2402.7
1197090 2402.7
1197100 2404.4
1197110 2403.8
1197120 2403.8
1197130 2403.7
1197140 2404.4
1197150 2404.4
1197160 2405.0
1197170 2405.6
1197180 2405.6
1197190 2406.9
1197200 2409.9
1197210 2409.9
1197220 2410.8
1197230 2412.6
1197240 2412.6
1197250 2418.8
1197260 2425.8
1197270 2425.8
1197280 2432.1
1197290 2437.3
1197300 2441.8
1197310 2441.8
1197320 2445.6
1197330 2449.1
1197340 2449.1
1197350 2447.3
1197360 2442.0
1197370 2442.0
1197380 2446.0
1197390 2455.3
1197400 2450.8
1197410 2459.5
1197420 2467.1
1197430 2467.1
1197440 2472.2
1197450 2478.1
1197460 2478.1
1197470 2483.6
1197480 2481.8
1197490 2481.8
1197500 2482.4
1197510 2483.4
1197520 2485.6
1197530 2485.6
1197540 2491.8
1197550 2498.4
1197560 2498.4
1197570 2504.4
1197580 2508.2
1197590 2508.2
1197600 2510.2
1197610 2511.7
1197620 2511.7
1197630 2512.2
1197640 2512.7
1197650 2512.7
1197660 2514.7
1197670 2517.7
1197680 2517.7
1197690 2521.1
1197700 2525.1
1197710 2525.1
1197720 2528.9
1197730 2532.3
1197740 2534.5
1197750 2534.5
1197760 2536.8
1197770 2539.6
1197780 2539.6
1197790 2542.0
1197800 2543.6
1197810 2543.6
1197820 2545.0
1197830 2547.0
1197840 2541.7
1197850 2544.2
1197860 2546.8
1197870 2546.8
1197880 2549.9
1197890 2552.8
1197900 2552.8
1197910 2556.1
1197920 2561.1
1197930 2561.1
1197940 2565.9
1197950 2569.8
1197960 2569.8
1197970 2572.5
1197980 2574.9
1197990 2578.2
1198000 2578.2
1198010 2582.0
1198020 2586.1
1198030 2586.1
1198040 2590.0
1198050 2593.0
1198060 2593.0
1198070 2595.1
1198080 2597.6
1198090 2597.6
1198100 2600.0
1198110 2602.5
1198120 2602.5
1198130 2605.4
1198140 2608.2
1198150 2608.2
1198160 2610.6
1198170 2612.8
1198180 2612.8
1198190 2615.4
1198200 2618.3
1198210 2621.9
1198220 2621.9
1198230 2625.3
1198240 2628.9
1198250 2628.9
1198260 2633.0
1198270 2637.3
1198280 2637.3
1198290 2637.0
1198300 2642.2
1198310 2642.2
1198320 2647.4
1198330 2652.1
1198340 2652.1
1198350 2656.5
1198360 2661.9
1198370 2661.9
1198380 2666.5
1198390 2670.2
1198400 2670.2
1198410 2672.9
1198420 2675.3
1198430 2678.0
1198440 2678.0
1198450 2680.4
1198460 2682.5
1198470 2682.5
1198480 2684.0
1198490 2685.4
1198500 2685.4
1198510 2687.3
1198520 2689.8
1198530 2689.8
1198540 2692.6
1198550 2695.7
1198560 2695.7
1198570 2698.1
1198580 2700.6
1198590 2700.6
1198600 2703.3
1198610 2706.1
1198620 2706.1
1198630 2709.2
1198640 2711.0
1198650 2713.0
1198660 2713.0
1198670 2715.2
1198680 2718.3
1198690 2718.3
1198700 2721.5
1198710 2724.6
1198720 2724.6
1198730 2721.1
1198740 2725.2
1198750 2725.2
1198760 2729.6
1198770 2733.5
1198780 2733.5
1198790 2736.6
1198800 2739.1
1198810 2739.1
1198820 2740.8
1198830 2742.2
1198840 2742.2
1198850 2743.5
1198860 2745.2
1198870 2747.5
1198880 2747.5
1198890 2750.4
1198900 2754.9
1198910 2754.9
1198920 2760.6
1198930 2766.2
1198940 2766.2
1198950 2771.4
1198960 2776.5
1198970 2776.5
1198980 2781.7
1198990 2785.0
1199000 2785.0
1199010 2787.5
1199020 2789.6
1199030 2789.6
1199040 2790.0
1199050 2789.2
1199060 2789.2
1199070 2789.9
1199080 2789.5
1199090 2790.7
1199100 2790.7
1199110 2793.3
1199120 2795.1
1199130 2795.1
1199140 2796.6
1199150 2800.3
1199160 2800.3
1199170 2804.2
1199180 2807.0
1199190 2807.0
1199200 2808.7
1199210 2812.1
1199220 2812.1
1199230 2815.8
1199240 2819.4
1199250 2819.4
1199260 2824.1
1199270 2823.5
1199280 2823.5
1199290 2822.9
1199300 2824.8
1199310 2824.8
1199320 2827.4
1199330 2828.6
1199340 2825.5
1199350 2825.5
1199360 2824.8
1199370 2822.9
1199380 2822.9
1199390 2817.9
1199400 2810.8
1199410 2810.8
1199420 2804.2
1199430 2794.1
1199440 2794.1
1199450 2785.0
1199460 2780.4
1199470 2780.4
1199480 2777.3
1199490 2770.8
1199500 2770.8
1199510 2762.4
1199520 2756.0
1199530 2756.0
1199540 2754.6
1199550 2754.5
1199560 2754.6
1199570 2754.6
1199580 2755.3
1199590 2757.0
1199600 2757.0
1199610 2758.6
1199620 2762.5
1199630 2762.5
1199640 2764.0
1199650 2766.1
1199660 2766.1
1199670 2766.8
1199680 2762.6
1199690 2762.6
1199700 2758.9
1199710 2759.6
1199720 2759.6
1199730 2762.1
1199740 2761.9
1199750 2761.9
1199760 2753.7
1199770 2743.8
1199780 2735.2
1199790 2735.2
1199800 2727.6
1199810 2723.0
1199820 2723.0
1199830 2718.5
1199840 2713.1
1199850 2713.1
1199860 2704.9
1199870 2696.9
1199880 2696.9
1199890 2693.3
1199900 2690.9
1199910 2690.9
1199920 2687.6
1199930 2679.5
1199940 2679.5
1199950 2667.1
1199960 2657.9
1199970 2657.9
1199980 2645.2
1199990 2632.0
