1180000 1865.4
1180010 1862.2
1180020 1857.3
1180030 1857.3
1180040 1853.4
1180050 1850.1
1180060 1850.1
1180070 1846.6
1180080 1843.5
1180090 1843.5
1180100 1840.1
1180110 1837.9
1180120 1837.9
1180130 1836.4
1180140 1835.1
1180150 1835.1
1180160 1833.4
1180170 1831.3
1180180 1831.3
1180190 1827.2
1180200 1821.5
1180210 1821.5
1180220 1816.5
1180230 1814.6
1180240 1813.5
1180250 1813.5
1180260 1811.0
1180270 1806.3
1180280 1806.3
1180290 1800.7
1180300 1797.8
1180310 1797.8
1180320 1792.4
1180330 1788.7
1180340 1788.7
1180350 1787.0
1180360 1783.7
1180370 1783.7
1180380 1782.8
1180390 1780.5
1180400 1780.5
1180410 1781.1
1180420 1775.3
1180430 1775.3
1180440 1769.7
1180450 1764.7
1180460 1761.1
1180470 1761.1
1180480 1758.7
1180490 1756.7
1180500 1756.7
1180510 1753.7
1180520 1749.9
1180530 1749.9
1180540 1747.1
1180550 1744.8
1180560 1744.8
1180570 1742.2
1180580 1740.2
1180590 1740.2
1180600 1737.7
1180610 1734.7
1180620 1734.7
1180630 1731.8
1180640 1728.9
1180650 1728.9
1180660 1726.3
1180670 1722.1
1180680 1717.1
1180690 1717.1
1180700 1712.3
1180710 1709.0
1180720 1709.0
1180730 1706.0
1180740 1703.5
1180750 1703.5
1180760 1701.8
1180770 1701.1
1180780 1701.1
1180790 1701.7
1180800 1703.0
1180810 1703.0
1180820 1703.5
1180830 1705.6
1180840 1705.6
1180850 1705.5
1180860 1704.1
1180870 1704.1
1180880 1701.9
1180890 1700.8
1180900 1701.3
1180910 1701.3
1180920 1700.3
1180930 1701.7
1180940 1701.7
1180950 1705.1
1180960 1709.9
1180970 1709.9
1180980 1713.6
1180990 1716.8
1181000 1716.8
1181010 1719.7
1181020 1722.5
1181030 1722.5
1181040 1725.9
1181050 1728.2
1181060 1728.2
1181070 1727.2
1181080 1723.2
1181090 1723.2
1181100 1723.5
1181110 1728.3
1181120 1733.7
1181130 1733.7
1181140 1738.5
1181150 1743.3
1181160 1743.3
1181170 1748.1
1181180 1752.6
1181190 1752.6
1181200 1756.8
1181210 1760.9
1181220 1760.9
1181230 1764.8
1181240 1769.1
1181250 1774.0
1181260 1779.0
1181270 1783.4
1181280 1783.4
1181290 1787.3
1181300 1790.5
1181310 1790.5
1181320 1793.7
1181330 1796.7
1181340 1796.7
1181350 1799.9
1181360 1803.5
1181370 1807.1
1181380 1807.1
1181390 1811.6
1181400 1816.4
1181410 1816.4
1181420 1821.4
1181430 1825.3
1181440 1825.3
1181450 1828.3
1181460 1830.8
1181470 1830.8
1181480 1833.0
1181490 1835.5
1181500 1835.5
1181510 1837.7
1181520 1838.9
1181530 1838.9
1181540 1840.2
1181550 1842.6
1181560 1842.6
1181570 1844.9
1181580 1845.6
1181590 1844.6
1181600 1844.6
1181610 1847.1
1181620 1851.8
1181630 1851.8
1181640 1853.7
1181650 1855.5
1181660 1860.9
1181670 1863.8
1181680 1867.1
1181690 1867.1
1181700 1870.6
1181710 1874.1
1181720 1874.1
1181730 1877.3
1181740 1880.5
1181750 1880.5
1181760 1883.8
1181770 1887.0
1181780 1887.0
1181790 1890.6
1181800 1894.3
1181810 1897.7
1181820 1897.7
1181830 1900.5
1181840 1903.6
1181850 1903.6
1181860 1906.0
1181870 1908.4
1181880 1908.4
1181890 1911.1
1181900 1913.9
1181910 1913.9
1181920 1916.1
1181930 1918.2
1181940 1918.2
1181950 1920.7
1181960 1923.2
1181970 1923.2
1181980 1924.5
1181990 1924.8
1182000 1924.8
1182010 1926.0
1182020 1928.2
1182030 1930.4
1182040 1930.4
1182050 1933.6
1182060 1936.8
1182070 1936.8
1182080 1939.0
1182090 1941.3
1182100 1941.3
1182110 1942.8
1182120 1944.5
1182130 1944.5
1182140 1946.6
1182150 1948.6
1182160 1948.6
1182170 1950.1
1182180 1952.3
1182190 1952.3
1182200 1955.0
1182210 1957.3
1182220 1957.3
1182230 1959.8
1182240 1963.6
1182250 1967.2
1182260 1967.2
1182270 1969.7
1182280 1972.3
1182290 1972.3
1182300 1974.2
1182310 1975.2
1182320 1975.2
1182330 1976.5
1182340 1977.3
1182350 1977.3
1182360 1977.4
1182370 1979.5
1182380 1979.5
1182390 1981.8
1182400 1982.9
1182410 1982.9
1182420 1985.9
1182430 1990.3
1182440 1990.3
1182450 1991.9
1182460 1989.0
1182470 1989.0
1182480 1984.1
1182490 1978.4
1182500 1985.6
1182510 1985.6
1182520 1983.7
1182530 1983.7
1182540 1983.7
1182550 1984.7
1182560 1984.6
1182570 1984.6
1182580 1982.5
1182590 1977.6
1182600 1977.6
1182610 1974.5
1182620 1975.0
1182630 1975.0
1182640 1977.7
1182650 1974.8
1182660 1974.8
1182670 1973.3
1182680 1971.5
1182690 1971.5
1182700 1971.7
1182710 1974.6
1182720 1978.1
1182730 1978.1
1182740 1980.9
1182750 1981.1
1182760 1981.1
1182770 1980.0
1182780 1980.9
1182790 1980.9
1182800 1981.3
1182810 1978.7
1182820 1978.7
1182830 1975.3
1182840 1972.9
1182850 1972.9
1182860 1969.3
1182870 1968.2
1182880 1968.2
1182890 1973.4
1182900 1971.9
1182910 1971.9
1182920 1973.2
1182930 1969.3
1182940 1967.2
1182950 1967.2
1182960 1965.2
1182970 1963.7
1182980 1963.7
1182990 1962.6
1183000 1961.8
1183010 1961.8
1183020 1960.8
1183030 1958.7
1183040 1958.7
1183050 1955.8
1183060 1952.4
1183070 1952.4
1183080 1949.4
1183090 1944.5
1183100 1944.5
1183110 1938.3
1183120 1932.6
1183130 1932.6
1183140 1933.6
1183150 1936.5
1183160 1939.3
1183170 1939.3
1183180 1940.7
1183190 1941.9
1183200 1941.9
1183210 1947.2
1183220 1955.1
1183230 1955.1
1183240 1960.8
1183250 1965.2
1183260 1965.2
1183270 1971.1
1183280 1977.5
1183290 1977.5
1183300 1980.3
1183310 1984.0
1183320 1984.0
1183330 1986.4
1183340 1988.6
1183350 1995.4
1183360 1996.7
1183370 1999.7
1183380 1999.7
1183390 2004.5
1183400 2008.8
1183410 2013.2
1183420 2013.2
1183430 2018.8
1183440 2023.2
1183450 2023.2
1183460 2026.3
1183470 2029.5
1183480 2029.5
1183490 2030.0
1183500 2029.6
1183510 2029.6
1183520 2026.1
1183530 2021.0
1183540 2021.0
1183550 2015.0
1183560 2009.9
1183570 2009.9
1183580 2005.3
1183590 2000.6
1183600 2000.6
1183610 1996.1
1183620 1989.4
1183630 1978.4
1183640 1978.4
1183650 1970.4
1183660 1962.5
1183670 1962.5
1183680 1954.5
1183690 1948.7
1183700 1948.7
1183710 1944.2
1183720 1938.8
1183730 1938.8
1183740 1932.4
1183750 1926.7
1183760 1926.7
1183770 1924.5
1183780 1917.7
1183790 1917.7
1183800 1911.0
1183810 1904.3
1183820 1904.3
1183830 1895.5
1183840 1886.3
1183850 1878.5
1183860 1878.5
1183870 1871.9
1183880 1866.4
1183890 1866.4
1183900 1863.2
1183910 1860.1
1183920 1860.1
1183930 1857.3
1183940 1852.1
1183950 1852.1
1183960 1844.7
1183970 1838.5
1183980 1838.5
1183990 1834.6
1184000 1832.0
1184010 1832.0
1184020 1828.9
1184030 1825.0
1184040 1825.0
1184050 1819.7
1184060 1812.5
1184070 1807.2
1184080 1807.2
1184090 1800.9
1184100 1795.8
1184110 1795.8
1184120 1789.9
1184130 1781.7
1184140 1781.7
1184150 1772.9
1184160 1766.4
1184170 1766.4
1184180 1761.3
1184190 1757.6
1184200 1757.6
1184210 1755.0
1184220 1752.4
1184230 1752.4
1184240 1750.3
1184250 1745.6
1184260 1745.6
1184270 1740.6
1184280 1736.8
1184290 1731.8
1184300 1731.8
1184310 1725.2
1184320 1717.7
1184330 1717.7
1184340 1711.7
1184350 1703.3
1184360 1703.3
1184370 1695.7
1184380 1690.4
1184390 1690.4
1184400 1686.6
1184410 1680.2
1184420 1680.2
1184430 1673.4
1184440 1667.0
1184450 1667.0
1184460 1660.4
1184470 1655.5
1184480 1655.5
1184490 1651.0
1184500 1646.8
1184510 1646.8
1184520 1640.4
1184530 1633.3
1184540 1625.6
1184550 1625.6
1184560 1619.3
1184570 1613.3
1184580 1613.3
1184590 1607.6
1184600 1603.7
1184610 1601.1
1184620 1597.0
1184630 1592.1
1184640 1592.1
1184650 1586.8
1184660 1579.4
1184670 1579.4
1184680 1571.3
1184690 1565.1
1184700 1565.1
1184710 1559.7
1184720 1554.1
1184730 1554.1
1184740 1549.0
1184750 1544.1
1184760 1539.8
1184770 1539.8
1184780 1534.7
1184790 1528.8
1184800 1528.8
1184810 1522.4
1184820 1515.8
1184830 1515.8
1184840 1509.2
1184850 1502.9
1184860 1502.9
1184870 1496.8
1184880 1491.5
1184890 1491.5
1184900 1486.1
1184910 1480.4
1184920 1480.4
1184930 1472.5
1184940 1465.3
1184950 1465.3
1184960 1459.5
1184970 1454.7
1184980 1451.7
1184990 1451.7
1185000 1450.3
1185010 1448.3
1185020 1448.3
1185030 1443.9
1185040 1437.9
1185050 1437.9
1185060 1434.2
1185070 1429.4
1185080 1429.4
1185090 1425.1
1185100 1420.4
1185110 1420.4
1185120 1415.0
1185130 1410.1
1185140 1410.1
1185150 1404.6
1185160 1400.2
1185170 1400.2
1185180 1398.2
1185190 1395.9
1185200 1393.3
1185210 1393.3
1185220 1389.5
1185230 1386.7
1185240 1386.7
1185250 1382.4
1185260 1376.6
1185270 1376.6
1185280 1370.9
1185290 1364.7
1185300 1364.7
1185310 1359.0
1185320 1351.7
1185330 1351.7
1185340 1344.7
1185350 1339.6
1185360 1339.6
1185370 1335.6
1185380 1330.5
1185390 1330.5
1185400 1326.2
1185410 1322.7
1185420 1322.7
1185430 1319.4
1185440 1315.7
1185450 1312.6
1185460 1311.8
1185470 1309.7
1185480 1306.9
1185490 1306.9
1185500 1304.1
1185510 1298.3
1185520 1298.3
1185530 1291.6
1185540 1287.9
1185550 1287.9
1185560 1284.6
1185570 1282.5
1185580 1282.5
1185590 1280.4
1185600 1275.7
1185610 1275.7
1185620 1271.4
1185630 1267.2
1185640 1267.2
1185650 1261.9
1185660 1258.6
1185670 1255.7
1185680 1255.7
1185690 1252.3
1185700 1250.2
1185710 1250.2
1185720 1247.7
1185730 1241.4
1185740 1241.4
1185750 1233.8
1185760 1225.8
1185770 1225.8
1185780 1218.6
1185790 1211.8
1185800 1211.8
1185810 1205.3
1185820 1199.7
1185830 1199.7
1185840 1195.1
1185850 1192.6
1185860 1192.6
1185870 1190.4
1185880 1181.5
1185890 1178.8
1185900 1178.8
1185910 1174.1
1185920 1167.5
1185930 1167.5
1185940 1159.8
1185950 1151.7
1185960 1151.7
1185970 1145.3
1185980 1140.9
1185990 1140.9
1186000 1137.6
1186010 1135.0
1186020 1135.0
1186030 1132.0
1186040 1128.5
1186050 1128.5
1186060 1124.7
1186070 1120.4
1186080 1120.4
1186090 1116.2
1186100 1113.4
1186110 1110.5
1186120 1110.5
1186130 1108.1
1186140 1105.3
1186150 1105.3
1186160 1101.3
1186170 1097.1
1186180 1097.1
1186190 1091.7
1186200 1086.3
1186210 1086.3
1186220 1080.9
1186230 1076.3
1186240 1076.3
1186250 1070.5
1186260 1063.7
1186270 1063.7
1186280 1058.1
1186290 1053.3
1186300 1053.3
1186310 1048.9
1186320 1044.2
1186330 1039.1
1186340 1039.1
1186350 1034.5
1186360 1029.9
1186370 1029.9
1186380 1025.1
1186390 1019.5
1186400 1019.5
1186410 1012.9
1186420 1004.9
1186430 1004.9
1186440 996.4
1186450 988.0
1186460 988.0
1186470 979.8
1186480 972.7
1186490 972.7
1186500 966.9
1186510 962.2
1186520 962.2
1186530 958.0
1186540 954.3
1186550 954.3
1186560 949.5
1186570 943.6
1186580 937.9
1186590 937.9
1186600 933.1
1186610 927.9
1186620 927.9
1186630 921.5
1186640 915.0
1186650 915.0
1186660 911.1
1186670 907.6
1186680 907.6
1186690 904.2
1186700 900.6
1186710 900.6
1186720 896.1
1186730 891.0
1186740 885.3
1186750 880.1
1186760 875.5
1186770 875.5
1186780 871.6
1186790 866.1
1186800 863.3
1186810 863.3
1186820 862.8
1186830 862.6
1186840 862.6
1186850 862.0
1186860 860.9
1186870 860.9
1186880 859.9
1186890 859.4
1186900 859.4
1186910 859.3
1186920 859.4
1186930 859.4
1186940 859.3
1186950 859.1
1186960 859.1
1186970 859.1
1186980 859.1
1186990 859.1
1187000 859.2
1187010 859.2
1187020 859.2
1187030 859.2
1187040 859.3
1187050 859.3
1187060 859.3
1187070 859.3
1187080 859.2
1187090 859.2
1187100 859.2
1187110 859.2
1187120 859.2
1187130 859.2
1187140 859.2
1187150 859.2
1187160 859.3
1187170 859.3
1187180 859.3
1187190 859.5
1187200 859.9
1187210 859.9
1187220 860.5
1187230 861.3
1187240 862.0
1187250 862.0
1187260 862.8
1187270 863.5
1187280 863.5
1187290 863.3
1187300 860.5
1187310 860.5
1187320 858.3
1187330 858.1
1187340 858.1
1187350 858.2
1187360 858.1
1187370 858.1
1187380 857.6
1187390 857.5
1187400 857.5
1187410 857.6
1187420 857.9
1187430 857.9
1187440 859.9
1187450 861.5
1187460 861.2
1187470 861.2
1187480 859.0
1187490 858.7
1187500 858.7
1187510 858.5
1187520 858.7
1187530 858.7
1187540 859.3
1187550 860.0
1187560 860.0
1187570 861.9
1187580 865.7
1187590 863.9
1187600 868.5
1187610 872.5
1187620 872.5
1187630 876.0
1187640 880.4
1187650 880.4
1187660 885.0
1187670 889.1
1187680 889.1
1187690 891.9
1187700 893.9
1187710 896.7
1187720 896.7
1187730 900.8
1187740 905.4
1187750 905.4
1187760 909.4
1187770 913.1
1187780 913.1
1187790 917.1
1187800 921.2
1187810 921.2
1187820 925.2
1187830 929.4
1187840 929.4
1187850 933.7
1187860 938.4
1187870 938.4
1187880 943.1
1187890 947.8
1187900 947.8
1187910 953.1
1187920 958.4
1187930 965.0
1187940 965.0
1187950 970.7
1187960 975.8
1187970 975.8
1187980 980.5
1187990 984.3
1188000 984.3
1188010 988.3
1188020 989.7
1188030 989.7
1188040 994.1
1188050 997.1
1188060 997.1
1188070 1000.0
1188080 1002.8
1188090 1002.8
1188100 1005.9
1188110 1008.0
1188120 1008.0
1188130 1009.8
1188140 1011.5
1188150 1013.1
1188160 1013.1
1188170 1015.3
1188180 1017.9
1188190 1017.9
1188200 1020.5
1188210 1023.8
1188220 1023.8
1188230 1027.7
1188240 1032.1
1188250 1032.1
1188260 1036.4
1188270 1041.3
1188280 1041.3
1188290 1047.4
1188300 1053.0
1188310 1053.0
1188320 1058.7
1188330 1065.1
1188340 1065.1
1188350 1071.1
1188360 1076.3
1188370 1081.3
1188380 1081.3
1188390 1085.5
1188400 1088.9
1188410 1088.9
1188420 1092.5
1188430 1095.4
1188440 1092.1
1188450 1096.4
1188460 1100.0
1188470 1100.0
1188480 1104.3
1188490 1109.0
1188500 1109.0
1188510 1113.7
1188520 1119.0
1188530 1119.0
1188540 1124.7
1188550 1131.4
1188560 1131.4
1188570 1138.6
1188580 1144.6
1188590 1151.4
1188600 1151.4
1188610 1157.9
1188620 1164.5
1188630 1164.5
1188640 1171.5
1188650 1178.7
1188660 1178.7
1188670 1186.1
1188680 1193.3
1188690 1193.3
1188700 1201.2
1188710 1209.1
1188720 1209.1
1188730 1216.9
1188740 1224.9
1188750 1224.9
1188760 1233.2
1188770 1241.9
1188780 1241.9
1188790 1250.8
1188800 1260.1
1188810 1260.1
1188820 1269.6
1188830 1279.2
1188840 1288.4
1188850 1288.4
1188860 1297.2
1188870 1306.3
1188880 1306.3
1188890 1316.3
1188900 1325.8
1188910 1325.8
1188920 1335.2
1188930 1344.8
1188940 1344.8
1188950 1353.9
1188960 1361.0
1188970 1361.0
1188980 1366.9
1188990 1373.4
1189000 1373.4
1189010 1380.3
1189020 1385.8
1189030 1385.8
1189040 1391.2
1189050 1396.0
1189060 1401.7
1189070 1401.7
1189080 1407.5
1189090 1413.7
1189100 1413.7
1189110 1419.7
1189120 1424.8
1189130 1424.8
1189140 1429.6
1189150 1434.4
1189160 1434.4
1189170 1440.0
1189180 1446.4
1189190 1446.4
1189200 1453.0
1189210 1459.8
1189220 1459.8
1189230 1466.5
1189240 1473.4
1189250 1473.4
1189260 1481.0
1189270 1488.4
1189280 1495.3
1189290 1495.3
1189300 1500.8
1189310 1505.6
1189320 1505.6
1189330 1510.3
1189340 1515.6
1189350 1515.6
1189360 1521.6
1189370 1527.4
1189380 1527.4
1189390 1532.7
1189400 1537.5
1189410 1537.5
1189420 1542.3
1189430 1547.3
1189440 1547.3
1189450 1552.6
1189460 1558.2
1189470 1558.2
1189480 1564.2
1189490 1570.0
1189500 1575.2
1189510 1575.2
1189520 1579.4
1189530 1583.2
1189540 1583.2
1189550 1586.8
1189560 1590.9
1189570 1590.9
1189580 1595.7
1189590 1599.3
1189600 1599.3
1189610 1602.2
1189620 1605.5
1189630 1605.5
1189640 1609.1
1189650 1612.4
1189660 1612.4
1189670 1615.7
1189680 1618.9
1189690 1618.9
1189700 1622.2
1189710 1625.6
1189720 1628.8
1189730 1624.7
1189740 1628.0
1189750 1631.2
1189760 1631.2
1189770 1635.0
1189780 1638.4
1189790 1638.4
1189800 1641.6
1189810 1644.7
1189820 1644.7
1189830 1648.1
1189840 1651.4
1189850 1651.4
1189860 1654.5
1189870 1657.3
1189880 1657.3
1189890 1660.4
1189900 1663.9
1189910 1663.9
1189920 1667.5
1189930 1670.8
1189940 1670.8
1189950 1673.9
1189960 1676.6
1189970 1680.1
1189980 1680.1
1189990 1684.7
1190000 1688.9
1190010 1688.9
1190020 1691.2
1190030 1692.7
1190040 1692.7
1190050 1694.1
1190060 1695.5
1190070 1695.5
1190080 1697.2
1190090 1698.6
1190100 1698.6
1190110 1699.5
1190120 1700.6
1190130 1700.6
1190140 1701.3
1190150 1702.3
1190160 1700.5
1190170 1700.8
1190180 1700.9
1190190 1701.0
1190200 1701.0
1190210 1701.2
1190220 1701.3
1190230 1701.3
1190240 1701.2
1190250 1700.9
1190260 1700.9
1190270 1701.2
1190280 1701.8
1190290 1701.8
1190300 1702.2
1190310 1702.9
1190320 1702.9
1190330 1704.3
1190340 1705.8
1190350 1705.8
1190360 1708.0
1190370 1710.0
1190380 1710.0
1190390 1712.4
1190400 1714.4
1190410 1715.4
1190420 1715.4
1190430 1712.7
1190440 1710.5
1190450 1710.5
1190460 1709.3
1190470 1707.4
1190480 1707.4
1190490 1705.7
1190500 1703.5
1190510 1703.5
1190520 1700.1
1190530 1696.6
1190540 1696.6
1190550 1694.6
1190560 1693.4
1190570 1693.4
1190580 1693.0
1190590 1692.3
1190600 1689.9
1190610 1688.9
1190620 1688.1
1190630 1687.9
1190640 1687.9
1190650 1687.9
1190660 1687.8
1190670 1687.8
1190680 1687.1
1190690 1686.4
1190700 1686.4
1190710 1685.7
1190720 1684.1
1190730 1684.1
1190740 1682.3
1190750 1678.9
1190760 1678.9
1190770 1675.4
1190780 1672.8
1190790 1672.8
1190800 1670.7
1190810 1667.7
1190820 1667.7
1190830 1664.4
1190840 1661.3
1190850 1658.8
1190860 1658.8
1190870 1657.0
1190880 1655.5
1190890 1655.5
1190900 1653.8
1190910 1651.9
1190920 1651.9
1190930 1650.3
1190940 1649.0
1190950 1649.0
1190960 1649.6
1190970 1649.8
1190980 1649.8
1190990 1646.8
1191000 1644.2
1191010 1644.2
1191020 1641.9
1191030 1635.6
1191040 1635.6
1191050 1633.6
1191060 1632.5
1191070 1632.5
1191080 1632.3
1191090 1633.0
1191100 1634.3
1191110 1634.3
1191120 1635.2
1191130 1635.7
1191140 1635.7
1191150 1636.1
1191160 1636.6
1191170 1636.6
1191180 1637.5
1191190 1637.6
1191200 1637.6
1191210 1637.3
1191220 1637.0
1191230 1637.0
1191240 1636.5
1191250 1636.2
1191260 1636.2
1191270 1636.1
1191280 1635.8
1191290 1635.8
1191300 1635.4
1191310 1634.9
1191320 1634.3
1191330 1634.3
1191340 1634.0
1191350 1634.0
1191360 1634.0
1191370 1634.4
1191380 1634.8
1191390 1634.8
1191400 1634.9
1191410 1635.2
1191420 1635.2
1191430 1636.0
1191440 1635.7
1191450 1635.7
1191460 1629.5
1191470 1623.1
1191480 1623.1
1191490 1618.0
1191500 1612.9
1191510 1612.9
1191520 1609.3
1191530 1608.3
1191540 1606.5
1191550 1606.5
1191560 1604.0
1191570 1602.6
1191580 1602.6
1191590 1601.6
1191600 1599.3
1191610 1599.3
1191620 1591.9
1191630 1585.0
1191640 1585.0
1191650 1583.7
1191660 1579.9
1191670 1579.9
1191680 1575.9
1191690 1571.5
1191700 1571.5
1191710 1566.2
1191720 1561.1
1191730 1561.1
1191740 1554.5
1191750 1545.0
1191760 1545.0
1191770 1545.0
1191780 1551.7
1191790 1565.0
1191800 1565.0
1191810 1578.3
1191820 1586.2
1191830 1586.2
1191840 1590.4
1191850 1594.0
1191860 1594.0
1191870 1597.6
1191880 1601.6
1191890 1595.2
1191900 1599.4
1191910 1601.9
1191920 1601.9
1191930 1602.0
1191940 1601.6
1191950 1601.6
1191960 1599.3
1191970 1595.4
1191980 1590.9
1191990 1590.9
1192000 1587.0
1192010 1585.1
1192020 1585.1
1192030 1584.0
1192040 1582.8
1192050 1582.8
1192060 1581.7
1192070 1581.0
1192080 1581.0
1192090 1581.3
1192100 1582.4
1192110 1582.4
1192120 1584.5
1192130 1586.9
1192140 1586.9
1192150 1589.9
1192160 1594.2
1192170 1594.2
1192180 1600.6
1192190 1607.7
1192200 1607.7
1192210 1614.8
1192220 1621.7
1192230 1628.6
1192240 1628.6
1192250 1636.0
1192260 1643.3
1192270 1643.3
1192280 1650.5
1192290 1656.5
1192300 1656.5
1192310 1663.4
1192320 1669.7
1192330 1667.9
1192340 1675.3
1192350 1683.1
1192360 1683.1
1192370 1693.0
1192380 1701.2
1192390 1701.2
1192400 1708.3
1192410 1716.5
1192420 1716.5
1192430 1724.9
1192440 1733.4
1192450 1741.3
1192460 1741.3
1192470 1748.7
1192480 1755.7
1192490 1755.7
1192500 1761.8
1192510 1766.3
1192520 1766.3
1192530 1770.8
1192540 1775.9
1192550 1775.9
1192560 1781.2
1192570 1785.5
1192580 1785.5
1192590 1787.9
1192600 1790.1
1192610 1790.1
1192620 1792.0
1192630 1794.8
1192640 1794.8
1192650 1798.9
1192660 1803.3
1192670 1807.1
1192680 1807.1
1192690 1810.9
1192700 1814.3
1192710 1814.3
1192720 1817.8
1192730 1821.4
1192740 1821.4
1192750 1824.7
1192760 1825.2
1192770 1825.2
1192780 1828.5
1192790 1831.4
1192800 1831.4
1192810 1834.4
1192820 1837.5
1192830 1837.5
1192840 1840.5
1192850 1843.4
1192860 1843.4
1192870 1846.4
1192880 1850.0
1192890 1853.5
1192900 1853.5
1192910 1857.1
1192920 1860.3
1192930 1860.3
1192940 1863.6
1192950 1867.5
1192960 1867.5
1192970 1871.6
1192980 1875.2
1192990 1875.2
1193000 1878.9
1193010 1881.8
1193020 1881.8
1193030 1885.3
1193040 1889.3
1193050 1889.3
1193060 1892.4
1193070 1895.1
1193080 1895.1
1193090 1898.0
1193100 1901.0
1193110 1904.7
1193120 1904.7
1193130 1907.5
1193140 1909.2
1193150 1909.2
1193160 1911.1
1193170 1914.5
1193180 1914.5
1193190 1918.5
1193200 1917.6
1193210 1917.6
1193220 1918.8
1193230 1921.2
1193240 1921.2
1193250 1924.2
1193260 1927.2
1193270 1927.2
1193280 1930.9
1193290 1934.2
1193300 1934.2
1193310 1938.2
1193320 1941.5
1193330 1941.5
1193340 1944.4
1193350 1947.5
1193360 1950.2
1193370 1950.2
1193380 1952.0
1193390 1952.2
1193400 1952.2
1193410 1952.1
1193420 1951.7
1193430 1951.7
1193440 1952.1
1193450 1953.8
1193460 1953.8
1193470 1955.9
1193480 1955.0
1193490 1955.0
1193500 1947.8
1193510 1935.7
1193520 1935.7
1193530 1928.9
1193540 1928.2
1193550 1928.2
1193560 1927.0
1193570 1925.5
1193580 1925.8
1193590 1925.8
1193600 1922.5
1193610 1921.0
1193620 1921.0
1193630 1927.5
1193640 1941.3
1193650 1941.3
1193660 1952.0
1193670 1955.5
1193680 1955.5
1193690 1952.3
1193700 1948.0
1193710 1948.0
1193720 1946.0
1193730 1949.0
1193740 1949.0
1193750 1950.2
1193760 1952.9
1193770 1952.9
1193780 1957.2
1193790 1961.3
1193800 1967.5
1193810 1967.5
1193820 1975.1
1193830 1983.9
1193840 1983.9
1193850 1998.5
1193860 2007.5
1193870 2007.5
1193880 2015.3
1193890 2020.2
1193900 2020.2
1193910 2020.0
1193920 2020.6
1193930 2020.6
1193940 2022.5
1193950 2026.2
1193960 2026.2
1193970 2031.5
1193980 2031.2
1193990 2031.2
1194000 2023.6
1194010 2016.4
1194020 2013.6
1194030 2013.6
1194040 2015.1
1194050 2018.2
1194060 2018.2
1194070 2017.7
1194080 2023.4
1194090 2023.4
1194100 2030.0
1194110 2039.7
1194120 2039.7
1194130 2049.3
1194140 2058.7
1194150 2058.7
1194160 2068.3
1194170 2078.3
1194180 2078.3
1194190 2089.4
1194200 2101.7
1194210 2101.7
1194220 2116.1
1194230 2128.9
1194240 2140.4
1194250 2140.4
1194260 2153.3
1194270 2165.3
1194280 2165.3
1194290 2174.8
1194300 2183.3
1194310 2183.3
1194320 2194.5
1194330 2205.5
1194340 2205.5
1194350 2209.8
1194360 2215.3
1194370 2215.3
1194380 2221.6
1194390 2228.0
1194400 2228.0
1194410 2234.7
1194420 2242.1
1194430 2242.1
1194440 2249.8
1194450 2257.7
1194460 2257.7
1194470 2267.9
1194480 2279.1
1194490 2288.1
1194500 2288.1
1194510 2292.1
1194520 2301.3
1194530 2301.3
1194540 2307.9
1194550 2314.2
1194560 2314.2
1194570 2320.1
1194580 2325.2
1194590 2325.2
1194600 2330.4
1194610 2336.0
1194620 2336.0
1194630 2342.5
1194640 2348.9
1194650 2348.9
1194660 2354.3
1194670 2358.8
1194680 2358.8
1194690 2363.9
1194700 2370.2
1194710 2376.8
1194720 2376.8
1194730 2383.4
1194740 2388.7
1194750 2388.7
1194760 2394.2
1194770 2401.0
1194780 2401.0
1194790 2407.2
1194800 2414.7
1194810 2414.7
1194820 2423.0
1194830 2429.4
1194840 2429.4
1194850 2435.3
1194860 2441.1
1194870 2441.1
1194880 2446.7
1194890 2453.7
1194900 2453.7
1194910 2460.3
1194920 2466.3
1194930 2471.0
1194940 2466.9
1194950 2468.4
1194960 2468.7
1194970 2468.7
1194980 2469.2
1194990 2471.1
1195000 2471.1
1195010 2473.8
1195020 2471.4
1195030 2471.4
1195040 2467.0
1195050 2464.5
1195060 2464.5
1195070 2467.4
1195080 2472.2
1195090 2472.2
1195100 2478.0
1195110 2484.6
1195120 2484.6
1195130 2492.8
1195140 2502.2
1195150 2509.1
1195160 2509.1
1195170 2515.1
1195180 2521.1
1195190 2521.1
1195200 2522.0
1195210 2516.7
1195220 2516.7
1195230 2510.3
1195240 2503.9
1195250 2503.9
1195260 2497.9
1195270 2495.3
1195280 2495.3
1195290 2497.5
1195300 2503.1
1195310 2503.1
1195320 2509.3
1195330 2516.4
1195340 2516.4
1195350 2525.2
1195360 2536.3
1195370 2550.7
1195380 2530.6
1195390 2538.5
1195400 2544.4
1195410 2544.4
1195420 2549.5
1195430 2557.6
1195440 2557.6
1195450 2568.0
1195460 2579.4
1195470 2579.4
1195480 2592.1
1195490 2600.4
1195500 2600.4
1195510 2607.2
1195520 2614.6
1195530 2614.6
1195540 2621.9
1195550 2629.3
1195560 2629.3
1195570 2636.7
1195580 2643.6
1195590 2643.6
1195600 2650.9
1195610 2658.6
1195620 2665.9
1195630 2665.9
1195640 2674.9
1195650 2679.5
1195660 2679.5
1195670 2679.1
1195680 2679.1
1195690 2679.1
1195700 2679.4
1195710 2681.7
1195720 2681.7
1195730 2689.3
1195740 2694.7
1195750 2694.7
1195760 2700.5
1195770 2704.0
1195780 2704.0
1195790 2707.1
1195800 2710.3
1195810 2710.3
1195820 2711.1
1195830 2719.4
1195840 2727.0
1195850 2727.0
1195860 2733.6
1195870 2740.3
1195880 2740.3
1195890 2746.2
1195900 2749.5
1195910 2749.5
1195920 2748.9
1195930 2750.1
1195940 2750.1
1195950 2752.6
1195960 2752.8
1195970 2752.8
1195980 2754.0
1195990 2758.1
1196000 2758.1
1196010 2763.2
1196020 2769.7
1196030 2769.7
1196040 2779.0
1196050 2788.3
1196060 2798.0
1196070 2798.0
1196080 2806.6
1196090 2806.8
1196100 2806.8
1196110 2803.5
1196120 2801.1
1196130 2801.1
1196140 2798.0
1196150 2791.9
1196160 2791.9
1196170 2788.4
1196180 2788.5
1196190 2788.5
1196200 2788.6
1196210 2792.6
1196220 2792.6
1196230 2795.4
1196240 2797.1
1196250 2797.1
1196260 2810.1
1196270 2812.8
1196280 2811.3
1196290 2811.3
1196300 2806.4
1196310 2795.9
1196320 2795.9
1196330 2784.9
1196340 2779.8
1196350 2779.8
1196360 2779.7
1196370 2786.6
1196380 2786.6
1196390 2789.3
1196400 2785.9
1196410 2785.9
1196420 2777.0
1196430 2764.9
1196440 2764.9
1196450 2754.3
1196460 2743.7
1196470 2743.7
1196480 2735.7
1196490 2728.5
1196500 2719.9
1196510 2719.9
1196520 2709.7
1196530 2700.6
1196540 2700.6
1196550 2693.1
1196560 2686.0
1196570 2686.0
1196580 2679.3
1196590 2673.0
1196600 2673.0
1196610 2667.0
1196620 2662.3
1196630 2662.3
1196640 2658.2
1196650 2653.7
1196660 2653.7
1196670 2648.8
1196680 2643.8
1196690 2643.8
1196700 2640.3
1196710 2636.5
1196720 2636.5
1196730 2632.2
1196740 2627.1
1196750 2622.8
1196760 2622.8
1196770 2619.3
1196780 2617.8
1196790 2617.8
1196800 2617.6
1196810 2617.6
1196820 2617.6
1196830 2617.5
1196840 2617.7
1196850 2617.7
1196860 2617.4
1196870 2615.7
1196880 2615.7
1196890 2613.1
1196900 2608.4
1196910 2608.4
1196920 2601.4
1196930 2593.8
1196940 2593.8
1196950 2591.4
1196960 2592.6
1196970 2592.1
1196980 2592.1
1196990 2591.3
1197000 2595.1
1197010 2595.1
1197020 2594.6
1197030 2591.2
1197040 2591.2
1197050 2592.8
1197060 2595.7
1197070 2595.7
1197080 2593.0
1197090 2588.3
1197100 2588.3
1197110 2590.1
1197120 2594.6
1197130 2594.6
1197140 2598.9
1197150 2602.0
1197160 2602.0
1197170 2605.6
1197180 2609.1
1197190 2612.9
1197200 2612.9
1197210 2617.3
1197220 2622.9
1197230 2622.9
1197240 2628.6
1197250 2634.5
1197260 2634.5
1197270 2640.8
1197280 2651.5
1197290 2651.5
1197300 2668.8
1197310 2684.5
1197320 2684.5
1197330 2705.1
1197340 2724.7
1197350 2724.7
1197360 2745.7
1197370 2756.3
1197380 2756.3
1197390 2762.2
1197400 2768.9
1197410 2773.7
1197420 2773.7
1197430 2780.4
1197440 2787.9
1197450 2787.9
1197460 2795.9
1197470 2804.4
1197480 2804.4
1197490 2821.7
1197500 2832.1
1197510 2832.1
1197520 2840.5
1197530 2847.3
1197540 2847.3
1197550 2852.1
1197560 2858.1
1197570 2858.1
1197580 2866.4
1197590 2874.5
1197600 2874.5
1197610 2871.8
1197620 2863.7
1197630 2858.6
1197640 2858.6
1197650 2851.1
1197660 2836.5
1197670 2836.5
1197680 2823.6
1197690 2814.2
1197700 2814.2
1197710 2805.1
1197720 2795.9
1197730 2795.9
1197740 2784.5
1197750 2777.3
1197760 2777.3
1197770 2769.5
1197780 2761.2
1197790 2761.2
1197800 2753.8
1197810 2746.8
1197820 2746.8
1197830 2740.2
1197840 2735.0
1197850 2735.0
1197860 2730.5
1197870 2725.8
1197880 2720.1
1197890 2720.1
1197900 2714.0
1197910 2707.4
1197920 2707.4
1197930 2699.7
1197940 2690.8
1197950 2690.8
1197960 2673.1
1197970 2664.4
1197980 2664.4
1197990 2660.5
1198000 2658.9
1198010 2658.9
1198020 2658.6
1198030 2650.2
1198040 2650.2
1198050 2644.4
1198060 2639.3
1198070 2639.3
1198080 2634.8
1198090 2634.6
1198100 2632.0
1198110 2632.0
1198120 2627.8
1198130 2624.3
1198140 2624.3
1198150 2616.2
1198160 2602.9
1198170 2602.9
1198180 2593.0
1198190 2593.2
1198200 2593.2
1198210 2593.2
1198220 2590.2
1198230 2590.2
1198240 2586.4
1198250 2583.3
1198260 2583.3
1198270 2579.5
1198280 2574.6
1198290 2574.6
1198300 2570.6
1198310 2568.0
1198320 2564.9
1198330 2564.9
1198340 2561.8
1198350 2558.3
1198360 2558.3
1198370 2555.1
1198380 2551.6
1198390 2551.6
1198400 2546.5
1198410 2540.7
1198420 2540.7
1198430 2536.6
1198440 2534.5
1198450 2534.5
1198460 2535.0
1198470 2539.3
1198480 2539.3
1198490 2538.6
1198500 2538.7
1198510 2538.7
1198520 2536.3
1198530 2534.4
1198540 2534.0
1198550 2534.0
1198560 2533.7
1198570 2530.2
1198580 2530.2
1198590 2524.3
1198600 2524.9
1198610 2524.9
1198620 2527.6
1198630 2529.7
1198640 2529.7
1198650 2530.5
1198660 2532.2
1198670 2532.2
1198680 2537.2
1198690 2542.2
1198700 2542.2
1198710 2548.4
1198720 2553.8
1198730 2553.8
1198740 2555.6
1198750 2557.1
1198760 2559.1
1198770 2559.1
1198780 2561.8
1198790 2565.0
1198800 2565.0
1198810 2568.5
1198820 2572.6
1198830 2572.6
1198840 2579.2
1198850 2589.1
1198860 2589.1
1198870 2596.9
1198880 2600.5
1198890 2600.5
1198900 2604.2
1198910 2614.1
1198920 2614.1
1198930 2619.3
1198940 2624.5
1198950 2624.5
1198960 2629.4
1198970 2633.9
1198980 2639.4
1198990 2639.4
1199000 2646.3
1199010 2652.6
1199020 2652.6
1199030 2658.2
1199040 2663.5
1199050 2663.5
1199060 2668.4
1199070 2673.0
1199080 2673.0
1199090 2681.7
1199100 2694.1
1199110 2694.1
1199120 2702.9
1199130 2710.7
1199140 2710.7
1199150 2723.3
1199160 2734.9
1199170 2734.9
1199180 2743.6
1199190 2751.6
1199200 2751.6
1199210 2758.0
1199220 2764.0
1199230 2777.1
1199240 2777.1
1199250 2788.0
1199260 2797.4
1199270 2797.4
1199280 2806.6
1199290 2809.8
1199300 2809.8
1199310 2806.8
1199320 2803.2
1199330 2803.2
1199340 2798.9
1199350 2793.7
1199360 2799.3
1199370 2794.2
1199380 2788.5
1199390 2788.5
1199400 2784.0
1199410 2780.6
1199420 2780.6
1199430 2777.0
1199440 2772.9
1199450 2768.3
1199460 2768.3
1199470 2762.1
1199480 2755.7
1199490 2755.7
1199500 2748.6
1199510 2739.6
1199520 2739.6
1199530 2732.8
1199540 2728.4
1199550 2728.4
1199560 2724.7
1199570 2721.7
1199580 2721.7
1199590 2717.0
1199600 2705.8
1199610 2705.8
1199620 2694.9
1199630 2687.2
1199640 2687.2
1199650 2680.7
1199660 2672.9
1199670 2665.7
1199680 2665.7
1199690 2657.0
1199700 2649.4
1199710 2649.4
1199720 2644.1
1199730 2638.9
1199740 2638.9
1199750 2632.2
1199760 2622.8
1199770 2622.8
1199780 2614.2
1199790 2605.4
1199800 2608.4
1199810 2606.0
1199820 2602.9
1199830 2602.9
1199840 2600.5
1199850 2598.0
1199860 2598.0
1199870 2595.6
1199880 2593.6
1199890 2591.9
1199900 2591.9
1199910 2590.2
1199920 2591.4
1199930 2591.4
1199940 2594.6
1199950 2597.1
1199960 2597.1
1199970 2598.7
1199980 2598.9
1199990 2598.9
