1180000 1622.8
1180010 1620.7
1180020 1620.7
1180030 1617.9
1180040 1616.0
1180050 1616.0
1180060 1613.4
1180070 1611.0
1180080 1611.0
1180090 1608.9
1180100 1606.8
1180110 1606.8
1180120 1604.3
1180130 1602.1
1180140 1602.1
1180150 1600.3
1180160 1598.3
1180170 1595.4
1180180 1595.4
1180190 1592.6
1180200 1590.5
1180210 1590.5
1180220 1587.5
1180230 1584.7
1180240 1584.7
1180250 1581.3
1180260 1577.1
1180270 1577.1
1180280 1573.0
1180290 1569.4
1180300 1569.4
1180310 1565.3
1180320 1560.0
1180330 1560.0
1180340 1554.6
1180350 1550.3
1180360 1550.3
1180370 1545.8
1180380 1541.9
1180390 1537.8
1180400 1537.8
1180410 1533.6
1180420 1528.5
1180430 1528.5
1180440 1523.9
1180450 1520.3
1180460 1524.3
1180470 1518.7
1180480 1512.7
1180490 1512.7
1180500 1508.9
1180510 1506.4
1180520 1506.4
1180530 1503.7
1180540 1502.0
1180550 1502.0
1180560 1500.9
1180570 1500.8
1180580 1500.8
1180590 1499.5
1180600 1494.9
1180610 1489.0
1180620 1489.0
1180630 1482.6
1180640 1475.7
1180650 1475.7
1180660 1469.8
1180670 1463.5
1180680 1463.5
1180690 1456.7
1180700 1450.0
1180710 1450.0
1180720 1443.3
1180730 1435.7
1180740 1435.7
1180750 1430.7
1180760 1431.1
1180770 1431.1
1180780 1428.1
1180790 1422.0
1180800 1422.0
1180810 1415.7
1180820 1407.6
1180830 1407.6
1180840 1399.0
1180850 1399.4
1180860 1399.0
1180870 1409.1
1180880 1409.0
1180890 1411.3
1180900 1411.3
1180910 1415.3
1180920 1420.9
1180930 1420.9
1180940 1426.0
1180950 1431.4
1180960 1431.4
1180970 1437.0
1180980 1442.0
1180990 1442.0
1181000 1446.7
1181010 1451.3
1181020 1451.3
1181030 1455.3
1181040 1458.9
1181050 1458.9
1181060 1462.1
1181070 1466.8
1181080 1470.9
1181090 1470.9
1181100 1474.8
1181110 1478.7
1181120 1478.7
1181130 1483.4
1181140 1487.4
1181150 1487.4
1181160 1491.8
1181170 1494.0
1181180 1494.0
1181190 1494.8
1181200 1495.0
1181210 1495.0
1181220 1495.3
1181230 1495.5
1181240 1495.5
1181250 1495.6
1181260 1495.6
1181270 1495.6
1181280 1494.7
1181290 1497.4
1181300 1496.6
1181310 1496.6
1181320 1495.9
1181330 1495.0
1181340 1495.0
1181350 1493.7
1181360 1492.9
1181370 1492.9
1181380 1493.0
1181390 1492.3
1181400 1492.3
1181410 1491.0
1181420 1489.7
1181430 1489.7
1181440 1488.5
1181450 1487.9
1181460 1487.9
1181470 1487.8
1181480 1487.6
1181490 1487.6
1181500 1487.8
1181510 1487.7
1181520 1487.7
1181530 1488.7
1181540 1491.7
1181550 1497.5
1181560 1497.5
1181570 1505.5
1181580 1514.2
1181590 1514.2
1181600 1522.8
1181610 1531.8
1181620 1531.8
1181630 1538.5
1181640 1543.1
1181650 1543.1
1181660 1547.4
1181670 1551.1
1181680 1551.1
1181690 1554.5
1181700 1557.2
1181710 1559.9
1181720 1563.0
1181730 1566.3
1181740 1566.3
1181750 1569.9
1181760 1573.4
1181770 1577.0
1181780 1577.0
1181790 1580.8
1181800 1584.4
1181810 1584.4
1181820 1587.7
1181830 1590.9
1181840 1590.9
1181850 1594.4
1181860 1597.8
1181870 1597.8
1181880 1601.1
1181890 1604.0
1181900 1604.0
1181910 1606.3
1181920 1609.1
1181930 1609.1
1181940 1611.8
1181950 1614.4
1181960 1614.4
1181970 1616.6
1181980 1618.0
1181990 1615.8
1182000 1615.8
1182010 1604.0
1182020 1593.0
1182030 1593.0
1182040 1582.4
1182050 1573.8
1182060 1573.8
1182070 1567.2
1182080 1561.5
1182090 1561.5
1182100 1555.7
1182110 1550.3
1182120 1550.3
1182130 1551.6
1182140 1547.0
1182150 1547.0
1182160 1546.0
1182170 1546.3
1182180 1546.3
1182190 1543.6
1182200 1539.2
1182210 1536.0
1182220 1536.0
1182230 1533.5
1182240 1531.7
1182250 1531.7
1182260 1530.7
1182270 1531.2
1182280 1531.2
1182290 1532.1
1182300 1532.1
1182310 1532.1
1182320 1530.8
1182330 1527.7
1182340 1527.7
1182350 1524.2
1182360 1521.0
1182370 1521.0
1182380 1518.5
1182390 1517.6
1182400 1517.6
1182410 1517.4
1182420 1517.1
1182430 1517.1
1182440 1517.3
1182450 1517.0
1182460 1515.6
1182470 1515.6
1182480 1513.3
1182490 1510.6
1182500 1510.6
1182510 1508.4
1182520 1506.3
1182530 1506.3
1182540 1504.3
1182550 1506.4
1182560 1506.4
1182570 1504.7
1182580 1503.6
1182590 1503.6
1182600 1504.2
1182610 1505.7
1182620 1505.7
1182630 1508.5
1182640 1510.9
1182650 1510.9
1182660 1511.8
1182670 1511.8
1182680 1511.8
1182690 1511.8
1182700 1512.1
1182710 1511.7
1182720 1511.7
1182730 1510.9
1182740 1509.6
1182750 1509.6
1182760 1508.8
1182770 1508.3
1182780 1508.3
1182790 1508.5
1182800 1510.3
1182810 1510.3
1182820 1512.5
1182830 1514.1
1182840 1514.1
1182850 1515.1
1182860 1515.4
1182870 1515.4
1182880 1514.3
1182890 1512.8
1182900 1512.2
1182910 1512.2
1182920 1513.8
1182930 1515.6
1182940 1515.6
1182950 1517.2
1182960 1517.9
1182970 1523.1
1182980 1525.0
1182990 1528.0
1183000 1528.0
1183010 1530.2
1183020 1531.4
1183030 1531.4
1183040 1533.6
1183050 1536.3
1183060 1536.3
1183070 1537.9
1183080 1539.1
1183090 1539.1
1183100 1540.2
1183110 1541.3
1183120 1542.6
1183130 1542.6
1183140 1543.6
1183150 1544.2
1183160 1544.2
1183170 1545.0
1183180 1545.2
1183190 1545.2
1183200 1544.8
1183210 1545.4
1183220 1545.4
1183230 1546.0
1183240 1546.2
1183250 1546.2
1183260 1545.6
1183270 1544.7
1183280 1544.7
1183290 1542.5
1183300 1539.8
1183310 1539.8
1183320 1536.7
1183330 1533.4
1183340 1533.4
1183350 1529.8
1183360 1526.4
1183370 1523.3
1183380 1523.3
1183390 1524.3
1183400 1521.1
1183410 1521.1
1183420 1519.7
1183430 1520.2
1183440 1520.2
1183450 1520.5
1183460 1521.1
1183470 1521.1
1183480 1522.5
1183490 1524.2
1183500 1524.2
1183510 1529.2
1183520 1535.1
1183530 1535.1
1183540 1538.4
1183550 1542.1
1183560 1542.1
1183570 1546.6
1183580 1550.4
1183590 1551.0
1183600 1551.0
1183610 1552.7
1183620 1556.2
1183630 1556.2
1183640 1560.4
1183650 1563.1
1183660 1563.1
1183670 1564.7
1183680 1566.6
1183690 1566.6
1183700 1568.6
1183710 1570.2
1183720 1570.2
1183730 1571.4
1183740 1572.8
1183750 1572.8
1183760 1574.4
1183770 1576.5
1183780 1576.5
1183790 1577.7
1183800 1578.0
1183810 1582.0
1183820 1582.0
1183830 1582.9
1183840 1583.5
1183850 1583.5
1183860 1583.6
1183870 1583.2
1183880 1583.2
1183890 1583.1
1183900 1583.7
1183910 1583.7
1183920 1584.1
1183930 1584.5
1183940 1584.5
1183950 1584.4
1183960 1584.3
1183970 1584.3
1183980 1584.5
1183990 1585.1
1184000 1585.1
1184010 1585.6
1184020 1585.3
1184030 1585.2
1184040 1585.2
1184050 1584.7
1184060 1584.5
1184070 1584.5
1184080 1584.7
1184090 1584.0
1184100 1584.0
1184110 1581.8
1184120 1579.4
1184130 1579.4
1184140 1577.9
1184150 1576.8
1184160 1576.8
1184170 1575.2
1184180 1574.1
1184190 1574.1
1184200 1573.4
1184210 1572.3
1184220 1572.3
1184230 1572.5
1184240 1576.8
1184250 1576.8
1184260 1576.2
1184270 1575.4
1184280 1574.6
1184290 1574.6
1184300 1574.0
1184310 1573.0
1184320 1573.0
1184330 1570.8
1184340 1568.3
1184350 1568.3
1184360 1566.9
1184370 1566.0
1184380 1566.0
1184390 1565.1
1184400 1564.1
1184410 1564.1
1184420 1563.1
1184430 1562.1
1184440 1562.1
1184450 1561.6
1184460 1561.0
1184470 1561.0
1184480 1559.9
1184490 1558.9
1184500 1557.8
1184510 1557.8
1184520 1556.5
1184530 1555.7
1184540 1555.7
1184550 1554.7
1184560 1553.6
1184570 1553.6
1184580 1552.4
1184590 1551.2
1184600 1551.2
1184610 1549.9
1184620 1549.1
1184630 1549.1
1184640 1547.5
1184650 1545.1
1184660 1545.8
1184670 1543.8
1184680 1542.0
1184690 1542.0
1184700 1539.0
1184710 1536.4
1184720 1534.8
1184730 1534.8
1184740 1533.6
1184750 1532.0
1184760 1532.0
1184770 1530.2
1184780 1528.7
1184790 1528.7
1184800 1526.5
1184810 1523.0
1184820 1523.0
1184830 1520.6
1184840 1519.6
1184850 1519.6
1184860 1518.6
1184870 1516.9
1184880 1516.9
1184890 1514.7
1184900 1512.3
1184910 1512.3
1184920 1510.2
1184930 1507.9
1184940 1505.3
1184950 1505.3
1184960 1502.5
1184970 1500.0
1184980 1500.0
1184990 1496.9
1185000 1493.1
1185010 1493.1
1185020 1489.5
1185030 1486.7
1185040 1486.7
1185050 1484.3
1185060 1482.2
1185070 1482.2
1185080 1478.5
1185090 1475.3
1185100 1475.3
1185110 1472.1
1185120 1468.6
1185130 1468.6
1185140 1466.0
1185150 1462.9
1185160 1462.9
1185170 1459.7
1185180 1457.5
1185190 1456.3
1185200 1456.3
1185210 1454.9
1185220 1453.0
1185230 1453.0
1185240 1450.8
1185250 1448.4
1185260 1448.4
1185270 1444.6
1185280 1441.6
1185290 1441.6
1185300 1439.6
1185310 1438.1
1185320 1438.1
1185330 1436.6
1185340 1434.7
1185350 1434.7
1185360 1433.0
1185370 1431.5
1185380 1431.5
1185390 1430.6
1185400 1430.0
1185410 1429.2
1185420 1429.2
1185430 1427.7
1185440 1425.8
1185450 1425.8
1185460 1423.8
1185470 1421.9
1185480 1421.9
1185490 1420.4
1185500 1418.5
1185510 1413.0
1185520 1411.4
1185530 1408.3
1185540 1408.3
1185550 1404.5
1185560 1401.5
1185570 1401.5
1185580 1398.7
1185590 1396.4
1185600 1396.4
1185610 1393.9
1185620 1391.5
1185630 1388.3
1185640 1388.3
1185650 1384.3
1185660 1381.0
1185670 1381.0
1185680 1378.2
1185690 1376.3
1185700 1376.3
1185710 1375.0
1185720 1373.2
1185730 1373.2
1185740 1371.4
1185750 1369.7
1185760 1369.7
1185770 1368.0
1185780 1365.7
1185790 1365.7
1185800 1363.0
1185810 1360.5
1185820 1360.5
1185830 1357.0
1185840 1351.9
1185850 1351.9
1185860 1344.8
1185870 1338.0
1185880 1328.6
1185890 1328.6
1185900 1319.1
1185910 1312.2
1185920 1312.2
1185930 1305.8
1185940 1300.9
1185950 1300.9
1185960 1296.3
1185970 1290.3
1185980 1290.3
1185990 1285.1
1186000 1279.6
1186010 1279.6
1186020 1273.2
1186030 1266.3
1186040 1266.3
1186050 1260.6
1186060 1255.0
1186070 1255.0
1186080 1249.1
1186090 1244.3
1186100 1242.2
1186110 1242.2
1186120 1238.9
1186130 1235.2
1186140 1235.2
1186150 1231.1
1186160 1226.5
1186170 1226.5
1186180 1222.1
1186190 1219.0
1186200 1219.0
1186210 1216.6
1186220 1214.6
1186230 1214.6
1186240 1212.2
1186250 1208.4
1186260 1208.4
1186270 1202.5
1186280 1195.7
1186290 1195.7
1186300 1188.7
1186310 1170.2
1186320 1155.3
1186330 1155.3
1186340 1147.6
1186350 1140.7
1186360 1129.4
1186370 1117.6
1186380 1102.0
1186390 1102.0
1186400 1084.2
1186410 1065.2
1186420 1065.2
1186430 1051.4
1186440 1044.3
1186450 1044.3
1186460 1037.8
1186470 1031.2
1186480 1031.2
1186490 1024.7
1186500 1017.8
1186510 1017.8
1186520 1010.9
1186530 1002.8
1186540 995.0
1186550 995.0
1186560 987.8
1186570 980.3
1186580 980.3
1186590 973.4
1186600 966.6
1186610 966.6
1186620 959.1
1186630 951.7
1186640 951.7
1186650 944.9
1186660 937.5
1186670 937.5
1186680 929.9
1186690 922.9
1186700 922.9
1186710 916.1
1186720 908.9
1186730 908.9
1186740 903.8
1186750 900.0
1186760 900.0
1186770 896.1
1186780 891.0
1186790 883.6
1186800 883.6
1186810 874.8
1186820 867.4
1186830 867.4
1186840 861.8
1186850 858.3
1186860 858.3
1186870 856.2
1186880 856.2
1186890 856.2
1186900 856.1
1186910 856.2
1186920 856.2
1186930 856.3
1186940 856.5
1186950 856.5
1186960 856.8
1186970 856.9
1186980 856.9
1186990 856.7
1187000 857.0
1187010 858.3
1187020 858.3
1187030 858.4
1187040 857.9
1187050 857.9
1187060 856.8
1187070 857.7
1187080 857.7
1187090 858.5
1187100 858.4
1187110 858.4
1187120 858.3
1187130 858.0
1187140 858.0
1187150 858.0
1187160 857.9
1187170 857.9
1187180 857.7
1187190 858.7
1187200 858.7
1187210 860.3
1187220 861.4
1187230 869.2
1187240 869.2
1187250 877.5
1187260 885.4
1187270 885.4
1187280 893.1
1187290 901.1
1187300 901.1
1187310 909.0
1187320 916.5
1187330 916.5
1187340 923.9
1187350 931.0
1187360 931.0
1187370 937.3
1187380 944.2
1187390 944.2
1187400 951.9
1187410 959.7
1187420 959.7
1187430 968.3
1187440 976.5
1187450 983.1
1187460 983.1
1187470 989.4
1187480 994.6
1187490 994.6
1187500 999.6
1187510 1005.0
1187520 1005.0
1187530 1011.0
1187540 1016.5
1187550 1016.5
1187560 1019.3
1187570 1019.8
1187580 1019.8
1187590 1018.7
1187600 1015.2
1187610 1015.2
1187620 1014.1
1187630 1017.0
1187640 1016.8
1187650 1021.1
1187660 1024.6
1187670 1030.6
1187680 1030.6
1187690 1035.7
1187700 1040.0
1187710 1040.0
1187720 1044.0
1187730 1048.0
1187740 1048.0
1187750 1051.3
1187760 1054.9
1187770 1054.9
1187780 1057.7
1187790 1059.9
1187800 1059.9
1187810 1061.8
1187820 1063.5
1187830 1063.5
1187840 1065.1
1187850 1066.4
1187860 1066.4
1187870 1067.9
1187880 1069.4
1187890 1069.4
1187900 1071.8
1187910 1073.9
1187920 1075.6
1187930 1075.6
1187940 1076.4
1187950 1077.0
1187960 1077.0
1187970 1078.3
1187980 1080.1
1187990 1080.1
1188000 1080.5
1188010 1082.9
1188020 1082.9
1188030 1086.7
1188040 1089.9
1188050 1089.9
1188060 1097.1
1188070 1102.4
1188080 1102.4
1188090 1108.6
1188100 1115.3
1188110 1115.3
1188120 1121.6
1188130 1127.3
1188140 1132.9
1188150 1132.9
1188160 1137.3
1188170 1140.8
1188180 1140.8
1188190 1143.5
1188200 1145.8
1188210 1145.8
1188220 1148.7
1188230 1152.1
1188240 1152.1
1188250 1155.9
1188260 1158.5
1188270 1158.5
1188280 1161.5
1188290 1165.9
1188300 1165.9
1188310 1170.3
1188320 1175.7
1188330 1175.7
1188340 1182.1
1188350 1189.5
1188360 1197.3
1188370 1197.3
1188380 1205.3
1188390 1213.3
1188400 1213.3
1188410 1218.9
1188420 1224.4
1188430 1224.4
1188440 1230.5
1188450 1237.0
1188460 1237.0
1188470 1243.0
1188480 1247.4
1188490 1248.6
1188500 1253.4
1188510 1259.4
1188520 1259.4
1188530 1265.6
1188540 1271.6
1188550 1271.6
1188560 1277.0
1188570 1283.0
1188580 1290.3
1188590 1290.3
1188600 1296.6
1188610 1303.7
1188620 1303.7
1188630 1309.3
1188640 1315.5
1188650 1315.5
1188660 1321.2
1188670 1335.3
1188680 1335.3
1188690 1365.9
1188700 1378.2
1188710 1378.2
1188720 1379.8
1188730 1378.7
1188740 1378.7
1188750 1367.8
1188760 1360.5
1188770 1360.5
1188780 1362.4
1188790 1363.3
1188800 1363.3
1188810 1363.5
1188820 1364.0
1188830 1365.6
1188840 1365.6
1188850 1367.2
1188860 1366.9
1188870 1366.9
1188880 1365.8
1188890 1364.5
1188900 1364.5
1188910 1363.5
1188920 1368.9
1188930 1368.9
1188940 1368.6
1188950 1371.3
1188960 1371.3
1188970 1375.1
1188980 1379.3
1188990 1379.3
1189000 1383.4
1189010 1388.5
1189020 1388.5
1189030 1394.6
1189040 1400.8
1189050 1407.5
1189060 1407.5
1189070 1414.3
1189080 1421.4
1189090 1421.4
1189100 1428.1
1189110 1433.3
1189120 1433.3
1189130 1438.4
1189140 1445.2
1189150 1445.2
1189160 1452.0
1189170 1458.4
1189180 1458.4
1189190 1464.8
1189200 1469.7
1189210 1469.7
1189220 1473.9
1189230 1478.5
1189240 1478.5
1189250 1483.8
1189260 1489.2
1189270 1495.2
1189280 1495.2
1189290 1501.3
1189300 1507.7
1189310 1507.7
1189320 1513.3
1189330 1520.6
1189340 1520.6
1189350 1525.1
1189360 1527.1
1189370 1527.1
1189380 1532.6
1189390 1537.4
1189400 1537.4
1189410 1541.7
1189420 1546.4
1189430 1546.4
1189440 1551.4
1189450 1556.2
1189460 1556.2
1189470 1562.0
1189480 1568.6
1189490 1576.7
1189500 1576.7
1189510 1587.1
1189520 1597.3
1189530 1597.3
1189540 1607.6
1189550 1618.9
1189560 1618.9
1189570 1628.7
1189580 1638.0
1189590 1638.0
1189600 1646.5
1189610 1654.0
1189620 1654.0
1189630 1660.9
1189640 1669.7
1189650 1669.7
1189660 1679.7
1189670 1687.6
1189680 1687.6
1189690 1692.0
1189700 1697.9
1189710 1697.9
1189720 1706.0
1189730 1715.5
1189740 1722.6
1189750 1722.6
1189760 1730.8
1189770 1737.3
1189780 1741.1
1189790 1745.4
1189800 1750.2
1189810 1750.2
1189820 1752.9
1189830 1753.4
1189840 1753.4
1189850 1755.0
1189860 1758.3
1189870 1758.3
1189880 1764.9
1189890 1774.5
1189900 1774.5
1189910 1786.2
1189920 1794.6
1189930 1794.6
1189940 1801.4
1189950 1805.0
1189960 1807.1
1189970 1807.1
1189980 1810.6
1189990 1813.1
1190000 1813.1
1190010 1815.6
1190020 1819.9
1190030 1819.9
1190040 1825.0
1190050 1828.5
1190060 1828.5
1190070 1831.7
1190080 1832.9
1190090 1832.9
1190100 1837.5
1190110 1841.8
1190120 1841.8
1190130 1841.7
1190140 1837.0
1190150 1837.0
1190160 1829.5
1190170 1823.0
1190180 1818.5
1190190 1818.5
1190200 1817.2
1190210 1816.5
1190220 1816.5
1190230 1814.4
1190240 1810.0
1190250 1810.0
1190260 1806.0
1190270 1802.9
1190280 1802.9
1190290 1801.4
1190300 1799.4
1190310 1799.4
1190320 1797.6
1190330 1795.8
1190340 1795.8
1190350 1792.4
1190360 1792.9
1190370 1792.9
1190380 1795.1
1190390 1795.0
1190400 1797.0
1190410 1797.0
1190420 1798.1
1190430 1798.2
1190440 1798.2
1190450 1798.5
1190460 1797.3
1190470 1797.3
1190480 1795.0
1190490 1795.3
1190500 1795.3
1190510 1795.3
1190520 1796.6
1190530 1796.6
1190540 1799.2
1190550 1801.1
1190560 1801.1
1190570 1804.1
1190580 1807.6
1190590 1807.6
1190600 1810.2
1190610 1811.6
1190620 1811.6
1190630 1812.8
1190640 1815.0
1190650 1818.1
1190660 1818.1
1190670 1820.9
1190680 1822.6
1190690 1822.6
1190700 1824.0
1190710 1825.2
1190720 1825.2
1190730 1825.5
1190740 1825.7
1190750 1825.7
1190760 1826.0
1190770 1826.1
1190780 1826.1
1190790 1827.5
1190800 1829.0
1190810 1829.0
1190820 1829.5
1190830 1828.9
1190840 1828.9
1190850 1828.1
1190860 1828.4
1190870 1829.3
1190880 1829.3
1190890 1830.8
1190900 1833.5
1190910 1833.5
1190920 1837.1
1190930 1839.5
1190940 1839.5
1190950 1841.3
1190960 1843.2
1190970 1843.2
1190980 1845.9
1190990 1848.2
1191000 1848.2
1191010 1850.5
1191020 1852.8
1191030 1852.8
1191040 1854.0
1191050 1854.9
1191060 1854.9
1191070 1856.1
1191080 1854.5
1191090 1855.6
1191100 1855.6
1191110 1857.8
1191120 1861.4
1191130 1861.4
1191140 1865.2
1191150 1868.1
1191160 1868.1
1191170 1869.7
1191180 1870.6
1191190 1870.6
1191200 1873.0
1191210 1877.4
1191220 1877.4
1191230 1882.0
1191240 1887.2
1191250 1887.2
1191260 1891.8
1191270 1893.7
1191280 1893.7
1191290 1895.8
1191300 1898.5
1191310 1900.1
1191320 1900.1
1191330 1901.8
1191340 1903.4
1191350 1903.4
1191360 1904.3
1191370 1906.1
1191380 1906.1
1191390 1906.4
1191400 1906.0
1191410 1906.0
1191420 1905.5
1191430 1904.9
1191440 1904.9
1191450 1904.7
1191460 1904.8
1191470 1904.8
1191480 1905.6
1191490 1907.3
1191500 1907.3
1191510 1905.7
1191520 1906.7
1191530 1906.7
1191540 1907.6
1191550 1908.3
1191560 1909.3
1191570 1909.3
1191580 1910.6
1191590 1911.8
1191600 1911.8
1191610 1912.8
1191620 1913.8
1191630 1913.8
1191640 1914.6
1191650 1915.5
1191660 1915.5
1191670 1917.2
1191680 1918.8
1191690 1918.8
1191700 1920.9
1191710 1923.4
1191720 1923.4
1191730 1926.2
1191740 1928.6
1191750 1928.6
1191760 1929.4
1191770 1928.3
1191780 1927.2
1191790 1927.2
1191800 1927.0
1191810 1927.8
1191820 1927.8
1191830 1928.5
1191840 1928.5
1191850 1928.5
1191860 1927.3
1191870 1925.9
1191880 1925.9
1191890 1925.0
1191900 1923.0
1191910 1923.0
1191920 1920.5
1191930 1918.0
1191940 1914.7
1191950 1912.0
1191960 1909.1
1191970 1909.1
1191980 1906.7
1191990 1905.1
1192000 1904.2
1192010 1904.2
1192020 1903.3
1192030 1902.1
1192040 1902.1
1192050 1900.6
1192060 1899.2
1192070 1899.2
1192080 1897.9
1192090 1897.9
1192100 1897.9
1192110 1899.5
1192120 1901.6
1192130 1901.6
1192140 1903.2
1192150 1905.0
1192160 1905.0
1192170 1907.2
1192180 1909.0
1192190 1909.0
1192200 1911.4
1192210 1914.2
1192220 1916.3
1192230 1916.3
1192240 1919.0
1192250 1922.3
1192260 1922.3
1192270 1926.3
1192280 1930.0
1192290 1930.0
1192300 1933.9
1192310 1937.0
1192320 1937.0
1192330 1939.2
1192340 1941.1
1192350 1941.1
1192360 1944.1
1192370 1947.4
1192380 1944.1
1192390 1947.8
1192400 1952.0
1192410 1952.0
1192420 1956.3
1192430 1960.8
1192440 1960.8
1192450 1965.0
1192460 1969.5
1192470 1973.2
1192480 1973.2
1192490 1975.9
1192500 1978.4
1192510 1978.4
1192520 1981.9
1192530 1985.3
1192540 1985.3
1192550 1988.1
1192560 1990.4
1192570 1990.4
1192580 1993.5
1192590 1996.0
1192600 1996.0
1192610 1998.2
1192620 2000.9
1192630 2000.9
1192640 2003.2
1192650 2005.4
1192660 2005.4
1192670 2007.3
1192680 2008.4
1192690 2009.2
1192700 2009.2
1192710 2010.0
1192720 2010.9
1192730 2010.9
1192740 2010.3
1192750 2008.4
1192760 2008.4
1192770 2007.7
1192780 2007.0
1192790 2007.0
1192800 2005.5
1192810 1999.4
1192820 1999.4
1192830 2001.1
1192840 2004.1
1192850 2004.1
1192860 2009.0
1192870 2013.1
1192880 2013.1
1192890 2014.7
1192900 2016.0
1192910 2017.6
1192920 2017.6
1192930 2018.8
1192940 2020.6
1192950 2020.6
1192960 2022.7
1192970 2025.7
1192980 2025.7
1192990 2029.3
1193000 2033.6
1193010 2033.6
1193020 2038.5
1193030 2044.5
1193040 2044.5
1193050 2051.3
1193060 2058.3
1193070 2058.3
1193080 2065.2
1193090 2072.0
1193100 2072.0
1193110 2078.1
1193120 2083.2
1193130 2088.6
1193140 2088.6
1193150 2093.6
1193160 2098.3
1193170 2098.3
1193180 2103.3
1193190 2108.4
1193200 2108.4
1193210 2113.6
1193220 2118.9
1193230 2118.9
1193240 2124.1
1193250 2127.6
1193260 2127.6
1193270 2133.0
1193280 2138.8
1193290 2138.8
1193300 2144.8
1193310 2151.5
1193320 2151.5
1193330 2158.1
1193340 2164.9
1193350 2164.9
1193360 2171.6
1193370 2178.4
1193380 2185.1
1193390 2185.1
1193400 2191.2
1193410 2197.3
1193420 2197.3
1193430 2203.9
1193440 2210.6
1193450 2210.6
1193460 2217.1
1193470 2223.4
1193480 2223.4
1193490 2230.3
1193500 2237.6
1193510 2237.6
1193520 2245.0
1193530 2252.6
1193540 2252.6
1193550 2260.4
1193560 2267.9
1193570 2267.9
1193580 2275.2
1193590 2282.6
1193600 2290.2
1193610 2290.2
1193620 2297.4
1193630 2304.5
1193640 2304.5
1193650 2311.5
1193660 2318.4
1193670 2318.4
1193680 2323.2
1193690 2330.5
1193700 2330.5
1193710 2336.8
1193720 2342.8
1193730 2342.8
1193740 2349.5
1193750 2355.3
1193760 2355.3
1193770 2360.5
1193780 2365.1
1193790 2365.1
1193800 2368.8
1193810 2371.8
1193820 2375.2
1193830 2375.2
1193840 2378.5
1193850 2381.2
1193860 2381.2
1193870 2384.4
1193880 2388.2
1193890 2388.2
1193900 2392.0
1193910 2397.0
1193920 2397.0
1193930 2402.8
1193940 2408.0
1193950 2408.0
1193960 2412.6
1193970 2417.2
1193980 2417.2
1193990 2420.7
1194000 2424.3
1194010 2424.3
1194020 2427.3
1194030 2429.7
1194040 2433.4
1194050 2433.4
1194060 2439.2
1194070 2444.5
1194080 2444.5
1194090 2449.7
1194100 2455.1
1194110 2455.1
1194120 2451.7
1194130 2450.4
1194140 2450.4
1194150 2448.1
1194160 2446.6
1194170 2446.6
1194180 2446.1
1194190 2450.5
1194200 2450.5
1194210 2457.8
1194220 2464.5
1194230 2464.5
1194240 2470.3
1194250 2476.1
1194260 2476.1
1194270 2482.0
1194280 2487.5
1194290 2492.0
1194300 2492.0
1194310 2496.0
1194320 2500.8
1194330 2500.8
1194340 2507.0
1194350 2514.3
1194360 2514.3
1194370 2521.8
1194380 2529.8
1194390 2529.8
1194400 2539.0
1194410 2548.8
1194420 2548.8
1194430 2557.8
1194440 2565.9
1194450 2565.9
1194460 2574.3
1194470 2583.2
1194480 2583.2
1194490 2591.4
1194500 2598.5
1194510 2606.0
1194520 2606.0
1194530 2615.0
1194540 2624.2
1194550 2624.2
1194560 2628.1
1194570 2630.7
1194580 2630.7
1194590 2634.1
1194600 2639.3
1194610 2639.3
1194620 2643.8
1194630 2648.6
1194640 2648.6
1194650 2653.9
1194660 2659.3
1194670 2659.3
1194680 2663.2
1194690 2651.5
1194700 2651.5
1194710 2637.7
1194720 2627.8
1194730 2618.9
1194740 2618.9
1194750 2611.1
1194760 2603.1
1194770 2603.1
1194780 2593.0
1194790 2583.5
1194800 2583.5
1194810 2574.7
1194820 2567.6
1194830 2567.6
1194840 2561.3
1194850 2556.2
1194860 2556.2
1194870 2553.5
1194880 2551.7
1194890 2551.7
1194900 2549.8
1194910 2545.0
1194920 2545.0
1194930 2541.0
1194940 2538.5
1194950 2537.8
1194960 2537.8
1194970 2538.3
1194980 2539.7
1194990 2535.3
1195000 2532.9
1195010 2524.7
1195020 2524.7
1195030 2517.0
1195040 2508.1
1195050 2508.1
1195060 2496.1
1195070 2481.6
1195080 2481.6
1195090 2472.7
1195100 2465.3
1195110 2465.3
1195120 2461.7
1195130 2449.4
1195140 2449.4
1195150 2428.9
1195160 2409.3
1195170 2409.3
1195180 2399.3
1195190 2391.8
1195200 2384.5
1195210 2384.5
1195220 2377.4
1195230 2370.2
1195240 2370.2
1195250 2363.3
1195260 2357.3
1195270 2357.3
1195280 2352.2
1195290 2348.6
1195300 2348.6
1195310 2347.8
1195320 2348.3
1195330 2348.3
1195340 2347.9
1195350 2345.3
1195360 2345.3
1195370 2340.2
1195380 2334.5
1195390 2334.5
1195400 2330.2
1195410 2332.0
1195420 2337.1
1195430 2342.3
1195440 2348.6
1195450 2353.5
1195460 2353.5
1195470 2356.8
1195480 2359.0
1195490 2359.0
1195500 2360.3
1195510 2359.9
1195520 2359.9
1195530 2357.6
1195540 2355.1
1195550 2355.1
1195560 2352.8
1195570 2350.6
1195580 2350.6
1195590 2347.7
1195600 2347.1
1195610 2347.1
1195620 2344.6
1195630 2341.8
1195640 2341.9
1195650 2341.9
1195660 2340.4
1195670 2335.6
1195680 2335.6
1195690 2331.2
1195700 2329.7
1195710 2329.7
1195720 2329.3
1195730 2329.1
1195740 2329.1
1195750 2329.6
1195760 2330.6
1195770 2330.6
1195780 2332.5
1195790 2334.7
1195800 2334.7
1195810 2334.3
1195820 2332.3
1195830 2332.3
1195840 2331.4
1195850 2331.4
1195860 2331.9
1195870 2337.8
1195880 2339.6
1195890 2341.6
1195900 2341.6
1195910 2341.9
1195920 2341.6
1195930 2341.6
1195940 2342.1
1195950 2342.8
1195960 2342.8
1195970 2342.7
1195980 2341.9
1195990 2341.9
1196000 2341.3
1196010 2341.6
1196020 2341.6
1196030 2344.6
1196040 2350.9
1196050 2350.9
1196060 2357.7
1196070 2362.9
1196080 2362.9
1196090 2365.5
1196100 2365.1
1196110 2374.1
1196120 2374.1
1196130 2390.6
1196140 2404.9
1196150 2404.9
1196160 2412.1
1196170 2413.5
1196180 2413.5
1196190 2417.5
1196200 2419.5
1196210 2419.5
1196220 2416.1
1196230 2406.0
1196240 2406.0
1196250 2394.2
1196260 2388.5
1196270 2388.5
1196280 2396.7
1196290 2400.4
1196300 2400.4
1196310 2398.3
1196320 2386.8
1196330 2387.1
1196340 2387.1
1196350 2388.6
1196360 2374.3
1196370 2374.3
1196380 2360.7
1196390 2350.7
1196400 2350.7
1196410 2350.1
1196420 2357.6
1196430 2357.6
1196440 2355.9
1196450 2350.7
1196460 2350.7
1196470 2348.9
1196480 2347.5
1196490 2347.5
1196500 2349.1
1196510 2356.9
1196520 2356.9
1196530 2362.6
1196540 2350.9
1196550 2340.2
1196560 2340.2
1196570 2338.6
1196580 2338.9
1196590 2338.9
1196600 2340.7
1196610 2346.3
1196620 2346.3
1196630 2353.5
1196640 2361.5
1196650 2361.5
1196660 2360.5
1196670 2352.1
1196680 2352.1
1196690 2349.3
1196700 2351.0
1196710 2351.0
1196720 2355.9
1196730 2359.6
1196740 2359.6
1196750 2367.2
1196760 2369.0
1196770 2373.0
1196780 2373.0
1196790 2375.6
1196800 2377.3
1196810 2377.3
1196820 2378.8
1196830 2380.4
1196840 2380.4
1196850 2382.4
1196860 2384.0
1196870 2384.0
1196880 2385.0
1196890 2384.8
1196900 2384.8
1196910 2383.0
1196920 2382.4
1196930 2382.4
1196940 2383.8
1196950 2384.6
1196960 2384.6
1196970 2383.5
1196980 2382.2
1196990 2382.2
1197000 2383.8
1197010 2384.7
1197020 2386.0
1197030 2386.0
1197040 2385.7
1197050 2385.9
1197060 2385.9
1197070 2390.1
1197080 2413.0
1197090 2413.0
1197100 2429.6
1197110 2437.7
1197120 2437.7
1197130 2445.6
1197140 2451.1
1197150 2451.1
1197160 2461.0
1197170 2495.6
1197180 2495.6
1197190 2515.0
1197200 2543.4
1197210 2543.4
1197220 2563.3
1197230 2572.8
1197240 2564.9
1197250 2564.9
1197260 2554.8
1197270 2546.1
1197280 2546.1
1197290 2538.1
1197300 2529.2
1197310 2529.2
1197320 2518.8
1197330 2507.9
1197340 2507.9
1197350 2494.9
1197360 2481.7
1197370 2481.7
1197380 2470.9
1197390 2465.1
1197400 2465.1
1197410 2462.5
1197420 2466.8
1197430 2466.8
1197440 2468.0
1197450 2461.8
1197460 2454.8
1197470 2454.8
1197480 2452.1
1197490 2452.6
1197500 2452.6
1197510 2452.8
1197520 2452.3
1197530 2452.3
1197540 2453.3
1197550 2455.4
1197560 2455.4
1197570 2457.1
1197580 2454.7
1197590 2454.7
1197600 2454.2
1197610 2457.0
1197620 2457.0
1197630 2463.4
1197640 2467.6
1197650 2467.6
1197660 2472.4
1197670 2477.9
1197680 2483.3
1197690 2483.3
1197700 2488.0
1197710 2498.8
1197720 2498.8
1197730 2517.2
1197740 2548.4
1197750 2548.4
1197760 2555.2
1197770 2558.4
1197780 2558.4
1197790 2564.3
1197800 2575.3
1197810 2575.3
1197820 2593.7
1197830 2614.3
1197840 2614.3
1197850 2620.0
1197860 2624.9
1197870 2624.9
1197880 2630.3
1197890 2634.2
1197900 2634.2
1197910 2635.5
1197920 2637.9
1197930 2643.2
1197940 2643.2
1197950 2648.7
1197960 2647.9
1197970 2647.9
1197980 2640.2
1197990 2636.7
1198000 2636.7
1198010 2634.6
1198020 2631.8
1198030 2631.8
1198040 2630.0
1198050 2630.3
1198060 2630.3
1198070 2630.1
1198080 2638.8
1198090 2638.8
1198100 2640.4
1198110 2642.7
1198120 2642.7
1198130 2645.3
1198140 2648.4
1198150 2650.5
1198160 2650.5
1198170 2653.0
1198180 2656.6
1198190 2656.6
1198200 2659.1
1198210 2655.5
1198220 2655.5
1198230 2648.3
1198240 2638.1
1198250 2638.1
1198260 2628.1
1198270 2616.6
1198280 2616.6
1198290 2606.8
1198300 2598.1
1198310 2598.1
1198320 2597.5
1198330 2601.4
1198340 2601.4
1198350 2604.2
1198360 2595.4
1198370 2585.7
1198380 2585.7
1198390 2572.9
1198400 2562.8
1198410 2562.8
1198420 2566.9
1198430 2572.6
1198440 2572.6
1198450 2571.2
1198460 2561.3
1198470 2561.3
1198480 2545.4
1198490 2533.8
1198500 2533.8
1198510 2526.4
1198520 2504.1
1198530 2504.1
1198540 2500.1
1198550 2488.5
1198560 2488.5
1198570 2473.6
1198580 2465.6
1198590 2459.1
1198600 2459.1
1198610 2452.5
1198620 2444.5
1198630 2444.5
1198640 2433.8
1198650 2426.7
1198660 2426.7
1198670 2421.2
1198680 2417.5
1198690 2417.5
1198700 2414.2
1198710 2412.3
1198720 2412.3
1198730 2411.5
1198740 2410.2
1198750 2410.2
1198760 2408.2
1198770 2404.1
1198780 2404.1
1198790 2396.3
1198800 2391.0
1198810 2391.0
1198820 2382.8
1198830 2374.3
1198840 2369.5
1198850 2369.5
1198860 2367.1
1198870 2364.4
1198880 2364.4
1198890 2363.6
1198900 2363.8
1198910 2363.8
1198920 2364.1
1198930 2359.8
1198940 2359.8
1198950 2355.1
1198960 2353.8
1198970 2353.8
1198980 2346.4
1198990 2339.7
1199000 2339.7
1199010 2333.9
1199020 2328.7
1199030 2328.7
1199040 2323.0
1199050 2317.7
1199060 2310.3
1199070 2310.3
1199080 2303.6
1199090 2298.7
1199100 2298.7
1199110 2293.4
1199120 2288.7
1199130 2288.7
1199140 2284.1
1199150 2278.6
1199160 2278.6
1199170 2268.1
1199180 2260.0
1199190 2260.0
1199200 2256.4
1199210 2252.4
1199220 2252.4
1199230 2249.1
1199240 2248.1
1199250 2248.1
1199260 2249.6
1199270 2253.4
1199280 2258.5
1199290 2258.5
1199300 2264.5
1199310 2270.2
1199320 2270.2
1199330 2274.7
1199340 2278.0
1199350 2278.0
1199360 2280.6
1199370 2283.0
1199380 2283.0
1199390 2284.0
1199400 2283.6
1199410 2290.8
1199420 2295.1
1199430 2306.5
1199440 2306.5
1199450 2303.2
1199460 2299.5
1199470 2299.5
1199480 2304.6
1199490 2342.4
1199500 2428.6
1199510 2428.6
1199520 2427.7
1199530 2422.4
1199540 2422.4
1199550 2416.4
1199560 2410.6
1199570 2410.6
1199580 2404.5
1199590 2397.9
1199600 2397.9
1199610 2388.6
1199620 2379.9
1199630 2379.9
1199640 2372.8
1199650 2365.8
1199660 2365.8
1199670 2359.8
1199680 2355.1
1199690 2355.1
1199700 2349.6
1199710 2344.6
1199720 2340.7
1199730 2340.7
1199740 2336.9
1199750 2324.2
1199760 2324.2
1199770 2313.8
1199780 2308.1
1199790 2308.1
1199800 2302.3
1199810 2296.8
1199820 2296.8
1199830 2291.8
1199840 2287.9
1199850 2291.9
1199860 2288.0
1199870 2280.2
1199880 2280.2
1199890 2271.8
1199900 2267.7
1199910 2267.7
1199920 2262.2
1199930 2256.6
1199940 2256.6
1199950 2253.0
1199960 2249.1
1199970 2244.2
1199980 2244.2
1199990 2240.6
