1180000 1671.8
1180010 1670.6
1180020 1670.6
1180030 1668.8
1180040 1664.1
1180050 1664.1
1180060 1657.6
1180070 1650.9
1180080 1650.9
1180090 1646.3
1180100 1646.0
1180110 1646.0
1180120 1647.9
1180130 1648.6
1180140 1648.6
1180150 1647.9
1180160 1648.5
1180170 1648.5
1180180 1648.6
1180190 1647.5
1180200 1647.5
1180210 1645.6
1180220 1641.5
1180230 1636.7
1180240 1636.7
1180250 1634.4
1180260 1634.5
1180270 1634.5
1180280 1633.6
1180290 1631.1
1180300 1631.1
1180310 1627.4
1180320 1622.2
1180330 1622.2
1180340 1616.4
1180350 1611.7
1180360 1612.4
1180370 1607.6
1180380 1603.7
1180390 1603.7
1180400 1599.2
1180410 1594.7
1180420 1594.7
1180430 1590.3
1180440 1585.0
1180450 1582.4
1180460 1582.4
1180470 1583.9
1180480 1586.2
1180490 1586.2
1180500 1589.0
1180510 1589.2
1180520 1589.2
1180530 1584.2
1180540 1577.8
1180550 1577.8
1180560 1570.5
1180570 1563.0
1180580 1563.0
1180590 1556.0
1180600 1548.8
1180610 1548.8
1180620 1541.8
1180630 1534.3
1180640 1534.3
1180650 1527.5
1180660 1521.0
1180670 1521.0
1180680 1519.9
1180690 1518.4
1180700 1518.2
1180710 1518.2
1180720 1521.3
1180730 1524.3
1180740 1524.3
1180750 1522.9
1180760 1517.6
1180770 1519.2
1180780 1516.2
1180790 1516.4
1180800 1516.4
1180810 1516.7
1180820 1517.5
1180830 1517.5
1180840 1518.3
1180850 1518.8
1180860 1518.8
1180870 1519.0
1180880 1523.1
1180890 1523.1
1180900 1529.6
1180910 1534.6
1180920 1539.6
1180930 1539.6
1180940 1544.1
1180950 1546.7
1180960 1546.7
1180970 1550.0
1180980 1553.5
1180990 1553.5
1181000 1554.0
1181010 1552.9
1181020 1552.9
1181030 1554.8
1181040 1556.5
1181050 1556.5
1181060 1556.9
1181070 1556.8
1181080 1556.8
1181090 1556.4
1181100 1556.5
1181110 1556.5
1181120 1557.4
1181130 1557.9
1181140 1557.3
1181150 1557.3
1181160 1556.9
1181170 1558.5
1181180 1558.5
1181190 1569.2
1181200 1573.7
1181210 1573.7
1181220 1576.9
1181230 1579.4
1181240 1579.4
1181250 1582.9
1181260 1588.8
1181270 1588.8
1181280 1594.7
1181290 1599.1
1181300 1599.1
1181310 1601.8
1181320 1605.3
1181330 1605.3
1181340 1608.6
1181350 1612.2
1181360 1616.0
1181370 1616.0
1181380 1619.3
1181390 1621.9
1181400 1621.9
1181410 1623.8
1181420 1625.5
1181430 1625.5
1181440 1628.5
1181450 1632.1
1181460 1632.1
1181470 1634.3
1181480 1636.9
1181490 1636.9
1181500 1641.2
1181510 1644.1
1181520 1644.1
1181530 1645.6
1181540 1647.9
1181550 1647.9
1181560 1652.1
1181570 1656.0
1181580 1656.0
1181590 1658.0
1181600 1659.7
1181610 1667.1
1181620 1667.1
1181630 1669.4
1181640 1672.3
1181650 1672.3
1181660 1675.7
1181670 1680.7
1181680 1680.7
1181690 1685.8
1181700 1690.7
1181710 1690.7
1181720 1696.1
1181730 1700.4
1181740 1700.4
1181750 1704.6
1181760 1709.8
1181770 1709.8
1181780 1716.1
1181790 1722.0
1181800 1722.0
1181810 1728.7
1181820 1735.2
1181830 1743.6
1181840 1743.6
1181850 1748.9
1181860 1750.9
1181870 1750.9
1181880 1752.8
1181890 1753.5
1181900 1753.5
1181910 1752.2
1181920 1751.5
1181930 1751.5
1181940 1753.7
1181950 1756.9
1181960 1756.9
1181970 1759.8
1181980 1761.5
1181990 1761.5
1182000 1762.4
1182010 1761.6
1182020 1761.6
1182030 1764.7
1182040 1763.7
1182050 1761.6
1182060 1761.6
1182070 1758.8
1182080 1755.4
1182090 1755.4
1182100 1751.5
1182110 1747.0
1182120 1747.0
1182130 1740.1
1182140 1731.6
1182150 1731.6
1182160 1723.9
1182170 1717.2
1182180 1717.2
1182190 1712.3
1182200 1706.2
1182210 1706.2
1182220 1700.1
1182230 1695.3
1182240 1695.3
1182250 1691.0
1182260 1687.0
1182270 1682.6
1182280 1682.6
1182290 1678.7
1182300 1675.5
1182310 1675.5
1182320 1671.9
1182330 1668.0
1182340 1668.0
1182350 1665.1
1182360 1663.5
1182370 1663.5
1182380 1662.1
1182390 1661.6
1182400 1661.6
1182410 1663.5
1182420 1665.7
1182430 1665.7
1182440 1669.0
1182450 1677.4
1182460 1677.4
1182470 1677.8
1182480 1675.0
1182490 1675.0
1182500 1673.8
1182510 1673.4
1182520 1672.4
1182530 1672.4
1182540 1671.7
1182550 1672.0
1182560 1672.0
1182570 1672.8
1182580 1673.9
1182590 1673.9
1182600 1676.1
1182610 1677.9
1182620 1677.9
1182630 1679.8
1182640 1681.7
1182650 1681.7
1182660 1683.1
1182670 1681.9
1182680 1681.9
1182690 1680.2
1182700 1679.4
1182710 1679.4
1182720 1678.7
1182730 1678.9
1182740 1680.9
1182750 1680.9
1182760 1682.7
1182770 1683.4
1182780 1683.4
1182790 1683.6
1182800 1685.1
1182810 1685.1
1182820 1686.2
1182830 1687.5
1182840 1687.5
1182850 1687.4
1182860 1686.2
1182870 1693.2
1182880 1694.4
1182890 1693.4
1182900 1693.4
1182910 1691.4
1182920 1691.9
1182930 1691.9
1182940 1694.1
1182950 1696.5
1182960 1697.2
1182970 1697.2
1182980 1697.0
1182990 1694.4
1183000 1694.4
1183010 1693.1
1183020 1693.4
1183030 1693.4
1183040 1692.6
1183050 1691.2
1183060 1691.2
1183070 1689.6
1183080 1688.1
1183090 1688.1
1183100 1687.4
1183110 1687.2
1183120 1687.2
1183130 1687.2
1183140 1685.8
1183150 1685.8
1183160 1685.6
1183170 1685.4
1183180 1684.8
1183190 1684.8
1183200 1684.7
1183210 1685.7
1183220 1685.7
1183230 1687.9
1183240 1689.6
1183250 1689.6
1183260 1692.1
1183270 1695.3
1183280 1695.3
1183290 1704.3
1183300 1706.5
1183310 1706.5
1183320 1707.4
1183330 1709.8
1183340 1709.8
1183350 1712.0
1183360 1714.5
1183370 1714.5
1183380 1715.8
1183390 1717.3
1183400 1717.3
1183410 1722.5
1183420 1729.4
1183430 1735.4
1183440 1735.4
1183450 1740.0
1183460 1743.5
1183470 1743.5
1183480 1746.2
1183490 1752.2
1183500 1752.2
1183510 1756.2
1183520 1755.8
1183530 1755.8
1183540 1753.7
1183550 1751.5
1183560 1751.5
1183570 1749.9
1183580 1749.1
1183590 1749.1
1183600 1748.7
1183610 1748.7
1183620 1748.7
1183630 1748.2
1183640 1747.3
1183650 1746.6
1183660 1746.6
1183670 1747.0
1183680 1747.8
1183690 1747.8
1183700 1749.0
1183710 1754.3
1183720 1754.3
1183730 1755.7
1183740 1759.8
1183750 1759.8
1183760 1760.0
1183770 1757.8
1183780 1757.8
1183790 1755.6
1183800 1753.3
1183810 1753.3
1183820 1752.3
1183830 1752.4
1183840 1752.4
1183850 1751.0
1183860 1749.7
1183870 1749.2
1183880 1749.2
1183890 1749.4
1183900 1748.9
1183910 1748.9
1183920 1747.6
1183930 1746.8
1183940 1746.8
1183950 1748.9
1183960 1750.6
1183970 1750.6
1183980 1751.0
1183990 1752.3
1184000 1752.3
1184010 1755.6
1184020 1758.6
1184030 1758.6
1184040 1759.0
1184050 1756.7
1184060 1756.7
1184070 1755.1
1184080 1754.5
1184090 1755.1
1184100 1755.1
1184110 1755.2
1184120 1754.5
1184130 1756.6
1184140 1754.6
1184150 1751.6
1184160 1751.6
1184170 1747.8
1184180 1743.7
1184190 1743.7
1184200 1739.8
1184210 1736.6
1184220 1736.6
1184230 1734.7
1184240 1730.3
1184250 1730.3
1184260 1722.6
1184270 1717.0
1184280 1717.0
1184290 1713.1
1184300 1711.3
1184310 1711.3
1184320 1709.4
1184330 1706.1
1184340 1701.9
1184350 1701.9
1184360 1697.7
1184370 1695.4
1184380 1695.4
1184390 1693.6
1184400 1690.0
1184410 1690.0
1184420 1689.2
1184430 1688.2
1184440 1688.2
1184450 1687.1
1184460 1687.2
1184470 1687.2
1184480 1687.2
1184490 1686.3
1184500 1686.3
1184510 1683.0
1184520 1679.1
1184530 1679.1
1184540 1676.2
1184550 1673.1
1184560 1669.5
1184570 1669.5
1184580 1665.7
1184590 1657.7
1184600 1657.7
1184610 1648.6
1184620 1640.8
1184630 1640.8
1184640 1635.2
1184650 1626.7
1184660 1626.7
1184670 1619.7
1184680 1614.0
1184690 1614.0
1184700 1608.4
1184710 1605.0
1184720 1605.0
1184730 1600.6
1184740 1593.9
1184750 1593.9
1184760 1583.0
1184770 1570.3
1184780 1561.8
1184790 1561.8
1184800 1555.4
1184810 1548.5
1184820 1548.5
1184830 1541.1
1184840 1535.4
1184850 1535.4
1184860 1531.9
1184870 1528.4
1184880 1528.4
1184890 1525.1
1184900 1522.9
1184910 1522.9
1184920 1520.6
1184930 1517.3
1184940 1517.3
1184950 1512.6
1184960 1508.3
1184970 1508.3
1184980 1504.7
1184990 1502.2
1185000 1498.8
1185010 1498.8
1185020 1494.0
1185030 1487.7
1185040 1487.7
1185050 1482.9
1185060 1480.3
1185070 1480.3
1185080 1477.6
1185090 1475.5
1185100 1475.5
1185110 1472.7
1185120 1466.8
1185130 1466.8
1185140 1458.6
1185150 1453.6
1185160 1453.6
1185170 1449.9
1185180 1446.9
1185190 1446.9
1185200 1443.9
1185210 1441.7
1185220 1441.7
1185230 1439.8
1185240 1436.7
1185250 1434.8
1185260 1434.8
1185270 1433.4
1185280 1432.5
1185290 1432.5
1185300 1431.7
1185310 1431.2
1185320 1431.2
1185330 1433.1
1185340 1435.7
1185350 1435.7
1185360 1435.7
1185370 1435.2
1185380 1435.2
1185390 1435.1
1185400 1436.0
1185410 1436.0
1185420 1436.7
1185430 1437.0
1185440 1437.0
1185450 1435.8
1185460 1434.5
1185470 1432.9
1185480 1432.9
1185490 1432.9
1185500 1432.6
1185510 1432.6
1185520 1433.4
1185530 1434.1
1185540 1434.1
1185550 1433.1
1185560 1430.6
1185570 1430.6
1185580 1427.7
1185590 1423.5
1185600 1423.5
1185610 1418.7
1185620 1416.8
1185630 1416.8
1185640 1415.8
1185650 1414.6
1185660 1414.6
1185670 1413.1
1185680 1413.6
1185690 1413.4
1185700 1413.4
1185710 1410.3
1185720 1401.1
1185730 1401.1
1185740 1389.5
1185750 1380.1
1185760 1380.1
1185770 1372.1
1185780 1367.1
1185790 1367.1
1185800 1366.3
1185810 1363.9
1185820 1363.9
1185830 1359.5
1185840 1353.2
1185850 1353.2
1185860 1348.6
1185870 1343.7
1185880 1343.7
1185890 1340.0
1185900 1337.9
1185910 1335.9
1185920 1335.9
1185930 1333.2
1185940 1324.8
1185950 1324.8
1185960 1308.7
1185970 1291.9
1185980 1291.9
1185990 1286.2
1186000 1281.6
1186010 1281.6
1186020 1275.4
1186030 1269.5
1186040 1269.5
1186050 1262.2
1186060 1254.5
1186070 1254.5
1186080 1246.6
1186090 1239.1
1186100 1239.1
1186110 1231.2
1186120 1224.9
1186130 1224.9
1186140 1218.8
1186150 1213.8
1186160 1210.2
1186170 1210.2
1186180 1206.9
1186190 1203.0
1186200 1203.0
1186210 1198.4
1186220 1194.8
1186230 1194.8
1186240 1189.9
1186250 1184.2
1186260 1184.2
1186270 1179.5
1186280 1174.0
1186290 1174.0
1186300 1168.1
1186310 1162.6
1186320 1162.6
1186330 1155.7
1186340 1150.5
1186350 1150.5
1186360 1144.2
1186370 1137.3
1186380 1130.6
1186390 1130.6
1186400 1123.8
1186410 1117.4
1186420 1117.4
1186430 1112.4
1186440 1108.4
1186450 1108.4
1186460 1105.2
1186470 1101.6
1186480 1101.6
1186490 1096.5
1186500 1089.5
1186510 1089.5
1186520 1082.2
1186530 1074.7
1186540 1074.7
1186550 1066.8
1186560 1059.1
1186570 1059.1
1186580 1050.6
1186590 1043.4
1186600 1036.4
1186610 1036.4
1186620 1027.8
1186630 1018.6
1186640 1018.6
1186650 1011.1
1186660 1003.8
1186670 1003.8
1186680 1000.1
1186690 993.0
1186700 993.0
1186710 986.4
1186720 979.1
1186730 979.1
1186740 971.9
1186750 964.3
1186760 964.3
1186770 957.4
1186780 951.7
1186790 951.7
1186800 946.5
1186810 940.9
1186820 934.6
1186830 934.6
1186840 929.3
1186850 923.9
1186860 923.9
1186870 918.2
1186880 912.4
1186890 912.4
1186900 907.0
1186910 902.8
1186920 902.8
1186930 898.6
1186940 895.0
1186950 895.0
1186960 890.4
1186970 885.4
1186980 885.4
1186990 881.0
1187000 876.3
1187010 876.3
1187020 870.7
1187030 866.3
1187040 861.7
1187050 861.7
1187060 859.5
1187070 858.3
1187080 858.3
1187090 856.9
1187100 856.8
1187110 856.8
1187120 856.8
1187130 856.8
1187140 856.8
1187150 856.8
1187160 856.8
1187170 856.8
1187180 857.0
1187190 858.4
1187200 858.4
1187210 859.4
1187220 859.7
1187230 859.7
1187240 860.8
1187250 860.4
1187260 860.4
1187270 860.5
1187280 864.2
1187290 868.4
1187300 868.4
1187310 872.1
1187320 875.1
1187330 875.1
1187340 877.5
1187350 880.2
1187360 880.2
1187370 883.6
1187380 888.6
1187390 888.6
1187400 894.2
1187410 902.4
1187420 902.4
1187430 909.6
1187440 916.7
1187450 916.7
1187460 924.9
1187470 934.2
1187480 934.2
1187490 941.2
1187500 946.1
1187510 952.9
1187520 952.9
1187530 960.9
1187540 967.7
1187550 967.7
1187560 974.8
1187570 979.6
1187580 979.6
1187590 983.6
1187600 984.1
1187610 984.1
1187620 985.9
1187630 990.3
1187640 990.3
1187650 994.1
1187660 997.5
1187670 997.5
1187680 999.9
1187690 1002.7
1187700 1002.7
1187710 1005.7
1187720 1008.2
1187730 1010.2
1187740 1010.2
1187750 1012.8
1187760 1017.6
1187770 1017.6
1187780 1023.7
1187790 1030.0
1187800 1030.0
1187810 1036.4
1187820 1039.5
1187830 1039.5
1187840 1040.2
1187850 1040.0
1187860 1040.0
1187870 1045.1
1187880 1050.9
1187890 1050.9
1187900 1055.2
1187910 1060.3
1187920 1060.3
1187930 1065.8
1187940 1072.1
1187950 1078.5
1187960 1074.7
1187970 1081.1
1187980 1086.5
1187990 1086.5
1188000 1090.6
1188010 1094.3
1188020 1094.3
1188030 1098.6
1188040 1102.3
1188050 1102.3
1188060 1105.7
1188070 1109.3
1188080 1109.3
1188090 1112.4
1188100 1114.8
1188110 1114.8
1188120 1115.8
1188130 1117.0
1188140 1117.0
1188150 1118.9
1188160 1121.0
1188170 1121.0
1188180 1124.7
1188190 1130.1
1188200 1137.3
1188210 1137.3
1188220 1145.5
1188230 1153.2
1188240 1153.2
1188250 1158.7
1188260 1164.4
1188270 1164.4
1188280 1170.4
1188290 1175.0
1188300 1175.0
1188310 1178.6
1188320 1182.5
1188330 1182.5
1188340 1186.8
1188350 1191.5
1188360 1191.5
1188370 1194.1
1188380 1197.2
1188390 1194.1
1188400 1197.8
1188410 1202.5
1188420 1210.2
1188430 1210.2
1188440 1215.0
1188450 1221.1
1188460 1221.1
1188470 1226.4
1188480 1231.9
1188490 1231.9
1188500 1238.2
1188510 1244.1
1188520 1244.1
1188530 1250.3
1188540 1258.4
1188550 1258.4
1188560 1268.9
1188570 1273.4
1188580 1273.4
1188590 1277.7
1188600 1280.5
1188610 1280.5
1188620 1284.9
1188630 1289.9
1188640 1296.2
1188650 1296.2
1188660 1302.3
1188670 1308.6
1188680 1308.6
1188690 1311.6
1188700 1313.6
1188710 1313.6
1188720 1316.2
1188730 1319.2
1188740 1319.2
1188750 1321.9
1188760 1325.6
1188770 1325.6
1188780 1331.7
1188790 1339.3
1188800 1339.3
1188810 1348.2
1188820 1353.1
1188830 1353.1
1188840 1361.3
1188850 1369.1
1188860 1378.1
1188870 1378.1
1188880 1385.9
1188890 1391.2
1188900 1391.2
1188910 1396.4
1188920 1402.5
1188930 1402.5
1188940 1409.3
1188950 1415.8
1188960 1415.8
1188970 1422.7
1188980 1430.2
1188990 1430.2
1189000 1435.4
1189010 1442.8
1189020 1442.8
1189030 1452.0
1189040 1459.7
1189050 1459.7
1189060 1468.9
1189070 1478.5
1189080 1478.5
1189090 1482.6
1189100 1482.8
1189110 1480.2
1189120 1480.2
1189130 1482.1
1189140 1486.8
1189150 1486.8
1189160 1487.9
1189170 1493.2
1189180 1493.2
1189190 1494.5
1189200 1499.8
1189210 1499.8
1189220 1501.1
1189230 1502.9
1189240 1502.9
1189250 1495.7
1189260 1494.5
1189270 1494.5
1189280 1493.1
1189290 1494.0
1189300 1494.0
1189310 1498.2
1189320 1502.3
1189330 1506.6
1189340 1506.6
1189350 1511.9
1189360 1515.8
1189370 1515.8
1189380 1520.0
1189390 1523.9
1189400 1523.9
1189410 1527.4
1189420 1530.9
1189430 1530.9
1189440 1535.1
1189450 1538.9
1189460 1538.9
1189470 1542.5
1189480 1546.4
1189490 1546.4
1189500 1550.9
1189510 1555.8
1189520 1555.8
1189530 1561.3
1189540 1566.6
1189550 1571.2
1189560 1571.2
1189570 1575.1
1189580 1579.4
1189590 1579.4
1189600 1585.0
1189610 1590.8
1189620 1590.8
1189630 1595.7
1189640 1601.1
1189650 1601.1
1189660 1607.9
1189670 1615.1
1189680 1616.9
1189690 1623.3
1189700 1632.0
1189710 1632.0
1189720 1640.7
1189730 1646.8
1189740 1646.8
1189750 1649.9
1189760 1651.8
1189770 1656.0
1189780 1656.0
1189790 1661.0
1189800 1667.8
1189810 1667.8
1189820 1675.9
1189830 1683.7
1189840 1683.7
1189850 1691.7
1189860 1699.3
1189870 1699.3
1189880 1704.9
1189890 1709.4
1189900 1709.4
1189910 1712.4
1189920 1714.5
1189930 1714.5
1189940 1718.9
1189950 1724.9
1189960 1724.9
1189970 1732.3
1189980 1748.8
1189990 1762.7
1190000 1762.7
1190010 1773.2
1190020 1783.4
1190030 1783.4
1190040 1788.8
1190050 1792.2
1190060 1792.2
1190070 1794.5
1190080 1796.8
1190090 1796.8
1190100 1800.0
1190110 1800.5
1190120 1800.5
1190130 1801.9
1190140 1802.8
1190150 1802.8
1190160 1803.8
1190170 1805.3
1190180 1805.3
1190190 1807.1
1190200 1809.0
1190210 1809.0
1190220 1809.9
1190230 1810.2
1190240 1809.4
1190250 1809.4
1190260 1807.1
1190270 1802.3
1190280 1802.3
1190290 1796.4
1190300 1791.3
1190310 1791.3
1190320 1786.8
1190330 1782.7
1190340 1782.7
1190350 1778.2
1190360 1774.8
1190370 1774.8
1190380 1772.0
1190390 1770.0
1190400 1770.0
1190410 1768.2
1190420 1766.3
1190430 1766.3
1190440 1764.4
1190450 1762.2
1190460 1760.5
1190470 1760.5
1190480 1760.0
1190490 1760.6
1190500 1760.6
1190510 1761.6
1190520 1762.8
1190530 1762.8
1190540 1762.8
1190550 1763.4
1190560 1763.4
1190570 1763.8
1190580 1764.0
1190590 1764.0
1190600 1764.3
1190610 1764.6
1190620 1764.6
1190630 1765.1
1190640 1765.7
1190650 1765.7
1190660 1766.9
1190670 1768.1
1190680 1769.1
1190690 1769.1
1190700 1769.7
1190710 1770.3
1190720 1770.3
1190730 1771.3
1190740 1772.8
1190750 1772.8
1190760 1774.5
1190770 1776.0
1190780 1776.0
1190790 1776.3
1190800 1775.9
1190810 1775.9
1190820 1775.6
1190830 1775.2
1190840 1775.2
1190850 1774.2
1190860 1773.0
1190870 1773.0
1190880 1772.1
1190890 1771.2
1190900 1770.3
1190910 1770.3
1190920 1769.0
1190930 1767.8
1190940 1767.8
1190950 1766.6
1190960 1766.1
1190970 1763.6
1190980 1763.2
1190990 1763.5
1191000 1763.5
1191010 1763.6
1191020 1763.2
1191030 1763.2
1191040 1762.8
1191050 1762.4
1191060 1762.4
1191070 1762.4
1191080 1762.6
1191090 1762.6
1191100 1762.7
1191110 1763.0
1191120 1763.0
1191130 1763.8
1191140 1764.8
1191150 1766.2
1191160 1766.2
1191170 1767.4
1191180 1768.3
1191190 1768.3
1191200 1769.4
1191210 1770.8
1191220 1770.8
1191230 1773.0
1191240 1775.3
1191250 1775.3
1191260 1777.4
1191270 1779.3
1191280 1779.3
1191290 1780.2
1191300 1780.8
1191310 1780.8
1191320 1781.7
1191330 1782.0
1191340 1782.0
1191350 1782.5
1191360 1783.7
1191370 1785.2
1191380 1785.2
1191390 1785.9
1191400 1783.0
1191410 1783.0
1191420 1783.1
1191430 1783.4
1191440 1783.4
1191450 1783.2
1191460 1781.6
1191470 1781.6
1191480 1781.2
1191490 1782.0
1191500 1782.0
1191510 1780.6
1191520 1779.2
1191530 1779.2
1191540 1779.5
1191550 1780.0
1191560 1780.0
1191570 1779.4
1191580 1779.0
1191590 1778.5
1191600 1778.5
1191610 1779.4
1191620 1780.6
1191630 1780.6
1191640 1783.5
1191650 1785.3
1191660 1785.3
1191670 1786.7
1191680 1788.7
1191690 1788.7
1191700 1790.6
1191710 1791.5
1191720 1791.5
1191730 1792.6
1191740 1793.1
1191750 1793.1
1191760 1793.6
1191770 1794.2
1191780 1794.2
1191790 1795.2
1191800 1796.6
1191810 1797.8
1191820 1797.8
1191830 1798.3
1191840 1795.0
1191850 1795.0
1191860 1794.8
1191870 1794.7
1191880 1794.7
1191890 1795.0
1191900 1795.4
1191910 1795.4
1191920 1793.7
1191930 1788.9
1191940 1788.9
1191950 1785.0
1191960 1784.7
1191970 1784.7
1191980 1783.6
1191990 1783.9
1192000 1783.9
1192010 1788.2
1192020 1790.7
1192030 1788.3
1192040 1788.3
1192050 1783.2
1192060 1776.4
1192070 1776.4
1192080 1771.3
1192090 1772.3
1192100 1772.3
1192110 1773.2
1192120 1771.1
1192130 1771.1
1192140 1771.6
1192150 1771.5
1192160 1771.5
1192170 1772.5
1192180 1774.9
1192190 1774.9
1192200 1777.0
1192210 1778.4
1192220 1778.4
1192230 1780.2
1192240 1782.9
1192250 1782.9
1192260 1787.1
1192270 1793.9
1192280 1799.4
1192290 1799.4
1192300 1805.6
1192310 1812.3
1192320 1812.3
1192330 1818.5
1192340 1824.8
1192350 1824.8
1192360 1831.2
1192370 1837.8
1192380 1837.8
1192390 1843.6
1192400 1848.3
1192410 1848.3
1192420 1852.3
1192430 1855.0
1192440 1855.0
1192450 1855.8
1192460 1856.0
1192470 1856.0
1192480 1858.1
1192490 1861.8
1192500 1865.2
1192510 1865.2
1192520 1869.0
1192530 1872.4
1192540 1872.4
1192550 1876.6
1192560 1880.8
1192570 1880.8
1192580 1883.4
1192590 1885.7
1192600 1885.7
1192610 1888.9
1192620 1893.2
1192630 1893.2
1192640 1899.7
1192650 1907.7
1192660 1907.7
1192670 1914.7
1192680 1922.1
1192690 1922.1
1192700 1928.7
1192710 1935.8
1192720 1942.2
1192730 1942.2
1192740 1947.8
1192750 1953.5
1192760 1953.5
1192770 1958.7
1192780 1963.7
1192790 1963.7
1192800 1968.9
1192810 1974.0
1192820 1974.0
1192830 1978.9
1192840 1983.8
1192850 1983.8
1192860 1988.6
1192870 1993.4
1192880 1993.4
1192890 1997.9
1192900 2002.3
1192910 2002.3
1192920 2006.4
1192930 2010.2
1192940 2015.3
1192950 2015.3
1192960 2021.4
1192970 2027.4
1192980 2027.4
1192990 2032.6
1193000 2037.7
1193010 2037.7
1193020 2042.5
1193030 2047.8
1193040 2047.8
1193050 2053.5
1193060 2059.0
1193070 2059.0
1193080 2063.3
1193090 2067.1
1193100 2067.1
1193110 2071.2
1193120 2074.9
1193130 2074.9
1193140 2076.8
1193150 2080.1
1193160 2080.1
1193170 2083.9
1193180 2087.8
1193190 2091.9
1193200 2091.9
1193210 2096.3
1193220 2100.9
1193230 2100.9
1193240 2104.8
1193250 2109.1
1193260 2109.1
1193270 2114.4
1193280 2120.7
1193290 2120.7
1193300 2127.0
1193310 2132.1
1193320 2132.1
1193330 2136.9
1193340 2142.4
1193350 2142.4
1193360 2146.7
1193370 2150.1
1193380 2150.1
1193390 2153.6
1193400 2157.6
1193410 2161.6
1193420 2161.6
1193430 2165.4
1193440 2168.6
1193450 2168.6
1193460 2171.7
1193470 2174.5
1193480 2174.5
1193490 2176.7
1193500 2178.4
1193510 2178.4
1193520 2179.7
1193530 2181.2
1193540 2181.2
1193550 2183.0
1193560 2185.0
1193570 2185.0
1193580 2182.0
1193590 2182.7
1193600 2182.7
1193610 2182.0
1193620 2180.8
1193630 2180.9
1193640 2180.9
1193650 2182.1
1193660 2183.7
1193670 2183.7
1193680 2186.4
1193690 2188.4
1193700 2188.4
1193710 2188.4
1193720 2188.3
1193730 2188.3
1193740 2190.3
1193750 2193.5
1193760 2193.5
1193770 2196.5
1193780 2199.0
1193790 2199.0
1193800 2200.2
1193810 2200.9
1193820 2200.9
1193830 2201.5
1193840 2204.4
1193850 2209.3
1193860 2209.3
1193870 2217.3
1193880 2227.3
1193890 2227.3
1193900 2235.8
1193910 2244.0
1193920 2244.0
1193930 2249.7
1193940 2255.4
1193950 2255.4
1193960 2261.9
1193970 2268.7
1193980 2268.7
1193990 2275.0
1194000 2281.4
1194010 2278.3
1194020 2284.6
1194030 2291.0
1194040 2291.0
1194050 2297.4
1194060 2304.9
1194070 2304.9
1194080 2310.3
1194090 2314.5
1194100 2318.1
1194110 2318.1
1194120 2321.8
1194130 2326.3
1194140 2326.3
1194150 2330.7
1194160 2334.6
1194170 2334.6
1194180 2339.4
1194190 2346.2
1194200 2346.2
1194210 2351.0
1194220 2354.5
1194230 2354.5
1194240 2353.7
1194250 2350.5
1194260 2350.5
1194270 2355.6
1194280 2365.4
1194290 2365.4
1194300 2374.4
1194310 2381.5
1194320 2387.0
1194330 2387.0
1194340 2392.1
1194350 2395.6
1194360 2395.6
1194370 2399.6
1194380 2404.7
1194390 2404.7
1194400 2409.3
1194410 2414.8
1194420 2414.8
1194430 2422.1
1194440 2430.6
1194450 2430.3
1194460 2438.4
1194470 2446.7
1194480 2446.7
1194490 2455.4
1194500 2464.3
1194510 2464.3
1194520 2471.4
1194530 2478.6
1194540 2485.2
1194550 2485.2
1194560 2488.3
1194570 2490.1
1194580 2490.1
1194590 2493.1
1194600 2494.4
1194610 2494.4
1194620 2496.1
1194630 2500.7
1194640 2500.7
1194650 2504.7
1194660 2508.9
1194670 2508.9
1194680 2512.5
1194690 2516.6
1194700 2516.6
1194710 2519.7
1194720 2523.6
1194730 2523.6
1194740 2529.0
1194750 2534.3
1194760 2540.2
1194770 2540.2
1194780 2543.7
1194790 2545.4
1194800 2545.4
1194810 2550.1
1194820 2555.9
1194830 2555.9
1194840 2561.8
1194850 2567.8
1194860 2567.8
1194870 2575.1
1194880 2581.9
1194890 2579.9
1194900 2586.1
1194910 2592.2
1194920 2592.2
1194930 2598.5
1194940 2604.8
1194950 2604.8
1194960 2611.7
1194970 2618.6
1194980 2625.4
1194990 2625.4
1195000 2632.8
1195010 2639.5
1195020 2639.5
1195030 2636.1
1195040 2623.1
1195050 2623.1
1195060 2607.0
1195070 2589.4
1195080 2589.4
1195090 2572.9
1195100 2554.1
1195110 2554.1
1195120 2535.0
1195130 2519.1
1195140 2519.1
1195150 2510.3
1195160 2504.4
1195170 2504.4
1195180 2496.8
1195190 2490.7
1195200 2490.7
1195210 2482.9
1195220 2481.2
1195230 2483.5
1195240 2483.5
1195250 2484.2
1195260 2479.3
1195270 2479.3
1195280 2476.6
1195290 2476.3
1195300 2476.3
1195310 2468.0
1195320 2476.8
1195330 2476.8
1195340 2485.1
1195350 2493.1
1195360 2493.1
1195370 2494.0
1195380 2486.8
1195390 2486.8
1195400 2477.0
1195410 2476.2
1195420 2476.2
1195430 2477.7
1195440 2471.9
1195450 2466.6
1195460 2466.6
1195470 2462.7
1195480 2463.1
1195490 2463.1
1195500 2463.1
1195510 2461.3
1195520 2461.3
1195530 2460.4
1195540 2460.4
1195550 2460.4
1195560 2460.3
1195570 2458.6
1195580 2458.6
1195590 2458.8
1195600 2458.3
1195610 2458.3
1195620 2456.0
1195630 2452.1
1195640 2452.1
1195650 2453.0
1195660 2457.0
1195670 2460.2
1195680 2460.2
1195690 2462.1
1195700 2463.7
1195710 2463.7
1195720 2464.4
1195730 2465.3
1195740 2465.3
1195750 2466.5
1195760 2472.3
1195770 2472.3
1195780 2473.0
1195790 2474.1
1195800 2474.1
1195810 2476.7
1195820 2480.3
1195830 2480.3
1195840 2483.1
1195850 2486.1
1195860 2486.1
1195870 2490.1
1195880 2494.6
1195890 2498.4
1195900 2498.4
1195910 2501.5
1195920 2503.8
1195930 2503.8
1195940 2505.2
1195950 2507.1
1195960 2507.1
1195970 2523.2
1195980 2538.8
1195990 2538.8
1196000 2547.5
1196010 2551.4
1196020 2551.4
1196030 2569.8
1196040 2594.6
1196050 2594.6
1196060 2613.2
1196070 2626.0
1196080 2626.0
1196090 2634.0
1196100 2636.9
1196110 2636.9
1196120 2630.0
1196130 2620.6
1196140 2614.3
1196150 2614.3
1196160 2610.5
1196170 2609.2
1196180 2609.2
1196190 2608.5
1196200 2605.3
1196210 2605.3
1196220 2610.4
1196230 2612.9
1196240 2612.9
1196250 2613.6
1196260 2614.1
1196270 2614.1
1196280 2613.9
1196290 2614.1
1196300 2614.1
1196310 2614.2
1196320 2614.5
1196330 2614.5
1196340 2615.2
1196350 2616.2
1196360 2617.7
1196370 2617.7
1196380 2622.0
1196390 2628.0
1196400 2628.0
1196410 2632.7
1196420 2636.9
1196430 2636.9
1196440 2642.9
1196450 2650.9
1196460 2650.9
1196470 2655.5
1196480 2653.3
1196490 2653.3
1196500 2649.4
1196510 2643.5
1196520 2643.5
1196530 2641.5
1196540 2633.8
1196550 2633.8
1196560 2624.6
1196570 2606.5
1196580 2590.2
1196590 2590.2
1196600 2580.5
1196610 2569.6
1196620 2569.6
1196630 2553.1
1196640 2540.2
1196650 2540.2
1196660 2527.4
1196670 2520.4
1196680 2520.4
1196690 2512.0
1196700 2503.2
1196710 2503.2
1196720 2490.5
1196730 2478.8
1196740 2478.8
1196750 2474.9
1196760 2471.0
1196770 2471.0
1196780 2467.3
1196790 2464.5
1196800 2462.1
1196810 2462.1
1196820 2459.4
1196830 2461.0
1196840 2461.0
1196850 2462.8
1196860 2463.6
1196870 2463.6
1196880 2466.4
1196890 2466.8
1196900 2466.8
1196910 2466.2
1196920 2465.0
1196930 2465.0
1196940 2463.0
1196950 2464.1
1196960 2464.1
1196970 2469.9
1196980 2472.4
1196990 2472.4
1197000 2473.5
1197010 2474.4
1197020 2476.0
1197030 2476.0
1197040 2478.1
1197050 2479.8
1197060 2479.8
1197070 2479.9
1197080 2487.0
1197090 2487.0
1197100 2488.6
1197110 2489.3
1197120 2489.3
1197130 2488.8
1197140 2488.7
1197150 2488.7
1197160 2490.1
1197170 2492.7
1197180 2492.7
1197190 2495.3
1197200 2498.1
1197210 2498.1
1197220 2500.5
1197230 2503.9
1197240 2503.9
1197250 2509.7
1197260 2516.5
1197270 2523.7
1197280 2523.7
1197290 2531.5
1197300 2541.0
1197310 2541.0
1197320 2549.5
1197330 2557.4
1197340 2557.4
1197350 2566.4
1197360 2576.5
1197370 2576.5
1197380 2585.3
1197390 2592.7
1197400 2592.7
1197410 2601.5
1197420 2615.5
1197430 2615.5
1197440 2627.3
1197450 2636.5
1197460 2636.5
1197470 2637.9
1197480 2643.5
1197490 2651.5
1197500 2651.5
1197510 2660.5
1197520 2663.6
1197530 2674.8
1197540 2682.0
1197550 2685.0
1197560 2685.0
1197570 2687.3
1197580 2689.0
1197590 2689.0
1197600 2689.2
1197610 2686.0
1197620 2686.0
1197630 2682.4
1197640 2679.3
1197650 2679.3
1197660 2679.1
1197670 2682.2
1197680 2682.2
1197690 2687.4
1197700 2694.8
1197710 2706.4
1197720 2706.4
1197730 2712.8
1197740 2716.6
1197750 2716.6
1197760 2717.3
1197770 2711.3
1197780 2711.3
1197790 2704.8
1197800 2698.9
1197810 2698.9
1197820 2694.0
1197830 2689.2
1197840 2689.2
1197850 2686.2
1197860 2683.9
1197870 2683.9
1197880 2683.8
1197890 2684.3
1197900 2684.3
1197910 2683.1
1197920 2680.8
1197930 2677.4
1197940 2677.4
1197950 2674.3
1197960 2671.2
1197970 2671.8
1197980 2666.9
1197990 2660.9
1198000 2660.9
1198010 2656.2
1198020 2651.1
1198030 2651.1
1198040 2645.4
1198050 2637.2
1198060 2637.2
1198070 2631.6
1198080 2630.6
1198090 2630.6
1198100 2629.8
1198110 2628.2
1198120 2628.2
1198130 2625.5
1198140 2622.7
1198150 2622.7
1198160 2620.6
1198170 2619.0
1198180 2615.5
1198190 2615.5
1198200 2611.0
1198210 2607.5
1198220 2607.5
1198230 2603.6
1198240 2600.1
1198250 2600.1
1198260 2596.9
1198270 2593.6
1198280 2593.6
1198290 2588.9
1198300 2583.1
1198310 2583.1
1198320 2578.4
1198330 2574.3
1198340 2574.3
1198350 2571.8
1198360 2570.1
1198370 2570.1
1198380 2567.4
1198390 2564.4
1198400 2562.2
1198410 2565.5
1198420 2562.9
1198430 2562.7
1198440 2562.7
1198450 2560.1
1198460 2556.5
1198470 2556.5
1198480 2552.6
1198490 2551.4
1198500 2551.4
1198510 2553.2
1198520 2552.9
1198530 2552.9
1198540 2548.4
1198550 2539.8
1198560 2539.8
1198570 2533.3
1198580 2528.7
1198590 2528.7
1198600 2525.4
1198610 2519.6
1198620 2508.1
1198630 2508.1
1198640 2496.0
1198650 2487.0
1198660 2487.0
1198670 2480.1
1198680 2474.4
1198690 2474.4
1198700 2470.7
1198710 2468.4
1198720 2468.4
1198730 2465.3
1198740 2461.7
1198750 2461.7
1198760 2459.7
1198770 2457.5
1198780 2457.5
1198790 2451.4
1198800 2450.0
1198810 2450.0
1198820 2444.2
1198830 2433.9
1198840 2432.9
1198850 2433.4
1198860 2430.3
1198870 2423.6
1198880 2423.6
1198890 2416.3
1198900 2410.4
1198910 2410.4
1198920 2401.5
1198930 2390.7
1198940 2390.7
1198950 2381.9
1198960 2372.4
1198970 2372.4
1198980 2366.2
1198990 2365.2
1199000 2365.2
1199010 2366.2
1199020 2366.9
1199030 2366.9
1199040 2368.3
1199050 2371.7
1199060 2371.7
1199070 2376.4
1199080 2381.5
1199090 2386.3
1199100 2386.3
1199110 2391.4
1199120 2397.3
1199130 2397.3
1199140 2403.3
1199150 2409.3
1199160 2409.3
1199170 2415.3
1199180 2421.0
1199190 2421.0
1199200 2426.8
1199210 2432.3
1199220 2432.3
1199230 2439.3
1199240 2488.9
1199250 2488.9
1199260 2532.6
1199270 2545.8
1199280 2545.8
1199290 2552.7
1199300 2557.7
1199310 2561.2
1199320 2561.2
1199330 2570.8
1199340 2581.1
1199350 2581.1
1199360 2592.1
1199370 2601.3
1199380 2601.3
1199390 2602.9
1199400 2597.0
1199410 2597.0
1199420 2590.1
1199430 2583.1
1199440 2583.1
1199450 2576.5
1199460 2570.0
1199470 2570.0
1199480 2563.4
1199490 2556.2
1199500 2556.2
1199510 2550.7
1199520 2543.8
1199530 2536.6
1199540 2536.6
1199550 2529.5
1199560 2521.6
1199570 2521.6
1199580 2515.7
1199590 2510.8
1199600 2510.8
1199610 2507.2
1199620 2501.6
1199630 2501.6
1199640 2495.4
1199650 2493.6
1199660 2493.6
1199670 2491.7
1199680 2489.2
1199690 2489.2
1199700 2484.5
1199710 2475.9
1199720 2475.9
1199730 2463.3
1199740 2436.0
1199750 2428.6
1199760 2428.6
1199770 2421.8
1199780 2415.0
1199790 2415.0
1199800 2409.3
1199810 2404.3
1199820 2404.3
1199830 2399.1
1199840 2394.6
1199850 2394.6
1199860 2391.1
1199870 2388.9
1199880 2388.9
1199890 2383.3
1199900 2375.2
1199910 2375.2
1199920 2361.5
1199930 2354.4
1199940 2354.4
1199950 2349.8
1199960 2346.0
1199970 2343.0
1199980 2343.0
1199990 2338.6
