1180000 1622.8
1180010 1620.7
1180020 1620.7
1180030 1617.9
1180040 1614.8
1180050 1614.8
1180060 1611.7
1180070 1609.5
1180080 1609.5
1180090 1607.8
1180100 1605.6
1180110 1605.6
1180120 1603.0
1180130 1601.1
1180140 1599.6
1180150 1599.6
1180160 1597.9
1180170 1594.9
1180180 1594.9
1180190 1592.1
1180200 1589.9
1180210 1589.9
1180220 1587.0
1180230 1583.9
1180240 1583.9
1180250 1580.0
1180260 1575.3
1180270 1575.3
1180280 1571.6
1180290 1568.0
1180300 1568.0
1180310 1563.8
1180320 1560.0
1180330 1560.0
1180340 1554.6
1180350 1550.3
1180360 1550.3
1180370 1545.8
1180380 1541.9
1180390 1537.8
1180400 1537.8
1180410 1533.6
1180420 1528.5
1180430 1528.5
1180440 1523.9
1180450 1520.3
1180460 1520.3
1180470 1515.0
1180480 1510.4
1180490 1510.4
1180500 1506.4
1180510 1502.0
1180520 1502.0
1180530 1499.2
1180540 1496.1
1180550 1496.1
1180560 1494.9
1180570 1495.5
1180580 1495.5
1180590 1495.2
1180600 1491.5
1180610 1487.0
1180620 1487.0
1180630 1480.8
1180640 1473.3
1180650 1473.3
1180660 1467.7
1180670 1462.8
1180680 1462.8
1180690 1456.2
1180700 1448.6
1180710 1448.6
1180720 1440.8
1180730 1433.6
1180740 1435.7
1180750 1430.7
1180760 1431.1
1180770 1431.1
1180780 1428.1
1180790 1422.0
1180800 1422.0
1180810 1415.7
1180820 1407.6
1180830 1399.0
1180840 1399.0
1180850 1399.4
1180860 1399.0
1180870 1399.0
1180880 1399.7
1180890 1403.8
1180900 1403.8
1180910 1410.5
1180920 1415.7
1180930 1415.7
1180940 1420.9
1180950 1426.0
1180960 1426.0
1180970 1431.2
1180980 1436.3
1180990 1436.3
1181000 1440.8
1181010 1444.7
1181020 1444.7
1181030 1448.6
1181040 1452.1
1181050 1456.3
1181060 1456.3
1181070 1461.3
1181080 1466.1
1181090 1466.1
1181100 1469.9
1181110 1474.5
1181120 1474.5
1181130 1479.3
1181140 1484.5
1181150 1484.5
1181160 1491.8
1181170 1494.0
1181180 1494.0
1181190 1494.8
1181200 1495.0
1181210 1495.0
1181220 1495.3
1181230 1495.5
1181240 1495.5
1181250 1495.6
1181260 1495.6
1181270 1495.6
1181280 1494.7
1181290 1493.3
1181300 1492.7
1181310 1492.7
1181320 1492.0
1181330 1490.9
1181340 1490.9
1181350 1489.7
1181360 1489.3
1181370 1489.3
1181380 1489.3
1181390 1488.5
1181400 1488.5
1181410 1487.5
1181420 1486.5
1181430 1486.5
1181440 1485.3
1181450 1484.6
1181460 1484.6
1181470 1483.9
1181480 1483.2
1181490 1483.2
1181500 1482.9
1181510 1483.3
1181520 1485.0
1181530 1485.0
1181540 1488.4
1181550 1494.4
1181560 1494.4
1181570 1502.1
1181580 1514.2
1181590 1514.2
1181600 1522.8
1181610 1531.8
1181620 1531.8
1181630 1538.5
1181640 1543.1
1181650 1543.1
1181660 1547.4
1181670 1551.1
1181680 1551.1
1181690 1554.5
1181700 1557.2
1181710 1557.2
1181720 1559.5
1181730 1562.6
1181740 1566.2
1181750 1566.2
1181760 1569.7
1181770 1573.3
1181780 1573.3
1181790 1576.8
1181800 1580.3
1181810 1580.3
1181820 1583.1
1181830 1586.2
1181840 1586.2
1181850 1589.5
1181860 1592.5
1181870 1592.5
1181880 1595.6
1181890 1598.4
1181900 1598.4
1181910 1601.5
1181920 1604.8
1181930 1604.8
1181940 1607.1
1181950 1609.5
1181960 1609.5
1181970 1611.6
1181980 1613.1
1181990 1612.0
1182000 1615.8
1182010 1604.0
1182020 1593.0
1182030 1593.0
1182040 1582.4
1182050 1573.8
1182060 1573.8
1182070 1567.2
1182080 1561.5
1182090 1561.5
1182100 1555.7
1182110 1550.3
1182120 1550.3
1182130 1545.8
1182140 1540.4
1182150 1540.4
1182160 1538.1
1182170 1538.5
1182180 1538.5
1182190 1536.0
1182200 1531.9
1182210 1528.9
1182220 1528.9
1182230 1526.9
1182240 1525.8
1182250 1525.8
1182260 1526.0
1182270 1526.6
1182280 1526.6
1182290 1527.1
1182300 1526.4
1182310 1526.4
1182320 1524.0
1182330 1520.9
1182340 1520.9
1182350 1517.2
1182360 1513.8
1182370 1513.8
1182380 1511.7
1182390 1511.3
1182400 1511.3
1182410 1511.2
1182420 1517.1
1182430 1517.3
1182440 1517.3
1182450 1517.0
1182460 1515.6
1182470 1515.6
1182480 1513.3
1182490 1510.6
1182500 1510.6
1182510 1508.4
1182520 1506.3
1182530 1506.3
1182540 1504.3
1182550 1502.1
1182560 1502.1
1182570 1500.2
1182580 1500.1
1182590 1500.1
1182600 1502.1
1182610 1505.3
1182620 1505.3
1182630 1508.3
1182640 1508.9
1182650 1508.0
1182660 1508.0
1182670 1507.2
1182680 1506.6
1182690 1506.6
1182700 1506.4
1182710 1505.7
1182720 1505.7
1182730 1505.2
1182740 1505.2
1182750 1505.2
1182760 1505.0
1182770 1505.1
1182780 1505.1
1182790 1505.5
1182800 1507.6
1182810 1507.6
1182820 1510.0
1182830 1511.6
1182840 1514.1
1182850 1515.1
1182860 1515.4
1182870 1515.4
1182880 1514.3
1182890 1512.8
1182900 1512.2
1182910 1512.2
1182920 1513.8
1182930 1515.6
1182940 1515.6
1182950 1517.2
1182960 1517.9
1182970 1517.9
1182980 1519.4
1182990 1522.4
1183000 1522.4
1183010 1525.0
1183020 1526.8
1183030 1526.8
1183040 1529.5
1183050 1533.1
1183060 1533.1
1183070 1535.6
1183080 1537.5
1183090 1537.5
1183100 1538.9
1183110 1539.2
1183120 1539.8
1183130 1539.8
1183140 1541.1
1183150 1541.8
1183160 1541.8
1183170 1542.0
1183180 1541.8
1183190 1541.8
1183200 1541.6
1183210 1542.3
1183220 1542.3
1183230 1543.1
1183240 1542.7
1183250 1542.7
1183260 1545.6
1183270 1544.7
1183280 1544.7
1183290 1542.5
1183300 1539.8
1183310 1539.8
1183320 1536.7
1183330 1533.4
1183340 1529.8
1183350 1529.8
1183360 1526.4
1183370 1523.3
1183380 1523.3
1183390 1519.9
1183400 1516.4
1183410 1516.4
1183420 1515.1
1183430 1515.1
1183440 1515.1
1183450 1514.4
1183460 1514.3
1183470 1514.3
1183480 1515.8
1183490 1517.4
1183500 1517.4
1183510 1520.5
1183520 1526.5
1183530 1526.5
1183540 1531.9
1183550 1536.3
1183560 1541.2
1183570 1541.2
1183580 1544.8
1183590 1544.9
1183600 1544.9
1183610 1546.9
1183620 1550.7
1183630 1550.7
1183640 1554.5
1183650 1557.2
1183660 1557.2
1183670 1558.8
1183680 1566.6
1183690 1566.6
1183700 1568.6
1183710 1570.2
1183720 1570.2
1183730 1571.4
1183740 1572.8
1183750 1572.8
1183760 1574.4
1183770 1576.5
1183780 1576.5
1183790 1577.7
1183800 1578.0
1183810 1577.9
1183820 1577.9
1183830 1578.3
1183840 1578.6
1183850 1578.6
1183860 1578.5
1183870 1578.1
1183880 1578.1
1183890 1578.4
1183900 1579.4
1183910 1579.4
1183920 1580.1
1183930 1580.5
1183940 1580.5
1183950 1580.4
1183960 1580.8
1183970 1580.8
1183980 1581.3
1183990 1582.1
1184000 1582.1
1184010 1582.6
1184020 1582.0
1184030 1581.5
1184040 1581.5
1184050 1580.8
1184060 1580.4
1184070 1580.4
1184080 1579.8
1184090 1578.4
1184100 1584.0
1184110 1581.8
1184120 1579.4
1184130 1579.4
1184140 1577.9
1184150 1576.8
1184160 1576.8
1184170 1575.2
1184180 1574.1
1184190 1574.1
1184200 1573.4
1184210 1572.3
1184220 1572.3
1184230 1572.5
1184240 1572.6
1184250 1572.1
1184260 1572.1
1184270 1571.6
1184280 1570.8
1184290 1570.8
1184300 1570.0
1184310 1568.8
1184320 1568.8
1184330 1567.0
1184340 1565.4
1184350 1565.4
1184360 1564.3
1184370 1563.6
1184380 1563.6
1184390 1562.8
1184400 1562.0
1184410 1562.0
1184420 1561.2
1184430 1560.3
1184440 1560.3
1184450 1559.5
1184460 1558.5
1184470 1557.4
1184480 1557.4
1184490 1556.6
1184500 1556.2
1184510 1556.2
1184520 1556.5
1184530 1555.7
1184540 1555.7
1184550 1554.7
1184560 1553.6
1184570 1553.6
1184580 1552.4
1184590 1551.2
1184600 1551.2
1184610 1549.9
1184620 1549.1
1184630 1549.1
1184640 1547.5
1184650 1545.1
1184660 1545.1
1184670 1543.3
1184680 1541.4
1184690 1541.4
1184700 1538.9
1184710 1536.6
1184720 1535.1
1184730 1535.1
1184740 1533.9
1184750 1531.9
1184760 1531.9
1184770 1529.9
1184780 1528.1
1184790 1528.1
1184800 1526.3
1184810 1523.2
1184820 1523.2
1184830 1520.4
1184840 1518.4
1184850 1518.4
1184860 1518.0
1184870 1516.4
1184880 1516.4
1184890 1514.2
1184900 1512.0
1184910 1512.0
1184920 1509.9
1184930 1507.6
1184940 1504.7
1184950 1505.3
1184960 1502.5
1184970 1500.0
1184980 1500.0
1184990 1496.9
1185000 1493.1
1185010 1493.1
1185020 1489.5
1185030 1486.7
1185040 1486.7
1185050 1484.3
1185060 1482.2
1185070 1482.2
1185080 1479.2
1185090 1476.3
1185100 1476.3
1185110 1473.2
1185120 1469.3
1185130 1469.3
1185140 1466.5
1185150 1463.7
1185160 1460.8
1185170 1460.8
1185180 1458.7
1185190 1457.4
1185200 1457.4
1185210 1455.8
1185220 1453.9
1185230 1453.9
1185240 1452.0
1185250 1449.4
1185260 1449.4
1185270 1445.5
1185280 1443.0
1185290 1443.0
1185300 1440.8
1185310 1438.8
1185320 1438.8
1185330 1437.3
1185340 1435.6
1185350 1435.6
1185360 1433.7
1185370 1431.5
1185380 1430.6
1185390 1430.6
1185400 1430.0
1185410 1429.2
1185420 1429.2
1185430 1427.7
1185440 1425.8
1185450 1425.8
1185460 1423.8
1185470 1421.9
1185480 1421.9
1185490 1420.4
1185500 1418.5
1185510 1418.5
1185520 1416.6
1185530 1412.5
1185540 1412.5
1185550 1407.9
1185560 1405.3
1185570 1405.3
1185580 1402.6
1185590 1398.8
1185600 1398.8
1185610 1395.4
1185620 1392.3
1185630 1388.3
1185640 1388.3
1185650 1384.0
1185660 1380.5
1185670 1380.5
1185680 1377.5
1185690 1375.2
1185700 1375.2
1185710 1373.3
1185720 1371.3
1185730 1371.3
1185740 1369.2
1185750 1367.5
1185760 1367.5
1185770 1365.8
1185780 1363.4
1185790 1363.4
1185800 1363.0
1185810 1360.5
1185820 1360.5
1185830 1357.0
1185840 1351.9
1185850 1344.8
1185860 1344.8
1185870 1338.0
1185880 1328.6
1185890 1328.6
1185900 1319.1
1185910 1312.2
1185920 1312.2
1185930 1305.6
1185940 1299.3
1185950 1299.3
1185960 1293.0
1185970 1286.8
1185980 1286.8
1185990 1281.7
1186000 1277.2
1186010 1277.2
1186020 1271.0
1186030 1263.9
1186040 1263.9
1186050 1257.1
1186060 1251.0
1186070 1245.6
1186080 1245.6
1186090 1240.4
1186100 1236.0
1186110 1236.0
1186120 1233.0
1186130 1230.1
1186140 1230.1
1186150 1227.2
1186160 1222.3
1186170 1222.3
1186180 1217.5
1186190 1214.2
1186200 1214.2
1186210 1212.0
1186220 1214.6
1186230 1214.6
1186240 1212.2
1186250 1208.4
1186260 1208.4
1186270 1202.5
1186280 1195.7
1186290 1188.7
1186300 1188.7
1186310 1170.2
1186320 1155.3
1186330 1155.3
1186340 1147.6
1186350 1140.7
1186360 1140.7
1186370 1128.5
1186380 1113.3
1186390 1113.3
1186400 1094.4
1186410 1074.2
1186420 1074.2
1186430 1052.5
1186440 1039.6
1186450 1039.6
1186460 1033.4
1186470 1027.3
1186480 1027.3
1186490 1021.0
1186500 1015.6
1186510 1015.6
1186520 1009.1
1186530 1001.0
1186540 994.1
1186550 994.1
1186560 986.4
1186570 979.1
1186580 979.1
1186590 972.7
1186600 966.2
1186610 966.2
1186620 959.0
1186630 950.7
1186640 950.7
1186650 944.9
1186660 937.5
1186670 937.5
1186680 929.9
1186690 922.9
1186700 922.9
1186710 916.1
1186720 908.9
1186730 908.9
1186740 903.8
1186750 900.0
1186760 896.1
1186770 896.1
1186780 891.5
1186790 883.8
1186800 883.8
1186810 874.7
1186820 867.4
1186830 867.4
1186840 861.5
1186850 858.1
1186860 858.1
1186870 856.2
1186880 856.1
1186890 856.1
1186900 856.1
1186910 856.2
1186920 856.2
1186930 856.3
1186940 856.5
1186950 856.5
1186960 856.7
1186970 856.5
1186980 856.9
1186990 856.9
1187000 857.9
1187010 858.3
1187020 858.3
1187030 858.6
1187040 858.3
1187050 858.3
1187060 857.2
1187070 857.7
1187080 857.7
1187090 858.5
1187100 858.4
1187110 858.4
1187120 858.3
1187130 858.0
1187140 858.0
1187150 858.0
1187160 857.9
1187170 857.9
1187180 857.7
1187190 858.7
1187200 860.3
1187210 860.3
1187220 862.7
1187230 870.3
1187240 870.3
1187250 878.1
1187260 885.8
1187270 885.8
1187280 893.6
1187290 901.7
1187300 901.7
1187310 909.6
1187320 916.8
1187330 916.8
1187340 924.2
1187350 931.0
1187360 931.0
1187370 936.6
1187380 942.5
1187390 942.5
1187400 949.9
1187410 958.2
1187420 958.2
1187430 967.0
1187440 974.7
1187450 980.2
1187460 980.2
1187470 985.8
1187480 991.3
1187490 991.3
1187500 999.6
1187510 1005.0
1187520 1005.0
1187530 1011.0
1187540 1016.5
1187550 1016.5
1187560 1019.3
1187570 1019.8
1187580 1019.8
1187590 1018.7
1187600 1015.2
1187610 1015.2
1187620 1014.1
1187630 1017.0
1187640 1017.0
1187650 1020.7
1187660 1023.1
1187670 1027.6
1187680 1027.6
1187690 1032.2
1187700 1037.3
1187710 1037.3
1187720 1042.1
1187730 1046.8
1187740 1046.8
1187750 1050.6
1187760 1054.2
1187770 1054.2
1187780 1057.8
1187790 1060.3
1187800 1060.3
1187810 1062.5
1187820 1064.5
1187830 1064.5
1187840 1067.0
1187850 1068.5
1187860 1068.5
1187870 1070.0
1187880 1072.0
1187890 1074.7
1187900 1074.7
1187910 1076.9
1187920 1078.2
1187930 1075.6
1187940 1076.4
1187950 1077.0
1187960 1077.0
1187970 1078.3
1187980 1080.1
1187990 1080.1
1188000 1080.5
1188010 1082.9
1188020 1082.9
1188030 1086.7
1188040 1089.9
1188050 1089.9
1188060 1093.1
1188070 1097.4
1188080 1097.4
1188090 1103.3
1188100 1109.7
1188110 1116.1
1188120 1116.1
1188130 1122.4
1188140 1128.3
1188150 1128.3
1188160 1133.4
1188170 1138.1
1188180 1138.1
1188190 1141.2
1188200 1143.6
1188210 1143.6
1188220 1146.2
1188230 1149.7
1188240 1149.7
1188250 1153.6
1188260 1155.8
1188270 1155.8
1188280 1157.9
1188290 1162.5
1188300 1162.5
1188310 1168.5
1188320 1173.9
1188330 1173.9
1188340 1180.0
1188350 1187.5
1188360 1197.3
1188370 1197.3
1188380 1205.3
1188390 1213.3
1188400 1213.3
1188410 1218.9
1188420 1224.4
1188430 1224.4
1188440 1230.5
1188450 1237.0
1188460 1237.0
1188470 1243.0
1188480 1247.4
1188490 1247.4
1188500 1251.8
1188510 1256.8
1188520 1256.8
1188530 1262.6
1188540 1268.0
1188550 1268.0
1188560 1273.7
1188570 1280.1
1188580 1286.0
1188590 1286.0
1188600 1292.2
1188610 1300.3
1188620 1300.3
1188630 1305.3
1188640 1309.7
1188650 1309.7
1188660 1314.4
1188670 1329.3
1188680 1329.3
1188690 1353.5
1188700 1367.0
1188710 1367.0
1188720 1369.1
1188730 1367.5
1188740 1367.5
1188750 1359.9
1188760 1351.5
1188770 1351.5
1188780 1362.4
1188790 1363.3
1188800 1363.5
1188810 1363.5
1188820 1364.0
1188830 1365.6
1188840 1365.6
1188850 1367.2
1188860 1366.9
1188870 1366.9
1188880 1365.8
1188890 1364.5
1188900 1364.5
1188910 1363.5
1188920 1363.7
1188930 1363.7
1188940 1365.2
1188950 1368.8
1188960 1368.8
1188970 1374.2
1188980 1379.4
1188990 1379.4
1189000 1384.7
1189010 1390.8
1189020 1397.4
1189030 1397.4
1189040 1403.6
1189050 1410.1
1189060 1410.1
1189070 1417.0
1189080 1423.2
1189090 1423.2
1189100 1429.0
1189110 1434.0
1189120 1434.0
1189130 1439.0
1189140 1445.5
1189150 1445.5
1189160 1452.0
1189170 1458.3
1189180 1458.3
1189190 1464.2
1189200 1469.0
1189210 1469.7
1189220 1473.9
1189230 1478.5
1189240 1478.5
1189250 1483.8
1189260 1489.2
1189270 1495.2
1189280 1495.2
1189290 1501.3
1189300 1507.7
1189310 1507.7
1189320 1513.3
1189330 1520.6
1189340 1520.6
1189350 1526.0
1189360 1528.6
1189370 1528.6
1189380 1535.3
1189390 1541.7
1189400 1541.7
1189410 1546.8
1189420 1551.2
1189430 1551.2
1189440 1554.7
1189450 1561.1
1189460 1561.1
1189470 1567.1
1189480 1573.4
1189490 1581.6
1189500 1581.6
1189510 1591.6
1189520 1601.6
1189530 1601.6
1189540 1610.4
1189550 1618.6
1189560 1618.6
1189570 1627.0
1189580 1634.9
1189590 1634.9
1189600 1641.7
1189610 1649.2
1189620 1649.2
1189630 1656.7
1189640 1669.7
1189650 1669.7
1189660 1679.7
1189670 1687.6
1189680 1687.6
1189690 1692.0
1189700 1697.9
1189710 1706.0
1189720 1706.0
1189730 1715.5
1189740 1722.6
1189750 1722.6
1189760 1730.8
1189770 1737.3
1189780 1737.3
1189790 1741.1
1189800 1746.0
1189810 1746.0
1189820 1746.5
1189830 1746.1
1189840 1746.1
1189850 1748.7
1189860 1754.2
1189870 1754.2
1189880 1761.9
1189890 1774.2
1189900 1774.2
1189910 1790.5
1189920 1797.5
1189930 1802.4
1189940 1802.4
1189950 1804.6
1189960 1806.8
1189970 1806.8
1189980 1811.5
1189990 1813.8
1190000 1813.8
1190010 1814.9
1190020 1818.2
1190030 1818.2
1190040 1822.2
1190050 1825.5
1190060 1825.5
1190070 1831.7
1190080 1832.9
1190090 1832.9
1190100 1837.5
1190110 1841.8
1190120 1841.8
1190130 1841.7
1190140 1837.0
1190150 1837.0
1190160 1829.5
1190170 1823.0
1190180 1818.5
1190190 1818.5
1190200 1817.2
1190210 1815.6
1190220 1815.6
1190230 1811.9
1190240 1807.4
1190250 1807.4
1190260 1804.8
1190270 1801.4
1190280 1801.4
1190290 1799.8
1190300 1798.2
1190310 1798.2
1190320 1796.5
1190330 1793.3
1190340 1793.3
1190350 1790.0
1190360 1789.5
1190370 1789.5
1190380 1790.9
1190390 1792.4
1190400 1796.6
1190410 1796.6
1190420 1797.7
1190430 1797.9
1190440 1797.9
1190450 1798.1
1190460 1796.4
1190470 1796.4
1190480 1793.0
1190490 1792.7
1190500 1792.7
1190510 1795.3
1190520 1796.6
1190530 1796.6
1190540 1799.2
1190550 1801.1
1190560 1801.1
1190570 1804.1
1190580 1807.6
1190590 1807.6
1190600 1810.2
1190610 1811.6
1190620 1812.8
1190630 1812.8
1190640 1815.3
1190650 1818.3
1190660 1818.3
1190670 1820.5
1190680 1821.6
1190690 1821.6
1190700 1822.9
1190710 1823.7
1190720 1823.7
1190730 1823.8
1190740 1824.2
1190750 1824.2
1190760 1825.3
1190770 1826.7
1190780 1826.7
1190790 1829.1
1190800 1830.8
1190810 1830.8
1190820 1831.2
1190830 1829.5
1190840 1829.1
1190850 1829.1
1190860 1829.4
1190870 1830.3
1190880 1830.3
1190890 1831.7
1190900 1834.5
1190910 1834.5
1190920 1838.3
1190930 1840.7
1190940 1839.5
1190950 1841.3
1190960 1843.2
1190970 1843.2
1190980 1845.9
1190990 1848.2
1191000 1848.2
1191010 1850.5
1191020 1852.8
1191030 1852.8
1191040 1854.0
1191050 1854.9
1191060 1854.9
1191070 1856.1
1191080 1857.0
1191090 1858.7
1191100 1858.7
1191110 1862.0
1191120 1866.6
1191130 1866.6
1191140 1870.5
1191150 1873.0
1191160 1873.0
1191170 1874.5
1191180 1875.2
1191190 1875.2
1191200 1876.8
1191210 1881.3
1191220 1881.3
1191230 1886.5
1191240 1892.5
1191250 1892.5
1191260 1897.6
1191270 1899.4
1191280 1899.4
1191290 1901.2
1191300 1903.4
1191310 1904.9
1191320 1904.9
1191330 1906.6
1191340 1907.9
1191350 1907.9
1191360 1909.6
1191370 1906.1
1191380 1906.1
1191390 1906.4
1191400 1906.0
1191410 1906.0
1191420 1905.5
1191430 1904.9
1191440 1904.9
1191450 1904.7
1191460 1904.8
1191470 1904.8
1191480 1905.6
1191490 1907.3
1191500 1907.3
1191510 1908.2
1191520 1908.8
1191530 1909.8
1191540 1909.8
1191550 1910.9
1191560 1912.9
1191570 1912.9
1191580 1915.1
1191590 1916.5
1191600 1916.5
1191610 1917.9
1191620 1919.5
1191630 1919.5
1191640 1921.1
1191650 1922.2
1191660 1922.2
1191670 1924.6
1191680 1929.2
1191690 1929.2
1191700 1937.0
1191710 1940.0
1191720 1940.0
1191730 1939.6
1191740 1938.8
1191750 1937.0
1191760 1937.0
1191770 1935.0
1191780 1933.3
1191790 1933.3
1191800 1927.0
1191810 1927.8
1191820 1927.8
1191830 1928.5
1191840 1928.5
1191850 1928.5
1191860 1927.3
1191870 1925.9
1191880 1925.9
1191890 1925.0
1191900 1923.0
1191910 1923.0
1191920 1920.5
1191930 1918.0
1191940 1918.0
1191950 1915.4
1191960 1912.5
1191970 1912.5
1191980 1910.2
1191990 1909.1
1192000 1908.3
1192010 1908.3
1192020 1906.9
1192030 1905.6
1192040 1905.6
1192050 1904.2
1192060 1902.4
1192070 1902.4
1192080 1901.1
1192090 1901.3
1192100 1901.3
1192110 1903.0
1192120 1905.0
1192130 1905.0
1192140 1906.3
1192150 1908.2
1192160 1908.2
1192170 1910.3
1192180 1912.4
1192190 1912.4
1192200 1915.1
1192210 1917.8
1192220 1920.7
1192230 1920.7
1192240 1919.0
1192250 1922.3
1192260 1922.3
1192270 1926.3
1192280 1930.0
1192290 1930.0
1192300 1933.9
1192310 1937.0
1192320 1937.0
1192330 1939.2
1192340 1941.1
1192350 1941.1
1192360 1944.1
1192370 1947.4
1192380 1947.4
1192390 1950.9
1192400 1954.5
1192410 1954.5
1192420 1958.7
1192430 1962.9
1192440 1967.1
1192450 1967.1
1192460 1971.8
1192470 1976.3
1192480 1976.3
1192490 1979.7
1192500 1982.8
1192510 1982.8
1192520 1985.9
1192530 1988.7
1192540 1988.7
1192550 1992.4
1192560 1995.0
1192570 1995.0
1192580 1997.9
1192590 2000.8
1192600 2000.8
1192610 2003.1
1192620 2005.9
1192630 2005.9
1192640 2008.6
1192650 2011.3
1192660 2013.1
1192670 2007.3
1192680 2008.4
1192690 2009.2
1192700 2009.2
1192710 2010.0
1192720 2010.9
1192730 2010.9
1192740 2010.3
1192750 2008.4
1192760 2008.4
1192770 2007.7
1192780 2007.0
1192790 2007.0
1192800 2005.5
1192810 2005.2
1192820 2005.2
1192830 2006.8
1192840 2009.5
1192850 2009.5
1192860 2014.4
1192870 2019.6
1192880 2019.6
1192890 2022.7
1192900 2023.9
1192910 2025.1
1192920 2025.1
1192930 2026.8
1192940 2028.3
1192950 2028.3
1192960 2029.3
1192970 2031.1
1192980 2031.1
1192990 2033.1
1193000 2035.9
1193010 2035.9
1193020 2039.5
1193030 2043.8
1193040 2043.8
1193050 2048.9
1193060 2054.5
1193070 2054.5
1193080 2060.7
1193090 2067.3
1193100 2067.3
1193110 2078.1
1193120 2083.2
1193130 2088.6
1193140 2088.6
1193150 2093.6
1193160 2098.3
1193170 2098.3
1193180 2103.3
1193190 2108.4
1193200 2108.4
1193210 2113.6
1193220 2118.9
1193230 2118.9
1193240 2124.1
1193250 2129.4
1193260 2129.4
1193270 2134.5
1193280 2140.0
1193290 2140.0
1193300 2146.2
1193310 2153.3
1193320 2153.3
1193330 2160.4
1193340 2167.2
1193350 2173.8
1193360 2173.8
1193370 2180.7
1193380 2186.9
1193390 2186.9
1193400 2192.5
1193410 2198.7
1193420 2198.7
1193430 2205.5
1193440 2212.0
1193450 2212.0
1193460 2218.1
1193470 2224.3
1193480 2224.3
1193490 2231.4
1193500 2238.7
1193510 2238.7
1193520 2246.0
1193530 2253.7
1193540 2252.6
1193550 2260.4
1193560 2267.9
1193570 2275.2
1193580 2275.2
1193590 2282.6
1193600 2290.2
1193610 2290.2
1193620 2297.4
1193630 2304.5
1193640 2304.5
1193650 2311.5
1193660 2318.4
1193670 2318.4
1193680 2324.7
1193690 2331.4
1193700 2331.4
1193710 2338.1
1193720 2344.7
1193730 2344.7
1193740 2350.9
1193750 2357.3
1193760 2357.3
1193770 2363.3
1193780 2368.4
1193790 2368.4
1193800 2373.5
1193810 2378.1
1193820 2382.1
1193830 2382.1
1193840 2385.4
1193850 2387.9
1193860 2387.9
1193870 2390.7
1193880 2393.9
1193890 2393.9
1193900 2397.6
1193910 2402.2
1193920 2402.2
1193930 2407.6
1193940 2412.4
1193950 2412.4
1193960 2416.5
1193970 2420.7
1193980 2417.2
1193990 2420.7
1194000 2424.3
1194010 2424.3
1194020 2427.3
1194030 2429.7
1194040 2433.4
1194050 2433.4
1194060 2439.2
1194070 2444.5
1194080 2444.5
1194090 2449.7
1194100 2455.1
1194110 2455.1
1194120 2459.0
1194130 2457.6
1194140 2457.6
1194150 2455.6
1194160 2455.0
1194170 2455.0
1194180 2453.6
1194190 2455.2
1194200 2455.2
1194210 2461.2
1194220 2468.4
1194230 2468.4
1194240 2475.1
1194250 2481.9
1194260 2488.3
1194270 2488.3
1194280 2493.9
1194290 2499.3
1194300 2499.3
1194310 2504.2
1194320 2508.5
1194330 2508.5
1194340 2511.7
1194350 2517.0
1194360 2517.0
1194370 2524.7
1194380 2531.9
1194390 2531.9
1194400 2539.7
1194410 2548.1
1194420 2548.8
1194430 2557.8
1194440 2565.9
1194450 2565.9
1194460 2574.3
1194470 2583.2
1194480 2591.4
1194490 2591.4
1194500 2598.5
1194510 2606.0
1194520 2606.0
1194530 2615.0
1194540 2624.2
1194550 2624.2
1194560 2632.7
1194570 2637.4
1194580 2637.4
1194590 2640.7
1194600 2645.6
1194610 2645.6
1194620 2649.4
1194630 2654.1
1194640 2654.1
1194650 2659.7
1194660 2664.9
1194670 2664.9
1194680 2663.4
1194690 2650.3
1194700 2650.3
1194710 2635.7
1194720 2626.0
1194730 2617.0
1194740 2617.0
1194750 2608.7
1194760 2600.3
1194770 2600.3
1194780 2591.1
1194790 2582.3
1194800 2582.3
1194810 2575.1
1194820 2568.3
1194830 2568.3
1194840 2562.1
1194850 2556.2
1194860 2556.2
1194870 2553.5
1194880 2551.7
1194890 2551.7
1194900 2549.8
1194910 2545.0
1194920 2545.0
1194930 2541.0
1194940 2538.5
1194950 2537.8
1194960 2537.8
1194970 2538.3
1194980 2539.7
1194990 2539.7
1195000 2536.6
1195010 2528.9
1195020 2528.9
1195030 2519.9
1195040 2507.2
1195050 2507.2
1195060 2495.6
1195070 2492.0
1195080 2492.0
1195090 2481.8
1195100 2466.9
1195110 2466.9
1195120 2454.9
1195130 2441.9
1195140 2441.9
1195150 2425.7
1195160 2409.0
1195170 2400.4
1195180 2400.4
1195190 2393.2
1195200 2385.9
1195210 2385.9
1195220 2378.5
1195230 2371.1
1195240 2371.1
1195250 2364.1
1195260 2357.5
1195270 2357.5
1195280 2351.5
1195290 2348.6
1195300 2348.6
1195310 2347.8
1195320 2348.3
1195330 2348.3
1195340 2347.9
1195350 2345.3
1195360 2345.3
1195370 2340.2
1195380 2334.5
1195390 2330.2
1195400 2330.2
1195410 2332.0
1195420 2337.1
1195430 2337.1
1195440 2343.0
1195450 2348.1
1195460 2348.1
1195470 2351.3
1195480 2353.2
1195490 2353.2
1195500 2354.0
1195510 2354.2
1195520 2354.2
1195530 2353.3
1195540 2351.4
1195550 2351.4
1195560 2349.2
1195570 2346.9
1195580 2346.9
1195590 2345.2
1195600 2344.2
1195610 2344.2
1195620 2341.7
1195630 2339.0
1195640 2339.5
1195650 2339.5
1195660 2338.7
1195670 2333.1
1195680 2333.1
1195690 2327.0
1195700 2324.1
1195710 2324.1
1195720 2323.3
1195730 2329.1
1195740 2329.1
1195750 2329.6
1195760 2330.6
1195770 2330.6
1195780 2332.5
1195790 2334.7
1195800 2334.7
1195810 2334.3
1195820 2332.3
1195830 2332.3
1195840 2331.4
1195850 2331.4
1195860 2331.9
1195870 2331.9
1195880 2333.6
1195890 2335.4
1195900 2335.4
1195910 2335.3
1195920 2334.5
1195930 2334.5
1195940 2334.8
1195950 2335.5
1195960 2335.5
1195970 2335.5
1195980 2334.9
1195990 2334.9
1196000 2334.8
1196010 2336.5
1196020 2336.5
1196030 2340.9
1196040 2346.6
1196050 2346.6
1196060 2352.1
1196070 2356.1
1196080 2357.9
1196090 2357.9
1196100 2357.8
1196110 2362.5
1196120 2362.5
1196130 2369.7
1196140 2381.6
1196150 2381.6
1196160 2396.5
1196170 2413.5
1196180 2413.5
1196190 2417.5
1196200 2419.5
1196210 2419.5
1196220 2416.1
1196230 2406.0
1196240 2406.0
1196250 2394.2
1196260 2388.5
1196270 2388.5
1196280 2396.7
1196290 2400.4
1196300 2390.1
1196310 2390.1
1196320 2377.7
1196330 2373.5
1196340 2373.5
1196350 2373.9
1196360 2361.6
1196370 2361.6
1196380 2351.3
1196390 2343.2
1196400 2343.2
1196410 2341.8
1196420 2350.0
1196430 2350.0
1196440 2350.4
1196450 2343.2
1196460 2343.2
1196470 2341.1
1196480 2339.9
1196490 2339.9
1196500 2338.2
1196510 2340.9
1196520 2340.9
1196530 2346.5
1196540 2340.5
1196550 2331.5
1196560 2331.5
1196570 2330.8
1196580 2331.5
1196590 2331.5
1196600 2333.9
1196610 2346.3
1196620 2346.3
1196630 2353.5
1196640 2361.5
1196650 2361.5
1196660 2360.5
1196670 2352.1
1196680 2352.1
1196690 2349.3
1196700 2351.0
1196710 2351.0
1196720 2355.9
1196730 2359.6
1196740 2359.6
1196750 2361.8
1196760 2364.9
1196770 2369.2
1196780 2369.2
1196790 2371.5
1196800 2373.8
1196810 2373.8
1196820 2376.8
1196830 2380.5
1196840 2380.5
1196850 2382.9
1196860 2383.1
1196870 2383.1
1196880 2383.0
1196890 2384.0
1196900 2384.0
1196910 2383.2
1196920 2381.4
1196930 2381.4
1196940 2382.4
1196950 2383.8
1196960 2383.8
1196970 2383.4
1196980 2383.8
1196990 2384.5
1197000 2384.5
1197010 2384.8
1197020 2385.1
1197030 2385.1
1197040 2383.3
1197050 2385.9
1197060 2385.9
1197070 2390.1
1197080 2413.0
1197090 2413.0
1197100 2429.6
1197110 2437.7
1197120 2437.7
1197130 2445.6
1197140 2451.1
1197150 2451.1
1197160 2461.0
1197170 2495.6
1197180 2495.6
1197190 2523.3
1197200 2545.9
1197210 2561.8
1197220 2561.8
1197230 2572.2
1197240 2564.6
1197250 2564.6
1197260 2552.4
1197270 2543.4
1197280 2543.4
1197290 2535.5
1197300 2527.0
1197310 2527.0
1197320 2516.9
1197330 2505.4
1197340 2505.4
1197350 2492.5
1197360 2479.4
1197370 2479.4
1197380 2470.9
1197390 2465.2
1197400 2465.2
1197410 2461.0
1197420 2462.5
1197430 2462.5
1197440 2466.7
1197450 2464.3
1197460 2458.5
1197470 2458.5
1197480 2452.9
1197490 2452.6
1197500 2452.6
1197510 2452.8
1197520 2452.3
1197530 2452.3
1197540 2453.3
1197550 2455.4
1197560 2455.4
1197570 2457.1
1197580 2454.7
1197590 2454.7
1197600 2454.2
1197610 2457.0
1197620 2457.0
1197630 2461.4
1197640 2466.8
1197650 2466.8
1197660 2473.2
1197670 2480.0
1197680 2486.7
1197690 2486.7
1197700 2492.9
1197710 2499.0
1197720 2499.0
1197730 2518.6
1197740 2543.7
1197750 2543.7
1197760 2546.1
1197770 2549.9
1197780 2549.9
1197790 2557.0
1197800 2568.5
1197810 2568.5
1197820 2582.2
1197830 2601.5
1197840 2601.5
1197850 2611.0
1197860 2616.6
1197870 2616.6
1197880 2623.4
1197890 2626.7
1197900 2627.8
1197910 2627.8
1197920 2631.0
1197930 2643.2
1197940 2643.2
1197950 2648.7
1197960 2647.9
1197970 2647.9
1197980 2640.2
1197990 2636.7
1198000 2636.7
1198010 2634.6
1198020 2631.8
1198030 2631.8
1198040 2630.0
1198050 2630.3
1198060 2630.3
1198070 2630.1
1198080 2631.2
1198090 2631.2
1198100 2632.3
1198110 2634.3
1198120 2636.5
1198130 2636.5
1198140 2639.8
1198150 2643.4
1198160 2643.4
1198170 2646.4
1198180 2649.5
1198190 2649.5
1198200 2652.6
1198210 2653.1
1198220 2653.1
1198230 2648.1
1198240 2640.8
1198250 2640.8
1198260 2632.8
1198270 2623.0
1198280 2623.0
1198290 2617.5
1198300 2622.3
1198310 2622.3
1198320 2629.1
1198330 2628.9
1198340 2628.9
1198350 2620.1
1198360 2602.0
1198370 2592.1
1198380 2585.7
1198390 2572.9
1198400 2562.8
1198410 2562.8
1198420 2566.9
1198430 2572.6
1198440 2572.6
1198450 2571.2
1198460 2561.3
1198470 2561.3
1198480 2545.4
1198490 2533.8
1198500 2533.8
1198510 2526.4
1198520 2516.8
1198530 2516.8
1198540 2507.7
1198550 2499.5
1198560 2499.5
1198570 2480.4
1198580 2467.0
1198590 2460.2
1198600 2460.2
1198610 2452.8
1198620 2445.3
1198630 2445.3
1198640 2435.9
1198650 2429.3
1198660 2429.3
1198670 2423.8
1198680 2418.8
1198690 2418.8
1198700 2413.9
1198710 2409.5
1198720 2409.5
1198730 2406.6
1198740 2405.5
1198750 2405.5
1198760 2404.4
1198770 2400.9
1198780 2400.9
1198790 2396.0
1198800 2391.4
1198810 2384.4
1198820 2382.8
1198830 2374.3
1198840 2369.5
1198850 2369.5
1198860 2367.1
1198870 2364.4
1198880 2364.4
1198890 2363.6
1198900 2363.8
1198910 2363.8
1198920 2364.1
1198930 2359.8
1198940 2359.8
1198950 2355.1
1198960 2349.1
1198970 2349.1
1198980 2342.6
1198990 2337.5
1199000 2337.5
1199010 2332.3
1199020 2326.4
1199030 2320.5
1199040 2320.5
1199050 2315.1
1199060 2307.1
1199070 2307.1
1199080 2301.0
1199090 2296.2
1199100 2296.2
1199110 2291.7
1199120 2287.0
1199130 2287.0
1199140 2283.1
1199150 2274.8
1199160 2274.8
1199170 2265.9
1199180 2260.8
1199190 2260.8
1199200 2256.0
1199210 2250.7
1199220 2250.7
1199230 2246.7
1199240 2245.4
1199250 2245.4
1199260 2249.6
1199270 2253.4
1199280 2258.5
1199290 2258.5
1199300 2264.5
1199310 2270.2
1199320 2270.2
1199330 2274.7
1199340 2278.0
1199350 2278.0
1199360 2280.6
1199370 2283.0
1199380 2283.0
1199390 2284.0
1199400 2283.6
1199410 2283.6
1199420 2283.6
1199430 2289.4
1199440 2289.4
1199450 2293.6
1199460 2291.9
1199470 2291.9
1199480 2295.1
1199490 2320.6
1199500 2406.7
1199510 2406.7
1199520 2422.4
1199530 2417.3
1199540 2417.3
1199550 2411.7
1199560 2406.0
1199570 2406.0
1199580 2399.8
1199590 2392.7
1199600 2392.7
1199610 2384.0
1199620 2375.5
1199630 2375.5
1199640 2367.3
1199650 2360.2
1199660 2360.2
1199670 2354.3
1199680 2349.1
1199690 2349.1
1199700 2343.5
1199710 2344.6
1199720 2340.7
1199730 2340.7
1199740 2336.9
1199750 2324.2
1199760 2324.2
1199770 2313.8
1199780 2308.1
1199790 2308.1
1199800 2302.3
1199810 2296.8
1199820 2296.8
1199830 2291.8
1199840 2287.9
1199850 2287.9
1199860 2283.1
1199870 2273.8
1199880 2273.8
1199890 2265.2
1199900 2261.7
1199910 2261.7
1199920 2256.7
1199930 2251.3
1199940 2248.2
1199950 2248.2
1199960 2244.0
1199970 2239.0
1199980 2239.0
1199990 2234.7
