1180000 1537.5
1180010 1539.1
1180020 1539.1
1180030 1541.6
1180040 1542.8
1180050 1542.8
1180060 1543.2
1180070 1543.0
1180080 1543.0
1180090 1542.8
1180100 1542.6
1180110 1546.3
1180120 1545.3
1180130 1544.3
1180140 1544.3
1180150 1541.2
1180160 1537.4
1180170 1537.4
1180180 1534.5
1180190 1531.4
1180200 1527.9
1180210 1527.9
1180220 1524.7
1180230 1521.9
1180240 1521.9
1180250 1518.7
1180260 1514.2
1180270 1514.2
1180280 1509.6
1180290 1505.2
1180300 1505.2
1180310 1501.7
1180320 1497.7
1180330 1497.7
1180340 1494.2
1180350 1490.6
1180360 1490.6
1180370 1486.1
1180380 1481.6
1180390 1481.6
1180400 1477.2
1180410 1472.8
1180420 1468.4
1180430 1468.4
1180440 1463.5
1180450 1460.9
1180460 1460.9
1180470 1455.2
1180480 1450.4
1180490 1450.4
1180500 1446.2
1180510 1442.1
1180520 1442.1
1180530 1441.1
1180540 1438.2
1180550 1438.2
1180560 1435.2
1180570 1431.7
1180580 1431.7
1180590 1426.8
1180600 1422.5
1180610 1422.5
1180620 1419.5
1180630 1415.6
1180640 1415.6
1180650 1411.0
1180660 1406.7
1180670 1403.3
1180680 1403.3
1180690 1399.1
1180700 1399.0
1180710 1399.0
1180720 1399.7
1180730 1394.9
1180740 1394.9
1180750 1388.5
1180760 1380.6
1180770 1380.6
1180780 1373.5
1180790 1364.9
1180800 1364.9
1180810 1355.2
1180820 1346.8
1180830 1346.8
1180840 1339.0
1180850 1330.6
1180860 1330.6
1180870 1321.1
1180880 1310.8
1180890 1302.9
1180900 1302.9
1180910 1298.8
1180920 1304.3
1180930 1304.3
1180940 1315.1
1180950 1320.0
1180960 1320.0
1180970 1323.1
1180980 1326.7
1180990 1326.7
1181000 1332.2
1181010 1336.5
1181020 1336.5
1181030 1340.5
1181040 1343.9
1181050 1343.9
1181060 1349.4
1181070 1354.6
1181080 1354.6
1181090 1359.4
1181100 1363.5
1181110 1366.6
1181120 1366.6
1181130 1369.8
1181140 1374.4
1181150 1374.4
1181160 1379.6
1181170 1383.7
1181180 1383.7
1181190 1386.3
1181200 1387.5
1181210 1387.5
1181220 1387.8
1181230 1388.0
1181240 1388.0
1181250 1389.4
1181260 1390.0
1181270 1390.0
1181280 1390.6
1181290 1390.6
1181300 1390.6
1181310 1390.2
1181320 1391.4
1181330 1393.4
1181340 1393.4
1181350 1395.1
1181360 1401.8
1181370 1401.8
1181380 1404.7
1181390 1409.6
1181400 1409.6
1181410 1414.2
1181420 1418.9
1181430 1418.9
1181440 1422.2
1181450 1424.7
1181460 1424.7
1181470 1427.1
1181480 1428.7
1181490 1428.7
1181500 1427.9
1181510 1426.8
1181520 1426.8
1181530 1428.4
1181540 1431.8
1181550 1431.8
1181560 1435.8
1181570 1439.8
1181580 1441.8
1181590 1441.8
1181600 1443.2
1181610 1446.7
1181620 1446.7
1181630 1450.2
1181640 1453.0
1181650 1453.0
1181660 1456.1
1181670 1459.1
1181680 1459.1
1181690 1462.6
1181700 1465.8
1181710 1465.8
1181720 1468.2
1181730 1471.0
1181740 1471.0
1181750 1474.1
1181760 1476.4
1181770 1476.4
1181780 1481.8
1181790 1484.5
1181800 1486.9
1181810 1486.9
1181820 1485.3
1181830 1478.2
1181840 1478.2
1181850 1471.6
1181860 1463.6
1181870 1463.6
1181880 1456.4
1181890 1449.2
1181900 1449.2
1181910 1443.5
1181920 1441.1
1181930 1441.1
1181940 1440.8
1181950 1440.1
1181960 1440.1
1181970 1437.1
1181980 1433.3
1181990 1433.3
1182000 1432.0
1182010 1431.3
1182020 1430.1
1182030 1430.1
1182040 1428.2
1182050 1427.2
1182060 1427.2
1182070 1426.1
1182080 1426.1
1182090 1426.1
1182100 1425.9
1182110 1425.0
1182120 1425.0
1182130 1423.5
1182140 1420.6
1182150 1420.6
1182160 1416.8
1182170 1413.2
1182180 1413.2
1182190 1407.0
1182200 1404.9
1182210 1404.9
1182220 1402.1
1182230 1401.8
1182240 1400.9
1182250 1400.9
1182260 1398.9
1182270 1397.1
1182280 1397.1
1182290 1397.1
1182300 1396.4
1182310 1396.4
1182320 1395.4
1182330 1393.7
1182340 1393.7
1182350 1392.1
1182360 1390.6
1182370 1390.6
1182380 1388.3
1182390 1386.6
1182400 1386.6
1182410 1385.5
1182420 1383.9
1182430 1383.9
1182440 1382.7
1182450 1382.1
1182460 1382.1
1182470 1379.8
1182480 1376.9
1182490 1374.0
1182500 1374.0
1182510 1373.4
1182520 1377.9
1182530 1377.9
1182540 1381.7
1182550 1384.7
1182560 1384.7
1182570 1386.9
1182580 1388.4
1182590 1388.4
1182600 1390.6
1182610 1392.3
1182620 1396.4
1182630 1397.8
1182640 1399.4
1182650 1399.4
1182660 1400.3
1182670 1400.5
1182680 1400.5
1182690 1400.4
1182700 1400.6
1182710 1400.6
1182720 1400.6
1182730 1401.7
1182740 1403.7
1182750 1403.7
1182760 1405.3
1182770 1406.3
1182780 1406.3
1182790 1408.1
1182800 1409.9
1182810 1409.9
1182820 1411.5
1182830 1412.5
1182840 1412.5
1182850 1411.7
1182860 1409.4
1182870 1409.4
1182880 1407.5
1182890 1406.2
1182900 1406.2
1182910 1404.7
1182920 1403.8
1182930 1402.6
1182940 1402.6
1182950 1401.2
1182960 1401.5
1182970 1401.5
1182980 1401.6
1182990 1401.7
1183000 1401.7
1183010 1402.6
1183020 1403.5
1183030 1403.5
1183040 1407.2
1183050 1407.3
1183060 1407.3
1183070 1407.6
1183080 1406.9
1183090 1406.9
1183100 1405.6
1183110 1404.5
1183120 1404.5
1183130 1403.8
1183140 1404.1
1183150 1404.1
1183160 1404.9
1183170 1406.3
1183180 1407.4
1183190 1407.4
1183200 1408.0
1183210 1407.5
1183220 1407.5
1183230 1406.4
1183240 1405.3
1183250 1405.3
1183260 1403.7
1183270 1402.2
1183280 1402.2
1183290 1401.8
1183300 1401.5
1183310 1401.5
1183320 1402.1
1183330 1402.1
1183340 1402.1
1183350 1401.9
1183360 1402.0
1183370 1402.0
1183380 1401.7
1183390 1400.7
1183400 1400.0
1183410 1400.0
1183420 1399.5
1183430 1398.5
1183440 1398.5
1183450 1397.5
1183460 1405.1
1183470 1405.1
1183480 1406.0
1183490 1406.5
1183500 1406.5
1183510 1406.1
1183520 1406.1
1183530 1406.1
1183540 1406.8
1183550 1405.8
1183560 1405.8
1183570 1406.5
1183580 1409.4
1183590 1409.4
1183600 1413.7
1183610 1418.6
1183620 1421.3
1183630 1421.3
1183640 1420.5
1183650 1417.9
1183660 1417.9
1183670 1419.3
1183680 1422.9
1183690 1422.9
1183700 1425.7
1183710 1426.6
1183720 1426.6
1183730 1428.1
1183740 1430.3
1183750 1430.3
1183760 1431.2
1183770 1431.2
1183780 1431.2
1183790 1430.3
1183800 1429.5
1183810 1429.5
1183820 1428.4
1183830 1425.2
1183840 1422.2
1183850 1422.2
1183860 1422.1
1183870 1424.6
1183880 1430.4
1183890 1432.6
1183900 1433.1
1183910 1433.1
1183920 1432.3
1183930 1432.9
1183940 1432.9
1183950 1433.1
1183960 1432.9
1183970 1432.9
1183980 1434.1
1183990 1435.2
1184000 1435.2
1184010 1435.5
1184020 1435.4
1184030 1435.4
1184040 1434.3
1184050 1432.5
1184060 1432.5
1184070 1431.1
1184080 1430.7
1184090 1432.2
1184100 1432.2
1184110 1434.2
1184120 1435.4
1184130 1435.4
1184140 1436.1
1184150 1437.7
1184160 1437.7
1184170 1439.7
1184180 1441.0
1184190 1441.0
1184200 1441.9
1184210 1442.8
1184220 1442.8
1184230 1443.4
1184240 1444.1
1184250 1444.1
1184260 1445.0
1184270 1445.9
1184280 1445.9
1184290 1446.5
1184300 1446.6
1184310 1448.0
1184320 1448.0
1184330 1447.9
1184340 1447.7
1184350 1447.7
1184360 1447.7
1184370 1448.4
1184380 1448.4
1184390 1449.7
1184400 1451.1
1184410 1451.1
1184420 1452.0
1184430 1452.5
1184440 1452.5
1184450 1453.0
1184460 1453.6
1184470 1453.6
1184480 1454.3
1184490 1454.8
1184500 1454.8
1184510 1454.8
1184520 1453.6
1184530 1453.3
1184540 1453.3
1184550 1453.2
1184560 1453.1
1184570 1453.1
1184580 1452.8
1184590 1448.7
1184600 1448.7
1184610 1439.5
1184620 1425.9
1184630 1425.9
1184640 1414.7
1184650 1406.8
1184660 1406.8
1184670 1398.2
1184680 1391.5
1184690 1391.5
1184700 1386.9
1184710 1384.3
1184720 1384.3
1184730 1387.9
1184740 1386.5
1184750 1386.5
1184760 1384.7
1184770 1381.2
1184780 1378.5
1184790 1378.5
1184800 1378.6
1184810 1381.2
1184820 1381.2
1184830 1383.4
1184840 1386.4
1184850 1386.4
1184860 1389.0
1184870 1391.0
1184880 1391.0
1184890 1393.5
1184900 1395.3
1184910 1395.3
1184920 1397.8
1184930 1402.6
1184940 1402.6
1184950 1406.7
1184960 1410.6
1184970 1410.6
1184980 1414.4
1184990 1418.0
1185000 1422.2
1185010 1422.2
1185020 1427.3
1185030 1434.2
1185040 1434.2
1185050 1448.2
1185060 1457.3
1185070 1457.3
1185080 1456.9
1185090 1458.2
1185100 1458.2
1185110 1457.7
1185120 1456.8
1185130 1456.8
1185140 1451.9
1185150 1456.0
1185160 1456.0
1185170 1454.2
1185180 1454.2
1185190 1454.2
1185200 1451.8
1185210 1450.7
1185220 1451.9
1185230 1451.9
1185240 1452.6
1185250 1452.2
1185260 1452.2
1185270 1451.7
1185280 1451.1
1185290 1451.1
1185300 1449.8
1185310 1447.4
1185320 1447.4
1185330 1443.5
1185340 1440.2
1185350 1440.2
1185360 1439.3
1185370 1439.4
1185380 1439.4
1185390 1438.5
1185400 1437.6
1185410 1437.6
1185420 1436.8
1185430 1434.3
1185440 1430.2
1185450 1430.2
1185460 1425.2
1185470 1420.6
1185480 1420.6
1185490 1416.1
1185500 1412.8
1185510 1412.8
1185520 1407.7
1185530 1401.7
1185540 1401.7
1185550 1393.4
1185560 1382.8
1185570 1382.8
1185580 1375.0
1185590 1364.9
1185600 1364.9
1185610 1354.9
1185620 1346.8
1185630 1346.8
1185640 1340.2
1185650 1331.2
1185660 1331.2
1185670 1321.8
1185680 1311.3
1185690 1303.5
1185700 1303.5
1185710 1295.7
1185720 1288.5
1185730 1288.5
1185740 1283.5
1185750 1278.6
1185760 1278.6
1185770 1273.3
1185780 1268.2
1185790 1268.2
1185800 1260.5
1185810 1251.1
1185820 1251.1
1185830 1244.8
1185840 1237.3
1185850 1237.3
1185860 1231.2
1185870 1226.2
1185880 1226.2
1185890 1220.2
1185900 1214.1
1185910 1209.1
1185920 1209.1
1185930 1205.0
1185940 1201.8
1185950 1201.8
1185960 1196.8
1185970 1190.9
1185980 1190.9
1185990 1185.7
1186000 1174.5
1186010 1174.5
1186020 1169.1
1186030 1164.3
1186040 1164.3
1186050 1157.8
1186060 1149.3
1186070 1149.3
1186080 1140.5
1186090 1129.5
1186100 1129.5
1186110 1119.3
1186120 1111.9
1186130 1107.4
1186140 1107.4
1186150 1105.2
1186160 1104.0
1186170 1104.0
1186180 1102.2
1186190 1100.1
1186200 1100.1
1186210 1097.5
1186220 1093.9
1186230 1093.9
1186240 1090.5
1186250 1085.4
1186260 1085.4
1186270 1074.7
1186280 1058.5
1186290 1058.5
1186300 1045.4
1186310 1036.6
1186320 1036.6
1186330 1029.3
1186340 1022.7
1186350 1017.3
1186360 1017.3
1186370 1011.9
1186380 1002.6
1186390 1002.6
1186400 992.2
1186410 982.5
1186420 982.5
1186430 976.9
1186440 968.2
1186450 968.2
1186460 961.0
1186470 957.4
1186480 957.4
1186490 951.7
1186500 946.1
1186510 946.1
1186520 941.1
1186530 935.7
1186540 935.7
1186550 930.2
1186560 924.3
1186570 924.3
1186580 920.4
1186590 916.0
1186600 909.7
1186610 909.7
1186620 904.0
1186630 901.6
1186640 901.6
1186650 898.8
1186660 894.4
1186670 894.4
1186680 890.7
1186690 887.6
1186700 887.6
1186710 883.1
1186720 878.9
1186730 878.9
1186740 876.3
1186750 874.2
1186760 874.2
1186770 871.3
1186780 868.3
1186790 868.3
1186800 864.8
1186810 864.1
1186820 858.4
1186830 858.4
1186840 855.8
1186850 856.0
1186860 856.0
1186870 855.9
1186880 855.9
1186890 855.9
1186900 855.9
1186910 856.1
1186920 856.1
1186930 856.7
1186940 857.8
1186950 857.8
1186960 858.2
1186970 858.3
1186980 858.3
1186990 858.2
1187000 858.1
1187010 858.1
1187020 857.9
1187030 857.8
1187040 857.9
1187050 857.9
1187060 859.0
1187070 860.2
1187080 860.2
1187090 859.9
1187100 859.6
1187110 859.6
1187120 862.3
1187130 869.8
1187140 869.8
1187150 875.5
1187160 881.0
1187170 881.0
1187180 886.5
1187190 891.5
1187200 891.5
1187210 896.2
1187220 901.3
1187230 901.3
1187240 906.0
1187250 910.7
1187260 916.6
1187270 916.6
1187280 923.6
1187290 931.3
1187300 931.3
1187310 938.4
1187320 945.1
1187330 945.1
1187340 951.6
1187350 958.8
1187360 958.8
1187370 967.5
1187380 975.5
1187390 975.5
1187400 983.6
1187410 990.6
1187420 990.6
1187430 996.3
1187440 1001.3
1187450 1001.3
1187460 1006.7
1187470 1012.7
1187480 1012.7
1187490 1019.1
1187500 1025.7
1187510 1031.2
1187520 1031.2
1187530 1036.4
1187540 1041.9
1187550 1041.9
1187560 1046.9
1187570 1051.5
1187580 1051.5
1187590 1055.8
1187600 1060.1
1187610 1060.1
1187620 1063.4
1187630 1067.2
1187640 1067.2
1187650 1070.9
1187660 1074.1
1187670 1074.1
1187680 1076.6
1187690 1078.8
1187700 1078.8
1187710 1076.4
1187720 1079.4
1187730 1081.8
1187740 1081.8
1187750 1082.4
1187760 1083.1
1187770 1083.1
1187780 1085.7
1187790 1090.0
1187800 1090.0
1187810 1092.9
1187820 1094.2
1187830 1094.2
1187840 1094.3
1187850 1093.9
1187860 1093.9
1187870 1093.3
1187880 1092.3
1187890 1092.3
1187900 1091.1
1187910 1090.0
1187920 1090.0
1187930 1089.2
1187940 1088.5
1187950 1088.8
1187960 1088.8
1187970 1090.3
1187980 1089.0
1187990 1089.0
1188000 1089.4
1188010 1091.9
1188020 1091.9
1188030 1095.1
1188040 1101.0
1188050 1101.0
1188060 1105.8
1188070 1111.5
1188080 1111.5
1188090 1116.9
1188100 1121.3
1188110 1121.3
1188120 1126.1
1188130 1131.2
1188140 1127.1
1188150 1131.8
1188160 1136.0
1188170 1136.0
1188180 1141.4
1188190 1147.4
1188200 1154.2
1188210 1154.2
1188220 1161.0
1188230 1167.7
1188240 1167.7
1188250 1175.4
1188260 1184.5
1188270 1184.5
1188280 1194.1
1188290 1202.3
1188300 1202.3
1188310 1209.6
1188320 1217.0
1188330 1217.0
1188340 1223.7
1188350 1229.7
1188360 1229.7
1188370 1234.8
1188380 1240.3
1188390 1240.3
1188400 1245.9
1188410 1249.9
1188420 1253.6
1188430 1253.6
1188440 1256.1
1188450 1257.9
1188460 1257.9
1188470 1260.1
1188480 1262.2
1188490 1262.2
1188500 1264.8
1188510 1268.5
1188520 1268.5
1188530 1272.4
1188540 1278.3
1188550 1278.3
1188560 1282.3
1188570 1290.4
1188580 1290.4
1188590 1297.2
1188600 1303.1
1188610 1303.1
1188620 1308.6
1188630 1317.3
1188640 1326.3
1188650 1326.3
1188660 1330.4
1188670 1335.1
1188680 1335.1
1188690 1340.6
1188700 1347.2
1188710 1347.2
1188720 1353.8
1188730 1358.4
1188740 1358.4
1188750 1363.2
1188760 1369.0
1188770 1369.0
1188780 1375.3
1188790 1381.1
1188800 1381.1
1188810 1387.3
1188820 1394.0
1188830 1394.0
1188840 1400.8
1188850 1406.6
1188860 1412.1
1188870 1412.1
1188880 1418.5
1188890 1424.8
1188900 1424.8
1188910 1429.2
1188920 1433.8
1188930 1433.8
1188940 1439.4
1188950 1444.0
1188960 1444.0
1188970 1448.7
1188980 1453.9
1188990 1451.2
1189000 1458.0
1189010 1463.3
1189020 1463.3
1189030 1467.1
1189040 1470.2
1189050 1470.2
1189060 1474.5
1189070 1480.6
1189080 1480.6
1189090 1486.5
1189100 1492.9
1189110 1499.1
1189120 1499.1
1189130 1504.4
1189140 1509.9
1189150 1509.9
1189160 1514.8
1189170 1518.5
1189180 1518.5
1189190 1521.0
1189200 1523.1
1189210 1523.1
1189220 1525.3
1189230 1526.4
1189240 1526.4
1189250 1526.7
1189260 1526.1
1189270 1526.1
1189280 1526.0
1189290 1528.5
1189300 1528.5
1189310 1530.8
1189320 1533.2
1189330 1535.7
1189340 1535.7
1189350 1538.2
1189360 1540.8
1189370 1540.8
1189380 1543.9
1189390 1546.3
1189400 1546.3
1189410 1548.1
1189420 1550.6
1189430 1550.6
1189440 1554.1
1189450 1557.8
1189460 1557.8
1189470 1562.3
1189480 1566.8
1189490 1566.8
1189500 1571.7
1189510 1577.5
1189520 1577.5
1189530 1583.9
1189540 1588.9
1189550 1591.9
1189560 1591.9
1189570 1594.3
1189580 1597.1
1189590 1597.1
1189600 1602.7
1189610 1608.9
1189620 1608.9
1189630 1614.3
1189640 1618.3
1189650 1618.3
1189660 1622.6
1189670 1626.4
1189680 1626.4
1189690 1631.2
1189700 1636.0
1189710 1636.0
1189720 1642.9
1189730 1649.4
1189740 1649.4
1189750 1652.9
1189760 1656.5
1189770 1660.3
1189780 1660.3
1189790 1664.8
1189800 1669.0
1189810 1669.0
1189820 1672.8
1189830 1675.0
1189840 1675.0
1189850 1678.7
1189860 1682.1
1189870 1682.1
1189880 1685.7
1189890 1688.9
1189900 1688.9
1189910 1692.1
1189920 1696.7
1189930 1696.7
1189940 1701.9
1189950 1706.8
1189960 1706.8
1189970 1709.9
1189980 1714.1
1189990 1714.1
1190000 1720.2
1190010 1725.4
1190020 1726.5
1190030 1726.5
1190040 1725.3
1190050 1724.4
1190060 1724.4
1190070 1725.2
1190080 1726.6
1190090 1726.6
1190100 1728.8
1190110 1731.1
1190120 1731.1
1190130 1732.3
1190140 1732.9
1190150 1732.9
1190160 1733.4
1190170 1734.1
1190180 1734.1
1190190 1735.0
1190200 1736.1
1190210 1736.1
1190220 1737.7
1190230 1740.0
1190240 1742.5
1190250 1742.5
1190260 1745.2
1190270 1750.2
1190280 1750.3
1190290 1757.6
1190300 1762.2
1190310 1762.2
1190320 1764.1
1190330 1765.0
1190340 1765.0
1190350 1765.5
1190360 1766.1
1190370 1766.1
1190380 1767.2
1190390 1769.5
1190400 1769.5
1190410 1771.1
1190420 1771.9
1190430 1771.9
1190440 1772.8
1190450 1773.4
1190460 1774.4
1190470 1774.4
1190480 1777.1
1190490 1779.7
1190500 1779.7
1190510 1781.9
1190520 1783.5
1190530 1783.5
1190540 1784.8
1190550 1787.1
1190560 1787.1
1190570 1790.4
1190580 1793.2
1190590 1793.2
1190600 1796.1
1190610 1799.0
1190620 1799.0
1190630 1802.2
1190640 1805.3
1190650 1805.3
1190660 1808.5
1190670 1811.1
1190680 1813.3
1190690 1813.3
1190700 1816.2
1190710 1818.7
1190720 1819.7
1190730 1821.7
1190740 1822.9
1190750 1822.9
1190760 1826.6
1190770 1829.9
1190780 1829.9
1190790 1832.0
1190800 1832.1
1190810 1832.1
1190820 1833.1
1190830 1835.3
1190840 1835.3
1190850 1837.8
1190860 1841.0
1190870 1841.0
1190880 1843.7
1190890 1847.4
1190900 1847.4
1190910 1850.5
1190920 1853.6
1190930 1858.5
1190940 1858.5
1190950 1865.2
1190960 1871.1
1190970 1871.1
1190980 1874.7
1190990 1876.9
1191000 1876.9
1191010 1881.3
1191020 1887.1
1191030 1887.1
1191040 1891.2
1191050 1893.4
1191060 1893.4
1191070 1894.0
1191080 1894.7
1191090 1894.7
1191100 1897.2
1191110 1901.1
1191120 1901.1
1191130 1904.5
1191140 1907.3
1191150 1905.8
1191160 1905.8
1191170 1908.8
1191180 1910.4
1191190 1910.4
1191200 1913.5
1191210 1917.2
1191220 1917.2
1191230 1920.3
1191240 1922.2
1191250 1922.2
1191260 1924.1
1191270 1926.2
1191280 1926.2
1191290 1929.1
1191300 1931.7
1191310 1931.7
1191320 1933.1
1191330 1933.2
1191340 1933.2
1191350 1935.2
1191360 1938.6
1191370 1941.2
1191380 1941.2
1191390 1941.8
1191400 1941.4
1191410 1941.4
1191420 1941.7
1191430 1943.5
1191440 1943.5
1191450 1945.2
1191460 1948.2
1191470 1948.2
1191480 1952.9
1191490 1957.9
1191500 1957.9
1191510 1960.5
1191520 1963.3
1191530 1963.3
1191540 1963.9
1191550 1962.9
1191560 1962.9
1191570 1963.2
1191580 1966.0
1191590 1969.9
1191600 1969.9
1191610 1974.1
1191620 1979.9
1191630 1979.9
1191640 1986.1
1191650 1991.2
1191660 1991.2
1191670 1995.5
1191680 1998.7
1191690 1998.7
1191700 1998.8
1191710 1996.9
1191720 1996.9
1191730 1993.7
1191740 1988.5
1191750 1988.5
1191760 1985.4
1191770 1984.1
1191780 1984.1
1191790 1983.0
1191800 1981.9
1191810 1981.9
1191820 1981.2
1191830 1981.4
1191840 1982.7
1191850 1982.7
1191860 1983.3
1191870 1982.5
1191880 1982.5
1191890 1982.3
1191900 1982.5
1191910 1982.5
1191920 1982.9
1191930 1984.0
1191940 1984.0
1191950 1985.4
1191960 1985.9
1191970 1985.9
1191980 1985.4
1191990 1985.2
1192000 1985.2
1192010 1983.7
1192020 1984.9
1192030 1984.9
1192040 1986.8
1192050 1988.7
1192060 1990.8
1192070 1990.8
1192080 1993.6
1192090 1996.4
1192100 1996.4
1192110 1999.3
1192120 2002.8
1192130 2002.8
1192140 2006.2
1192150 2009.8
1192160 2009.8
1192170 2013.1
1192180 2017.3
1192190 2017.3
1192200 2021.1
1192210 2024.4
1192220 2024.4
1192230 2029.8
1192240 2035.1
1192250 2035.1
1192260 2039.1
1192270 2043.7
1192280 2048.7
1192290 2048.7
1192300 2053.4
1192310 2058.2
1192320 2058.2
1192330 2062.0
1192340 2065.0
1192350 2065.0
1192360 2068.4
1192370 2073.3
1192380 2073.3
1192390 2079.5
1192400 2087.1
1192410 2087.1
1192420 2092.5
1192430 2095.8
1192440 2095.8
1192450 2099.6
1192460 2103.8
1192470 2103.8
1192480 2107.2
1192490 2108.8
1192500 2108.8
1192510 2109.2
1192520 2111.6
1192530 2115.1
1192540 2115.1
1192550 2118.9
1192560 2123.2
1192570 2123.2
1192580 2127.7
1192590 2131.5
1192600 2131.5
1192610 2135.0
1192620 2138.7
1192630 2138.7
1192640 2142.1
1192650 2144.7
1192660 2144.7
1192670 2146.4
1192680 2147.4
1192690 2147.4
1192700 2148.2
1192710 2149.4
1192720 2149.4
1192730 2151.3
1192740 2153.5
1192750 2156.0
1192760 2156.0
1192770 2159.9
1192780 2164.7
1192790 2164.7
1192800 2169.8
1192810 2174.0
1192820 2174.0
1192830 2177.6
1192840 2180.8
1192850 2180.8
1192860 2184.2
1192870 2188.5
1192880 2183.6
1192890 2187.0
1192900 2189.4
1192910 2189.4
1192920 2190.1
1192930 2189.0
1192940 2189.0
1192950 2187.6
1192960 2187.5
1192970 2188.2
1192980 2188.2
1192990 2189.9
1193000 2193.0
1193010 2193.0
1193020 2195.9
1193030 2198.7
1193040 2198.7
1193050 2202.0
1193060 2205.9
1193070 2205.9
1193080 2209.8
1193090 2213.5
1193100 2213.5
1193110 2217.4
1193120 2221.9
1193130 2221.9
1193140 2226.9
1193150 2231.5
1193160 2231.5
1193170 2235.2
1193180 2237.3
1193190 2239.3
1193200 2239.3
1193210 2241.0
1193220 2240.7
1193230 2240.7
1193240 2239.0
1193250 2237.0
1193260 2237.0
1193270 2236.5
1193280 2237.5
1193290 2237.5
1193300 2238.7
1193310 2239.6
1193320 2232.8
1193330 2233.1
1193340 2233.1
1193350 2233.1
1193360 2233.1
1193370 2232.9
1193380 2232.9
1193390 2234.4
1193400 2236.4
1193410 2236.4
1193420 2238.3
1193430 2240.0
1193440 2241.8
1193450 2241.8
1193460 2244.2
1193470 2246.9
1193480 2246.9
1193490 2249.9
1193500 2253.3
1193510 2253.3
1193520 2257.7
1193530 2263.9
1193540 2263.9
1193550 2271.0
1193560 2277.5
1193570 2277.5
1193580 2283.4
1193590 2289.5
1193600 2289.5
1193610 2295.0
1193620 2299.9
1193630 2299.9
1193640 2305.2
1193650 2311.0
1193660 2316.6
1193670 2316.6
1193680 2322.0
1193690 2327.3
1193700 2327.3
1193710 2332.6
1193720 2337.7
1193730 2337.7
1193740 2342.8
1193750 2343.4
1193760 2343.4
1193770 2347.6
1193780 2351.1
1193790 2351.1
1193800 2354.1
1193810 2357.5
1193820 2357.5
1193830 2361.5
1193840 2366.3
1193850 2366.3
1193860 2371.9
1193870 2377.5
1193880 2383.8
1193890 2383.8
1193900 2390.4
1193910 2396.9
1193920 2396.9
1193930 2404.7
1193940 2412.8
1193950 2412.8
1193960 2421.3
1193970 2430.4
1193980 2430.4
1193990 2439.4
1194000 2447.3
1194010 2447.3
1194020 2454.8
1194030 2463.0
1194040 2463.0
1194050 2471.5
1194060 2479.0
1194070 2479.0
1194080 2486.9
1194090 2495.2
1194100 2503.3
1194110 2503.3
1194120 2510.5
1194130 2517.4
1194140 2517.4
1194150 2524.7
1194160 2533.2
1194170 2533.2
1194180 2541.2
1194190 2546.1
1194200 2546.1
1194210 2553.9
1194220 2561.6
1194230 2561.6
1194240 2568.8
1194250 2576.2
1194260 2576.2
1194270 2583.1
1194280 2589.3
1194290 2589.3
1194300 2594.7
1194310 2600.0
1194320 2600.0
1194330 2604.7
1194340 2609.4
1194350 2615.4
1194360 2615.4
1194370 2622.6
1194380 2629.7
1194390 2629.7
1194400 2637.3
1194410 2645.3
1194420 2645.3
1194430 2652.6
1194440 2659.2
1194450 2659.2
1194460 2665.4
1194470 2671.7
1194480 2671.7
1194490 2678.2
1194500 2685.3
1194510 2685.3
1194520 2692.8
1194530 2700.0
1194540 2700.0
1194550 2707.2
1194560 2714.4
1194570 2721.2
1194580 2721.2
1194590 2720.0
1194600 2714.9
1194610 2714.9
1194620 2710.4
1194630 2700.3
1194640 2700.3
1194650 2697.0
1194660 2694.5
1194670 2694.5
1194680 2692.2
1194690 2690.5
1194700 2690.5
1194710 2689.1
1194720 2688.6
1194730 2688.6
1194740 2684.5
1194750 2675.4
1194760 2675.4
1194770 2664.7
1194780 2658.6
1194790 2655.4
1194800 2655.4
1194810 2640.4
1194820 2624.0
1194830 2624.0
1194840 2618.7
1194850 2614.6
1194860 2614.6
1194870 2603.7
1194880 2591.2
1194890 2591.2
1194900 2580.5
1194910 2571.3
1194920 2571.3
1194930 2552.7
1194940 2540.9
1194950 2540.9
1194960 2534.9
1194970 2532.1
1194980 2532.1
1194990 2536.0
1195000 2537.5
1195010 2523.0
1195020 2523.0
1195030 2505.2
1195040 2493.4
1195050 2493.4
1195060 2484.5
1195070 2474.7
1195080 2474.7
1195090 2468.0
1195100 2461.2
1195110 2461.2
1195120 2454.6
1195130 2448.2
1195140 2448.2
1195150 2442.3
1195160 2436.2
1195170 2436.2
1195180 2429.8
1195190 2423.2
1195200 2423.2
1195210 2416.6
1195220 2410.1
1195230 2410.1
1195240 2403.7
1195250 2397.4
1195260 2391.2
1195270 2391.2
1195280 2385.0
1195290 2379.1
1195300 2379.1
1195310 2373.2
1195320 2367.2
1195330 2367.2
1195340 2361.5
1195350 2356.3
1195360 2356.3
1195370 2351.1
1195380 2346.3
1195390 2346.3
1195400 2341.6
1195410 2337.3
1195420 2337.3
1195430 2333.0
1195440 2328.9
1195450 2328.9
1195460 2325.1
1195470 2321.6
1195480 2318.3
1195490 2318.3
1195500 2315.1
1195510 2308.7
1195520 2308.7
1195530 2305.4
1195540 2302.3
1195550 2302.3
1195560 2299.1
1195570 2296.0
1195580 2296.0
1195590 2293.1
1195600 2289.9
1195610 2289.9
1195620 2286.8
1195630 2283.6
1195640 2283.6
1195650 2280.4
1195660 2277.4
1195670 2277.4
1195680 2274.7
1195690 2273.1
1195700 2271.5
1195710 2271.5
1195720 2270.3
1195730 2268.3
1195740 2268.3
1195750 2266.7
1195760 2264.3
1195770 2264.3
1195780 2262.1
1195790 2260.8
1195800 2260.8
1195810 2259.8
1195820 2258.5
1195830 2258.5
1195840 2256.3
1195850 2254.8
1195860 2254.8
1195870 2253.6
1195880 2251.8
1195890 2251.8
1195900 2250.3
1195910 2248.3
1195920 2246.6
1195930 2246.6
1195940 2242.4
1195950 2240.9
1195960 2240.9
1195970 2240.4
1195980 2239.3
1195990 2239.3
1196000 2238.4
1196010 2238.7
1196020 2238.7
1196030 2237.3
1196040 2235.7
1196050 2235.7
1196060 2234.0
1196070 2232.4
1196080 2232.4
1196090 2229.4
1196100 2225.5
1196110 2225.5
1196120 2222.7
1196130 2219.9
1196140 2219.9
1196150 2216.8
1196160 2211.9
1196170 2205.8
1196180 2205.8
1196190 2199.7
1196200 2193.8
1196210 2193.8
1196220 2187.6
1196230 2182.3
1196240 2182.3
1196250 2180.1
1196260 2179.2
1196270 2179.2
1196280 2178.9
1196290 2178.7
1196300 2178.7
1196310 2179.1
1196320 2178.2
1196330 2178.2
1196340 2177.7
1196350 2177.6
1196360 2177.6
1196370 2176.8
1196380 2180.3
1196390 2179.2
1196400 2179.2
1196410 2178.2
1196420 2177.3
1196430 2177.3
1196440 2175.8
1196450 2174.5
1196460 2174.5
1196470 2173.0
1196480 2172.4
1196490 2172.4
1196500 2171.9
1196510 2171.3
1196520 2171.3
1196530 2171.0
1196540 2170.9
1196550 2170.9
1196560 2170.5
1196570 2169.6
1196580 2169.6
1196590 2168.0
1196600 2166.1
1196610 2164.5
1196620 2164.5
1196630 2164.6
1196640 2164.9
1196650 2164.9
1196660 2166.1
1196670 2167.2
1196680 2167.2
1196690 2169.7
1196700 2174.1
1196710 2174.1
1196720 2179.7
1196730 2185.8
1196740 2185.8
1196750 2192.3
1196760 2199.2
1196770 2199.2
1196780 2206.2
1196790 2213.5
1196800 2213.5
1196810 2221.2
1196820 2230.4
1196830 2230.4
1196840 2238.2
1196850 2245.8
1196860 2252.7
1196870 2252.7
1196880 2258.3
1196890 2264.3
1196900 2264.3
1196910 2304.6
1196920 2333.2
1196930 2333.2
1196940 2336.4
1196950 2338.3
1196960 2338.3
1196970 2341.5
1196980 2344.3
1196990 2344.3
1197000 2347.3
1197010 2348.9
1197020 2348.9
1197030 2351.8
1197040 2358.0
1197050 2358.0
1197060 2374.4
1197070 2397.0
1197080 2416.6
1197090 2416.6
1197100 2435.9
1197110 2450.9
1197120 2450.9
1197130 2462.5
1197140 2477.4
1197150 2477.4
1197160 2491.7
1197170 2506.0
1197180 2506.0
1197190 2528.6
1197200 2536.0
1197210 2536.0
1197220 2529.6
1197230 2522.8
1197240 2522.8
1197250 2514.8
1197260 2508.9
1197270 2513.4
1197280 2506.0
1197290 2497.4
1197300 2488.9
1197310 2488.9
1197320 2477.2
1197330 2467.0
1197340 2467.0
1197350 2456.0
1197360 2447.7
1197370 2447.7
1197380 2438.5
1197390 2425.7
1197400 2425.7
1197410 2418.6
1197420 2415.9
1197430 2415.9
1197440 2411.7
1197450 2408.4
1197460 2408.4
1197470 2406.2
1197480 2405.6
1197490 2405.6
1197500 2403.6
1197510 2401.4
1197520 2398.8
1197530 2398.8
1197540 2393.4
1197550 2389.5
1197560 2389.5
1197570 2390.7
1197580 2387.7
1197590 2387.7
1197600 2387.6
1197610 2389.6
1197620 2389.6
1197630 2391.4
1197640 2390.6
1197650 2390.6
1197660 2390.5
1197670 2392.8
1197680 2392.8
1197690 2394.5
1197700 2396.4
1197710 2401.2
1197720 2403.6
1197730 2406.0
1197740 2406.0
1197750 2408.0
1197760 2408.7
1197770 2408.4
1197780 2408.4
1197790 2406.7
1197800 2405.6
1197810 2405.6
1197820 2403.7
1197830 2401.6
1197840 2401.6
1197850 2402.4
1197860 2403.4
1197870 2403.4
1197880 2405.6
1197890 2409.3
1197900 2409.3
1197910 2412.3
1197920 2413.4
1197930 2413.4
1197940 2414.1
1197950 2418.8
1197960 2418.8
1197970 2425.8
1197980 2429.4
1197990 2427.3
1198000 2427.3
1198010 2424.6
1198020 2423.3
1198030 2423.3
1198040 2426.8
1198050 2428.7
1198060 2428.7
1198070 2428.9
1198080 2429.2
1198090 2429.2
1198100 2429.1
1198110 2428.1
1198120 2428.1
1198130 2425.0
1198140 2420.3
1198150 2428.4
1198160 2426.7
1198170 2430.8
1198180 2430.8
1198190 2434.2
1198200 2440.9
1198210 2447.6
1198220 2447.6
1198230 2452.4
1198240 2458.3
1198250 2458.3
1198260 2466.9
1198270 2471.5
1198280 2471.5
1198290 2476.6
1198300 2482.1
1198310 2482.1
1198320 2486.6
1198330 2490.5
1198340 2490.5
1198350 2495.4
1198360 2502.9
1198370 2502.9
1198380 2510.0
1198390 2515.0
1198400 2515.0
1198410 2518.6
1198420 2522.8
1198430 2526.0
1198440 2526.0
1198450 2528.5
1198460 2529.6
1198470 2529.6
1198480 2529.6
1198490 2526.3
1198500 2526.3
1198510 2520.5
1198520 2514.4
1198530 2514.4
1198540 2508.2
1198550 2499.7
1198560 2499.7
1198570 2491.2
1198580 2484.2
1198590 2488.5
1198600 2481.9
1198610 2473.7
1198620 2473.7
1198630 2464.3
1198640 2454.2
1198650 2454.2
1198660 2445.0
1198670 2436.7
1198680 2428.5
1198690 2428.5
1198700 2420.9
1198710 2412.9
1198720 2412.9
1198730 2404.8
1198740 2394.8
1198750 2394.8
1198760 2380.5
1198770 2360.3
1198780 2360.3
1198790 2346.7
1198800 2332.2
1198810 2332.2
1198820 2311.7
1198830 2279.1
1198840 2279.1
1198850 2252.3
1198860 2236.9
1198870 2236.9
1198880 2223.8
1198890 2212.7
1198900 2196.9
1198910 2196.9
1198920 2183.5
1198930 2174.4
1198940 2174.4
1198950 2165.9
1198960 2155.0
1198970 2155.0
1198980 2153.2
1198990 2148.4
1199000 2148.4
1199010 2143.4
1199020 2143.2
1199030 2143.2
1199040 2155.4
1199050 2140.5
1199060 2140.5
1199070 2130.8
1199080 2121.3
1199090 2121.3
1199100 2108.0
1199110 2100.2
1199120 2095.0
1199130 2095.0
1199140 2090.5
1199150 2088.6
1199160 2088.6
1199170 2089.0
1199180 2087.4
1199190 2087.4
1199200 2084.5
1199210 2084.1
1199220 2084.1
1199230 2082.1
1199240 2079.2
1199250 2079.2
1199260 2080.3
1199270 2083.3
1199280 2083.3
1199290 2087.0
1199300 2096.6
1199310 2096.6
1199320 2106.2
1199330 2113.6
1199340 2112.2
1199350 2112.2
1199360 2109.1
1199370 2105.4
1199380 2105.4
1199390 2101.8
1199400 2098.2
1199410 2098.2
1199420 2095.7
1199430 2095.6
1199440 2095.6
1199450 2094.5
1199460 2092.8
1199470 2092.8
1199480 2089.9
1199490 2088.2
1199500 2088.2
1199510 2090.3
1199520 2089.5
1199530 2089.5
1199540 2084.6
1199550 2082.7
1199560 2082.7
1199570 2081.1
1199580 2082.7
1199590 2086.0
1199600 2086.0
1199610 2086.2
1199620 2087.3
1199630 2087.3
1199640 2097.0
1199650 2123.6
1199660 2123.6
1199670 2136.9
1199680 2147.3
1199690 2147.3
1199700 2162.2
1199710 2179.9
1199720 2179.9
1199730 2200.6
1199740 2205.7
1199750 2205.7
1199760 2199.2
1199770 2193.5
1199780 2193.5
1199790 2185.0
1199800 2175.7
1199810 2169.4
1199820 2169.4
1199830 2164.4
1199840 2159.5
1199850 2159.5
1199860 2154.0
1199870 2148.9
1199880 2148.9
1199890 2144.0
1199900 2137.7
1199910 2137.7
1199920 2131.1
1199930 2128.2
1199940 2128.2
1199950 2117.7
1199960 2110.7
1199970 2110.7
1199980 2105.7
1199990 2101.8
