1180000 1421.0
1180010 1421.0
1180020 1421.8
1180030 1422.0
1180040 1422.0
1180050 1422.2
1180060 1423.3
1180070 1423.3
1180080 1424.9
1180090 1426.3
1180100 1426.3
1180110 1427.4
1180120 1428.7
1180130 1428.7
1180140 1429.8
1180150 1430.4
1180160 1431.3
1180170 1431.3
1180180 1432.3
1180190 1433.1
1180200 1433.1
1180210 1433.7
1180220 1435.4
1180230 1435.4
1180240 1436.1
1180250 1435.5
1180260 1435.5
1180270 1439.4
1180280 1439.4
1180290 1439.4
1180300 1438.6
1180310 1437.4
1180320 1437.4
1180330 1435.6
1180340 1433.7
1180350 1433.7
1180360 1431.0
1180370 1428.2
1180380 1425.8
1180390 1425.8
1180400 1423.5
1180410 1420.5
1180420 1420.5
1180430 1417.2
1180440 1413.1
1180450 1413.1
1180460 1408.4
1180470 1404.6
1180480 1404.6
1180490 1401.0
1180500 1397.6
1180510 1397.6
1180520 1394.1
1180530 1390.3
1180540 1390.3
1180550 1386.5
1180560 1382.7
1180570 1382.7
1180580 1379.1
1180590 1376.0
1180600 1376.0
1180610 1372.8
1180620 1367.4
1180630 1361.6
1180640 1361.6
1180650 1355.1
1180660 1348.1
1180670 1348.1
1180680 1348.9
1180690 1351.1
1180700 1351.1
1180710 1348.9
1180720 1343.1
1180730 1343.1
1180740 1336.8
1180750 1330.7
1180760 1330.7
1180770 1324.6
1180780 1319.4
1180790 1319.4
1180800 1313.4
1180810 1306.3
1180820 1306.3
1180830 1302.2
1180840 1300.7
1180850 1300.1
1180860 1300.1
1180870 1297.3
1180880 1294.4
1180890 1294.4
1180900 1291.2
1180910 1287.8
1180920 1287.8
1180930 1283.1
1180940 1274.7
1180950 1274.7
1180960 1263.6
1180970 1254.2
1180980 1254.2
1180990 1245.9
1181000 1238.5
1181010 1238.5
1181020 1238.3
1181030 1245.5
1181040 1245.5
1181050 1257.6
1181060 1268.3
1181070 1277.4
1181080 1277.4
1181090 1286.0
1181100 1294.7
1181110 1294.7
1181120 1301.1
1181130 1300.8
1181140 1300.8
1181150 1298.8
1181160 1298.9
1181170 1298.9
1181180 1299.1
1181190 1301.5
1181200 1301.5
1181210 1306.0
1181220 1311.9
1181230 1311.9
1181240 1317.3
1181250 1322.2
1181260 1322.2
1181270 1326.5
1181280 1330.8
1181290 1330.8
1181300 1333.9
1181310 1336.1
1181320 1338.1
1181330 1338.1
1181340 1340.1
1181350 1341.2
1181360 1341.2
1181370 1341.6
1181380 1342.7
1181390 1342.7
1181400 1344.7
1181410 1347.5
1181420 1347.5
1181430 1348.8
1181440 1346.2
1181450 1346.2
1181460 1342.5
1181470 1344.7
1181480 1344.7
1181490 1348.8
1181500 1353.4
1181510 1353.4
1181520 1358.7
1181530 1363.3
1181540 1367.3
1181550 1367.3
1181560 1370.6
1181570 1373.7
1181580 1373.7
1181590 1376.1
1181600 1378.2
1181610 1378.2
1181620 1380.5
1181630 1382.3
1181640 1382.3
1181650 1383.8
1181660 1385.1
1181670 1385.1
1181680 1386.7
1181690 1387.7
1181700 1387.7
1181710 1388.8
1181720 1389.4
1181730 1389.4
1181740 1390.1
1181750 1391.1
1181760 1392.3
1181770 1392.3
1181780 1393.2
1181790 1393.2
1181800 1393.2
1181810 1388.2
1181820 1380.9
1181830 1380.9
1181840 1373.6
1181850 1366.4
1181860 1366.4
1181870 1358.6
1181880 1352.7
1181890 1352.7
1181900 1349.3
1181910 1346.0
1181920 1346.0
1181930 1342.7
1181940 1343.7
1181950 1343.7
1181960 1339.9
1181970 1336.9
1181980 1332.1
1181990 1332.1
1182000 1327.1
1182010 1321.7
1182020 1321.7
1182030 1316.3
1182040 1312.6
1182050 1312.6
1182060 1310.1
1182070 1307.5
1182080 1307.5
1182090 1304.2
1182100 1299.5
1182110 1299.5
1182120 1294.9
1182130 1294.1
1182140 1294.1
1182150 1297.0
1182160 1300.3
1182170 1300.3
1182180 1302.9
1182190 1305.0
1182200 1305.0
1182210 1306.2
1182220 1307.3
1182230 1307.9
1182240 1307.9
1182250 1308.0
1182260 1309.1
1182270 1309.1
1182280 1310.5
1182290 1309.0
1182300 1309.0
1182310 1305.2
1182320 1301.2
1182330 1301.2
1182340 1298.3
1182350 1293.5
1182360 1297.5
1182370 1291.4
1182380 1288.8
1182390 1288.8
1182400 1291.2
1182410 1293.0
1182420 1293.0
1182430 1293.9
1182440 1294.6
1182450 1296.2
1182460 1296.2
1182470 1298.5
1182480 1299.9
1182490 1299.9
1182500 1301.0
1182510 1301.9
1182520 1301.9
1182530 1300.9
1182540 1297.8
1182550 1297.8
1182560 1295.4
1182570 1294.1
1182580 1294.1
1182590 1293.9
1182600 1294.2
1182610 1294.2
1182620 1294.2
1182630 1294.1
1182640 1294.1
1182650 1294.8
1182660 1298.7
1182670 1302.1
1182680 1302.1
1182690 1303.2
1182700 1303.8
1182710 1303.8
1182720 1304.7
1182730 1307.0
1182740 1307.0
1182750 1309.1
1182760 1311.4
1182770 1311.4
1182780 1319.0
1182790 1320.3
1182800 1320.3
1182810 1322.1
1182820 1324.6
1182830 1324.6
1182840 1326.8
1182850 1328.0
1182860 1328.0
1182870 1328.8
1182880 1329.4
1182890 1329.4
1182900 1329.1
1182910 1329.6
1182920 1331.2
1182930 1331.2
1182940 1334.0
1182950 1338.5
1182960 1338.5
1182970 1342.6
1182980 1344.7
1182990 1344.7
1183000 1345.0
1183010 1343.7
1183020 1343.7
1183030 1341.2
1183040 1339.6
1183050 1339.6
1183060 1338.6
1183070 1338.0
1183080 1338.0
1183090 1337.4
1183100 1336.7
1183110 1336.7
1183120 1335.6
1183130 1334.7
1183140 1334.1
1183150 1334.1
1183160 1333.9
1183170 1333.2
1183180 1333.2
1183190 1332.1
1183200 1335.3
1183210 1335.3
1183220 1333.7
1183230 1332.2
1183240 1332.2
1183250 1330.8
1183260 1329.5
1183270 1329.5
1183280 1327.9
1183290 1325.9
1183300 1325.9
1183310 1324.5
1183320 1323.5
1183330 1323.5
1183340 1321.2
1183350 1318.2
1183360 1315.7
1183370 1315.7
1183380 1313.5
1183390 1310.5
1183400 1310.5
1183410 1307.8
1183420 1306.6
1183430 1306.6
1183440 1305.2
1183450 1303.8
1183460 1303.8
1183470 1303.0
1183480 1303.4
1183490 1303.4
1183500 1304.3
1183510 1305.5
1183520 1305.5
1183530 1306.8
1183540 1307.4
1183550 1307.4
1183560 1308.4
1183570 1309.4
1183580 1310.3
1183590 1310.3
1183600 1311.2
1183610 1314.9
1183620 1319.8
1183630 1320.4
1183640 1319.9
1183650 1319.9
1183660 1318.4
1183670 1316.7
1183680 1316.7
1183690 1314.2
1183700 1311.1
1183710 1311.1
1183720 1313.4
1183730 1317.1
1183740 1317.1
1183750 1320.3
1183760 1322.8
1183770 1322.8
1183780 1321.9
1183790 1318.5
1183800 1318.5
1183810 1316.1
1183820 1318.1
1183830 1320.8
1183840 1320.8
1183850 1321.1
1183860 1321.7
1183870 1321.7
1183880 1323.5
1183890 1326.2
1183900 1326.2
1183910 1329.2
1183920 1328.2
1183930 1328.2
1183940 1324.5
1183950 1323.9
1183960 1323.9
1183970 1325.4
1183980 1326.5
1183990 1326.5
1184000 1325.3
1184010 1323.4
1184020 1323.4
1184030 1322.8
1184040 1326.7
1184050 1326.4
1184060 1326.4
1184070 1329.2
1184080 1333.6
1184090 1333.6
1184100 1337.2
1184110 1338.5
1184120 1338.5
1184130 1337.1
1184140 1334.7
1184150 1334.7
1184160 1332.4
1184170 1331.6
1184180 1331.6
1184190 1334.7
1184200 1337.5
1184210 1337.5
1184220 1337.6
1184230 1336.6
1184240 1336.6
1184250 1334.7
1184260 1334.7
1184270 1335.4
1184280 1335.4
1184290 1337.4
1184300 1338.0
1184310 1338.0
1184320 1337.7
1184330 1338.3
1184340 1338.3
1184350 1336.1
1184360 1331.5
1184370 1331.5
1184380 1330.9
1184390 1331.3
1184400 1331.3
1184410 1329.6
1184420 1327.1
1184430 1327.1
1184440 1325.8
1184450 1326.1
1184460 1333.9
1184470 1333.8
1184480 1333.2
1184490 1333.2
1184500 1332.4
1184510 1332.0
1184520 1333.3
1184530 1333.3
1184540 1335.0
1184550 1332.2
1184560 1332.2
1184570 1325.0
1184580 1317.4
1184590 1317.4
1184600 1309.3
1184610 1302.4
1184620 1302.4
1184630 1295.5
1184640 1290.6
1184650 1290.6
1184660 1285.5
1184670 1282.8
1184680 1282.8
1184690 1281.1
1184700 1281.2
1184710 1281.2
1184720 1281.7
1184730 1283.9
1184740 1286.7
1184750 1286.7
1184760 1288.6
1184770 1289.5
1184780 1289.5
1184790 1289.6
1184800 1289.5
1184810 1289.5
1184820 1288.8
1184830 1288.0
1184840 1288.0
1184850 1287.0
1184860 1285.8
1184870 1285.8
1184880 1283.6
1184890 1284.4
1184900 1284.4
1184910 1283.1
1184920 1282.1
1184930 1282.1
1184940 1280.9
1184950 1280.1
1184960 1279.3
1184970 1279.3
1184980 1277.7
1184990 1276.2
1185000 1276.2
1185010 1276.4
1185020 1278.4
1185030 1278.4
1185040 1280.8
1185050 1280.9
1185060 1280.9
1185070 1282.0
1185080 1281.4
1185090 1281.4
1185100 1280.5
1185110 1281.1
1185120 1281.1
1185130 1281.8
1185140 1282.5
1185150 1282.5
1185160 1283.7
1185170 1282.9
1185180 1282.9
1185190 1282.4
1185200 1283.2
1185210 1283.0
1185220 1283.0
1185230 1281.9
1185240 1281.1
1185250 1281.1
1185260 1280.1
1185270 1280.4
1185280 1280.4
1185290 1280.9
1185300 1281.6
1185310 1286.6
1185320 1286.3
1185330 1285.5
1185340 1285.5
1185350 1286.0
1185360 1286.4
1185370 1286.4
1185380 1287.0
1185390 1287.7
1185400 1287.7
1185410 1288.9
1185420 1290.0
1185430 1290.1
1185440 1290.1
1185450 1289.4
1185460 1286.7
1185470 1286.7
1185480 1285.1
1185490 1285.0
1185500 1285.0
1185510 1285.7
1185520 1285.4
1185530 1285.4
1185540 1284.4
1185550 1282.3
1185560 1282.3
1185570 1281.7
1185580 1282.5
1185590 1282.5
1185600 1283.2
1185610 1284.2
1185620 1284.2
1185630 1285.3
1185640 1287.3
1185650 1290.5
1185660 1290.5
1185670 1295.7
1185680 1301.2
1185690 1301.2
1185700 1306.7
1185710 1312.7
1185720 1312.7
1185730 1317.8
1185740 1327.1
1185750 1327.1
1185760 1329.3
1185770 1330.7
1185780 1330.7
1185790 1331.8
1185800 1331.5
1185810 1331.5
1185820 1330.5
1185830 1327.5
1185840 1327.5
1185850 1318.7
1185860 1312.2
1185870 1307.2
1185880 1307.2
1185890 1301.0
1185900 1290.1
1185910 1290.1
1185920 1282.7
1185930 1276.3
1185940 1276.3
1185950 1267.9
1185960 1258.8
1185970 1258.8
1185980 1249.9
1185990 1236.8
1186000 1236.8
1186010 1225.8
1186020 1218.5
1186030 1218.5
1186040 1214.1
1186050 1211.4
1186060 1211.4
1186070 1209.4
1186080 1205.1
1186090 1205.1
1186100 1195.9
1186110 1186.6
1186120 1179.1
1186130 1179.1
1186140 1171.7
1186150 1165.4
1186160 1168.8
1186170 1160.2
1186180 1143.7
1186190 1143.7
1186200 1125.3
1186210 1113.7
1186220 1113.7
1186230 1105.1
1186240 1095.7
1186250 1095.7
1186260 1088.1
1186270 1080.3
1186280 1080.3
1186290 1071.0
1186300 1058.2
1186310 1058.2
1186320 1041.8
1186330 1028.0
1186340 1014.8
1186350 1014.8
1186360 1004.6
1186370 996.0
1186380 996.0
1186390 988.0
1186400 979.9
1186410 979.9
1186420 971.4
1186430 962.7
1186440 962.7
1186450 951.6
1186460 941.4
1186470 941.4
1186480 933.9
1186490 926.9
1186500 926.9
1186510 921.2
1186520 917.5
1186530 917.5
1186540 914.4
1186550 910.3
1186560 906.4
1186570 906.4
1186580 903.2
1186590 904.4
1186600 904.4
1186610 901.9
1186620 898.5
1186630 898.5
1186640 893.7
1186650 887.6
1186660 887.6
1186670 881.7
1186680 876.8
1186690 876.8
1186700 873.0
1186710 870.7
1186720 870.7
1186730 867.7
1186740 864.4
1186750 864.4
1186760 861.9
1186770 857.7
1186780 857.7
1186790 855.9
1186800 855.6
1186810 855.7
1186820 855.7
1186830 855.8
1186840 855.7
1186850 855.7
1186860 855.5
1186870 855.2
1186880 855.2
1186890 854.9
1186900 855.1
1186910 855.1
1186920 857.7
1186930 861.2
1186940 861.2
1186950 861.4
1186960 864.9
1186970 864.9
1186980 877.3
1186990 887.3
1187000 887.3
1187010 893.7
1187020 901.7
1187030 909.9
1187040 909.9
1187050 918.4
1187060 928.2
1187070 928.2
1187080 939.2
1187090 951.5
1187100 951.5
1187110 959.8
1187120 969.0
1187130 969.0
1187140 977.6
1187150 983.8
1187160 983.8
1187170 987.3
1187180 991.9
1187190 991.9
1187200 998.1
1187210 1002.2
1187220 1002.2
1187230 1006.5
1187240 1012.0
1187250 1017.9
1187260 1017.9
1187270 1024.3
1187280 1029.1
1187290 1029.1
1187300 1036.7
1187310 1046.6
1187320 1046.6
1187330 1055.9
1187340 1065.0
1187350 1065.0
1187360 1076.6
1187370 1089.6
1187380 1089.6
1187390 1105.4
1187400 1111.6
1187410 1111.6
1187420 1113.2
1187430 1114.9
1187440 1112.1
1187450 1114.6
1187460 1117.9
1187470 1120.1
1187480 1120.1
1187490 1121.4
1187500 1122.7
1187510 1122.7
1187520 1124.7
1187530 1127.1
1187540 1127.1
1187550 1129.7
1187560 1132.7
1187570 1132.7
1187580 1136.4
1187590 1140.2
1187600 1140.2
1187610 1144.0
1187620 1148.1
1187630 1148.1
1187640 1152.4
1187650 1156.0
1187660 1156.0
1187670 1158.3
1187680 1159.5
1187690 1159.5
1187700 1160.3
1187710 1160.9
1187720 1161.6
1187730 1161.6
1187740 1162.4
1187750 1163.3
1187760 1163.3
1187770 1164.7
1187780 1165.3
1187790 1165.3
1187800 1165.1
1187810 1164.3
1187820 1164.3
1187830 1163.4
1187840 1163.5
1187850 1163.5
1187860 1164.3
1187870 1159.6
1187880 1159.6
1187890 1160.9
1187900 1163.2
1187910 1163.2
1187920 1164.9
1187930 1166.7
1187940 1169.9
1187950 1169.9
1187960 1173.9
1187970 1177.9
1187980 1177.9
1187990 1178.3
1188000 1178.0
1188010 1178.0
1188020 1180.3
1188030 1184.2
1188040 1184.2
1188050 1187.2
1188060 1190.2
1188070 1190.2
1188080 1193.1
1188090 1195.6
1188100 1195.6
1188110 1199.0
1188120 1202.4
1188130 1202.4
1188140 1207.0
1188150 1213.1
1188160 1219.3
1188170 1219.3
1188180 1222.1
1188190 1223.6
1188200 1223.6
1188210 1228.8
1188220 1234.1
1188230 1234.1
1188240 1237.7
1188250 1239.9
1188260 1239.9
1188270 1239.4
1188280 1248.3
1188290 1248.3
1188300 1258.5
1188310 1264.6
1188320 1264.6
1188330 1271.4
1188340 1277.4
1188350 1277.4
1188360 1283.6
1188370 1290.1
1188380 1297.0
1188390 1297.0
1188400 1304.5
1188410 1312.6
1188420 1312.6
1188430 1321.9
1188440 1330.6
1188450 1330.6
1188460 1336.8
1188470 1343.3
1188480 1343.3
1188490 1350.5
1188500 1360.0
1188510 1360.0
1188520 1370.4
1188530 1375.7
1188540 1375.7
1188550 1377.8
1188560 1382.5
1188570 1382.5
1188580 1388.4
1188590 1394.5
1188600 1394.5
1188610 1397.7
1188620 1399.9
1188630 1401.7
1188640 1401.7
1188650 1403.8
1188660 1407.0
1188670 1407.0
1188680 1411.3
1188690 1416.3
1188700 1416.3
1188710 1421.7
1188720 1426.9
1188730 1426.4
1188740 1431.0
1188750 1436.7
1188760 1436.7
1188770 1441.1
1188780 1445.2
1188790 1445.2
1188800 1449.4
1188810 1453.7
1188820 1453.7
1188830 1458.5
1188840 1462.8
1188850 1466.1
1188860 1466.1
1188870 1469.6
1188880 1473.1
1188890 1473.1
1188900 1475.3
1188910 1476.4
1188920 1476.4
1188930 1477.1
1188940 1478.6
1188950 1478.6
1188960 1480.0
1188970 1481.2
1188980 1481.2
1188990 1482.7
1189000 1484.7
1189010 1484.7
1189020 1486.9
1189030 1489.6
1189040 1489.6
1189050 1492.7
1189060 1495.1
1189070 1496.4
1189080 1496.4
1189090 1498.1
1189100 1500.5
1189110 1500.5
1189120 1503.0
1189130 1507.3
1189140 1507.3
1189150 1514.2
1189160 1518.0
1189170 1518.0
1189180 1521.0
1189190 1524.1
1189200 1524.1
1189210 1527.4
1189220 1530.3
1189230 1530.3
1189240 1532.8
1189250 1534.0
1189260 1534.0
1189270 1534.4
1189280 1534.3
1189290 1533.5
1189300 1533.5
1189310 1533.4
1189320 1534.7
1189330 1534.7
1189340 1538.2
1189350 1545.2
1189360 1545.2
1189370 1552.6
1189380 1559.7
1189390 1559.7
1189400 1566.0
1189410 1572.9
1189420 1572.9
1189430 1581.5
1189440 1589.5
1189450 1589.5
1189460 1594.7
1189470 1597.9
1189480 1597.9
1189490 1599.9
1189500 1601.5
1189510 1601.5
1189520 1603.0
1189530 1604.6
1189540 1605.9
1189550 1605.9
1189560 1606.0
1189570 1605.6
1189580 1603.3
1189590 1604.7
1189600 1608.0
1189610 1608.0
1189620 1612.4
1189630 1616.0
1189640 1616.0
1189650 1618.7
1189660 1621.1
1189670 1621.1
1189680 1625.8
1189690 1631.3
1189700 1631.3
1189710 1635.7
1189720 1640.7
1189730 1640.7
1189740 1645.9
1189750 1648.3
1189760 1648.2
1189770 1648.2
1189780 1648.4
1189790 1648.7
1189800 1648.7
1189810 1650.4
1189820 1655.5
1189830 1655.5
1189840 1661.7
1189850 1668.9
1189860 1668.9
1189870 1677.4
1189880 1687.9
1189890 1687.9
1189900 1695.2
1189910 1700.1
1189920 1700.1
1189930 1703.9
1189940 1708.2
1189950 1708.2
1189960 1713.3
1189970 1719.0
1189980 1726.8
1189990 1726.8
1190000 1729.4
1190010 1731.9
1190020 1731.0
1190030 1731.6
1190040 1734.5
1190050 1734.5
1190060 1736.9
1190070 1736.1
1190080 1736.1
1190090 1734.5
1190100 1734.1
1190110 1734.1
1190120 1734.4
1190130 1735.0
1190140 1735.0
1190150 1736.1
1190160 1738.7
1190170 1738.7
1190180 1742.0
1190190 1743.2
1190200 1743.2
1190210 1743.1
1190220 1743.8
1190230 1744.9
1190240 1744.9
1190250 1746.4
1190260 1749.0
1190270 1749.0
1190280 1752.0
1190290 1754.9
1190300 1754.9
1190310 1758.7
1190320 1762.1
1190330 1762.1
1190340 1765.5
1190350 1767.7
1190360 1767.7
1190370 1768.7
1190380 1769.7
1190390 1769.7
1190400 1771.9
1190410 1774.9
1190420 1774.9
1190430 1777.7
1190440 1780.9
1190450 1783.3
1190460 1783.3
1190470 1785.9
1190480 1791.0
1190490 1791.0
1190500 1795.4
1190510 1799.9
1190520 1799.9
1190530 1803.7
1190540 1805.9
1190550 1805.9
1190560 1806.6
1190570 1806.6
1190580 1806.6
1190590 1806.5
1190600 1807.4
1190610 1807.4
1190620 1808.0
1190630 1810.1
1190640 1810.1
1190650 1814.3
1190660 1817.3
1190670 1819.5
1190680 1819.5
1190690 1824.1
1190700 1830.1
1190710 1830.1
1190720 1832.9
1190730 1835.7
1190740 1835.7
1190750 1840.4
1190760 1843.9
1190770 1843.9
1190780 1845.9
1190790 1847.7
1190800 1847.7
1190810 1849.8
1190820 1853.1
1190830 1853.1
1190840 1857.9
1190850 1861.0
1190860 1861.0
1190870 1863.0
1190880 1865.5
1190890 1868.3
1190900 1868.3
1190910 1872.7
1190920 1877.8
1190930 1877.8
1190940 1884.9
1190950 1890.1
1190960 1890.1
1190970 1891.9
1190980 1893.1
1190990 1893.1
1191000 1894.2
1191010 1895.5
1191020 1895.5
1191030 1897.4
1191040 1899.5
1191050 1899.5
1191060 1901.2
1191070 1902.5
1191080 1902.5
1191090 1904.0
1191100 1905.8
1191110 1905.8
1191120 1907.8
1191130 1910.7
1191140 1913.2
1191150 1913.2
1191160 1916.7
1191170 1921.0
1191180 1921.0
1191190 1924.3
1191200 1930.0
1191210 1930.0
1191220 1937.3
1191230 1943.2
1191240 1943.2
1191250 1948.5
1191260 1952.2
1191270 1952.2
1191280 1954.2
1191290 1957.5
1191300 1957.5
1191310 1957.5
1191320 1960.8
1191330 1960.8
1191340 1963.5
1191350 1964.7
1191360 1966.1
1191370 1966.1
1191380 1968.5
1191390 1969.7
1191400 1969.7
1191410 1969.6
1191420 1969.3
1191430 1969.3
1191440 1970.4
1191450 1971.2
1191460 1971.2
1191470 1970.9
1191480 1970.9
1191490 1970.9
1191500 1971.6
1191510 1972.4
1191520 1972.4
1191530 1973.8
1191540 1976.1
1191550 1976.1
1191560 1977.9
1191570 1978.5
1191580 1978.2
1191590 1978.2
1191600 1977.9
1191610 1977.9
1191620 1977.9
1191630 1978.3
1191640 1980.2
1191650 1980.2
1191660 1983.0
1191670 1984.6
1191680 1984.6
1191690 1984.9
1191700 1985.3
1191710 1985.3
1191720 1986.6
1191730 1989.6
1191740 1986.5
1191750 1989.3
1191760 1989.8
1191770 1989.8
1191780 1990.6
1191790 1992.3
1191800 1992.3
1191810 1994.1
1191820 1997.2
1191830 2001.8
1191840 2001.8
1191850 2005.9
1191860 2009.8
1191870 2009.8
1191880 2013.5
1191890 2016.7
1191900 2016.7
1191910 2019.9
1191920 2022.7
1191930 2022.7
1191940 2026.7
1191950 2034.3
1191960 2034.3
1191970 2037.0
1191980 2036.1
1191990 2036.1
1192000 2036.7
1192010 2039.5
1192020 2039.5
1192030 2043.5
1192040 2050.1
1192050 2056.3
1192060 2056.3
1192070 2059.5
1192080 2061.9
1192090 2061.9
1192100 2065.3
1192110 2069.8
1192120 2069.8
1192130 2072.5
1192140 2075.9
1192150 2075.9
1192160 2080.1
1192170 2085.1
1192180 2085.0
1192190 2091.2
1192200 2096.2
1192210 2096.2
1192220 2098.0
1192230 2098.7
1192240 2098.7
1192250 2102.1
1192260 2106.2
1192270 2109.5
1192280 2109.5
1192290 2113.1
1192300 2117.1
1192310 2117.1
1192320 2119.2
1192330 2121.9
1192340 2121.9
1192350 2124.5
1192360 2126.8
1192370 2126.8
1192380 2128.2
1192390 2129.6
1192400 2129.6
1192410 2131.4
1192420 2133.6
1192430 2133.6
1192440 2135.1
1192450 2137.1
1192460 2137.1
1192470 2140.0
1192480 2142.2
1192490 2143.1
1192500 2143.1
1192510 2143.8
1192520 2144.8
1192530 2144.8
1192540 2146.2
1192550 2148.1
1192560 2148.1
1192570 2150.0
1192580 2151.4
1192590 2151.4
1192600 2152.9
1192610 2151.4
1192620 2151.4
1192630 2153.9
1192640 2156.7
1192650 2156.7
1192660 2160.3
1192670 2165.1
1192680 2165.1
1192690 2170.3
1192700 2175.8
1192710 2175.8
1192720 2181.3
1192730 2186.2
1192740 2191.3
1192750 2191.3
1192760 2196.3
1192770 2200.0
1192780 2200.0
1192790 2204.0
1192800 2207.8
1192810 2207.8
1192820 2213.0
1192830 2219.1
1192840 2219.1
1192850 2227.0
1192860 2235.8
1192870 2235.8
1192880 2243.8
1192890 2251.4
1192900 2251.4
1192910 2260.0
1192920 2267.0
1192930 2267.0
1192940 2272.3
1192950 2278.4
1192960 2284.6
1192970 2284.6
1192980 2290.5
1192990 2295.7
1193000 2295.7
1193010 2298.2
1193020 2301.5
1193030 2301.5
1193040 2305.9
1193050 2306.9
1193060 2306.9
1193070 2312.0
1193080 2316.7
1193090 2316.7
1193100 2321.4
1193110 2325.7
1193120 2325.7
1193130 2330.0
1193140 2334.3
1193150 2334.3
1193160 2338.7
1193170 2344.2
1193180 2349.8
1193190 2349.8
1193200 2354.6
1193210 2358.8
1193220 2358.8
1193230 2361.9
1193240 2364.4
1193250 2364.4
1193260 2367.2
1193270 2370.1
1193280 2370.1
1193290 2372.6
1193300 2374.2
1193310 2374.2
1193320 2374.3
1193330 2372.5
1193340 2372.5
1193350 2369.2
1193360 2366.4
1193370 2366.4
1193380 2368.4
1193390 2371.8
1193400 2375.1
1193410 2375.1
1193420 2377.6
1193430 2378.9
1193440 2378.9
1193450 2377.4
1193460 2374.1
1193470 2374.1
1193480 2363.3
1193490 2361.9
1193500 2361.9
1193510 2365.4
1193520 2368.9
1193530 2368.9
1193540 2370.1
1193550 2367.9
1193560 2367.9
1193570 2367.6
1193580 2373.0
1193590 2373.0
1193600 2378.7
1193610 2383.1
1193620 2383.1
1193630 2387.0
1193640 2390.1
1193650 2392.6
1193660 2392.6
1193670 2394.8
1193680 2396.7
1193690 2396.7
1193700 2398.2
1193710 2399.4
1193720 2399.4
1193730 2399.6
1193740 2400.4
1193750 2400.4
1193760 2402.8
1193770 2408.8
1193780 2408.8
1193790 2416.0
1193800 2422.4
1193810 2422.4
1193820 2428.7
1193830 2434.7
1193840 2434.7
1193850 2441.4
1193860 2447.5
1193870 2452.9
1193880 2452.9
1193890 2458.0
1193900 2462.6
1193910 2462.6
1193920 2462.1
1193930 2468.4
1193940 2468.4
1193950 2475.7
1193960 2483.6
1193970 2483.6
1193980 2491.3
1193990 2499.6
1194000 2499.6
1194010 2507.3
1194020 2514.2
1194030 2514.2
1194040 2522.1
1194050 2531.1
1194060 2531.1
1194070 2539.8
1194080 2548.8
1194090 2557.5
1194100 2557.5
1194110 2567.2
1194120 2576.9
1194130 2576.9
1194140 2585.1
1194150 2582.6
1194160 2582.6
1194170 2582.2
1194180 2586.9
1194190 2586.9
1194200 2593.2
1194210 2599.5
1194220 2599.5
1194230 2605.7
1194240 2611.7
1194250 2611.7
1194260 2615.2
1194270 2618.6
1194280 2618.6
1194290 2621.9
1194300 2626.7
1194310 2626.7
1194320 2632.8
1194330 2639.6
1194340 2646.8
1194350 2646.8
1194360 2650.5
1194370 2657.4
1194380 2657.4
1194390 2664.5
1194400 2671.8
1194410 2671.8
1194420 2679.3
1194430 2687.1
1194440 2687.1
1194450 2694.7
1194460 2698.7
1194470 2698.7
1194480 2699.2
1194490 2700.2
1194500 2700.2
1194510 2704.6
1194520 2710.9
1194530 2710.9
1194540 2718.9
1194550 2720.8
1194560 2722.6
1194570 2722.6
1194580 2721.3
1194590 2727.4
1194600 2727.4
1194610 2736.2
1194620 2743.7
1194630 2743.7
1194640 2751.3
1194650 2758.3
1194660 2758.3
1194670 2765.7
1194680 2769.6
1194690 2769.6
1194700 2764.3
1194710 2757.9
1194720 2757.9
1194730 2754.4
1194740 2750.5
1194750 2750.5
1194760 2742.8
1194770 2733.2
1194780 2721.9
1194790 2709.2
1194800 2704.1
1194810 2701.5
1194820 2701.5
1194830 2699.1
1194840 2695.8
1194850 2695.8
1194860 2688.9
1194870 2679.0
1194880 2679.0
1194890 2660.4
1194900 2645.3
1194910 2645.3
1194920 2640.2
1194930 2634.6
1194940 2634.6
1194950 2625.1
1194960 2618.1
1194970 2618.1
1194980 2614.8
1194990 2610.3
1195000 2610.8
1195010 2610.8
1195020 2603.7
1195030 2596.2
1195040 2596.2
1195050 2589.9
1195060 2581.1
1195070 2581.1
1195080 2570.0
1195090 2556.8
1195100 2556.8
1195110 2547.0
1195120 2540.2
1195130 2540.2
1195140 2533.7
1195150 2526.9
1195160 2526.9
1195170 2516.7
1195180 2506.1
1195190 2506.1
1195200 2497.8
1195210 2489.3
1195220 2489.3
1195230 2478.2
1195240 2470.8
1195250 2465.5
1195260 2465.5
1195270 2462.2
1195280 2460.8
1195290 2460.8
1195300 2459.4
1195310 2457.9
1195320 2457.9
1195330 2454.4
1195340 2446.9
1195350 2446.9
1195360 2437.8
1195370 2433.2
1195380 2433.2
1195390 2428.2
1195400 2419.2
1195410 2419.2
1195420 2409.0
1195430 2397.0
1195440 2397.0
1195450 2388.6
1195460 2384.4
1195470 2376.1
1195480 2376.1
1195490 2369.5
1195500 2365.2
1195510 2365.2
1195520 2361.9
1195530 2360.1
1195540 2360.1
1195550 2357.9
1195560 2354.6
1195570 2354.6
1195580 2351.1
1195590 2347.3
1195600 2347.3
1195610 2343.1
1195620 2338.8
1195630 2338.8
1195640 2334.9
1195650 2331.4
1195660 2331.4
1195670 2322.8
1195680 2321.0
1195690 2319.9
1195700 2319.9
1195710 2318.8
1195720 2317.3
1195730 2317.3
1195740 2314.3
1195750 2308.6
1195760 2308.6
1195770 2301.9
1195780 2296.2
1195790 2296.2
1195800 2291.9
1195810 2288.7
1195820 2288.7
1195830 2282.7
1195840 2272.7
1195850 2272.7
1195860 2259.4
1195870 2250.2
1195880 2250.2
1195890 2243.3
1195900 2237.3
1195910 2237.3
1195920 2232.3
1195930 2227.9
1195940 2224.3
1195950 2224.3
1195960 2222.3
1195970 2221.0
1195980 2221.0
1195990 2220.3
1196000 2220.7
1196010 2220.7
1196020 2221.6
1196030 2222.4
1196040 2222.4
1196050 2222.8
1196060 2222.5
1196070 2222.5
1196080 2221.6
1196090 2220.5
1196100 2220.5
1196110 2217.1
1196120 2214.4
1196130 2214.4
1196140 2211.2
1196150 2207.1
1196160 2203.4
1196170 2203.4
1196180 2200.3
1196190 2197.6
1196200 2197.6
1196210 2195.2
1196220 2193.5
1196230 2193.5
1196240 2191.9
1196250 2188.1
1196260 2188.1
1196270 2183.8
1196280 2178.1
1196290 2178.1
1196300 2171.3
1196310 2164.2
1196320 2164.2
1196330 2157.4
1196340 2151.1
1196350 2151.1
1196360 2146.3
1196370 2142.7
1196380 2140.7
1196390 2140.7
1196400 2140.2
1196410 2139.2
1196420 2139.2
1196430 2136.6
1196440 2134.5
1196450 2134.5
1196460 2136.0
1196470 2138.1
1196480 2138.1
1196490 2136.2
1196500 2138.1
1196510 2138.1
1196520 2140.7
1196530 2139.8
1196540 2139.8
1196550 2134.0
1196560 2132.5
1196570 2132.5
1196580 2132.4
1196590 2132.7
1196600 2134.4
1196610 2134.4
1196620 2136.2
1196630 2134.3
1196640 2134.3
1196650 2135.6
1196660 2142.5
1196670 2142.5
1196680 2150.3
1196690 2154.2
1196700 2154.2
1196710 2154.2
1196720 2155.6
1196730 2155.6
1196740 2157.5
1196750 2160.5
1196760 2160.5
1196770 2163.8
1196780 2166.4
1196790 2166.4
1196800 2169.8
1196810 2174.6
1196820 2174.6
1196830 2178.3
1196840 2182.1
1196850 2186.0
1196860 2186.0
1196870 2189.5
1196880 2193.8
1196890 2193.8
1196900 2198.2
1196910 2203.1
1196920 2203.1
1196930 2207.8
1196940 2212.5
1196950 2212.5
1196960 2216.2
1196970 2225.0
1196980 2225.0
1196990 2245.6
1197000 2264.7
1197010 2264.7
1197020 2327.8
1197030 2384.1
1197040 2384.1
1197050 2398.2
1197060 2397.8
1197070 2401.7
1197080 2401.7
1197090 2412.3
1197100 2421.8
1197110 2421.8
1197120 2430.2
1197130 2439.1
1197140 2439.1
1197150 2448.9
1197160 2447.5
1197170 2447.5
1197180 2429.0
1197190 2404.0
1197200 2404.0
1197210 2388.8
1197220 2397.3
1197230 2397.3
1197240 2392.0
1197250 2376.8
1197260 2376.8
1197270 2369.0
1197280 2365.6
1197290 2363.6
1197300 2363.6
1197310 2360.1
1197320 2356.3
1197330 2356.3
1197340 2351.3
1197350 2349.5
1197360 2349.5
1197370 2349.1
1197380 2349.6
1197390 2349.6
1197400 2355.3
1197410 2357.2
1197420 2357.2
1197430 2365.2
1197440 2364.4
1197450 2364.4
1197460 2365.1
1197470 2366.3
1197480 2366.3
1197490 2368.0
1197500 2364.8
1197510 2357.6
1197520 2357.6
1197530 2350.0
1197540 2343.3
1197550 2343.3
1197560 2338.6
1197570 2335.1
1197580 2335.1
1197590 2330.3
1197600 2323.4
1197610 2323.4
1197620 2316.4
1197630 2314.0
1197640 2314.0
1197650 2322.2
1197660 2323.8
1197670 2323.8
1197680 2318.3
1197690 2309.9
1197700 2309.9
1197710 2303.5
1197720 2302.1
1197730 2302.1
1197740 2299.2
1197750 2294.2
1197760 2294.4
1197770 2294.4
1197780 2290.0
1197790 2285.1
1197800 2285.1
1197810 2283.9
1197820 2281.6
1197830 2281.6
1197840 2279.9
1197850 2282.3
1197860 2282.3
1197870 2294.0
1197880 2294.5
1197890 2294.5
1197900 2291.9
1197910 2289.1
1197920 2289.1
1197930 2284.7
1197940 2279.7
1197950 2279.7
1197960 2278.8
1197970 2280.8
1197980 2284.4
1197990 2284.4
1198000 2286.2
1198010 2285.1
1198020 2285.1
1198030 2283.5
1198040 2286.6
1198050 2286.6
1198060 2287.6
1198070 2288.2
1198080 2288.2
1198090 2288.3
1198100 2287.6
1198110 2287.6
1198120 2285.5
1198130 2280.8
1198140 2280.8
1198150 2281.2
1198160 2286.2
1198170 2286.2
1198180 2290.7
1198190 2293.5
1198200 2296.2
1198210 2296.2
1198220 2298.7
1198230 2302.7
1198240 2302.7
1198250 2307.0
1198260 2312.3
1198270 2312.3
1198280 2320.8
1198290 2328.5
1198300 2328.5
1198310 2334.3
1198320 2344.6
1198330 2344.6
1198340 2350.4
1198350 2355.4
1198360 2355.4
1198370 2361.1
1198380 2367.3
1198390 2367.3
1198400 2373.0
1198410 2377.5
1198420 2377.5
1198430 2381.3
1198440 2384.2
1198450 2386.5
1198460 2386.5
1198470 2385.9
1198480 2379.8
1198490 2379.8
1198500 2368.8
1198510 2356.2
1198520 2356.2
1198530 2347.2
1198540 2337.1
1198550 2337.1
1198560 2320.5
1198570 2307.3
1198580 2307.3
1198590 2299.0
1198600 2290.4
1198610 2290.4
1198620 2282.6
1198630 2277.7
1198640 2277.7
1198650 2270.7
1198660 2261.0
1198670 2253.5
1198680 2253.5
1198690 2248.1
1198700 2243.2
1198710 2243.2
1198720 2238.1
1198730 2224.6
1198740 2224.6
1198750 2199.6
1198760 2180.3
1198770 2180.3
1198780 2162.6
1198790 2149.7
1198800 2149.7
1198810 2138.3
1198820 2125.2
1198830 2125.2
1198840 2115.5
1198850 2103.2
1198860 2103.2
1198870 2092.4
1198880 2083.6
1198890 2072.7
1198900 2072.7
1198910 2059.2
1198920 2045.3
1198930 2045.3
1198940 2039.5
1198950 2036.7
1198960 2036.7
1198970 2031.2
1198980 2025.0
1198990 2025.0
1199000 2018.7
1199010 2012.6
1199020 2012.6
1199030 2006.8
1199040 2001.3
1199050 2001.3
1199060 1995.9
1199070 1990.6
1199080 1990.6
1199090 1985.7
1199100 1981.3
1199110 1977.8
1199120 1977.8
1199130 1974.6
1199140 1971.3
1199150 1971.3
1199160 1968.3
1199170 1965.2
1199180 1965.2
1199190 1961.4
1199200 1963.7
1199210 1963.7
1199220 1961.2
1199230 1960.3
1199240 1960.3
1199250 1959.6
1199260 1958.9
1199270 1958.9
1199280 1957.8
1199290 1955.4
1199300 1955.4
1199310 1952.7
1199320 1950.0
1199330 1950.0
1199340 1946.9
1199350 1943.1
1199360 1939.2
1199370 1939.2
1199380 1935.6
1199390 1933.1
1199400 1933.1
1199410 1931.4
1199420 1930.9
1199430 1930.9
1199440 1931.2
1199450 1931.6
1199460 1931.6
1199470 1932.9
1199480 1935.2
1199490 1935.2
1199500 1938.4
1199510 1941.7
1199520 1941.7
1199530 1944.7
1199540 1947.9
1199550 1947.9
1199560 1949.4
1199570 1948.7
1199580 1947.0
1199590 1947.0
1199600 1946.3
1199610 1944.7
1199620 1944.7
1199630 1944.2
1199640 1944.8
1199650 1951.6
1199660 1953.0
1199670 1953.5
1199680 1953.5
1199690 1955.1
1199700 1959.7
1199710 1959.7
1199720 1965.1
1199730 1970.6
1199740 1970.6
1199750 1974.6
1199760 1976.9
1199770 1976.9
1199780 1978.6
1199790 1985.4
1199800 1999.6
1199810 1999.6
1199820 2014.2
1199830 2029.8
1199840 2029.8
1199850 2035.2
1199860 2026.3
1199870 2026.3
1199880 2018.9
1199890 2018.2
1199900 2018.2
1199910 2018.0
1199920 2020.6
1199930 2020.6
1199940 2029.4
1199950 2039.3
1199960 2039.3
1199970 2050.1
1199980 2060.9
1199990 2060.9
