1180000 1224.3
1180010 1223.9
1180020 1223.5
1180030 1223.5
1180040 1223.0
1180050 1222.6
1180060 1222.6
1180070 1222.1
1180080 1221.0
1180090 1221.0
1180100 1220.2
1180110 1219.2
1180120 1219.2
1180130 1218.9
1180140 1218.8
1180150 1218.8
1180160 1218.9
1180170 1219.0
1180180 1218.8
1180190 1218.8
1180200 1218.3
1180210 1217.8
1180220 1217.8
1180230 1217.3
1180240 1217.4
1180250 1217.4
1180260 1217.4
1180270 1216.9
1180280 1216.9
1180290 1215.4
1180300 1214.3
1180310 1214.3
1180320 1215.3
1180330 1216.2
1180340 1221.2
1180350 1221.0
1180360 1221.5
1180370 1221.5
1180380 1222.5
1180390 1222.3
1180400 1222.3
1180410 1222.4
1180420 1221.9
1180430 1219.2
1180440 1219.2
1180450 1217.3
1180460 1217.7
1180470 1217.7
1180480 1218.4
1180490 1218.5
1180500 1218.5
1180510 1217.9
1180520 1217.3
1180530 1217.3
1180540 1217.3
1180550 1217.6
1180560 1217.6
1180570 1217.3
1180580 1216.1
1180590 1216.1
1180600 1215.0
1180610 1213.8
1180620 1213.8
1180630 1213.2
1180640 1211.9
1180650 1211.9
1180660 1211.9
1180670 1213.1
1180680 1214.4
1180690 1214.4
1180700 1213.7
1180710 1212.3
1180720 1212.3
1180730 1211.0
1180740 1209.7
1180750 1209.7
1180760 1212.6
1180770 1210.2
1180780 1210.2
1180790 1206.9
1180800 1202.4
1180810 1202.4
1180820 1196.9
1180830 1194.1
1180840 1194.1
1180850 1190.8
1180860 1186.4
1180870 1185.8
1180880 1185.8
1180890 1187.0
1180900 1187.8
1180910 1187.8
1180920 1187.1
1180930 1186.0
1180940 1186.0
1180950 1183.4
1180960 1178.3
1180970 1178.3
1180980 1171.8
1180990 1164.3
1181000 1164.3
1181010 1156.8
1181020 1150.0
1181030 1150.0
1181040 1143.1
1181050 1137.1
1181060 1137.1
1181070 1131.4
1181080 1125.9
1181090 1125.9
1181100 1124.0
1181110 1129.6
1181120 1141.2
1181130 1141.2
1181140 1148.5
1181150 1154.1
1181160 1154.1
1181170 1160.0
1181180 1160.3
1181190 1160.3
1181200 1154.3
1181210 1151.5
1181220 1151.5
1181230 1156.3
1181240 1162.3
1181250 1162.3
1181260 1166.5
1181270 1166.1
1181280 1166.1
1181290 1166.5
1181300 1168.2
1181310 1168.2
1181320 1171.5
1181330 1173.2
1181340 1172.5
1181350 1172.5
1181360 1171.7
1181370 1170.9
1181380 1170.9
1181390 1170.0
1181400 1167.8
1181410 1167.8
1181420 1165.4
1181430 1163.5
1181440 1163.5
1181450 1161.3
1181460 1158.3
1181470 1158.3
1181480 1155.7
1181490 1154.7
1181500 1154.7
1181510 1155.0
1181520 1155.9
1181530 1155.9
1181540 1154.5
1181550 1151.2
1181560 1147.9
1181570 1147.9
1181580 1147.1
1181590 1151.5
1181600 1151.5
1181610 1151.5
1181620 1151.9
1181630 1151.9
1181640 1152.4
1181650 1150.7
1181660 1150.7
1181670 1149.2
1181680 1147.9
1181690 1147.9
1181700 1146.3
1181710 1141.3
1181720 1141.3
1181730 1134.6
1181740 1128.0
1181750 1128.0
1181760 1121.1
1181770 1115.1
1181780 1115.1
1181790 1111.2
1181800 1107.5
1181810 1104.6
1181820 1104.6
1181830 1098.8
1181840 1092.9
1181850 1092.9
1181860 1092.5
1181870 1095.2
1181880 1095.2
1181890 1097.4
1181900 1098.8
1181910 1098.8
1181920 1099.2
1181930 1098.0
1181940 1098.0
1181950 1099.6
1181960 1102.3
1181970 1102.3
1181980 1104.3
1181990 1105.4
1182000 1105.4
1182010 1111.4
1182020 1112.0
1182030 1111.1
1182040 1111.1
1182050 1108.6
1182060 1105.9
1182070 1105.9
1182080 1103.2
1182090 1100.4
1182100 1100.4
1182110 1100.0
1182120 1099.6
1182130 1099.6
1182140 1101.0
1182150 1104.0
1182160 1104.0
1182170 1104.5
1182180 1104.3
1182190 1104.3
1182200 1104.9
1182210 1106.5
1182220 1106.5
1182230 1108.4
1182240 1110.8
1182250 1112.6
1182260 1112.6
1182270 1114.0
1182280 1115.3
1182290 1115.3
1182300 1117.8
1182310 1119.0
1182320 1119.0
1182330 1119.0
1182340 1119.2
1182350 1119.2
1182360 1120.5
1182370 1122.7
1182380 1122.7
1182390 1125.6
1182400 1127.3
1182410 1127.3
1182420 1127.8
1182430 1132.7
1182440 1132.7
1182450 1131.7
1182460 1132.0
1182470 1132.0
1182480 1133.6
1182490 1132.9
1182500 1132.1
1182510 1132.1
1182520 1132.5
1182530 1133.0
1182540 1133.0
1182550 1132.7
1182560 1132.9
1182570 1132.9
1182580 1133.9
1182590 1134.2
1182600 1134.2
1182610 1134.9
1182620 1136.4
1182630 1136.4
1182640 1138.2
1182650 1138.9
1182660 1138.9
1182670 1139.4
1182680 1140.2
1182690 1140.2
1182700 1140.6
1182710 1140.7
1182720 1140.5
1182730 1140.5
1182740 1139.4
1182750 1136.9
1182760 1136.9
1182770 1134.0
1182780 1132.4
1182790 1132.4
1182800 1129.8
1182810 1127.2
1182820 1127.2
1182830 1123.5
1182840 1121.6
1182850 1128.3
1182860 1124.4
1182870 1118.1
1182880 1118.1
1182890 1112.3
1182900 1106.6
1182910 1106.6
1182920 1102.4
1182930 1099.1
1182940 1095.3
1182950 1095.3
1182960 1093.9
1182970 1094.3
1182980 1094.3
1182990 1093.6
1183000 1094.4
1183010 1094.4
1183020 1096.0
1183030 1098.9
1183040 1098.9
1183050 1103.1
1183060 1107.1
1183070 1107.1
1183080 1109.3
1183090 1110.9
1183100 1110.9
1183110 1112.7
1183120 1114.3
1183130 1114.3
1183140 1116.4
1183150 1118.7
1183160 1118.7
1183170 1120.9
1183180 1123.8
1183190 1126.2
1183200 1126.2
1183210 1127.6
1183220 1128.4
1183230 1128.4
1183240 1127.9
1183250 1126.2
1183260 1126.2
1183270 1129.6
1183280 1128.9
1183290 1128.9
1183300 1128.0
1183310 1127.2
1183320 1127.2
1183330 1126.7
1183340 1126.0
1183350 1126.0
1183360 1125.3
1183370 1124.2
1183380 1124.2
1183390 1123.1
1183400 1121.6
1183410 1119.2
1183420 1119.2
1183430 1116.2
1183440 1113.3
1183450 1113.3
1183460 1109.8
1183470 1104.8
1183480 1104.8
1183490 1098.3
1183500 1092.5
1183510 1092.5
1183520 1087.8
1183530 1083.9
1183540 1083.9
1183550 1081.7
1183560 1079.8
1183570 1079.8
1183580 1076.4
1183590 1070.9
1183600 1070.9
1183610 1064.9
1183620 1059.6
1183630 1054.4
1183640 1054.4
1183650 1049.4
1183660 1045.7
1183670 1045.7
1183680 1041.5
1183690 1037.6
1183700 1044.1
1183710 1039.9
1183720 1035.0
1183730 1035.0
1183740 1030.3
1183750 1029.8
1183760 1029.8
1183770 1027.9
1183780 1026.1
1183790 1026.1
1183800 1024.4
1183810 1024.8
1183820 1024.8
1183830 1022.2
1183840 1020.0
1183850 1016.5
1183860 1016.5
1183870 1012.3
1183880 1010.4
1183890 1010.4
1183900 1008.4
1183910 1005.5
1183920 1005.5
1183930 1003.0
1183940 1000.8
1183950 1000.8
1183960 999.5
1183970 998.5
1183980 998.5
1183990 997.4
1184000 996.2
1184010 996.2
1184020 995.6
1184030 995.2
1184040 995.2
1184050 994.9
1184060 995.0
1184070 995.0
1184080 995.2
1184090 994.0
1184100 994.8
1184110 994.8
1184120 1003.7
1184130 1010.4
1184140 1010.4
1184150 1017.7
1184160 1025.4
1184170 1025.4
1184180 1032.9
1184190 1037.2
1184200 1037.2
1184210 1038.1
1184220 1038.5
1184230 1038.5
1184240 1038.2
1184250 1033.9
1184260 1033.9
1184270 1026.3
1184280 1019.6
1184290 1019.6
1184300 1014.8
1184310 1010.0
1184320 1007.7
1184330 1007.7
1184340 1008.5
1184350 1009.5
1184360 1009.5
1184370 1010.4
1184380 1013.0
1184390 1013.0
1184400 1018.5
1184410 1025.5
1184420 1025.5
1184430 1030.2
1184440 1034.1
1184450 1034.1
1184460 1036.4
1184470 1037.9
1184480 1037.9
1184490 1040.0
1184500 1043.4
1184510 1043.4
1184520 1046.0
1184530 1048.2
1184540 1054.2
1184550 1054.2
1184560 1057.1
1184570 1061.8
1184580 1061.8
1184590 1066.7
1184600 1068.8
1184610 1068.8
1184620 1068.6
1184630 1067.9
1184640 1067.9
1184650 1067.3
1184660 1067.0
1184670 1067.0
1184680 1067.1
1184690 1067.3
1184700 1067.3
1184710 1067.4
1184720 1067.1
1184730 1067.1
1184740 1065.3
1184750 1064.1
1184760 1064.1
1184770 1064.2
1184780 1063.2
1184790 1062.7
1184800 1062.7
1184810 1063.4
1184820 1063.8
1184830 1063.8
1184840 1063.5
1184850 1062.5
1184860 1062.5
1184870 1062.0
1184880 1061.2
1184890 1061.2
1184900 1058.1
1184910 1055.6
1184920 1055.6
1184930 1055.4
1184940 1056.5
1184950 1056.5
1184960 1064.1
1184970 1066.4
1184980 1066.4
1184990 1067.4
1185000 1066.3
1185010 1066.3
1185020 1066.3
1185030 1066.7
1185040 1067.3
1185050 1067.3
1185060 1067.1
1185070 1065.4
1185080 1065.4
1185090 1063.9
1185100 1063.7
1185110 1063.7
1185120 1064.5
1185130 1065.0
1185140 1065.0
1185150 1065.0
1185160 1065.5
1185170 1065.5
1185180 1064.9
1185190 1064.0
1185200 1064.0
1185210 1062.8
1185220 1060.6
1185230 1058.6
1185240 1058.6
1185250 1057.6
1185260 1055.5
1185270 1055.5
1185280 1053.2
1185290 1053.4
1185300 1053.4
1185310 1054.4
1185320 1054.2
1185330 1054.2
1185340 1053.5
1185350 1053.0
1185360 1053.0
1185370 1052.5
1185380 1051.7
1185390 1058.1
1185400 1057.5
1185410 1057.3
1185420 1057.3
1185430 1056.4
1185440 1055.4
1185450 1055.4
1185460 1054.8
1185470 1053.5
1185480 1052.1
1185490 1052.1
1185500 1051.1
1185510 1050.1
1185520 1050.1
1185530 1049.7
1185540 1048.7
1185550 1048.7
1185560 1047.2
1185570 1046.0
1185580 1046.0
1185590 1045.0
1185600 1044.3
1185610 1044.3
1185620 1043.8
1185630 1044.1
1185640 1044.1
1185650 1043.6
1185660 1042.3
1185670 1042.3
1185680 1040.9
1185690 1040.7
1185700 1040.1
1185710 1040.1
1185720 1038.7
1185730 1036.6
1185740 1036.6
1185750 1034.2
1185760 1032.7
1185770 1032.7
1185780 1032.4
1185790 1033.0
1185800 1033.0
1185810 1040.6
1185820 1039.3
1185830 1039.3
1185840 1036.7
1185850 1033.3
1185860 1033.3
1185870 1029.9
1185880 1026.5
1185890 1026.5
1185900 1021.0
1185910 1014.8
1185920 1008.1
1185930 1008.1
1185940 1001.2
1185950 995.8
1185960 995.8
1185970 993.1
1185980 989.9
1185990 989.9
1186000 985.2
1186010 981.2
1186020 981.2
1186030 978.3
1186040 974.5
1186050 974.5
1186060 970.0
1186070 965.1
1186080 965.1
1186090 959.6
1186100 953.7
1186110 953.7
1186120 946.7
1186130 940.1
1186140 940.1
1186150 933.6
1186160 926.8
1186170 921.0
1186180 921.0
1186190 915.6
1186200 911.1
1186210 911.1
1186220 908.5
1186230 905.6
1186240 911.5
1186250 910.3
1186260 910.0
1186270 910.0
1186280 909.1
1186290 909.7
1186300 909.7
1186310 912.5
1186320 914.1
1186330 914.1
1186340 914.2
1186350 915.4
1186360 915.4
1186370 916.9
1186380 914.9
1186390 911.8
1186400 911.8
1186410 908.0
1186420 902.6
1186430 902.6
1186440 897.7
1186450 892.9
1186460 892.9
1186470 887.4
1186480 879.8
1186490 879.8
1186500 866.0
1186510 856.3
1186520 856.3
1186530 855.6
1186540 855.6
1186550 855.6
1186560 855.6
1186570 855.6
1186580 855.6
1186590 857.2
1186600 861.3
1186610 866.7
1186620 866.7
1186630 869.0
1186640 870.1
1186650 870.1
1186660 872.0
1186670 877.6
1186680 877.6
1186690 881.9
1186700 886.9
1186710 886.9
1186720 893.5
1186730 899.5
1186740 899.5
1186750 905.9
1186760 912.4
1186770 912.4
1186780 917.6
1186790 922.4
1186800 922.4
1186810 926.9
1186820 931.5
1186830 931.5
1186840 936.8
1186850 942.5
1186860 948.2
1186870 948.2
1186880 954.0
1186890 960.1
1186900 960.1
1186910 966.2
1186920 972.6
1186930 972.6
1186940 979.0
1186950 985.7
1186960 985.7
1186970 992.6
1186980 999.4
1186990 999.4
1187000 1006.3
1187010 1013.3
1187020 1013.3
1187030 1020.3
1187040 1027.2
1187050 1027.2
1187060 1034.3
1187070 1041.5
1187080 1048.9
1187090 1047.7
1187100 1055.6
1187110 1063.5
1187120 1063.5
1187130 1071.3
1187140 1079.5
1187150 1079.5
1187160 1087.5
1187170 1095.8
1187180 1095.8
1187190 1105.3
1187200 1115.8
1187210 1115.8
1187220 1126.5
1187230 1136.7
1187240 1136.7
1187250 1145.8
1187260 1153.1
1187270 1153.1
1187280 1160.1
1187290 1168.0
1187300 1176.5
1187310 1176.5
1187320 1185.8
1187330 1196.5
1187340 1196.5
1187350 1210.6
1187360 1224.4
1187370 1224.4
1187380 1235.3
1187390 1242.0
1187400 1242.0
1187410 1246.8
1187420 1254.6
1187430 1254.6
1187440 1264.4
1187450 1275.5
1187460 1275.5
1187470 1286.5
1187480 1296.0
1187490 1296.0
1187500 1300.5
1187510 1304.7
1187520 1304.3
1187530 1304.3
1187540 1307.8
1187550 1310.8
1187560 1310.8
1187570 1314.6
1187580 1318.3
1187590 1318.3
1187600 1321.8
1187610 1325.9
1187620 1325.9
1187630 1330.4
1187640 1335.7
1187650 1335.7
1187660 1342.9
1187670 1352.3
1187680 1352.3
1187690 1359.0
1187700 1363.5
1187710 1363.5
1187720 1368.6
1187730 1374.4
1187740 1374.4
1187750 1378.2
1187760 1379.3
1187770 1379.2
1187780 1379.2
1187790 1379.5
1187800 1380.0
1187810 1380.0
1187820 1379.5
1187830 1379.2
1187840 1379.2
1187850 1380.9
1187860 1385.1
1187870 1385.1
1187880 1389.7
1187890 1393.4
1187900 1393.4
1187910 1397.1
1187920 1398.5
1187930 1398.5
1187940 1392.2
1187950 1395.7
1187960 1395.7
1187970 1397.5
1187980 1398.6
1187990 1399.7
1188000 1399.7
1188010 1400.9
1188020 1402.3
1188030 1402.3
1188040 1404.0
1188050 1406.1
1188060 1406.1
1188070 1408.5
1188080 1411.2
1188090 1411.2
1188100 1414.2
1188110 1417.1
1188120 1417.1
1188130 1420.3
1188140 1424.6
1188150 1424.6
1188160 1429.3
1188170 1434.5
1188180 1434.5
1188190 1439.1
1188200 1442.5
1188210 1445.3
1188220 1445.3
1188230 1448.6
1188240 1453.5
1188250 1453.5
1188260 1458.3
1188270 1460.9
1188280 1460.9
1188290 1463.3
1188300 1466.7
1188310 1466.7
1188320 1469.0
1188330 1468.8
1188340 1468.8
1188350 1469.3
1188360 1470.2
1188370 1466.4
1188380 1466.6
1188390 1466.6
1188400 1466.6
1188410 1466.4
1188420 1466.1
1188430 1466.1
1188440 1467.1
1188450 1469.5
1188460 1472.8
1188470 1472.8
1188480 1476.4
1188490 1481.1
1188500 1481.1
1188510 1487.1
1188520 1494.1
1188530 1494.1
1188540 1502.6
1188550 1508.9
1188560 1508.9
1188570 1512.8
1188580 1516.1
1188590 1516.1
1188600 1519.0
1188610 1523.7
1188620 1523.7
1188630 1529.4
1188640 1534.5
1188650 1534.5
1188660 1540.1
1188670 1545.7
1188680 1548.1
1188690 1548.1
1188700 1549.1
1188710 1548.6
1188720 1548.6
1188730 1549.2
1188740 1553.0
1188750 1553.0
1188760 1554.1
1188770 1553.9
1188780 1553.9
1188790 1554.6
1188800 1553.2
1188810 1553.2
1188820 1552.1
1188830 1551.5
1188840 1551.5
1188850 1551.8
1188860 1552.6
1188870 1552.6
1188880 1552.9
1188890 1553.7
1188900 1554.9
1188910 1554.9
1188920 1556.1
1188930 1559.6
1188940 1559.6
1188950 1563.4
1188960 1567.1
1188970 1567.1
1188980 1570.7
1188990 1572.9
1189000 1572.9
1189010 1573.9
1189020 1574.3
1189030 1574.3
1189040 1574.6
1189050 1575.1
1189060 1575.1
1189070 1576.7
1189080 1579.7
1189090 1579.7
1189100 1583.3
1189110 1587.0
1189120 1587.0
1189130 1590.2
1189140 1593.4
1189150 1597.8
1189160 1597.8
1189170 1604.3
1189180 1610.6
1189190 1610.6
1189200 1614.7
1189210 1619.0
1189220 1619.0
1189230 1626.8
1189240 1631.2
1189250 1631.2
1189260 1633.7
1189270 1635.1
1189280 1635.1
1189290 1635.4
1189300 1635.1
1189310 1635.1
1189320 1633.4
1189330 1630.5
1189340 1630.5
1189350 1629.2
1189360 1628.3
1189370 1626.8
1189380 1626.8
1189390 1625.1
1189400 1622.2
1189410 1622.2
1189420 1618.9
1189430 1616.6
1189440 1616.6
1189450 1614.4
1189460 1611.9
1189470 1611.9
1189480 1611.2
1189490 1612.7
1189500 1612.7
1189510 1616.6
1189520 1621.7
1189530 1621.7
1189540 1623.7
1189550 1622.2
1189560 1622.2
1189570 1619.3
1189580 1616.6
1189590 1615.0
1189600 1615.0
1189610 1614.3
1189620 1613.3
1189630 1613.3
1189640 1612.1
1189650 1612.1
1189660 1611.5
1189670 1611.7
1189680 1612.6
1189690 1612.6
1189700 1615.8
1189710 1620.4
1189720 1620.4
1189730 1623.7
1189740 1623.6
1189750 1623.6
1189760 1622.6
1189770 1622.6
1189780 1622.6
1189790 1623.4
1189800 1626.4
1189810 1631.7
1189820 1631.7
1189830 1636.6
1189840 1637.7
1189850 1637.7
1189860 1638.1
1189870 1640.4
1189880 1640.4
1189890 1642.7
1189900 1644.9
1189910 1644.9
1189920 1646.7
1189930 1649.2
1189940 1649.2
1189950 1652.4
1189960 1655.4
1189970 1655.4
1189980 1657.9
1189990 1659.7
1190000 1659.7
1190010 1661.0
1190020 1663.0
1190030 1663.0
1190040 1665.0
1190050 1667.1
1190060 1669.4
1190070 1669.4
1190080 1671.9
1190090 1676.9
1190100 1676.9
1190110 1679.7
1190120 1682.4
1190130 1682.4
1190140 1687.5
1190150 1692.4
1190160 1692.4
1190170 1696.6
1190180 1701.2
1190190 1701.2
1190200 1705.5
1190210 1709.6
1190220 1709.6
1190230 1713.3
1190240 1717.0
1190250 1717.0
1190260 1721.4
1190270 1724.3
1190280 1727.0
1190290 1727.0
1190300 1730.3
1190310 1737.7
1190320 1737.7
1190330 1745.5
1190340 1752.5
1190350 1752.5
1190360 1759.5
1190370 1765.9
1190380 1765.9
1190390 1771.9
1190400 1777.8
1190410 1777.8
1190420 1781.0
1190430 1783.0
1190440 1783.0
1190450 1785.3
1190460 1786.7
1190470 1786.7
1190480 1788.3
1190490 1791.0
1190500 1793.4
1190510 1793.4
1190520 1793.7
1190530 1793.6
1190540 1793.6
1190550 1793.4
1190560 1794.0
1190570 1794.0
1190580 1794.4
1190590 1795.1
1190600 1795.1
1190610 1795.9
1190620 1796.6
1190630 1796.6
1190640 1797.8
1190650 1798.3
1190660 1798.3
1190670 1798.9
1190680 1800.9
1190690 1800.9
1190700 1803.7
1190710 1807.0
1190720 1807.0
1190730 1809.0
1190740 1809.8
1190750 1810.3
1190760 1810.3
1190770 1810.7
1190780 1811.5
1190790 1811.5
1190800 1813.4
1190810 1815.8
1190820 1815.8
1190830 1817.7
1190840 1820.2
1190850 1820.2
1190860 1822.5
1190870 1825.3
1190880 1825.3
1190890 1828.9
1190900 1832.6
1190910 1832.6
1190920 1837.7
1190930 1843.1
1190940 1843.1
1190950 1845.3
1190960 1844.5
1190970 1843.1
1190980 1843.1
1190990 1844.3
1191000 1850.8
1191010 1850.8
1191020 1857.4
1191030 1864.5
1191040 1864.5
1191050 1872.0
1191060 1874.5
1191070 1874.5
1191080 1873.1
1191090 1874.3
1191100 1874.3
1191110 1878.8
1191120 1885.5
1191130 1885.5
1191140 1891.1
1191150 1895.7
1191160 1895.7
1191170 1902.0
1191180 1909.4
1191190 1918.1
1191200 1918.1
1191210 1929.4
1191220 1937.8
1191230 1937.8
1191240 1942.2
1191250 1944.7
1191260 1944.7
1191270 1944.4
1191280 1943.3
1191290 1943.3
1191300 1946.1
1191310 1953.1
1191320 1953.1
1191330 1960.0
1191340 1965.2
1191350 1965.2
1191360 1968.4
1191370 1968.4
1191380 1968.4
1191390 1971.2
1191400 1970.2
1191410 1970.2
1191420 1968.6
1191430 1968.8
1191440 1970.3
1191450 1970.3
1191460 1971.7
1191470 1974.0
1191480 1974.0
1191490 1976.1
1191500 1979.4
1191510 1979.4
1191520 1983.7
1191530 1988.1
1191540 1988.1
1191550 1990.4
1191560 1989.5
1191570 1989.5
1191580 1989.4
1191590 1992.7
1191600 1992.7
1191610 1994.8
1191620 1995.3
1191630 1995.3
1191640 1995.6
1191650 1996.6
1191660 1997.0
1191670 1997.0
1191680 2001.8
1191690 2010.3
1191700 2010.3
1191710 2018.6
1191720 2023.8
1191730 2023.8
1191740 2025.0
1191750 2027.5
1191760 2027.5
1191770 2030.5
1191780 2034.4
1191790 2034.4
1191800 2037.9
1191810 2040.9
1191820 2040.9
1191830 2042.7
1191840 2044.9
1191850 2044.9
1191860 2046.1
1191870 2045.9
1191880 2044.4
1191890 2044.4
1191900 2042.7
1191910 2040.5
1191920 2040.5
1191930 2041.0
1191940 2043.2
1191950 2043.2
1191960 2046.7
1191970 2052.6
1191980 2052.6
1191990 2057.6
1192000 2059.8
1192010 2059.8
1192020 2062.1
1192030 2064.4
1192040 2064.4
1192050 2066.1
1192060 2066.7
1192070 2066.7
1192080 2068.4
1192090 2070.4
1192100 2070.4
1192110 2073.4
1192120 2078.3
1192130 2084.6
1192140 2084.6
1192150 2091.1
1192160 2096.7
1192170 2096.7
1192180 2099.6
1192190 2103.5
1192200 2103.5
1192210 2107.7
1192220 2111.2
1192230 2111.2
1192240 2114.4
1192250 2117.1
1192260 2115.6
1192270 2118.2
1192280 2121.5
1192290 2121.5
1192300 2125.9
1192310 2129.5
1192320 2129.5
1192330 2131.5
1192340 2133.1
1192350 2135.1
1192360 2135.1
1192370 2137.6
1192380 2140.7
1192390 2140.7
1192400 2143.2
1192410 2145.8
1192420 2145.8
1192430 2149.5
1192440 2154.3
1192450 2154.3
1192460 2160.7
1192470 2165.2
1192480 2165.2
1192490 2168.1
1192500 2172.2
1192510 2172.2
1192520 2178.2
1192530 2182.0
1192540 2182.0
1192550 2185.1
1192560 2190.7
1192570 2198.5
1192580 2198.5
1192590 2206.5
1192600 2215.5
1192610 2215.5
1192620 2223.1
1192630 2228.7
1192640 2228.7
1192650 2231.7
1192660 2235.1
1192670 2235.1
1192680 2240.3
1192690 2250.0
1192700 2250.0
1192710 2257.2
1192720 2264.4
1192730 2264.4
1192740 2270.9
1192750 2275.9
1192760 2275.9
1192770 2279.0
1192780 2281.5
1192790 2282.0
1192800 2282.0
1192810 2281.3
1192820 2282.6
1192830 2282.6
1192840 2285.2
1192850 2287.3
1192860 2287.3
1192870 2289.1
1192880 2291.0
1192890 2291.0
1192900 2294.8
1192910 2299.9
1192920 2299.9
1192930 2304.2
1192940 2306.9
1192950 2306.9
1192960 2310.0
1192970 2314.7
1192980 2314.7
1192990 2320.9
1193000 2327.5
1193010 2327.5
1193020 2333.4
1193030 2338.2
1193040 2341.8
1193050 2341.8
1193060 2345.1
1193070 2349.5
1193080 2349.5
1193090 2355.1
1193100 2361.0
1193110 2361.0
1193120 2367.8
1193130 2374.7
1193140 2374.7
1193150 2382.0
1193160 2390.9
1193170 2390.9
1193180 2402.6
1193190 2414.4
1193200 2414.4
1193210 2423.1
1193220 2432.7
1193230 2432.7
1193240 2441.8
1193250 2448.5
1193260 2453.7
1193270 2453.7
1193280 2457.7
1193290 2458.5
1193300 2458.5
1193310 2456.7
1193320 2452.9
1193330 2452.9
1193340 2448.7
1193350 2444.7
1193360 2444.7
1193370 2440.8
1193380 2438.0
1193390 2438.0
1193400 2433.4
1193410 2428.0
1193420 2428.0
1193430 2425.5
1193440 2422.6
1193450 2422.6
1193460 2423.5
1193470 2423.1
1193480 2423.7
1193490 2423.7
1193500 2421.4
1193510 2414.0
1193520 2414.0
1193530 2406.5
1193540 2402.7
1193550 2402.7
1193560 2410.2
1193570 2409.3
1193580 2409.3
1193590 2407.3
1193600 2405.1
1193610 2405.1
1193620 2402.0
1193630 2399.1
1193640 2399.1
1193650 2396.7
1193660 2395.4
1193670 2395.4
1193680 2396.0
1193690 2397.6
1193700 2397.6
1193710 2401.2
1193720 2403.9
1193730 2402.9
1193740 2402.9
1193750 2407.2
1193760 2410.1
1193770 2410.1
1193780 2411.6
1193790 2413.1
1193800 2413.1
1193810 2413.9
1193820 2413.2
1193830 2413.2
1193840 2411.0
1193850 2408.6
1193860 2408.6
1193870 2406.8
1193880 2403.6
1193890 2403.6
1193900 2401.7
1193910 2400.4
1193920 2400.4
1193930 2397.1
1193940 2394.0
1193950 2392.5
1193960 2392.5
1193970 2390.7
1193980 2389.0
1193990 2389.0
1194000 2393.0
1194010 2392.5
1194020 2392.5
1194030 2392.4
1194040 2391.7
1194050 2391.7
1194060 2390.4
1194070 2390.5
1194080 2390.5
1194090 2394.8
1194100 2400.3
1194110 2400.3
1194120 2404.4
1194130 2408.2
1194140 2408.2
1194150 2410.9
1194160 2412.7
1194170 2413.7
1194180 2413.7
1194190 2413.9
1194200 2413.7
1194210 2413.7
1194220 2412.9
1194230 2412.0
1194240 2412.0
1194250 2412.1
1194260 2412.9
1194270 2412.9
1194280 2414.5
1194290 2416.5
1194300 2416.5
1194310 2418.0
1194320 2418.2
1194330 2418.2
1194340 2418.1
1194350 2419.7
1194360 2419.7
1194370 2421.9
1194380 2423.1
1194390 2423.1
1194400 2424.2
1194410 2426.5
1194420 2429.4
1194430 2433.4
1194440 2437.4
1194450 2442.3
1194460 2442.3
1194470 2448.6
1194480 2456.8
1194490 2456.8
1194500 2465.6
1194510 2474.1
1194520 2474.1
1194530 2482.8
1194540 2490.4
1194550 2490.4
1194560 2495.7
1194570 2499.3
1194580 2499.3
1194590 2501.2
1194600 2503.8
1194610 2503.8
1194620 2507.3
1194630 2513.5
1194640 2520.8
1194650 2520.8
1194660 2527.0
1194670 2532.5
1194680 2532.5
1194690 2538.4
1194700 2545.0
1194710 2545.0
1194720 2552.5
1194730 2560.5
1194740 2560.5
1194750 2568.1
1194760 2574.2
1194770 2574.2
1194780 2575.7
1194790 2575.1
1194800 2575.1
1194810 2569.0
1194820 2566.3
1194830 2566.3
1194840 2566.3
1194850 2566.5
1194860 2564.3
1194870 2585.4
1194880 2583.9
1194890 2570.7
1194900 2570.7
1194910 2558.0
1194920 2546.7
1194930 2546.7
1194940 2541.4
1194950 2537.2
1194960 2537.2
1194970 2535.1
1194980 2533.8
1194990 2533.8
1195000 2532.7
1195010 2531.1
1195020 2531.1
1195030 2530.7
1195040 2531.7
1195050 2531.7
1195060 2531.3
1195070 2529.6
1195080 2527.2
1195090 2527.2
1195100 2524.6
1195110 2522.1
1195120 2522.1
1195130 2519.1
1195140 2514.6
1195150 2514.6
1195160 2509.5
1195170 2504.0
1195180 2504.0
1195190 2498.4
1195200 2492.7
1195210 2492.7
1195220 2486.7
1195230 2480.7
1195240 2480.7
1195250 2474.5
1195260 2468.7
1195270 2468.7
1195280 2463.1
1195290 2457.8
1195300 2457.8
1195310 2453.7
1195320 2449.3
1195330 2444.9
1195340 2444.9
1195350 2440.2
1195360 2432.5
1195370 2432.5
1195380 2423.2
1195390 2414.6
1195400 2414.6
1195410 2408.0
1195420 2402.7
1195430 2402.7
1195440 2398.2
1195450 2394.5
1195460 2394.5
1195470 2391.1
1195480 2387.9
1195490 2387.9
1195500 2385.2
1195510 2381.9
1195520 2381.9
1195530 2378.0
1195540 2374.7
1195550 2371.4
1195560 2371.4
1195570 2365.6
1195580 2358.0
1195590 2358.0
1195600 2350.1
1195610 2343.2
1195620 2343.2
1195630 2337.0
1195640 2330.6
1195650 2330.6
1195660 2323.7
1195670 2316.9
1195680 2316.9
1195690 2310.7
1195700 2304.5
1195710 2304.5
1195720 2298.4
1195730 2292.5
1195740 2292.5
1195750 2287.0
1195760 2278.9
1195770 2272.3
1195780 2272.3
1195790 2265.3
1195800 2258.7
1195810 2258.7
1195820 2252.1
1195830 2246.7
1195840 2246.7
1195850 2241.5
1195860 2235.0
1195870 2235.0
1195880 2227.3
1195890 2219.7
1195900 2219.7
1195910 2214.0
1195920 2207.1
1195930 2207.1
1195940 2198.3
1195950 2190.4
1195960 2190.4
1195970 2182.7
1195980 2174.4
1195990 2174.4
1196000 2166.2
1196010 2161.9
1196020 2157.3
1196030 2157.3
1196040 2152.6
1196050 2147.7
1196060 2147.7
1196070 2141.9
1196080 2136.6
1196090 2136.6
1196100 2131.5
1196110 2127.1
1196120 2127.1
1196130 2123.4
1196140 2119.9
1196150 2119.9
1196160 2116.2
1196170 2113.2
1196180 2113.2
1196190 2110.6
1196200 2108.8
1196210 2108.8
1196220 2106.4
1196230 2104.5
1196240 2102.4
1196250 2102.4
1196260 2102.0
1196270 2100.4
1196280 2100.4
1196290 2098.3
1196300 2097.2
1196310 2097.2
1196320 2095.8
1196330 2094.4
1196340 2094.4
1196350 2093.0
1196360 2090.3
1196370 2090.3
1196380 2087.0
1196390 2084.4
1196400 2084.4
1196410 2082.0
1196420 2081.0
1196430 2081.0
1196440 2079.4
1196450 2078.4
1196460 2076.3
1196470 2076.3
1196480 2073.4
1196490 2071.7
1196500 2071.7
1196510 2072.3
1196520 2072.3
1196530 2072.3
1196540 2072.7
1196550 2074.0
1196560 2074.0
1196570 2073.4
1196580 2074.2
1196590 2074.2
1196600 2075.7
1196610 2077.5
1196620 2077.5
1196630 2079.7
1196640 2079.5
1196650 2079.5
1196660 2080.9
1196670 2081.1
1196680 2081.1
1196690 2079.9
1196700 2079.6
1196710 2080.1
1196720 2080.1
1196730 2085.1
1196740 2089.5
1196750 2089.5
1196760 2090.6
1196770 2089.3
1196780 2089.3
1196790 2085.8
1196800 2084.4
1196810 2084.4
1196820 2084.8
1196830 2085.5
1196840 2085.5
1196850 2087.2
1196860 2087.4
1196870 2087.4
1196880 2087.6
1196890 2088.9
1196900 2088.9
1196910 2089.3
1196920 2089.2
1196930 2089.9
1196940 2089.9
1196950 2091.4
1196960 2093.9
1196970 2093.9
1196980 2096.0
1196990 2097.7
1197000 2097.7
1197010 2101.2
1197020 2106.0
1197030 2106.0
1197040 2111.9
1197050 2118.2
1197060 2118.2
1197070 2128.3
1197080 2136.5
1197090 2136.5
1197100 2148.3
1197110 2159.1
1197120 2159.1
1197130 2165.1
1197140 2170.9
1197150 2179.1
1197160 2179.1
1197170 2187.7
1197180 2197.2
1197190 2197.2
1197200 2207.3
1197210 2216.0
1197220 2216.0
1197230 2223.5
1197240 2229.2
1197250 2229.2
1197260 2224.3
1197270 2213.4
1197280 2213.4
1197290 2203.4
1197300 2191.5
1197310 2191.5
1197320 2181.0
1197330 2171.6
1197340 2171.6
1197350 2162.8
1197360 2154.8
1197370 2154.8
1197380 2147.8
1197390 2141.0
1197400 2133.0
1197410 2133.0
1197420 2124.2
1197430 2114.5
1197440 2114.5
1197450 2104.3
1197460 2096.4
1197470 2096.4
1197480 2089.6
1197490 2083.3
1197500 2083.3
1197510 2076.7
1197520 2074.8
1197530 2074.8
1197540 2073.5
1197550 2071.4
1197560 2071.4
1197570 2069.0
1197580 2065.1
1197590 2065.1
1197600 2059.8
1197610 2054.2
1197620 2050.0
1197630 2050.0
1197640 2048.0
1197650 2046.0
1197660 2046.0
1197670 2043.7
1197680 2043.6
1197690 2043.6
1197700 2046.9
1197710 2048.9
1197720 2048.9
1197730 2048.2
1197740 2046.1
1197750 2046.1
1197760 2044.7
1197770 2044.6
1197780 2044.6
1197790 2043.5
1197800 2041.3
1197810 2041.3
1197820 2038.5
1197830 2036.3
1197840 2039.4
1197850 2039.4
1197860 2044.2
1197870 2046.8
1197880 2046.8
1197890 2047.8
1197900 2047.4
1197910 2047.4
1197920 2046.1
1197930 2044.9
1197940 2044.9
1197950 2043.7
1197960 2043.7
1197970 2043.7
1197980 2042.5
1197990 2041.0
1198000 2041.0
1198010 2039.9
1198020 2038.2
1198030 2038.2
1198040 2036.0
1198050 2034.1
1198060 2032.5
1198070 2032.5
1198080 2030.8
1198090 2029.3
1198100 2029.3
1198110 2027.6
1198120 2025.6
1198130 2025.6
1198140 2023.0
1198150 2020.3
1198160 2020.3
1198170 2019.1
1198180 2016.6
1198190 2016.6
1198200 2014.1
1198210 2012.6
1198220 2012.6
1198230 2010.3
1198240 2007.8
1198250 2007.8
1198260 2007.6
1198270 2007.5
1198280 2007.5
1198290 2006.5
1198300 2006.0
1198310 2008.1
1198320 2008.1
1198330 2009.2
1198340 2009.8
1198350 2009.8
1198360 2011.7
1198370 2015.1
1198380 2015.1
1198390 2020.8
1198400 2034.4
1198410 2034.4
1198420 2039.3
1198430 2044.3
1198440 2044.3
1198450 2047.4
1198460 2048.7
1198470 2048.7
1198480 2052.8
1198490 2055.0
1198500 2055.0
1198510 2057.8
1198520 2063.4
1198530 2070.3
1198540 2070.3
1198550 2077.5
1198560 2084.0
1198570 2084.0
1198580 2090.7
1198590 2098.9
1198600 2098.9
1198610 2107.3
1198620 2113.1
1198630 2113.1
1198640 2117.0
1198650 2120.2
1198660 2120.2
1198670 2122.1
1198680 2121.9
1198690 2121.9
1198700 2120.6
1198710 2118.7
1198720 2118.7
1198730 2116.9
1198740 2115.5
1198750 2112.7
1198760 2112.7
1198770 2108.4
1198780 2104.6
1198790 2104.6
1198800 2101.3
1198810 2097.0
1198820 2097.0
1198830 2091.6
1198840 2087.1
1198850 2087.1
1198860 2080.3
1198870 2072.9
1198880 2072.9
1198890 2065.7
1198900 2058.6
1198910 2058.6
1198920 2051.6
1198930 2045.8
1198940 2045.8
1198950 2040.3
1198960 2034.8
1198970 2034.8
1198980 2028.7
1198990 2022.6
1199000 2016.0
1199010 2016.0
1199020 2009.4
1199030 2002.6
1199040 2002.6
1199050 1996.3
1199060 1989.8
1199070 1989.8
1199080 1982.8
1199090 1976.9
1199100 1976.9
1199110 1971.8
1199120 1966.4
1199130 1966.4
1199140 1961.7
1199150 1957.3
1199160 1957.3
1199170 1952.4
1199180 1948.2
1199190 1948.2
1199200 1945.2
1199210 1942.4
1199220 1938.7
1199230 1938.7
1199240 1934.3
1199250 1927.3
1199260 1927.3
1199270 1918.9
1199280 1908.1
1199290 1905.3
1199300 1891.5
1199310 1879.7
1199320 1879.7
1199330 1872.2
1199340 1865.3
1199350 1865.3
1199360 1859.2
1199370 1853.6
1199380 1853.6
1199390 1849.0
1199400 1844.3
1199410 1844.3
1199420 1840.4
1199430 1836.1
1199440 1831.6
1199450 1831.6
1199460 1828.1
1199470 1823.7
1199480 1823.7
1199490 1817.3
1199500 1811.6
1199510 1811.6
1199520 1808.2
1199530 1803.1
1199540 1803.1
1199550 1797.9
1199560 1794.2
1199570 1794.2
1199580 1791.9
1199590 1789.5
1199600 1789.5
1199610 1788.1
1199620 1787.1
1199630 1787.1
1199640 1786.0
1199650 1784.9
1199660 1784.9
1199670 1784.2
1199680 1784.8
1199690 1785.9
1199700 1785.9
1199710 1785.8
1199720 1785.9
1199730 1787.1
1199740 1786.6
1199750 1787.4
1199760 1787.4
1199770 1787.5
1199780 1786.5
1199790 1786.5
1199800 1786.6
1199810 1788.2
1199820 1788.2
1199830 1790.1
1199840 1794.5
1199850 1794.5
1199860 1800.3
1199870 1806.1
1199880 1806.1
1199890 1810.9
1199900 1813.6
1199910 1815.4
1199920 1815.4
1199930 1818.6
1199940 1822.7
1199950 1822.7
1199960 1827.2
1199970 1832.0
1199980 1832.0
1199990 1836.4
