1180000 1119.4
1180010 1119.4
1180020 1120.2
1180030 1120.8
1180040 1120.8
1180050 1120.9
1180060 1120.1
1180070 1120.1
1180080 1118.3
1180090 1114.6
1180100 1114.6
1180110 1109.7
1180120 1106.3
1180130 1106.3
1180140 1104.3
1180150 1102.5
1180160 1102.5
1180170 1100.9
1180180 1099.2
1180190 1103.1
1180200 1100.9
1180210 1099.0
1180220 1099.0
1180230 1097.2
1180240 1095.5
1180250 1095.5
1180260 1094.4
1180270 1093.9
1180280 1093.4
1180290 1093.4
1180300 1091.3
1180310 1089.2
1180320 1089.2
1180330 1087.8
1180340 1085.4
1180350 1085.4
1180360 1081.9
1180370 1078.2
1180380 1078.2
1180390 1076.3
1180400 1074.7
1180410 1074.7
1180420 1072.6
1180430 1071.2
1180440 1071.2
1180450 1069.2
1180460 1066.7
1180470 1066.7
1180480 1063.9
1180490 1061.3
1180500 1059.5
1180510 1059.5
1180520 1057.4
1180530 1055.4
1180540 1055.4
1180550 1054.0
1180560 1053.4
1180570 1053.4
1180580 1051.1
1180590 1047.3
1180600 1051.8
1180610 1049.3
1180620 1048.1
1180630 1048.1
1180640 1046.3
1180650 1044.6
1180660 1044.6
1180670 1043.4
1180680 1043.6
1180690 1043.6
1180700 1043.7
1180710 1040.9
1180720 1036.9
1180730 1036.9
1180740 1033.7
1180750 1030.2
1180760 1030.2
1180770 1027.6
1180780 1024.8
1180790 1024.8
1180800 1022.1
1180810 1020.1
1180820 1020.1
1180830 1017.9
1180840 1015.1
1180850 1015.1
1180860 1012.9
1180870 1011.7
1180880 1011.7
1180890 1011.3
1180900 1012.1
1180910 1012.1
1180920 1012.1
1180930 1010.0
1180940 1010.0
1180950 1007.7
1180960 1005.1
1180970 1002.4
1180980 1002.4
1180990 999.9
1181000 997.9
1181010 997.9
1181020 1000.6
1181030 1002.2
1181040 1002.2
1181050 1004.5
1181060 1006.0
1181070 1006.0
1181080 1006.1
1181090 1005.0
1181100 1005.0
1181110 1002.8
1181120 1000.5
1181130 1000.5
1181140 999.0
1181150 999.0
1181160 999.0
1181170 999.0
1181180 997.6
1181190 992.9
1181200 992.9
1181210 979.1
1181220 976.3
1181230 976.3
1181240 988.1
1181250 996.5
1181260 996.5
1181270 995.7
1181280 996.0
1181290 996.0
1181300 995.4
1181310 994.4
1181320 994.4
1181330 995.8
1181340 996.9
1181350 996.9
1181360 992.9
1181370 987.5
1181380 987.5
1181390 984.2
1181400 984.9
1181410 985.1
1181420 985.1
1181430 987.3
1181440 995.9
1181450 995.9
1181460 995.3
1181470 994.8
1181480 994.8
1181490 995.3
1181500 994.9
1181510 994.9
1181520 993.9
1181530 992.5
1181540 992.5
1181550 989.6
1181560 987.7
1181570 987.7
1181580 987.7
1181590 988.3
1181600 988.3
1181610 989.3
1181620 990.1
1181630 990.1
1181640 989.6
1181650 987.8
1181660 987.2
1181670 987.2
1181680 987.9
1181690 991.0
1181700 991.0
1181710 995.3
1181720 999.4
1181730 999.4
1181740 1004.5
1181750 1004.0
1181760 1004.0
1181770 1002.6
1181780 1004.3
1181790 1004.3
1181800 1006.3
1181810 1006.9
1181820 1006.9
1181830 1005.5
1181840 1001.7
1181850 1001.7
1181860 1002.9
1181870 999.4
1181880 996.9
1181890 996.9
1181900 994.0
1181910 991.1
1181920 991.1
1181930 993.3
1181940 995.1
1181950 995.1
1181960 995.9
1181970 996.5
1181980 996.5
1181990 997.1
1182000 997.4
1182010 997.4
1182020 997.0
1182030 995.4
1182040 995.4
1182050 994.4
1182060 996.2
1182070 996.2
1182080 1000.3
1182090 1004.8
1182100 1007.1
1182110 1007.1
1182120 1007.7
1182130 1009.3
1182140 1009.3
1182150 1011.0
1182160 1011.2
1182170 1011.2
1182180 1010.1
1182190 1008.4
1182200 1008.4
1182210 1006.4
1182220 1005.6
1182230 1005.6
1182240 1004.9
1182250 1004.4
1182260 1004.4
1182270 1003.4
1182280 1004.4
1182290 1004.4
1182300 1000.8
1182310 995.9
1182320 995.9
1182330 990.1
1182340 985.9
1182350 984.6
1182360 984.6
1182370 983.2
1182380 980.3
1182390 980.3
1182400 976.1
1182410 973.7
1182420 973.7
1182430 969.9
1182440 967.3
1182450 967.3
1182460 965.4
1182470 964.4
1182480 964.4
1182490 964.7
1182500 966.1
1182510 966.1
1182520 968.3
1182530 967.6
1182540 967.6
1182550 967.0
1182560 966.7
1182570 967.6
1182580 967.6
1182590 968.7
1182600 970.8
1182610 970.8
1182620 972.1
1182630 973.7
1182640 973.7
1182650 973.8
1182660 974.8
1182670 974.8
1182680 976.4
1182690 975.6
1182700 983.3
1182710 982.7
1182720 986.5
1182730 986.5
1182740 989.4
1182750 987.0
1182760 987.0
1182770 984.5
1182780 982.4
1182790 982.0
1182800 982.0
1182810 984.4
1182820 987.3
1182830 987.3
1182840 987.3
1182850 983.9
1182860 983.9
1182870 984.7
1182880 984.6
1182890 984.6
1182900 986.6
1182910 984.8
1182920 984.8
1182930 981.0
1182940 980.0
1182950 980.0
1182960 981.2
1182970 982.0
1182980 982.0
1182990 980.8
1183000 979.9
1183010 979.9
1183020 979.3
1183030 979.6
1183040 980.6
1183050 980.6
1183060 980.0
1183070 979.0
1183080 979.0
1183090 980.1
1183100 980.9
1183110 980.9
1183120 983.7
1183130 981.9
1183140 981.9
1183150 979.9
1183160 978.1
1183170 978.1
1183180 976.8
1183190 975.6
1183200 975.6
1183210 974.2
1183220 972.6
1183230 972.6
1183240 971.0
1183250 969.3
1183260 968.6
1183270 968.6
1183280 968.3
1183290 967.8
1183300 967.8
1183310 968.7
1183320 969.7
1183330 969.7
1183340 974.6
1183350 977.5
1183360 977.5
1183370 977.5
1183380 977.3
1183390 977.3
1183400 976.8
1183410 975.9
1183420 975.9
1183430 974.5
1183440 972.2
1183450 972.2
1183460 969.4
1183470 966.0
1183480 962.6
1183490 962.6
1183500 960.1
1183510 956.7
1183520 956.7
1183530 955.5
1183540 961.5
1183550 961.5
1183560 959.1
1183570 954.6
1183580 954.6
1183590 951.0
1183600 948.5
1183610 948.5
1183620 946.3
1183630 944.1
1183640 944.1
1183650 940.7
1183660 935.9
1183670 935.9
1183680 930.8
1183690 925.2
1183700 925.2
1183710 918.4
1183720 910.6
1183730 901.7
1183740 901.7
1183750 894.9
1183760 888.7
1183770 888.7
1183780 882.4
1183790 875.1
1183800 875.1
1183810 867.1
1183820 860.6
1183830 860.6
1183840 858.5
1183850 858.1
1183860 858.1
1183870 858.3
1183880 858.0
1183890 858.0
1183900 857.8
1183910 860.9
1183920 860.9
1183930 863.9
1183940 863.0
1183950 861.0
1183960 864.0
1183970 862.9
1183980 863.5
1183990 863.5
1184000 867.2
1184010 872.6
1184020 872.6
1184030 877.3
1184040 880.9
1184050 880.9
1184060 885.3
1184070 889.6
1184080 889.6
1184090 892.1
1184100 892.5
1184110 892.5
1184120 892.8
1184130 893.7
1184140 893.7
1184150 894.3
1184160 894.8
1184170 895.5
1184180 895.5
1184190 896.1
1184200 896.2
1184210 896.2
1184220 896.4
1184230 896.8
1184240 896.8
1184250 897.4
1184260 898.1
1184270 898.1
1184280 898.8
1184290 899.2
1184300 899.2
1184310 899.2
1184320 898.9
1184330 898.9
1184340 898.6
1184350 898.3
1184360 898.3
1184370 898.3
1184380 898.1
1184390 904.8
1184400 904.4
1184410 904.2
1184420 903.5
1184430 903.5
1184440 903.1
1184450 902.2
1184460 902.2
1184470 899.4
1184480 898.4
1184490 898.4
1184500 901.1
1184510 902.8
1184520 902.8
1184530 902.2
1184540 901.2
1184550 901.2
1184560 900.4
1184570 899.1
1184580 899.1
1184590 897.6
1184600 897.0
1184610 897.0
1184620 894.9
1184630 891.8
1184640 889.9
1184650 889.9
1184660 890.3
1184670 893.1
1184680 893.1
1184690 893.3
1184700 891.0
1184710 891.0
1184720 888.7
1184730 887.4
1184740 887.4
1184750 886.6
1184760 884.7
1184770 884.7
1184780 881.7
1184790 878.9
1184800 878.9
1184810 881.6
1184820 879.4
1184830 879.4
1184840 881.4
1184850 885.2
1184860 885.4
1184870 885.4
1184880 884.2
1184890 882.3
1184900 882.3
1184910 879.4
1184920 875.1
1184930 875.1
1184940 871.8
1184950 870.3
1184960 870.3
1184970 869.9
1184980 869.6
1184990 869.6
1185000 867.9
1185010 866.5
1185020 866.5
1185030 865.7
1185040 865.2
1185050 865.2
1185060 865.8
1185070 866.2
1185080 866.2
1185090 864.8
1185100 862.7
1185110 861.5
1185120 861.5
1185130 859.9
1185140 858.2
1185150 858.2
1185160 856.6
1185170 855.4
1185180 855.4
1185190 854.6
1185200 854.3
1185210 854.3
1185220 854.0
1185230 856.8
1185240 856.8
1185250 858.0
1185260 859.6
1185270 859.6
1185280 861.0
1185290 862.8
1185300 862.8
1185310 864.5
1185320 865.9
1185330 866.9
1185340 866.9
1185350 867.4
1185360 867.2
1185370 867.2
1185380 865.2
1185390 862.4
1185400 862.4
1185410 859.9
1185420 857.8
1185430 857.8
1185440 857.4
1185450 859.7
1185460 859.7
1185470 864.9
1185480 869.5
1185490 869.5
1185500 873.1
1185510 876.2
1185520 876.2
1185530 877.2
1185540 878.2
1185550 880.0
1185560 880.0
1185570 878.7
1185580 876.8
1185590 876.8
1185600 877.9
1185610 879.5
1185620 879.5
1185630 878.1
1185640 875.5
1185650 875.5
1185660 882.0
1185670 886.6
1185680 886.6
1185690 892.6
1185700 897.1
1185710 897.1
1185720 900.6
1185730 904.1
1185740 904.1
1185750 904.6
1185760 899.5
1185770 899.5
1185780 892.8
1185790 886.4
1185800 881.2
1185810 881.2
1185820 877.7
1185830 875.3
1185840 875.3
1185850 871.1
1185860 866.6
1185870 866.6
1185880 862.8
1185890 860.6
1185900 860.6
1185910 859.8
1185920 859.0
1185930 859.0
1185940 857.6
1185950 855.8
1185960 855.8
1185970 855.2
1185980 855.2
1185990 855.2
1186000 855.1
1186010 854.8
1186020 854.3
1186030 854.3
1186040 854.1
1186050 854.1
1186060 854.1
1186070 854.0
1186080 854.1
1186090 854.1
1186100 854.3
1186110 854.4
1186120 854.4
1186130 855.1
1186140 857.6
1186150 857.6
1186160 860.3
1186170 863.4
1186180 863.4
1186190 867.1
1186200 870.1
1186210 870.1
1186220 871.3
1186230 871.3
1186240 872.7
1186250 872.7
1186260 878.3
1186270 883.3
1186280 883.3
1186290 889.5
1186300 893.2
1186310 893.2
1186320 894.9
1186330 896.6
1186340 896.6
1186350 898.4
1186360 900.6
1186370 900.6
1186380 903.1
1186390 905.3
1186400 905.3
1186410 909.0
1186420 912.8
1186430 912.8
1186440 917.8
1186450 923.3
1186460 923.3
1186470 927.0
1186480 931.5
1186490 937.8
1186500 937.8
1186510 941.4
1186520 946.3
1186530 946.3
1186540 950.3
1186550 954.6
1186560 954.6
1186570 960.9
1186580 968.2
1186590 968.2
1186600 975.5
1186610 982.9
1186620 982.9
1186630 990.8
1186640 999.5
1186650 999.5
1186660 1008.1
1186670 1013.7
1186680 1013.7
1186690 1018.2
1186700 1023.2
1186710 1027.1
1186720 1027.1
1186730 1031.2
1186740 1035.8
1186750 1035.8
1186760 1040.5
1186770 1045.7
1186780 1045.7
1186790 1050.8
1186800 1056.8
1186810 1056.8
1186820 1063.9
1186830 1070.7
1186840 1070.7
1186850 1074.9
1186860 1075.6
1186870 1075.6
1186880 1075.0
1186890 1076.0
1186900 1076.0
1186910 1077.4
1186920 1080.0
1186930 1080.1
1186940 1080.1
1186950 1084.9
1186960 1091.5
1186970 1091.5
1186980 1100.1
1186990 1108.6
1187000 1108.6
1187010 1117.4
1187020 1127.1
1187030 1127.1
1187040 1138.4
1187050 1150.9
1187060 1150.9
1187070 1159.9
1187080 1164.0
1187090 1164.0
1187100 1169.3
1187110 1175.1
1187120 1175.1
1187130 1179.2
1187140 1184.1
1187150 1184.1
1187160 1190.8
1187170 1197.8
1187180 1205.0
1187190 1205.0
1187200 1212.6
1187210 1222.8
1187220 1222.8
1187230 1235.9
1187240 1249.0
1187250 1249.0
1187260 1262.6
1187270 1278.9
1187280 1278.9
1187290 1292.8
1187300 1306.4
1187310 1306.4
1187320 1316.7
1187330 1324.0
1187340 1324.0
1187350 1331.4
1187360 1335.0
1187370 1335.0
1187380 1342.6
1187390 1351.1
1187400 1357.8
1187410 1357.8
1187420 1365.1
1187430 1375.7
1187440 1375.7
1187450 1382.4
1187460 1386.9
1187470 1386.9
1187480 1395.6
1187490 1402.0
1187500 1402.0
1187510 1406.6
1187520 1415.3
1187530 1415.3
1187540 1423.7
1187550 1431.8
1187560 1431.8
1187570 1440.0
1187580 1450.5
1187590 1450.5
1187600 1457.6
1187610 1461.0
1187620 1464.1
1187630 1464.1
1187640 1469.0
1187650 1474.4
1187660 1474.4
1187670 1485.9
1187680 1501.5
1187690 1501.5
1187700 1510.7
1187710 1516.3
1187720 1516.3
1187730 1519.2
1187740 1520.9
1187750 1520.9
1187760 1521.9
1187770 1522.9
1187780 1522.9
1187790 1517.5
1187800 1519.3
1187810 1519.3
1187820 1522.7
1187830 1526.6
1187840 1526.6
1187850 1529.3
1187860 1531.8
1187870 1534.4
1187880 1534.4
1187890 1536.7
1187900 1541.7
1187910 1541.7
1187920 1546.9
1187930 1551.2
1187940 1551.2
1187950 1555.9
1187960 1560.9
1187970 1560.9
1187980 1565.4
1187990 1569.3
1188000 1569.3
1188010 1572.4
1188020 1574.2
1188030 1574.2
1188040 1575.9
1188050 1577.9
1188060 1577.9
1188070 1580.6
1188080 1582.7
1188090 1584.3
1188100 1584.3
1188110 1585.2
1188120 1585.4
1188130 1585.4
1188140 1585.2
1188150 1585.7
1188160 1585.7
1188170 1587.2
1188180 1586.9
1188190 1586.9
1188200 1586.4
1188210 1582.8
1188220 1582.8
1188230 1583.7
1188240 1586.1
1188250 1586.1
1188260 1589.7
1188270 1592.0
1188280 1592.0
1188290 1592.7
1188300 1593.0
1188310 1594.6
1188320 1594.6
1188330 1596.8
1188340 1599.1
1188350 1599.1
1188360 1602.4
1188370 1606.0
1188380 1606.0
1188390 1609.4
1188400 1613.2
1188410 1613.2
1188420 1616.7
1188430 1618.7
1188440 1618.7
1188450 1618.3
1188460 1618.3
1188470 1618.3
1188480 1619.5
1188490 1621.3
1188500 1621.3
1188510 1623.4
1188520 1625.4
1188530 1625.4
1188540 1626.7
1188550 1627.5
1188560 1628.7
1188570 1628.7
1188580 1630.4
1188590 1630.8
1188600 1630.8
1188610 1631.5
1188620 1632.4
1188630 1632.4
1188640 1630.1
1188650 1630.3
1188660 1630.3
1188670 1630.2
1188680 1630.3
1188690 1630.3
1188700 1629.2
1188710 1627.7
1188720 1627.7
1188730 1626.2
1188740 1624.2
1188750 1624.2
1188760 1622.0
1188770 1621.2
1188780 1621.4
1188790 1621.4
1188800 1621.8
1188810 1621.5
1188820 1621.5
1188830 1619.6
1188840 1616.1
1188850 1616.1
1188860 1613.2
1188870 1611.5
1188880 1611.5
1188890 1611.0
1188900 1611.0
1188910 1611.0
1188920 1611.2
1188930 1611.8
1188940 1611.8
1188950 1612.7
1188960 1613.1
1188970 1613.1
1188980 1613.1
1188990 1612.5
1189000 1611.4
1189010 1611.4
1189020 1609.3
1189030 1606.6
1189040 1606.6
1189050 1606.3
1189060 1607.7
1189070 1605.0
1189080 1604.4
1189090 1604.1
1189100 1604.1
1189110 1603.5
1189120 1604.0
1189130 1604.0
1189140 1605.8
1189150 1607.5
1189160 1607.5
1189170 1608.7
1189180 1610.1
1189190 1610.1
1189200 1611.1
1189210 1611.8
1189220 1611.8
1189230 1612.5
1189240 1612.5
1189250 1611.8
1189260 1611.8
1189270 1610.1
1189280 1607.6
1189290 1607.6
1189300 1604.7
1189310 1601.7
1189320 1601.7
1189330 1598.7
1189340 1595.9
1189350 1595.9
1189360 1593.7
1189370 1592.7
1189380 1592.7
1189390 1592.7
1189400 1592.8
1189410 1592.8
1189420 1594.4
1189430 1596.0
1189440 1596.0
1189450 1598.2
1189460 1603.1
1189470 1606.6
1189480 1606.6
1189490 1609.0
1189500 1614.3
1189510 1614.3
1189520 1614.8
1189530 1615.3
1189540 1615.3
1189550 1616.3
1189560 1618.2
1189570 1618.2
1189580 1621.8
1189590 1625.4
1189600 1625.4
1189610 1628.3
1189620 1630.6
1189630 1630.6
1189640 1632.6
1189650 1634.9
1189660 1634.9
1189670 1635.5
1189680 1635.3
1189690 1636.0
1189700 1636.0
1189710 1637.9
1189720 1640.0
1189730 1640.0
1189740 1642.0
1189750 1643.9
1189760 1643.9
1189770 1644.9
1189780 1646.1
1189790 1646.1
1189800 1647.7
1189810 1648.7
1189820 1648.7
1189830 1649.0
1189840 1648.4
1189850 1648.4
1189860 1647.7
1189870 1648.1
1189880 1648.1
1189890 1649.0
1189900 1649.8
1189910 1649.8
1189920 1651.2
1189930 1657.4
1189940 1659.3
1189950 1659.3
1189960 1660.3
1189970 1660.8
1189980 1660.8
1189990 1660.1
1190000 1658.7
1190010 1658.7
1190020 1658.6
1190030 1658.3
1190040 1658.3
1190050 1657.7
1190060 1657.4
1190070 1657.4
1190080 1657.2
1190090 1657.3
1190100 1657.3
1190110 1659.0
1190120 1661.9
1190130 1661.9
1190140 1662.8
1190150 1662.6
1190160 1661.3
1190170 1661.3
1190180 1656.1
1190190 1649.9
1190200 1649.9
1190210 1646.8
1190220 1646.1
1190230 1646.1
1190240 1645.9
1190250 1645.7
1190260 1645.7
1190270 1645.7
1190280 1645.9
1190290 1645.9
1190300 1646.3
1190310 1650.5
1190320 1650.5
1190330 1658.2
1190340 1666.3
1190350 1666.3
1190360 1678.0
1190370 1686.1
1190380 1693.6
1190390 1693.6
1190400 1702.1
1190410 1706.8
1190420 1706.8
1190430 1711.8
1190440 1715.5
1190450 1715.5
1190460 1719.4
1190470 1722.9
1190480 1722.9
1190490 1725.7
1190500 1729.2
1190510 1729.2
1190520 1732.7
1190530 1736.5
1190540 1736.5
1190550 1739.5
1190560 1741.5
1190570 1741.5
1190580 1742.9
1190590 1745.0
1190600 1745.0
1190610 1747.9
1190620 1749.2
1190630 1750.4
1190640 1750.4
1190650 1751.5
1190660 1753.0
1190670 1753.0
1190680 1755.3
1190690 1758.5
1190700 1758.5
1190710 1762.8
1190720 1767.4
1190730 1767.4
1190740 1770.8
1190750 1773.0
1190760 1773.0
1190770 1775.3
1190780 1776.8
1190790 1776.8
1190800 1778.5
1190810 1780.1
1190820 1780.1
1190830 1781.9
1190840 1784.2
1190850 1785.7
1190860 1785.7
1190870 1786.9
1190880 1786.2
1190890 1786.2
1190900 1784.1
1190910 1783.2
1190920 1783.2
1190930 1783.5
1190940 1783.7
1190950 1783.7
1190960 1781.1
1190970 1778.3
1190980 1778.3
1190990 1778.4
1191000 1779.0
1191010 1779.0
1191020 1779.8
1191030 1780.7
1191040 1780.7
1191050 1781.6
1191060 1782.5
1191070 1783.3
1191080 1783.3
1191090 1784.3
1191100 1785.4
1191110 1785.4
1191120 1786.6
1191130 1788.0
1191140 1788.0
1191150 1789.3
1191160 1790.7
1191170 1790.7
1191180 1792.6
1191190 1793.5
1191200 1793.5
1191210 1793.8
1191220 1796.0
1191230 1798.7
1191240 1802.7
1191250 1808.1
1191260 1808.1
1191270 1814.0
1191280 1820.9
1191290 1820.9
1191300 1828.9
1191310 1836.8
1191320 1844.3
1191330 1844.3
1191340 1851.2
1191350 1858.4
1191360 1858.4
1191370 1866.8
1191380 1875.8
1191390 1875.8
1191400 1884.6
1191410 1891.9
1191420 1891.9
1191430 1896.7
1191440 1900.6
1191450 1900.6
1191460 1903.3
1191470 1905.4
1191480 1905.4
1191490 1907.4
1191500 1910.9
1191510 1910.9
1191520 1916.8
1191530 1925.4
1191540 1933.0
1191550 1933.0
1191560 1939.0
1191570 1943.8
1191580 1943.8
1191590 1949.4
1191600 1952.6
1191610 1952.6
1191620 1954.8
1191630 1956.9
1191640 1956.9
1191650 1959.5
1191660 1963.5
1191670 1963.5
1191680 1967.9
1191690 1974.1
1191700 1974.1
1191710 1981.6
1191720 1986.2
1191730 1986.2
1191740 1988.5
1191750 1990.4
1191760 1991.7
1191770 1991.7
1191780 1993.4
1191790 1996.0
1191800 1996.0
1191810 2000.3
1191820 2004.0
1191830 2004.0
1191840 2008.2
1191850 2013.8
1191860 2013.8
1191870 2019.0
1191880 2023.0
1191890 2023.0
1191900 2025.7
1191910 2026.3
1191920 2026.3
1191930 2025.9
1191940 2027.4
1191950 2027.4
1191960 2029.5
1191970 2032.4
1191980 2032.4
1191990 2034.9
1192000 2036.1
1192010 2037.8
1192020 2037.8
1192030 2040.5
1192040 2043.3
1192050 2043.3
1192060 2045.7
1192070 2048.6
1192080 2048.6
1192090 2052.3
1192100 2056.8
1192110 2056.8
1192120 2060.9
1192130 2064.4
1192140 2064.4
1192150 2067.6
1192160 2069.9
1192170 2069.9
1192180 2072.5
1192190 2075.5
1192200 2075.5
1192210 2078.7
1192220 2082.1
1192230 2085.8
1192240 2085.8
1192250 2088.6
1192260 2092.8
1192270 2092.8
1192280 2096.8
1192290 2100.0
1192300 2100.0
1192310 2103.3
1192320 2106.2
1192330 2106.2
1192340 2108.6
1192350 2110.5
1192360 2110.5
1192370 2112.3
1192380 2114.9
1192390 2114.9
1192400 2118.6
1192410 2122.3
1192420 2122.3
1192430 2126.8
1192440 2131.8
1192450 2137.2
1192460 2137.2
1192470 2144.0
1192480 2150.5
1192490 2150.5
1192500 2155.4
1192510 2158.8
1192520 2158.8
1192530 2164.9
1192540 2171.9
1192550 2171.9
1192560 2181.9
1192570 2191.5
1192580 2191.5
1192590 2199.5
1192600 2204.7
1192610 2204.7
1192620 2208.9
1192630 2212.8
1192640 2212.8
1192650 2216.7
1192660 2221.1
1192670 2221.1
1192680 2225.2
1192690 2228.3
1192700 2231.9
1192710 2231.9
1192720 2237.0
1192730 2242.1
1192740 2242.1
1192750 2247.3
1192760 2252.3
1192770 2252.3
1192780 2258.0
1192790 2263.9
1192800 2263.9
1192810 2269.7
1192820 2274.9
1192830 2274.9
1192840 2279.7
1192850 2283.4
1192860 2283.4
1192870 2286.8
1192880 2291.0
1192890 2291.0
1192900 2296.4
1192910 2302.6
1192920 2308.2
1192930 2308.2
1192940 2312.7
1192950 2316.3
1192960 2319.3
1192970 2322.9
1192980 2325.9
1192990 2325.9
1193000 2328.4
1193010 2329.9
1193020 2329.9
1193030 2330.2
1193040 2329.3
1193050 2329.3
1193060 2328.0
1193070 2326.0
1193080 2326.0
1193090 2322.9
1193100 2319.7
1193110 2319.7
1193120 2314.7
1193130 2308.8
1193140 2303.8
1193150 2303.8
1193160 2299.8
1193170 2297.0
1193180 2297.0
1193190 2292.9
1193200 2286.8
1193210 2286.8
1193220 2281.4
1193230 2275.8
1193240 2275.8
1193250 2269.4
1193260 2262.1
1193270 2262.1
1193280 2254.5
1193290 2247.2
1193300 2247.2
1193310 2242.4
1193320 2239.4
1193330 2239.4
1193340 2239.9
1193350 2242.2
1193360 2242.2
1193370 2242.9
1193380 2241.0
1193390 2238.3
1193400 2242.0
1193410 2237.7
1193420 2234.0
1193430 2234.0
1193440 2233.5
1193450 2234.3
1193460 2234.3
1193470 2235.7
1193480 2235.5
1193490 2235.5
1193500 2234.1
1193510 2233.1
1193520 2233.1
1193530 2233.2
1193540 2234.7
1193550 2234.7
1193560 2237.7
1193570 2240.8
1193580 2240.8
1193590 2243.0
1193600 2243.6
1193610 2243.5
1193620 2243.5
1193630 2245.5
1193640 2249.6
1193650 2249.6
1193660 2251.9
1193670 2252.0
1193680 2252.0
1193690 2255.1
1193700 2260.2
1193710 2260.2
1193720 2265.5
1193730 2271.9
1193740 2271.9
1193750 2277.4
1193760 2282.5
1193770 2282.5
1193780 2288.2
1193790 2293.4
1193800 2293.4
1193810 2298.3
1193820 2302.1
1193830 2304.2
1193840 2305.2
1193850 2306.0
1193860 2307.9
1193870 2307.9
1193880 2311.3
1193890 2312.7
1193900 2312.7
1193910 2316.7
1193920 2323.6
1193930 2323.6
1193940 2330.9
1193950 2338.1
1193960 2338.1
1193970 2345.6
1193980 2353.4
1193990 2353.4
1194000 2362.7
1194010 2374.9
1194020 2374.9
1194030 2388.3
1194040 2402.1
1194050 2402.1
1194060 2411.6
1194070 2418.3
1194080 2424.9
1194090 2424.9
1194100 2426.6
1194110 2426.1
1194120 2426.1
1194130 2424.3
1194140 2422.1
1194150 2422.1
1194160 2419.7
1194170 2418.3
1194180 2418.3
1194190 2420.4
1194200 2420.9
1194210 2420.9
1194220 2422.1
1194230 2425.7
1194240 2425.7
1194250 2429.0
1194260 2433.0
1194270 2434.0
1194280 2439.2
1194290 2445.1
1194300 2452.3
1194310 2452.3
1194320 2461.7
1194330 2471.4
1194340 2471.4
1194350 2480.8
1194360 2489.9
1194370 2489.9
1194380 2498.3
1194390 2506.4
1194400 2506.4
1194410 2514.6
1194420 2523.1
1194430 2523.1
1194440 2530.0
1194450 2537.6
1194460 2537.6
1194470 2546.3
1194480 2553.3
1194490 2553.3
1194500 2557.6
1194510 2554.2
1194520 2547.3
1194530 2547.3
1194540 2540.4
1194550 2533.2
1194560 2533.2
1194570 2526.3
1194580 2519.8
1194590 2519.8
1194600 2513.8
1194610 2506.2
1194620 2506.2
1194630 2496.9
1194640 2488.6
1194650 2488.6
1194660 2481.3
1194670 2474.6
1194680 2474.6
1194690 2468.1
1194700 2461.6
1194710 2458.1
1194720 2451.4
1194730 2444.7
1194740 2444.7
1194750 2437.8
1194760 2430.5
1194770 2423.1
1194780 2423.1
1194790 2415.4
1194800 2408.6
1194810 2408.6
1194820 2402.5
1194830 2397.1
1194840 2397.1
1194850 2392.0
1194860 2387.3
1194870 2387.3
1194880 2383.8
1194890 2381.9
1194900 2381.9
1194910 2381.2
1194920 2380.5
1194930 2380.5
1194940 2378.7
1194950 2377.4
1194960 2377.4
1194970 2376.5
1194980 2377.2
1194990 2375.7
1195000 2375.7
1195010 2374.2
1195020 2375.4
1195030 2375.4
1195040 2374.4
1195050 2370.9
1195060 2370.9
1195070 2366.7
1195080 2362.0
1195090 2362.0
1195100 2357.6
1195110 2354.6
1195120 2354.6
1195130 2353.0
1195140 2352.2
1195150 2352.8
1195160 2353.5
1195170 2351.8
1195180 2351.8
1195190 2350.0
1195200 2348.0
1195210 2345.7
1195220 2345.7
1195230 2344.1
1195240 2342.3
1195250 2342.3
1195260 2341.9
1195270 2341.9
1195280 2341.9
1195290 2341.9
1195300 2341.5
1195310 2341.5
1195320 2339.8
1195330 2337.1
1195340 2337.1
1195350 2333.5
1195360 2329.3
1195370 2329.3
1195380 2326.5
1195390 2321.3
1195400 2321.3
1195410 2313.8
1195420 2308.2
1195430 2305.0
1195440 2305.0
1195450 2300.8
1195460 2296.0
1195470 2296.0
1195480 2294.5
1195490 2292.5
1195500 2292.5
1195510 2288.0
1195520 2283.4
1195530 2283.4
1195540 2279.3
1195550 2276.0
1195560 2276.0
1195570 2273.3
1195580 2271.1
1195590 2278.5
1195600 2274.8
1195610 2271.1
1195620 2271.1
1195630 2267.5
1195640 2263.5
1195650 2263.5
1195660 2260.1
1195670 2256.4
1195680 2253.3
1195690 2253.3
1195700 2251.6
1195710 2251.2
1195720 2251.2
1195730 2251.6
1195740 2252.5
1195750 2252.5
1195760 2254.2
1195770 2255.3
1195780 2255.3
1195790 2255.4
1195800 2255.9
1195810 2255.9
1195820 2255.8
1195830 2257.0
1195840 2257.0
1195850 2257.0
1195860 2255.1
1195870 2255.1
1195880 2251.3
1195890 2246.4
1195900 2239.8
1195910 2239.8
1195920 2230.5
1195930 2220.6
1195940 2220.6
1195950 2213.7
1195960 2205.3
1195970 2205.3
1195980 2196.3
1195990 2188.4
1196000 2188.4
1196010 2180.5
1196020 2172.1
1196030 2169.8
1196040 2162.1
1196050 2154.4
1196060 2154.4
1196070 2146.7
1196080 2138.5
1196090 2138.5
1196100 2131.1
1196110 2124.3
1196120 2117.4
1196130 2117.4
1196140 2109.9
1196150 2102.0
1196160 2102.0
1196170 2094.0
1196180 2087.1
1196190 2087.1
1196200 2080.4
1196210 2073.6
1196220 2073.6
1196230 2067.1
1196240 2060.9
1196250 2060.9
1196260 2054.8
1196270 2048.9
1196280 2048.9
1196290 2043.8
1196300 2039.9
1196310 2039.9
1196320 2036.7
1196330 2032.7
1196340 2032.7
1196350 2030.0
1196360 2028.5
1196370 2027.2
1196380 2027.2
1196390 2026.4
1196400 2025.1
1196410 2025.1
1196420 2022.5
1196430 2022.5
1196440 2022.5
1196450 2021.9
1196460 2020.0
1196470 2021.1
1196480 2020.5
1196490 2018.8
1196500 2018.8
1196510 2015.3
1196520 2013.2
1196530 2013.2
1196540 2011.2
1196550 2006.9
1196560 2006.9
1196570 2001.3
1196580 1999.6
1196590 2003.8
1196600 2003.8
1196610 2007.3
1196620 2004.7
1196630 2004.7
1196640 2002.4
1196650 1997.5
1196660 1997.5
1196670 1990.5
1196680 1983.8
1196690 1983.8
1196700 1979.3
1196710 1977.0
1196720 1977.0
1196730 1973.7
1196740 1969.5
1196750 1969.5
1196760 1966.7
1196770 1964.1
1196780 1964.1
1196790 1962.1
1196800 1962.3
1196810 1961.5
1196820 1961.5
1196830 1961.8
1196840 1963.9
1196850 1963.9
1196860 1967.1
1196870 1970.1
1196880 1970.1
1196890 1972.9
1196900 1975.3
1196910 1982.8
1196920 1985.2
1196930 1987.0
1196940 1987.0
1196950 1987.6
1196960 1987.9
1196970 1987.9
1196980 1987.9
1196990 1986.1
1197000 1986.1
1197010 1982.3
1197020 1978.1
1197030 1978.1
1197040 1977.4
1197050 1978.5
1197060 1978.4
1197070 1978.4
1197080 1977.5
1197090 1977.9
1197100 1977.9
1197110 1976.9
1197120 1974.4
1197130 1974.4
1197140 1973.5
1197150 1975.8
1197160 1975.8
1197170 1980.2
1197180 1984.0
1197190 1984.0
1197200 1987.0
1197210 1990.1
1197220 1990.1
1197230 1993.7
1197240 1996.4
1197250 1996.4
1197260 1999.1
1197270 2004.7
1197280 2010.2
1197290 2010.2
1197300 2014.5
1197310 2022.2
1197320 2022.2
1197330 2026.5
1197340 2029.4
1197350 2039.9
1197360 2041.8
1197370 2046.7
1197380 2046.7
1197390 2057.9
1197400 2077.9
1197410 2077.9
1197420 2097.8
1197430 2107.6
1197440 2107.6
1197450 2107.6
1197460 2109.7
1197470 2109.7
1197480 2110.0
1197490 2113.8
1197500 2121.2
1197510 2121.2
1197520 2125.9
1197530 2130.7
1197540 2130.7
1197550 2136.1
1197560 2141.2
1197570 2141.2
1197580 2143.2
1197590 2140.7
1197600 2140.7
1197610 2135.5
1197620 2129.8
1197630 2129.8
1197640 2124.2
1197650 2118.3
1197660 2118.3
1197670 2112.7
1197680 2106.6
1197690 2106.6
1197700 2100.5
1197710 2094.8
1197720 2094.8
1197730 2088.8
1197740 2082.4
1197750 2076.0
1197760 2076.0
1197770 2068.9
1197780 2061.5
1197790 2063.4
1197800 2056.8
1197810 2050.0
1197820 2050.0
1197830 2043.6
1197840 2036.5
1197850 2036.5
1197860 2028.9
1197870 2020.6
1197880 2020.6
1197890 2012.2
1197900 2003.5
1197910 2003.5
1197920 1994.9
1197930 1987.4
1197940 1987.4
1197950 1980.7
1197960 1974.6
1197970 1969.4
1197980 1969.4
1197990 1965.0
1198000 1960.7
1198010 1960.7
1198020 1957.0
1198030 1953.9
1198040 1953.9
1198050 1950.6
1198060 1947.0
1198070 1947.0
1198080 1943.0
1198090 1939.0
1198100 1939.0
1198110 1935.8
1198120 1933.8
1198130 1933.8
1198140 1930.7
1198150 1929.1
1198160 1929.1
1198170 1928.6
1198180 1929.1
1198190 1928.6
1198200 1928.6
1198210 1926.7
1198220 1925.1
1198230 1925.1
1198240 1925.7
1198250 1924.7
1198260 1924.7
1198270 1924.3
1198280 1923.9
1198290 1923.9
1198300 1922.5
1198310 1920.8
1198320 1920.8
1198330 1919.4
1198340 1918.0
1198350 1918.0
1198360 1914.7
1198370 1911.4
1198380 1911.4
1198390 1909.1
1198400 1907.9
1198410 1907.9
1198420 1908.4
1198430 1909.5
1198440 1911.8
1198450 1911.8
1198460 1914.1
1198470 1914.9
1198480 1914.9
1198490 1911.9
1198500 1908.6
1198510 1908.6
1198520 1907.9
1198530 1906.3
1198540 1906.3
1198550 1904.3
1198560 1903.8
1198570 1903.8
1198580 1905.0
1198590 1908.4
1198600 1908.4
1198610 1912.0
1198620 1915.7
1198630 1915.7
1198640 1919.0
1198650 1920.1
1198660 1919.9
1198670 1919.9
1198680 1921.8
1198690 1921.6
1198700 1921.6
1198710 1923.3
1198720 1925.7
1198730 1925.7
1198740 1928.2
1198750 1931.6
1198760 1931.6
1198770 1933.0
1198780 1931.3
1198790 1931.3
1198800 1929.0
1198810 1926.5
1198820 1926.5
1198830 1924.1
1198840 1921.9
1198850 1921.9
1198860 1918.6
1198870 1914.4
1198880 1908.4
1198890 1908.4
1198900 1900.8
1198910 1893.0
1198920 1893.0
1198930 1887.6
1198940 1882.8
1198950 1882.8
1198960 1877.9
1198970 1872.8
1198980 1872.8
1198990 1867.9
1199000 1864.1
1199010 1864.1
1199020 1861.0
1199030 1859.0
1199040 1859.0
1199050 1857.7
1199060 1856.9
1199070 1856.9
1199080 1855.8
1199090 1854.5
1199100 1854.5
1199110 1852.5
1199120 1854.7
1199130 1853.7
1199140 1853.7
1199150 1853.3
1199160 1853.6
1199170 1853.6
1199180 1854.2
1199190 1853.7
1199200 1853.7
1199210 1853.4
1199220 1853.4
1199230 1853.4
1199240 1852.2
1199250 1851.5
1199260 1851.5
1199270 1851.7
1199280 1850.4
1199290 1850.4
1199300 1848.0
1199310 1844.5
1199320 1844.5
1199330 1836.8
1199340 1830.7
1199350 1823.2
1199360 1823.2
1199370 1817.4
1199380 1812.3
1199390 1812.3
1199400 1807.7
1199410 1803.0
1199420 1803.0
1199430 1797.1
1199440 1791.1
1199450 1791.1
1199460 1785.0
1199470 1779.4
1199480 1779.4
1199490 1773.5
1199500 1764.1
1199510 1764.1
1199520 1744.3
1199530 1732.1
1199540 1732.1
1199550 1724.7
1199560 1717.7
1199570 1711.7
1199580 1711.7
1199590 1706.5
1199600 1701.3
1199610 1701.3
1199620 1696.4
1199630 1692.2
1199640 1692.2
1199650 1689.6
1199660 1686.8
1199670 1686.8
1199680 1683.5
1199690 1680.3
1199700 1680.3
1199710 1676.5
1199720 1672.3
1199730 1672.3
1199740 1668.2
1199750 1663.8
1199760 1663.8
1199770 1658.4
1199780 1652.7
1199790 1652.7
1199800 1645.5
1199810 1636.9
1199820 1629.5
1199830 1629.5
1199840 1625.0
1199850 1625.1
1199860 1625.1
1199870 1626.3
1199880 1629.2
1199890 1629.2
1199900 1628.1
1199910 1623.3
1199920 1623.3
1199930 1622.7
1199940 1624.9
1199950 1624.9
1199960 1629.0
1199970 1632.4
1199980 1632.4
1199990 1636.8
