1180000 1142.2
1180010 1141.0
1180020 1140.0
1180030 1140.0
1180040 1138.5
1180050 1136.8
1180060 1136.8
1180070 1135.0
1180080 1132.9
1180090 1132.9
1180100 1130.3
1180110 1128.2
1180120 1128.2
1180130 1127.0
1180140 1128.9
1180150 1128.9
1180160 1128.2
1180170 1127.9
1180180 1127.2
1180190 1127.2
1180200 1125.8
1180210 1122.6
1180220 1122.6
1180230 1118.4
1180240 1115.0
1180250 1115.0
1180260 1112.2
1180270 1110.3
1180280 1110.3
1180290 1109.3
1180300 1108.1
1180310 1108.1
1180320 1106.7
1180330 1105.5
1180340 1105.5
1180350 1104.4
1180360 1103.1
1180370 1103.1
1180380 1101.8
1180390 1100.6
1180400 1100.6
1180410 1099.1
1180420 1097.7
1180430 1096.4
1180440 1096.4
1180450 1094.7
1180460 1093.1
1180470 1093.1
1180480 1092.0
1180490 1091.5
1180500 1091.5
1180510 1091.2
1180520 1090.7
1180530 1090.7
1180540 1088.2
1180550 1084.5
1180560 1089.3
1180570 1086.1
1180580 1083.1
1180590 1083.1
1180600 1081.4
1180610 1080.2
1180620 1080.2
1180630 1078.7
1180640 1077.5
1180650 1076.7
1180660 1076.7
1180670 1076.1
1180680 1074.1
1180690 1074.1
1180700 1071.0
1180710 1068.1
1180720 1068.1
1180730 1066.5
1180740 1064.0
1180750 1064.0
1180760 1062.0
1180770 1059.8
1180780 1059.8
1180790 1057.3
1180800 1055.4
1180810 1055.4
1180820 1054.3
1180830 1053.3
1180840 1053.3
1180850 1051.7
1180860 1050.3
1180870 1049.1
1180880 1049.1
1180890 1047.5
1180900 1046.4
1180910 1046.4
1180920 1046.3
1180930 1044.7
1180940 1044.7
1180950 1041.0
1180960 1035.5
1180970 1039.3
1180980 1034.5
1180990 1030.0
1181000 1030.0
1181010 1028.7
1181020 1030.1
1181030 1030.1
1181040 1033.0
1181050 1037.4
1181060 1037.4
1181070 1041.9
1181080 1042.2
1181090 1042.2
1181100 1041.3
1181110 1042.8
1181120 1044.8
1181130 1044.8
1181140 1045.4
1181150 1043.2
1181160 1043.2
1181170 1037.5
1181180 1026.8
1181190 1026.8
1181200 1015.8
1181210 1017.9
1181220 1017.9
1181230 1028.8
1181240 1034.9
1181250 1034.9
1181260 1037.2
1181270 1037.4
1181280 1037.4
1181290 1037.7
1181300 1037.6
1181310 1037.6
1181320 1038.3
1181330 1038.3
1181340 1037.8
1181350 1037.8
1181360 1035.8
1181370 1035.3
1181380 1035.3
1181390 1041.1
1181400 1040.0
1181410 1040.0
1181420 1038.5
1181430 1036.7
1181440 1036.7
1181450 1033.8
1181460 1031.1
1181470 1031.1
1181480 1028.9
1181490 1025.9
1181500 1025.9
1181510 1023.0
1181520 1021.6
1181530 1021.6
1181540 1021.4
1181550 1020.9
1181560 1020.7
1181570 1020.7
1181580 1021.1
1181590 1021.6
1181600 1021.6
1181610 1022.4
1181620 1022.9
1181630 1022.9
1181640 1022.8
1181650 1022.2
1181660 1022.2
1181670 1021.7
1181680 1020.9
1181690 1020.9
1181700 1021.4
1181710 1026.1
1181720 1026.1
1181730 1031.2
1181740 1035.8
1181750 1035.8
1181760 1037.4
1181770 1036.5
1181780 1036.5
1181790 1034.5
1181800 1033.5
1181810 1035.5
1181820 1035.5
1181830 1033.7
1181840 1029.5
1181850 1029.5
1181860 1025.2
1181870 1021.7
1181880 1021.7
1181890 1019.9
1181900 1017.3
1181910 1017.3
1181920 1014.2
1181930 1012.5
1181940 1012.5
1181950 1013.9
1181960 1016.1
1181970 1016.1
1181980 1018.6
1181990 1020.5
1182000 1020.5
1182010 1021.5
1182020 1021.6
1182030 1020.6
1182040 1020.6
1182050 1020.4
1182060 1022.0
1182070 1022.0
1182080 1024.6
1182090 1028.6
1182100 1028.6
1182110 1031.9
1182120 1032.8
1182130 1032.8
1182140 1033.0
1182150 1032.9
1182160 1032.9
1182170 1032.3
1182180 1029.0
1182190 1029.0
1182200 1026.1
1182210 1025.9
1182220 1025.9
1182230 1031.4
1182240 1032.4
1182250 1031.0
1182260 1031.0
1182270 1028.0
1182280 1024.4
1182290 1024.4
1182300 1020.0
1182310 1015.1
1182320 1015.1
1182330 1012.6
1182340 1011.4
1182350 1011.4
1182360 1010.6
1182370 1009.8
1182380 1009.8
1182390 1009.5
1182400 1009.6
1182410 1009.6
1182420 1009.0
1182430 1007.5
1182440 1007.5
1182450 1006.2
1182460 1005.0
1182470 1005.0
1182480 1003.9
1182490 1004.9
1182500 1005.7
1182510 1005.7
1182520 1006.2
1182530 1007.1
1182540 1007.1
1182550 1008.2
1182560 1008.3
1182570 1008.3
1182580 1006.7
1182590 1004.5
1182600 1004.5
1182610 1003.1
1182620 1002.6
1182630 1002.6
1182640 1003.3
1182650 1006.8
1182660 1006.8
1182670 1006.6
1182680 1005.7
1182690 1005.7
1182700 1003.7
1182710 1002.6
1182720 1003.0
1182730 1003.0
1182740 1004.5
1182750 1005.6
1182760 1005.6
1182770 1007.3
1182780 1008.8
1182790 1008.8
1182800 1009.7
1182810 1010.3
1182820 1010.3
1182830 1010.7
1182840 1011.3
1182850 1011.3
1182860 1012.0
1182870 1012.5
1182880 1012.5
1182890 1012.9
1182900 1013.3
1182910 1013.3
1182920 1013.5
1182930 1014.3
1182940 1014.9
1182950 1014.9
1182960 1014.9
1182970 1013.8
1182980 1013.8
1182990 1010.9
1183000 1007.8
1183010 1007.8
1183020 1005.3
1183030 1003.2
1183040 1003.2
1183050 1001.3
1183060 999.4
1183070 1005.2
1183080 1005.1
1183090 1005.0
1183100 1005.0
1183110 1006.6
1183120 1006.7
1183130 1006.7
1183140 1004.6
1183150 1004.0
1183160 1004.0
1183170 1005.3
1183180 1006.6
1183190 1006.3
1183200 1006.3
1183210 1005.8
1183220 1005.3
1183230 1005.3
1183240 1004.7
1183250 1004.0
1183260 1004.0
1183270 1003.1
1183280 1002.2
1183290 1002.2
1183300 1001.3
1183310 999.5
1183320 999.5
1183330 997.9
1183340 996.1
1183350 996.1
1183360 994.2
1183370 992.5
1183380 992.5
1183390 991.1
1183400 990.6
1183410 990.0
1183420 990.0
1183430 989.4
1183440 989.0
1183450 989.0
1183460 987.6
1183470 985.5
1183480 985.5
1183490 986.9
1183500 985.3
1183510 985.3
1183520 981.9
1183530 978.4
1183540 978.4
1183550 976.5
1183560 976.2
1183570 976.2
1183580 975.1
1183590 971.3
1183600 971.3
1183610 967.3
1183620 963.3
1183630 960.3
1183640 960.3
1183650 956.9
1183660 953.1
1183670 953.1
1183680 950.0
1183690 946.7
1183700 946.7
1183710 941.8
1183720 934.5
1183730 934.5
1183740 927.0
1183750 920.7
1183760 920.7
1183770 915.0
1183780 909.0
1183790 909.0
1183800 903.0
1183810 895.7
1183820 895.7
1183830 888.6
1183840 882.3
1183850 882.3
1183860 878.5
1183870 877.3
1183880 879.2
1183890 879.2
1183900 884.1
1183910 889.6
1183920 893.5
1183930 890.0
1183940 883.3
1183950 883.3
1183960 880.1
1183970 880.6
1183980 880.6
1183990 882.4
1184000 885.1
1184010 885.1
1184020 887.6
1184030 888.8
1184040 888.8
1184050 891.0
1184060 894.6
1184070 894.6
1184080 898.6
1184090 903.9
1184100 908.1
1184110 908.1
1184120 911.6
1184130 915.5
1184140 915.5
1184150 916.6
1184160 916.9
1184170 916.9
1184180 919.0
1184190 923.3
1184200 923.3
1184210 926.2
1184220 928.7
1184230 928.7
1184240 931.2
1184250 933.3
1184260 933.3
1184270 934.7
1184280 936.8
1184290 936.8
1184300 939.1
1184310 939.8
1184320 938.9
1184330 938.9
1184340 941.8
1184350 940.8
1184360 940.8
1184370 940.2
1184380 940.2
1184390 940.2
1184400 940.3
1184410 939.7
1184420 939.7
1184430 939.2
1184440 938.8
1184450 938.8
1184460 937.8
1184470 935.2
1184480 935.2
1184490 929.8
1184500 924.0
1184510 924.0
1184520 920.9
1184530 922.2
1184540 922.2
1184550 926.0
1184560 927.7
1184570 927.1
1184580 927.1
1184590 924.1
1184600 919.0
1184610 919.0
1184620 915.8
1184630 916.6
1184640 916.6
1184650 918.8
1184660 919.2
1184670 919.2
1184680 920.4
1184690 922.6
1184700 922.6
1184710 923.1
1184720 921.2
1184730 921.2
1184740 918.7
1184750 916.8
1184760 919.6
1184770 918.1
1184780 916.7
1184790 912.9
1184800 912.9
1184810 909.1
1184820 908.6
1184830 908.6
1184840 911.3
1184850 915.9
1184860 915.9
1184870 917.8
1184880 913.4
1184890 913.4
1184900 907.5
1184910 905.9
1184920 905.9
1184930 907.4
1184940 908.1
1184950 908.1
1184960 908.6
1184970 909.1
1184980 909.1
1184990 908.8
1185000 905.9
1185010 902.5
1185020 902.5
1185030 900.5
1185040 902.2
1185050 902.2
1185060 905.7
1185070 906.8
1185080 906.8
1185090 903.6
1185100 899.8
1185110 899.8
1185120 899.6
1185130 902.6
1185140 902.6
1185150 900.8
1185160 895.9
1185170 895.9
1185180 897.5
1185190 893.0
1185200 893.0
1185210 889.5
1185220 889.1
1185230 889.1
1185240 886.9
1185250 883.0
1185260 879.8
1185270 879.8
1185280 880.8
1185290 886.1
1185300 886.1
1185310 889.7
1185320 888.8
1185330 888.8
1185340 886.5
1185350 886.8
1185360 886.8
1185370 888.0
1185380 887.7
1185390 887.7
1185400 889.9
1185410 893.7
1185420 893.7
1185430 897.1
1185440 897.7
1185450 897.7
1185460 900.0
1185470 905.2
1185480 909.7
1185490 909.7
1185500 913.7
1185510 918.0
1185520 918.0
1185530 920.3
1185540 920.8
1185550 920.8
1185560 920.5
1185570 919.2
1185580 919.2
1185590 919.3
1185600 921.8
1185610 928.1
1185620 929.4
1185630 929.4
1185640 929.4
1185650 929.5
1185660 929.2
1185670 929.2
1185680 928.4
1185690 928.4
1185700 931.0
1185710 931.0
1185720 931.5
1185730 929.8
1185740 929.8
1185750 924.9
1185760 919.5
1185770 919.5
1185780 915.0
1185790 910.9
1185800 910.9
1185810 906.2
1185820 903.0
1185830 903.0
1185840 899.8
1185850 894.6
1185860 894.6
1185870 889.5
1185880 883.3
1185890 883.3
1185900 877.9
1185910 876.3
1185920 876.3
1185930 875.9
1185940 874.9
1185950 872.0
1185960 872.0
1185970 868.2
1185980 864.9
1185990 864.9
1186000 863.3
1186010 860.9
1186020 860.9
1186030 861.4
1186040 859.6
1186050 859.6
1186060 858.6
1186070 856.4
1186080 856.4
1186090 855.4
1186100 855.4
1186110 855.4
1186120 855.2
1186130 855.2
1186140 855.2
1186150 855.3
1186160 855.3
1186170 855.3
1186180 855.3
1186190 855.2
1186200 855.1
1186210 855.1
1186220 855.2
1186230 855.7
1186240 855.7
1186250 857.0
1186260 859.3
1186270 859.3
1186280 862.2
1186290 866.7
1186300 866.7
1186310 871.0
1186320 872.1
1186330 872.1
1186340 874.9
1186350 880.9
1186360 880.9
1186370 887.6
1186380 893.9
1186390 898.2
1186400 898.2
1186410 901.7
1186420 906.4
1186430 906.4
1186440 912.4
1186450 917.2
1186460 913.6
1186470 917.7
1186480 919.6
1186490 919.6
1186500 920.4
1186510 923.2
1186520 923.2
1186530 927.1
1186540 930.2
1186550 930.2
1186560 933.0
1186570 937.4
1186580 937.4
1186590 943.0
1186600 949.9
1186610 949.9
1186620 956.9
1186630 964.1
1186640 971.6
1186650 971.6
1186660 977.7
1186670 983.5
1186680 983.5
1186690 989.2
1186700 994.5
1186710 994.5
1186720 999.7
1186730 1004.3
1186740 1004.3
1186750 1008.6
1186760 1012.9
1186770 1012.9
1186780 1016.7
1186790 1020.0
1186800 1020.0
1186810 1023.0
1186820 1026.1
1186830 1026.1
1186840 1030.1
1186850 1034.8
1186860 1040.4
1186870 1040.4
1186880 1046.6
1186890 1051.5
1186900 1051.5
1186910 1057.9
1186920 1064.4
1186930 1064.4
1186940 1071.2
1186950 1077.9
1186960 1077.9
1186970 1084.5
1186980 1091.1
1186990 1091.1
1187000 1097.4
1187010 1103.8
1187020 1103.8
1187030 1109.9
1187040 1116.1
1187050 1116.1
1187060 1122.2
1187070 1128.0
1187080 1135.8
1187090 1135.8
1187100 1146.4
1187110 1154.8
1187120 1154.8
1187130 1161.6
1187140 1169.3
1187150 1169.3
1187160 1177.7
1187170 1185.9
1187180 1185.9
1187190 1194.2
1187200 1202.1
1187210 1202.1
1187220 1210.8
1187230 1220.4
1187240 1220.4
1187250 1231.4
1187260 1242.2
1187270 1242.2
1187280 1257.0
1187290 1267.2
1187300 1267.2
1187310 1268.1
1187320 1276.1
1187330 1280.8
1187340 1280.8
1187350 1287.7
1187360 1296.6
1187370 1296.6
1187380 1307.1
1187390 1317.5
1187400 1317.5
1187410 1327.1
1187420 1334.0
1187430 1334.0
1187440 1339.3
1187450 1345.7
1187460 1345.7
1187470 1352.8
1187480 1361.0
1187490 1361.0
1187500 1370.9
1187510 1381.3
1187520 1381.3
1187530 1392.0
1187540 1397.2
1187550 1399.0
1187560 1399.0
1187570 1401.2
1187580 1403.0
1187590 1403.0
1187600 1405.3
1187610 1414.1
1187620 1414.1
1187630 1425.0
1187640 1429.8
1187650 1429.8
1187660 1438.7
1187670 1452.9
1187680 1452.9
1187690 1466.7
1187700 1482.0
1187710 1482.0
1187720 1490.2
1187730 1495.1
1187740 1491.3
1187750 1494.2
1187760 1495.0
1187770 1495.7
1187780 1495.7
1187790 1497.5
1187800 1499.4
1187810 1499.4
1187820 1501.7
1187830 1504.5
1187840 1504.5
1187850 1508.7
1187860 1514.0
1187870 1514.0
1187880 1520.0
1187890 1525.6
1187900 1525.6
1187910 1529.9
1187920 1535.3
1187930 1535.3
1187940 1540.5
1187950 1546.1
1187960 1546.1
1187970 1552.7
1187980 1557.1
1187990 1557.1
1188000 1559.2
1188010 1562.4
1188020 1566.6
1188030 1566.6
1188040 1570.5
1188050 1573.6
1188060 1573.6
1188070 1575.3
1188080 1574.8
1188090 1574.8
1188100 1572.7
1188110 1569.6
1188120 1569.6
1188130 1565.7
1188140 1563.5
1188150 1563.5
1188160 1563.0
1188170 1555.6
1188180 1555.6
1188190 1555.2
1188200 1554.9
1188210 1554.9
1188220 1555.2
1188230 1556.1
1188240 1558.7
1188250 1558.7
1188260 1562.3
1188270 1564.7
1188280 1564.7
1188290 1565.7
1188300 1566.3
1188310 1566.3
1188320 1567.3
1188330 1568.6
1188340 1568.6
1188350 1570.6
1188360 1573.6
1188370 1573.6
1188380 1577.6
1188390 1581.3
1188400 1581.3
1188410 1585.2
1188420 1588.9
1188430 1588.9
1188440 1592.5
1188450 1596.8
1188460 1600.6
1188470 1600.6
1188480 1605.8
1188490 1609.5
1188500 1609.5
1188510 1611.7
1188520 1612.8
1188530 1612.8
1188540 1614.2
1188550 1614.5
1188560 1614.5
1188570 1614.2
1188580 1614.1
1188590 1614.1
1188600 1608.3
1188610 1609.3
1188620 1609.3
1188630 1609.9
1188640 1610.0
1188650 1610.0
1188660 1610.6
1188670 1611.3
1188680 1610.5
1188690 1610.5
1188700 1609.5
1188710 1607.7
1188720 1607.7
1188730 1605.0
1188740 1603.0
1188750 1603.0
1188760 1601.4
1188770 1599.5
1188780 1599.5
1188790 1598.0
1188800 1596.7
1188810 1596.7
1188820 1595.6
1188830 1594.9
1188840 1594.9
1188850 1594.2
1188860 1593.3
1188870 1593.3
1188880 1592.6
1188890 1592.0
1188900 1592.0
1188910 1591.4
1188920 1590.7
1188930 1590.5
1188940 1590.5
1188950 1590.5
1188960 1590.6
1188970 1590.6
1188980 1590.9
1188990 1591.5
1189000 1591.5
1189010 1592.0
1189020 1592.4
1189030 1591.7
1189040 1592.8
1189050 1594.9
1189060 1594.9
1189070 1596.8
1189080 1598.4
1189090 1598.4
1189100 1599.9
1189110 1601.2
1189120 1601.2
1189130 1601.2
1189140 1599.9
1189150 1598.7
1189160 1598.7
1189170 1598.0
1189180 1597.3
1189190 1597.3
1189200 1596.4
1189210 1595.1
1189220 1595.1
1189230 1593.3
1189240 1591.4
1189250 1591.4
1189260 1589.9
1189270 1588.7
1189280 1588.7
1189290 1588.4
1189300 1588.7
1189310 1588.7
1189320 1589.2
1189330 1590.2
1189340 1590.2
1189350 1591.3
1189360 1593.1
1189370 1596.2
1189380 1596.2
1189390 1599.8
1189400 1604.1
1189410 1604.1
1189420 1608.8
1189430 1613.0
1189440 1613.0
1189450 1615.5
1189460 1617.8
1189470 1617.8
1189480 1620.0
1189490 1622.9
1189500 1622.9
1189510 1625.2
1189520 1627.9
1189530 1627.9
1189540 1632.8
1189550 1636.7
1189560 1636.7
1189570 1639.4
1189580 1641.8
1189590 1641.8
1189600 1643.4
1189610 1643.0
1189620 1641.5
1189630 1641.5
1189640 1642.0
1189650 1644.1
1189660 1644.1
1189670 1646.3
1189680 1648.1
1189690 1648.1
1189700 1650.1
1189710 1651.4
1189720 1651.4
1189730 1652.3
1189740 1653.2
1189750 1653.2
1189760 1653.9
1189770 1653.5
1189780 1653.5
1189790 1652.8
1189800 1652.4
1189810 1652.4
1189820 1652.2
1189830 1652.2
1189840 1652.9
1189850 1652.9
1189860 1655.5
1189870 1659.4
1189880 1659.4
1189890 1664.1
1189900 1665.7
1189910 1665.7
1189920 1667.5
1189930 1667.2
1189940 1667.2
1189950 1664.4
1189960 1661.2
1189970 1661.2
1189980 1658.5
1189990 1655.6
1190000 1655.6
1190010 1652.6
1190020 1650.2
1190030 1650.2
1190040 1649.5
1190050 1649.7
1190060 1651.9
1190070 1651.9
1190080 1654.3
1190090 1655.3
1190100 1655.3
1190110 1655.9
1190120 1656.1
1190130 1656.1
1190140 1655.0
1190150 1651.9
1190160 1651.9
1190170 1649.3
1190180 1648.5
1190190 1648.5
1190200 1648.1
1190210 1647.6
1190220 1647.6
1190230 1647.2
1190240 1647.2
1190250 1647.2
1190260 1647.2
1190270 1648.5
1190280 1648.5
1190290 1652.7
1190300 1658.3
1190310 1665.2
1190320 1667.3
1190330 1675.8
1190340 1685.2
1190350 1685.2
1190360 1694.7
1190370 1703.4
1190380 1703.4
1190390 1711.9
1190400 1717.9
1190410 1717.9
1190420 1721.7
1190430 1727.1
1190440 1727.1
1190450 1730.9
1190460 1734.3
1190470 1734.3
1190480 1737.8
1190490 1741.1
1190500 1741.1
1190510 1744.6
1190520 1748.1
1190530 1751.0
1190540 1751.0
1190550 1753.3
1190560 1755.3
1190570 1755.3
1190580 1757.6
1190590 1760.5
1190600 1760.5
1190610 1763.6
1190620 1766.1
1190630 1766.1
1190640 1767.5
1190650 1768.9
1190660 1768.9
1190670 1770.1
1190680 1771.3
1190690 1771.3
1190700 1770.8
1190710 1770.6
1190720 1770.6
1190730 1770.7
1190740 1771.2
1190750 1771.8
1190760 1771.8
1190770 1772.2
1190780 1772.5
1190790 1772.5
1190800 1772.8
1190810 1773.0
1190820 1773.0
1190830 1773.1
1190840 1773.4
1190850 1773.4
1190860 1773.7
1190870 1774.0
1190880 1774.0
1190890 1774.3
1190900 1774.5
1190910 1774.5
1190920 1774.7
1190930 1775.0
1190940 1775.0
1190950 1775.4
1190960 1775.9
1190970 1775.9
1190980 1776.3
1190990 1776.7
1191000 1777.3
1191010 1777.3
1191020 1778.2
1191030 1779.3
1191040 1779.3
1191050 1780.9
1191060 1783.1
1191070 1783.1
1191080 1785.3
1191090 1787.0
1191100 1787.0
1191110 1788.9
1191120 1791.1
1191130 1791.1
1191140 1793.5
1191150 1796.0
1191160 1796.0
1191170 1799.0
1191180 1803.9
1191190 1803.9
1191200 1807.1
1191210 1810.8
1191220 1814.4
1191230 1814.4
1191240 1817.4
1191250 1820.1
1191260 1820.1
1191270 1824.4
1191280 1830.6
1191290 1830.6
1191300 1837.9
1191310 1845.8
1191320 1845.8
1191330 1855.7
1191340 1865.0
1191350 1865.0
1191360 1872.4
1191370 1877.4
1191380 1877.4
1191390 1880.3
1191400 1885.5
1191410 1885.5
1191420 1890.5
1191430 1893.1
1191440 1894.7
1191450 1894.7
1191460 1897.4
1191470 1902.4
1191480 1902.4
1191490 1906.7
1191500 1911.2
1191510 1911.2
1191520 1916.3
1191530 1920.2
1191540 1920.2
1191550 1924.6
1191560 1931.2
1191570 1931.2
1191580 1939.2
1191590 1948.4
1191600 1948.4
1191610 1953.1
1191620 1956.8
1191630 1956.8
1191640 1959.8
1191650 1962.7
1191660 1962.7
1191670 1966.4
1191680 1971.2
1191690 1974.5
1191700 1974.5
1191710 1977.9
1191720 1981.2
1191730 1981.2
1191740 1982.0
1191750 1983.0
1191760 1983.0
1191770 1983.8
1191780 1984.8
1191790 1984.8
1191800 1986.8
1191810 1990.0
1191820 1990.0
1191830 1993.4
1191840 1997.5
1191850 1997.5
1191860 2002.2
1191870 2006.9
1191880 2006.9
1191890 2011.1
1191900 2014.4
1191910 2017.4
1191920 2017.4
1191930 2020.3
1191940 2024.8
1191950 2024.8
1191960 2030.4
1191970 2034.4
1191980 2034.4
1191990 2038.1
1192000 2042.0
1192010 2042.0
1192020 2044.7
1192030 2046.0
1192040 2046.0
1192050 2049.4
1192060 2050.7
1192070 2050.7
1192080 2052.3
1192090 2054.7
1192100 2054.7
1192110 2057.6
1192120 2061.3
1192130 2065.4
1192140 2065.4
1192150 2069.2
1192160 2074.3
1192170 2074.3
1192180 2078.0
1192190 2081.6
1192200 2081.6
1192210 2086.1
1192220 2091.3
1192230 2091.3
1192240 2095.3
1192250 2098.2
1192260 2098.2
1192270 2100.1
1192280 2100.9
1192290 2100.9
1192300 2102.4
1192310 2106.2
1192320 2106.2
1192330 2109.2
1192340 2111.8
1192350 2111.8
1192360 2115.1
1192370 2118.9
1192380 2123.5
1192390 2123.5
1192400 2129.2
1192410 2135.9
1192420 2135.9
1192430 2142.3
1192440 2148.0
1192450 2148.0
1192460 2153.4
1192470 2158.2
1192480 2158.9
1192490 2162.4
1192500 2165.1
1192510 2165.1
1192520 2169.2
1192530 2174.5
1192540 2174.5
1192550 2181.3
1192560 2188.7
1192570 2188.7
1192580 2196.4
1192590 2207.2
1192600 2216.1
1192610 2216.1
1192620 2218.8
1192630 2220.6
1192640 2220.6
1192650 2222.1
1192660 2224.5
1192670 2224.5
1192680 2227.1
1192690 2230.8
1192700 2230.8
1192710 2236.6
1192720 2242.0
1192730 2242.0
1192740 2246.0
1192750 2250.3
1192760 2250.3
1192770 2255.8
1192780 2261.4
1192790 2261.4
1192800 2266.3
1192810 2271.2
1192820 2276.1
1192830 2276.1
1192840 2281.4
1192850 2287.8
1192860 2287.8
1192870 2294.3
1192880 2301.8
1192890 2301.8
1192900 2310.1
1192910 2317.0
1192920 2318.5
1192930 2324.0
1192940 2328.6
1192950 2328.6
1192960 2332.8
1192970 2336.4
1192980 2336.4
1192990 2338.7
1193000 2339.5
1193010 2339.5
1193020 2339.6
1193030 2339.6
1193040 2339.6
1193050 2339.3
1193060 2339.0
1193070 2338.8
1193080 2338.8
1193090 2338.3
1193100 2337.1
1193110 2337.1
1193120 2336.7
1193130 2335.5
1193140 2335.5
1193150 2331.5
1193160 2327.0
1193170 2327.0
1193180 2325.6
1193190 2322.5
1193200 2322.5
1193210 2318.7
1193220 2314.0
1193230 2314.0
1193240 2309.3
1193250 2304.1
1193260 2304.1
1193270 2297.1
1193280 2290.7
1193290 2286.5
1193300 2286.5
1193310 2283.9
1193320 2281.7
1193330 2281.7
1193340 2280.3
1193350 2286.4
1193360 2286.4
1193370 2285.4
1193380 2282.4
1193390 2282.4
1193400 2278.3
1193410 2274.1
1193420 2274.1
1193430 2269.3
1193440 2263.3
1193450 2263.3
1193460 2257.9
1193470 2254.1
1193480 2254.1
1193490 2252.0
1193500 2252.0
1193510 2253.3
1193520 2253.3
1193530 2255.8
1193540 2258.2
1193550 2258.2
1193560 2263.1
1193570 2266.0
1193580 2266.0
1193590 2268.4
1193600 2271.1
1193610 2271.1
1193620 2272.6
1193630 2273.6
1193640 2273.6
1193650 2274.3
1193660 2274.2
1193670 2274.2
1193680 2272.7
1193690 2269.6
1193700 2269.6
1193710 2268.9
1193720 2271.6
1193730 2271.6
1193740 2275.7
1193750 2281.6
1193760 2288.7
1193770 2288.7
1193780 2295.9
1193790 2305.1
1193800 2305.1
1193810 2313.0
1193820 2319.7
1193830 2319.7
1193840 2321.5
1193850 2320.7
1193860 2320.7
1193870 2320.5
1193880 2321.2
1193890 2321.2
1193900 2322.5
1193910 2325.0
1193920 2325.0
1193930 2325.6
1193940 2327.4
1193950 2327.4
1193960 2329.1
1193970 2332.4
1193980 2338.6
1193990 2338.6
1194000 2345.5
1194010 2353.0
1194020 2353.0
1194030 2362.6
1194040 2371.7
1194050 2371.7
1194060 2382.0
1194070 2392.4
1194080 2392.4
1194090 2402.5
1194100 2412.8
1194110 2412.8
1194120 2421.3
1194130 2428.3
1194140 2428.3
1194150 2432.5
1194160 2431.2
1194170 2431.2
1194180 2429.9
1194190 2428.8
1194200 2431.1
1194210 2431.1
1194220 2434.7
1194230 2435.2
1194240 2435.2
1194250 2436.0
1194260 2435.1
1194270 2435.1
1194280 2435.2
1194290 2437.9
1194300 2437.9
1194310 2441.9
1194320 2447.5
1194330 2447.5
1194340 2454.1
1194350 2462.4
1194360 2462.4
1194370 2473.1
1194380 2480.9
1194390 2480.9
1194400 2488.0
1194410 2495.6
1194420 2495.6
1194430 2501.3
1194440 2507.5
1194450 2515.3
1194460 2515.3
1194470 2523.6
1194480 2532.0
1194490 2532.0
1194500 2544.8
1194510 2550.7
1194520 2550.7
1194530 2548.5
1194540 2541.8
1194550 2541.8
1194560 2533.0
1194570 2522.8
1194580 2522.8
1194590 2512.7
1194600 2501.1
1194610 2501.1
1194620 2491.1
1194630 2481.5
1194640 2481.5
1194650 2473.1
1194660 2463.2
1194670 2455.6
1194680 2455.6
1194690 2447.9
1194700 2440.3
1194710 2440.3
1194720 2432.9
1194730 2424.6
1194740 2424.6
1194750 2416.9
1194760 2410.3
1194770 2410.3
1194780 2404.7
1194790 2399.7
1194800 2399.7
1194810 2396.0
1194820 2395.4
1194830 2395.4
1194840 2395.5
1194850 2394.6
1194860 2394.6
1194870 2393.9
1194880 2393.4
1194890 2393.7
1194900 2393.7
1194910 2392.5
1194920 2390.3
1194930 2390.3
1194940 2388.8
1194950 2388.6
1194960 2388.6
1194970 2386.7
1194980 2383.0
1194990 2383.0
1195000 2381.4
1195010 2382.7
1195020 2382.7
1195030 2381.8
1195040 2378.4
1195050 2378.4
1195060 2376.6
1195070 2376.0
1195080 2376.0
1195090 2375.6
1195100 2381.3
1195110 2381.3
1195120 2380.3
1195130 2379.8
1195140 2379.0
1195150 2379.0
1195160 2378.2
1195170 2377.8
1195180 2377.8
1195190 2376.1
1195200 2372.1
1195210 2372.1
1195220 2366.7
1195230 2362.9
1195240 2362.9
1195250 2360.9
1195260 2360.7
1195270 2360.7
1195280 2360.2
1195290 2359.2
1195300 2359.2
1195310 2357.2
1195320 2353.3
1195330 2353.3
1195340 2349.5
1195350 2349.5
1195360 2349.0
1195370 2349.0
1195380 2346.2
1195390 2340.9
1195400 2340.9
1195410 2335.7
1195420 2333.9
1195430 2333.9
1195440 2334.6
1195450 2334.7
1195460 2334.7
1195470 2334.6
1195480 2334.4
1195490 2334.4
1195500 2332.3
1195510 2329.1
1195520 2329.1
1195530 2326.0
1195540 2332.2
1195550 2332.2
1195560 2329.6
1195570 2327.2
1195580 2324.1
1195590 2324.1
1195600 2320.8
1195610 2316.9
1195620 2316.9
1195630 2313.1
1195640 2308.8
1195650 2308.8
1195660 2303.4
1195670 2298.2
1195680 2298.2
1195690 2293.3
1195700 2288.2
1195710 2288.2
1195720 2283.6
1195730 2282.6
1195740 2282.6
1195750 2285.6
1195760 2285.9
1195770 2285.9
1195780 2281.8
1195790 2277.5
1195800 2277.5
1195810 2269.3
1195820 2262.7
1195830 2260.3
1195840 2260.3
1195850 2257.4
1195860 2250.9
1195870 2250.9
1195880 2243.5
1195890 2235.1
1195900 2235.1
1195910 2227.8
1195920 2221.9
1195930 2221.9
1195940 2216.3
1195950 2210.4
1195960 2210.4
1195970 2203.9
1195980 2199.6
1195990 2199.6
1196000 2193.5
1196010 2187.0
1196020 2187.0
1196030 2180.8
1196040 2174.4
1196050 2168.0
1196060 2168.0
1196070 2161.1
1196080 2154.7
1196090 2154.7
1196100 2148.2
1196110 2141.7
1196120 2141.7
1196130 2135.4
1196140 2127.6
1196150 2127.6
1196160 2119.9
1196170 2109.2
1196180 2109.2
1196190 2095.4
1196200 2085.4
1196210 2085.4
1196220 2074.2
1196230 2065.2
1196240 2065.2
1196250 2058.5
1196260 2053.0
1196270 2050.2
1196280 2050.2
1196290 2050.9
1196300 2047.8
1196310 2047.8
1196320 2044.6
1196330 2042.7
1196340 2042.7
1196350 2041.5
1196360 2039.7
1196370 2039.7
1196380 2036.2
1196390 2031.6
1196400 2031.6
1196410 2030.8
1196420 2033.1
1196430 2033.1
1196440 2033.6
1196450 2032.5
1196460 2032.5
1196470 2030.2
1196480 2028.7
1196490 2027.5
1196500 2027.5
1196510 2025.4
1196520 2022.6
1196530 2022.6
1196540 2020.2
1196550 2018.6
1196560 2018.6
1196570 2019.1
1196580 2020.2
1196590 2020.2
1196600 2020.3
1196610 2019.1
1196620 2019.1
1196630 2018.1
1196640 2017.6
1196650 2017.6
1196660 2016.3
1196670 2015.3
1196680 2015.3
1196690 2013.2
1196700 2008.5
1196710 2008.5
1196720 2003.9
1196730 2000.4
1196740 1998.2
1196750 1998.2
1196760 1997.8
1196770 1998.9
1196780 1998.9
1196790 2001.4
1196800 2000.5
1196810 2000.5
1196820 1996.6
1196830 1994.9
1196840 1994.9
1196850 1996.0
1196860 2004.5
1196870 2004.5
1196880 2007.7
1196890 2005.7
1196900 2005.7
1196910 2002.4
1196920 2001.7
1196930 2001.7
1196940 2001.9
1196950 2001.5
1196960 2000.5
1196970 2000.5
1196980 2001.0
1196990 2001.9
1197000 2001.9
1197010 2000.7
1197020 1997.8
1197030 1997.8
1197040 1996.4
1197050 1995.9
1197060 1995.9
1197070 1996.0
1197080 1997.6
1197090 1997.6
1197100 2000.5
1197110 2005.3
1197120 2005.3
1197130 2019.5
1197140 2028.6
1197150 2028.6
1197160 2032.3
1197170 2038.8
1197180 2041.6
1197190 2041.6
1197200 2040.6
1197210 2038.9
1197220 2038.9
1197230 2040.4
1197240 2045.4
1197250 2045.4
1197260 2054.7
1197270 2060.2
1197280 2060.2
1197290 2067.5
1197300 2082.0
1197310 2082.0
1197320 2088.4
1197330 2096.8
1197340 2096.8
1197350 2101.8
1197360 2101.3
1197370 2101.3
1197380 2101.3
1197390 2105.3
1197400 2105.3
1197410 2106.0
1197420 2106.5
1197430 2107.9
1197440 2107.9
1197450 2113.6
1197460 2121.0
1197470 2121.0
1197480 2128.1
1197490 2135.7
1197500 2135.7
1197510 2144.5
1197520 2153.4
1197530 2153.4
1197540 2161.8
1197550 2165.9
1197560 2165.9
1197570 2162.8
1197580 2157.6
1197590 2157.6
1197600 2151.0
1197610 2144.6
1197620 2144.6
1197630 2138.3
1197640 2131.9
1197650 2125.3
1197660 2125.3
1197670 2118.3
1197680 2110.5
1197690 2110.5
1197700 2103.1
1197710 2096.3
1197720 2096.3
1197730 2087.8
1197740 2074.4
1197750 2074.4
1197760 2065.2
1197770 2055.8
1197780 2055.8
1197790 2047.7
1197800 2040.0
1197810 2040.0
1197820 2033.2
1197830 2027.1
1197840 2027.1
1197850 2020.7
1197860 2014.8
1197870 2009.0
1197880 2009.0
1197890 2004.3
1197900 1999.9
1197910 1999.9
1197920 1995.3
1197930 1991.1
1197940 1991.1
1197950 1987.3
1197960 1983.2
1197970 1983.2
1197980 1979.3
1197990 1976.1
1198000 1976.1
1198010 1972.9
1198020 1968.8
1198030 1968.8
1198040 1963.9
1198050 1959.2
1198060 1959.2
1198070 1955.7
1198080 1953.1
1198090 1953.1
1198100 1950.7
1198110 1948.2
1198120 1946.8
1198130 1946.8
1198140 1945.9
1198150 1945.0
1198160 1945.0
1198170 1943.2
1198180 1941.8
1198190 1943.2
1198200 1941.8
1198210 1940.5
1198220 1940.5
1198230 1939.0
1198240 1936.9
1198250 1936.9
1198260 1935.1
1198270 1933.2
1198280 1933.2
1198290 1931.9
1198300 1929.2
1198310 1929.2
1198320 1926.0
1198330 1923.0
1198340 1919.8
1198350 1919.8
1198360 1916.1
1198370 1915.0
1198380 1915.0
1198390 1914.5
1198400 1914.1
1198410 1914.1
1198420 1916.1
1198430 1918.1
1198440 1918.1
1198450 1918.7
1198460 1919.9
1198470 1919.9
1198480 1923.0
1198490 1926.8
1198500 1926.8
1198510 1930.1
1198520 1932.2
1198530 1932.2
1198540 1934.1
1198550 1935.9
1198560 1937.8
1198570 1937.8
1198580 1939.6
1198590 1941.2
1198600 1941.2
1198610 1942.4
1198620 1943.1
1198630 1948.3
1198640 1948.5
1198650 1948.7
1198660 1948.7
1198670 1948.4
1198680 1949.5
1198690 1949.5
1198700 1950.4
1198710 1951.4
1198720 1951.4
1198730 1952.7
1198740 1953.8
1198750 1953.8
1198760 1954.1
1198770 1953.6
1198780 1953.6
1198790 1952.1
1198800 1949.6
1198810 1946.2
1198820 1946.2
1198830 1942.1
1198840 1937.5
1198850 1937.5
1198860 1933.5
1198870 1930.1
1198880 1930.1
1198890 1927.2
1198900 1924.8
1198910 1924.8
1198920 1922.2
1198930 1918.6
1198940 1918.6
1198950 1912.6
1198960 1906.7
1198970 1906.7
1198980 1901.3
1198990 1895.6
1199000 1895.6
1199010 1891.0
1199020 1886.8
1199030 1882.4
1199040 1882.4
1199050 1879.2
1199060 1877.5
1199070 1881.2
1199080 1880.0
1199090 1878.4
1199100 1878.4
1199110 1878.4
1199120 1878.6
1199130 1878.6
1199140 1878.2
1199150 1877.0
1199160 1877.0
1199170 1875.3
1199180 1873.8
1199190 1873.8
1199200 1874.2
1199210 1872.9
1199220 1872.9
1199230 1870.0
1199240 1867.8
1199250 1864.7
1199260 1864.7
1199270 1862.3
1199280 1860.5
1199290 1860.5
1199300 1856.5
1199310 1851.7
1199320 1851.7
1199330 1847.0
1199340 1841.8
1199350 1841.8
1199360 1838.2
1199370 1833.5
1199380 1833.5
1199390 1828.2
1199400 1821.3
1199410 1821.3
1199420 1811.5
1199430 1800.9
1199440 1800.9
1199450 1791.3
1199460 1783.1
1199470 1783.1
1199480 1773.6
1199490 1763.4
1199500 1751.1
1199510 1751.1
1199520 1741.2
1199530 1733.1
1199540 1733.1
1199550 1725.5
1199560 1720.0
1199570 1720.0
1199580 1716.6
1199590 1715.2
1199600 1715.2
1199610 1713.6
1199620 1713.3
1199630 1713.3
1199640 1710.9
1199650 1707.5
1199660 1707.5
1199670 1703.0
1199680 1698.7
1199690 1698.7
1199700 1696.5
1199710 1695.7
1199720 1694.6
1199730 1694.6
1199740 1690.7
1199750 1680.9
1199760 1680.9
1199770 1671.6
1199780 1664.3
1199790 1664.3
1199800 1661.7
1199810 1663.1
1199820 1663.1
1199830 1667.0
1199840 1670.1
1199850 1670.1
1199860 1669.5
1199870 1668.8
1199880 1668.8
1199890 1664.0
1199900 1657.5
1199910 1657.5
1199920 1655.5
1199930 1658.3
1199940 1662.2
1199950 1662.2
1199960 1671.4
1199970 1673.8
1199980 1673.8
1199990 1678.5
