1180000 841.1
1180010 836.6
1180020 836.6
1180030 832.3
1180040 828.2
1180050 828.2
1180060 825.3
1180070 824.2
1180080 824.3
1180090 824.3
1180100 824.7
1180110 825.2
1180120 825.2
1180130 825.7
1180140 826.0
1180150 826.0
1180160 825.8
1180170 825.6
1180180 825.6
1180190 826.5
1180200 826.7
1180210 826.7
1180220 826.9
1180230 826.6
1180240 826.6
1180250 826.4
1180260 826.0
1180270 826.0
1180280 824.0
1180290 820.1
1180300 817.2
1180310 817.2
1180320 814.6
1180330 813.6
1180340 813.6
1180350 812.9
1180360 811.7
1180370 811.7
1180380 811.4
1180390 811.2
1180400 811.2
1180410 811.1
1180420 811.2
1180430 811.2
1180440 811.9
1180450 815.4
1180460 815.4
1180470 816.9
1180480 817.0
1180490 817.0
1180500 817.2
1180510 817.7
1180520 817.7
1180530 818.7
1180540 819.8
1180550 820.3
1180560 820.3
1180570 820.5
1180580 820.7
1180590 820.7
1180600 820.8
1180610 821.1
1180620 821.1
1180630 822.5
1180640 824.5
1180650 824.5
1180660 828.4
1180670 832.6
1180680 832.6
1180690 836.1
1180700 839.7
1180710 839.7
1180720 843.3
1180730 846.9
1180740 846.9
1180750 850.3
1180760 854.1
1180770 858.1
1180780 858.1
1180790 862.4
1180800 867.3
1180810 867.3
1180820 872.3
1180830 877.5
1180840 877.5
1180850 883.9
1180860 890.5
1180870 890.5
1180880 897.4
1180890 905.2
1180900 905.2
1180910 912.7
1180920 917.4
1180930 917.4
1180940 921.0
1180950 925.2
1180960 925.2
1180970 928.8
1180980 932.7
1180990 932.7
1181000 936.5
1181010 939.3
1181020 940.7
1181030 935.6
1181040 937.8
1181050 939.9
1181060 939.9
1181070 941.5
1181080 943.3
1181090 943.3
1181100 944.7
1181110 945.9
1181120 945.9
1181130 947.0
1181140 948.1
1181150 948.1
1181160 949.7
1181170 952.2
1181180 952.2
1181190 955.1
1181200 957.2
1181210 957.2
1181220 957.6
1181230 957.2
1181240 956.8
1181250 956.8
1181260 956.2
1181270 956.3
1181280 956.3
1181290 955.1
1181300 954.7
1181310 954.7
1181320 954.7
1181330 954.7
1181340 954.7
1181350 954.8
1181360 955.1
1181370 955.1
1181380 955.7
1181390 956.1
1181400 956.1
1181410 956.0
1181420 956.1
1181430 956.1
1181440 952.2
1181450 952.8
1181460 953.6
1181470 953.6
1181480 954.1
1181490 953.6
1181500 953.6
1181510 952.6
1181520 951.7
1181530 951.7
1181540 951.0
1181550 950.4
1181560 950.4
1181570 949.7
1181580 949.8
1181590 949.8
1181600 950.4
1181610 951.3
1181620 951.3
1181630 952.6
1181640 952.8
1181650 952.8
1181660 951.7
1181670 950.1
1181680 950.1
1181690 948.1
1181700 945.9
1181710 944.2
1181720 944.2
1181730 942.9
1181740 941.5
1181750 941.5
1181760 940.0
1181770 938.2
1181780 938.2
1181790 936.7
1181800 936.5
1181810 936.5
1181820 936.9
1181830 939.0
1181840 939.0
1181850 940.9
1181860 940.8
1181870 940.8
1181880 941.3
1181890 941.6
1181900 941.6
1181910 940.3
1181920 935.6
1181930 930.0
1181940 930.0
1181950 924.2
1181960 920.8
1181970 920.8
1181980 927.1
1181990 931.7
1182000 931.7
1182010 936.4
1182020 940.9
1182030 940.9
1182040 943.3
1182050 944.3
1182060 944.3
1182070 946.1
1182080 947.6
1182090 947.6
1182100 949.9
1182110 954.1
1182120 954.1
1182130 958.3
1182140 960.6
1182150 959.6
1182160 959.6
1182170 957.3
1182180 955.9
1182190 955.9
1182200 956.3
1182210 959.9
1182220 959.9
1182230 964.4
1182240 968.0
1182250 968.0
1182260 970.6
1182270 972.9
1182280 972.0
1182290 974.7
1182300 977.9
1182310 977.9
1182320 982.0
1182330 986.6
1182340 986.6
1182350 989.8
1182360 993.0
1182370 993.0
1182380 996.8
1182390 1001.7
1182400 1005.0
1182410 1005.0
1182420 1009.9
1182430 1017.9
1182440 1017.9
1182450 1026.1
1182460 1032.1
1182470 1032.1
1182480 1034.8
1182490 1035.8
1182500 1035.8
1182510 1036.5
1182520 1036.9
1182530 1036.9
1182540 1036.9
1182550 1037.1
1182560 1037.1
1182570 1037.6
1182580 1038.6
1182590 1038.6
1182600 1039.8
1182610 1041.0
1182620 1042.1
1182630 1042.1
1182640 1043.6
1182650 1045.3
1182660 1045.3
1182670 1045.7
1182680 1045.5
1182690 1045.5
1182700 1045.3
1182710 1046.2
1182720 1046.2
1182730 1046.4
1182740 1047.1
1182750 1047.1
1182760 1048.0
1182770 1048.7
1182780 1048.7
1182790 1049.3
1182800 1050.0
1182810 1050.0
1182820 1050.6
1182830 1051.1
1182840 1051.1
1182850 1051.4
1182860 1051.7
1182870 1052.5
1182880 1052.5
1182890 1054.0
1182900 1052.2
1182910 1052.2
1182920 1052.5
1182930 1053.3
1182940 1053.3
1182950 1053.6
1182960 1053.7
1182970 1053.7
1182980 1054.3
1182990 1054.9
1183000 1054.9
1183010 1054.9
1183020 1055.0
1183030 1055.0
1183040 1055.0
1183050 1055.0
1183060 1055.0
1183070 1055.5
1183080 1055.9
1183090 1056.1
1183100 1056.1
1183110 1056.3
1183120 1055.8
1183130 1055.8
1183140 1056.4
1183150 1056.5
1183160 1056.5
1183170 1056.4
1183180 1056.5
1183190 1056.5
1183200 1056.5
1183210 1056.3
1183220 1056.3
1183230 1056.3
1183240 1056.2
1183250 1056.2
1183260 1056.2
1183270 1056.4
1183280 1056.4
1183290 1056.7
1183300 1056.7
1183310 1056.0
1183320 1056.0
1183330 1054.8
1183340 1054.6
1183350 1054.6
1183360 1054.5
1183370 1054.7
1183380 1054.7
1183390 1054.7
1183400 1055.1
1183410 1055.1
1183420 1055.7
1183430 1056.2
1183440 1056.2
1183450 1056.2
1183460 1057.2
1183470 1057.2
1183480 1057.4
1183490 1057.1
1183500 1057.1
1183510 1054.9
1183520 1052.1
1183530 1052.1
1183540 1050.1
1183550 1045.4
1183560 1048.5
1183570 1048.5
1183580 1049.3
1183590 1050.4
1183600 1050.4
1183610 1052.5
1183620 1054.3
1183630 1054.3
1183640 1056.4
1183650 1057.9
1183660 1057.9
1183670 1060.4
1183680 1062.4
1183690 1062.4
1183700 1063.4
1183710 1064.2
1183720 1064.2
1183730 1065.2
1183740 1066.4
1183750 1066.4
1183760 1067.9
1183770 1069.3
1183780 1070.5
1183790 1070.5
1183800 1071.6
1183810 1072.4
1183820 1072.4
1183830 1072.8
1183840 1073.0
1183850 1073.0
1183860 1072.5
1183870 1071.6
1183880 1071.6
1183890 1070.6
1183900 1069.9
1183910 1069.9
1183920 1070.1
1183930 1071.1
1183940 1071.1
1183950 1073.2
1183960 1076.3
1183970 1074.8
1183980 1078.2
1183990 1080.6
1184000 1080.6
1184010 1082.7
1184020 1084.9
1184030 1087.2
1184040 1087.2
1184050 1089.5
1184060 1091.5
1184070 1091.5
1184080 1093.2
1184090 1094.7
1184100 1094.7
1184110 1095.7
1184120 1096.4
1184130 1096.4
1184140 1097.0
1184150 1097.6
1184160 1097.6
1184170 1098.1
1184180 1098.6
1184190 1098.6
1184200 1099.2
1184210 1100.4
1184220 1100.4
1184230 1102.9
1184240 1102.7
1184250 1102.7
1184260 1102.7
1184270 1103.1
1184280 1103.6
1184290 1103.6
1184300 1103.9
1184310 1104.0
1184320 1104.0
1184330 1104.7
1184340 1105.0
1184350 1105.0
1184360 1105.5
1184370 1105.7
1184380 1105.7
1184390 1104.7
1184400 1105.6
1184410 1105.6
1184420 1106.4
1184430 1106.1
1184440 1106.1
1184450 1105.6
1184460 1106.1
1184470 1107.0
1184480 1107.0
1184490 1108.0
1184500 1108.5
1184510 1108.5
1184520 1109.3
1184530 1110.1
1184540 1110.1
1184550 1110.6
1184560 1110.9
1184570 1110.9
1184580 1111.0
1184590 1110.9
1184600 1110.9
1184610 1111.6
1184620 1112.5
1184630 1112.5
1184640 1112.9
1184650 1113.1
1184660 1113.1
1184670 1112.0
1184680 1110.9
1184690 1110.9
1184700 1110.4
1184710 1110.2
1184720 1110.0
1184730 1110.0
1184740 1109.7
1184750 1109.7
1184760 1109.7
1184770 1110.5
1184780 1111.4
1184790 1111.4
1184800 1112.5
1184810 1111.2
1184820 1111.2
1184830 1112.5
1184840 1113.6
1184850 1113.6
1184860 1114.4
1184870 1115.0
1184880 1115.0
1184890 1115.3
1184900 1115.1
1184910 1115.1
1184920 1114.4
1184930 1113.2
1184940 1111.2
1184950 1111.2
1184960 1108.7
1184970 1107.0
1184980 1107.0
1184990 1106.5
1185000 1106.9
1185010 1106.9
1185020 1107.6
1185030 1107.3
1185040 1107.3
1185050 1105.9
1185060 1105.1
1185070 1105.1
1185080 1105.0
1185090 1105.8
1185100 1105.8
1185110 1107.4
1185120 1109.3
1185130 1109.3
1185140 1110.8
1185150 1110.2
1185160 1108.7
1185170 1108.7
1185180 1109.1
1185190 1110.3
1185200 1110.3
1185210 1112.5
1185220 1114.5
1185230 1114.5
1185240 1110.4
1185250 1110.6
1185260 1110.6
1185270 1110.7
1185280 1110.6
1185290 1110.6
1185300 1110.3
1185310 1109.9
1185320 1109.9
1185330 1109.6
1185340 1109.6
1185350 1109.6
1185360 1110.3
1185370 1111.5
1185380 1111.5
1185390 1112.8
1185400 1114.2
1185410 1115.0
1185420 1115.0
1185430 1115.2
1185440 1115.1
1185450 1115.1
1185460 1114.9
1185470 1115.0
1185480 1115.0
1185490 1115.7
1185500 1117.3
1185510 1117.3
1185520 1120.0
1185530 1122.7
1185540 1122.7
1185550 1124.3
1185560 1126.4
1185570 1126.4
1185580 1128.3
1185590 1130.4
1185600 1130.4
1185610 1132.8
1185620 1135.5
1185630 1137.7
1185640 1137.7
1185650 1140.0
1185660 1138.0
1185670 1138.0
1185680 1141.2
1185690 1144.7
1185700 1144.7
1185710 1149.3
1185720 1153.1
1185730 1153.1
1185740 1155.0
1185750 1156.6
1185760 1156.6
1185770 1160.3
1185780 1164.9
1185790 1164.9
1185800 1170.0
1185810 1174.8
1185820 1174.8
1185830 1179.9
1185840 1184.7
1185850 1184.7
1185860 1187.4
1185870 1189.5
1185880 1192.6
1185890 1192.6
1185900 1196.2
1185910 1199.3
1185920 1199.3
1185930 1201.4
1185940 1203.7
1185950 1203.7
1185960 1206.2
1185970 1209.9
1185980 1209.9
1185990 1214.4
1186000 1219.4
1186010 1219.4
1186020 1224.9
1186030 1231.4
1186040 1231.4
1186050 1237.5
1186060 1242.1
1186070 1242.1
1186080 1247.2
1186090 1254.4
1186100 1261.4
1186110 1261.4
1186120 1265.2
1186130 1267.8
1186140 1267.8
1186150 1271.8
1186160 1275.8
1186170 1275.8
1186180 1280.1
1186190 1285.2
1186200 1285.2
1186210 1291.3
1186220 1296.4
1186230 1296.4
1186240 1302.8
1186250 1310.1
1186260 1310.1
1186270 1315.0
1186280 1318.8
1186290 1318.8
1186300 1323.6
1186310 1327.7
1186320 1328.1
1186330 1328.1
1186340 1330.4
1186350 1335.3
1186360 1335.3
1186370 1338.4
1186380 1340.9
1186390 1340.9
1186400 1344.3
1186410 1348.7
1186420 1348.7
1186430 1353.7
1186440 1358.2
1186450 1358.2
1186460 1360.6
1186470 1361.5
1186480 1361.5
1186490 1362.6
1186500 1363.0
1186510 1355.6
1186520 1356.7
1186530 1358.8
1186540 1358.8
1186550 1360.8
1186560 1363.0
1186570 1365.2
1186580 1365.2
1186590 1367.5
1186600 1370.2
1186610 1370.2
1186620 1373.6
1186630 1376.2
1186640 1376.2
1186650 1377.8
1186660 1379.2
1186670 1379.2
1186680 1381.1
1186690 1382.9
1186700 1382.9
1186710 1385.7
1186720 1388.7
1186730 1388.7
1186740 1392.0
1186750 1396.8
1186760 1396.8
1186770 1402.1
1186780 1407.8
1186790 1412.9
1186800 1412.9
1186810 1418.4
1186820 1424.2
1186830 1424.2
1186840 1430.6
1186850 1437.7
1186860 1437.7
1186870 1443.0
1186880 1447.3
1186890 1447.3
1186900 1452.0
1186910 1458.0
1186920 1458.0
1186930 1465.2
1186940 1463.3
1186950 1463.3
1186960 1467.0
1186970 1472.1
1186980 1472.1
1186990 1477.2
1187000 1482.7
1187010 1488.9
1187020 1488.9
1187030 1494.1
1187040 1498.9
1187050 1498.9
1187060 1503.4
1187070 1506.5
1187080 1506.5
1187090 1509.1
1187100 1511.9
1187110 1511.9
1187120 1515.7
1187130 1519.9
1187140 1519.9
1187150 1523.6
1187160 1526.5
1187170 1526.5
1187180 1529.5
1187190 1533.0
1187200 1533.0
1187210 1535.0
1187220 1536.6
1187230 1536.6
1187240 1539.7
1187250 1543.3
1187260 1545.1
1187270 1545.1
1187280 1546.2
1187290 1547.1
1187300 1547.1
1187310 1547.9
1187320 1548.7
1187330 1548.7
1187340 1549.8
1187350 1550.8
1187360 1552.7
1187370 1554.7
1187380 1556.6
1187390 1556.6
1187400 1558.0
1187410 1559.5
1187420 1559.5
1187430 1562.4
1187440 1564.0
1187450 1564.0
1187460 1563.7
1187470 1562.5
1187480 1562.3
1187490 1562.3
1187500 1563.0
1187510 1561.3
1187520 1561.3
1187530 1557.2
1187540 1553.7
1187550 1553.7
1187560 1550.9
1187570 1547.1
1187580 1547.1
1187590 1542.5
1187600 1539.1
1187610 1539.1
1187620 1535.3
1187630 1531.0
1187640 1531.0
1187650 1528.5
1187660 1527.7
1187670 1527.7
1187680 1527.2
1187690 1525.5
1187700 1525.5
1187710 1524.4
1187720 1522.7
1187730 1522.3
1187740 1522.3
1187750 1520.5
1187760 1516.9
1187770 1516.9
1187780 1512.6
1187790 1508.7
1187800 1508.7
1187810 1506.7
1187820 1505.9
1187830 1505.9
1187840 1504.3
1187850 1501.3
1187860 1501.3
1187870 1497.6
1187880 1494.5
1187890 1494.5
1187900 1492.3
1187910 1491.2
1187920 1491.2
1187930 1490.8
1187940 1490.8
1187950 1490.9
1187960 1490.9
1187970 1490.2
1187980 1489.7
1187990 1489.7
1188000 1489.6
1188010 1490.0
1188020 1490.0
1188030 1490.3
1188040 1490.8
1188050 1490.8
1188060 1491.8
1188070 1493.2
1188080 1493.2
1188090 1495.1
1188100 1497.9
1188110 1497.9
1188120 1500.3
1188130 1503.5
1188140 1503.5
1188150 1507.4
1188160 1512.0
1188170 1519.8
1188180 1519.8
1188190 1525.9
1188200 1528.8
1188210 1528.8
1188220 1533.0
1188230 1535.0
1188240 1535.0
1188250 1537.9
1188260 1538.4
1188270 1538.4
1188280 1536.9
1188290 1535.1
1188300 1535.1
1188310 1534.8
1188320 1535.6
1188330 1535.6
1188340 1536.6
1188350 1537.5
1188360 1537.5
1188370 1537.4
1188380 1536.5
1188390 1536.5
1188400 1536.2
1188410 1536.5
1188420 1536.4
1188430 1536.4
1188440 1536.2
1188450 1536.2
1188460 1536.2
1188470 1536.0
1188480 1536.2
1188490 1536.2
1188500 1537.2
1188510 1539.2
1188520 1539.2
1188530 1540.0
1188540 1539.7
1188550 1539.7
1188560 1538.8
1188570 1537.7
1188580 1537.7
1188590 1537.0
1188600 1536.2
1188610 1536.2
1188620 1535.2
1188630 1534.2
1188640 1532.4
1188650 1535.2
1188660 1532.0
1188670 1527.9
1188680 1527.9
1188690 1523.9
1188700 1519.8
1188710 1519.8
1188720 1516.8
1188730 1514.9
1188740 1514.9
1188750 1513.9
1188760 1514.4
1188770 1514.4
1188780 1515.8
1188790 1517.3
1188800 1517.3
1188810 1518.8
1188820 1520.4
1188830 1520.4
1188840 1521.0
1188850 1521.1
1188860 1521.4
1188870 1521.4
1188880 1521.5
1188890 1520.9
1188900 1520.9
1188910 1519.2
1188920 1516.5
1188930 1516.5
1188940 1513.3
1188950 1512.0
1188960 1512.0
1188970 1511.9
1188980 1511.8
1188990 1511.8
1189000 1511.9
1189010 1512.0
1189020 1512.0
1189030 1511.7
1189040 1511.5
1189050 1511.5
1189060 1511.4
1189070 1511.8
1189080 1515.5
1189090 1516.3
1189100 1515.6
1189110 1516.9
1189120 1516.9
1189130 1517.3
1189140 1515.3
1189150 1515.3
1189160 1512.0
1189170 1507.5
1189180 1507.5
1189190 1506.9
1189200 1511.3
1189210 1511.3
1189220 1511.6
1189230 1508.3
1189240 1508.3
1189250 1505.8
1189260 1508.5
1189270 1508.5
1189280 1516.5
1189290 1524.0
1189300 1524.0
1189310 1529.4
1189320 1534.6
1189330 1540.0
1189340 1540.0
1189350 1544.7
1189360 1549.0
1189370 1549.0
1189380 1552.2
1189390 1554.6
1189400 1554.6
1189410 1555.3
1189420 1555.7
1189430 1555.7
1189440 1555.7
1189450 1556.2
1189460 1556.2
1189470 1558.0
1189480 1561.6
1189490 1561.6
1189500 1563.6
1189510 1564.6
1189520 1564.6
1189530 1566.2
1189540 1569.0
1189550 1569.0
1189560 1572.0
1189570 1574.8
1189580 1578.1
1189590 1578.1
1189600 1581.5
1189610 1583.9
1189620 1583.9
1189630 1586.3
1189640 1589.2
1189650 1589.2
1189660 1591.4
1189670 1592.3
1189680 1592.3
1189690 1592.3
1189700 1591.1
1189710 1591.1
1189720 1590.9
1189730 1592.1
1189740 1592.1
1189750 1593.5
1189760 1595.2
1189770 1595.2
1189780 1596.1
1189790 1597.6
1189800 1599.9
1189810 1599.9
1189820 1602.2
1189830 1604.4
1189840 1604.4
1189850 1606.8
1189860 1609.9
1189870 1609.9
1189880 1613.0
1189890 1615.9
1189900 1615.9
1189910 1618.9
1189920 1621.7
1189930 1621.7
1189940 1624.5
1189950 1628.2
1189960 1628.2
1189970 1631.1
1189980 1635.1
1189990 1635.1
1190000 1640.3
1190010 1643.5
1190020 1645.8
1190030 1645.8
1190040 1647.1
1190050 1647.1
1190060 1647.1
1190070 1646.5
1190080 1646.5
1190090 1646.5
1190100 1647.9
1190110 1650.4
1190120 1650.4
1190130 1654.3
1190140 1657.8
1190150 1657.8
1190160 1659.8
1190170 1661.5
1190180 1661.5
1190190 1661.9
1190200 1662.0
1190210 1662.0
1190220 1663.8
1190230 1666.9
1190240 1666.9
1190250 1668.8
1190260 1669.3
1190270 1670.9
1190280 1670.9
1190290 1671.5
1190300 1671.2
1190310 1671.2
1190320 1674.6
1190330 1677.9
1190340 1677.9
1190350 1679.6
1190360 1681.3
1190370 1683.3
1190380 1681.1
1190390 1678.3
1190400 1678.3
1190410 1677.7
1190420 1677.8
1190430 1677.8
1190440 1678.5
1190450 1679.8
1190460 1679.8
1190470 1680.8
1190480 1682.1
1190490 1683.6
1190500 1683.6
1190510 1684.7
1190520 1685.5
1190530 1685.5
1190540 1687.1
1190550 1692.1
1190560 1692.1
1190570 1696.5
1190580 1699.1
1190590 1699.1
1190600 1702.0
1190610 1703.8
1190620 1703.8
1190630 1706.5
1190640 1708.9
1190650 1708.9
1190660 1711.7
1190670 1713.5
1190680 1713.5
1190690 1713.1
1190700 1711.8
1190710 1710.6
1190720 1710.6
1190730 1709.9
1190740 1709.5
1190750 1709.5
1190760 1709.0
1190770 1707.5
1190780 1707.5
1190790 1704.3
1190800 1698.5
1190810 1698.5
1190820 1695.6
1190830 1693.4
1190840 1693.4
1190850 1690.0
1190860 1684.5
1190870 1684.5
1190880 1678.1
1190890 1672.2
1190900 1672.2
1190910 1666.6
1190920 1661.5
1190930 1661.5
1190940 1656.6
1190950 1652.8
1190960 1649.8
1190970 1649.8
1190980 1647.6
1190990 1646.5
1191000 1646.5
1191010 1646.4
1191020 1646.3
1191030 1646.3
1191040 1645.7
1191050 1643.9
1191060 1643.9
1191070 1641.5
1191080 1638.4
1191090 1638.4
1191100 1635.2
1191110 1632.2
1191120 1632.2
1191130 1631.3
1191140 1632.1
1191150 1632.1
1191160 1634.1
1191170 1639.0
1191180 1643.4
1191190 1643.4
1191200 1644.3
1191210 1642.2
1191220 1642.2
1191230 1639.4
1191240 1637.7
1191250 1637.7
1191260 1637.7
1191270 1637.7
1191280 1637.7
1191290 1638.1
1191300 1639.1
1191310 1639.1
1191320 1640.7
1191330 1642.2
1191340 1642.2
1191350 1643.7
1191360 1645.4
1191370 1645.4
1191380 1649.1
1191390 1653.1
1191400 1653.1
1191410 1655.5
1191420 1657.4
1191430 1660.5
1191440 1660.5
1191450 1663.8
1191460 1667.7
1191470 1667.7
1191480 1672.1
1191490 1676.7
1191500 1676.7
1191510 1681.4
1191520 1686.7
1191530 1686.7
1191540 1692.3
1191550 1698.0
1191560 1698.0
1191570 1703.5
1191580 1708.0
1191590 1708.0
1191600 1709.8
1191610 1709.2
1191620 1709.2
1191630 1708.8
1191640 1709.4
1191650 1710.9
1191660 1710.9
1191670 1719.3
1191680 1723.4
1191690 1723.4
1191700 1727.7
1191710 1732.5
1191720 1732.5
1191730 1736.5
1191740 1740.6
1191750 1740.6
1191760 1743.9
1191770 1746.4
1191780 1746.4
1191790 1748.1
1191800 1748.7
1191810 1748.7
1191820 1750.1
1191830 1751.8
1191840 1751.8
1191850 1754.1
1191860 1758.2
1191870 1764.3
1191880 1764.3
1191890 1770.7
1191900 1777.1
1191910 1777.1
1191920 1783.2
1191930 1789.5
1191940 1789.5
1191950 1796.5
1191960 1803.5
1191970 1803.5
1191980 1810.4
1191990 1818.6
1192000 1818.6
1192010 1826.3
1192020 1832.0
1192030 1832.0
1192040 1838.0
1192050 1846.9
1192060 1846.9
1192070 1856.8
1192080 1864.0
1192090 1864.0
1192100 1874.4
1192110 1879.9
1192120 1884.5
1192130 1884.5
1192140 1890.1
1192150 1892.4
1192160 1892.4
1192170 1890.5
1192180 1888.5
1192190 1888.5
1192200 1888.7
1192210 1889.5
1192220 1889.5
1192230 1890.2
1192240 1892.9
1192250 1892.9
1192260 1897.3
1192270 1903.0
1192280 1903.0
1192290 1908.8
1192300 1915.4
1192310 1915.4
1192320 1921.8
1192330 1927.0
1192340 1930.9
1192350 1930.9
1192360 1932.5
1192370 1934.4
1192380 1934.4
1192390 1935.8
1192400 1935.8
1192410 1935.8
1192420 1935.6
1192430 1936.5
1192440 1936.5
1192450 1939.3
1192460 1942.5
1192470 1942.5
1192480 1946.0
1192490 1951.3
1192500 1951.3
1192510 1957.9
1192520 1963.4
1192530 1963.4
1192540 1971.6
1192550 1974.3
1192560 1977.1
1192570 1977.1
1192580 1982.2
1192590 1984.8
1192600 1984.8
1192610 1981.0
1192620 1976.5
1192630 1976.5
1192640 1972.9
1192650 1969.7
1192660 1969.7
1192670 1965.4
1192680 1962.5
1192690 1962.5
1192700 1963.3
1192710 1966.0
1192720 1966.0
1192730 1969.1
1192740 1972.4
1192750 1972.4
1192760 1976.3
1192770 1980.2
1192780 1980.2
1192790 1984.0
1192800 1987.6
1192810 1991.0
1192820 1991.0
1192830 1994.8
1192840 1999.5
1192850 1999.5
1192860 2004.6
1192870 2010.1
1192880 2010.1
1192890 2016.6
1192900 2022.9
1192910 2022.9
1192920 2029.0
1192930 2035.8
1192940 2035.8
1192950 2042.8
1192960 2049.6
1192970 2052.6
1192980 2059.7
1192990 2066.5
1193000 2066.5
1193010 2070.7
1193020 2073.0
1193030 2075.6
1193040 2075.6
1193050 2078.2
1193060 2078.7
1193070 2078.7
1193080 2080.0
1193090 2082.4
1193100 2082.4
1193110 2084.8
1193120 2086.5
1193130 2086.5
1193140 2087.1
1193150 2087.0
1193160 2087.0
1193170 2085.8
1193180 2083.4
1193190 2083.4
1193200 2080.5
1193210 2081.3
1193220 2081.3
1193230 2084.4
1193240 2087.0
1193250 2087.0
1193260 2089.1
1193270 2091.8
1193280 2098.2
1193290 2098.2
1193300 2108.4
1193310 2121.9
1193320 2121.9
1193330 2131.6
1193340 2143.4
1193350 2143.4
1193360 2154.7
1193370 2164.5
1193380 2164.5
1193390 2175.8
1193400 2185.5
1193410 2184.4
1193420 2196.2
1193430 2205.5
1193440 2205.5
1193450 2215.1
1193460 2222.7
1193470 2222.7
1193480 2230.6
1193490 2237.2
1193500 2246.0
1193510 2246.0
1193520 2255.0
1193530 2264.0
1193540 2264.0
1193550 2269.3
1193560 2276.4
1193570 2276.4
1193580 2279.4
1193590 2281.9
1193600 2281.9
1193610 2287.9
1193620 2294.7
1193630 2294.7
1193640 2299.7
1193650 2305.4
1193660 2305.4
1193670 2311.5
1193680 2317.0
1193690 2317.0
1193700 2322.6
1193710 2325.5
1193720 2328.7
1193730 2328.7
1193740 2331.6
1193750 2333.8
1193760 2333.8
1193770 2333.4
1193780 2334.7
1193790 2334.7
1193800 2338.9
1193810 2342.9
1193820 2342.9
1193830 2346.7
1193840 2352.3
1193850 2352.3
1193860 2356.4
1193870 2360.2
1193880 2360.2
1193890 2364.1
1193900 2368.4
1193910 2368.4
1193920 2373.5
1193930 2379.2
1193940 2379.2
1193950 2384.3
1193960 2388.5
1193970 2392.8
1193980 2392.8
1193990 2396.9
1194000 2400.3
1194010 2400.3
1194020 2403.0
1194030 2406.6
1194040 2406.6
1194050 2410.5
1194060 2413.3
1194070 2413.3
1194080 2414.4
1194090 2414.7
1194100 2414.7
1194110 2414.5
1194120 2413.7
1194130 2413.7
1194140 2411.6
1194150 2408.5
1194160 2408.5
1194170 2406.4
1194180 2405.2
1194190 2405.1
1194200 2405.1
1194210 2404.5
1194220 2403.7
1194230 2403.7
1194240 2395.7
1194250 2383.8
1194260 2383.8
1194270 2366.7
1194280 2341.0
1194290 2341.0
1194300 2322.8
1194310 2314.1
1194320 2314.1
1194330 2306.6
1194340 2299.6
1194350 2299.6
1194360 2292.4
1194370 2285.9
1194380 2285.9
1194390 2280.8
1194400 2276.6
1194410 2272.6
1194420 2272.6
1194430 2268.6
1194440 2264.9
1194450 2264.9
1194460 2261.6
1194470 2258.5
1194480 2258.5
1194490 2256.1
1194500 2254.5
1194510 2254.5
1194520 2253.7
1194530 2252.7
1194540 2252.7
1194550 2251.9
1194560 2250.9
1194570 2250.9
1194580 2249.9
1194590 2249.3
1194600 2249.3
1194610 2250.7
1194620 2254.7
1194630 2254.7
1194640 2258.3
1194650 2261.0
1194660 2264.6
1194670 2264.6
1194680 2267.5
1194690 2270.0
1194700 2270.0
1194710 2272.3
1194720 2281.5
1194730 2281.5
1194740 2283.5
1194750 2285.0
1194760 2285.0
1194770 2286.6
1194780 2287.3
1194790 2287.3
1194800 2288.1
1194810 2289.1
1194820 2289.1
1194830 2290.9
1194840 2293.2
1194850 2293.2
1194860 2299.2
1194870 2301.5
1194880 2303.0
1194890 2303.0
1194900 2310.9
1194910 2323.8
1194920 2323.8
1194930 2336.5
1194940 2344.8
1194950 2344.8
1194960 2349.3
1194970 2357.5
1194980 2357.5
1194990 2362.2
1195000 2367.4
1195010 2367.4
1195020 2373.7
1195030 2377.0
1195040 2377.0
1195050 2375.1
1195060 2369.6
1195070 2369.6
1195080 2363.9
1195090 2363.5
1195100 2363.5
1195110 2376.0
1195120 2387.1
1195130 2394.8
1195140 2394.8
1195150 2403.6
1195160 2418.8
1195170 2418.8
1195180 2422.1
1195190 2425.2
1195200 2425.2
1195210 2425.8
1195220 2426.8
1195230 2426.8
1195240 2427.2
1195250 2424.8
1195260 2424.8
1195270 2420.7
1195280 2417.3
1195290 2417.3
1195300 2413.8
1195310 2410.0
1195320 2410.0
1195330 2405.9
1195340 2402.6
1195350 2399.2
1195360 2399.2
1195370 2395.9
1195380 2393.8
1195390 2393.8
1195400 2389.5
1195410 2383.1
1195420 2383.1
1195430 2376.5
1195440 2370.1
1195450 2370.1
1195460 2363.5
1195470 2356.8
1195480 2356.8
1195490 2350.0
1195500 2343.8
1195510 2343.8
1195520 2338.5
1195530 2333.6
1195540 2333.6
1195550 2328.3
1195560 2323.0
1195570 2318.4
1195580 2318.4
1195590 2321.1
1195600 2317.7
1195610 2317.7
1195620 2314.4
1195630 2311.2
1195640 2311.2
1195650 2307.3
1195660 2303.4
1195670 2303.4
1195680 2301.4
1195690 2299.5
1195700 2299.5
1195710 2298.2
1195720 2296.6
1195730 2296.6
1195740 2296.3
1195750 2296.0
1195760 2296.0
1195770 2292.0
1195780 2286.5
1195790 2286.5
1195800 2281.2
1195810 2274.8
1195820 2267.9
1195830 2267.9
1195840 2262.5
1195850 2260.2
1195860 2260.2
1195870 2253.3
1195880 2248.6
1195890 2248.6
1195900 2246.5
1195910 2242.9
1195920 2242.9
1195930 2238.5
1195940 2233.1
1195950 2233.1
1195960 2228.2
1195970 2223.9
1195980 2223.9
1195990 2219.7
1196000 2216.1
1196010 2216.1
1196020 2213.5
1196030 2219.1
1196040 2216.6
1196050 2216.6
1196060 2212.7
1196070 2206.9
1196080 2206.9
1196090 2198.9
1196100 2189.4
1196110 2189.4
1196120 2180.4
1196130 2172.0
1196140 2172.0
1196150 2163.2
1196160 2153.4
1196170 2153.4
1196180 2143.3
1196190 2133.1
1196200 2133.1
1196210 2124.3
1196220 2118.3
1196230 2118.3
1196240 2105.7
1196250 2097.3
1196260 2090.9
1196270 2090.9
1196280 2084.0
1196290 2076.2
1196300 2076.2
1196310 2062.3
1196320 2047.6
1196330 2047.6
1196340 2036.8
1196350 2027.3
1196360 2027.3
1196370 2018.1
1196380 2009.4
1196390 2009.4
1196400 2000.3
1196410 1992.0
1196420 1992.0
1196430 1984.1
1196440 1976.6
1196450 1976.6
1196460 1969.4
1196470 1964.5
1196480 1964.5
1196490 1956.6
1196500 1948.6
1196510 1940.4
1196520 1940.4
1196530 1932.4
1196540 1924.4
1196550 1924.4
1196560 1916.4
1196570 1908.6
1196580 1908.6
1196590 1900.0
1196600 1892.5
1196610 1892.5
1196620 1885.2
1196630 1877.7
1196640 1877.7
1196650 1870.4
1196660 1863.0
1196670 1863.0
1196680 1856.1
1196690 1849.3
1196700 1849.3
1196710 1842.1
1196720 1833.8
1196730 1824.7
1196740 1824.7
1196750 1817.0
1196760 1808.8
1196770 1808.8
1196780 1800.7
1196790 1794.4
1196800 1794.4
1196810 1788.3
1196820 1781.7
1196830 1781.7
1196840 1775.1
1196850 1769.1
1196860 1769.1
1196870 1763.3
1196880 1757.5
1196890 1757.5
1196900 1751.6
1196910 1745.7
1196920 1744.2
1196930 1738.5
1196940 1733.3
1196950 1728.3
1196960 1728.3
1196970 1723.9
1196980 1719.7
1196990 1719.7
1197000 1715.9
1197010 1712.3
1197020 1712.3
1197030 1709.1
1197040 1706.0
1197050 1706.0
1197060 1703.5
1197070 1701.6
1197080 1701.6
1197090 1700.0
1197100 1698.5
1197110 1698.5
1197120 1698.0
1197130 1698.3
1197140 1698.3
1197150 1700.3
1197160 1705.7
1197170 1705.7
1197180 1712.3
1197190 1719.1
1197200 1725.8
1197210 1725.8
1197220 1732.8
1197230 1739.7
1197240 1739.7
1197250 1746.6
1197260 1753.6
1197270 1753.6
1197280 1760.8
1197290 1768.0
1197300 1768.0
1197310 1774.8
1197320 1781.0
1197330 1781.0
1197340 1787.6
1197350 1796.5
1197360 1798.7
1197370 1807.8
1197380 1816.2
1197390 1816.2
1197400 1823.8
1197410 1832.7
1197420 1843.2
1197430 1843.2
1197440 1853.0
1197450 1861.5
1197460 1861.5
1197470 1871.7
1197480 1888.4
1197490 1888.4
1197500 1906.2
1197510 1919.1
1197520 1919.1
1197530 1919.2
1197540 1916.9
1197550 1916.9
1197560 1914.2
1197570 1912.1
1197580 1912.1
1197590 1910.1
1197600 1908.6
1197610 1908.6
1197620 1907.1
1197630 1905.6
1197640 1905.6
1197650 1904.7
1197660 1903.4
1197670 1900.9
1197680 1900.9
1197690 1897.6
1197700 1894.0
1197710 1894.0
1197720 1890.2
1197730 1885.9
1197740 1885.9
1197750 1881.1
1197760 1875.8
1197770 1875.8
1197780 1870.7
1197790 1866.2
1197800 1868.6
1197810 1864.5
1197820 1860.9
1197830 1860.9
1197840 1858.8
1197850 1856.1
1197860 1856.1
1197870 1853.4
1197880 1850.8
1197890 1847.9
1197900 1847.9
1197910 1845.3
1197920 1842.7
1197930 1842.7
1197940 1840.4
1197950 1837.9
1197960 1837.9
1197970 1835.2
1197980 1832.2
1197990 1832.2
1198000 1829.1
1198010 1826.0
1198020 1826.0
1198030 1822.5
1198040 1819.5
1198050 1819.5
1198060 1816.7
1198070 1813.9
1198080 1813.9
1198090 1811.4
1198100 1809.1
1198110 1806.3
1198120 1806.3
1198130 1803.3
1198140 1800.1
1198150 1800.1
1198160 1797.2
1198170 1794.0
1198180 1794.0
1198190 1790.9
1198200 1788.6
1198210 1788.6
1198220 1786.6
1198230 1784.3
1198240 1787.1
1198250 1784.9
1198260 1782.6
1198270 1782.6
1198280 1780.5
1198290 1778.5
1198300 1778.5
1198310 1776.2
1198320 1773.3
1198330 1773.3
1198340 1770.4
1198350 1767.5
1198360 1764.1
1198370 1764.1
1198380 1759.5
1198390 1754.8
1198400 1754.8
1198410 1749.1
1198420 1744.6
1198430 1744.6
1198440 1740.8
1198450 1737.3
1198460 1737.3
1198470 1733.8
1198480 1730.0
1198490 1730.0
1198500 1725.6
1198510 1720.9
1198520 1720.9
1198530 1716.3
1198540 1710.6
1198550 1710.6
1198560 1706.0
1198570 1701.1
1198580 1694.5
1198590 1694.5
1198600 1690.4
1198610 1686.0
1198620 1686.0
1198630 1680.0
1198640 1675.1
1198650 1675.1
1198660 1670.3
1198670 1665.3
1198680 1665.3
1198690 1666.2
1198700 1661.6
1198710 1661.6
1198720 1657.7
1198730 1653.8
1198740 1653.8
1198750 1649.6
1198760 1645.6
1198770 1645.6
1198780 1642.7
1198790 1639.5
1198800 1635.7
1198810 1635.7
1198820 1630.2
1198830 1620.9
1198840 1620.9
1198850 1609.7
1198860 1598.3
1198870 1598.3
1198880 1584.9
1198890 1573.1
1198900 1573.1
1198910 1563.9
1198920 1555.8
1198930 1555.8
1198940 1548.1
1198950 1539.5
1198960 1539.5
1198970 1531.3
1198980 1523.7
1198990 1523.7
1199000 1516.7
1199010 1509.3
1199020 1509.3
1199030 1501.5
1199040 1493.1
1199050 1483.7
1199060 1483.7
1199070 1471.5
1199080 1458.9
1199090 1458.9
1199100 1450.9
1199110 1448.4
1199120 1448.4
1199130 1457.6
1199140 1455.5
1199150 1455.5
1199160 1450.5
1199170 1440.8
1199180 1440.8
1199190 1431.3
1199200 1413.8
1199210 1413.8
1199220 1394.4
1199230 1378.9
1199240 1378.9
1199250 1378.1
1199260 1381.5
1199270 1383.1
1199280 1383.1
1199290 1383.4
1199300 1381.6
1199310 1381.6
1199320 1378.8
1199330 1377.4
1199340 1377.4
1199350 1374.8
1199360 1373.5
1199370 1373.5
1199380 1371.5
1199390 1368.8
1199400 1368.8
1199410 1367.0
1199420 1360.2
1199430 1360.2
1199440 1353.5
1199450 1350.2
1199460 1350.2
1199470 1347.9
1199480 1346.7
1199490 1345.9
1199500 1345.9
1199510 1345.6
1199520 1345.0
1199530 1345.0
1199540 1342.7
1199550 1340.3
1199560 1340.3
1199570 1341.3
1199580 1336.5
1199590 1336.5
1199600 1330.5
1199610 1324.8
1199620 1324.8
1199630 1320.9
1199640 1317.6
1199650 1317.6
1199660 1313.2
1199670 1307.7
1199680 1307.7
1199690 1301.9
1199700 1296.5
1199710 1296.5
1199720 1292.4
1199730 1290.1
1199740 1288.1
1199750 1288.1
1199760 1286.0
1199770 1284.0
1199780 1284.0
1199790 1282.0
1199800 1280.2
1199810 1280.2
1199820 1278.4
1199830 1276.8
1199840 1276.8
1199850 1275.2
1199860 1273.5
1199870 1273.5
1199880 1271.9
1199890 1270.1
1199900 1270.1
1199910 1268.6
1199920 1267.3
1199930 1267.3
1199940 1265.7
1199950 1265.2
1199960 1264.5
1199970 1264.5
1199980 1260.9
1199990 1258.2
