1180000 814.0
1180010 814.0
1180020 814.3
1180030 814.6
1180040 814.6
1180050 814.8
1180060 815.1
1180070 815.1
1180080 815.3
1180090 815.5
1180100 815.5
1180110 815.7
1180120 815.6
1180130 815.6
1180140 815.3
1180150 814.8
1180160 815.4
1180170 815.0
1180180 814.4
1180190 811.3
1180200 811.3
1180210 807.6
1180220 806.6
1180230 806.6
1180240 807.0
1180250 810.7
1180260 810.7
1180270 816.5
1180280 820.7
1180290 820.7
1180300 822.9
1180310 828.9
1180320 828.9
1180330 836.0
1180340 843.3
1180350 843.3
1180360 849.2
1180370 855.5
1180380 855.5
1180390 859.7
1180400 865.1
1180410 870.6
1180420 870.6
1180430 876.5
1180440 881.0
1180450 881.0
1180460 884.9
1180470 889.0
1180480 889.0
1180490 888.1
1180500 887.8
1180510 887.8
1180520 887.9
1180530 892.8
1180540 892.8
1180550 912.3
1180560 920.7
1180570 920.7
1180580 911.9
1180590 928.2
1180600 928.2
1180610 936.6
1180620 942.4
1180630 947.6
1180640 947.6
1180650 950.5
1180660 951.5
1180670 951.5
1180680 955.7
1180690 957.4
1180700 957.4
1180710 959.2
1180720 960.7
1180730 960.7
1180740 962.1
1180750 964.6
1180760 964.6
1180770 968.2
1180780 970.9
1180790 970.9
1180800 973.1
1180810 974.6
1180820 974.6
1180830 975.6
1180840 976.4
1180850 976.4
1180860 976.9
1180870 977.6
1180880 978.3
1180890 978.3
1180900 979.0
1180910 979.8
1180920 979.8
1180930 980.7
1180940 980.7
1180950 980.7
1180960 980.8
1180970 981.0
1180980 981.0
1180990 981.5
1181000 976.4
1181010 976.4
1181020 977.3
1181030 977.9
1181040 977.9
1181050 978.8
1181060 979.0
1181070 979.0
1181080 978.1
1181090 978.1
1181100 978.5
1181110 978.5
1181120 978.6
1181130 979.6
1181140 979.6
1181150 980.3
1181160 980.8
1181170 980.8
1181180 981.3
1181190 981.7
1181200 981.7
1181210 981.9
1181220 981.9
1181230 981.9
1181240 981.9
1181250 982.1
1181260 982.1
1181270 982.3
1181280 982.4
1181290 982.4
1181300 982.4
1181310 982.6
1181320 982.6
1181330 982.7
1181340 982.7
1181350 983.0
1181360 983.0
1181370 983.5
1181380 984.1
1181390 984.1
1181400 984.9
1181410 985.7
1181420 983.1
1181430 983.8
1181440 984.7
1181450 984.7
1181460 985.8
1181470 987.0
1181480 987.0
1181490 988.9
1181500 991.0
1181510 991.0
1181520 992.8
1181530 993.9
1181540 993.9
1181550 994.5
1181560 994.9
1181570 995.3
1181580 995.3
1181590 995.5
1181600 995.4
1181610 995.4
1181620 995.2
1181630 995.2
1181640 995.2
1181650 994.8
1181660 994.4
1181670 994.4
1181680 994.2
1181690 994.1
1181700 994.1
1181710 994.4
1181720 994.8
1181730 994.8
1181740 994.4
1181750 994.5
1181760 994.5
1181770 995.4
1181780 996.6
1181790 997.3
1181800 997.3
1181810 997.0
1181820 995.6
1181830 995.6
1181840 991.8
1181850 994.8
1181860 994.8
1181870 997.5
1181880 999.0
1181890 999.0
1181900 1000.2
1181910 1001.4
1181920 1001.4
1181930 1001.1
1181940 999.6
1181950 999.6
1181960 999.2
1181970 1000.9
1181980 1000.9
1181990 1003.6
1182000 1005.9
1182010 1005.9
1182020 1007.8
1182030 1009.8
1182040 1012.0
1182050 1012.0
1182060 1015.2
1182070 1016.9
1182080 1016.9
1182090 1016.4
1182100 1015.4
1182110 1015.4
1182120 1015.6
1182130 1017.7
1182140 1017.7
1182150 1020.4
1182160 1020.9
1182170 1020.9
1182180 1021.8
1182190 1023.4
1182200 1023.4
1182210 1024.4
1182220 1024.9
1182230 1024.9
1182240 1025.5
1182250 1025.6
1182260 1019.1
1182270 1019.1
1182280 1018.9
1182290 1019.0
1182300 1019.0
1182310 1019.8
1182320 1020.4
1182330 1020.4
1182340 1021.2
1182350 1022.4
1182360 1022.4
1182370 1023.7
1182380 1025.3
1182390 1025.3
1182400 1025.9
1182410 1028.5
1182420 1028.5
1182430 1033.4
1182440 1037.6
1182450 1037.6
1182460 1039.3
1182470 1039.5
1182480 1039.5
1182490 1039.1
1182500 1038.7
1182510 1038.7
1182520 1038.7
1182530 1038.5
1182540 1039.1
1182550 1039.1
1182560 1040.4
1182570 1041.9
1182580 1041.9
1182590 1043.9
1182600 1046.0
1182610 1046.0
1182620 1047.8
1182630 1049.3
1182640 1049.3
1182650 1050.7
1182660 1052.1
1182670 1052.1
1182680 1050.6
1182690 1051.8
1182700 1051.8
1182710 1053.0
1182720 1054.1
1182730 1055.4
1182740 1055.4
1182750 1056.8
1182760 1058.0
1182770 1058.0
1182780 1059.0
1182790 1060.1
1182800 1060.1
1182810 1061.1
1182820 1062.0
1182830 1062.0
1182840 1062.7
1182850 1063.6
1182860 1063.6
1182870 1065.0
1182880 1066.6
1182890 1066.6
1182900 1067.8
1182910 1068.8
1182920 1068.8
1182930 1069.8
1182940 1070.4
1182950 1070.6
1182960 1070.6
1182970 1070.6
1182980 1071.3
1182990 1071.3
1183000 1071.9
1183010 1072.1
1183020 1072.1
1183030 1071.9
1183040 1071.8
1183050 1071.8
1183060 1071.8
1183070 1072.1
1183080 1072.1
1183090 1072.9
1183100 1071.5
1183110 1071.5
1183120 1072.4
1183130 1073.7
1183140 1073.7
1183150 1075.4
1183160 1076.7
1183170 1076.7
1183180 1077.7
1183190 1079.4
1183200 1080.4
1183210 1080.4
1183220 1081.3
1183230 1081.0
1183240 1081.0
1183250 1081.2
1183260 1082.2
1183270 1082.2
1183280 1082.3
1183290 1081.9
1183300 1081.9
1183310 1081.4
1183320 1081.9
1183330 1081.9
1183340 1083.2
1183350 1083.9
1183360 1083.9
1183370 1084.2
1183380 1084.7
1183390 1084.7
1183400 1085.7
1183410 1086.8
1183420 1087.8
1183430 1087.8
1183440 1088.6
1183450 1088.9
1183460 1088.9
1183470 1091.0
1183480 1093.8
1183490 1093.8
1183500 1095.4
1183510 1096.2
1183520 1092.7
1183530 1093.5
1183540 1093.0
1183550 1093.0
1183560 1090.7
1183570 1090.5
1183580 1090.5
1183590 1091.4
1183600 1090.6
1183610 1090.6
1183620 1089.5
1183630 1083.4
1183640 1083.4
1183650 1074.6
1183660 1083.3
1183670 1090.4
1183680 1090.4
1183690 1094.6
1183700 1098.5
1183710 1098.5
1183720 1102.0
1183730 1103.8
1183740 1103.8
1183750 1105.1
1183760 1107.1
1183770 1107.1
1183780 1108.8
1183790 1110.5
1183800 1110.5
1183810 1112.1
1183820 1113.4
1183830 1113.4
1183840 1114.8
1183850 1116.7
1183860 1116.7
1183870 1118.4
1183880 1119.4
1183890 1119.2
1183900 1119.2
1183910 1117.4
1183920 1116.0
1183930 1116.0
1183940 1111.1
1183950 1112.4
1183960 1112.4
1183970 1112.2
1183980 1111.7
1183990 1111.7
1184000 1110.8
1184010 1109.4
1184020 1109.4
1184030 1108.8
1184040 1109.0
1184050 1109.0
1184060 1109.5
1184070 1110.9
1184080 1110.9
1184090 1113.3
1184100 1116.6
1184110 1119.9
1184120 1119.9
1184130 1122.4
1184140 1124.1
1184150 1124.1
1184160 1125.5
1184170 1126.4
1184180 1126.4
1184190 1126.0
1184200 1126.3
1184210 1126.3
1184220 1127.7
1184230 1128.6
1184240 1128.6
1184250 1129.6
1184260 1132.4
1184270 1132.4
1184280 1133.5
1184290 1133.1
1184300 1133.1
1184310 1133.0
1184320 1134.2
1184330 1134.2
1184340 1136.7
1184350 1139.5
1184360 1139.7
1184370 1139.7
1184380 1141.9
1184390 1144.4
1184400 1144.4
1184410 1146.7
1184420 1148.6
1184430 1148.6
1184440 1150.2
1184450 1150.4
1184460 1150.4
1184470 1150.9
1184480 1151.7
1184490 1151.7
1184500 1152.5
1184510 1153.1
1184520 1153.1
1184530 1153.6
1184540 1153.9
1184550 1153.9
1184560 1154.1
1184570 1154.2
1184580 1155.4
1184590 1155.4
1184600 1157.4
1184610 1158.9
1184620 1158.9
1184630 1160.7
1184640 1162.8
1184650 1162.8
1184660 1163.8
1184670 1164.4
1184680 1164.4
1184690 1164.9
1184700 1165.2
1184710 1165.2
1184720 1165.3
1184730 1164.9
1184740 1164.9
1184750 1164.5
1184760 1164.6
1184770 1164.6
1184780 1164.9
1184790 1160.8
1184800 1160.1
1184810 1160.1
1184820 1159.5
1184830 1159.7
1184840 1159.7
1184850 1160.2
1184860 1159.5
1184870 1159.5
1184880 1158.5
1184890 1157.7
1184900 1157.7
1184910 1157.1
1184920 1157.5
1184930 1157.5
1184940 1157.6
1184950 1157.7
1184960 1157.7
1184970 1158.0
1184980 1158.4
1184990 1158.4
1185000 1158.9
1185010 1159.5
1185020 1159.5
1185030 1159.9
1185040 1159.8
1185050 1159.5
1185060 1159.5
1185070 1159.5
1185080 1160.0
1185090 1160.0
1185100 1160.6
1185110 1162.6
1185120 1162.6
1185130 1165.3
1185140 1167.0
1185150 1167.0
1185160 1168.3
1185170 1168.9
1185180 1168.9
1185190 1169.2
1185200 1169.7
1185210 1162.1
1185220 1163.3
1185230 1164.5
1185240 1164.5
1185250 1165.6
1185260 1167.9
1185270 1171.3
1185280 1171.3
1185290 1173.6
1185300 1174.4
1185310 1174.4
1185320 1174.8
1185330 1175.3
1185340 1175.3
1185350 1175.4
1185360 1175.0
1185370 1175.0
1185380 1175.0
1185390 1175.8
1185400 1175.8
1185410 1176.8
1185420 1177.9
1185430 1177.9
1185440 1180.6
1185450 1184.4
1185460 1184.4
1185470 1188.7
1185480 1192.2
1185490 1192.2
1185500 1194.0
1185510 1194.8
1185520 1195.6
1185530 1195.6
1185540 1196.3
1185550 1197.1
1185560 1197.1
1185570 1198.7
1185580 1201.0
1185590 1201.0
1185600 1203.3
1185610 1206.3
1185620 1206.3
1185630 1203.7
1185640 1205.5
1185650 1205.5
1185660 1208.5
1185670 1211.2
1185680 1211.2
1185690 1214.3
1185700 1218.0
1185710 1218.0
1185720 1219.9
1185730 1223.0
1185740 1227.0
1185750 1227.0
1185760 1230.2
1185770 1231.8
1185780 1231.8
1185790 1233.4
1185800 1235.4
1185810 1235.4
1185820 1237.7
1185830 1240.1
1185840 1240.1
1185850 1242.7
1185860 1245.6
1185870 1245.6
1185880 1248.8
1185890 1252.2
1185900 1252.2
1185910 1255.3
1185920 1258.9
1185930 1258.9
1185940 1261.3
1185950 1263.9
1185960 1267.3
1185970 1267.3
1185980 1271.1
1185990 1275.4
1186000 1275.4
1186010 1280.3
1186020 1284.6
1186030 1284.6
1186040 1288.6
1186050 1293.3
1186060 1292.1
1186070 1296.3
1186080 1300.3
1186090 1300.3
1186100 1304.2
1186110 1308.4
1186120 1308.4
1186130 1313.1
1186140 1317.7
1186150 1317.7
1186160 1323.4
1186170 1330.9
1186180 1330.9
1186190 1338.3
1186200 1343.3
1186210 1348.7
1186220 1348.7
1186230 1358.3
1186240 1364.7
1186250 1364.7
1186260 1370.7
1186270 1375.5
1186280 1375.5
1186290 1378.5
1186300 1380.6
1186310 1380.6
1186320 1383.7
1186330 1387.1
1186340 1387.1
1186350 1390.8
1186360 1393.9
1186370 1393.9
1186380 1396.6
1186390 1399.0
1186400 1399.0
1186410 1402.3
1186420 1405.9
1186430 1410.2
1186440 1410.2
1186450 1414.7
1186460 1419.6
1186470 1419.6
1186480 1420.3
1186490 1423.9
1186500 1423.9
1186510 1427.4
1186520 1432.3
1186530 1432.3
1186540 1439.2
1186550 1446.9
1186560 1446.9
1186570 1451.8
1186580 1455.0
1186590 1455.0
1186600 1457.9
1186610 1460.6
1186620 1460.6
1186630 1461.9
1186640 1464.4
1186650 1464.4
1186660 1468.5
1186670 1472.5
1186680 1475.1
1186690 1475.1
1186700 1476.5
1186710 1479.6
1186720 1479.6
1186730 1482.8
1186740 1486.0
1186750 1486.0
1186760 1488.2
1186770 1491.6
1186780 1491.6
1186790 1495.0
1186800 1497.5
1186810 1497.5
1186820 1501.8
1186830 1506.1
1186840 1506.1
1186850 1510.7
1186860 1513.4
1186870 1513.4
1186880 1514.9
1186890 1516.7
1186900 1517.8
1186910 1514.1
1186920 1513.8
1186930 1514.0
1186940 1514.0
1186950 1517.1
1186960 1521.7
1186970 1521.7
1186980 1525.9
1186990 1533.5
1187000 1533.5
1187010 1539.2
1187020 1542.3
1187030 1542.3
1187040 1544.3
1187050 1549.9
1187060 1549.9
1187070 1552.8
1187080 1554.8
1187090 1554.8
1187100 1556.7
1187110 1557.6
1187120 1560.3
1187130 1560.3
1187140 1563.2
1187150 1566.0
1187160 1566.0
1187170 1568.6
1187180 1569.1
1187190 1569.1
1187200 1568.9
1187210 1569.6
1187220 1569.6
1187230 1569.4
1187240 1568.4
1187250 1568.4
1187260 1566.6
1187270 1564.2
1187280 1564.2
1187290 1562.1
1187300 1559.5
1187310 1559.5
1187320 1555.2
1187330 1551.1
1187340 1547.3
1187350 1545.8
1187360 1544.7
1187370 1543.0
1187380 1543.0
1187390 1540.5
1187400 1537.7
1187410 1537.7
1187420 1535.2
1187430 1533.7
1187440 1533.7
1187450 1533.1
1187460 1534.0
1187470 1534.0
1187480 1536.9
1187490 1539.2
1187500 1539.2
1187510 1540.4
1187520 1541.7
1187530 1541.7
1187540 1542.3
1187550 1542.1
1187560 1542.1
1187570 1540.4
1187580 1538.8
1187590 1538.8
1187600 1538.8
1187610 1538.0
1187620 1536.4
1187630 1536.4
1187640 1534.0
1187650 1532.2
1187660 1532.2
1187670 1530.5
1187680 1529.3
1187690 1529.3
1187700 1528.7
1187710 1528.0
1187720 1528.0
1187730 1526.9
1187740 1525.6
1187750 1525.6
1187760 1522.1
1187770 1517.9
1187780 1517.9
1187790 1514.5
1187800 1512.4
1187810 1512.2
1187820 1512.2
1187830 1512.8
1187840 1511.9
1187850 1511.9
1187860 1510.5
1187870 1509.2
1187880 1509.2
1187890 1505.9
1187900 1502.5
1187910 1502.5
1187920 1499.8
1187930 1497.4
1187940 1497.4
1187950 1495.2
1187960 1493.4
1187970 1493.4
1187980 1491.2
1187990 1488.9
1188000 1488.9
1188010 1487.4
1188020 1485.9
1188030 1485.9
1188040 1483.7
1188050 1479.6
1188060 1473.5
1188070 1473.5
1188080 1468.5
1188090 1464.7
1188100 1464.7
1188110 1462.0
1188120 1460.7
1188130 1460.7
1188140 1459.9
1188150 1460.2
1188160 1460.2
1188170 1460.5
1188180 1459.8
1188190 1461.1
1188200 1459.8
1188210 1458.7
1188220 1458.7
1188230 1458.4
1188240 1458.9
1188250 1458.9
1188260 1459.9
1188270 1460.5
1188280 1462.1
1188290 1462.1
1188300 1464.5
1188310 1466.9
1188320 1466.9
1188330 1471.4
1188340 1479.8
1188350 1479.8
1188360 1483.3
1188370 1490.8
1188380 1490.8
1188390 1496.3
1188400 1498.8
1188410 1498.8
1188420 1504.5
1188430 1508.3
1188440 1508.3
1188450 1509.6
1188460 1510.0
1188470 1510.0
1188480 1510.2
1188490 1508.9
1188500 1508.9
1188510 1505.5
1188520 1502.7
1188530 1499.1
1188540 1499.1
1188550 1495.4
1188560 1491.2
1188570 1491.2
1188580 1487.3
1188590 1483.1
1188600 1483.1
1188610 1478.8
1188620 1472.9
1188630 1472.9
1188640 1470.3
1188650 1469.0
1188660 1469.0
1188670 1469.1
1188680 1471.3
1188690 1471.3
1188700 1473.9
1188710 1473.9
1188720 1473.9
1188730 1473.3
1188740 1472.2
1188750 1471.0
1188760 1471.0
1188770 1470.2
1188780 1469.8
1188790 1469.8
1188800 1469.6
1188810 1469.0
1188820 1469.0
1188830 1468.0
1188840 1467.1
1188850 1467.1
1188860 1465.5
1188870 1462.7
1188880 1462.7
1188890 1459.6
1188900 1457.2
1188910 1457.2
1188920 1455.2
1188930 1454.6
1188940 1454.6
1188950 1454.6
1188960 1454.0
1188970 1453.9
1188980 1453.9
1188990 1454.4
1189000 1455.1
1189010 1455.1
1189020 1455.4
1189030 1456.9
1189040 1456.9
1189050 1465.6
1189060 1467.1
1189070 1467.1
1189080 1466.7
1189090 1465.0
1189100 1465.0
1189110 1462.3
1189120 1459.0
1189130 1459.0
1189140 1457.2
1189150 1456.5
1189160 1456.5
1189170 1455.0
1189180 1453.9
1189190 1453.9
1189200 1453.7
1189210 1458.2
1189220 1462.6
1189230 1462.6
1189240 1467.8
1189250 1474.4
1189260 1474.4
1189270 1480.2
1189280 1484.9
1189290 1484.9
1189300 1490.3
1189310 1495.0
1189320 1495.0
1189330 1497.2
1189340 1499.1
1189350 1499.1
1189360 1501.2
1189370 1502.6
1189380 1502.6
1189390 1503.3
1189400 1503.8
1189410 1503.8
1189420 1504.4
1189430 1505.3
1189440 1505.3
1189450 1505.3
1189460 1506.4
1189470 1508.1
1189480 1514.1
1189490 1518.1
1189500 1524.3
1189510 1524.3
1189520 1530.0
1189530 1537.3
1189540 1537.3
1189550 1543.1
1189560 1547.4
1189570 1547.4
1189580 1550.4
1189590 1552.9
1189600 1552.9
1189610 1556.0
1189620 1559.6
1189630 1559.6
1189640 1561.1
1189650 1563.0
1189660 1563.0
1189670 1562.7
1189680 1563.1
1189690 1564.4
1189700 1564.4
1189710 1567.2
1189720 1573.1
1189730 1573.1
1189740 1577.5
1189750 1582.5
1189760 1582.5
1189770 1586.4
1189780 1588.6
1189790 1588.6
1189800 1591.7
1189810 1594.5
1189820 1594.5
1189830 1597.9
1189840 1602.6
1189850 1602.6
1189860 1607.2
1189870 1609.8
1189880 1609.8
1189890 1613.0
1189900 1617.1
1189910 1617.4
1189920 1617.4
1189930 1619.0
1189940 1620.1
1189950 1620.1
1189960 1620.3
1189970 1619.9
1189980 1619.9
1189990 1619.4
1190000 1619.8
1190010 1619.8
1190020 1620.5
1190030 1622.4
1190040 1622.4
1190050 1624.0
1190060 1624.9
1190070 1624.9
1190080 1625.9
1190090 1627.7
1190100 1627.7
1190110 1629.0
1190120 1630.2
1190130 1631.7
1190140 1631.7
1190150 1631.1
1190160 1630.6
1190170 1630.6
1190180 1630.8
1190190 1630.9
1190200 1630.9
1190210 1630.8
1190220 1632.0
1190230 1632.0
1190240 1633.6
1190250 1634.0
1190260 1634.0
1190270 1634.9
1190280 1636.9
1190290 1636.9
1190300 1639.6
1190310 1641.5
1190320 1641.5
1190330 1642.6
1190340 1643.9
1190350 1643.9
1190360 1643.7
1190370 1643.5
1190380 1643.2
1190390 1643.2
1190400 1643.5
1190410 1643.9
1190420 1643.9
1190430 1644.6
1190440 1645.2
1190450 1645.2
1190460 1646.6
1190470 1649.0
1190480 1649.0
1190490 1651.9
1190500 1654.6
1190510 1654.6
1190520 1654.8
1190530 1655.8
1190540 1655.8
1190550 1659.4
1190560 1664.2
1190570 1664.2
1190580 1666.8
1190590 1668.3
1190600 1669.1
1190610 1669.1
1190620 1669.9
1190630 1671.4
1190640 1671.4
1190650 1673.3
1190660 1673.8
1190670 1673.8
1190680 1673.1
1190690 1673.2
1190700 1673.2
1190710 1673.4
1190720 1674.3
1190730 1674.3
1190740 1676.3
1190750 1679.2
1190760 1679.2
1190770 1685.6
1190780 1687.4
1190790 1687.4
1190800 1688.5
1190810 1688.1
1190820 1686.2
1190830 1686.2
1190840 1682.9
1190850 1677.4
1190860 1677.4
1190870 1670.0
1190880 1663.5
1190890 1663.5
1190900 1658.7
1190910 1654.8
1190920 1654.8
1190930 1650.8
1190940 1647.3
1190950 1647.3
1190960 1643.7
1190970 1639.8
1190980 1639.8
1190990 1636.8
1191000 1635.2
1191010 1635.2
1191020 1632.8
1191030 1631.8
1191040 1631.8
1191050 1631.8
1191060 1631.7
1191070 1631.5
1191080 1631.5
1191090 1631.4
1191100 1631.0
1191110 1631.0
1191120 1630.6
1191130 1630.2
1191140 1630.2
1191150 1629.4
1191160 1628.2
1191170 1628.2
1191180 1628.0
1191190 1627.0
1191200 1627.0
1191210 1624.9
1191220 1624.1
1191230 1624.1
1191240 1624.4
1191250 1625.4
1191260 1625.4
1191270 1626.7
1191280 1629.5
1191290 1633.1
1191300 1633.1
1191310 1636.4
1191320 1639.8
1191330 1639.8
1191340 1642.5
1191350 1644.8
1191360 1644.8
1191370 1646.4
1191380 1648.2
1191390 1648.2
1191400 1651.3
1191410 1654.5
1191420 1654.5
1191430 1656.0
1191440 1656.3
1191450 1656.3
1191460 1657.3
1191470 1656.5
1191480 1656.5
1191490 1656.1
1191500 1656.2
1191510 1656.2
1191520 1659.0
1191530 1662.1
1191540 1665.4
1191550 1665.4
1191560 1667.3
1191570 1669.2
1191580 1669.2
1191590 1670.8
1191600 1671.8
1191610 1671.8
1191620 1672.3
1191630 1671.3
1191640 1672.3
1191650 1673.7
1191660 1675.3
1191670 1675.3
1191680 1676.9
1191690 1678.5
1191700 1678.5
1191710 1679.9
1191720 1680.2
1191730 1680.2
1191740 1680.2
1191750 1681.3
1191760 1683.1
1191770 1683.1
1191780 1686.5
1191790 1689.9
1191800 1689.9
1191810 1693.3
1191820 1698.5
1191830 1698.5
1191840 1705.5
1191850 1714.3
1191860 1714.3
1191870 1722.7
1191880 1730.1
1191890 1730.1
1191900 1736.6
1191910 1741.0
1191920 1741.0
1191930 1745.4
1191940 1750.0
1191950 1750.0
1191960 1755.1
1191970 1760.7
1191980 1769.8
1191990 1769.8
1192000 1780.2
1192010 1787.0
1192020 1787.0
1192030 1792.3
1192040 1797.2
1192050 1797.2
1192060 1802.0
1192070 1812.0
1192080 1812.0
1192090 1820.1
1192100 1827.2
1192110 1827.2
1192120 1833.8
1192130 1841.4
1192140 1841.4
1192150 1849.9
1192160 1857.3
1192170 1857.3
1192180 1862.7
1192190 1864.8
1192200 1864.8
1192210 1863.4
1192220 1864.7
1192230 1868.9
1192240 1868.9
1192250 1873.2
1192260 1877.8
1192270 1877.8
1192280 1880.0
1192290 1880.3
1192300 1880.3
1192310 1880.0
1192320 1879.1
1192330 1879.1
1192340 1879.5
1192350 1880.9
1192360 1880.9
1192370 1882.8
1192380 1886.2
1192390 1886.2
1192400 1889.9
1192410 1893.8
1192420 1893.8
1192430 1896.1
1192440 1899.0
1192450 1900.2
1192460 1900.2
1192470 1898.7
1192480 1896.7
1192490 1896.7
1192500 1895.1
1192510 1899.0
1192520 1899.0
1192530 1898.1
1192540 1898.0
1192550 1898.0
1192560 1898.7
1192570 1899.7
1192580 1899.7
1192590 1900.0
1192600 1904.1
1192610 1904.1
1192620 1910.6
1192630 1915.4
1192640 1915.4
1192650 1919.0
1192660 1919.6
1192670 1919.6
1192680 1916.6
1192690 1914.7
1192700 1917.5
1192710 1917.5
1192720 1921.2
1192730 1924.8
1192740 1924.8
1192750 1928.0
1192760 1931.8
1192770 1931.8
1192780 1936.0
1192790 1939.8
1192800 1939.8
1192810 1943.6
1192820 1948.3
1192830 1948.3
1192840 1952.6
1192850 1957.7
1192860 1957.7
1192870 1963.3
1192880 1969.0
1192890 1969.0
1192900 1974.1
1192910 1980.3
1192920 1986.0
1192930 1986.0
1192940 1991.8
1192950 1996.3
1192960 1996.3
1192970 1999.2
1192980 2000.8
1192990 2000.8
1193000 2002.8
1193010 2005.1
1193020 2005.1
1193030 2008.0
1193040 2011.1
1193050 2011.1
1193060 2014.7
1193070 2017.1
1193080 2017.1
1193090 2020.2
1193100 2024.2
1193110 2024.2
1193120 2029.1
1193130 2034.3
1193140 2040.3
1193150 2040.3
1193160 2048.2
1193170 2055.7
1193180 2055.7
1193190 2063.3
1193200 2070.5
1193210 2070.5
1193220 2079.5
1193230 2090.1
1193240 2090.1
1193250 2099.8
1193260 2107.3
1193270 2107.3
1193280 2115.1
1193290 2123.3
1193300 2123.3
1193310 2131.2
1193320 2138.8
1193330 2138.8
1193340 2145.3
1193350 2148.9
1193360 2148.9
1193370 2150.8
1193380 2155.4
1193390 2161.0
1193400 2161.0
1193410 2168.8
1193420 2177.4
1193430 2177.4
1193440 2186.1
1193450 2194.1
1193460 2194.1
1193470 2201.8
1193480 2208.6
1193490 2208.6
1193500 2215.8
1193510 2224.0
1193520 2224.0
1193530 2233.9
1193540 2244.6
1193550 2244.6
1193560 2254.3
1193570 2264.5
1193580 2264.5
1193590 2272.9
1193600 2278.8
1193610 2283.0
1193620 2283.0
1193630 2285.2
1193640 2289.5
1193650 2289.5
1193660 2293.9
1193670 2298.6
1193680 2298.6
1193690 2302.4
1193700 2306.7
1193710 2306.7
1193720 2310.3
1193730 2312.6
1193740 2312.6
1193750 2315.1
1193760 2318.6
1193770 2318.6
1193780 2320.2
1193790 2323.4
1193800 2323.4
1193810 2326.1
1193820 2330.5
1193830 2335.0
1193840 2335.0
1193850 2339.4
1193860 2344.7
1193870 2344.7
1193880 2347.5
1193890 2350.5
1193900 2350.5
1193910 2354.3
1193920 2358.3
1193930 2358.3
1193940 2361.7
1193950 2364.6
1193960 2364.6
1193970 2367.5
1193980 2369.2
1193990 2369.2
1194000 2371.1
1194010 2372.4
1194020 2372.4
1194030 2372.7
1194040 2370.9
1194050 2370.9
1194060 2370.0
1194070 2372.0
1194080 2375.3
1194090 2375.3
1194100 2376.0
1194110 2375.3
1194120 2375.3
1194130 2372.6
1194140 2368.0
1194150 2368.0
1194160 2361.2
1194170 2353.8
1194180 2353.8
1194190 2345.6
1194200 2341.4
1194210 2341.4
1194220 2337.0
1194230 2329.3
1194240 2329.3
1194250 2328.9
1194260 2320.7
1194270 2320.7
1194280 2313.3
1194290 2306.4
1194300 2300.7
1194310 2300.7
1194320 2292.2
1194330 2284.6
1194340 2284.6
1194350 2277.3
1194360 2268.6
1194370 2268.6
1194380 2259.9
1194390 2250.2
1194400 2250.2
1194410 2242.0
1194420 2235.2
1194430 2235.2
1194440 2229.1
1194450 2223.1
1194460 2223.1
1194470 2217.3
1194480 2212.0
1194490 2212.0
1194500 2207.8
1194510 2204.7
1194520 2204.7
1194530 2202.9
1194540 2201.6
1194550 2200.2
1194560 2200.2
1194570 2199.0
1194580 2198.0
1194590 2198.0
1194600 2196.6
1194610 2195.0
1194620 2195.0
1194630 2194.1
1194640 2192.6
1194650 2192.6
1194660 2189.3
1194670 2189.2
1194680 2189.2
1194690 2192.2
1194700 2194.9
1194710 2194.9
1194720 2197.3
1194730 2197.3
1194740 2197.3
1194750 2196.8
1194760 2196.5
1194770 2196.2
1194780 2196.2
1194790 2196.8
1194800 2197.4
1194810 2197.4
1194820 2196.9
1194830 2196.0
1194840 2196.0
1194850 2194.7
1194860 2193.6
1194870 2193.6
1194880 2204.7
1194890 2217.6
1194900 2217.6
1194910 2222.4
1194920 2230.5
1194930 2230.5
1194940 2229.6
1194950 2226.9
1194960 2226.9
1194970 2226.3
1194980 2228.5
1194990 2245.1
1195000 2245.1
1195010 2261.2
1195020 2276.1
1195030 2276.1
1195040 2287.4
1195050 2289.9
1195060 2289.9
1195070 2290.8
1195080 2288.3
1195090 2288.3
1195100 2287.4
1195110 2292.4
1195120 2292.4
1195130 2304.1
1195140 2302.9
1195150 2302.9
1195160 2302.6
1195170 2301.3
1195180 2301.3
1195190 2299.4
1195200 2297.7
1195210 2297.7
1195220 2296.3
1195230 2297.5
1195240 2302.2
1195250 2302.2
1195260 2297.6
1195270 2292.8
1195280 2292.8
1195290 2290.0
1195300 2287.1
1195310 2287.1
1195320 2286.8
1195330 2289.6
1195340 2289.6
1195350 2293.5
1195360 2290.9
1195370 2290.9
1195380 2285.6
1195390 2281.1
1195400 2281.1
1195410 2275.7
1195420 2271.0
1195430 2271.0
1195440 2268.9
1195450 2267.3
1195460 2262.8
1195470 2262.8
1195480 2261.7
1195490 2261.9
1195500 2261.9
1195510 2262.9
1195520 2261.2
1195530 2261.2
1195540 2252.5
1195550 2242.5
1195560 2242.5
1195570 2246.9
1195580 2241.4
1195590 2241.4
1195600 2234.6
1195610 2228.0
1195620 2228.0
1195630 2222.6
1195640 2216.4
1195650 2216.4
1195660 2209.6
1195670 2202.9
1195680 2196.2
1195690 2196.2
1195700 2188.6
1195710 2182.0
1195720 2182.0
1195730 2177.1
1195740 2173.0
1195750 2173.0
1195760 2168.1
1195770 2164.9
1195780 2164.9
1195790 2164.2
1195800 2163.2
1195810 2163.2
1195820 2163.6
1195830 2161.3
1195840 2161.3
1195850 2154.5
1195860 2148.4
1195870 2148.4
1195880 2144.7
1195890 2140.3
1195900 2140.3
1195910 2132.8
1195920 2123.6
1195930 2117.4
1195940 2117.4
1195950 2112.7
1195960 2109.9
1195970 2109.9
1195980 2104.7
1195990 2100.5
1196000 2100.5
1196010 2108.8
1196020 2105.9
1196030 2105.9
1196040 2102.6
1196050 2098.6
1196060 2098.6
1196070 2095.8
1196080 2094.0
1196090 2094.0
1196100 2093.7
1196110 2094.4
1196120 2094.4
1196130 2095.2
1196140 2094.1
1196150 2089.1
1196160 2089.1
1196170 2085.2
1196180 2080.8
1196190 2080.8
1196200 2074.3
1196210 2069.3
1196220 2069.3
1196230 2065.8
1196240 2063.5
1196250 2063.5
1196260 2061.2
1196270 2063.2
1196280 2063.2
1196290 2061.4
1196300 2055.3
1196310 2055.3
1196320 2049.4
1196330 2043.4
1196340 2043.4
1196350 2034.6
1196360 2023.3
1196370 2023.3
1196380 2009.4
1196390 1999.6
1196400 1990.9
1196410 1990.9
1196420 1984.5
1196430 1979.6
1196440 1979.6
1196450 1982.7
1196460 1976.2
1196470 1976.2
1196480 1968.8
1196490 1960.5
1196500 1960.5
1196510 1952.0
1196520 1942.6
1196530 1942.6
1196540 1931.8
1196550 1922.6
1196560 1922.6
1196570 1915.1
1196580 1906.9
1196590 1906.9
1196600 1897.0
1196610 1886.4
1196620 1876.5
1196630 1876.5
1196640 1865.5
1196650 1854.3
1196660 1854.3
1196670 1845.8
1196680 1837.7
1196690 1837.7
1196700 1829.2
1196710 1819.7
1196720 1819.7
1196730 1810.0
1196740 1800.4
1196750 1800.4
1196760 1791.8
1196770 1783.5
1196780 1783.5
1196790 1775.4
1196800 1767.6
1196810 1767.6
1196820 1759.8
1196830 1752.2
1196840 1744.9
1196850 1744.9
1196860 1737.5
1196870 1730.2
1196880 1730.2
1196890 1725.9
1196900 1720.9
1196910 1720.9
1196920 1716.1
1196930 1711.2
1196940 1711.2
1196950 1706.0
1196960 1701.7
1196970 1701.7
1196980 1697.7
1196990 1694.1
1197000 1694.1
1197010 1691.0
1197020 1688.5
1197030 1688.5
1197040 1686.6
1197050 1685.1
1197060 1685.1
1197070 1684.0
1197080 1682.9
1197090 1682.2
1197100 1682.2
1197110 1681.6
1197120 1682.1
1197130 1682.1
1197140 1684.0
1197150 1686.9
1197160 1686.9
1197170 1692.0
1197180 1698.1
1197190 1698.1
1197200 1704.9
1197210 1711.8
1197220 1711.8
1197230 1719.1
1197240 1726.7
1197250 1726.7
1197260 1734.5
1197270 1742.5
1197280 1742.5
1197290 1749.9
1197300 1757.0
1197310 1764.2
1197320 1764.2
1197330 1774.3
1197340 1782.9
1197350 1782.9
1197360 1792.4
1197370 1807.5
1197380 1807.5
1197390 1821.2
1197400 1829.8
1197410 1829.8
1197420 1834.2
1197430 1838.1
1197440 1838.1
1197450 1842.6
1197460 1847.7
1197470 1847.7
1197480 1852.6
1197490 1857.7
1197500 1857.7
1197510 1861.6
1197520 1865.0
1197530 1867.0
1197540 1867.0
1197550 1869.0
1197560 1870.3
1197570 1870.3
1197580 1870.1
1197590 1868.6
1197600 1868.6
1197610 1867.2
1197620 1865.1
1197630 1865.1
1197640 1862.2
1197650 1859.8
1197660 1859.8
1197670 1857.3
1197680 1854.3
1197690 1854.3
1197700 1852.8
1197710 1853.0
1197720 1853.0
1197730 1853.1
1197740 1852.0
1197750 1852.0
1197760 1849.8
1197770 1848.6
1197780 1846.0
1197790 1846.0
1197800 1843.3
1197810 1840.3
1197820 1840.3
1197830 1838.0
1197840 1836.4
1197850 1836.4
1197860 1834.9
1197870 1833.5
1197880 1833.5
1197890 1832.0
1197900 1829.2
1197910 1829.2
1197920 1825.5
1197930 1821.0
1197940 1821.0
1197950 1815.9
1197960 1811.1
1197970 1811.1
1197980 1807.0
1197990 1804.2
1198000 1801.6
1198010 1801.6
1198020 1798.7
1198030 1795.1
1198040 1795.1
1198050 1791.8
1198060 1789.2
1198070 1789.2
1198080 1786.8
1198090 1784.7
1198100 1784.7
1198110 1782.4
1198120 1779.0
1198130 1779.0
1198140 1774.7
1198150 1770.2
1198160 1770.2
1198170 1765.7
1198180 1761.5
1198190 1761.5
1198200 1757.5
1198210 1756.4
1198220 1756.4
1198230 1752.7
1198240 1748.6
1198250 1744.4
1198260 1744.4
1198270 1739.8
1198280 1736.0
1198290 1736.0
1198300 1731.5
1198310 1726.5
1198320 1726.5
1198330 1721.2
1198340 1715.5
1198350 1715.5
1198360 1709.8
1198370 1704.3
1198380 1704.3
1198390 1698.7
1198400 1694.7
1198410 1694.7
1198420 1691.4
1198430 1687.2
1198440 1687.2
1198450 1683.3
1198460 1678.6
1198470 1673.4
1198480 1673.4
1198490 1667.8
1198500 1661.9
1198510 1661.9
1198520 1656.7
1198530 1652.0
1198540 1652.0
1198550 1648.3
1198560 1643.3
1198570 1643.3
1198580 1637.6
1198590 1632.9
1198600 1632.9
1198610 1627.9
1198620 1622.4
1198630 1622.4
1198640 1618.0
1198650 1612.9
1198660 1618.4
1198670 1613.4
1198680 1607.3
1198690 1601.0
1198700 1601.0
1198710 1594.8
1198720 1587.7
1198730 1587.7
1198740 1579.8
1198750 1572.2
1198760 1572.2
1198770 1566.4
1198780 1562.6
1198790 1562.6
1198800 1559.1
1198810 1554.8
1198820 1554.8
1198830 1550.1
1198840 1544.7
1198850 1544.7
1198860 1540.7
1198870 1539.4
1198880 1539.4
1198890 1537.2
1198900 1533.7
1198910 1533.7
1198920 1529.4
1198930 1525.3
1198940 1520.3
1198950 1520.3
1198960 1514.4
1198970 1508.4
1198980 1508.4
1198990 1502.7
1199000 1496.9
1199010 1496.9
1199020 1491.2
1199030 1485.1
1199040 1485.1
1199050 1477.8
1199060 1470.4
1199070 1470.4
1199080 1462.8
1199090 1455.8
1199100 1461.4
1199110 1454.0
1199120 1447.5
1199130 1447.5
1199140 1441.2
1199150 1435.5
1199160 1430.7
1199170 1430.7
1199180 1424.3
1199190 1418.3
1199200 1418.3
1199210 1413.3
1199220 1406.3
1199230 1406.3
1199240 1395.2
1199250 1386.7
1199260 1386.7
1199270 1378.2
1199280 1369.0
1199290 1369.0
1199300 1360.7
1199310 1352.2
1199320 1352.2
1199330 1344.5
1199340 1338.1
1199350 1338.1
1199360 1331.0
1199370 1321.8
1199380 1314.6
1199390 1314.6
1199400 1309.7
1199410 1301.3
1199420 1301.3
1199430 1292.8
1199440 1283.6
1199450 1283.6
1199460 1274.9
1199470 1267.7
1199480 1267.7
1199490 1259.8
1199500 1252.6
1199510 1252.6
1199520 1245.8
1199530 1242.6
1199540 1242.6
1199550 1250.9
1199560 1257.0
1199570 1257.0
1199580 1263.8
1199590 1270.2
1199600 1270.2
1199610 1268.8
1199620 1266.4
1199630 1267.1
1199640 1267.1
1199650 1264.3
1199660 1259.9
1199670 1259.9
1199680 1254.8
1199690 1249.6
1199700 1249.6
1199710 1244.4
1199720 1238.8
1199730 1238.8
1199740 1234.8
1199750 1231.2
1199760 1231.2
1199770 1226.1
1199780 1220.4
1199790 1220.4
1199800 1214.8
1199810 1209.3
1199820 1209.3
1199830 1203.7
1199840 1197.8
1199850 1191.6
1199860 1191.6
1199870 1186.5
1199880 1182.8
1199890 1182.8
1199900 1179.9
1199910 1179.2
1199920 1179.2
1199930 1178.0
1199940 1178.6
1199950 1178.6
1199960 1178.7
1199970 1178.0
1199980 1178.0
1199990 1174.7
