1180000 916.3
1180010 911.7
1180020 907.6
1180030 907.6
1180040 903.8
1180050 902.1
1180060 898.0
1180070 898.0
1180080 894.6
1180090 890.9
1180100 890.9
1180110 885.8
1180120 879.7
1180130 879.7
1180140 873.3
1180150 867.0
1180160 867.0
1180170 862.1
1180180 857.5
1180190 857.5
1180200 852.8
1180210 849.2
1180220 849.2
1180230 848.5
1180240 848.7
1180250 848.7
1180260 849.1
1180270 849.8
1180280 849.8
1180290 849.7
1180300 849.5
1180310 849.4
1180320 849.4
1180330 850.0
1180340 850.3
1180350 850.3
1180360 850.3
1180370 849.9
1180380 849.9
1180390 849.4
1180400 849.1
1180410 849.1
1180420 848.4
1180430 847.5
1180440 847.5
1180450 847.5
1180460 846.3
1180470 847.7
1180480 846.9
1180490 845.4
1180500 845.4
1180510 839.0
1180520 833.8
1180530 827.1
1180540 827.1
1180550 823.1
1180560 822.3
1180570 822.3
1180580 820.7
1180590 818.3
1180600 818.3
1180610 816.2
1180620 814.8
1180630 814.8
1180640 814.2
1180650 814.1
1180660 814.1
1180670 814.1
1180680 814.1
1180690 814.1
1180700 814.2
1180710 814.3
1180720 814.3
1180730 814.5
1180740 814.8
1180750 815.2
1180760 815.2
1180770 815.8
1180780 816.2
1180790 816.2
1180800 816.6
1180810 816.8
1180820 816.8
1180830 817.2
1180840 817.8
1180850 817.8
1180860 818.4
1180870 818.9
1180880 818.9
1180890 815.7
1180900 815.9
1180910 815.9
1180920 816.1
1180930 816.2
1180940 816.2
1180950 816.4
1180960 816.6
1180970 816.6
1180980 816.8
1180990 816.9
1181000 817.1
1181010 817.1
1181020 817.2
1181030 817.5
1181040 817.5
1181050 817.4
1181060 817.7
1181070 817.7
1181080 818.0
1181090 817.9
1181100 817.9
1181110 817.7
1181120 817.8
1181130 817.8
1181140 818.1
1181150 818.2
1181160 818.2
1181170 818.4
1181180 818.9
1181190 818.9
1181200 819.1
1181210 819.8
1181220 820.1
1181230 820.1
1181240 820.4
1181250 820.6
1181260 820.6
1181270 822.3
1181280 823.3
1181290 823.3
1181300 819.8
1181310 820.5
1181320 820.5
1181330 821.5
1181340 822.9
1181350 822.9
1181360 824.5
1181370 825.8
1181380 825.8
1181390 827.7
1181400 830.0
1181410 830.0
1181420 830.0
1181430 830.1
1181440 830.1
1181450 830.1
1181460 830.1
1181470 830.2
1181480 830.2
1181490 830.2
1181500 830.4
1181510 830.4
1181520 830.5
1181530 830.6
1181540 830.6
1181550 830.8
1181560 830.5
1181570 830.5
1181580 830.6
1181590 831.0
1181600 831.0
1181610 831.1
1181620 831.0
1181630 831.0
1181640 831.0
1181650 830.8
1181660 830.8
1181670 830.6
1181680 830.4
1181690 830.2
1181700 830.2
1181710 830.4
1181720 830.1
1181730 830.1
1181740 830.2
1181750 830.8
1181760 830.8
1181770 831.9
1181780 832.5
1181790 832.5
1181800 833.1
1181810 833.4
1181820 833.4
1181830 833.8
1181840 834.1
1181850 834.1
1181860 834.5
1181870 835.3
1181880 835.3
1181890 837.2
1181900 841.5
1181910 845.7
1181920 845.7
1181930 850.8
1181940 857.9
1181950 857.9
1181960 864.6
1181970 866.1
1181980 866.1
1181990 865.8
1182000 868.2
1182010 868.2
1182020 874.6
1182030 881.9
1182040 881.9
1182050 890.3
1182060 898.7
1182070 898.7
1182080 906.5
1182090 914.5
1182100 914.5
1182110 923.4
1182120 927.2
1182130 927.2
1182140 926.9
1182150 927.4
1182160 927.7
1182170 927.7
1182180 928.0
1182190 928.2
1182200 928.2
1182210 928.4
1182220 928.6
1182230 928.6
1182240 928.7
1182250 928.8
1182260 928.8
1182270 928.9
1182280 929.0
1182290 929.0
1182300 929.2
1182310 930.2
1182320 930.2
1182330 932.0
1182340 933.9
1182350 933.9
1182360 936.2
1182370 939.0
1182380 941.9
1182390 941.9
1182400 944.8
1182410 947.4
1182420 947.4
1182430 949.9
1182440 952.6
1182450 952.6
1182460 954.9
1182470 957.4
1182480 957.4
1182490 959.9
1182500 962.0
1182510 962.0
1182520 964.3
1182530 967.1
1182540 967.1
1182550 969.9
1182560 972.6
1182570 972.6
1182580 974.6
1182590 977.3
1182600 979.6
1182610 979.6
1182620 981.8
1182630 983.8
1182640 983.8
1182650 985.8
1182660 987.8
1182670 987.8
1182680 989.8
1182690 991.9
1182700 991.9
1182710 994.1
1182720 996.0
1182730 996.0
1182740 997.8
1182750 999.5
1182760 999.5
1182770 1000.9
1182780 1002.3
1182790 1002.3
1182800 1003.5
1182810 1004.9
1182820 1004.9
1182830 1006.4
1182840 1007.8
1182850 1009.3
1182860 1009.3
1182870 1010.5
1182880 1011.3
1182890 1011.3
1182900 1012.1
1182910 1012.8
1182920 1012.8
1182930 1013.7
1182940 1014.4
1182950 1014.4
1182960 1014.9
1182970 1015.3
1182980 1014.3
1182990 1014.7
1183000 1015.1
1183010 1015.1
1183020 1015.4
1183030 1015.9
1183040 1015.9
1183050 1016.5
1183060 1017.3
1183070 1018.3
1183080 1018.3
1183090 1018.9
1183100 1019.4
1183110 1019.4
1183120 1019.8
1183130 1020.2
1183140 1020.2
1183150 1020.6
1183160 1021.1
1183170 1021.1
1183180 1021.7
1183190 1022.3
1183200 1022.3
1183210 1022.8
1183220 1023.1
1183230 1023.1
1183240 1023.2
1183250 1023.5
1183260 1023.5
1183270 1023.8
1183280 1024.0
1183290 1024.2
1183300 1024.2
1183310 1023.9
1183320 1023.8
1183330 1023.8
1183340 1024.1
1183350 1024.9
1183360 1024.9
1183370 1025.9
1183380 1026.9
1183390 1026.9
1183400 1027.7
1183410 1026.6
1183420 1026.6
1183430 1026.0
1183440 1024.4
1183450 1024.4
1183460 1023.8
1183470 1024.4
1183480 1024.4
1183490 1025.1
1183500 1025.8
1183510 1025.8
1183520 1026.7
1183530 1027.1
1183540 1025.7
1183550 1025.7
1183560 1023.1
1183570 1018.9
1183580 1018.9
1183590 1015.6
1183600 1005.6
1183610 1005.6
1183620 1011.0
1183630 1018.9
1183640 1018.9
1183650 1020.6
1183660 1019.4
1183670 1019.4
1183680 1018.0
1183690 1016.6
1183700 1016.6
1183710 1015.4
1183720 1015.1
1183730 1015.1
1183740 1015.1
1183750 1014.7
1183760 1013.9
1183770 1013.9
1183780 1012.9
1183790 1011.6
1183800 1011.6
1183810 1008.9
1183820 1010.8
1183830 1005.0
1183840 1007.3
1183850 1006.4
1183860 1006.4
1183870 1006.3
1183880 1005.6
1183890 1005.6
1183900 1004.0
1183910 1002.5
1183920 1002.5
1183930 999.6
1183940 999.1
1183950 999.1
1183960 1000.3
1183970 1001.2
1183980 1001.2
1183990 1002.1
1184000 1002.1
1184010 1001.7
1184020 1001.7
1184030 1002.8
1184040 1004.5
1184050 1004.5
1184060 1005.0
1184070 1005.8
1184080 1005.8
1184090 1006.8
1184100 1007.1
1184110 1007.1
1184120 1007.7
1184130 1008.7
1184140 1008.7
1184150 1009.9
1184160 1009.2
1184170 1009.2
1184180 1007.4
1184190 1004.4
1184200 1004.4
1184210 1002.1
1184220 1000.5
1184230 999.2
1184240 999.2
1184250 995.4
1184260 995.1
1184270 995.1
1184280 994.7
1184290 994.1
1184300 994.1
1184310 993.6
1184320 993.1
1184330 993.1
1184340 993.2
1184350 993.8
1184360 993.8
1184370 995.6
1184380 997.7
1184390 997.7
1184400 1000.1
1184410 1001.6
1184420 1001.6
1184430 1003.1
1184440 1004.8
1184450 1006.5
1184460 1006.5
1184470 1010.2
1184480 1014.2
1184490 1014.2
1184500 1018.3
1184510 1020.2
1184520 1020.2
1184530 1023.7
1184540 1028.7
1184550 1028.7
1184560 1032.2
1184570 1033.7
1184580 1033.7
1184590 1035.0
1184600 1036.4
1184610 1036.4
1184620 1038.3
1184630 1040.1
1184640 1040.1
1184650 1041.7
1184660 1044.0
1184670 1037.2
1184680 1039.7
1184690 1041.6
1184700 1043.2
1184710 1043.2
1184720 1044.3
1184730 1045.6
1184740 1045.6
1184750 1047.5
1184760 1049.3
1184770 1049.3
1184780 1050.3
1184790 1049.6
1184800 1049.6
1184810 1048.9
1184820 1048.5
1184830 1048.5
1184840 1048.3
1184850 1048.0
1184860 1048.0
1184870 1048.0
1184880 1048.4
1184890 1048.4
1184900 1048.7
1184910 1049.3
1184920 1049.7
1184930 1049.7
1184940 1049.7
1184950 1049.4
1184960 1049.4
1184970 1048.7
1184980 1047.4
1184990 1047.4
1185000 1046.4
1185010 1046.0
1185020 1046.0
1185030 1046.4
1185040 1046.6
1185050 1046.6
1185060 1045.8
1185070 1044.8
1185080 1044.8
1185090 1044.8
1185100 1041.8
1185110 1041.8
1185120 1042.0
1185130 1041.5
1185140 1039.5
1185150 1039.5
1185160 1037.1
1185170 1035.2
1185180 1035.2
1185190 1034.7
1185200 1035.6
1185210 1035.6
1185220 1037.4
1185230 1039.4
1185240 1039.4
1185250 1040.9
1185260 1042.3
1185270 1042.3
1185280 1043.9
1185290 1045.2
1185300 1045.2
1185310 1046.9
1185320 1047.1
1185330 1047.1
1185340 1046.2
1185350 1045.5
1185360 1045.5
1185370 1044.1
1185380 1040.3
1185390 1037.1
1185400 1037.1
1185410 1035.9
1185420 1038.9
1185430 1038.9
1185440 1045.2
1185450 1050.5
1185460 1050.5
1185470 1051.0
1185480 1048.8
1185490 1048.8
1185500 1049.2
1185510 1052.3
1185520 1048.2
1185530 1052.9
1185540 1057.5
1185550 1057.5
1185560 1060.7
1185570 1062.4
1185580 1062.4
1185590 1062.8
1185600 1063.3
1185610 1066.7
1185620 1066.7
1185630 1071.0
1185640 1073.6
1185650 1073.6
1185660 1073.8
1185670 1073.9
1185680 1073.9
1185690 1074.5
1185700 1075.2
1185710 1075.2
1185720 1077.0
1185730 1078.7
1185740 1078.7
1185750 1080.5
1185760 1083.3
1185770 1083.3
1185780 1087.6
1185790 1092.8
1185800 1092.8
1185810 1097.4
1185820 1101.5
1185830 1105.7
1185840 1105.7
1185850 1108.6
1185860 1112.3
1185870 1112.3
1185880 1117.3
1185890 1124.0
1185900 1124.0
1185910 1131.2
1185920 1136.2
1185930 1136.2
1185940 1136.7
1185950 1143.3
1185960 1143.3
1185970 1147.4
1185980 1148.9
1185990 1148.9
1186000 1150.0
1186010 1151.1
1186020 1151.1
1186030 1153.8
1186040 1157.4
1186050 1157.4
1186060 1161.0
1186070 1164.5
1186080 1168.2
1186090 1168.2
1186100 1172.2
1186110 1175.6
1186120 1175.6
1186130 1178.4
1186140 1181.8
1186150 1181.8
1186160 1184.9
1186170 1188.1
1186180 1188.1
1186190 1192.3
1186200 1197.4
1186210 1197.4
1186220 1201.9
1186230 1207.9
1186240 1207.9
1186250 1216.2
1186260 1221.5
1186270 1221.5
1186280 1225.3
1186290 1229.2
1186300 1231.8
1186310 1231.8
1186320 1232.9
1186330 1234.3
1186340 1234.3
1186350 1235.6
1186360 1237.9
1186370 1231.1
1186380 1233.1
1186390 1236.0
1186400 1236.0
1186410 1240.6
1186420 1244.6
1186430 1244.6
1186440 1248.3
1186450 1252.3
1186460 1252.3
1186470 1256.5
1186480 1261.2
1186490 1261.2
1186500 1265.6
1186510 1269.4
1186520 1269.4
1186530 1271.3
1186540 1272.6
1186550 1274.0
1186560 1274.0
1186570 1276.4
1186580 1278.9
1186590 1278.9
1186600 1282.3
1186610 1286.5
1186620 1286.5
1186630 1290.1
1186640 1293.3
1186650 1293.3
1186660 1297.3
1186670 1302.3
1186680 1302.3
1186690 1306.9
1186700 1310.5
1186710 1310.5
1186720 1314.5
1186730 1318.1
1186740 1318.1
1186750 1322.5
1186760 1326.8
1186770 1330.6
1186780 1330.6
1186790 1335.0
1186800 1334.4
1186810 1334.4
1186820 1338.8
1186830 1343.3
1186840 1343.3
1186850 1348.2
1186860 1354.3
1186870 1354.3
1186880 1361.2
1186890 1367.4
1186900 1367.4
1186910 1372.2
1186920 1376.9
1186930 1376.9
1186940 1383.4
1186950 1389.1
1186960 1389.1
1186970 1389.4
1186980 1388.5
1186990 1388.0
1187000 1388.0
1187010 1387.6
1187020 1387.2
1187030 1387.2
1187040 1386.8
1187050 1387.6
1187060 1387.6
1187070 1388.6
1187080 1389.3
1187090 1389.3
1187100 1389.7
1187110 1391.0
1187120 1391.0
1187130 1395.3
1187140 1400.8
1187150 1400.8
1187160 1406.5
1187170 1413.0
1187180 1413.0
1187190 1420.6
1187200 1426.7
1187210 1426.7
1187220 1429.7
1187230 1438.3
1187240 1448.4
1187250 1448.4
1187260 1455.7
1187270 1468.4
1187280 1468.4
1187290 1473.3
1187300 1477.5
1187310 1477.5
1187320 1483.0
1187330 1489.9
1187340 1489.9
1187350 1496.6
1187360 1502.4
1187370 1502.4
1187380 1508.7
1187390 1515.7
1187400 1515.7
1187410 1521.6
1187420 1526.5
1187430 1526.5
1187440 1534.2
1187450 1549.3
1187460 1568.1
1187470 1568.1
1187480 1574.4
1187490 1578.1
1187500 1578.1
1187510 1579.2
1187520 1579.0
1187530 1579.0
1187540 1579.9
1187550 1580.4
1187560 1580.4
1187570 1580.5
1187580 1580.5
1187590 1580.5
1187600 1580.9
1187610 1581.6
1187620 1581.6
1187630 1582.6
1187640 1582.8
1187650 1584.8
1187660 1586.0
1187670 1587.9
1187680 1589.4
1187690 1589.4
1187700 1589.9
1187710 1588.8
1187720 1588.8
1187730 1587.8
1187740 1587.0
1187750 1587.0
1187760 1584.5
1187770 1581.9
1187780 1581.9
1187790 1579.0
1187800 1575.9
1187810 1575.9
1187820 1572.7
1187830 1570.2
1187840 1570.2
1187850 1569.2
1187860 1569.3
1187870 1569.3
1187880 1569.4
1187890 1568.6
1187900 1568.6
1187910 1566.5
1187920 1563.5
1187930 1562.7
1187940 1562.7
1187950 1563.7
1187960 1566.0
1187970 1566.0
1187980 1568.9
1187990 1570.2
1188000 1570.2
1188010 1571.4
1188020 1573.5
1188030 1573.5
1188040 1575.8
1188050 1579.1
1188060 1579.1
1188070 1582.7
1188080 1590.3
1188090 1590.3
1188100 1594.1
1188110 1596.2
1188120 1596.2
1188130 1597.4
1188140 1597.8
1188150 1597.9
1188160 1597.9
1188170 1597.1
1188180 1595.4
1188190 1595.4
1188200 1594.9
1188210 1594.2
1188220 1594.2
1188230 1592.0
1188240 1589.3
1188250 1589.3
1188260 1587.2
1188270 1585.0
1188280 1585.0
1188290 1583.3
1188300 1582.3
1188310 1582.3
1188320 1582.8
1188330 1583.7
1188340 1583.7
1188350 1584.4
1188360 1584.8
1188370 1584.9
1188380 1584.9
1188390 1585.6
1188400 1586.8
1188410 1586.8
1188420 1587.1
1188430 1586.9
1188440 1586.9
1188450 1587.4
1188460 1587.2
1188470 1587.2
1188480 1586.3
1188490 1583.6
1188500 1583.6
1188510 1584.9
1188520 1584.8
1188530 1584.8
1188540 1583.9
1188550 1583.1
1188560 1583.1
1188570 1583.5
1188580 1584.9
1188590 1584.9
1188600 1586.2
1188610 1589.1
1188620 1591.6
1188630 1591.6
1188640 1592.3
1188650 1592.0
1188660 1592.0
1188670 1592.6
1188680 1594.5
1188690 1594.5
1188700 1595.6
1188710 1596.2
1188720 1596.2
1188730 1595.9
1188740 1594.6
1188750 1594.6
1188760 1593.6
1188770 1593.4
1188780 1593.4
1188790 1592.6
1188800 1591.3
1188810 1591.3
1188820 1591.3
1188830 1588.6
1188840 1583.5
1188850 1583.5
1188860 1577.8
1188870 1575.4
1188880 1575.4
1188890 1574.3
1188900 1574.0
1188910 1574.0
1188920 1574.6
1188930 1581.6
1188940 1581.6
1188950 1579.7
1188960 1578.3
1188970 1578.3
1188980 1577.9
1188990 1577.2
1189000 1577.2
1189010 1576.1
1189020 1574.3
1189030 1574.3
1189040 1571.4
1189050 1567.3
1189060 1567.3
1189070 1562.5
1189080 1558.9
1189090 1556.8
1189100 1556.8
1189110 1555.6
1189120 1554.9
1189130 1554.9
1189140 1554.5
1189150 1554.8
1189160 1554.8
1189170 1556.2
1189180 1557.4
1189190 1557.4
1189200 1557.9
1189210 1558.5
1189220 1558.5
1189230 1559.5
1189240 1560.8
1189250 1560.8
1189260 1561.6
1189270 1562.0
1189280 1562.0
1189290 1563.4
1189300 1563.9
1189310 1561.7
1189320 1561.7
1189330 1560.8
1189340 1565.0
1189350 1565.0
1189360 1569.7
1189370 1573.3
1189380 1573.3
1189390 1578.8
1189400 1583.8
1189410 1583.8
1189420 1588.2
1189430 1591.7
1189440 1591.7
1189450 1594.7
1189460 1597.9
1189470 1597.9
1189480 1600.8
1189490 1603.4
1189500 1603.4
1189510 1605.2
1189520 1607.2
1189530 1609.6
1189540 1609.6
1189550 1613.4
1189560 1615.3
1189570 1615.3
1189580 1614.9
1189590 1614.7
1189600 1614.7
1189610 1614.1
1189620 1613.6
1189630 1613.6
1189640 1613.4
1189650 1613.3
1189660 1613.3
1189670 1613.2
1189680 1613.1
1189690 1613.1
1189700 1613.0
1189710 1613.3
1189720 1613.3
1189730 1614.5
1189740 1616.0
1189750 1616.0
1189760 1616.9
1189770 1616.7
1189780 1617.1
1189790 1619.6
1189800 1621.7
1189810 1624.4
1189820 1624.4
1189830 1627.3
1189840 1629.2
1189850 1629.2
1189860 1630.2
1189870 1630.1
1189880 1630.1
1189890 1630.6
1189900 1630.9
1189910 1630.9
1189920 1630.4
1189930 1630.1
1189940 1630.1
1189950 1631.1
1189960 1635.4
1189970 1635.4
1189980 1640.1
1189990 1643.3
1190000 1645.5
1190010 1645.5
1190020 1648.3
1190030 1652.2
1190040 1652.2
1190050 1655.1
1190060 1657.3
1190070 1657.3
1190080 1658.5
1190090 1659.2
1190100 1659.2
1190110 1659.1
1190120 1659.1
1190130 1659.1
1190140 1660.2
1190150 1661.5
1190160 1661.5
1190170 1662.9
1190180 1664.7
1190190 1664.7
1190200 1665.9
1190210 1666.7
1190220 1667.5
1190230 1666.7
1190240 1667.6
1190250 1668.1
1190260 1668.1
1190270 1668.4
1190280 1668.7
1190290 1668.7
1190300 1670.3
1190310 1673.6
1190320 1673.6
1190330 1680.3
1190340 1688.1
1190350 1688.1
1190360 1693.1
1190370 1696.4
1190380 1696.4
1190390 1699.5
1190400 1701.6
1190410 1701.6
1190420 1702.8
1190430 1702.7
1190440 1702.7
1190450 1702.0
1190460 1700.7
1190470 1700.5
1190480 1700.5
1190490 1701.2
1190500 1703.0
1190510 1703.0
1190520 1705.0
1190530 1706.8
1190540 1706.8
1190550 1710.1
1190560 1712.5
1190570 1712.5
1190580 1712.8
1190590 1712.5
1190600 1712.5
1190610 1712.4
1190620 1712.6
1190630 1712.6
1190640 1713.2
1190650 1712.9
1190660 1712.4
1190670 1708.4
1190680 1703.7
1190690 1699.5
1190700 1699.5
1190710 1696.6
1190720 1694.3
1190730 1694.3
1190740 1692.2
1190750 1688.2
1190760 1688.2
1190770 1682.2
1190780 1676.0
1190790 1676.0
1190800 1670.8
1190810 1666.8
1190820 1666.8
1190830 1664.1
1190840 1660.9
1190850 1660.9
1190860 1657.5
1190870 1653.7
1190880 1653.7
1190890 1650.4
1190900 1646.9
1190910 1649.1
1190920 1649.1
1190930 1650.3
1190940 1652.1
1190950 1652.1
1190960 1653.0
1190970 1653.2
1190980 1653.2
1190990 1654.6
1191000 1656.2
1191010 1656.2
1191020 1657.7
1191030 1660.0
1191040 1660.0
1191050 1661.2
1191060 1662.2
1191070 1662.2
1191080 1664.1
1191090 1670.5
1191100 1670.5
1191110 1672.8
1191120 1675.8
1191130 1675.8
1191140 1678.7
1191150 1680.9
1191160 1681.7
1191170 1681.7
1191180 1684.1
1191190 1687.1
1191200 1687.1
1191210 1690.0
1191220 1690.1
1191230 1690.1
1191240 1690.7
1191250 1692.6
1191260 1692.6
1191270 1694.7
1191280 1696.4
1191290 1696.4
1191300 1695.7
1191310 1694.2
1191320 1694.2
1191330 1693.9
1191340 1692.8
1191350 1692.8
1191360 1692.4
1191370 1695.4
1191380 1699.0
1191390 1699.0
1191400 1702.4
1191410 1705.9
1191420 1705.9
1191430 1709.9
1191440 1714.3
1191450 1714.3
1191460 1718.6
1191470 1722.2
1191480 1722.2
1191490 1726.2
1191500 1730.4
1191510 1730.4
1191520 1734.0
1191530 1737.0
1191540 1737.0
1191550 1740.4
1191560 1744.6
1191570 1744.6
1191580 1748.6
1191590 1753.3
1191600 1753.3
1191610 1756.8
1191620 1758.8
1191630 1762.1
1191640 1762.1
1191650 1766.7
1191660 1772.2
1191670 1772.2
1191680 1776.6
1191690 1781.0
1191700 1781.0
1191710 1785.5
1191720 1789.7
1191730 1789.7
1191740 1794.2
1191750 1798.5
1191760 1798.5
1191770 1802.5
1191780 1806.7
1191790 1806.7
1191800 1810.6
1191810 1812.9
1191820 1812.9
1191830 1815.1
1191840 1819.8
1191850 1824.1
1191860 1824.1
1191870 1829.4
1191880 1835.9
1191890 1835.9
1191900 1843.0
1191910 1849.1
1191920 1849.1
1191930 1855.6
1191940 1861.5
1191950 1861.5
1191960 1873.5
1191970 1880.1
1191980 1880.1
1191990 1886.5
1192000 1894.6
1192010 1894.6
1192020 1900.8
1192030 1904.9
1192040 1904.9
1192050 1908.7
1192060 1911.8
1192070 1914.6
1192080 1914.6
1192090 1918.5
1192100 1922.3
1192110 1922.3
1192120 1926.7
1192130 1931.7
1192140 1931.7
1192150 1936.9
1192160 1941.8
1192170 1941.8
1192180 1945.9
1192190 1949.6
1192200 1949.6
1192210 1953.4
1192220 1956.5
1192230 1956.5
1192240 1957.3
1192250 1957.9
1192260 1957.9
1192270 1962.1
1192280 1965.4
1192290 1965.4
1192300 1968.0
1192310 1969.1
1192320 1970.9
1192330 1970.9
1192340 1974.3
1192350 1977.9
1192360 1977.9
1192370 1982.4
1192380 1991.9
1192390 1995.5
1192400 2007.6
1192410 2019.0
1192420 2019.0
1192430 2025.4
1192440 2032.8
1192450 2032.8
1192460 2034.9
1192470 2038.3
1192480 2038.3
1192490 2044.6
1192500 2050.9
1192510 2050.9
1192520 2052.0
1192530 2051.2
1192540 2053.6
1192550 2053.6
1192560 2059.1
1192570 2061.9
1192580 2061.9
1192590 2063.7
1192600 2068.6
1192610 2068.6
1192620 2078.4
1192630 2083.2
1192640 2083.2
1192650 2089.3
1192660 2090.0
1192670 2090.0
1192680 2089.0
1192690 2089.3
1192700 2089.3
1192710 2091.2
1192720 2091.0
1192730 2091.0
1192740 2091.7
1192750 2092.7
1192760 2094.6
1192770 2094.6
1192780 2099.8
1192790 2104.8
1192800 2104.8
1192810 2106.6
1192820 2108.9
1192830 2113.8
1192840 2115.0
1192850 2116.2
1192860 2116.2
1192870 2116.3
1192880 2114.4
1192890 2114.4
1192900 2112.1
1192910 2110.0
1192920 2110.0
1192930 2112.6
1192940 2115.3
1192950 2115.3
1192960 2115.7
1192970 2115.2
1192980 2115.2
1192990 2115.8
1193000 2120.1
1193010 2126.9
1193020 2126.9
1193030 2133.3
1193040 2133.7
1193050 2133.7
1193060 2131.5
1193070 2129.7
1193080 2129.7
1193090 2130.9
1193100 2130.7
1193110 2130.7
1193120 2127.8
1193130 2126.1
1193140 2126.1
1193150 2124.8
1193160 2126.9
1193170 2126.9
1193180 2133.6
1193190 2138.5
1193200 2138.5
1193210 2142.9
1193220 2145.4
1193230 2143.6
1193240 2143.6
1193250 2143.1
1193260 2148.1
1193270 2148.1
1193280 2151.4
1193290 2156.1
1193300 2156.1
1193310 2160.9
1193320 2162.7
1193330 2162.7
1193340 2163.5
1193350 2165.8
1193360 2165.8
1193370 2167.8
1193380 2168.9
1193390 2168.9
1193400 2168.8
1193410 2169.7
1193420 2169.7
1193430 2173.2
1193440 2177.9
1193450 2183.4
1193460 2183.4
1193470 2188.7
1193480 2197.2
1193490 2197.2
1193500 2209.5
1193510 2223.8
1193520 2223.8
1193530 2236.1
1193540 2246.3
1193550 2246.3
1193560 2255.5
1193570 2266.0
1193580 2266.0
1193590 2274.0
1193600 2280.2
1193610 2280.2
1193620 2288.4
1193630 2298.0
1193640 2298.0
1193650 2306.8
1193660 2316.1
1193670 2316.1
1193680 2323.8
1193690 2331.5
1193700 2337.4
1193710 2337.4
1193720 2344.9
1193730 2352.2
1193740 2352.2
1193750 2359.4
1193760 2366.6
1193770 2366.6
1193780 2374.1
1193790 2380.1
1193800 2380.1
1193810 2384.6
1193820 2390.6
1193830 2390.6
1193840 2397.2
1193850 2403.4
1193860 2403.4
1193870 2409.4
1193880 2415.4
1193890 2415.4
1193900 2422.0
1193910 2429.1
1193920 2436.4
1193930 2436.4
1193940 2443.0
1193950 2449.0
1193960 2449.0
1193970 2455.4
1193980 2462.3
1193990 2462.3
1194000 2468.9
1194010 2475.4
1194020 2475.4
1194030 2481.1
1194040 2486.5
1194050 2486.5
1194060 2492.8
1194070 2497.3
1194080 2497.3
1194090 2502.1
1194100 2507.4
1194110 2507.4
1194120 2503.1
1194130 2489.8
1194140 2489.8
1194150 2477.0
1194160 2472.7
1194170 2476.6
1194180 2476.6
1194190 2470.4
1194200 2457.9
1194210 2457.9
1194220 2448.3
1194230 2444.1
1194240 2444.1
1194250 2441.0
1194260 2433.5
1194270 2433.5
1194280 2422.3
1194290 2409.5
1194300 2409.5
1194310 2403.0
1194320 2405.2
1194330 2405.2
1194340 2406.3
1194350 2403.7
1194360 2403.7
1194370 2399.3
1194380 2399.8
1194390 2398.1
1194400 2398.1
1194410 2399.5
1194420 2395.5
1194430 2395.5
1194440 2389.0
1194450 2384.3
1194460 2384.3
1194470 2384.7
1194480 2381.3
1194490 2381.3
1194500 2375.1
1194510 2372.9
1194520 2372.9
1194530 2371.9
1194540 2362.2
1194550 2362.2
1194560 2351.7
1194570 2355.9
1194580 2355.9
1194590 2359.0
1194600 2363.8
1194610 2369.1
1194620 2369.1
1194630 2376.3
1194640 2382.7
1194650 2382.7
1194660 2386.7
1194670 2391.8
1194680 2391.8
1194690 2397.1
1194700 2399.1
1194710 2399.1
1194720 2400.4
1194730 2401.9
1194740 2401.9
1194750 2400.2
1194760 2397.0
1194770 2397.0
1194780 2397.2
1194790 2399.0
1194800 2399.0
1194810 2401.6
1194820 2406.1
1194830 2406.1
1194840 2411.4
1194850 2416.7
1194860 2422.3
1194870 2422.3
1194880 2426.2
1194890 2429.7
1194900 2429.7
1194910 2435.7
1194920 2446.5
1194930 2446.5
1194940 2452.7
1194950 2465.8
1194960 2465.8
1194970 2493.4
1194980 2506.4
1194990 2506.4
1195000 2511.6
1195010 2501.5
1195020 2501.5
1195030 2494.7
1195040 2488.2
1195050 2488.2
1195060 2483.1
1195070 2482.4
1195080 2480.0
1195090 2480.0
1195100 2470.4
1195110 2463.6
1195120 2463.6
1195130 2457.3
1195140 2448.4
1195150 2448.4
1195160 2442.5
1195170 2439.9
1195180 2439.9
1195190 2437.9
1195200 2433.5
1195210 2433.5
1195220 2428.9
1195230 2424.0
1195240 2424.0
1195250 2416.7
1195260 2407.6
1195270 2407.6
1195280 2403.5
1195290 2403.8
1195300 2403.9
1195310 2403.9
1195320 2399.6
1195330 2394.0
1195340 2394.0
1195350 2389.7
1195360 2384.8
1195370 2384.8
1195380 2378.3
1195390 2374.7
1195400 2374.7
1195410 2374.6
1195420 2372.2
1195430 2372.2
1195440 2367.1
1195450 2355.8
1195460 2355.8
1195470 2350.6
1195480 2350.3
1195490 2350.3
1195500 2346.2
1195510 2340.7
1195520 2340.7
1195530 2333.4
1195540 2327.2
1195550 2324.7
1195560 2324.7
1195570 2322.5
1195580 2319.3
1195590 2319.3
1195600 2316.0
1195610 2312.7
1195620 2312.7
1195630 2308.7
1195640 2304.5
1195650 2304.5
1195660 2303.6
1195670 2302.2
1195680 2302.2
1195690 2300.5
1195700 2298.4
1195710 2298.4
1195720 2292.5
1195730 2287.4
1195740 2287.4
1195750 2284.9
1195760 2282.8
1195770 2281.2
1195780 2281.2
1195790 2276.2
1195800 2265.5
1195810 2265.5
1195820 2258.1
1195830 2253.2
1195840 2253.2
1195850 2257.3
1195860 2256.8
1195870 2256.8
1195880 2248.3
1195890 2234.3
1195900 2234.3
1195910 2237.1
1195920 2234.2
1195930 2234.2
1195940 2233.0
1195950 2229.8
1195960 2229.8
1195970 2221.5
1195980 2215.3
1195990 2209.1
1196000 2209.1
1196010 2201.9
1196020 2195.1
1196030 2195.1
1196040 2195.3
1196050 2194.9
1196060 2194.9
1196070 2191.5
1196080 2190.1
1196090 2190.1
1196100 2186.6
1196110 2179.8
1196120 2179.8
1196130 2171.9
1196140 2162.5
1196150 2162.5
1196160 2151.8
1196170 2141.8
1196180 2141.8
1196190 2133.2
1196200 2125.3
1196210 2125.3
1196220 2117.8
1196230 2109.9
1196240 2102.1
1196250 2102.1
1196260 2094.7
1196270 2088.0
1196280 2088.0
1196290 2083.2
1196300 2079.6
1196310 2079.6
1196320 2075.3
1196330 2060.2
1196340 2060.2
1196350 2055.5
1196360 2054.7
1196370 2054.7
1196380 2050.9
1196390 2041.7
1196400 2041.7
1196410 2030.6
1196420 2020.7
1196430 2020.7
1196440 2012.1
1196450 2005.3
1196460 1999.1
1196470 1999.1
1196480 1991.2
1196490 1982.7
1196500 1982.7
1196510 1974.2
1196520 1966.4
1196530 1966.4
1196540 1951.8
1196550 1932.2
1196560 1932.2
1196570 1919.5
1196580 1909.9
1196590 1909.9
1196600 1900.5
1196610 1890.8
1196620 1890.8
1196630 1881.6
1196640 1872.7
1196650 1872.7
1196660 1864.2
1196670 1855.6
1196680 1846.6
1196690 1846.6
1196700 1838.5
1196710 1830.8
1196720 1830.8
1196730 1823.1
1196740 1815.5
1196750 1815.5
1196760 1808.1
1196770 1800.3
1196780 1800.3
1196790 1793.4
1196800 1786.8
1196810 1786.8
1196820 1780.9
1196830 1774.8
1196840 1774.8
1196850 1768.4
1196860 1762.3
1196870 1762.3
1196880 1756.4
1196890 1750.5
1196900 1750.5
1196910 1746.2
1196920 1742.7
1196930 1740.3
1196940 1740.3
1196950 1739.0
1196960 1737.6
1196970 1737.6
1196980 1736.4
1196990 1734.4
1197000 1734.4
1197010 1733.4
1197020 1732.4
1197030 1732.4
1197040 1731.5
1197050 1732.9
1197060 1732.9
1197070 1734.5
1197080 1734.8
1197090 1734.8
1197100 1735.1
1197110 1735.1
1197120 1735.1
1197130 1735.3
1197140 1735.9
1197150 1736.0
1197160 1736.0
1197170 1736.7
1197180 1738.3
1197190 1738.3
1197200 1740.8
1197210 1746.8
1197220 1746.8
1197230 1751.5
1197240 1757.0
1197250 1757.0
1197260 1763.1
1197270 1769.3
1197280 1769.3
1197290 1775.5
1197300 1782.0
1197310 1782.0
1197320 1788.8
1197330 1795.3
1197340 1795.3
1197350 1801.4
1197360 1807.9
1197370 1807.9
1197380 1815.2
1197390 1822.6
1197400 1834.1
1197410 1834.1
1197420 1850.3
1197430 1858.0
1197440 1858.0
1197450 1864.4
1197460 1870.8
1197470 1870.8
1197480 1878.3
1197490 1886.4
1197500 1886.4
1197510 1895.3
1197520 1905.8
1197530 1905.8
1197540 1917.4
1197550 1925.2
1197560 1925.2
1197570 1932.9
1197580 1942.3
1197590 1942.3
1197600 1946.8
1197610 1945.8
1197620 1944.1
1197630 1944.1
1197640 1941.8
1197650 1941.6
1197660 1941.6
1197670 1939.0
1197680 1936.6
1197690 1936.6
1197700 1934.1
1197710 1931.3
1197720 1931.3
1197730 1927.6
1197740 1925.0
1197750 1925.0
1197760 1922.0
1197770 1918.6
1197780 1918.6
1197790 1916.3
1197800 1913.4
1197810 1913.4
1197820 1910.4
1197830 1906.7
1197840 1902.2
1197850 1902.2
1197860 1898.6
1197870 1895.3
1197880 1895.3
1197890 1892.3
1197900 1889.1
1197910 1889.1
1197920 1886.8
1197930 1884.8
1197940 1884.8
1197950 1883.1
1197960 1881.6
1197970 1881.6
1197980 1880.7
1197990 1879.5
1198000 1879.5
1198010 1877.7
1198020 1875.3
1198030 1875.3
1198040 1872.9
1198050 1870.0
1198060 1870.0
1198070 1866.5
1198080 1863.1
1198090 1863.7
1198100 1863.7
1198110 1859.5
1198120 1855.0
1198130 1855.0
1198140 1851.5
1198150 1848.6
1198160 1848.6
1198170 1845.8
1198180 1842.7
1198190 1842.7
1198200 1840.3
1198210 1837.5
1198220 1837.5
1198230 1834.4
1198240 1831.8
1198250 1831.8
1198260 1829.2
1198270 1826.5
1198280 1826.5
1198290 1823.0
1198300 1819.7
1198310 1816.9
1198320 1816.9
1198330 1814.2
1198340 1811.4
1198350 1811.4
1198360 1808.3
1198370 1804.5
1198380 1804.5
1198390 1800.1
1198400 1795.4
1198410 1795.4
1198420 1790.5
1198430 1785.8
1198440 1785.8
1198450 1781.2
1198460 1776.4
1198470 1776.4
1198480 1771.4
1198490 1765.5
1198500 1765.5
1198510 1758.7
1198520 1751.7
1198530 1744.5
1198540 1743.6
1198550 1736.0
1198560 1728.7
1198570 1728.7
1198580 1722.0
1198590 1715.6
1198600 1715.6
1198610 1706.3
1198620 1698.2
1198630 1698.2
1198640 1690.0
1198650 1680.6
1198660 1680.6
1198670 1671.4
1198680 1662.5
1198690 1662.5
1198700 1653.5
1198710 1648.0
1198720 1648.0
1198730 1643.5
1198740 1635.6
1198750 1635.6
1198760 1627.3
1198770 1619.0
1198780 1611.1
1198790 1611.1
1198800 1602.7
1198810 1595.3
1198820 1595.3
1198830 1588.3
1198840 1581.0
1198850 1581.0
1198860 1573.4
1198870 1566.7
1198880 1566.7
1198890 1563.6
1198900 1563.3
1198910 1563.3
1198920 1562.9
1198930 1562.6
1198940 1562.6
1198950 1561.3
1198960 1555.7
1198970 1555.7
1198980 1565.0
1198990 1565.7
1199000 1564.0
1199010 1564.0
1199020 1563.4
1199030 1563.3
1199040 1563.3
1199050 1566.1
1199060 1569.3
1199070 1569.3
1199080 1573.3
1199090 1573.7
1199100 1573.7
1199110 1572.1
1199120 1569.6
1199130 1569.6
1199140 1566.5
1199150 1562.4
1199160 1562.4
1199170 1555.6
1199180 1549.3
1199190 1549.3
1199200 1543.2
1199210 1537.0
1199220 1530.6
1199230 1530.6
1199240 1523.8
1199250 1518.9
1199260 1518.9
1199270 1512.9
1199280 1506.8
1199290 1506.8
1199300 1500.7
1199310 1495.5
1199320 1495.5
1199330 1490.0
1199340 1483.2
1199350 1483.2
1199360 1475.3
1199370 1468.1
1199380 1468.1
1199390 1462.0
1199400 1454.6
1199410 1454.6
1199420 1449.1
1199430 1446.9
1199440 1446.9
1199450 1441.1
1199460 1435.1
1199470 1429.3
1199480 1429.3
1199490 1423.0
1199500 1416.5
1199510 1416.5
1199520 1409.9
1199530 1403.7
1199540 1403.7
1199550 1398.9
1199560 1394.7
1199570 1394.7
1199580 1388.5
1199590 1384.1
1199600 1384.1
1199610 1381.1
1199620 1377.7
1199630 1377.7
1199640 1373.6
1199650 1369.5
1199660 1369.5
1199670 1365.9
1199680 1363.5
1199690 1361.8
1199700 1361.8
1199710 1359.6
1199720 1357.8
1199730 1357.8
1199740 1355.6
1199750 1352.7
1199760 1352.7
1199770 1349.4
1199780 1346.3
1199790 1346.3
1199800 1343.1
1199810 1339.8
1199820 1339.8
1199830 1336.9
1199840 1333.8
1199850 1333.8
1199860 1330.4
1199870 1331.4
1199880 1331.4
1199890 1328.8
1199900 1325.9
1199910 1323.0
1199920 1323.0
1199930 1320.1
1199940 1317.2
1199950 1317.2
1199960 1314.2
1199970 1311.1
1199980 1311.1
1199990 1308.2
