1180000 975.7
1180010 974.2
1180020 974.2
1180030 973.3
1180040 971.7
1180050 971.7
1180060 969.3
1180070 964.7
1180080 968.4
1180090 963.2
1180100 958.4
1180110 958.4
1180120 953.3
1180130 948.6
1180140 948.6
1180150 944.5
1180160 941.1
1180170 941.1
1180180 938.2
1180190 934.8
1180200 930.0
1180210 930.0
1180220 924.9
1180230 919.2
1180240 919.2
1180250 913.1
1180260 904.9
1180270 904.9
1180280 891.9
1180290 878.0
1180300 878.0
1180310 872.6
1180320 871.0
1180330 871.0
1180340 869.9
1180350 868.2
1180360 868.2
1180370 863.6
1180380 861.4
1180390 861.4
1180400 862.6
1180410 864.2
1180420 862.9
1180430 862.9
1180440 862.2
1180450 860.9
1180460 860.9
1180470 859.5
1180480 858.2
1180490 862.1
1180500 860.2
1180510 856.7
1180520 856.7
1180530 854.2
1180540 852.4
1180550 852.4
1180560 850.3
1180570 848.3
1180580 848.3
1180590 846.5
1180600 844.9
1180610 844.9
1180620 843.6
1180630 842.3
1180640 842.3
1180650 841.0
1180660 840.0
1180670 839.0
1180680 839.0
1180690 837.9
1180700 836.3
1180710 836.3
1180720 835.2
1180730 832.5
1180740 832.5
1180750 829.2
1180760 823.8
1180770 823.8
1180780 822.2
1180790 822.3
1180800 822.3
1180810 822.4
1180820 822.6
1180830 822.6
1180840 822.7
1180850 822.8
1180860 822.8
1180870 822.9
1180880 823.0
1180890 823.1
1180900 823.1
1180910 823.2
1180920 823.5
1180930 823.5
1180940 823.6
1180950 823.6
1180960 823.6
1180970 823.8
1180980 823.8
1180990 823.8
1181000 823.9
1181010 823.9
1181020 823.9
1181030 824.1
1181040 824.2
1181050 824.2
1181060 824.3
1181070 824.5
1181080 824.5
1181090 824.6
1181100 824.8
1181110 825.0
1181120 825.0
1181130 825.3
1181140 825.5
1181150 825.5
1181160 825.8
1181170 825.6
1181180 825.6
1181190 825.7
1181200 825.8
1181210 825.8
1181220 825.9
1181230 826.0
1181240 826.0
1181250 826.1
1181260 826.5
1181270 826.5
1181280 826.8
1181290 828.5
1181300 828.5
1181310 827.6
1181320 825.7
1181330 826.3
1181340 825.9
1181350 825.8
1181360 825.9
1181370 825.9
1181380 826.1
1181390 826.3
1181400 826.3
1181410 826.6
1181420 826.8
1181430 826.8
1181440 827.0
1181450 827.2
1181460 827.2
1181470 827.0
1181480 825.9
1181490 825.9
1181500 825.0
1181510 824.9
1181520 824.9
1181530 825.4
1181540 825.9
1181550 825.9
1181560 826.2
1181570 826.7
1181580 826.6
1181590 826.6
1181600 826.2
1181610 825.5
1181620 825.5
1181630 824.7
1181640 823.9
1181650 823.9
1181660 822.9
1181670 822.0
1181680 822.0
1181690 821.7
1181700 821.7
1181710 821.7
1181720 821.7
1181730 821.9
1181740 821.9
1181750 821.8
1181760 822.0
1181770 822.0
1181780 822.5
1181790 823.6
1181800 823.6
1181810 825.8
1181820 828.5
1181830 830.8
1181840 830.8
1181850 831.5
1181860 831.7
1181870 831.7
1181880 831.5
1181890 831.2
1181900 831.2
1181910 831.0
1181920 831.6
1181930 831.6
1181940 834.0
1181950 835.5
1181960 835.5
1181970 836.2
1181980 836.6
1181990 836.6
1182000 837.3
1182010 841.8
1182020 841.8
1182030 848.0
1182040 853.6
1182050 860.3
1182060 860.3
1182070 866.4
1182080 869.7
1182090 869.7
1182100 873.2
1182110 876.9
1182120 876.9
1182130 880.5
1182140 884.3
1182150 884.3
1182160 888.0
1182170 886.3
1182180 886.3
1182190 890.2
1182200 894.0
1182210 894.0
1182220 898.3
1182230 901.9
1182240 901.9
1182250 905.0
1182260 907.7
1182270 910.0
1182280 910.0
1182290 913.6
1182300 918.0
1182310 918.0
1182320 922.5
1182330 925.6
1182340 925.6
1182350 927.6
1182360 929.1
1182370 929.1
1182380 930.6
1182390 932.3
1182400 932.3
1182410 934.5
1182420 936.9
1182430 936.9
1182440 938.9
1182450 940.7
1182460 940.7
1182470 942.8
1182480 945.2
1182490 945.2
1182500 947.2
1182510 949.0
1182520 950.8
1182530 950.8
1182540 952.4
1182550 955.7
1182560 955.7
1182570 959.3
1182580 962.0
1182590 954.9
1182600 958.0
1182610 960.9
1182620 960.9
1182630 962.6
1182640 964.2
1182650 964.2
1182660 966.5
1182670 968.6
1182680 968.6
1182690 972.2
1182700 975.9
1182710 975.9
1182720 978.8
1182730 981.4
1182740 983.8
1182750 983.8
1182760 986.3
1182770 988.8
1182780 988.8
1182790 991.0
1182800 993.5
1182810 993.5
1182820 996.5
1182830 999.5
1182840 999.5
1182850 1001.9
1182860 1003.8
1182870 1003.8
1182880 1004.3
1182890 1004.6
1182900 1004.6
1182910 1004.7
1182920 1004.5
1182930 1004.5
1182940 1004.4
1182950 1003.5
1182960 1002.1
1182970 1002.1
1182980 1000.6
1182990 999.4
1183000 999.4
1183010 992.2
1183020 991.2
1183030 991.2
1183040 989.8
1183050 988.4
1183060 988.4
1183070 986.8
1183080 985.4
1183090 985.4
1183100 984.8
1183110 985.7
1183120 985.7
1183130 987.2
1183140 987.0
1183150 987.0
1183160 986.5
1183170 985.3
1183180 985.3
1183190 983.9
1183200 982.9
1183210 982.0
1183220 982.0
1183230 981.4
1183240 980.9
1183250 980.9
1183260 980.5
1183270 979.6
1183280 979.6
1183290 978.2
1183300 977.0
1183310 977.0
1183320 975.7
1183330 973.8
1183340 973.8
1183350 972.2
1183360 970.1
1183370 970.1
1183380 967.9
1183390 965.7
1183400 965.7
1183410 963.6
1183420 961.3
1183430 954.3
1183440 954.3
1183450 953.3
1183460 952.6
1183470 952.6
1183480 952.2
1183490 951.9
1183500 951.9
1183510 951.5
1183520 950.6
1183530 950.6
1183540 949.4
1183550 948.4
1183560 948.4
1183570 947.4
1183580 945.6
1183590 945.6
1183600 943.2
1183610 940.4
1183620 940.4
1183630 936.6
1183640 929.6
1183650 920.3
1183660 920.3
1183670 910.9
1183680 906.5
1183690 906.5
1183700 917.9
1183710 924.9
1183720 924.9
1183730 926.4
1183740 926.7
1183750 926.7
1183760 926.1
1183770 925.5
1183780 925.5
1183790 925.0
1183800 923.5
1183810 923.5
1183820 919.2
1183830 915.6
1183840 915.6
1183850 909.8
1183860 913.2
1183870 913.2
1183880 916.1
1183890 917.3
1183900 916.4
1183910 916.4
1183920 913.5
1183930 910.3
1183940 910.3
1183950 906.6
1183960 904.8
1183970 904.8
1183980 907.7
1183990 909.7
1184000 909.7
1184010 909.0
1184020 907.8
1184030 907.8
1184040 906.0
1184050 904.1
1184060 904.1
1184070 903.6
1184080 903.8
1184090 903.8
1184100 904.4
1184110 905.3
1184120 907.1
1184130 907.1
1184140 909.3
1184150 912.2
1184160 912.2
1184170 916.4
1184180 919.3
1184190 919.3
1184200 920.1
1184210 921.1
1184220 921.1
1184230 922.1
1184240 923.7
1184250 923.7
1184260 927.1
1184270 927.2
1184280 917.4
1184290 916.9
1184300 916.1
1184310 916.1
1184320 915.3
1184330 916.8
1184340 916.8
1184350 917.2
1184360 917.4
1184370 917.7
1184380 917.7
1184390 917.5
1184400 917.7
1184410 917.7
1184420 918.7
1184430 920.0
1184440 920.0
1184450 921.3
1184460 922.9
1184470 922.9
1184480 923.8
1184490 924.3
1184500 924.3
1184510 926.3
1184520 927.8
1184530 927.8
1184540 929.1
1184550 931.2
1184560 931.2
1184570 933.7
1184580 936.5
1184590 939.2
1184600 939.2
1184610 940.6
1184620 941.6
1184630 941.6
1184640 942.3
1184650 943.4
1184660 943.4
1184670 944.3
1184680 944.4
1184690 944.4
1184700 938.3
1184710 939.9
1184720 939.9
1184730 940.4
1184740 941.1
1184750 941.1
1184760 942.6
1184770 944.4
1184780 944.4
1184790 946.4
1184800 947.7
1184810 949.1
1184820 949.1
1184830 950.8
1184840 953.0
1184850 953.0
1184860 955.7
1184870 958.6
1184880 958.6
1184890 964.2
1184900 968.4
1184910 968.4
1184920 971.1
1184930 973.0
1184940 973.0
1184950 974.2
1184960 975.4
1184970 975.4
1184980 977.0
1184990 979.3
1185000 979.3
1185010 981.8
1185020 983.5
1185030 983.5
1185040 984.6
1185050 985.5
1185060 986.3
1185070 986.3
1185080 987.0
1185090 987.2
1185100 987.2
1185110 987.2
1185120 980.2
1185130 980.2
1185140 980.1
1185150 980.6
1185160 980.6
1185170 982.2
1185180 983.7
1185190 983.7
1185200 984.9
1185210 985.7
1185220 985.7
1185230 986.2
1185240 986.5
1185250 986.5
1185260 986.6
1185270 986.3
1185280 985.5
1185290 985.5
1185300 984.6
1185310 983.5
1185320 983.5
1185330 982.3
1185340 981.2
1185350 981.2
1185360 980.2
1185370 979.6
1185380 979.6
1185390 980.6
1185400 981.6
1185410 981.6
1185420 982.2
1185430 983.3
1185440 983.3
1185450 983.9
1185460 983.9
1185470 983.9
1185480 984.3
1185490 984.7
1185500 985.1
1185510 985.1
1185520 985.9
1185530 986.5
1185540 986.5
1185550 986.4
1185560 986.3
1185570 986.3
1185580 986.7
1185590 987.9
1185600 987.9
1185610 990.5
1185620 993.8
1185630 993.8
1185640 996.3
1185650 997.8
1185660 997.8
1185670 999.9
1185680 1003.0
1185690 1003.0
1185700 1005.7
1185710 1007.2
1185720 1007.2
1185730 1009.2
1185740 1012.0
1185750 1015.2
1185760 1015.2
1185770 1018.9
1185780 1022.4
1185790 1022.4
1185800 1025.1
1185810 1028.3
1185820 1028.3
1185830 1031.3
1185840 1034.2
1185850 1034.2
1185860 1037.4
1185870 1040.4
1185880 1040.4
1185890 1042.0
1185900 1042.6
1185910 1042.6
1185920 1042.1
1185930 1041.4
1185940 1041.4
1185950 1041.0
1185960 1041.6
1185970 1037.0
1185980 1037.0
1185990 1039.6
1186000 1042.1
1186010 1042.1
1186020 1044.4
1186030 1046.7
1186040 1046.7
1186050 1049.9
1186060 1053.6
1186070 1053.6
1186080 1057.8
1186090 1061.6
1186100 1061.6
1186110 1065.7
1186120 1069.8
1186130 1069.8
1186140 1073.6
1186150 1077.6
1186160 1077.6
1186170 1082.2
1186180 1087.4
1186190 1092.8
1186200 1092.8
1186210 1097.7
1186220 1102.0
1186230 1102.0
1186240 1105.4
1186250 1107.9
1186260 1107.9
1186270 1109.8
1186280 1111.8
1186290 1111.8
1186300 1114.8
1186310 1118.4
1186320 1118.4
1186330 1122.6
1186340 1127.2
1186350 1127.2
1186360 1131.0
1186370 1134.9
1186380 1134.9
1186390 1140.2
1186400 1145.6
1186410 1145.6
1186420 1151.8
1186430 1156.8
1186440 1160.6
1186450 1160.6
1186460 1164.6
1186470 1168.7
1186480 1168.7
1186490 1171.3
1186500 1173.1
1186510 1173.1
1186520 1176.3
1186530 1180.6
1186540 1180.6
1186550 1184.3
1186560 1187.8
1186570 1187.8
1186580 1192.3
1186590 1197.3
1186600 1197.3
1186610 1202.5
1186620 1207.3
1186630 1207.3
1186640 1212.0
1186650 1216.7
1186660 1221.3
1186670 1221.3
1186680 1225.0
1186690 1229.8
1186700 1229.8
1186710 1234.0
1186720 1237.6
1186730 1237.6
1186740 1242.1
1186750 1245.8
1186760 1245.8
1186770 1248.7
1186780 1250.5
1186790 1250.5
1186800 1252.7
1186810 1255.3
1186820 1247.5
1186830 1250.8
1186840 1253.2
1186850 1253.2
1186860 1253.9
1186870 1254.2
1186880 1254.2
1186890 1255.9
1186900 1257.4
1186910 1258.7
1186920 1258.7
1186930 1262.0
1186940 1267.3
1186950 1267.3
1186960 1273.1
1186970 1278.1
1186980 1278.1
1186990 1283.7
1187000 1290.0
1187010 1290.0
1187020 1294.6
1187030 1298.7
1187040 1298.7
1187050 1302.0
1187060 1304.1
1187070 1304.1
1187080 1305.4
1187090 1306.6
1187100 1306.6
1187110 1306.5
1187120 1307.1
1187130 1309.9
1187140 1309.9
1187150 1314.6
1187160 1320.4
1187170 1320.4
1187180 1326.6
1187190 1333.4
1187200 1333.4
1187210 1340.7
1187220 1347.6
1187230 1347.6
1187240 1353.5
1187250 1355.3
1187260 1355.3
1187270 1362.0
1187280 1369.3
1187290 1369.3
1187300 1376.8
1187310 1383.5
1187320 1383.5
1187330 1389.2
1187340 1394.4
1187350 1400.9
1187360 1400.9
1187370 1408.6
1187380 1417.3
1187390 1417.3
1187400 1428.1
1187410 1443.5
1187420 1443.5
1187430 1458.7
1187440 1477.8
1187450 1477.8
1187460 1495.5
1187470 1512.8
1187480 1512.8
1187490 1529.4
1187500 1548.8
1187510 1548.8
1187520 1560.3
1187530 1560.2
1187540 1560.2
1187550 1561.0
1187560 1564.2
1187570 1564.2
1187580 1567.4
1187590 1570.1
1187600 1571.7
1187610 1571.7
1187620 1573.1
1187630 1574.6
1187640 1574.6
1187650 1575.2
1187660 1575.1
1187670 1575.1
1187680 1573.9
1187690 1574.4
1187700 1574.4
1187710 1575.0
1187720 1576.3
1187730 1576.3
1187740 1577.3
1187750 1579.2
1187760 1579.2
1187770 1581.4
1187780 1583.3
1187790 1583.3
1187800 1584.8
1187810 1588.0
1187820 1590.3
1187830 1590.3
1187840 1591.8
1187850 1593.3
1187860 1593.3
1187870 1595.0
1187880 1596.4
1187890 1596.4
1187900 1598.2
1187910 1600.6
1187920 1600.6
1187930 1602.6
1187940 1604.1
1187950 1604.1
1187960 1607.0
1187970 1610.5
1187980 1610.5
1187990 1613.6
1188000 1615.2
1188010 1615.2
1188020 1616.2
1188030 1616.3
1188040 1614.5
1188050 1614.5
1188060 1613.5
1188070 1614.2
1188080 1614.2
1188090 1613.9
1188100 1611.5
1188110 1611.5
1188120 1610.4
1188130 1610.1
1188140 1610.1
1188150 1609.9
1188160 1609.9
1188170 1609.9
1188180 1610.0
1188190 1610.3
1188200 1610.3
1188210 1611.3
1188220 1612.3
1188230 1612.3
1188240 1613.0
1188250 1614.2
1188260 1614.2
1188270 1615.5
1188280 1617.0
1188290 1619.0
1188300 1619.0
1188310 1621.1
1188320 1622.6
1188330 1622.6
1188340 1623.5
1188350 1623.3
1188360 1623.3
1188370 1623.5
1188380 1625.3
1188390 1625.3
1188400 1628.9
1188410 1633.0
1188420 1633.0
1188430 1636.4
1188440 1639.6
1188450 1639.6
1188460 1642.1
1188470 1643.7
1188480 1643.7
1188490 1645.9
1188500 1647.9
1188510 1648.2
1188520 1648.2
1188530 1650.2
1188540 1651.0
1188550 1651.0
1188560 1650.6
1188570 1649.5
1188580 1649.5
1188590 1648.4
1188600 1648.1
1188610 1648.1
1188620 1648.7
1188630 1648.8
1188640 1648.8
1188650 1649.8
1188660 1650.5
1188670 1650.5
1188680 1650.1
1188690 1649.9
1188700 1649.9
1188710 1648.3
1188720 1647.4
1188730 1646.8
1188740 1646.8
1188750 1646.1
1188760 1645.0
1188770 1645.0
1188780 1643.5
1188790 1642.6
1188800 1642.6
1188810 1642.5
1188820 1640.8
1188830 1640.8
1188840 1637.9
1188850 1636.5
1188860 1636.5
1188870 1635.1
1188880 1633.3
1188890 1633.3
1188900 1631.1
1188910 1629.6
1188920 1629.6
1188930 1629.0
1188940 1628.3
1188950 1628.3
1188960 1634.7
1188970 1632.5
1188980 1631.4
1188990 1631.4
1189000 1631.0
1189010 1631.0
1189020 1631.0
1189030 1630.1
1189040 1628.4
1189050 1628.4
1189060 1626.6
1189070 1625.3
1189080 1625.3
1189090 1624.4
1189100 1624.0
1189110 1624.0
1189120 1624.4
1189130 1624.4
1189140 1624.4
1189150 1624.4
1189160 1624.6
1189170 1624.6
1189180 1624.6
1189190 1623.5
1189200 1623.6
1189210 1623.6
1189220 1623.3
1189230 1621.3
1189240 1621.3
1189250 1619.2
1189260 1616.9
1189270 1616.9
1189280 1615.4
1189290 1613.6
1189300 1613.6
1189310 1611.4
1189320 1609.9
1189330 1609.9
1189340 1608.8
1189350 1607.8
1189360 1607.8
1189370 1606.6
1189380 1607.2
1189390 1608.3
1189400 1608.6
1189410 1608.8
1189420 1608.7
1189430 1608.7
1189440 1608.6
1189450 1609.8
1189460 1609.8
1189470 1612.9
1189480 1615.8
1189490 1615.8
1189500 1617.7
1189510 1618.5
1189520 1618.5
1189530 1619.1
1189540 1619.8
1189550 1619.8
1189560 1620.7
1189570 1621.4
1189580 1621.4
1189590 1621.7
1189600 1622.0
1189610 1622.0
1189620 1622.6
1189630 1623.5
1189640 1623.5
1189650 1624.5
1189660 1625.8
1189670 1627.3
1189680 1627.3
1189690 1628.9
1189700 1630.0
1189710 1630.0
1189720 1631.0
1189730 1631.6
1189740 1631.6
1189750 1631.8
1189760 1632.7
1189770 1632.7
1189780 1634.9
1189790 1637.6
1189800 1637.6
1189810 1641.5
1189820 1647.7
1189830 1647.7
1189840 1649.5
1189850 1651.6
1189860 1651.6
1189870 1652.8
1189880 1653.4
1189890 1653.1
1189900 1653.1
1189910 1654.2
1189920 1654.9
1189930 1654.9
1189940 1654.1
1189950 1653.7
1189960 1653.7
1189970 1654.5
1189980 1652.9
1189990 1652.9
1190000 1651.2
1190010 1652.0
1190020 1652.0
1190030 1653.3
1190040 1654.0
1190050 1654.0
1190060 1653.5
1190070 1653.6
1190080 1653.6
1190090 1654.1
1190100 1654.8
1190110 1655.5
1190120 1655.5
1190130 1656.1
1190140 1657.1
1190150 1657.1
1190160 1659.1
1190170 1661.3
1190180 1661.3
1190190 1663.6
1190200 1666.6
1190210 1666.6
1190220 1671.0
1190230 1673.7
1190240 1673.7
1190250 1674.2
1190260 1677.0
1190270 1677.0
1190280 1680.6
1190290 1683.3
1190300 1683.3
1190310 1683.6
1190320 1684.1
1190330 1684.1
1190340 1685.7
1190350 1688.0
1190360 1689.9
1190370 1689.9
1190380 1691.6
1190390 1693.0
1190400 1693.0
1190410 1693.8
1190420 1694.3
1190430 1694.3
1190440 1694.6
1190450 1694.5
1190460 1694.5
1190470 1693.9
1190480 1693.9
1190490 1693.9
1190500 1696.3
1190510 1698.2
1190520 1698.2
1190530 1698.1
1190540 1699.9
1190550 1699.9
1190560 1703.2
1190570 1704.8
1190580 1705.2
1190590 1705.2
1190600 1704.9
1190610 1703.5
1190620 1703.5
1190630 1700.8
1190640 1697.8
1190650 1697.8
1190660 1694.5
1190670 1691.1
1190680 1686.2
1190690 1683.3
1190700 1680.3
1190710 1680.3
1190720 1677.6
1190730 1676.0
1190740 1676.0
1190750 1675.6
1190760 1675.5
1190770 1675.5
1190780 1674.8
1190790 1673.4
1190800 1672.5
1190810 1672.5
1190820 1672.0
1190830 1673.2
1190840 1673.2
1190850 1676.4
1190860 1681.1
1190870 1681.1
1190880 1686.4
1190890 1691.5
1190900 1691.5
1190910 1694.6
1190920 1698.1
1190930 1698.1
1190940 1702.6
1190950 1704.5
1190960 1704.5
1190970 1706.1
1190980 1710.0
1190990 1710.0
1191000 1713.1
1191010 1714.9
1191020 1714.9
1191030 1716.4
1191040 1717.1
1191050 1718.3
1191060 1718.3
1191070 1716.8
1191080 1720.9
1191090 1720.9
1191100 1726.2
1191110 1728.4
1191120 1730.5
1191130 1733.4
1191140 1735.3
1191150 1735.3
1191160 1736.3
1191170 1737.3
1191180 1737.3
1191190 1737.2
1191200 1736.3
1191210 1736.3
1191220 1735.5
1191230 1734.1
1191240 1734.1
1191250 1734.0
1191260 1734.4
1191270 1734.5
1191280 1734.5
1191290 1735.3
1191300 1735.7
1191310 1735.7
1191320 1735.4
1191330 1734.8
1191340 1734.8
1191350 1734.8
1191360 1735.8
1191370 1735.8
1191380 1737.2
1191390 1741.5
1191400 1741.5
1191410 1747.2
1191420 1753.1
1191430 1753.1
1191440 1759.7
1191450 1767.8
1191460 1767.8
1191470 1774.8
1191480 1779.8
1191490 1784.6
1191500 1784.6
1191510 1790.6
1191520 1795.0
1191530 1795.0
1191540 1799.3
1191550 1806.1
1191560 1806.1
1191570 1807.4
1191580 1808.1
1191590 1808.1
1191600 1810.1
1191610 1814.9
1191620 1814.9
1191630 1821.4
1191640 1825.7
1191650 1825.7
1191660 1829.7
1191670 1833.1
1191680 1833.1
1191690 1838.8
1191700 1847.0
1191710 1847.0
1191720 1852.0
1191730 1855.5
1191740 1859.0
1191750 1859.0
1191760 1861.7
1191770 1864.9
1191780 1864.9
1191790 1866.8
1191800 1868.0
1191810 1868.0
1191820 1870.6
1191830 1875.6
1191840 1875.6
1191850 1881.9
1191860 1887.1
1191870 1887.1
1191880 1891.4
1191890 1895.7
1191900 1895.7
1191910 1900.7
1191920 1905.6
1191930 1905.6
1191940 1910.8
1191950 1916.5
1191960 1922.4
1191970 1922.4
1191980 1936.0
1191990 1943.1
1192000 1943.1
1192010 1945.6
1192020 1949.5
1192030 1949.5
1192040 1953.3
1192050 1954.6
1192060 1954.6
1192070 1955.0
1192080 1956.1
1192090 1956.1
1192100 1957.8
1192110 1959.6
1192120 1959.6
1192130 1963.4
1192140 1969.4
1192150 1969.4
1192160 1980.1
1192170 1984.5
1192180 1984.5
1192190 1989.3
1192200 1993.7
1192210 1996.4
1192220 1996.4
1192230 1998.5
1192240 2001.7
1192250 2001.7
1192260 2006.9
1192270 2011.8
1192280 2011.8
1192290 2016.2
1192300 2025.7
1192310 2025.7
1192320 2040.0
1192330 2048.7
1192340 2048.7
1192350 2050.7
1192360 2055.9
1192370 2055.9
1192380 2064.8
1192390 2069.0
1192400 2069.0
1192410 2076.2
1192420 2087.6
1192430 2094.0
1192440 2094.0
1192450 2105.0
1192460 2113.4
1192470 2113.4
1192480 2120.3
1192490 2125.2
1192500 2125.2
1192510 2127.6
1192520 2128.7
1192530 2128.7
1192540 2130.1
1192550 2131.8
1192560 2131.8
1192570 2133.3
1192580 2134.6
1192590 2134.6
1192600 2137.2
1192610 2141.0
1192620 2141.0
1192630 2145.1
1192640 2147.6
1192650 2148.5
1192660 2148.5
1192670 2149.3
1192680 2150.2
1192690 2150.2
1192700 2151.1
1192710 2151.9
1192720 2151.9
1192730 2152.3
1192740 2152.2
1192750 2152.2
1192760 2153.2
1192770 2157.2
1192780 2157.2
1192790 2161.6
1192800 2166.2
1192810 2166.2
1192820 2171.5
1192830 2177.4
1192840 2177.4
1192850 2196.0
1192860 2201.3
1192870 2201.3
1192880 2206.2
1192890 2209.1
1192900 2209.3
1192910 2209.3
1192920 2208.1
1192930 2208.1
1192940 2208.1
1192950 2206.7
1192960 2202.8
1192970 2202.8
1192980 2196.4
1192990 2190.0
1193000 2190.0
1193010 2183.6
1193020 2178.2
1193030 2178.2
1193040 2173.0
1193050 2168.7
1193060 2168.7
1193070 2165.9
1193080 2164.0
1193090 2164.0
1193100 2163.9
1193110 2169.9
1193120 2175.9
1193130 2175.9
1193140 2180.5
1193150 2181.9
1193160 2181.9
1193170 2181.1
1193180 2180.4
1193190 2180.4
1193200 2180.5
1193210 2180.5
1193220 2180.5
1193230 2179.9
1193240 2180.4
1193250 2180.4
1193260 2180.4
1193270 2180.2
1193280 2180.2
1193290 2180.1
1193300 2178.3
1193310 2178.3
1193320 2176.8
1193330 2176.2
1193340 2178.7
1193350 2178.7
1193360 2180.2
1193370 2181.9
1193380 2181.9
1193390 2179.5
1193400 2177.5
1193410 2177.5
1193420 2178.8
1193430 2180.2
1193440 2180.2
1193450 2182.1
1193460 2184.1
1193470 2184.1
1193480 2185.3
1193490 2188.1
1193500 2188.1
1193510 2193.2
1193520 2198.4
1193530 2198.4
1193540 2203.8
1193550 2208.9
1193560 2208.9
1193570 2214.2
1193580 2219.6
1193590 2224.9
1193600 2224.9
1193610 2231.8
1193620 2242.2
1193630 2242.2
1193640 2251.0
1193650 2259.4
1193660 2259.4
1193670 2266.4
1193680 2272.2
1193690 2272.2
1193700 2279.6
1193710 2287.0
1193720 2279.1
1193730 2287.1
1193740 2294.2
1193750 2294.2
1193760 2300.3
1193770 2306.8
1193780 2306.8
1193790 2313.3
1193800 2319.8
1193810 2327.1
1193820 2327.1
1193830 2334.5
1193840 2343.1
1193850 2343.1
1193860 2349.9
1193870 2356.7
1193880 2356.7
1193890 2363.6
1193900 2370.2
1193910 2370.2
1193920 2376.5
1193930 2383.0
1193940 2383.0
1193950 2389.8
1193960 2396.9
1193970 2396.9
1193980 2403.7
1193990 2410.5
1194000 2410.5
1194010 2417.4
1194020 2424.2
1194030 2432.0
1194040 2432.0
1194050 2440.6
1194060 2447.9
1194070 2447.9
1194080 2454.9
1194090 2461.7
1194100 2461.7
1194110 2469.7
1194120 2478.5
1194130 2478.5
1194140 2491.5
1194150 2500.8
1194160 2500.0
1194170 2502.4
1194180 2510.2
1194190 2510.2
1194200 2516.7
1194210 2522.3
1194220 2522.3
1194230 2527.2
1194240 2532.1
1194250 2532.1
1194260 2539.0
1194270 2546.2
1194280 2551.4
1194290 2551.4
1194300 2554.1
1194310 2550.3
1194320 2550.3
1194330 2545.3
1194340 2540.8
1194350 2540.8
1194360 2535.0
1194370 2528.2
1194380 2528.2
1194390 2519.7
1194400 2512.5
1194410 2512.5
1194420 2507.6
1194430 2501.6
1194440 2501.6
1194450 2495.6
1194460 2489.0
1194470 2489.0
1194480 2482.8
1194490 2477.4
1194500 2472.2
1194510 2472.2
1194520 2466.2
1194530 2460.9
1194540 2460.9
1194550 2457.9
1194560 2456.3
1194570 2456.3
1194580 2455.7
1194590 2455.3
1194600 2463.4
1194610 2463.9
1194620 2464.8
1194630 2464.8
1194640 2466.1
1194650 2467.9
1194660 2467.9
1194670 2469.9
1194680 2472.9
1194690 2472.9
1194700 2475.6
1194710 2478.6
1194720 2481.0
1194730 2481.0
1194740 2482.3
1194750 2483.0
1194760 2483.0
1194770 2483.0
1194780 2482.2
1194790 2482.2
1194800 2481.0
1194810 2479.9
1194820 2479.9
1194830 2480.3
1194840 2481.7
1194850 2481.7
1194860 2483.7
1194870 2486.1
1194880 2486.1
1194890 2487.9
1194900 2490.7
1194910 2490.7
1194920 2494.3
1194930 2497.2
1194940 2497.2
1194950 2494.9
1194960 2488.6
1194970 2481.1
1194980 2481.1
1194990 2472.9
1195000 2464.3
1195010 2464.3
1195020 2456.9
1195030 2450.6
1195040 2449.9
1195050 2442.9
1195060 2435.7
1195070 2435.7
1195080 2428.4
1195090 2421.3
1195100 2421.3
1195110 2414.3
1195120 2407.3
1195130 2407.3
1195140 2399.8
1195150 2391.6
1195160 2391.6
1195170 2379.8
1195180 2365.6
1195190 2353.0
1195200 2353.0
1195210 2344.5
1195220 2336.9
1195230 2336.9
1195240 2330.0
1195250 2324.4
1195260 2324.4
1195270 2320.2
1195280 2317.1
1195290 2317.1
1195300 2313.1
1195310 2308.3
1195320 2308.3
1195330 2303.3
1195340 2298.1
1195350 2298.1
1195360 2292.9
1195370 2288.3
1195380 2288.3
1195390 2283.7
1195400 2279.1
1195410 2279.1
1195420 2274.5
1195430 2269.2
1195440 2263.8
1195450 2263.8
1195460 2258.9
1195470 2255.1
1195480 2253.4
1195490 2249.8
1195500 2246.8
1195510 2246.8
1195520 2243.5
1195530 2239.8
1195540 2239.8
1195550 2237.6
1195560 2235.4
1195570 2235.4
1195580 2233.9
1195590 2231.1
1195600 2231.1
1195610 2228.2
1195620 2224.9
1195630 2224.9
1195640 2221.0
1195650 2218.4
1195660 2216.8
1195670 2216.8
1195680 2215.3
1195690 2212.5
1195700 2212.5
1195710 2209.9
1195720 2208.0
1195730 2208.0
1195740 2206.2
1195750 2202.0
1195760 2202.0
1195770 2195.8
1195780 2190.4
1195790 2190.4
1195800 2183.2
1195810 2176.0
1195820 2176.0
1195830 2167.8
1195840 2162.7
1195850 2162.7
1195860 2158.3
1195870 2149.5
1195880 2139.4
1195890 2139.4
1195900 2132.3
1195910 2122.0
1195920 2122.0
1195930 2116.7
1195940 2113.4
1195950 2113.4
1195960 2110.7
1195970 2107.5
1195980 2107.5
1195990 2103.6
1196000 2098.9
1196010 2098.9
1196020 2093.4
1196030 2087.8
1196040 2087.8
1196050 2083.2
1196060 2078.7
1196070 2078.7
1196080 2074.2
1196090 2069.7
1196100 2069.7
1196110 2065.4
1196120 2061.3
1196130 2057.6
1196140 2057.6
1196150 2053.6
1196160 2049.7
1196170 2049.7
1196180 2046.9
1196190 2044.4
1196200 2044.4
1196210 2042.1
1196220 2040.3
1196230 2040.3
1196240 2038.1
1196250 2034.9
1196260 2034.9
1196270 2032.1
1196280 2029.4
1196290 2029.4
1196300 2025.7
1196310 2020.7
1196320 2020.7
1196330 2015.1
1196340 2008.9
1196350 1998.2
1196360 1998.2
1196370 1991.5
1196380 1984.7
1196390 1984.7
1196400 1977.6
1196410 1971.2
1196420 1971.2
1196430 1966.4
1196440 1960.9
1196450 1960.9
1196460 1953.5
1196470 1946.9
1196480 1946.9
1196490 1941.0
1196500 1934.7
1196510 1934.7
1196520 1928.3
1196530 1922.2
1196540 1922.2
1196550 1915.8
1196560 1909.4
1196570 1902.2
1196580 1902.2
1196590 1894.6
1196600 1884.5
1196610 1884.5
1196620 1871.1
1196630 1860.5
1196640 1860.5
1196650 1850.0
1196660 1842.3
1196670 1842.3
1196680 1834.9
1196690 1828.0
1196700 1828.0
1196710 1821.7
1196720 1816.4
1196730 1816.4
1196740 1812.5
1196750 1808.8
1196760 1808.8
1196770 1804.8
1196780 1801.0
1196790 1801.0
1196800 1799.2
1196810 1796.7
1196820 1794.5
1196830 1794.5
1196840 1793.0
1196850 1791.6
1196860 1791.6
1196870 1790.7
1196880 1789.3
1196890 1789.3
1196900 1788.0
1196910 1786.3
1196920 1786.3
1196930 1784.1
1196940 1781.7
1196950 1781.7
1196960 1780.4
1196970 1779.8
1196980 1779.8
1196990 1778.6
1197000 1778.0
1197010 1778.0
1197020 1776.4
1197030 1775.4
1197040 1775.4
1197050 1775.4
1197060 1774.9
1197070 1774.2
1197080 1774.2
1197090 1773.6
1197100 1773.4
1197110 1773.4
1197120 1773.8
1197130 1774.7
1197140 1774.7
1197150 1776.7
1197160 1779.0
1197170 1779.0
1197180 1782.3
1197190 1785.7
1197200 1785.7
1197210 1789.4
1197220 1793.1
1197230 1793.1
1197240 1801.0
1197250 1805.0
1197260 1809.7
1197270 1809.7
1197280 1814.6
1197290 1820.1
1197300 1820.1
1197310 1826.6
1197320 1833.0
1197330 1833.0
1197340 1838.6
1197350 1844.6
1197360 1844.6
1197370 1851.7
1197380 1858.7
1197390 1858.7
1197400 1865.6
1197410 1878.2
1197420 1878.2
1197430 1892.3
1197440 1896.5
1197450 1896.5
1197460 1897.9
1197470 1901.0
1197480 1901.0
1197490 1907.5
1197500 1916.8
1197510 1929.0
1197520 1929.0
1197530 1937.6
1197540 1943.1
1197550 1943.1
1197560 1948.7
1197570 1955.4
1197580 1955.4
1197590 1962.8
1197600 1969.3
1197610 1969.3
1197620 1977.1
1197630 1981.5
1197640 1981.5
1197650 1981.1
1197660 1979.8
1197670 1979.8
1197680 1982.3
1197690 1980.3
1197700 1980.3
1197710 1977.6
1197720 1974.6
1197730 1971.2
1197740 1971.2
1197750 1967.3
1197760 1962.8
1197770 1962.8
1197780 1957.9
1197790 1953.1
1197800 1953.1
1197810 1949.1
1197820 1945.5
1197830 1945.5
1197840 1941.8
1197850 1938.0
1197860 1938.0
1197870 1933.6
1197880 1929.2
1197890 1929.2
1197900 1924.9
1197910 1921.1
1197920 1921.1
1197930 1917.5
1197940 1914.1
1197950 1910.4
1197960 1910.4
1197970 1907.6
1197980 1904.9
1197990 1904.9
1198000 1901.8
1198010 1898.8
1198020 1898.8
1198030 1895.6
1198040 1892.6
1198050 1892.6
1198060 1890.1
1198070 1888.4
1198080 1888.4
1198090 1887.1
1198100 1886.0
1198110 1886.0
1198120 1886.1
1198130 1884.9
1198140 1884.9
1198150 1883.6
1198160 1881.8
1198170 1881.8
1198180 1879.7
1198190 1877.3
1198200 1874.6
1198210 1874.6
1198220 1870.1
1198230 1863.4
1198240 1863.4
1198250 1856.1
1198260 1849.0
1198270 1849.0
1198280 1842.6
1198290 1836.8
1198300 1836.8
1198310 1831.3
1198320 1824.7
1198330 1824.7
1198340 1816.9
1198350 1808.9
1198360 1808.9
1198370 1800.6
1198380 1792.7
1198390 1792.7
1198400 1784.6
1198410 1776.7
1198420 1769.4
1198430 1769.4
1198440 1762.3
1198450 1755.4
1198460 1755.4
1198470 1749.3
1198480 1742.8
1198490 1742.8
1198500 1735.5
1198510 1730.2
1198520 1730.2
1198530 1724.1
1198540 1714.3
1198550 1714.3
1198560 1704.2
1198570 1694.1
1198580 1694.1
1198590 1686.4
1198600 1678.8
1198610 1678.8
1198620 1671.8
1198630 1667.6
1198640 1669.3
1198650 1669.3
1198660 1669.8
1198670 1674.0
1198680 1674.0
1198690 1686.1
1198700 1690.1
1198710 1690.1
1198720 1691.1
1198730 1689.7
1198740 1689.7
1198750 1688.9
1198760 1690.1
1198770 1690.1
1198780 1689.5
1198790 1687.5
1198800 1687.5
1198810 1689.4
1198820 1691.6
1198830 1691.6
1198840 1692.9
1198850 1693.0
1198860 1693.0
1198870 1692.5
1198880 1691.9
1198890 1690.3
1198900 1690.3
1198910 1688.0
1198920 1685.8
1198930 1685.8
1198940 1683.5
1198950 1681.5
1198960 1681.5
1198970 1680.5
1198980 1679.3
1198990 1679.3
1199000 1676.9
1199010 1681.5
1199020 1681.5
1199030 1677.4
1199040 1666.2
1199050 1666.2
1199060 1655.1
1199070 1647.8
1199080 1647.8
1199090 1635.7
1199100 1627.2
1199110 1620.5
1199120 1620.5
1199130 1614.1
1199140 1608.3
1199150 1608.3
1199160 1604.5
1199170 1600.7
1199180 1600.7
1199190 1596.1
1199200 1591.2
1199210 1591.2
1199220 1586.6
1199230 1581.3
1199240 1581.3
1199250 1575.7
1199260 1571.0
1199270 1571.0
1199280 1566.8
1199290 1563.0
1199300 1563.0
1199310 1556.8
1199320 1550.0
1199330 1543.7
1199340 1543.7
1199350 1537.7
1199360 1531.9
1199370 1531.9
1199380 1526.3
1199390 1520.8
1199400 1520.8
1199410 1515.6
1199420 1510.7
1199430 1510.7
1199440 1506.3
1199450 1508.7
1199460 1508.7
1199470 1505.0
1199480 1502.4
1199490 1502.4
1199500 1497.7
1199510 1490.0
1199520 1490.0
1199530 1482.5
1199540 1477.1
1199550 1477.1
1199560 1471.5
1199570 1467.7
1199580 1463.9
1199590 1463.9
1199600 1459.6
1199610 1454.4
1199620 1454.4
1199630 1448.8
1199640 1443.5
1199650 1443.5
1199660 1439.6
1199670 1436.3
1199680 1436.3
1199690 1433.0
1199700 1429.9
1199710 1429.9
1199720 1426.8
1199730 1424.1
1199740 1424.1
1199750 1423.0
1199760 1422.2
1199770 1422.2
1199780 1421.0
1199790 1420.0
1199800 1419.2
1199810 1419.2
1199820 1418.0
1199830 1416.4
1199840 1416.4
1199850 1414.5
1199860 1411.8
1199870 1411.8
1199880 1407.5
1199890 1401.8
1199900 1407.9
1199910 1401.4
1199920 1394.2
1199930 1394.2
1199940 1388.5
1199950 1382.2
1199960 1382.2
1199970 1374.3
1199980 1364.2
1199990 1364.2
