1180000 814.4
1180010 814.4
1180020 814.7
1180030 815.0
1180040 815.0
1180050 815.1
1180060 815.2
1180070 815.2
1180080 815.1
1180090 815.2
1180100 815.2
1180110 814.7
1180120 814.3
1180130 814.0
1180140 814.0
1180150 812.0
1180160 808.6
1180170 808.6
1180180 808.2
1180190 806.6
1180200 806.6
1180210 806.7
1180220 809.4
1180230 809.4
1180240 815.5
1180250 821.5
1180260 821.5
1180270 823.5
1180280 830.2
1180290 830.2
1180300 839.9
1180310 846.4
1180320 846.4
1180330 853.0
1180340 859.3
1180350 865.3
1180360 865.3
1180370 871.1
1180380 876.7
1180390 876.7
1180400 881.1
1180410 885.0
1180420 885.0
1180430 889.0
1180440 895.4
1180450 895.4
1180460 901.0
1180470 904.9
1180480 904.9
1180490 904.9
1180500 908.1
1180510 908.1
1180520 912.8
1180530 925.1
1180540 925.1
1180550 948.6
1180560 959.1
1180570 959.1
1180580 967.6
1180590 971.2
1180600 965.4
1180610 965.4
1180620 968.5
1180630 971.5
1180640 971.5
1180650 972.4
1180660 973.0
1180670 973.0
1180680 974.0
1180690 976.7
1180700 976.7
1180710 978.8
1180720 979.8
1180730 979.8
1180740 981.3
1180750 982.6
1180760 982.6
1180770 984.5
1180780 988.2
1180790 988.2
1180800 990.6
1180810 991.1
1180820 992.0
1180830 992.0
1180840 992.6
1180850 993.3
1180860 993.3
1180870 993.6
1180880 994.3
1180890 994.3
1180900 994.8
1180910 995.4
1180920 995.4
1180930 995.3
1180940 994.6
1180950 994.6
1180960 994.3
1180970 994.8
1180980 994.8
1180990 995.8
1181000 996.4
1181010 989.2
1181020 989.4
1181030 990.1
1181040 990.1
1181050 991.0
1181060 991.4
1181070 991.7
1181080 991.7
1181090 991.6
1181100 991.0
1181110 991.0
1181120 990.8
1181130 991.0
1181140 991.0
1181150 991.1
1181160 990.9
1181170 990.9
1181180 990.9
1181190 991.2
1181200 991.2
1181210 991.1
1181220 991.0
1181230 991.0
1181240 990.7
1181250 990.7
1181260 990.7
1181270 990.3
1181280 989.9
1181290 989.8
1181300 989.8
1181310 990.0
1181320 990.3
1181330 990.3
1181340 990.4
1181350 990.7
1181360 990.7
1181370 991.2
1181380 991.2
1181390 991.2
1181400 991.5
1181410 992.3
1181420 992.3
1181430 989.6
1181440 990.6
1181450 990.6
1181460 991.8
1181470 993.8
1181480 993.8
1181490 996.2
1181500 998.3
1181510 999.8
1181520 999.8
1181530 1000.2
1181540 1000.3
1181550 1000.3
1181560 1000.5
1181570 1000.5
1181580 1000.5
1181590 1000.4
1181600 1000.2
1181610 1000.2
1181620 999.8
1181630 999.3
1181640 999.3
1181650 999.3
1181660 999.5
1181670 999.5
1181680 999.4
1181690 998.9
1181700 998.9
1181710 999.2
1181720 998.9
1181730 998.9
1181740 998.5
1181750 998.9
1181760 1000.8
1181770 1000.8
1181780 1003.6
1181790 1003.5
1181800 1003.5
1181810 1002.3
1181820 1001.7
1181830 1001.7
1181840 1002.2
1181850 1000.6
1181860 1000.6
1181870 1001.6
1181880 1003.1
1181890 1003.1
1181900 1004.5
1181910 1005.3
1181920 1005.3
1181930 1005.9
1181940 1005.8
1181950 1005.8
1181960 1005.0
1181970 1004.0
1181980 1005.9
1181990 1005.9
1182000 1008.0
1182010 1009.8
1182020 1009.8
1182030 1012.4
1182040 1014.4
1182050 1014.4
1182060 1016.7
1182070 1019.0
1182080 1019.0
1182090 1020.7
1182100 1022.3
1182110 1022.3
1182120 1023.0
1182130 1023.7
1182140 1023.7
1182150 1025.9
1182160 1029.3
1182170 1029.3
1182180 1033.2
1182190 1035.9
1182200 1035.9
1182210 1037.3
1182220 1037.8
1182230 1037.8
1182240 1037.8
1182250 1038.3
1182260 1038.6
1182270 1032.4
1182280 1032.3
1182290 1032.9
1182300 1032.9
1182310 1033.3
1182320 1034.5
1182330 1034.5
1182340 1037.0
1182350 1039.7
1182360 1039.7
1182370 1042.1
1182380 1042.6
1182390 1042.6
1182400 1040.8
1182410 1039.5
1182420 1039.5
1182430 1041.0
1182440 1043.0
1182450 1044.2
1182460 1044.2
1182470 1044.8
1182480 1044.9
1182490 1044.9
1182500 1044.3
1182510 1044.2
1182520 1044.2
1182530 1044.5
1182540 1045.3
1182550 1045.3
1182560 1047.0
1182570 1049.5
1182580 1049.5
1182590 1051.3
1182600 1053.7
1182610 1053.7
1182620 1055.9
1182630 1057.8
1182640 1057.8
1182650 1058.9
1182660 1059.6
1182670 1060.2
1182680 1060.2
1182690 1058.5
1182700 1059.2
1182710 1059.2
1182720 1059.7
1182730 1060.4
1182740 1060.4
1182750 1061.1
1182760 1061.5
1182770 1061.5
1182780 1062.1
1182790 1062.8
1182800 1062.8
1182810 1063.8
1182820 1065.1
1182830 1065.1
1182840 1066.6
1182850 1068.2
1182860 1068.2
1182870 1069.4
1182880 1070.7
1182890 1070.7
1182900 1071.5
1182910 1072.0
1182920 1072.3
1182930 1072.3
1182940 1073.0
1182950 1073.8
1182960 1073.8
1182970 1074.8
1182980 1075.4
1182990 1075.4
1183000 1075.6
1183010 1075.7
1183020 1075.7
1183030 1075.8
1183040 1076.1
1183050 1076.1
1183060 1077.5
1183070 1078.7
1183080 1078.7
1183090 1080.4
1183100 1082.2
1183110 1078.0
1183120 1080.6
1183130 1082.9
1183140 1084.5
1183150 1084.5
1183160 1085.6
1183170 1086.8
1183180 1086.8
1183190 1086.9
1183200 1086.7
1183210 1086.7
1183220 1085.7
1183230 1085.0
1183240 1085.0
1183250 1085.7
1183260 1086.4
1183270 1086.4
1183280 1086.5
1183290 1086.8
1183300 1086.8
1183310 1087.0
1183320 1087.6
1183330 1087.6
1183340 1088.2
1183350 1088.1
1183360 1088.4
1183370 1088.4
1183380 1089.6
1183390 1091.0
1183400 1091.0
1183410 1091.3
1183420 1091.8
1183430 1091.8
1183440 1093.2
1183450 1094.9
1183460 1094.9
1183470 1097.0
1183480 1098.9
1183490 1098.9
1183500 1100.0
1183510 1100.9
1183520 1100.9
1183530 1099.4
1183540 1099.4
1183550 1099.4
1183560 1099.4
1183570 1099.0
1183580 1099.0
1183590 1097.8
1183600 1095.6
1183610 1091.7
1183620 1091.7
1183630 1084.5
1183640 1078.5
1183650 1078.5
1183660 1079.9
1183670 1090.7
1183680 1090.7
1183690 1096.6
1183700 1100.2
1183710 1100.2
1183720 1103.4
1183730 1106.0
1183740 1106.0
1183750 1109.3
1183760 1113.1
1183770 1113.1
1183780 1115.0
1183790 1116.7
1183800 1116.7
1183810 1121.2
1183820 1122.7
1183830 1122.9
1183840 1122.9
1183850 1122.8
1183860 1123.8
1183870 1123.8
1183880 1124.5
1183890 1124.3
1183900 1124.3
1183910 1123.8
1183920 1122.7
1183930 1122.7
1183940 1122.0
1183950 1122.5
1183960 1118.2
1183970 1118.9
1183980 1119.5
1183990 1119.5
1184000 1119.3
1184010 1117.8
1184020 1117.8
1184030 1116.8
1184040 1116.1
1184050 1116.1
1184060 1115.7
1184070 1116.2
1184080 1118.2
1184090 1118.2
1184100 1121.1
1184110 1124.3
1184120 1124.3
1184130 1126.7
1184140 1128.5
1184150 1128.5
1184160 1129.8
1184170 1131.1
1184180 1131.1
1184190 1132.1
1184200 1132.9
1184210 1132.9
1184220 1134.0
1184230 1134.5
1184240 1134.5
1184250 1135.1
1184260 1136.2
1184270 1136.2
1184280 1136.0
1184290 1136.2
1184300 1138.4
1184310 1138.4
1184320 1140.4
1184330 1142.5
1184340 1142.5
1184350 1145.3
1184360 1147.5
1184370 1147.5
1184380 1147.1
1184390 1149.4
1184400 1149.4
1184410 1150.9
1184420 1151.8
1184430 1151.8
1184440 1153.0
1184450 1154.3
1184460 1154.3
1184470 1155.5
1184480 1156.4
1184490 1156.4
1184500 1157.4
1184510 1158.3
1184520 1159.6
1184530 1159.6
1184540 1160.8
1184550 1162.0
1184560 1162.0
1184570 1163.9
1184580 1165.8
1184590 1165.8
1184600 1166.2
1184610 1166.1
1184620 1166.1
1184630 1165.8
1184640 1165.9
1184650 1165.9
1184660 1166.8
1184670 1167.5
1184680 1167.5
1184690 1168.0
1184700 1168.5
1184710 1168.5
1184720 1168.8
1184730 1168.8
1184740 1168.8
1184750 1169.0
1184760 1169.5
1184770 1169.5
1184780 1169.5
1184790 1169.5
1184800 1167.7
1184810 1167.7
1184820 1167.8
1184830 1167.0
1184840 1167.0
1184850 1168.5
1184860 1170.2
1184870 1170.2
1184880 1169.9
1184890 1169.0
1184900 1169.0
1184910 1169.2
1184920 1169.7
1184930 1169.7
1184940 1170.1
1184950 1170.6
1184960 1170.6
1184970 1171.1
1184980 1171.8
1184990 1172.4
1185000 1172.4
1185010 1172.9
1185020 1173.1
1185030 1173.1
1185040 1173.6
1185050 1173.8
1185060 1173.8
1185070 1173.8
1185080 1174.7
1185090 1174.7
1185100 1175.7
1185110 1177.1
1185120 1177.1
1185130 1178.7
1185140 1180.3
1185150 1180.3
1185160 1181.5
1185170 1182.4
1185180 1182.4
1185190 1183.1
1185200 1183.1
1185210 1183.1
1185220 1182.7
1185230 1176.5
1185240 1176.9
1185250 1176.9
1185260 1178.5
1185270 1181.3
1185280 1181.3
1185290 1184.0
1185300 1185.1
1185310 1185.1
1185320 1185.4
1185330 1186.0
1185340 1186.0
1185350 1186.8
1185360 1187.2
1185370 1187.2
1185380 1187.4
1185390 1188.0
1185400 1188.0
1185410 1188.8
1185420 1190.0
1185430 1190.0
1185440 1192.6
1185450 1195.1
1185460 1197.6
1185470 1197.6
1185480 1200.2
1185490 1203.4
1185500 1203.4
1185510 1205.6
1185520 1206.4
1185530 1206.4
1185540 1207.0
1185550 1208.2
1185560 1208.2
1185570 1210.0
1185580 1212.5
1185590 1212.5
1185600 1215.3
1185610 1218.3
1185620 1218.3
1185630 1221.1
1185640 1223.1
1185650 1219.2
1185660 1222.1
1185670 1224.2
1185680 1225.8
1185690 1225.8
1185700 1226.8
1185710 1227.4
1185720 1227.4
1185730 1228.6
1185740 1229.8
1185750 1229.8
1185760 1231.1
1185770 1232.9
1185780 1232.9
1185790 1235.6
1185800 1238.9
1185810 1238.9
1185820 1241.9
1185830 1244.2
1185840 1244.2
1185850 1245.8
1185860 1247.6
1185870 1247.6
1185880 1250.1
1185890 1253.2
1185900 1253.2
1185910 1256.7
1185920 1261.0
1185930 1264.9
1185940 1264.9
1185950 1268.8
1185960 1273.3
1185970 1273.3
1185980 1279.2
1185990 1284.4
1186000 1284.4
1186010 1287.9
1186020 1291.9
1186030 1291.9
1186040 1295.7
1186050 1300.0
1186060 1300.0
1186070 1298.9
1186080 1302.9
1186090 1302.9
1186100 1307.2
1186110 1311.8
1186120 1311.8
1186130 1317.3
1186140 1324.0
1186150 1332.0
1186160 1332.0
1186170 1338.0
1186180 1343.0
1186190 1343.0
1186200 1346.7
1186210 1352.1
1186220 1352.1
1186230 1360.3
1186240 1367.3
1186250 1367.3
1186260 1375.1
1186270 1381.1
1186280 1381.1
1186290 1384.7
1186300 1387.5
1186310 1387.5
1186320 1389.9
1186330 1393.3
1186340 1393.3
1186350 1396.8
1186360 1401.3
1186370 1401.3
1186380 1404.3
1186390 1406.2
1186400 1408.8
1186410 1408.8
1186420 1413.2
1186430 1418.2
1186440 1418.2
1186450 1422.2
1186460 1427.0
1186470 1427.0
1186480 1429.5
1186490 1432.6
1186500 1430.1
1186510 1434.1
1186520 1438.7
1186530 1438.7
1186540 1443.2
1186550 1447.4
1186560 1447.4
1186570 1452.2
1186580 1455.6
1186590 1455.6
1186600 1459.8
1186610 1464.2
1186620 1467.9
1186630 1467.9
1186640 1473.2
1186650 1478.9
1186660 1478.9
1186670 1481.8
1186680 1485.0
1186690 1485.0
1186700 1488.1
1186710 1490.6
1186720 1490.6
1186730 1494.3
1186740 1498.1
1186750 1498.1
1186760 1501.5
1186770 1505.6
1186780 1505.6
1186790 1509.1
1186800 1510.7
1186810 1510.7
1186820 1512.1
1186830 1513.4
1186840 1514.8
1186850 1514.8
1186860 1516.2
1186870 1517.5
1186880 1517.5
1186890 1518.2
1186900 1518.5
1186910 1518.5
1186920 1519.1
1186930 1519.9
1186940 1519.9
1186950 1520.9
1186960 1522.8
1186970 1522.8
1186980 1526.7
1186990 1531.0
1187000 1531.0
1187010 1537.5
1187020 1542.1
1187030 1542.1
1187040 1549.3
1187050 1552.3
1187060 1552.3
1187070 1553.1
1187080 1553.2
1187090 1554.1
1187100 1554.1
1187110 1555.6
1187120 1557.4
1187130 1557.4
1187140 1560.9
1187150 1564.0
1187160 1564.0
1187170 1567.0
1187180 1569.4
1187190 1569.4
1187200 1570.3
1187210 1572.0
1187220 1572.0
1187230 1573.9
1187240 1573.2
1187250 1573.2
1187260 1572.7
1187270 1570.9
1187280 1570.9
1187290 1569.1
1187300 1567.7
1187310 1565.5
1187320 1565.5
1187330 1563.0
1187340 1559.4
1187350 1554.1
1187360 1551.4
1187370 1549.8
1187380 1549.8
1187390 1548.1
1187400 1546.5
1187410 1546.5
1187420 1544.5
1187430 1542.9
1187440 1542.9
1187450 1541.6
1187460 1539.2
1187470 1539.2
1187480 1537.9
1187490 1538.4
1187500 1538.4
1187510 1539.8
1187520 1541.0
1187530 1541.0
1187540 1541.0
1187550 1540.1
1187560 1538.7
1187570 1538.7
1187580 1537.3
1187590 1536.6
1187600 1536.6
1187610 1537.6
1187620 1537.5
1187630 1537.5
1187640 1534.8
1187650 1532.7
1187660 1532.7
1187670 1531.8
1187680 1531.1
1187690 1531.1
1187700 1530.6
1187710 1528.7
1187720 1528.7
1187730 1526.3
1187740 1523.7
1187750 1523.7
1187760 1522.5
1187770 1520.4
1187780 1515.8
1187790 1515.8
1187800 1512.7
1187810 1510.0
1187820 1510.0
1187830 1509.3
1187840 1510.0
1187850 1510.0
1187860 1510.7
1187870 1511.2
1187880 1511.2
1187890 1511.1
1187900 1510.2
1187910 1510.2
1187920 1508.8
1187930 1507.6
1187940 1507.6
1187950 1507.1
1187960 1504.6
1187970 1504.6
1187980 1501.7
1187990 1497.9
1188000 1494.5
1188010 1494.5
1188020 1491.5
1188030 1487.3
1188040 1487.3
1188050 1482.8
1188060 1478.0
1188070 1478.0
1188080 1472.9
1188090 1468.7
1188100 1468.7
1188110 1465.0
1188120 1461.6
1188130 1461.6
1188140 1458.9
1188150 1457.5
1188160 1457.5
1188170 1456.2
1188180 1454.8
1188190 1454.8
1188200 1454.0
1188210 1455.1
1188220 1455.1
1188230 1452.9
1188240 1451.5
1188250 1451.0
1188260 1451.0
1188270 1451.0
1188280 1451.4
1188290 1451.4
1188300 1452.5
1188310 1453.6
1188320 1453.6
1188330 1456.0
1188340 1460.5
1188350 1460.5
1188360 1464.5
1188370 1468.5
1188380 1468.5
1188390 1473.3
1188400 1480.4
1188410 1480.4
1188420 1485.2
1188430 1489.1
1188440 1489.1
1188450 1492.1
1188460 1496.9
1188470 1502.2
1188480 1502.2
1188490 1503.8
1188500 1503.7
1188510 1503.7
1188520 1503.0
1188530 1502.2
1188540 1502.2
1188550 1500.2
1188560 1497.5
1188570 1497.5
1188580 1494.5
1188590 1491.0
1188600 1491.0
1188610 1487.3
1188620 1482.6
1188630 1482.6
1188640 1473.5
1188650 1470.3
1188660 1470.3
1188670 1467.4
1188680 1464.7
1188690 1463.8
1188700 1463.8
1188710 1463.7
1188720 1464.2
1188730 1464.2
1188740 1465.6
1188750 1465.9
1188760 1465.9
1188770 1464.3
1188780 1462.4
1188790 1462.4
1188800 1460.7
1188810 1459.6
1188820 1459.6
1188830 1458.2
1188840 1457.1
1188850 1457.1
1188860 1456.2
1188870 1455.6
1188880 1455.6
1188890 1454.1
1188900 1450.2
1188910 1450.2
1188920 1447.0
1188930 1445.6
1188940 1444.6
1188950 1444.6
1188960 1444.6
1188970 1444.9
1188980 1444.9
1188990 1444.9
1189000 1445.3
1189010 1445.3
1189020 1446.5
1189030 1448.2
1189040 1448.2
1189050 1449.6
1189060 1451.1
1189070 1456.9
1189080 1458.3
1189090 1458.3
1189100 1458.3
1189110 1456.9
1189120 1455.7
1189130 1455.7
1189140 1452.8
1189150 1450.9
1189160 1449.9
1189170 1449.9
1189180 1448.0
1189190 1450.9
1189200 1450.9
1189210 1454.8
1189220 1459.0
1189230 1459.0
1189240 1464.0
1189250 1469.5
1189260 1469.5
1189270 1473.9
1189280 1478.8
1189290 1478.8
1189300 1483.5
1189310 1487.5
1189320 1487.5
1189330 1490.6
1189340 1492.6
1189350 1492.6
1189360 1494.9
1189370 1496.5
1189380 1496.5
1189390 1497.7
1189400 1498.2
1189410 1497.8
1189420 1497.8
1189430 1496.5
1189440 1496.0
1189450 1496.0
1189460 1497.1
1189470 1499.3
1189480 1499.3
1189490 1503.7
1189500 1510.3
1189510 1510.3
1189520 1514.5
1189530 1519.7
1189540 1519.7
1189550 1524.8
1189560 1527.3
1189570 1527.3
1189580 1530.4
1189590 1533.1
1189600 1533.1
1189610 1537.3
1189620 1541.3
1189630 1544.5
1189640 1544.5
1189650 1546.0
1189660 1547.8
1189670 1547.8
1189680 1550.0
1189690 1553.3
1189700 1553.3
1189710 1560.4
1189720 1568.7
1189730 1568.7
1189740 1576.5
1189750 1581.2
1189760 1581.2
1189770 1584.5
1189780 1587.7
1189790 1587.7
1189800 1591.1
1189810 1596.5
1189820 1596.5
1189830 1602.1
1189840 1608.8
1189850 1612.6
1189860 1612.6
1189870 1615.4
1189880 1618.5
1189890 1618.5
1189900 1620.7
1189910 1621.1
1189920 1621.1
1189930 1621.9
1189940 1623.9
1189950 1623.9
1189960 1625.0
1189970 1622.8
1189980 1622.8
1189990 1621.7
1190000 1623.3
1190010 1623.3
1190020 1623.1
1190030 1621.8
1190040 1621.8
1190050 1622.9
1190060 1622.7
1190070 1622.7
1190080 1622.7
1190090 1623.4
1190100 1624.1
1190110 1624.1
1190120 1625.1
1190130 1626.3
1190140 1626.3
1190150 1627.6
1190160 1628.1
1190170 1628.1
1190180 1627.0
1190190 1626.8
1190200 1626.8
1190210 1627.0
1190220 1627.5
1190230 1627.5
1190240 1628.9
1190250 1630.3
1190260 1630.3
1190270 1631.6
1190280 1632.7
1190290 1632.7
1190300 1633.6
1190310 1634.8
1190320 1636.1
1190330 1636.1
1190340 1636.5
1190350 1636.8
1190360 1639.7
1190370 1640.2
1190380 1640.1
1190390 1640.1
1190400 1640.1
1190410 1641.0
1190420 1641.0
1190430 1641.7
1190440 1642.2
1190450 1642.2
1190460 1643.3
1190470 1645.8
1190480 1645.8
1190490 1648.3
1190500 1651.2
1190510 1651.2
1190520 1653.7
1190530 1654.0
1190540 1652.9
1190550 1652.9
1190560 1655.2
1190570 1660.1
1190580 1660.1
1190590 1663.0
1190600 1664.7
1190610 1664.7
1190620 1665.4
1190630 1666.2
1190640 1666.2
1190650 1667.4
1190660 1668.7
1190670 1668.7
1190680 1669.2
1190690 1669.1
1190700 1669.1
1190710 1669.4
1190720 1669.5
1190730 1669.5
1190740 1669.3
1190750 1670.8
1190760 1670.8
1190770 1673.8
1190780 1675.8
1190790 1680.5
1190800 1680.5
1190810 1679.8
1190820 1678.6
1190830 1678.6
1190840 1675.8
1190850 1672.0
1190860 1672.0
1190870 1666.6
1190880 1661.4
1190890 1661.4
1190900 1656.8
1190910 1652.6
1190920 1652.6
1190930 1648.9
1190940 1645.3
1190950 1645.3
1190960 1642.0
1190970 1639.2
1190980 1639.2
1190990 1636.3
1191000 1633.9
1191010 1633.0
1191020 1633.0
1191030 1632.9
1191040 1632.8
1191050 1632.8
1191060 1632.7
1191070 1632.5
1191080 1632.5
1191090 1632.1
1191100 1631.8
1191110 1631.8
1191120 1631.3
1191130 1631.0
1191140 1631.0
1191150 1630.5
1191160 1629.7
1191170 1629.7
1191180 1628.8
1191190 1627.2
1191200 1627.2
1191210 1624.8
1191220 1623.5
1191230 1623.5
1191240 1623.3
1191250 1624.2
1191260 1625.7
1191270 1625.7
1191280 1628.0
1191290 1630.8
1191300 1630.8
1191310 1633.7
1191320 1636.6
1191330 1636.6
1191340 1639.5
1191350 1642.3
1191360 1642.3
1191370 1644.3
1191380 1645.6
1191390 1645.6
1191400 1647.4
1191410 1649.9
1191420 1649.9
1191430 1652.0
1191440 1653.1
1191450 1653.1
1191460 1652.7
1191470 1651.1
1191480 1651.1
1191490 1651.1
1191500 1651.1
1191510 1651.5
1191520 1651.5
1191530 1652.7
1191540 1654.8
1191550 1654.8
1191560 1657.4
1191570 1660.0
1191580 1660.0
1191590 1662.4
1191600 1664.7
1191610 1664.7
1191620 1666.6
1191630 1668.4
1191640 1668.4
1191650 1668.7
1191660 1668.9
1191670 1668.9
1191680 1669.1
1191690 1670.6
1191700 1672.2
1191710 1672.2
1191720 1673.0
1191730 1672.5
1191740 1672.5
1191750 1673.8
1191760 1676.3
1191770 1676.3
1191780 1679.6
1191790 1683.1
1191800 1683.1
1191810 1687.4
1191820 1692.6
1191830 1692.6
1191840 1699.0
1191850 1707.0
1191860 1707.0
1191870 1715.8
1191880 1722.3
1191890 1722.3
1191900 1727.6
1191910 1733.2
1191920 1733.2
1191930 1738.1
1191940 1742.0
1191950 1747.0
1191960 1747.0
1191970 1753.0
1191980 1762.4
1191990 1762.4
1192000 1771.8
1192010 1779.8
1192020 1779.8
1192030 1785.6
1192040 1789.6
1192050 1789.6
1192060 1793.4
1192070 1798.4
1192080 1798.4
1192090 1811.7
1192100 1821.7
1192110 1821.7
1192120 1827.6
1192130 1832.3
1192140 1832.3
1192150 1842.5
1192160 1850.4
1192170 1857.0
1192180 1857.0
1192190 1860.9
1192200 1859.9
1192210 1859.9
1192220 1860.9
1192230 1863.8
1192240 1863.8
1192250 1866.9
1192260 1870.2
1192270 1870.2
1192280 1872.9
1192290 1874.3
1192300 1874.3
1192310 1874.5
1192320 1874.7
1192330 1874.7
1192340 1875.7
1192350 1877.1
1192360 1877.1
1192370 1878.4
1192380 1880.1
1192390 1880.1
1192400 1881.6
1192410 1882.8
1192420 1883.9
1192430 1883.9
1192440 1884.4
1192450 1885.6
1192460 1885.6
1192470 1885.8
1192480 1884.8
1192490 1884.8
1192500 1884.0
1192510 1882.9
1192520 1888.1
1192530 1887.7
1192540 1888.4
1192550 1888.4
1192560 1889.9
1192570 1890.4
1192580 1890.4
1192590 1894.5
1192600 1899.8
1192610 1899.8
1192620 1904.6
1192630 1907.7
1192640 1909.1
1192650 1909.1
1192660 1907.9
1192670 1905.8
1192680 1905.8
1192690 1907.2
1192700 1911.0
1192710 1911.0
1192720 1914.0
1192730 1916.5
1192740 1916.5
1192750 1919.4
1192760 1923.7
1192770 1923.7
1192780 1928.4
1192790 1932.5
1192800 1932.5
1192810 1936.8
1192820 1941.8
1192830 1941.8
1192840 1947.9
1192850 1953.5
1192860 1958.6
1192870 1958.6
1192880 1964.7
1192890 1971.3
1192900 1971.3
1192910 1976.3
1192920 1980.8
1192930 1980.8
1192940 1985.9
1192950 1990.1
1192960 1992.0
1192970 1994.1
1192980 1995.8
1192990 1995.8
1193000 1998.3
1193010 2000.9
1193020 2000.9
1193030 2002.6
1193040 2003.8
1193050 2003.8
1193060 2006.0
1193070 2010.5
1193080 2010.5
1193090 2016.1
1193100 2022.2
1193110 2028.9
1193120 2028.9
1193130 2036.0
1193140 2043.6
1193150 2043.6
1193160 2050.9
1193170 2058.1
1193180 2058.1
1193190 2065.3
1193200 2071.9
1193210 2071.9
1193220 2078.3
1193230 2085.6
1193240 2085.6
1193250 2093.6
1193260 2102.3
1193270 2102.3
1193280 2110.6
1193290 2118.6
1193300 2118.6
1193310 2126.3
1193320 2134.1
1193330 2141.6
1193340 2141.6
1193350 2147.0
1193360 2148.8
1193370 2148.8
1193380 2151.1
1193390 2155.6
1193400 2157.4
1193410 2164.7
1193420 2175.8
1193430 2175.8
1193440 2184.9
1193450 2192.5
1193460 2192.5
1193470 2199.6
1193480 2206.8
1193490 2206.8
1193500 2213.4
1193510 2219.5
1193520 2219.5
1193530 2228.4
1193540 2238.5
1193550 2251.3
1193560 2251.3
1193570 2261.2
1193580 2268.2
1193590 2268.2
1193600 2274.1
1193610 2279.4
1193620 2279.4
1193630 2283.6
1193640 2287.4
1193650 2287.4
1193660 2290.8
1193670 2295.5
1193680 2295.5
1193690 2299.5
1193700 2304.7
1193710 2304.7
1193720 2309.9
1193730 2312.6
1193740 2312.6
1193750 2313.2
1193760 2317.6
1193770 2317.6
1193780 2319.9
1193790 2322.8
1193800 2327.1
1193810 2327.1
1193820 2329.3
1193830 2332.1
1193840 2332.1
1193850 2336.0
1193860 2339.9
1193870 2339.9
1193880 2343.8
1193890 2346.6
1193900 2346.6
1193910 2349.4
1193920 2354.0
1193930 2354.0
1193940 2357.6
1193950 2361.1
1193960 2361.1
1193970 2363.9
1193980 2366.0
1193990 2366.0
1194000 2368.7
1194010 2372.5
1194020 2376.0
1194030 2376.0
1194040 2374.6
1194050 2372.3
1194060 2372.3
1194070 2374.6
1194080 2377.2
1194090 2377.2
1194100 2377.2
1194110 2372.4
1194120 2372.4
1194130 2365.9
1194140 2360.1
1194150 2360.1
1194160 2354.2
1194170 2348.3
1194180 2348.3
1194190 2344.2
1194200 2339.3
1194210 2339.3
1194220 2331.8
1194230 2325.6
1194240 2325.6
1194250 2321.9
1194260 2318.1
1194270 2310.2
1194280 2310.2
1194290 2306.6
1194300 2303.1
1194310 2303.1
1194320 2297.6
1194330 2290.4
1194340 2290.4
1194350 2283.7
1194360 2276.5
1194370 2276.5
1194380 2268.0
1194390 2259.1
1194400 2259.1
1194410 2250.7
1194420 2243.3
1194430 2243.3
1194440 2236.8
1194450 2231.4
1194460 2231.4
1194470 2225.3
1194480 2218.8
1194490 2213.3
1194500 2213.3
1194510 2209.0
1194520 2205.8
1194530 2205.8
1194540 2202.9
1194550 2200.0
1194560 2200.0
1194570 2197.1
1194580 2194.8
1194590 2194.8
1194600 2193.3
1194610 2191.9
1194620 2191.9
1194630 2190.2
1194640 2188.4
1194650 2188.4
1194660 2186.5
1194670 2182.9
1194680 2182.9
1194690 2181.9
1194700 2183.2
1194710 2188.0
1194720 2188.0
1194730 2189.8
1194740 2190.5
1194750 2190.5
1194760 2189.4
1194770 2188.1
1194780 2188.1
1194790 2187.5
1194800 2186.6
1194810 2186.6
1194820 2185.6
1194830 2184.3
1194840 2184.3
1194850 2183.0
1194860 2180.9
1194870 2180.9
1194880 2181.1
1194890 2185.4
1194900 2185.4
1194910 2190.5
1194920 2197.5
1194930 2197.5
1194940 2206.7
1194950 2210.7
1194960 2211.2
1194970 2211.2
1194980 2219.2
1194990 2236.5
1195000 2236.5
1195010 2248.1
1195020 2255.3
1195030 2255.3
1195040 2255.8
1195050 2258.5
1195060 2258.5
1195070 2264.0
1195080 2265.0
1195090 2265.0
1195100 2266.1
1195110 2266.3
1195120 2266.3
1195130 2270.2
1195140 2282.7
1195150 2282.7
1195160 2282.2
1195170 2282.8
1195180 2281.8
1195190 2281.8
1195200 2280.9
1195210 2279.0
1195220 2279.0
1195230 2276.6
1195240 2278.7
1195250 2278.7
1195260 2278.2
1195270 2274.7
1195280 2274.7
1195290 2271.4
1195300 2269.1
1195310 2269.1
1195320 2269.4
1195330 2271.9
1195340 2271.9
1195350 2277.0
1195360 2277.9
1195370 2277.9
1195380 2270.0
1195390 2264.8
1195400 2264.8
1195410 2262.2
1195420 2256.5
1195430 2250.3
1195440 2250.3
1195450 2247.9
1195460 2244.5
1195470 2244.5
1195480 2241.3
1195490 2240.5
1195500 2240.5
1195510 2240.0
1195520 2241.7
1195530 2241.7
1195540 2239.0
1195550 2231.5
1195560 2231.5
1195570 2223.7
1195580 2226.9
1195590 2226.9
1195600 2221.9
1195610 2216.7
1195620 2216.7
1195630 2211.4
1195640 2206.0
1195650 2200.3
1195660 2200.3
1195670 2194.2
1195680 2187.9
1195690 2187.9
1195700 2181.4
1195710 2174.4
1195720 2174.4
1195730 2167.0
1195740 2160.3
1195750 2160.3
1195760 2155.8
1195770 2151.8
1195780 2151.8
1195790 2147.6
1195800 2147.1
1195810 2147.1
1195820 2148.0
1195830 2146.6
1195840 2146.6
1195850 2141.4
1195860 2134.7
1195870 2126.7
1195880 2126.7
1195890 2119.1
1195900 2113.9
1195910 2113.9
1195920 2108.3
1195930 2101.8
1195940 2101.8
1195950 2096.3
1195960 2092.0
1195970 2092.0
1195980 2088.4
1195990 2083.6
1196000 2083.6
1196010 2080.7
1196020 2088.2
1196030 2088.2
1196040 2084.7
1196050 2083.9
1196060 2083.9
1196070 2081.8
1196080 2080.3
1196090 2080.3
1196100 2081.1
1196110 2082.1
1196120 2083.3
1196130 2083.3
1196140 2082.2
1196150 2075.8
1196160 2075.8
1196170 2069.1
1196180 2064.6
1196190 2064.6
1196200 2059.2
1196210 2054.7
1196220 2054.7
1196230 2052.5
1196240 2050.3
1196250 2050.3
1196260 2047.5
1196270 2047.9
1196280 2047.9
1196290 2051.5
1196300 2046.7
1196310 2046.7
1196320 2039.9
1196330 2033.7
1196340 2025.6
1196350 2025.6
1196360 2016.2
1196370 2006.1
1196380 2006.1
1196390 1996.9
1196400 1988.1
1196410 1988.1
1196420 1978.4
1196430 1968.3
1196440 1968.3
1196450 1960.6
1196460 1961.5
1196470 1961.5
1196480 1956.1
1196490 1949.9
1196500 1949.9
1196510 1941.6
1196520 1932.3
1196530 1932.3
1196540 1926.1
1196550 1917.4
1196560 1909.2
1196570 1909.2
1196580 1901.2
1196590 1892.9
1196600 1892.9
1196610 1884.5
1196620 1876.5
1196630 1876.5
1196640 1868.0
1196650 1859.7
1196660 1859.7
1196670 1849.2
1196680 1838.7
1196690 1838.7
1196700 1827.4
1196710 1817.3
1196720 1817.3
1196730 1808.7
1196740 1800.4
1196750 1800.4
1196760 1792.0
1196770 1783.9
1196780 1783.9
1196790 1775.9
1196800 1767.9
1196810 1759.8
1196820 1759.8
1196830 1752.0
1196840 1744.1
1196850 1744.1
1196860 1736.4
1196870 1729.2
1196880 1729.2
1196890 1722.3
1196900 1717.1
1196910 1717.1
1196920 1711.5
1196930 1705.9
1196940 1705.9
1196950 1702.2
1196960 1698.1
1196970 1698.1
1196980 1694.3
1196990 1690.9
1197000 1690.9
1197010 1688.0
1197020 1685.9
1197030 1684.0
1197040 1684.0
1197050 1682.5
1197060 1681.4
1197070 1681.4
1197080 1680.3
1197090 1679.5
1197100 1679.5
1197110 1679.0
1197120 1679.3
1197130 1679.3
1197140 1681.7
1197150 1683.6
1197160 1683.6
1197170 1689.3
1197180 1696.1
1197190 1696.1
1197200 1703.1
1197210 1710.1
1197220 1710.1
1197230 1717.1
1197240 1723.5
1197250 1723.5
1197260 1730.0
1197270 1735.8
1197280 1741.9
1197290 1741.9
1197300 1752.9
1197310 1766.9
1197320 1766.9
1197330 1783.6
1197340 1794.8
1197350 1796.0
1197360 1805.5
1197370 1810.6
1197380 1810.6
1197390 1815.1
1197400 1819.5
1197410 1819.5
1197420 1823.8
1197430 1828.7
1197440 1828.7
1197450 1833.8
1197460 1839.2
1197470 1839.2
1197480 1844.2
1197490 1848.5
1197500 1851.7
1197510 1851.7
1197520 1854.0
1197530 1855.5
1197540 1855.5
1197550 1856.2
1197560 1856.7
1197570 1856.7
1197580 1858.0
1197590 1857.9
1197600 1857.9
1197610 1857.1
1197620 1855.6
1197630 1855.6
1197640 1852.2
1197650 1848.8
1197660 1848.8
1197670 1846.8
1197680 1846.0
1197690 1846.0
1197700 1845.6
1197710 1845.8
1197720 1846.6
1197730 1846.6
1197740 1847.0
1197750 1846.2
1197760 1846.2
1197770 1844.4
1197780 1840.5
1197790 1843.9
1197800 1840.4
1197810 1836.8
1197820 1836.8
1197830 1834.6
1197840 1833.8
1197850 1833.8
1197860 1832.6
1197870 1830.6
1197880 1830.6
1197890 1828.2
1197900 1825.3
1197910 1825.3
1197920 1822.0
1197930 1817.3
1197940 1817.3
1197950 1811.9
1197960 1807.5
1197970 1804.4
1197980 1804.4
1197990 1802.1
1198000 1799.2
1198010 1799.2
1198020 1795.0
1198030 1792.6
1198040 1792.6
1198050 1790.2
1198060 1788.3
1198070 1788.3
1198080 1786.0
1198090 1784.3
1198100 1784.3
1198110 1782.1
1198120 1778.9
1198130 1778.9
1198140 1774.0
1198150 1768.4
1198160 1768.4
1198170 1763.1
1198180 1758.4
1198190 1754.1
1198200 1754.1
1198210 1750.0
1198220 1745.8
1198230 1747.5
1198240 1743.5
1198250 1739.7
1198260 1739.7
1198270 1735.7
1198280 1731.6
1198290 1731.6
1198300 1727.5
1198310 1722.6
1198320 1722.6
1198330 1717.3
1198340 1710.9
1198350 1710.9
1198360 1704.6
1198370 1698.7
1198380 1698.7
1198390 1693.9
1198400 1689.0
1198410 1684.6
1198420 1684.6
1198430 1680.4
1198440 1676.4
1198450 1676.4
1198460 1671.8
1198470 1666.7
1198480 1666.7
1198490 1662.2
1198500 1657.7
1198510 1657.7
1198520 1652.5
1198530 1646.4
1198540 1646.4
1198550 1640.2
1198560 1634.9
1198570 1634.9
1198580 1631.1
1198590 1626.5
1198600 1626.5
1198610 1620.7
1198620 1614.7
1198630 1614.7
1198640 1608.8
1198650 1603.1
1198660 1597.7
1198670 1602.4
1198680 1597.1
1198690 1590.4
1198700 1590.4
1198710 1583.7
1198720 1576.6
1198730 1576.6
1198740 1570.6
1198750 1564.5
1198760 1564.5
1198770 1559.3
1198780 1554.3
1198790 1554.3
1198800 1549.9
1198810 1546.0
1198820 1546.0
1198830 1541.5
1198840 1536.5
1198850 1536.5
1198860 1530.4
1198870 1524.9
1198880 1522.3
1198890 1522.3
1198900 1520.9
1198910 1516.7
1198920 1516.7
1198930 1512.1
1198940 1507.6
1198950 1507.6
1198960 1502.9
1198970 1497.6
1198980 1497.6
1198990 1491.1
1199000 1483.7
1199010 1483.7
1199020 1477.9
1199030 1471.4
1199040 1471.4
1199050 1465.0
1199060 1458.3
1199070 1458.3
1199080 1451.4
1199090 1446.0
1199100 1446.0
1199110 1441.1
1199120 1441.1
1199130 1435.7
1199140 1435.7
1199150 1430.5
1199160 1424.5
1199170 1424.5
1199180 1417.6
1199190 1410.6
1199200 1410.6
1199210 1404.0
1199220 1395.2
1199230 1395.2
1199240 1386.0
1199250 1378.3
1199260 1378.3
1199270 1369.4
1199280 1361.4
1199290 1361.4
1199300 1353.6
1199310 1345.5
1199320 1345.5
1199330 1337.8
1199340 1331.1
1199350 1324.9
1199360 1324.9
1199370 1318.1
1199380 1312.1
1199390 1312.1
1199400 1304.4
1199410 1296.5
1199420 1296.5
1199430 1287.9
1199440 1279.0
1199450 1279.0
1199460 1271.4
1199470 1264.0
1199480 1264.0
1199490 1256.3
1199500 1248.1
1199510 1248.1
1199520 1239.9
1199530 1235.8
1199540 1235.8
1199550 1242.2
1199560 1251.5
1199570 1259.3
1199580 1259.3
1199590 1265.0
1199600 1265.4
1199610 1265.4
1199620 1259.4
1199630 1255.5
1199640 1255.5
1199650 1253.6
1199660 1248.1
1199670 1248.1
1199680 1243.2
1199690 1238.2
1199700 1238.2
1199710 1232.9
1199720 1228.0
1199730 1228.0
1199740 1222.6
1199750 1218.0
1199760 1218.0
1199770 1215.6
1199780 1214.0
1199790 1214.0
1199800 1212.9
1199810 1208.8
1199820 1202.9
1199830 1202.9
1199840 1196.4
1199850 1189.7
1199860 1189.7
1199870 1183.4
1199880 1177.8
1199890 1177.8
1199900 1172.9
1199910 1166.8
1199920 1166.8
1199930 1161.5
1199940 1161.0
1199950 1161.0
1199960 1161.6
1199970 1162.6
1199980 1162.6
1199990 1162.2
