1180000 1015.2
1180010 1018.5
1180020 1020.9
1180030 1020.9
1180040 1023.4
1180050 1025.9
1180060 1025.9
1180070 1027.9
1180080 1028.9
1180090 1028.9
1180100 1031.0
1180110 1034.4
1180120 1038.0
1180130 1038.0
1180140 1040.8
1180150 1043.5
1180160 1043.5
1180170 1047.4
1180180 1051.8
1180190 1051.8
1180200 1057.2
1180210 1062.9
1180220 1062.9
1180230 1067.7
1180240 1072.5
1180250 1072.5
1180260 1072.4
1180270 1074.8
1180280 1074.8
1180290 1077.3
1180300 1079.5
1180310 1079.5
1180320 1081.7
1180330 1083.9
1180340 1084.1
1180350 1084.1
1180360 1082.8
1180370 1084.6
1180380 1084.6
1180390 1088.2
1180400 1092.3
1180410 1092.3
1180420 1095.9
1180430 1097.3
1180440 1097.3
1180450 1099.8
1180460 1104.1
1180470 1104.1
1180480 1107.6
1180490 1110.4
1180500 1110.4
1180510 1112.9
1180520 1113.2
1180530 1113.2
1180540 1112.8
1180550 1114.4
1180560 1116.4
1180570 1116.4
1180580 1118.8
1180590 1122.5
1180600 1122.5
1180610 1126.9
1180620 1130.8
1180630 1130.8
1180640 1133.4
1180650 1135.8
1180660 1135.8
1180670 1137.6
1180680 1140.1
1180690 1140.1
1180700 1146.9
1180710 1153.9
1180720 1153.9
1180730 1160.5
1180740 1167.8
1180750 1167.8
1180760 1175.0
1180770 1178.3
1180780 1178.3
1180790 1182.2
1180800 1185.0
1180810 1188.0
1180820 1188.0
1180830 1190.2
1180840 1192.2
1180850 1192.2
1180860 1194.1
1180870 1195.8
1180880 1195.8
1180890 1196.9
1180900 1197.4
1180910 1197.4
1180920 1197.6
1180930 1197.8
1180940 1197.8
1180950 1198.0
1180960 1198.6
1180970 1198.6
1180980 1199.6
1180990 1200.8
1181000 1200.8
1181010 1202.3
1181020 1203.6
1181030 1205.0
1181040 1205.0
1181050 1206.9
1181060 1209.2
1181070 1209.2
1181080 1211.5
1181090 1214.3
1181100 1206.3
1181110 1209.2
1181120 1211.0
1181130 1211.0
1181140 1211.7
1181150 1212.5
1181160 1212.5
1181170 1213.2
1181180 1213.4
1181190 1213.4
1181200 1213.5
1181210 1213.5
1181220 1213.5
1181230 1213.5
1181240 1213.7
1181250 1213.7
1181260 1214.5
1181270 1214.6
1181280 1214.5
1181290 1214.5
1181300 1214.5
1181310 1214.7
1181320 1214.7
1181330 1215.0
1181340 1215.6
1181350 1215.6
1181360 1216.8
1181370 1218.1
1181380 1218.1
1181390 1218.8
1181400 1219.5
1181410 1219.5
1181420 1219.5
1181430 1219.4
1181440 1219.4
1181450 1220.1
1181460 1221.0
1181470 1221.0
1181480 1221.8
1181490 1222.8
1181500 1223.8
1181510 1223.8
1181520 1221.0
1181530 1221.1
1181540 1221.1
1181550 1221.3
1181560 1222.1
1181570 1222.1
1181580 1223.0
1181590 1223.9
1181600 1223.9
1181610 1225.0
1181620 1226.9
1181630 1226.9
1181640 1228.1
1181650 1228.7
1181660 1228.7
1181670 1229.2
1181680 1229.5
1181690 1229.5
1181700 1229.8
1181710 1229.9
1181720 1229.9
1181730 1229.5
1181740 1228.7
1181750 1227.3
1181760 1227.3
1181770 1224.5
1181780 1222.4
1181790 1222.4
1181800 1224.8
1181810 1228.5
1181820 1228.5
1181830 1231.1
1181840 1232.2
1181850 1232.2
1181860 1232.1
1181870 1231.5
1181880 1231.5
1181890 1230.5
1181900 1229.1
1181910 1229.1
1181920 1228.1
1181930 1226.9
1181940 1222.7
1181950 1221.5
1181960 1218.2
1181970 1215.3
1181980 1215.3
1181990 1211.3
1182000 1202.0
1182010 1202.0
1182020 1193.6
1182030 1197.0
1182040 1197.0
1182050 1202.8
1182060 1207.7
1182070 1207.7
1182080 1212.5
1182090 1216.4
1182100 1216.4
1182110 1221.6
1182120 1228.1
1182130 1228.1
1182140 1230.3
1182150 1230.3
1182160 1230.3
1182170 1229.7
1182180 1229.4
1182190 1229.6
1182200 1229.6
1182210 1229.8
1182220 1229.4
1182230 1229.4
1182240 1228.4
1182250 1227.4
1182260 1227.4
1182270 1228.1
1182280 1232.3
1182290 1232.3
1182300 1236.0
1182310 1237.6
1182320 1237.6
1182330 1238.2
1182340 1238.7
1182350 1238.7
1182360 1233.3
1182370 1233.5
1182380 1233.5
1182390 1233.4
1182400 1233.3
1182410 1233.3
1182420 1233.3
1182430 1233.5
1182440 1234.4
1182450 1234.4
1182460 1235.8
1182470 1237.2
1182480 1237.2
1182490 1238.2
1182500 1239.0
1182510 1239.0
1182520 1239.5
1182530 1239.9
1182540 1239.9
1182550 1240.4
1182560 1241.0
1182570 1241.0
1182580 1241.8
1182590 1242.9
1182600 1242.9
1182610 1243.5
1182620 1242.8
1182630 1242.8
1182640 1241.8
1182650 1241.5
1182660 1241.9
1182670 1241.9
1182680 1243.3
1182690 1244.6
1182700 1244.6
1182710 1244.9
1182720 1245.4
1182730 1245.4
1182740 1246.3
1182750 1246.6
1182760 1246.6
1182770 1246.1
1182780 1241.7
1182790 1241.7
1182800 1238.1
1182810 1239.8
1182820 1239.8
1182830 1242.8
1182840 1244.4
1182850 1244.4
1182860 1245.4
1182870 1246.5
1182880 1246.5
1182890 1247.7
1182900 1248.7
1182910 1249.9
1182920 1249.9
1182930 1251.3
1182940 1252.8
1182950 1252.8
1182960 1254.3
1182970 1255.8
1182980 1255.8
1182990 1257.4
1183000 1258.8
1183010 1258.8
1183020 1260.0
1183030 1261.0
1183040 1261.0
1183050 1262.1
1183060 1263.2
1183070 1263.2
1183080 1264.2
1183090 1264.9
1183100 1264.9
1183110 1265.8
1183120 1266.7
1183130 1267.6
1183140 1267.6
1183150 1268.3
1183160 1269.3
1183170 1269.3
1183180 1270.4
1183190 1271.3
1183200 1267.4
1183210 1268.6
1183220 1269.6
1183230 1269.6
1183240 1270.9
1183250 1272.4
1183260 1272.4
1183270 1273.9
1183280 1275.4
1183290 1275.4
1183300 1276.6
1183310 1277.8
1183320 1277.8
1183330 1279.3
1183340 1281.4
1183350 1283.9
1183360 1283.9
1183370 1286.5
1183380 1288.3
1183390 1288.3
1183400 1288.8
1183410 1290.4
1183420 1290.4
1183430 1292.3
1183440 1294.9
1183450 1294.9
1183460 1296.9
1183470 1298.4
1183480 1298.4
1183490 1299.3
1183500 1299.5
1183510 1299.5
1183520 1299.3
1183530 1299.4
1183540 1299.4
1183550 1299.7
1183560 1300.1
1183570 1300.1
1183580 1300.5
1183590 1300.9
1183600 1300.7
1183610 1300.7
1183620 1295.4
1183630 1295.2
1183640 1295.2
1183650 1294.1
1183660 1292.9
1183670 1292.9
1183680 1292.5
1183690 1291.9
1183700 1291.9
1183710 1291.4
1183720 1290.8
1183730 1290.8
1183740 1289.8
1183750 1288.5
1183760 1288.5
1183770 1287.3
1183780 1285.9
1183790 1285.9
1183800 1283.9
1183810 1282.3
1183820 1280.9
1183830 1280.9
1183840 1275.8
1183850 1267.4
1183860 1267.4
1183870 1258.3
1183880 1249.9
1183890 1249.9
1183900 1240.6
1183910 1230.5
1183920 1230.5
1183930 1221.8
1183940 1215.4
1183950 1215.4
1183960 1214.5
1183970 1220.9
1183980 1220.9
1183990 1228.9
1184000 1236.0
1184010 1236.0
1184020 1241.1
1184030 1243.4
1184040 1236.6
1184050 1239.3
1184060 1243.0
1184070 1249.2
1184080 1249.2
1184090 1254.7
1184100 1258.0
1184110 1258.0
1184120 1264.9
1184130 1268.8
1184140 1268.8
1184150 1273.8
1184160 1279.9
1184170 1279.9
1184180 1281.8
1184190 1281.2
1184200 1281.2
1184210 1282.8
1184220 1281.1
1184230 1281.1
1184240 1282.3
1184250 1285.7
1184260 1285.7
1184270 1289.2
1184280 1291.9
1184290 1294.6
1184300 1294.6
1184310 1297.4
1184320 1298.9
1184330 1298.9
1184340 1297.7
1184350 1298.7
1184360 1298.7
1184370 1304.0
1184380 1307.5
1184390 1307.5
1184400 1309.9
1184410 1311.1
1184420 1311.1
1184430 1311.3
1184440 1311.4
1184450 1311.4
1184460 1313.7
1184470 1316.9
1184480 1316.9
1184490 1319.4
1184500 1321.5
1184510 1321.5
1184520 1323.1
1184530 1324.6
1184540 1326.0
1184550 1326.0
1184560 1326.7
1184570 1326.3
1184580 1326.3
1184590 1326.9
1184600 1328.5
1184610 1328.5
1184620 1328.9
1184630 1328.3
1184640 1328.3
1184650 1328.9
1184660 1330.3
1184670 1330.3
1184680 1332.0
1184690 1334.1
1184700 1334.1
1184710 1336.4
1184720 1339.0
1184730 1339.0
1184740 1339.4
1184750 1341.3
1184760 1343.2
1184770 1343.2
1184780 1345.5
1184790 1347.3
1184800 1347.3
1184810 1348.8
1184820 1350.0
1184830 1350.0
1184840 1351.5
1184850 1352.4
1184860 1352.4
1184870 1353.3
1184880 1354.7
1184890 1351.7
1184900 1352.5
1184910 1353.9
1184920 1353.9
1184930 1354.0
1184940 1354.6
1184950 1354.6
1184960 1356.2
1184970 1358.0
1184980 1359.6
1184990 1359.6
1185000 1361.6
1185010 1363.4
1185020 1363.4
1185030 1365.3
1185040 1367.1
1185050 1367.1
1185060 1368.1
1185070 1368.5
1185080 1368.5
1185090 1368.9
1185100 1369.6
1185110 1369.6
1185120 1371.1
1185130 1372.8
1185140 1372.8
1185150 1374.7
1185160 1377.7
1185170 1377.7
1185180 1380.9
1185190 1383.3
1185200 1383.3
1185210 1384.6
1185220 1385.0
1185230 1386.6
1185240 1386.6
1185250 1388.1
1185260 1389.3
1185270 1389.3
1185280 1390.3
1185290 1391.9
1185300 1391.9
1185310 1390.7
1185320 1392.3
1185330 1392.3
1185340 1393.7
1185350 1395.5
1185360 1395.5
1185370 1398.5
1185380 1401.0
1185390 1401.0
1185400 1402.8
1185410 1403.7
1185420 1403.7
1185430 1404.8
1185440 1406.1
1185450 1406.9
1185460 1406.9
1185470 1408.3
1185480 1410.3
1185490 1410.3
1185500 1413.2
1185510 1416.4
1185520 1416.4
1185530 1420.3
1185540 1422.9
1185550 1422.9
1185560 1425.5
1185570 1427.5
1185580 1427.5
1185590 1428.7
1185600 1430.9
1185610 1430.9
1185620 1435.1
1185630 1441.8
1185640 1441.8
1185650 1452.9
1185660 1459.0
1185670 1459.0
1185680 1462.0
1185690 1463.9
1185700 1465.6
1185710 1465.6
1185720 1468.2
1185730 1471.1
1185740 1465.4
1185750 1468.5
1185760 1471.8
1185770 1471.8
1185780 1474.6
1185790 1477.8
1185800 1477.8
1185810 1479.9
1185820 1481.9
1185830 1481.9
1185840 1484.1
1185850 1486.3
1185860 1486.3
1185870 1486.6
1185880 1486.1
1185890 1486.1
1185900 1486.7
1185910 1488.2
1185920 1489.7
1185930 1489.7
1185940 1491.2
1185950 1492.2
1185960 1492.2
1185970 1493.5
1185980 1494.0
1185990 1494.0
1186000 1494.7
1186010 1496.1
1186020 1496.1
1186030 1498.5
1186040 1501.8
1186050 1501.8
1186060 1506.3
1186070 1511.2
1186080 1511.2
1186090 1513.7
1186100 1515.5
1186110 1515.5
1186120 1517.4
1186130 1518.9
1186140 1518.9
1186150 1521.0
1186160 1519.6
1186170 1523.8
1186180 1523.8
1186190 1526.8
1186200 1529.5
1186210 1529.5
1186220 1531.9
1186230 1534.5
1186240 1534.5
1186250 1536.8
1186260 1538.6
1186270 1538.6
1186280 1540.7
1186290 1541.7
1186300 1541.7
1186310 1544.3
1186320 1548.8
1186330 1548.8
1186340 1552.7
1186350 1555.4
1186360 1555.4
1186370 1558.7
1186380 1561.2
1186390 1562.0
1186400 1562.0
1186410 1562.8
1186420 1564.2
1186430 1564.2
1186440 1565.3
1186450 1566.7
1186460 1566.7
1186470 1568.7
1186480 1572.1
1186490 1572.1
1186500 1574.6
1186510 1575.3
1186520 1575.3
1186530 1575.8
1186540 1578.0
1186550 1578.0
1186560 1579.6
1186570 1579.4
1186580 1579.4
1186590 1578.4
1186600 1578.9
1186610 1578.9
1186620 1578.9
1186630 1578.7
1186640 1578.3
1186650 1578.3
1186660 1577.2
1186670 1575.9
1186680 1575.9
1186690 1574.5
1186700 1572.9
1186710 1572.9
1186720 1570.7
1186730 1568.0
1186740 1568.0
1186750 1564.9
1186760 1561.7
1186770 1561.7
1186780 1558.4
1186790 1554.7
1186800 1554.7
1186810 1552.1
1186820 1549.4
1186830 1549.4
1186840 1546.9
1186850 1546.3
1186860 1547.4
1186870 1547.4
1186880 1547.5
1186890 1545.8
1186900 1545.8
1186910 1543.3
1186920 1540.3
1186930 1540.3
1186940 1537.1
1186950 1535.9
1186960 1535.9
1186970 1535.5
1186980 1535.4
1186990 1535.4
1187000 1535.8
1187010 1535.1
1187020 1535.1
1187030 1536.0
1187040 1538.0
1187050 1538.0
1187060 1540.7
1187070 1542.4
1187080 1543.4
1187090 1543.4
1187100 1543.3
1187110 1541.4
1187120 1541.4
1187130 1539.7
1187140 1539.5
1187150 1539.5
1187160 1539.7
1187170 1539.3
1187180 1539.3
1187190 1536.9
1187200 1534.0
1187210 1534.0
1187220 1533.5
1187230 1533.4
1187240 1533.4
1187250 1533.7
1187260 1534.7
1187270 1534.7
1187280 1535.1
1187290 1535.4
1187300 1535.4
1187310 1535.8
1187320 1537.6
1187330 1540.7
1187340 1540.7
1187350 1543.4
1187360 1544.2
1187370 1544.2
1187380 1544.0
1187390 1544.3
1187400 1544.3
1187410 1544.7
1187420 1545.2
1187430 1545.2
1187440 1548.8
1187450 1549.3
1187460 1549.3
1187470 1549.4
1187480 1551.3
1187490 1551.3
1187500 1553.5
1187510 1555.0
1187520 1555.0
1187530 1554.9
1187540 1554.6
1187550 1554.6
1187560 1554.6
1187570 1553.4
1187580 1550.0
1187590 1550.0
1187600 1546.2
1187610 1545.0
1187620 1545.0
1187630 1545.4
1187640 1546.2
1187650 1546.2
1187660 1547.3
1187670 1547.4
1187680 1547.4
1187690 1547.5
1187700 1547.8
1187710 1547.8
1187720 1547.9
1187730 1547.4
1187740 1547.4
1187750 1547.3
1187760 1548.0
1187770 1550.5
1187780 1550.5
1187790 1554.3
1187800 1557.5
1187810 1557.5
1187820 1559.2
1187830 1559.7
1187840 1559.7
1187850 1560.3
1187860 1561.0
1187870 1561.5
1187880 1561.0
1187890 1560.3
1187900 1560.3
1187910 1559.7
1187920 1558.1
1187930 1558.1
1187940 1557.8
1187950 1558.8
1187960 1558.8
1187970 1557.7
1187980 1555.3
1187990 1555.3
1188000 1554.6
1188010 1554.6
1188020 1555.2
1188030 1555.2
1188040 1555.3
1188050 1554.7
1188060 1554.7
1188070 1552.8
1188080 1552.2
1188090 1552.2
1188100 1551.0
1188110 1547.6
1188120 1547.6
1188130 1543.7
1188140 1542.4
1188150 1542.4
1188160 1542.0
1188170 1542.1
1188180 1542.1
1188190 1541.4
1188200 1539.4
1188210 1539.4
1188220 1537.5
1188230 1536.2
1188240 1536.3
1188250 1536.3
1188260 1536.7
1188270 1535.9
1188280 1535.9
1188290 1535.3
1188300 1537.6
1188310 1537.6
1188320 1536.0
1188330 1534.2
1188340 1534.2
1188350 1531.7
1188360 1530.1
1188370 1530.1
1188380 1528.1
1188390 1525.8
1188400 1525.8
1188410 1523.3
1188420 1521.3
1188430 1521.3
1188440 1520.8
1188450 1518.3
1188460 1518.3
1188470 1515.6
1188480 1512.9
1188490 1509.1
1188500 1509.1
1188510 1506.2
1188520 1503.6
1188530 1503.6
1188540 1499.9
1188550 1497.4
1188560 1497.4
1188570 1495.0
1188580 1492.0
1188590 1492.0
1188600 1488.4
1188610 1484.3
1188620 1484.3
1188630 1482.1
1188640 1480.1
1188650 1480.1
1188660 1476.8
1188670 1473.7
1188680 1473.7
1188690 1472.0
1188700 1471.0
1188710 1468.2
1188720 1465.1
1188730 1456.3
1188740 1450.1
1188750 1450.1
1188760 1444.8
1188770 1439.7
1188780 1439.7
1188790 1433.8
1188800 1427.2
1188810 1427.2
1188820 1421.5
1188830 1418.2
1188840 1418.2
1188850 1416.2
1188860 1414.1
1188870 1414.1
1188880 1412.7
1188890 1410.5
1188900 1410.5
1188910 1407.5
1188920 1407.9
1188930 1407.9
1188940 1409.0
1188950 1410.7
1188960 1412.9
1188970 1412.9
1188980 1415.7
1188990 1417.5
1189000 1417.5
1189010 1418.2
1189020 1418.1
1189030 1418.1
1189040 1417.1
1189050 1415.5
1189060 1415.5
1189070 1413.0
1189080 1410.5
1189090 1410.5
1189100 1408.7
1189110 1407.4
1189120 1407.4
1189130 1407.0
1189140 1407.7
1189150 1411.0
1189160 1412.5
1189170 1412.6
1189180 1410.1
1189190 1410.1
1189200 1408.6
1189210 1407.7
1189220 1407.7
1189230 1407.3
1189240 1406.6
1189250 1406.6
1189260 1404.4
1189270 1401.1
1189280 1401.1
1189290 1397.9
1189300 1396.7
1189310 1396.7
1189320 1396.8
1189330 1396.2
1189340 1396.2
1189350 1396.1
1189360 1395.7
1189370 1395.7
1189380 1394.2
1189390 1393.9
1189400 1394.7
1189410 1394.7
1189420 1396.6
1189430 1400.8
1189440 1400.8
1189450 1405.4
1189460 1410.0
1189470 1410.0
1189480 1413.4
1189490 1416.9
1189500 1416.9
1189510 1419.9
1189520 1423.1
1189530 1423.1
1189540 1426.7
1189550 1430.2
1189560 1430.2
1189570 1432.1
1189580 1435.5
1189590 1435.5
1189600 1437.5
1189610 1439.1
1189620 1439.1
1189630 1441.5
1189640 1442.8
1189650 1446.2
1189660 1446.2
1189670 1452.8
1189680 1456.7
1189690 1456.7
1189700 1458.7
1189710 1462.3
1189720 1462.3
1189730 1464.9
1189740 1467.3
1189750 1467.3
1189760 1469.9
1189770 1475.1
1189780 1475.1
1189790 1480.1
1189800 1483.2
1189810 1483.2
1189820 1485.0
1189830 1487.5
1189840 1487.5
1189850 1492.0
1189860 1498.5
1189870 1512.6
1189880 1512.6
1189890 1519.0
1189900 1520.9
1189910 1520.9
1189920 1522.8
1189930 1525.6
1189940 1525.6
1189950 1528.1
1189960 1529.4
1189970 1529.4
1189980 1530.3
1189990 1530.2
1190000 1530.2
1190010 1528.0
1190020 1524.2
1190030 1524.2
1190040 1520.3
1190050 1522.0
1190060 1522.0
1190070 1525.1
1190080 1527.4
1190090 1527.4
1190100 1530.4
1190110 1534.1
1190120 1535.4
1190130 1535.4
1190140 1534.4
1190150 1533.7
1190160 1533.7
1190170 1535.7
1190180 1538.6
1190190 1538.6
1190200 1544.7
1190210 1547.0
1190220 1547.0
1190230 1547.5
1190240 1547.6
1190250 1547.6
1190260 1549.4
1190270 1553.3
1190280 1553.3
1190290 1554.0
1190300 1554.0
1190310 1554.0
1190320 1555.1
1190330 1555.1
1190340 1553.4
1190350 1553.4
1190360 1551.1
1190370 1547.9
1190380 1547.9
1190390 1540.4
1190400 1530.0
1190410 1530.0
1190420 1521.4
1190430 1517.3
1190440 1517.3
1190450 1514.0
1190460 1510.3
1190470 1510.3
1190480 1507.1
1190490 1506.0
1190500 1506.0
1190510 1505.0
1190520 1504.7
1190530 1504.7
1190540 1503.7
1190550 1501.9
1190560 1503.4
1190570 1503.4
1190580 1506.6
1190590 1509.6
1190600 1509.6
1190610 1512.1
1190620 1513.4
1190630 1513.4
1190640 1513.9
1190650 1514.1
1190660 1514.1
1190670 1513.7
1190680 1513.0
1190690 1513.0
1190700 1511.9
1190710 1512.1
1190720 1512.1
1190730 1513.1
1190740 1512.7
1190750 1512.7
1190760 1514.4
1190770 1517.6
1190780 1517.6
1190790 1521.5
1190800 1524.0
1190810 1525.8
1190820 1525.8
1190830 1529.5
1190840 1533.0
1190850 1533.0
1190860 1535.8
1190870 1537.7
1190880 1541.5
1190890 1546.4
1190900 1552.6
1190910 1552.6
1190920 1560.3
1190930 1565.5
1190940 1565.5
1190950 1567.8
1190960 1571.3
1190970 1571.3
1190980 1580.0
1190990 1584.2
1191000 1584.2
1191010 1582.0
1191020 1577.7
1191030 1578.9
1191040 1578.9
1191050 1575.2
1191060 1571.8
1191070 1571.8
1191080 1570.4
1191090 1570.4
1191100 1570.4
1191110 1570.5
1191120 1570.2
1191130 1570.2
1191140 1569.9
1191150 1570.4
1191160 1570.4
1191170 1572.7
1191180 1576.1
1191190 1576.1
1191200 1579.2
1191210 1581.7
1191220 1581.7
1191230 1582.9
1191240 1583.7
1191250 1583.7
1191260 1584.2
1191270 1584.0
1191280 1584.1
1191290 1584.1
1191300 1584.7
1191310 1590.5
1191320 1590.5
1191330 1591.3
1191340 1592.3
1191350 1592.3
1191360 1594.4
1191370 1597.8
1191380 1597.8
1191390 1599.9
1191400 1599.5
1191410 1599.5
1191420 1598.5
1191430 1596.9
1191440 1596.9
1191450 1594.2
1191460 1589.9
1191470 1589.9
1191480 1584.9
1191490 1579.3
1191500 1574.6
1191510 1574.6
1191520 1572.5
1191530 1574.3
1191540 1574.3
1191550 1577.8
1191560 1581.9
1191570 1581.9
1191580 1586.7
1191590 1591.5
1191600 1591.5
1191610 1594.1
1191620 1592.7
1191630 1592.7
1191640 1598.1
1191650 1604.6
1191660 1604.6
1191670 1613.1
1191680 1622.6
1191690 1622.6
1191700 1626.5
1191710 1629.4
1191720 1629.4
1191730 1631.5
1191740 1632.3
1191750 1632.9
1191760 1632.9
1191770 1632.9
1191780 1632.4
1191790 1632.4
1191800 1632.4
1191810 1633.2
1191820 1633.2
1191830 1632.9
1191840 1631.6
1191850 1631.6
1191860 1630.9
1191870 1630.0
1191880 1630.0
1191890 1627.6
1191900 1625.4
1191910 1625.4
1191920 1622.5
1191930 1619.5
1191940 1619.5
1191950 1618.6
1191960 1619.3
1191970 1620.2
1191980 1620.2
1191990 1621.2
1192000 1622.7
1192010 1622.7
1192020 1624.8
1192030 1627.0
1192040 1627.0
1192050 1629.9
1192060 1633.3
1192070 1633.3
1192080 1637.2
1192090 1640.3
1192100 1640.3
1192110 1642.5
1192120 1644.0
1192130 1644.0
1192140 1646.2
1192150 1649.8
1192160 1649.8
1192170 1653.8
1192180 1660.0
1192190 1662.5
1192200 1662.5
1192210 1665.2
1192220 1667.7
1192230 1667.7
1192240 1669.1
1192250 1670.5
1192260 1670.5
1192270 1671.0
1192280 1671.7
1192290 1671.7
1192300 1673.5
1192310 1678.9
1192320 1678.9
1192330 1684.7
1192340 1688.1
1192350 1688.1
1192360 1690.4
1192370 1693.0
1192380 1693.0
1192390 1697.5
1192400 1703.8
1192410 1703.8
1192420 1710.6
1192430 1717.4
1192440 1724.3
1192450 1724.3
1192460 1731.6
1192470 1739.4
1192480 1739.4
1192490 1748.2
1192500 1757.4
1192510 1757.4
1192520 1765.0
1192530 1772.2
1192540 1772.2
1192550 1779.2
1192560 1784.1
1192570 1784.1
1192580 1788.2
1192590 1793.3
1192600 1793.3
1192610 1801.7
1192620 1806.0
1192630 1806.0
1192640 1810.7
1192650 1815.9
1192660 1822.3
1192670 1822.3
1192680 1829.7
1192690 1834.5
1192700 1834.5
1192710 1838.6
1192720 1842.9
1192730 1842.9
1192740 1847.3
1192750 1853.1
1192760 1853.1
1192770 1858.5
1192780 1862.2
1192790 1862.2
1192800 1865.5
1192810 1869.2
1192820 1869.2
1192830 1872.7
1192840 1875.8
1192850 1875.8
1192860 1878.4
1192870 1881.3
1192880 1881.3
1192890 1883.5
1192900 1883.1
1192910 1881.4
1192920 1881.4
1192930 1880.6
1192940 1880.7
1192950 1880.7
1192960 1881.6
1192970 1883.9
1192980 1883.9
1192990 1887.7
1193000 1891.3
1193010 1891.3
1193020 1894.8
1193030 1898.0
1193040 1898.0
1193050 1908.7
1193060 1908.2
1193070 1908.2
1193080 1909.2
1193090 1911.3
1193100 1911.3
1193110 1914.1
1193120 1917.9
1193130 1921.8
1193140 1921.8
1193150 1926.0
1193160 1931.8
1193170 1931.8
1193180 1936.2
1193190 1939.1
1193200 1939.1
1193210 1941.9
1193220 1944.9
1193230 1944.9
1193240 1948.7
1193250 1952.2
1193260 1952.2
1193270 1955.1
1193280 1958.6
1193290 1958.6
1193300 1962.2
1193310 1965.7
1193320 1965.7
1193330 1969.3
1193340 1972.7
1193350 1976.3
1193360 1976.3
1193370 1980.3
1193380 1983.7
1193390 1983.7
1193400 1987.3
1193410 1991.6
1193420 1991.6
1193430 1995.8
1193440 1999.5
1193450 1999.5
1193460 2003.2
1193470 2007.3
1193480 2011.8
1193490 2015.4
1193500 2018.9
1193510 2018.9
1193520 2022.5
1193530 2026.5
1193540 2026.5
1193550 2030.5
1193560 2035.0
1193570 2035.0
1193580 2040.0
1193590 2045.1
1193600 2050.5
1193610 2050.5
1193620 2055.6
1193630 2060.6
1193640 2060.6
1193650 2065.1
1193660 2069.9
1193670 2069.9
1193680 2074.4
1193690 2078.6
1193700 2078.6
1193710 2082.9
1193720 2087.9
1193730 2087.9
1193740 2092.3
1193750 2096.3
1193760 2096.3
1193770 2099.8
1193780 2103.3
1193790 2103.3
1193800 2106.7
1193810 2110.1
1193820 2114.4
1193830 2114.4
1193840 2118.7
1193850 2123.5
1193860 2123.5
1193870 2128.8
1193880 2133.5
1193890 2133.5
1193900 2138.6
1193910 2142.8
1193920 2148.8
1193930 2152.4
1193940 2156.3
1193950 2156.3
1193960 2159.2
1193970 2161.9
1193980 2161.9
1193990 2164.6
1194000 2167.5
1194010 2167.5
1194020 2170.5
1194030 2172.8
1194040 2172.8
1194050 2174.6
1194060 2176.6
1194070 2178.1
1194080 2178.1
1194090 2180.5
1194100 2182.8
1194110 2182.8
1194120 2184.5
1194130 2186.9
1194140 2186.9
1194150 2189.1
1194160 2192.4
1194170 2192.4
1194180 2197.5
1194190 2203.2
1194200 2203.2
1194210 2209.9
1194220 2217.1
1194230 2217.1
1194240 2224.2
1194250 2231.6
1194260 2231.6
1194270 2236.9
1194280 2242.7
1194290 2247.1
1194300 2247.1
1194310 2250.3
1194320 2250.9
1194330 2250.9
1194340 2248.3
1194350 2246.9
1194360 2251.2
1194370 2250.5
1194380 2251.2
1194390 2251.2
1194400 2252.1
1194410 2251.9
1194420 2251.9
1194430 2249.8
1194440 2244.7
1194450 2244.7
1194460 2237.8
1194470 2232.0
1194480 2232.0
1194490 2228.2
1194500 2225.4
1194510 2223.4
1194520 2223.4
1194530 2221.6
1194540 2219.6
1194550 2219.6
1194560 2216.2
1194570 2211.9
1194580 2211.9
1194590 2207.9
1194600 2201.6
1194610 2201.6
1194620 2193.8
1194630 2186.6
1194640 2186.6
1194650 2180.0
1194660 2175.1
1194670 2175.1
1194680 2170.9
1194690 2167.3
1194700 2167.3
1194710 2163.7
1194720 2158.1
1194730 2158.1
1194740 2152.3
1194750 2147.1
1194760 2142.1
1194770 2142.1
1194780 2136.3
1194790 2130.5
1194800 2133.3
1194810 2128.5
1194820 2123.4
1194830 2123.4
1194840 2118.2
1194850 2113.2
1194860 2113.2
1194870 2108.0
1194880 2102.1
1194890 2102.1
1194900 2094.0
1194910 2086.2
1194920 2086.2
1194930 2078.0
1194940 2070.4
1194950 2070.4
1194960 2062.5
1194970 2055.5
1194980 2048.7
1194990 2048.7
1195000 2042.1
1195010 2035.5
1195020 2035.5
1195030 2028.6
1195040 2023.0
1195050 2023.0
1195060 2018.2
1195070 2012.8
1195080 2012.8
1195090 2007.3
1195100 2001.9
1195110 2001.9
1195120 1995.1
1195130 1986.3
1195140 1986.3
1195150 1978.8
1195160 1974.4
1195170 1974.4
1195180 1969.8
1195190 1965.4
1195200 1965.4
1195210 1960.5
1195220 1955.8
1195230 1958.5
1195240 1958.5
1195250 1955.0
1195260 1952.2
1195270 1952.2
1195280 1949.0
1195290 1945.1
1195300 1945.1
1195310 1940.5
1195320 1936.2
1195330 1936.2
1195340 1932.1
1195350 1928.4
1195360 1928.4
1195370 1924.0
1195380 1918.7
1195390 1918.7
1195400 1914.1
1195410 1911.2
1195420 1911.2
1195430 1907.4
1195440 1903.3
1195450 1899.7
1195460 1899.7
1195470 1896.3
1195480 1892.5
1195490 1892.5
1195500 1887.5
1195510 1882.3
1195520 1882.3
1195530 1877.3
1195540 1872.0
1195550 1872.0
1195560 1866.4
1195570 1863.4
1195580 1863.4
1195590 1863.0
1195600 1861.7
1195610 1861.7
1195620 1857.1
1195630 1851.2
1195640 1851.2
1195650 1845.1
1195660 1838.3
1195670 1843.1
1195680 1838.5
1195690 1836.5
1195700 1837.1
1195710 1837.1
1195720 1838.2
1195730 1838.8
1195740 1838.8
1195750 1838.8
1195760 1838.1
1195770 1838.1
1195780 1836.9
1195790 1836.5
1195800 1836.5
1195810 1836.6
1195820 1836.3
1195830 1836.3
1195840 1836.5
1195850 1836.5
1195860 1836.5
1195870 1835.9
1195880 1834.8
1195890 1834.8
1195900 1832.4
1195910 1829.7
1195920 1826.1
1195930 1826.1
1195940 1820.5
1195950 1815.4
1195960 1815.4
1195970 1810.8
1195980 1806.1
1195990 1806.1
1196000 1801.3
1196010 1796.1
1196020 1796.1
1196030 1790.7
1196040 1784.6
1196050 1784.6
1196060 1779.8
1196070 1772.6
1196080 1772.6
1196090 1765.6
1196100 1759.4
1196110 1765.1
1196120 1759.4
1196130 1753.3
1196140 1746.8
1196150 1746.8
1196160 1741.4
1196170 1736.6
1196180 1736.6
1196190 1731.8
1196200 1727.1
1196210 1727.1
1196220 1722.3
1196230 1717.1
1196240 1717.1
1196250 1711.0
1196260 1705.5
1196270 1705.5
1196280 1700.4
1196290 1695.2
1196300 1695.2
1196310 1691.7
1196320 1690.4
1196330 1690.4
1196340 1689.4
1196350 1689.8
1196360 1689.8
1196370 1689.6
1196380 1689.8
1196390 1690.1
1196400 1690.1
1196410 1689.4
1196420 1689.6
1196430 1689.6
1196440 1692.0
1196450 1695.0
1196460 1695.0
1196470 1702.7
1196480 1714.0
1196490 1714.0
1196500 1722.4
1196510 1723.9
1196520 1723.9
1196530 1720.0
1196540 1715.3
1196550 1730.4
1196560 1737.1
1196570 1738.0
1196580 1738.0
1196590 1738.6
1196600 1738.1
1196610 1738.2
1196620 1738.2
1196630 1736.3
1196640 1733.3
1196650 1733.3
1196660 1733.7
1196670 1733.3
1196680 1733.3
1196690 1731.3
1196700 1730.0
1196710 1730.0
1196720 1730.5
1196730 1730.3
1196740 1730.3
1196750 1729.3
1196760 1728.3
1196770 1728.3
1196780 1727.1
1196790 1724.9
1196800 1724.9
1196810 1721.6
1196820 1716.7
1196830 1716.7
1196840 1710.6
1196850 1704.6
1196860 1699.3
1196870 1699.3
1196880 1693.4
1196890 1686.9
1196900 1686.9
1196910 1679.8
1196920 1672.0
1196930 1672.0
1196940 1664.8
1196950 1658.4
1196960 1658.4
1196970 1652.9
1196980 1646.7
1196990 1645.7
1197000 1638.5
1197010 1631.9
1197020 1631.9
1197030 1625.6
1197040 1619.4
1197050 1619.4
1197060 1613.2
1197070 1606.9
1197080 1599.9
1197090 1599.9
1197100 1592.4
1197110 1585.3
1197120 1585.3
1197130 1577.7
1197140 1570.8
1197150 1570.8
1197160 1564.5
1197170 1560.4
1197180 1560.4
1197190 1557.5
1197200 1558.4
1197210 1558.4
1197220 1561.4
1197230 1565.9
1197240 1565.9
1197250 1572.6
1197260 1581.0
1197270 1581.0
1197280 1589.7
1197290 1596.7
1197300 1603.3
1197310 1603.3
1197320 1610.8
1197330 1618.5
1197340 1618.5
1197350 1624.7
1197360 1630.5
1197370 1630.5
1197380 1635.8
1197390 1640.9
1197400 1640.9
1197410 1645.1
1197420 1647.6
1197430 1647.6
1197440 1655.0
1197450 1658.9
1197460 1658.9
1197470 1659.8
1197480 1660.1
1197490 1660.1
1197500 1659.1
1197510 1656.1
1197520 1656.1
1197530 1654.4
1197540 1655.7
1197550 1662.6
1197560 1662.6
1197570 1668.7
1197580 1670.0
1197590 1670.0
1197600 1668.8
1197610 1668.5
1197620 1668.5
1197630 1668.4
1197640 1668.1
1197650 1668.1
1197660 1667.2
1197670 1664.3
1197680 1664.3
1197690 1661.1
1197700 1659.0
1197710 1659.0
1197720 1658.6
1197730 1660.3
1197740 1660.3
1197750 1661.1
1197760 1659.1
1197770 1654.9
1197780 1654.9
1197790 1651.5
1197800 1650.8
1197810 1650.8
1197820 1653.5
1197830 1655.2
1197840 1655.2
1197850 1656.2
1197860 1655.7
1197870 1655.7
1197880 1658.9
1197890 1656.3
1197900 1656.3
1197910 1654.0
1197920 1652.3
1197930 1652.3
1197940 1649.8
1197950 1646.6
1197960 1646.6
1197970 1644.5
1197980 1643.4
1197990 1643.4
1198000 1643.1
1198010 1642.8
1198020 1640.3
1198030 1640.3
1198040 1637.1
1198050 1635.1
1198060 1635.1
1198070 1633.9
1198080 1630.0
1198090 1630.0
1198100 1625.5
1198110 1619.5
1198120 1619.5
1198130 1612.2
1198140 1605.1
1198150 1605.1
1198160 1596.9
1198170 1589.1
1198180 1589.1
1198190 1583.2
1198200 1578.5
1198210 1578.5
1198220 1574.7
1198230 1570.0
1198240 1564.9
1198250 1564.9
1198260 1559.9
1198270 1557.1
1198280 1557.1
1198290 1554.3
1198300 1550.4
1198310 1550.4
1198320 1554.3
1198330 1551.5
1198340 1551.5
1198350 1547.6
1198360 1541.0
1198370 1541.0
1198380 1534.1
1198390 1528.7
1198400 1528.7
1198410 1524.7
1198420 1520.0
1198430 1520.0
1198440 1512.2
1198450 1505.6
1198460 1497.5
1198470 1497.5
1198480 1488.4
1198490 1477.2
1198500 1477.2
1198510 1468.8
1198520 1464.2
1198530 1464.2
1198540 1458.6
1198550 1456.3
1198560 1456.3
1198570 1453.5
1198580 1450.5
1198590 1450.5
1198600 1448.4
1198610 1445.1
1198620 1445.1
1198630 1439.4
1198640 1431.2
1198650 1431.2
1198660 1419.8
1198670 1403.7
1198680 1403.7
1198690 1388.4
1198700 1376.0
1198710 1360.3
1198720 1360.3
1198730 1350.4
1198740 1341.8
1198750 1341.8
1198760 1331.7
1198770 1325.1
1198780 1325.1
1198790 1316.2
1198800 1307.6
1198810 1307.6
1198820 1299.7
1198830 1292.6
1198840 1292.6
1198850 1290.5
1198860 1287.1
1198870 1287.1
1198880 1280.6
1198890 1274.4
1198900 1274.4
1198910 1266.9
1198920 1259.3
1198930 1252.8
1198940 1252.8
1198950 1245.4
1198960 1236.9
1198970 1236.9
1198980 1227.1
1198990 1217.0
1199000 1217.0
1199010 1208.9
1199020 1202.5
1199030 1202.5
1199040 1197.7
1199050 1192.9
1199060 1192.9
1199070 1188.8
1199080 1185.8
1199090 1185.8
1199100 1184.3
1199110 1183.2
1199120 1183.2
1199130 1177.6
1199140 1171.0
1199150 1171.0
1199160 1164.1
1199170 1158.2
1199180 1154.7
1199190 1154.7
1199200 1151.7
1199210 1153.9
1199220 1153.9
1199230 1153.5
1199240 1159.3
1199250 1159.3
1199260 1163.3
1199270 1168.9
1199280 1168.9
1199290 1171.5
1199300 1171.1
1199310 1171.1
1199320 1170.0
1199330 1168.0
1199340 1168.0
1199350 1165.6
1199360 1162.6
1199370 1162.6
1199380 1159.4
1199390 1155.4
1199400 1150.6
1199410 1150.6
1199420 1146.3
1199430 1140.8
1199440 1140.8
1199450 1135.0
1199460 1130.8
1199470 1130.8
1199480 1128.0
1199490 1123.9
1199500 1123.9
1199510 1118.3
1199520 1111.5
1199530 1111.5
1199540 1106.5
1199550 1102.3
1199560 1102.3
1199570 1099.3
1199580 1096.6
1199590 1096.6
1199600 1093.6
1199610 1089.6
1199620 1086.0
1199630 1086.0
1199640 1082.7
1199650 1079.6
1199660 1084.6
1199670 1080.9
1199680 1081.2
1199690 1081.2
1199700 1082.1
1199710 1082.8
1199720 1082.8
1199730 1083.3
1199740 1083.9
1199750 1083.9
1199760 1083.8
1199770 1084.1
1199780 1084.1
1199790 1083.5
1199800 1083.0
1199810 1083.0
1199820 1083.0
1199830 1081.7
1199840 1081.7
1199850 1079.7
1199860 1080.9
1199870 1084.2
1199880 1084.2
1199890 1088.1
1199900 1094.6
1199910 1094.6
1199920 1101.5
1199930 1109.5
1199940 1109.5
1199950 1117.1
1199960 1122.9
1199970 1122.9
1199980 1127.9
1199990 1135.1
