1180000 883.4
1180010 883.4
1180020 886.0
1180030 889.9
1180040 895.2
1180050 895.2
1180060 899.1
1180070 902.7
1180080 902.7
1180090 906.9
1180100 911.2
1180110 911.2
1180120 915.8
1180130 919.9
1180140 914.1
1180150 919.4
1180160 923.9
1180170 923.9
1180180 928.4
1180190 932.7
1180200 932.7
1180210 936.7
1180220 940.8
1180230 940.8
1180240 945.3
1180250 950.3
1180260 950.3
1180270 956.0
1180280 962.0
1180290 967.8
1180300 967.8
1180310 974.1
1180320 979.6
1180330 979.6
1180340 984.8
1180350 990.4
1180360 990.4
1180370 995.7
1180380 1000.2
1180390 1000.2
1180400 1004.0
1180410 1009.9
1180420 1009.9
1180430 1016.3
1180440 1021.4
1180450 1021.4
1180460 1026.0
1180470 1029.9
1180480 1029.9
1180490 1033.3
1180500 1039.2
1180510 1045.9
1180520 1045.9
1180530 1051.4
1180540 1056.5
1180550 1056.5
1180560 1059.0
1180570 1062.5
1180580 1062.5
1180590 1066.5
1180600 1072.1
1180610 1072.1
1180620 1077.1
1180630 1080.3
1180640 1080.3
1180650 1084.1
1180660 1087.7
1180670 1087.7
1180680 1092.3
1180690 1098.3
1180700 1098.3
1180710 1101.9
1180720 1104.5
1180730 1106.8
1180740 1106.8
1180750 1108.8
1180760 1111.2
1180770 1111.2
1180780 1114.0
1180790 1116.6
1180800 1116.6
1180810 1118.8
1180820 1120.6
1180830 1120.6
1180840 1122.2
1180850 1122.9
1180860 1122.9
1180870 1123.5
1180880 1124.1
1180890 1124.1
1180900 1124.6
1180910 1125.0
1180920 1125.0
1180930 1126.2
1180940 1128.1
1180950 1128.1
1180960 1129.4
1180970 1129.9
1180980 1126.1
1180990 1126.1
1181000 1126.3
1181010 1126.5
1181020 1126.5
1181030 1126.8
1181040 1127.1
1181050 1127.1
1181060 1127.6
1181070 1128.7
1181080 1128.7
1181090 1130.4
1181100 1132.3
1181110 1132.3
1181120 1133.9
1181130 1135.3
1181140 1135.3
1181150 1136.5
1181160 1137.6
1181170 1137.6
1181180 1138.9
1181190 1140.2
1181200 1141.3
1181210 1141.3
1181220 1142.0
1181230 1142.1
1181240 1142.1
1181250 1141.7
1181260 1141.1
1181270 1141.1
1181280 1140.3
1181290 1139.0
1181300 1139.0
1181310 1136.6
1181320 1133.6
1181330 1133.6
1181340 1130.1
1181350 1126.8
1181360 1126.8
1181370 1124.2
1181380 1121.9
1181390 1117.5
1181400 1114.0
1181410 1112.5
1181420 1112.5
1181430 1112.7
1181440 1112.8
1181450 1112.4
1181460 1112.4
1181470 1111.9
1181480 1111.5
1181490 1111.5
1181500 1110.6
1181510 1110.7
1181520 1110.7
1181530 1110.9
1181540 1110.8
1181550 1110.8
1181560 1111.1
1181570 1111.8
1181580 1111.8
1181590 1112.2
1181600 1112.7
1181610 1112.7
1181620 1113.4
1181630 1114.2
1181640 1114.2
1181650 1114.6
1181660 1115.5
1181670 1117.0
1181680 1117.0
1181690 1118.8
1181700 1120.6
1181710 1120.6
1181720 1121.3
1181730 1121.9
1181740 1121.9
1181750 1123.2
1181760 1124.6
1181770 1124.6
1181780 1125.5
1181790 1126.1
1181800 1126.1
1181810 1123.0
1181820 1123.0
1181830 1123.0
1181840 1123.0
1181850 1123.1
1181860 1123.1
1181870 1123.6
1181880 1124.4
1181890 1125.1
1181900 1125.1
1181910 1125.6
1181920 1126.3
1181930 1126.3
1181940 1127.4
1181950 1128.2
1181960 1128.2
1181970 1129.1
1181980 1129.7
1181990 1129.7
1182000 1130.4
1182010 1131.0
1182020 1131.0
1182030 1131.4
1182040 1131.6
1182050 1131.6
1182060 1131.8
1182070 1132.0
1182080 1132.0
1182090 1131.3
1182100 1126.5
1182110 1126.5
1182120 1126.9
1182130 1126.2
1182140 1127.9
1182150 1127.9
1182160 1130.6
1182170 1130.2
1182180 1130.2
1182190 1130.0
1182200 1129.9
1182210 1129.9
1182220 1129.3
1182230 1125.4
1182240 1125.4
1182250 1125.9
1182260 1127.5
1182270 1127.5
1182280 1129.5
1182290 1130.5
1182300 1130.5
1182310 1131.0
1182320 1131.3
1182330 1131.3
1182340 1131.1
1182350 1130.4
1182360 1129.2
1182370 1129.2
1182380 1128.2
1182390 1127.6
1182400 1127.6
1182410 1127.9
1182420 1129.2
1182430 1129.2
1182440 1131.1
1182450 1134.3
1182460 1134.3
1182470 1137.1
1182480 1138.2
1182490 1138.2
1182500 1138.5
1182510 1138.3
1182520 1138.3
1182530 1137.8
1182540 1138.1
1182550 1138.1
1182560 1138.3
1182570 1138.8
1182580 1138.8
1182590 1139.9
1182600 1141.9
1182610 1143.6
1182620 1143.6
1182630 1144.5
1182640 1145.3
1182650 1141.6
1182660 1146.2
1182670 1148.8
1182680 1148.8
1182690 1151.4
1182700 1153.7
1182710 1153.7
1182720 1155.3
1182730 1156.7
1182740 1156.7
1182750 1157.6
1182760 1158.1
1182770 1158.1
1182780 1158.5
1182790 1159.4
1182800 1159.4
1182810 1160.6
1182820 1161.5
1182830 1162.4
1182840 1162.4
1182850 1163.3
1182860 1164.9
1182870 1164.9
1182880 1166.3
1182890 1167.7
1182900 1167.7
1182910 1169.0
1182920 1171.1
1182930 1171.1
1182940 1172.7
1182950 1173.8
1182960 1173.8
1182970 1175.1
1182980 1175.8
1182990 1175.8
1183000 1176.6
1183010 1178.1
1183020 1178.1
1183030 1179.3
1183040 1181.3
1183050 1184.5
1183060 1184.5
1183070 1181.8
1183080 1184.5
1183090 1184.5
1183100 1186.1
1183110 1186.8
1183120 1186.8
1183130 1187.7
1183140 1188.5
1183150 1188.5
1183160 1190.3
1183170 1191.9
1183180 1191.9
1183190 1193.4
1183200 1195.5
1183210 1195.5
1183220 1198.1
1183230 1200.7
1183240 1200.7
1183250 1203.2
1183260 1205.5
1183270 1205.5
1183280 1207.9
1183290 1210.7
1183300 1213.6
1183310 1213.6
1183320 1215.5
1183330 1216.0
1183340 1216.0
1183350 1216.3
1183360 1217.1
1183370 1217.1
1183380 1218.3
1183390 1220.0
1183400 1220.0
1183410 1220.8
1183420 1220.9
1183430 1220.9
1183440 1221.0
1183450 1221.3
1183460 1221.3
1183470 1222.4
1183480 1224.3
1183490 1224.3
1183500 1222.1
1183510 1222.0
1183520 1222.6
1183530 1222.6
1183540 1223.7
1183550 1224.6
1183560 1224.6
1183570 1225.1
1183580 1225.1
1183590 1225.1
1183600 1226.0
1183610 1227.8
1183620 1227.8
1183630 1227.6
1183640 1226.9
1183650 1226.9
1183660 1227.1
1183670 1227.6
1183680 1227.6
1183690 1228.0
1183700 1228.0
1183710 1228.0
1183720 1227.4
1183730 1226.8
1183740 1226.8
1183750 1226.6
1183760 1226.9
1183770 1227.8
1183780 1227.8
1183790 1228.7
1183800 1229.4
1183810 1229.4
1183820 1229.5
1183830 1229.0
1183840 1229.0
1183850 1227.5
1183860 1222.2
1183870 1222.2
1183880 1215.0
1183890 1208.9
1183900 1208.9
1183910 1204.2
1183920 1199.7
1183930 1199.7
1183940 1187.6
1183950 1186.2
1183960 1186.2
1183970 1198.7
1183980 1205.8
1183990 1209.5
1184000 1209.5
1184010 1210.3
1184020 1211.2
1184030 1211.2
1184040 1214.3
1184050 1215.8
1184060 1215.8
1184070 1216.8
1184080 1218.5
1184090 1218.5
1184100 1221.1
1184110 1223.0
1184120 1223.0
1184130 1223.2
1184140 1224.0
1184150 1224.0
1184160 1225.4
1184170 1226.9
1184180 1226.9
1184190 1228.4
1184200 1230.7
1184210 1230.7
1184220 1233.5
1184230 1235.9
1184240 1238.0
1184250 1238.0
1184260 1239.8
1184270 1241.4
1184280 1241.4
1184290 1242.7
1184300 1243.9
1184310 1243.9
1184320 1245.2
1184330 1246.8
1184340 1245.0
1184350 1246.9
1184360 1249.4
1184370 1249.4
1184380 1251.4
1184390 1253.3
1184400 1253.3
1184410 1255.4
1184420 1257.5
1184430 1257.5
1184440 1259.4
1184450 1261.1
1184460 1263.2
1184470 1263.2
1184480 1265.0
1184490 1266.8
1184500 1266.8
1184510 1268.5
1184520 1269.9
1184530 1269.9
1184540 1270.8
1184550 1271.7
1184560 1271.7
1184570 1273.2
1184580 1274.6
1184590 1274.6
1184600 1276.7
1184610 1279.8
1184620 1279.8
1184630 1282.1
1184640 1284.5
1184650 1284.5
1184660 1287.7
1184670 1291.2
1184680 1294.0
1184690 1294.0
1184700 1296.8
1184710 1299.1
1184720 1299.1
1184730 1300.4
1184740 1301.3
1184750 1301.3
1184760 1296.6
1184770 1298.0
1184780 1298.0
1184790 1299.7
1184800 1301.4
1184810 1301.4
1184820 1303.2
1184830 1304.4
1184840 1304.4
1184850 1305.0
1184860 1305.8
1184870 1305.8
1184880 1306.1
1184890 1306.7
1184900 1306.7
1184910 1308.1
1184920 1310.0
1184930 1311.7
1184940 1311.7
1184950 1312.8
1184960 1313.5
1184970 1313.5
1184980 1314.1
1184990 1315.0
1185000 1315.0
1185010 1316.2
1185020 1317.8
1185030 1317.8
1185040 1320.0
1185050 1322.6
1185060 1322.6
1185070 1325.0
1185080 1326.0
1185090 1326.0
1185100 1325.5
1185110 1326.7
1185120 1326.7
1185130 1329.2
1185140 1330.7
1185150 1331.5
1185160 1331.5
1185170 1333.2
1185180 1335.9
1185190 1330.6
1185200 1333.2
1185210 1334.1
1185220 1334.1
1185230 1334.9
1185240 1336.4
1185250 1336.4
1185260 1337.5
1185270 1338.7
1185280 1338.7
1185290 1338.3
1185300 1337.2
1185310 1337.2
1185320 1336.1
1185330 1334.4
1185340 1334.4
1185350 1333.1
1185360 1333.7
1185370 1333.7
1185380 1336.3
1185390 1338.2
1185400 1339.0
1185410 1339.0
1185420 1340.4
1185430 1344.0
1185440 1344.0
1185450 1347.8
1185460 1349.6
1185470 1349.6
1185480 1349.8
1185490 1351.1
1185500 1351.1
1185510 1353.1
1185520 1354.7
1185530 1354.7
1185540 1357.1
1185550 1360.6
1185560 1360.6
1185570 1363.3
1185580 1365.5
1185590 1365.5
1185600 1369.1
1185610 1366.2
1185620 1366.8
1185630 1366.8
1185640 1368.0
1185650 1370.9
1185660 1370.9
1185670 1373.7
1185680 1376.2
1185690 1376.2
1185700 1379.3
1185710 1382.3
1185720 1382.3
1185730 1384.0
1185740 1385.3
1185750 1385.3
1185760 1387.3
1185770 1388.8
1185780 1388.8
1185790 1391.2
1185800 1395.8
1185810 1395.8
1185820 1399.2
1185830 1401.4
1185840 1403.9
1185850 1403.9
1185860 1407.5
1185870 1412.1
1185880 1412.1
1185890 1416.0
1185900 1419.6
1185910 1419.6
1185920 1423.2
1185930 1426.9
1185940 1426.9
1185950 1430.3
1185960 1434.0
1185970 1434.0
1185980 1437.9
1185990 1441.4
1186000 1441.4
1186010 1444.6
1186020 1447.3
1186030 1447.3
1186040 1447.9
1186050 1451.2
1186060 1451.2
1186070 1454.0
1186080 1456.3
1186090 1457.5
1186100 1457.5
1186110 1458.3
1186120 1459.3
1186130 1459.3
1186140 1460.4
1186150 1461.5
1186160 1461.5
1186170 1462.6
1186180 1464.1
1186190 1464.1
1186200 1466.2
1186210 1469.2
1186220 1469.2
1186230 1472.5
1186240 1476.1
1186250 1476.1
1186260 1480.6
1186270 1485.1
1186280 1485.1
1186290 1489.6
1186300 1493.9
1186310 1498.7
1186320 1498.7
1186330 1504.3
1186340 1511.8
1186350 1511.8
1186360 1517.5
1186370 1521.6
1186380 1521.6
1186390 1524.6
1186400 1527.1
1186410 1527.1
1186420 1530.1
1186430 1533.4
1186440 1533.4
1186450 1535.9
1186460 1535.8
1186470 1535.8
1186480 1536.7
1186490 1538.4
1186500 1538.4
1186510 1540.3
1186520 1541.1
1186530 1541.1
1186540 1541.7
1186550 1542.5
1186560 1544.0
1186570 1544.0
1186580 1545.6
1186590 1546.6
1186600 1546.6
1186610 1548.4
1186620 1550.6
1186630 1550.6
1186640 1551.6
1186650 1550.5
1186660 1550.5
1186670 1547.3
1186680 1544.5
1186690 1544.5
1186700 1542.5
1186710 1541.0
1186720 1541.0
1186730 1539.9
1186740 1539.1
1186750 1539.1
1186760 1538.7
1186770 1538.2
1186780 1537.3
1186790 1537.3
1186800 1536.4
1186810 1535.4
1186820 1535.4
1186830 1534.4
1186840 1534.4
1186850 1534.4
1186860 1534.4
1186870 1533.8
1186880 1533.8
1186890 1536.8
1186900 1536.7
1186910 1536.7
1186920 1535.4
1186930 1534.3
1186940 1534.3
1186950 1534.4
1186960 1534.9
1186970 1534.9
1186980 1535.4
1186990 1535.7
1187000 1535.1
1187010 1535.1
1187020 1534.6
1187030 1534.9
1187040 1534.9
1187050 1535.1
1187060 1534.0
1187070 1534.0
1187080 1533.0
1187090 1532.3
1187100 1532.3
1187110 1532.0
1187120 1531.5
1187130 1531.5
1187140 1531.2
1187150 1530.9
1187160 1530.9
1187170 1530.6
1187180 1530.4
1187190 1530.4
1187200 1530.0
1187210 1529.7
1187220 1529.7
1187230 1529.5
1187240 1529.3
1187250 1529.1
1187260 1529.1
1187270 1529.0
1187280 1528.7
1187290 1528.7
1187300 1528.4
1187310 1528.3
1187320 1528.3
1187330 1528.1
1187340 1527.8
1187350 1527.8
1187360 1527.7
1187370 1527.2
1187380 1527.2
1187390 1526.5
1187400 1526.3
1187410 1526.3
1187420 1526.2
1187430 1526.0
1187440 1526.0
1187450 1525.9
1187460 1526.4
1187470 1527.0
1187480 1527.0
1187490 1526.9
1187500 1525.6
1187510 1525.6
1187520 1523.8
1187530 1523.4
1187540 1523.4
1187550 1523.5
1187560 1524.0
1187570 1524.0
1187580 1525.1
1187590 1527.1
1187600 1527.1
1187610 1528.3
1187620 1527.9
1187630 1527.9
1187640 1527.1
1187650 1527.1
1187660 1527.1
1187670 1528.7
1187680 1530.6
1187690 1530.6
1187700 1531.9
1187710 1531.5
1187720 1530.8
1187730 1530.8
1187740 1525.8
1187750 1525.9
1187760 1525.9
1187770 1524.0
1187780 1521.5
1187790 1521.5
1187800 1519.7
1187810 1519.1
1187820 1519.1
1187830 1518.7
1187840 1518.3
1187850 1518.3
1187860 1518.2
1187870 1518.3
1187880 1518.3
1187890 1517.8
1187900 1516.9
1187910 1516.9
1187920 1516.7
1187930 1517.1
1187940 1517.4
1187950 1517.4
1187960 1518.7
1187970 1520.1
1187980 1520.1
1187990 1519.8
1188000 1519.3
1188010 1519.3
1188020 1518.8
1188030 1517.7
1188040 1517.7
1188050 1517.5
1188060 1517.9
1188070 1517.9
1188080 1516.4
1188090 1516.4
1188100 1516.4
1188110 1516.9
1188120 1516.1
1188130 1516.1
1188140 1514.7
1188150 1513.4
1188160 1511.8
1188170 1512.2
1188180 1510.0
1188190 1507.2
1188200 1507.2
1188210 1503.5
1188220 1499.5
1188230 1499.5
1188240 1495.3
1188250 1491.5
1188260 1491.5
1188270 1488.8
1188280 1487.3
1188290 1487.3
1188300 1486.8
1188310 1486.2
1188320 1486.2
1188330 1483.7
1188340 1480.0
1188350 1480.0
1188360 1476.3
1188370 1472.0
1188380 1472.0
1188390 1469.4
1188400 1467.1
1188410 1464.7
1188420 1464.7
1188430 1461.7
1188440 1458.7
1188450 1458.7
1188460 1454.7
1188470 1451.0
1188480 1451.0
1188490 1448.2
1188500 1445.4
1188510 1445.4
1188520 1442.5
1188530 1440.9
1188540 1440.9
1188550 1439.5
1188560 1435.9
1188570 1435.9
1188580 1432.2
1188590 1429.6
1188600 1429.6
1188610 1428.8
1188620 1427.9
1188630 1426.9
1188640 1426.9
1188650 1425.6
1188660 1424.0
1188670 1424.0
1188680 1422.5
1188690 1421.5
1188700 1421.5
1188710 1423.0
1188720 1424.5
1188730 1424.5
1188740 1427.0
1188750 1429.2
1188760 1429.2
1188770 1428.5
1188780 1426.4
1188790 1426.4
1188800 1424.3
1188810 1422.6
1188820 1422.6
1188830 1421.4
1188840 1421.0
1188850 1421.0
1188860 1421.2
1188870 1421.9
1188880 1422.2
1188890 1422.2
1188900 1421.6
1188910 1420.2
1188920 1420.2
1188930 1417.3
1188940 1414.3
1188950 1414.3
1188960 1412.8
1188970 1411.5
1188980 1411.5
1188990 1409.5
1189000 1408.0
1189010 1408.0
1189020 1407.2
1189030 1407.3
1189040 1407.3
1189050 1406.9
1189060 1406.1
1189070 1406.1
1189080 1405.1
1189090 1404.1
1189100 1403.4
1189110 1403.4
1189120 1402.9
1189130 1402.5
1189140 1402.5
1189150 1402.3
1189160 1402.7
1189170 1402.7
1189180 1403.6
1189190 1405.7
1189200 1405.7
1189210 1409.4
1189220 1413.5
1189230 1413.5
1189240 1415.6
1189250 1415.7
1189260 1415.7
1189270 1413.4
1189280 1410.8
1189290 1410.8
1189300 1408.5
1189310 1405.7
1189320 1403.1
1189330 1403.1
1189340 1402.3
1189350 1403.5
1189360 1403.5
1189370 1407.0
1189380 1411.4
1189390 1411.4
1189400 1416.8
1189410 1422.6
1189420 1422.6
1189430 1428.1
1189440 1433.1
1189450 1433.1
1189460 1440.4
1189470 1444.7
1189480 1444.7
1189490 1449.4
1189500 1453.4
1189510 1453.4
1189520 1456.3
1189530 1459.0
1189540 1459.0
1189550 1461.5
1189560 1464.2
1189570 1467.3
1189580 1467.3
1189590 1469.3
1189600 1471.1
1189610 1471.1
1189620 1472.9
1189630 1473.6
1189640 1473.6
1189650 1473.5
1189660 1473.9
1189670 1473.9
1189680 1475.6
1189690 1478.5
1189700 1478.5
1189710 1482.9
1189720 1489.4
1189730 1489.4
1189740 1498.9
1189750 1511.1
1189760 1511.1
1189770 1520.2
1189780 1526.3
1189790 1531.3
1189800 1531.3
1189810 1534.3
1189820 1534.7
1189830 1534.7
1189840 1536.6
1189850 1539.7
1189860 1539.7
1189870 1541.7
1189880 1540.9
1189890 1540.0
1189900 1538.8
1189910 1543.0
1189920 1543.0
1189930 1549.5
1189940 1554.3
1189950 1554.3
1189960 1556.0
1189970 1557.0
1189980 1557.0
1189990 1557.2
1190000 1558.1
1190010 1558.1
1190020 1563.6
1190030 1572.0
1190040 1582.4
1190050 1582.4
1190060 1586.2
1190070 1587.8
1190080 1587.8
1190090 1593.3
1190100 1594.2
1190110 1594.2
1190120 1593.7
1190130 1589.9
1190140 1589.9
1190150 1585.6
1190160 1581.4
1190170 1581.4
1190180 1577.7
1190190 1573.9
1190200 1573.9
1190210 1570.1
1190220 1566.5
1190230 1566.5
1190240 1561.8
1190250 1556.8
1190260 1552.9
1190270 1552.9
1190280 1549.3
1190290 1546.4
1190300 1546.4
1190310 1544.7
1190320 1546.9
1190330 1546.9
1190340 1548.5
1190350 1548.5
1190360 1548.5
1190370 1547.6
1190380 1550.1
1190390 1550.1
1190400 1554.8
1190410 1557.4
1190420 1557.4
1190430 1559.2
1190440 1561.8
1190450 1561.8
1190460 1563.3
1190470 1563.2
1190480 1563.2
1190490 1562.8
1190500 1562.6
1190510 1564.2
1190520 1564.2
1190530 1566.2
1190540 1566.5
1190550 1566.5
1190560 1565.8
1190570 1565.2
1190580 1565.2
1190590 1567.6
1190600 1571.3
1190610 1571.3
1190620 1573.9
1190630 1576.7
1190640 1576.7
1190650 1577.7
1190660 1577.8
1190670 1577.8
1190680 1578.0
1190690 1580.1
1190700 1580.1
1190710 1583.6
1190720 1581.2
1190730 1578.9
1190740 1578.9
1190750 1590.9
1190760 1597.5
1190770 1597.5
1190780 1600.6
1190790 1600.3
1190800 1600.3
1190810 1600.6
1190820 1601.4
1190830 1601.4
1190840 1603.4
1190850 1606.1
1190860 1606.1
1190870 1610.3
1190880 1616.9
1190890 1616.9
1190900 1620.0
1190910 1624.5
1190920 1624.5
1190930 1627.4
1190940 1627.7
1190950 1627.6
1190960 1627.6
1190970 1626.9
1190980 1627.7
1190990 1627.7
1191000 1632.9
1191010 1634.0
1191020 1634.0
1191030 1635.7
1191040 1635.4
1191050 1635.4
1191060 1635.6
1191070 1637.7
1191080 1637.7
1191090 1638.9
1191100 1640.0
1191110 1640.0
1191120 1639.7
1191130 1636.9
1191140 1636.9
1191150 1635.2
1191160 1632.9
1191170 1632.9
1191180 1629.8
1191190 1628.2
1191200 1626.8
1191210 1626.8
1191220 1625.2
1191230 1624.3
1191240 1624.3
1191250 1624.4
1191260 1623.3
1191270 1623.3
1191280 1621.2
1191290 1618.0
1191300 1618.0
1191310 1615.1
1191320 1613.9
1191330 1613.9
1191340 1614.5
1191350 1615.5
1191360 1615.5
1191370 1615.6
1191380 1614.3
1191390 1614.3
1191400 1613.2
1191410 1608.8
1191420 1601.6
1191430 1601.6
1191440 1607.8
1191450 1618.0
1191460 1618.0
1191470 1626.6
1191480 1631.7
1191490 1631.7
1191500 1632.0
1191510 1629.3
1191520 1629.3
1191530 1627.2
1191540 1627.7
1191550 1627.7
1191560 1628.5
1191570 1628.4
1191580 1628.4
1191590 1627.9
1191600 1625.0
1191610 1625.0
1191620 1622.8
1191630 1622.4
1191640 1622.4
1191650 1623.1
1191660 1624.4
1191670 1626.4
1191680 1626.4
1191690 1628.4
1191700 1630.2
1191710 1630.2
1191720 1631.3
1191730 1631.7
1191740 1631.7
1191750 1631.6
1191760 1631.4
1191770 1631.4
1191780 1631.4
1191790 1631.4
1191800 1631.4
1191810 1630.6
1191820 1630.0
1191830 1630.0
1191840 1629.3
1191850 1629.2
1191860 1629.2
1191870 1629.5
1191880 1630.0
1191890 1631.8
1191900 1631.8
1191910 1635.9
1191920 1640.9
1191930 1640.9
1191940 1645.0
1191950 1651.2
1191960 1651.2
1191970 1657.9
1191980 1664.4
1191990 1664.4
1192000 1671.2
1192010 1679.2
1192020 1679.2
1192030 1688.0
1192040 1694.8
1192050 1699.3
1192060 1704.5
1192070 1709.6
1192080 1709.6
1192090 1714.3
1192100 1719.4
1192110 1723.6
1192120 1723.6
1192130 1727.1
1192140 1730.8
1192150 1730.8
1192160 1734.2
1192170 1736.5
1192180 1736.5
1192190 1737.6
1192200 1739.7
1192210 1739.7
1192220 1742.3
1192230 1741.7
1192240 1741.7
1192250 1742.0
1192260 1742.1
1192270 1742.1
1192280 1740.8
1192290 1740.3
1192300 1740.3
1192310 1741.3
1192320 1742.8
1192330 1742.8
1192340 1742.7
1192350 1739.6
1192360 1734.9
1192370 1734.9
1192380 1733.7
1192390 1736.6
1192400 1736.6
1192410 1740.8
1192420 1745.3
1192430 1745.3
1192440 1751.3
1192450 1756.7
1192460 1756.7
1192470 1761.6
1192480 1768.6
1192490 1768.6
1192500 1773.8
1192510 1779.8
1192520 1779.8
1192530 1786.0
1192540 1792.8
1192550 1792.8
1192560 1801.0
1192570 1809.6
1192580 1819.2
1192590 1819.2
1192600 1830.3
1192610 1841.8
1192620 1841.8
1192630 1852.3
1192640 1860.7
1192650 1860.7
1192660 1868.2
1192670 1874.7
1192680 1874.7
1192690 1879.7
1192700 1883.6
1192710 1883.6
1192720 1888.4
1192730 1895.2
1192740 1895.2
1192750 1900.4
1192760 1906.4
1192770 1906.4
1192780 1913.1
1192790 1919.1
1192800 1919.1
1192810 1925.2
1192820 1931.8
1192830 1939.0
1192840 1939.0
1192850 1947.2
1192860 1953.2
1192870 1953.2
1192880 1955.2
1192890 1955.7
1192900 1955.7
1192910 1954.6
1192920 1956.6
1192930 1956.6
1192940 1951.6
1192950 1948.6
1192960 1948.6
1192970 1947.0
1192980 1947.0
1192990 1947.0
1193000 1947.0
1193010 1947.0
1193020 1947.0
1193030 1947.9
1193040 1949.0
1193050 1949.9
1193060 1949.9
1193070 1950.8
1193080 1952.7
1193090 1952.7
1193100 1954.5
1193110 1956.8
1193120 1956.8
1193130 1959.3
1193140 1961.3
1193150 1961.3
1193160 1964.6
1193170 1969.0
1193180 1969.0
1193190 1973.8
1193200 1978.7
1193210 1978.7
1193220 1983.8
1193230 1988.6
1193240 1988.6
1193250 1994.0
1193260 1999.5
1193270 2005.4
1193280 2005.4
1193290 2010.5
1193300 2015.8
1193310 2015.8
1193320 2021.6
1193330 2027.8
1193340 2027.8
1193350 2033.4
1193360 2041.5
1193370 2041.5
1193380 2047.0
1193390 2052.4
1193400 2052.4
1193410 2057.7
1193420 2062.6
1193430 2062.6
1193440 2067.3
1193450 2072.6
1193460 2072.6
1193470 2078.6
1193480 2085.1
1193490 2085.1
1193500 2092.6
1193510 2100.0
1193520 2106.1
1193530 2106.1
1193540 2110.9
1193550 2116.0
1193560 2116.0
1193570 2120.9
1193580 2126.3
1193590 2126.3
1193600 2132.5
1193610 2139.1
1193620 2139.1
1193630 2145.1
1193640 2151.5
1193650 2151.5
1193660 2158.8
1193670 2165.4
1193680 2165.4
1193690 2172.3
1193700 2180.5
1193710 2180.5
1193720 2189.1
1193730 2197.6
1193740 2206.4
1193750 2206.4
1193760 2213.5
1193770 2218.9
1193780 2218.9
1193790 2230.1
1193800 2233.6
1193810 2233.6
1193820 2237.5
1193830 2244.1
1193840 2244.1
1193850 2249.2
1193860 2253.1
1193870 2253.1
1193880 2258.0
1193890 2262.7
1193900 2262.7
1193910 2266.8
1193920 2270.2
1193930 2270.2
1193940 2271.4
1193950 2275.5
1193960 2275.5
1193970 2284.7
1193980 2293.5
1193990 2299.9
1194000 2299.9
1194010 2302.6
1194020 2304.7
1194030 2304.7
1194040 2308.1
1194050 2310.7
1194060 2310.7
1194070 2312.6
1194080 2314.4
1194090 2314.4
1194100 2316.5
1194110 2317.5
1194120 2317.5
1194130 2318.7
1194140 2320.4
1194150 2320.4
1194160 2322.8
1194170 2326.0
1194180 2326.0
1194190 2329.2
1194200 2330.7
1194210 2331.1
1194220 2331.1
1194230 2336.5
1194240 2336.9
1194250 2336.9
1194260 2338.2
1194270 2339.4
1194280 2339.4
1194290 2341.1
1194300 2342.5
1194310 2342.5
1194320 2338.6
1194330 2335.5
1194340 2335.5
1194350 2333.2
1194360 2330.6
1194370 2330.6
1194380 2327.2
1194390 2323.9
1194400 2323.9
1194410 2320.0
1194420 2316.3
1194430 2311.4
1194440 2311.4
1194450 2306.3
1194460 2301.4
1194470 2301.4
1194480 2295.6
1194490 2288.8
1194500 2288.8
1194510 2281.5
1194520 2274.0
1194530 2274.0
1194540 2265.8
1194550 2255.7
1194560 2255.7
1194570 2245.5
1194580 2237.0
1194590 2237.0
1194600 2228.6
1194610 2220.2
1194620 2220.2
1194630 2212.6
1194640 2204.6
1194650 2204.6
1194660 2196.5
1194670 2184.2
1194680 2175.0
1194690 2175.0
1194700 2167.4
1194710 2160.5
1194720 2160.5
1194730 2152.4
1194740 2143.9
1194750 2143.9
1194760 2134.5
1194770 2127.2
1194780 2127.2
1194790 2119.5
1194800 2112.5
1194810 2112.5
1194820 2106.0
1194830 2099.5
1194840 2099.5
1194850 2093.9
1194860 2089.0
1194870 2089.0
1194880 2084.6
1194890 2080.4
1194900 2077.6
1194910 2077.6
1194920 2075.7
1194930 2073.0
1194940 2073.0
1194950 2068.5
1194960 2063.8
1194970 2063.8
1194980 2059.4
1194990 2055.5
1195000 2055.5
1195010 2051.1
1195020 2047.7
1195030 2047.7
1195040 2045.7
1195050 2044.5
1195060 2044.5
1195070 2043.2
1195080 2041.6
1195090 2041.6
1195100 2039.6
1195110 2038.8
1195120 2038.8
1195130 2037.5
1195140 2035.7
1195150 2033.8
1195160 2033.8
1195170 2032.8
1195180 2033.1
1195190 2033.1
1195200 2032.4
1195210 2030.7
1195220 2030.7
1195230 2028.8
1195240 2026.4
1195250 2026.4
1195260 2023.2
1195270 2019.1
1195280 2019.1
1195290 2014.7
1195300 2011.2
1195310 2011.2
1195320 2007.4
1195330 2004.0
1195340 2004.0
1195350 2001.4
1195360 1998.0
1195370 1994.0
1195380 1994.0
1195390 1989.4
1195400 1984.4
1195410 1984.4
1195420 1979.1
1195430 1973.8
1195440 1973.8
1195450 1969.5
1195460 1967.9
1195470 1967.9
1195480 1967.8
1195490 1966.0
1195500 1966.0
1195510 1962.6
1195520 1959.1
1195530 1959.1
1195540 1970.2
1195550 1974.1
1195560 1974.1
1195570 1972.9
1195580 1969.3
1195590 1962.5
1195600 1962.5
1195610 1959.9
1195620 1967.0
1195630 1967.0
1195640 1968.0
1195650 1965.8
1195660 1965.8
1195670 1963.2
1195680 1963.3
1195690 1963.3
1195700 1964.1
1195710 1964.3
1195720 1964.3
1195730 1964.8
1195740 1965.2
1195750 1965.2
1195760 1964.8
1195770 1962.1
1195780 1962.1
1195790 1957.1
1195800 1951.2
1195810 1951.2
1195820 1946.8
1195830 1942.2
1195840 1939.2
1195850 1939.2
1195860 1936.4
1195870 1932.6
1195880 1932.6
1195890 1929.7
1195900 1926.8
1195910 1926.8
1195920 1923.6
1195930 1919.1
1195940 1919.1
1195950 1913.0
1195960 1907.3
1195970 1907.3
1195980 1904.8
1195990 1900.3
1196000 1900.3
1196010 1896.1
1196020 1890.8
1196030 1890.8
1196040 1887.6
1196050 1885.4
1196060 1881.9
1196070 1881.9
1196080 1877.7
1196090 1875.1
1196100 1875.1
1196110 1869.6
1196120 1862.2
1196130 1862.2
1196140 1855.3
1196150 1849.5
1196160 1849.5
1196170 1843.1
1196180 1838.4
1196190 1838.4
1196200 1833.6
1196210 1827.6
1196220 1827.6
1196230 1820.4
1196240 1812.4
1196250 1812.4
1196260 1804.9
1196270 1801.3
1196280 1801.3
1196290 1798.6
1196300 1799.6
1196310 1806.2
1196320 1806.2
1196330 1816.1
1196340 1821.7
1196350 1821.7
1196360 1822.3
1196370 1821.7
1196380 1821.7
1196390 1823.2
1196400 1830.2
1196410 1830.2
1196420 1847.5
1196430 1853.8
1196440 1853.8
1196450 1867.8
1196460 1877.1
1196470 1877.1
1196480 1872.9
1196490 1867.2
1196500 1867.2
1196510 1862.0
1196520 1857.5
1196530 1853.0
1196540 1853.0
1196550 1850.5
1196560 1848.1
1196570 1848.1
1196580 1844.3
1196590 1841.7
1196600 1841.7
1196610 1839.8
1196620 1838.0
1196630 1838.0
1196640 1835.1
1196650 1832.6
1196660 1832.6
1196670 1829.9
1196680 1826.6
1196690 1826.6
1196700 1822.8
1196710 1818.6
1196720 1818.6
1196730 1814.3
1196740 1809.2
1196750 1803.1
1196760 1803.1
1196770 1796.9
1196780 1790.6
1196790 1790.6
1196800 1780.5
1196810 1766.9
1196820 1766.9
1196830 1756.9
1196840 1745.4
1196850 1745.4
1196860 1727.6
1196870 1716.0
1196880 1716.0
1196890 1707.0
1196900 1698.7
1196910 1698.7
1196920 1690.4
1196930 1682.4
1196940 1682.4
1196950 1674.6
1196960 1667.1
1196970 1667.1
1196980 1660.0
1196990 1653.6
1197000 1649.3
1197010 1649.3
1197020 1645.1
1197030 1640.0
1197040 1640.0
1197050 1634.3
1197060 1627.8
1197070 1627.8
1197080 1621.1
1197090 1614.7
1197100 1614.7
1197110 1608.4
1197120 1603.9
1197130 1603.9
1197140 1604.5
1197150 1607.3
1197160 1607.3
1197170 1611.1
1197180 1615.6
1197190 1615.6
1197200 1620.3
1197210 1624.6
1197220 1628.5
1197230 1628.5
1197240 1632.7
1197250 1638.8
1197260 1638.8
1197270 1646.6
1197280 1653.3
1197290 1653.3
1197300 1660.2
1197310 1671.7
1197320 1671.7
1197330 1678.6
1197340 1685.0
1197350 1685.0
1197360 1690.2
1197370 1694.3
1197380 1694.3
1197390 1698.0
1197400 1701.7
1197410 1701.7
1197420 1705.2
1197430 1709.4
1197440 1709.4
1197450 1714.7
1197460 1720.5
1197470 1724.1
1197480 1724.1
1197490 1727.0
1197500 1729.1
1197510 1729.1
1197520 1729.9
1197530 1729.6
1197540 1729.6
1197550 1729.1
1197560 1730.1
1197570 1730.1
1197580 1731.1
1197590 1731.9
1197600 1731.9
1197610 1731.5
1197620 1729.4
1197630 1729.4
1197640 1726.7
1197650 1726.1
1197660 1726.1
1197670 1729.0
1197680 1731.9
1197690 1733.7
1197700 1733.7
1197710 1734.8
1197720 1735.2
1197730 1735.2
1197740 1734.9
1197750 1737.9
1197760 1737.9
1197770 1735.4
1197780 1731.7
1197790 1731.7
1197800 1729.0
1197810 1727.6
1197820 1727.6
1197830 1726.2
1197840 1724.5
1197850 1724.5
1197860 1722.9
1197870 1721.2
1197880 1721.2
1197890 1718.9
1197900 1714.8
1197910 1710.2
1197920 1710.2
1197930 1706.0
1197940 1701.5
1197950 1701.5
1197960 1697.7
1197970 1693.5
1197980 1693.5
1197990 1690.2
1198000 1687.9
1198010 1687.9
1198020 1685.4
1198030 1682.9
1198040 1682.9
1198050 1680.4
1198060 1678.7
1198070 1678.7
1198080 1676.9
1198090 1674.6
1198100 1674.6
1198110 1672.0
1198120 1668.7
1198130 1668.7
1198140 1665.9
1198150 1663.8
1198160 1661.0
1198170 1661.0
1198180 1657.5
1198190 1656.0
1198200 1656.0
1198210 1652.6
1198220 1649.2
1198230 1649.2
1198240 1645.1
1198250 1639.9
1198260 1639.9
1198270 1632.8
1198280 1624.8
1198290 1624.8
1198300 1619.3
1198310 1618.1
1198320 1618.1
1198330 1614.5
1198340 1609.6
1198350 1609.6
1198360 1605.1
1198370 1599.9
1198380 1594.0
1198390 1594.0
1198400 1589.0
1198410 1583.6
1198420 1583.6
1198430 1577.8
1198440 1571.9
1198450 1571.9
1198460 1565.8
1198470 1556.6
1198480 1556.6
1198490 1549.2
1198500 1543.5
1198510 1543.5
1198520 1534.5
1198530 1529.3
1198540 1529.3
1198550 1527.7
1198560 1525.6
1198570 1525.6
1198580 1520.7
1198590 1516.2
1198600 1516.2
1198610 1513.9
1198620 1510.2
1198630 1506.1
1198640 1511.7
1198650 1509.1
1198660 1505.0
1198670 1505.0
1198680 1500.6
1198690 1496.2
1198700 1496.2
1198710 1489.1
1198720 1480.4
1198730 1480.4
1198740 1473.1
1198750 1463.9
1198760 1463.9
1198770 1448.6
1198780 1436.8
1198790 1436.8
1198800 1424.1
1198810 1417.8
1198820 1417.8
1198830 1415.1
1198840 1411.1
1198850 1405.8
1198860 1405.8
1198870 1403.7
1198880 1401.0
1198890 1401.0
1198900 1395.5
1198910 1387.8
1198920 1387.8
1198930 1381.4
1198940 1377.7
1198950 1377.7
1198960 1370.9
1198970 1355.4
1198980 1355.4
1198990 1345.5
1199000 1340.8
1199010 1340.8
1199020 1339.3
1199030 1340.3
1199040 1340.3
1199050 1338.0
1199060 1333.3
1199070 1327.2
1199080 1330.2
1199090 1324.4
1199100 1318.3
1199110 1318.3
1199120 1311.0
1199130 1302.8
1199140 1302.8
1199150 1295.2
1199160 1286.9
1199170 1286.9
1199180 1276.6
1199190 1269.4
1199200 1269.4
1199210 1259.8
1199220 1250.4
1199230 1250.4
1199240 1245.3
1199250 1240.0
1199260 1240.0
1199270 1235.7
1199280 1229.1
1199290 1229.1
1199300 1222.3
1199310 1225.6
1199320 1231.5
1199330 1231.5
1199340 1228.3
1199350 1223.7
1199360 1223.7
1199370 1219.1
1199380 1213.9
1199390 1213.9
1199400 1209.9
1199410 1204.7
1199420 1204.7
1199430 1198.5
1199440 1191.8
1199450 1191.8
1199460 1187.3
1199470 1184.2
1199480 1184.2
1199490 1180.6
1199500 1177.2
1199510 1177.2
1199520 1177.4
1199530 1172.1
1199540 1167.2
1199550 1167.2
1199560 1162.7
1199570 1157.8
1199580 1157.8
1199590 1153.0
1199600 1147.5
1199610 1147.5
1199620 1141.9
1199630 1138.9
1199640 1138.9
1199650 1137.5
1199660 1134.4
1199670 1134.4
1199680 1128.7
1199690 1123.9
1199700 1123.9
1199710 1120.9
1199720 1120.4
1199730 1120.4
1199740 1120.8
1199750 1122.5
1199760 1122.5
1199770 1122.6
1199780 1120.4
1199790 1118.2
1199800 1118.2
1199810 1114.4
1199820 1110.4
1199830 1110.4
1199840 1107.4
1199850 1103.8
1199860 1103.8
1199870 1098.6
1199880 1095.0
1199890 1095.0
1199900 1090.3
1199910 1088.2
1199920 1088.2
1199930 1087.2
1199940 1086.7
1199950 1086.7
1199960 1085.7
1199970 1085.1
1199980 1085.1
1199990 1086.7
