1180000 853.4
1180010 860.0
1180020 866.8
1180030 873.8
1180040 873.8
1180050 880.7
1180060 887.6
1180070 887.6
1180080 894.9
1180090 901.5
1180100 901.5
1180110 905.9
1180120 910.7
1180130 910.7
1180140 915.8
1180150 920.1
1180160 920.1
1180170 923.8
1180180 926.1
1180190 926.1
1180200 928.1
1180210 927.4
1180220 927.4
1180230 932.8
1180240 937.9
1180250 942.3
1180260 942.3
1180270 947.4
1180280 952.6
1180290 952.6
1180300 957.8
1180310 962.3
1180320 962.3
1180330 966.8
1180340 972.6
1180350 972.6
1180360 979.0
1180370 985.1
1180380 985.1
1180390 991.6
1180400 998.5
1180410 998.5
1180420 1005.5
1180430 1012.7
1180440 1012.7
1180450 1019.2
1180460 1024.5
1180470 1024.5
1180480 1030.8
1180490 1036.7
1180500 1040.0
1180510 1040.0
1180520 1040.9
1180530 1042.6
1180540 1042.6
1180550 1048.1
1180560 1052.0
1180570 1052.0
1180580 1055.1
1180590 1060.5
1180600 1060.5
1180610 1066.2
1180620 1067.5
1180630 1067.1
1180640 1067.2
1180650 1066.2
1180660 1066.2
1180670 1066.6
1180680 1067.5
1180690 1067.5
1180700 1067.7
1180710 1068.1
1180720 1069.0
1180730 1069.0
1180740 1071.2
1180750 1075.3
1180760 1075.3
1180770 1079.5
1180780 1083.4
1180790 1083.4
1180800 1088.7
1180810 1093.1
1180820 1093.1
1180830 1095.8
1180840 1097.6
1180850 1097.6
1180860 1098.6
1180870 1099.2
1180880 1099.2
1180890 1100.0
1180900 1100.1
1180910 1100.1
1180920 1099.7
1180930 1098.4
1180940 1098.4
1180950 1097.6
1180960 1097.9
1180970 1097.9
1180980 1097.9
1180990 1097.7
1181000 1097.6
1181010 1097.6
1181020 1097.6
1181030 1097.7
1181040 1097.7
1181050 1093.9
1181060 1094.4
1181070 1094.4
1181080 1094.7
1181090 1094.8
1181100 1094.8
1181110 1095.2
1181120 1096.1
1181130 1096.1
1181140 1097.4
1181150 1098.5
1181160 1098.5
1181170 1099.5
1181180 1100.1
1181190 1100.2
1181200 1100.2
1181210 1100.0
1181220 1099.7
1181230 1099.7
1181240 1099.4
1181250 1099.6
1181260 1099.6
1181270 1100.4
1181280 1101.8
1181290 1101.8
1181300 1103.1
1181310 1103.6
1181320 1103.6
1181330 1101.8
1181340 1097.8
1181350 1097.8
1181360 1095.7
1181370 1094.3
1181380 1094.3
1181390 1092.0
1181400 1090.7
1181410 1090.5
1181420 1090.5
1181430 1090.5
1181440 1090.5
1181450 1090.5
1181460 1089.8
1181470 1089.3
1181480 1089.3
1181490 1089.3
1181500 1089.3
1181510 1089.3
1181520 1089.4
1181530 1089.4
1181540 1089.4
1181550 1089.3
1181560 1089.3
1181570 1089.3
1181580 1089.3
1181590 1089.2
1181600 1089.2
1181610 1089.0
1181620 1088.7
1181630 1088.7
1181640 1088.2
1181650 1087.9
1181660 1087.8
1181670 1087.8
1181680 1087.9
1181690 1087.9
1181700 1087.9
1181710 1088.1
1181720 1088.5
1181730 1088.5
1181740 1089.0
1181750 1089.1
1181760 1089.1
1181770 1088.3
1181780 1087.6
1181790 1087.6
1181800 1087.1
1181810 1086.8
1181820 1086.8
1181830 1086.8
1181840 1086.8
1181850 1086.8
1181860 1087.0
1181870 1087.3
1181880 1087.8
1181890 1084.0
1181900 1084.3
1181910 1084.6
1181920 1084.6
1181930 1084.9
1181940 1085.3
1181950 1085.3
1181960 1085.5
1181970 1085.5
1181980 1085.5
1181990 1085.3
1182000 1085.1
1182010 1085.1
1182020 1084.7
1182030 1083.9
1182040 1083.9
1182050 1082.4
1182060 1080.9
1182070 1080.9
1182080 1078.7
1182090 1074.1
1182100 1074.1
1182110 1077.3
1182120 1081.2
1182130 1081.9
1182140 1081.9
1182150 1082.5
1182160 1082.8
1182170 1082.8
1182180 1083.2
1182190 1083.8
1182200 1083.8
1182210 1084.7
1182220 1085.9
1182230 1085.9
1182240 1087.3
1182250 1088.7
1182260 1088.7
1182270 1089.8
1182280 1091.0
1182290 1091.0
1182300 1092.2
1182310 1088.2
1182320 1088.2
1182330 1089.3
1182340 1090.0
1182350 1090.7
1182360 1090.7
1182370 1091.5
1182380 1092.8
1182390 1092.8
1182400 1095.1
1182410 1096.0
1182420 1096.0
1182430 1096.5
1182440 1098.3
1182450 1098.3
1182460 1099.1
1182470 1099.3
1182480 1099.3
1182490 1099.6
1182500 1100.5
1182510 1100.5
1182520 1100.8
1182530 1101.0
1182540 1101.0
1182550 1101.9
1182560 1104.5
1182570 1106.5
1182580 1106.5
1182590 1107.8
1182600 1108.6
1182610 1108.6
1182620 1109.5
1182630 1110.6
1182640 1110.6
1182650 1112.1
1182660 1114.0
1182670 1114.0
1182680 1116.8
1182690 1120.8
1182700 1120.8
1182710 1124.2
1182720 1126.7
1182730 1124.1
1182740 1125.9
1182750 1127.1
1182760 1127.1
1182770 1128.1
1182780 1128.2
1182790 1128.2
1182800 1128.5
1182810 1129.0
1182820 1129.8
1182830 1129.8
1182840 1130.7
1182850 1131.7
1182860 1131.7
1182870 1132.6
1182880 1133.7
1182890 1133.7
1182900 1134.7
1182910 1135.7
1182920 1135.7
1182930 1136.8
1182940 1138.0
1182950 1138.0
1182960 1139.5
1182970 1141.4
1182980 1141.4
1182990 1143.2
1183000 1144.9
1183010 1144.9
1183020 1146.2
1183030 1147.6
1183040 1148.2
1183050 1148.2
1183060 1148.8
1183070 1149.5
1183080 1149.5
1183090 1150.5
1183100 1151.5
1183110 1151.5
1183120 1152.6
1183130 1153.5
1183140 1153.5
1183150 1151.6
1183160 1152.5
1183170 1152.5
1183180 1153.4
1183190 1154.6
1183200 1154.6
1183210 1156.1
1183220 1157.7
1183230 1157.7
1183240 1159.6
1183250 1161.7
1183260 1161.7
1183270 1164.0
1183280 1165.7
1183290 1167.3
1183300 1167.3
1183310 1169.1
1183320 1170.9
1183330 1170.9
1183340 1172.2
1183350 1173.6
1183360 1173.6
1183370 1175.0
1183380 1177.3
1183390 1177.3
1183400 1179.1
1183410 1180.5
1183420 1180.5
1183430 1181.6
1183440 1182.4
1183450 1182.4
1183460 1183.2
1183470 1184.0
1183480 1184.0
1183490 1185.0
1183500 1186.1
1183510 1186.8
1183520 1186.8
1183530 1187.5
1183540 1188.0
1183550 1188.0
1183560 1188.1
1183570 1184.5
1183580 1184.5
1183590 1185.4
1183600 1186.7
1183610 1186.7
1183620 1187.5
1183630 1188.3
1183640 1188.3
1183650 1188.2
1183660 1186.7
1183670 1186.7
1183680 1184.6
1183690 1183.6
1183700 1183.6
1183710 1182.5
1183720 1180.1
1183730 1178.1
1183740 1178.1
1183750 1178.5
1183760 1179.6
1183770 1179.6
1183780 1181.1
1183790 1182.7
1183800 1182.7
1183810 1182.7
1183820 1183.4
1183830 1183.4
1183840 1182.1
1183850 1176.2
1183860 1176.2
1183870 1169.1
1183880 1162.7
1183890 1162.7
1183900 1156.8
1183910 1152.9
1183920 1152.9
1183930 1154.8
1183940 1163.3
1183950 1163.3
1183960 1173.7
1183970 1181.3
1183980 1187.0
1183990 1188.4
1184000 1192.9
1184010 1195.8
1184020 1195.8
1184030 1195.3
1184040 1191.8
1184050 1191.8
1184060 1190.7
1184070 1192.5
1184080 1192.5
1184090 1193.7
1184100 1193.4
1184110 1193.4
1184120 1192.5
1184130 1191.4
1184140 1191.4
1184150 1191.1
1184160 1192.0
1184170 1192.0
1184180 1193.5
1184190 1195.9
1184200 1198.0
1184210 1198.0
1184220 1199.2
1184230 1200.9
1184240 1200.9
1184250 1203.4
1184260 1206.7
1184270 1206.7
1184280 1210.0
1184290 1213.2
1184300 1213.2
1184310 1216.7
1184320 1220.1
1184330 1220.1
1184340 1223.0
1184350 1225.6
1184360 1225.6
1184370 1228.5
1184380 1231.3
1184390 1231.3
1184400 1233.8
1184410 1230.1
1184420 1230.1
1184430 1232.9
1184440 1236.1
1184450 1238.9
1184460 1238.9
1184470 1241.6
1184480 1244.7
1184490 1244.7
1184500 1245.9
1184510 1247.2
1184520 1247.2
1184530 1248.4
1184540 1249.6
1184550 1249.6
1184560 1250.6
1184570 1251.4
1184580 1251.4
1184590 1252.3
1184600 1254.1
1184610 1254.1
1184620 1257.5
1184630 1260.7
1184640 1260.7
1184650 1263.8
1184660 1264.6
1184670 1265.2
1184680 1265.2
1184690 1266.4
1184700 1267.9
1184710 1267.9
1184720 1268.0
1184730 1265.3
1184740 1265.3
1184750 1263.4
1184760 1262.9
1184770 1262.9
1184780 1262.6
1184790 1262.3
1184800 1262.3
1184810 1262.5
1184820 1262.7
1184830 1262.7
1184840 1259.8
1184850 1259.6
1184860 1259.6
1184870 1259.5
1184880 1260.0
1184890 1260.7
1184900 1260.7
1184910 1261.9
1184920 1263.7
1184930 1263.7
1184940 1265.2
1184950 1266.6
1184960 1266.6
1184970 1268.8
1184980 1271.2
1184990 1271.2
1185000 1272.3
1185010 1273.3
1185020 1273.3
1185030 1274.8
1185040 1276.4
1185050 1276.4
1185060 1278.8
1185070 1281.5
1185080 1281.5
1185090 1283.9
1185100 1285.1
1185110 1285.1
1185120 1285.9
1185130 1286.3
1185140 1286.4
1185150 1286.4
1185160 1287.2
1185170 1288.1
1185180 1288.1
1185190 1288.9
1185200 1289.4
1185210 1289.4
1185220 1289.3
1185230 1289.2
1185240 1289.2
1185250 1288.7
1185260 1282.9
1185270 1282.9
1185280 1282.5
1185290 1283.0
1185300 1283.0
1185310 1284.5
1185320 1286.4
1185330 1286.4
1185340 1288.2
1185350 1289.8
1185360 1291.2
1185370 1291.2
1185380 1292.5
1185390 1293.5
1185400 1293.5
1185410 1294.9
1185420 1296.5
1185430 1296.5
1185440 1298.8
1185450 1301.4
1185460 1301.4
1185470 1304.1
1185480 1307.3
1185490 1307.3
1185500 1309.6
1185510 1311.5
1185520 1311.5
1185530 1313.2
1185540 1314.8
1185550 1314.8
1185560 1316.6
1185570 1318.4
1185580 1318.4
1185590 1320.3
1185600 1322.4
1185610 1325.3
1185620 1325.3
1185630 1327.9
1185640 1330.0
1185650 1330.0
1185660 1332.2
1185670 1334.5
1185680 1330.2
1185690 1332.7
1185700 1335.0
1185710 1335.0
1185720 1337.3
1185730 1339.2
1185740 1339.2
1185750 1340.8
1185760 1342.3
1185770 1342.3
1185780 1343.8
1185790 1346.1
1185800 1346.1
1185810 1349.0
1185820 1351.8
1185830 1355.5
1185840 1355.5
1185850 1358.6
1185860 1361.1
1185870 1361.1
1185880 1364.1
1185890 1367.9
1185900 1367.9
1185910 1372.6
1185920 1375.5
1185930 1375.5
1185940 1380.4
1185950 1385.4
1185960 1385.4
1185970 1388.7
1185980 1391.2
1185990 1391.2
1186000 1393.6
1186010 1396.4
1186020 1396.4
1186030 1399.1
1186040 1402.0
1186050 1404.8
1186060 1404.8
1186070 1407.5
1186080 1410.9
1186090 1410.9
1186100 1414.8
1186110 1416.1
1186120 1416.1
1186130 1420.6
1186140 1425.0
1186150 1425.0
1186160 1429.0
1186170 1432.4
1186180 1432.4
1186190 1436.3
1186200 1440.3
1186210 1440.3
1186220 1443.9
1186230 1446.8
1186240 1446.8
1186250 1449.6
1186260 1452.9
1186270 1452.9
1186280 1456.3
1186290 1459.9
1186300 1463.7
1186310 1463.7
1186320 1468.7
1186330 1474.2
1186340 1474.2
1186350 1479.7
1186360 1488.0
1186370 1488.0
1186380 1496.4
1186390 1505.6
1186400 1505.6
1186410 1511.4
1186420 1515.6
1186430 1515.6
1186440 1518.0
1186450 1520.1
1186460 1520.1
1186470 1521.8
1186480 1524.2
1186490 1524.2
1186500 1527.5
1186510 1530.2
1186520 1530.6
1186530 1530.6
1186540 1528.8
1186550 1529.8
1186560 1529.8
1186570 1531.5
1186580 1534.0
1186590 1534.0
1186600 1535.6
1186610 1536.6
1186620 1536.6
1186630 1537.5
1186640 1539.0
1186650 1539.0
1186660 1541.2
1186670 1543.4
1186680 1543.4
1186690 1545.5
1186700 1546.3
1186710 1546.3
1186720 1545.7
1186730 1545.4
1186740 1545.4
1186750 1545.9
1186760 1544.4
1186770 1541.8
1186780 1541.8
1186790 1540.0
1186800 1538.9
1186810 1538.9
1186820 1538.1
1186830 1537.6
1186840 1537.6
1186850 1537.6
1186860 1538.1
1186870 1538.1
1186880 1538.6
1186890 1540.0
1186900 1540.0
1186910 1542.4
1186920 1544.0
1186930 1544.0
1186940 1545.1
1186950 1545.4
1186960 1549.8
1186970 1551.4
1186980 1552.9
1186990 1554.0
1187000 1554.0
1187010 1556.2
1187020 1557.6
1187030 1557.6
1187040 1558.3
1187050 1558.6
1187060 1558.6
1187070 1556.8
1187080 1555.8
1187090 1555.8
1187100 1557.6
1187110 1559.3
1187120 1559.3
1187130 1559.3
1187140 1557.9
1187150 1557.9
1187160 1556.0
1187170 1553.7
1187180 1553.7
1187190 1551.3
1187200 1550.2
1187210 1550.1
1187220 1550.1
1187230 1550.0
1187240 1549.9
1187250 1549.9
1187260 1550.1
1187270 1550.3
1187280 1550.3
1187290 1549.8
1187300 1549.5
1187310 1549.5
1187320 1550.0
1187330 1549.3
1187340 1549.3
1187350 1549.5
1187360 1550.1
1187370 1550.1
1187380 1551.3
1187390 1551.2
1187400 1551.2
1187410 1550.2
1187420 1548.9
1187430 1548.9
1187440 1547.8
1187450 1545.9
1187460 1542.9
1187470 1542.9
1187480 1540.1
1187490 1537.9
1187500 1537.9
1187510 1535.7
1187520 1533.4
1187530 1533.4
1187540 1531.6
1187550 1529.6
1187560 1529.6
1187570 1527.6
1187580 1525.0
1187590 1525.0
1187600 1522.3
1187610 1519.9
1187620 1519.9
1187630 1518.2
1187640 1516.7
1187650 1516.7
1187660 1516.0
1187670 1515.3
1187680 1514.0
1187690 1514.0
1187700 1510.4
1187710 1506.9
1187720 1506.9
1187730 1503.7
1187740 1501.8
1187750 1501.8
1187760 1501.1
1187770 1500.7
1187780 1500.7
1187790 1500.5
1187800 1501.0
1187810 1501.0
1187820 1504.4
1187830 1503.8
1187840 1503.8
1187850 1502.9
1187860 1502.6
1187870 1502.6
1187880 1501.6
1187890 1498.4
1187900 1498.4
1187910 1493.9
1187920 1490.5
1187930 1488.5
1187940 1488.5
1187950 1485.9
1187960 1482.8
1187970 1482.8
1187980 1480.0
1187990 1477.4
1188000 1477.4
1188010 1475.9
1188020 1476.0
1188030 1476.0
1188040 1475.9
1188050 1475.8
1188060 1475.8
1188070 1475.0
1188080 1473.9
1188090 1473.9
1188100 1472.9
1188110 1472.0
1188120 1472.0
1188130 1470.8
1188140 1470.9
1188150 1471.6
1188160 1471.6
1188170 1471.4
1188180 1470.3
1188190 1470.3
1188200 1468.4
1188210 1465.4
1188220 1465.4
1188230 1462.0
1188240 1458.0
1188250 1458.0
1188260 1456.7
1188270 1455.9
1188280 1455.9
1188290 1455.3
1188300 1454.7
1188310 1454.7
1188320 1454.2
1188330 1454.5
1188340 1454.5
1188350 1454.4
1188360 1454.6
1188370 1454.3
1188380 1454.3
1188390 1453.3
1188400 1451.8
1188410 1451.8
1188420 1451.3
1188430 1451.4
1188440 1451.4
1188450 1449.7
1188460 1445.0
1188470 1445.0
1188480 1440.9
1188490 1438.3
1188500 1438.3
1188510 1437.0
1188520 1436.3
1188530 1436.3
1188540 1435.2
1188550 1434.2
1188560 1434.2
1188570 1433.7
1188580 1433.3
1188590 1433.3
1188600 1432.9
1188610 1432.0
1188620 1432.0
1188630 1432.0
1188640 1432.1
1188650 1432.4
1188660 1432.4
1188670 1433.7
1188680 1435.2
1188690 1435.2
1188700 1437.2
1188710 1436.9
1188720 1436.9
1188730 1435.8
1188740 1433.3
1188750 1433.3
1188760 1430.6
1188770 1429.0
1188780 1429.0
1188790 1427.7
1188800 1427.0
1188810 1427.0
1188820 1426.5
1188830 1426.1
1188840 1426.0
1188850 1426.0
1188860 1426.0
1188870 1426.3
1188880 1426.3
1188890 1427.1
1188900 1427.1
1188910 1427.1
1188920 1426.6
1188930 1426.3
1188940 1426.3
1188950 1426.0
1188960 1425.7
1188970 1425.7
1188980 1425.7
1188990 1425.7
1189000 1425.7
1189010 1425.2
1189020 1422.5
1189030 1422.5
1189040 1419.3
1189050 1418.5
1189060 1418.5
1189070 1420.5
1189080 1425.9
1189090 1432.8
1189100 1435.5
1189110 1436.9
1189120 1438.4
1189130 1438.4
1189140 1437.9
1189150 1435.8
1189160 1435.8
1189170 1433.8
1189180 1432.5
1189190 1432.5
1189200 1430.9
1189210 1428.5
1189220 1428.5
1189230 1425.6
1189240 1421.6
1189250 1421.6
1189260 1416.5
1189270 1411.3
1189280 1411.3
1189290 1410.6
1189300 1413.0
1189310 1416.7
1189320 1416.7
1189330 1419.5
1189340 1422.5
1189350 1422.5
1189360 1426.3
1189370 1429.9
1189380 1429.9
1189390 1433.0
1189400 1437.4
1189410 1437.4
1189420 1442.8
1189430 1447.5
1189440 1447.5
1189450 1451.3
1189460 1453.7
1189470 1453.7
1189480 1455.0
1189490 1457.6
1189500 1457.6
1189510 1461.1
1189520 1465.2
1189530 1472.7
1189540 1472.7
1189550 1476.4
1189560 1479.5
1189570 1479.5
1189580 1482.0
1189590 1484.2
1189600 1484.2
1189610 1486.8
1189620 1489.8
1189630 1489.8
1189640 1492.4
1189650 1496.5
1189660 1496.5
1189670 1501.0
1189680 1505.1
1189690 1505.1
1189700 1509.5
1189710 1511.8
1189720 1511.8
1189730 1512.5
1189740 1514.7
1189750 1514.7
1189760 1519.9
1189770 1526.2
1189780 1529.3
1189790 1529.3
1189800 1530.7
1189810 1532.0
1189820 1532.0
1189830 1533.8
1189840 1535.5
1189850 1535.5
1189860 1539.0
1189870 1545.2
1189880 1545.2
1189890 1552.5
1189900 1560.0
1189910 1560.0
1189920 1566.0
1189930 1570.5
1189940 1570.5
1189950 1576.5
1189960 1588.9
1189970 1588.9
1189980 1593.7
1189990 1596.8
1190000 1599.8
1190010 1599.8
1190020 1604.2
1190030 1609.0
1190040 1609.0
1190050 1612.3
1190060 1613.2
1190070 1613.2
1190080 1611.7
1190090 1609.4
1190100 1609.4
1190110 1604.8
1190120 1599.1
1190130 1599.1
1190140 1595.3
1190150 1594.9
1190160 1594.9
1190170 1594.4
1190180 1590.3
1190190 1590.3
1190200 1587.3
1190210 1586.0
1190220 1586.0
1190230 1584.6
1190240 1582.7
1190250 1578.7
1190260 1578.7
1190270 1578.1
1190280 1581.1
1190290 1581.1
1190300 1586.5
1190310 1590.3
1190320 1590.3
1190330 1591.6
1190340 1591.0
1190350 1591.0
1190360 1589.5
1190370 1589.7
1190380 1589.7
1190390 1597.2
1190400 1601.1
1190410 1601.1
1190420 1605.4
1190430 1608.8
1190440 1608.8
1190450 1611.0
1190460 1611.6
1190470 1610.2
1190480 1610.2
1190490 1607.7
1190500 1604.9
1190510 1604.9
1190520 1603.9
1190530 1604.2
1190540 1604.2
1190550 1604.7
1190560 1605.3
1190570 1605.3
1190580 1605.8
1190590 1606.6
1190600 1606.6
1190610 1607.9
1190620 1610.2
1190630 1610.2
1190640 1611.1
1190650 1610.4
1190660 1610.4
1190670 1609.0
1190680 1611.0
1190690 1611.4
1190700 1611.4
1190710 1612.4
1190720 1614.2
1190730 1614.2
1190740 1616.3
1190750 1617.9
1190760 1617.9
1190770 1618.7
1190780 1617.4
1190790 1617.4
1190800 1616.4
1190810 1616.5
1190820 1616.5
1190830 1622.4
1190840 1621.2
1190850 1621.2
1190860 1619.3
1190870 1618.6
1190880 1618.6
1190890 1618.7
1190900 1620.2
1190910 1620.2
1190920 1622.3
1190930 1625.3
1190940 1628.0
1190950 1628.0
1190960 1631.0
1190970 1634.4
1190980 1634.4
1190990 1636.4
1191000 1636.0
1191010 1636.0
1191020 1635.5
1191030 1639.5
1191040 1639.5
1191050 1643.6
1191060 1642.6
1191070 1642.6
1191080 1640.8
1191090 1638.5
1191100 1638.5
1191110 1635.6
1191120 1633.6
1191130 1633.6
1191140 1633.2
1191150 1633.1
1191160 1632.4
1191170 1632.4
1191180 1630.9
1191190 1628.0
1191200 1628.0
1191210 1625.6
1191220 1624.4
1191230 1624.4
1191240 1623.8
1191250 1623.9
1191260 1625.4
1191270 1628.2
1191280 1632.8
1191290 1632.8
1191300 1635.6
1191310 1634.1
1191320 1634.1
1191330 1630.4
1191340 1626.3
1191350 1626.3
1191360 1621.7
1191370 1617.2
1191380 1617.2
1191390 1614.6
1191400 1613.6
1191410 1616.7
1191420 1616.7
1191430 1622.8
1191440 1628.0
1191450 1628.0
1191460 1630.7
1191470 1632.8
1191480 1632.8
1191490 1634.6
1191500 1636.3
1191510 1636.3
1191520 1638.5
1191530 1641.1
1191540 1641.1
1191550 1643.1
1191560 1644.0
1191570 1644.0
1191580 1644.9
1191590 1646.9
1191600 1646.9
1191610 1650.2
1191620 1654.3
1191630 1658.1
1191640 1658.1
1191650 1660.3
1191660 1661.8
1191670 1661.8
1191680 1662.7
1191690 1664.8
1191700 1664.8
1191710 1662.8
1191720 1661.3
1191730 1661.3
1191740 1656.3
1191750 1650.4
1191760 1650.4
1191770 1645.5
1191780 1641.8
1191790 1641.8
1191800 1640.4
1191810 1640.1
1191820 1640.1
1191830 1640.2
1191840 1640.4
1191850 1641.2
1191860 1641.2
1191870 1644.3
1191880 1650.0
1191890 1650.0
1191900 1656.1
1191910 1662.2
1191920 1662.2
1191930 1668.7
1191940 1676.8
1191950 1676.8
1191960 1685.8
1191970 1693.5
1191980 1693.5
1191990 1698.7
1192000 1703.6
1192010 1703.6
1192020 1708.3
1192030 1712.5
1192040 1712.5
1192050 1716.4
1192060 1720.4
1192070 1720.4
1192080 1725.0
1192090 1730.2
1192100 1736.3
1192110 1736.3
1192120 1743.0
1192130 1749.8
1192140 1749.8
1192150 1755.1
1192160 1760.2
1192170 1760.2
1192180 1765.2
1192190 1770.5
1192200 1770.5
1192210 1775.0
1192220 1778.9
1192230 1778.9
1192240 1784.1
1192250 1789.1
1192260 1789.1
1192270 1793.4
1192280 1795.3
1192290 1795.3
1192300 1791.2
1192310 1785.3
1192320 1781.8
1192330 1781.8
1192340 1781.1
1192350 1780.6
1192360 1780.6
1192370 1778.3
1192380 1777.3
1192390 1777.3
1192400 1776.1
1192410 1773.0
1192420 1773.0
1192430 1774.2
1192440 1780.4
1192450 1780.4
1192460 1788.0
1192470 1791.3
1192480 1791.3
1192490 1793.4
1192500 1800.2
1192510 1800.2
1192520 1806.2
1192530 1811.3
1192540 1811.3
1192550 1816.0
1192560 1823.4
1192570 1824.8
1192580 1824.8
1192590 1827.1
1192600 1831.4
1192610 1831.4
1192620 1836.9
1192630 1844.0
1192640 1844.0
1192650 1851.6
1192660 1859.4
1192670 1859.4
1192680 1867.4
1192690 1878.2
1192700 1878.2
1192710 1889.8
1192720 1899.5
1192730 1899.5
1192740 1907.5
1192750 1914.4
1192760 1914.4
1192770 1921.1
1192780 1928.1
1192790 1937.1
1192800 1937.1
1192810 1944.1
1192820 1948.4
1192830 1948.4
1192840 1951.5
1192850 1954.4
1192860 1954.4
1192870 1956.4
1192880 1958.5
1192890 1958.5
1192900 1959.2
1192910 1958.4
1192920 1958.4
1192930 1956.8
1192940 1955.1
1192950 1955.1
1192960 1954.2
1192970 1953.7
1192980 1953.7
1192990 1953.8
1193000 1954.9
1193010 1956.7
1193020 1956.7
1193030 1959.2
1193040 1962.2
1193050 1962.2
1193060 1965.8
1193070 1970.2
1193080 1970.2
1193090 1974.8
1193100 1978.8
1193110 1978.8
1193120 1983.0
1193130 1987.7
1193140 1987.7
1193150 1992.2
1193160 1996.9
1193170 1996.9
1193180 2001.4
1193190 2005.9
1193200 2005.9
1193210 2010.4
1193220 2014.3
1193230 2014.3
1193240 2019.0
1193250 2024.0
1193260 2028.6
1193270 2028.6
1193280 2033.6
1193290 2039.7
1193300 2039.7
1193310 2046.0
1193320 2052.0
1193330 2052.0
1193340 2057.9
1193350 2063.8
1193360 2063.8
1193370 2069.9
1193380 2076.4
1193390 2076.4
1193400 2083.1
1193410 2090.3
1193420 2090.3
1193430 2102.3
1193440 2109.7
1193450 2109.7
1193460 2116.7
1193470 2123.9
1193480 2131.4
1193490 2131.4
1193500 2139.0
1193510 2146.1
1193520 2146.1
1193530 2152.4
1193540 2159.0
1193550 2159.0
1193560 2165.3
1193570 2172.4
1193580 2172.4
1193590 2180.1
1193600 2183.9
1193610 2183.9
1193620 2187.1
1193630 2194.9
1193640 2194.9
1193650 2206.4
1193660 2217.7
1193670 2217.7
1193680 2225.9
1193690 2232.1
1193700 2232.1
1193710 2238.7
1193720 2242.4
1193730 2246.3
1193740 2246.3
1193750 2254.5
1193760 2262.5
1193770 2262.5
1193780 2269.5
1193790 2276.1
1193800 2276.1
1193810 2282.8
1193820 2288.8
1193830 2288.8
1193840 2293.1
1193850 2295.7
1193860 2295.7
1193870 2299.0
1193880 2302.4
1193890 2302.4
1193900 2307.8
1193910 2314.1
1193920 2314.1
1193930 2320.5
1193940 2327.2
1193950 2332.2
1193960 2332.2
1193970 2336.1
1193980 2337.5
1193990 2337.5
1194000 2339.1
1194010 2340.2
1194020 2340.2
1194030 2341.1
1194040 2342.9
1194050 2342.9
1194060 2343.7
1194070 2343.6
1194080 2343.6
1194090 2344.7
1194100 2348.2
1194110 2348.2
1194120 2350.9
1194130 2353.4
1194140 2353.4
1194150 2355.1
1194160 2356.6
1194170 2352.8
1194180 2352.8
1194190 2350.7
1194200 2349.9
1194210 2349.9
1194220 2349.5
1194230 2349.4
1194240 2349.4
1194250 2348.9
1194260 2349.1
1194270 2349.1
1194280 2348.9
1194290 2348.0
1194300 2348.0
1194310 2343.4
1194320 2339.8
1194330 2339.8
1194340 2335.4
1194350 2330.8
1194360 2330.8
1194370 2325.9
1194380 2320.2
1194390 2320.2
1194400 2315.2
1194410 2310.3
1194420 2304.8
1194430 2304.8
1194440 2299.2
1194450 2292.0
1194460 2292.0
1194470 2284.6
1194480 2280.1
1194490 2280.1
1194500 2273.0
1194510 2264.1
1194520 2264.1
1194530 2255.0
1194540 2247.1
1194550 2247.1
1194560 2238.9
1194570 2228.7
1194580 2228.7
1194590 2219.4
1194600 2209.9
1194610 2209.9
1194620 2200.7
1194630 2191.4
1194640 2180.9
1194650 2180.9
1194660 2172.0
1194670 2164.9
1194680 2164.9
1194690 2158.2
1194700 2151.6
1194710 2151.6
1194720 2145.3
1194730 2138.8
1194740 2137.4
1194750 2131.6
1194760 2126.0
1194770 2126.0
1194780 2121.0
1194790 2115.6
1194800 2115.6
1194810 2109.1
1194820 2102.0
1194830 2102.0
1194840 2094.8
1194850 2088.3
1194860 2088.3
1194870 2083.3
1194880 2080.3
1194890 2078.2
1194900 2078.2
1194910 2076.2
1194920 2074.3
1194930 2074.3
1194940 2072.2
1194950 2071.0
1194960 2071.0
1194970 2069.7
1194980 2066.8
1194990 2066.8
1195000 2064.1
1195010 2061.5
1195020 2061.5
1195030 2059.7
1195040 2058.1
1195050 2058.1
1195060 2057.0
1195070 2055.5
1195080 2055.5
1195090 2054.4
1195100 2053.4
1195110 2051.1
1195120 2051.1
1195130 2049.2
1195140 2049.3
1195150 2049.3
1195160 2050.7
1195170 2051.4
1195180 2060.8
1195190 2064.3
1195200 2065.8
1195210 2065.8
1195220 2066.6
1195230 2062.3
1195240 2062.3
1195250 2055.8
1195260 2051.4
1195270 2051.4
1195280 2049.4
1195290 2053.6
1195300 2053.6
1195310 2059.0
1195320 2055.3
1195330 2045.2
1195340 2045.2
1195350 2048.7
1195360 2054.4
1195370 2054.4
1195380 2060.3
1195390 2058.8
1195400 2058.8
1195410 2056.0
1195420 2058.6
1195430 2058.6
1195440 2056.3
1195450 2051.6
1195460 2051.6
1195470 2048.4
1195480 2047.9
1195490 2047.9
1195500 2045.9
1195510 2041.7
1195520 2041.7
1195530 2036.0
1195540 2032.4
1195550 2032.4
1195560 2028.4
1195570 2026.4
1195580 2030.0
1195590 2030.0
1195600 2031.7
1195610 2030.4
1195620 2037.3
1195630 2034.3
1195640 2032.1
1195650 2032.1
1195660 2032.5
1195670 2032.5
1195680 2032.5
1195690 2030.3
1195700 2026.4
1195710 2026.4
1195720 2023.0
1195730 2018.8
1195740 2018.8
1195750 2015.1
1195760 2013.1
1195770 2013.1
1195780 2012.3
1195790 2009.2
1195800 2006.0
1195810 2006.0
1195820 2002.6
1195830 1998.3
1195840 1998.3
1195850 1993.5
1195860 1989.0
1195870 1989.0
1195880 1984.0
1195890 1977.3
1195900 1977.3
1195910 1971.4
1195920 1966.6
1195930 1966.6
1195940 1961.6
1195950 1957.1
1195960 1957.1
1195970 1953.1
1195980 1951.4
1195990 1951.4
1196000 1946.8
1196010 1940.2
1196020 1940.2
1196030 1935.5
1196040 1931.4
1196050 1927.4
1196060 1933.6
1196070 1929.1
1196080 1926.9
1196090 1926.9
1196100 1930.1
1196110 1929.4
1196120 1929.4
1196130 1924.8
1196140 1918.2
1196150 1918.2
1196160 1910.0
1196170 1902.3
1196180 1902.3
1196190 1894.7
1196200 1887.7
1196210 1887.7
1196220 1883.0
1196230 1882.3
1196240 1882.3
1196250 1882.6
1196260 1881.6
1196270 1880.0
1196280 1880.0
1196290 1896.0
1196300 1908.0
1196310 1908.0
1196320 1915.1
1196330 1919.0
1196340 1919.0
1196350 1919.8
1196360 1922.4
1196370 1922.4
1196380 1928.1
1196390 1930.4
1196400 1930.4
1196410 1926.3
1196420 1922.1
1196430 1922.1
1196440 1917.7
1196450 1913.1
1196460 1913.1
1196470 1908.4
1196480 1904.1
1196490 1898.8
1196500 1902.9
1196510 1898.8
1196520 1895.0
1196530 1895.0
1196540 1891.9
1196550 1889.3
1196560 1889.3
1196570 1887.2
1196580 1883.8
1196590 1883.8
1196600 1879.3
1196610 1873.4
1196620 1873.4
1196630 1867.8
1196640 1862.7
1196650 1862.7
1196660 1856.9
1196670 1851.3
1196680 1851.3
1196690 1846.3
1196700 1841.6
1196710 1841.6
1196720 1836.5
1196730 1831.0
1196740 1824.0
1196750 1824.0
1196760 1815.6
1196770 1802.3
1196780 1802.3
1196790 1782.1
1196800 1764.9
1196810 1764.9
1196820 1750.3
1196830 1738.0
1196840 1738.0
1196850 1728.8
1196860 1720.4
1196870 1720.4
1196880 1712.5
1196890 1704.5
1196900 1704.5
1196910 1696.8
1196920 1689.3
1196930 1689.3
1196940 1683.0
1196950 1676.8
1196960 1672.5
1196970 1672.5
1196980 1666.8
1196990 1661.9
1197000 1661.9
1197010 1656.7
1197020 1647.9
1197030 1647.9
1197040 1639.3
1197050 1631.7
1197060 1631.7
1197070 1625.6
1197080 1625.6
1197090 1625.6
1197100 1629.0
1197110 1632.3
1197120 1632.3
1197130 1636.1
1197140 1640.5
1197150 1640.5
1197160 1645.9
1197170 1652.7
1197180 1652.7
1197190 1659.9
1197200 1665.7
1197210 1672.3
1197220 1672.3
1197230 1678.2
1197240 1683.2
1197250 1683.2
1197260 1687.7
1197270 1691.9
1197280 1691.9
1197290 1694.9
1197300 1697.9
1197310 1697.9
1197320 1702.0
1197330 1707.9
1197340 1707.9
1197350 1713.5
1197360 1716.4
1197370 1716.4
1197380 1721.8
1197390 1726.6
1197400 1726.6
1197410 1732.0
1197420 1737.7
1197430 1743.0
1197440 1743.0
1197450 1748.0
1197460 1751.6
1197470 1751.6
1197480 1753.9
1197490 1755.1
1197500 1755.1
1197510 1755.4
1197520 1755.6
1197530 1755.6
1197540 1756.1
1197550 1756.4
1197560 1756.4
1197570 1756.4
1197580 1755.6
1197590 1755.6
1197600 1754.9
1197610 1756.1
1197620 1756.1
1197630 1758.1
1197640 1759.5
1197650 1758.7
1197660 1758.7
1197670 1756.7
1197680 1754.9
1197690 1754.9
1197700 1752.8
1197710 1751.9
1197720 1751.9
1197730 1751.8
1197740 1751.4
1197750 1751.4
1197760 1750.7
1197770 1750.4
1197780 1750.4
1197790 1751.0
1197800 1751.8
1197810 1751.8
1197820 1752.4
1197830 1756.2
1197840 1756.2
1197850 1756.5
1197860 1755.5
1197870 1755.5
1197880 1753.6
1197890 1752.2
1197900 1750.4
1197910 1750.4
1197920 1748.4
1197930 1746.8
1197940 1746.8
1197950 1745.2
1197960 1743.2
1197970 1743.2
1197980 1741.5
1197990 1739.8
1198000 1739.8
1198010 1739.3
1198020 1739.1
1198030 1739.1
1198040 1738.2
1198050 1735.6
1198060 1735.6
1198070 1731.4
1198080 1727.4
1198090 1727.4
1198100 1723.9
1198110 1718.2
1198120 1711.4
1198130 1711.4
1198140 1704.4
1198150 1694.2
1198160 1694.2
1198170 1685.8
1198180 1679.1
1198190 1679.1
1198200 1675.0
1198210 1671.5
1198220 1671.5
1198230 1671.4
1198240 1671.3
1198250 1671.3
1198260 1669.0
1198270 1674.6
1198280 1674.6
1198290 1672.1
1198300 1670.3
1198310 1670.3
1198320 1667.9
1198330 1665.1
1198340 1665.1
1198350 1662.5
1198360 1657.9
1198370 1650.6
1198380 1650.6
1198390 1645.3
1198400 1640.3
1198410 1640.3
1198420 1633.5
1198430 1624.1
1198440 1624.1
1198450 1613.4
1198460 1609.0
1198470 1609.0
1198480 1603.8
1198490 1597.7
1198500 1597.7
1198510 1591.3
1198520 1582.4
1198530 1582.4
1198540 1575.5
1198550 1567.9
1198560 1567.9
1198570 1560.7
1198580 1553.8
1198590 1547.2
1198600 1547.2
1198610 1541.8
1198620 1536.4
1198630 1536.4
1198640 1531.2
1198650 1527.0
1198660 1527.0
1198670 1522.2
1198680 1516.7
1198690 1516.7
1198700 1511.7
1198710 1511.5
1198720 1511.5
1198730 1508.1
1198740 1504.7
1198750 1504.7
1198760 1501.1
1198770 1496.6
1198780 1496.6
1198790 1491.4
1198800 1485.2
1198810 1476.8
1198820 1476.8
1198830 1465.8
1198840 1456.0
1198850 1456.0
1198860 1445.8
1198870 1437.8
1198880 1437.8
1198890 1432.8
1198900 1429.3
1198910 1429.3
1198920 1427.0
1198930 1424.2
1198940 1424.2
1198950 1419.0
1198960 1408.7
1198970 1408.7
1198980 1399.3
1198990 1393.4
1199000 1393.4
1199010 1389.3
1199020 1380.3
1199030 1380.3
1199040 1369.8
1199050 1357.7
1199060 1349.5
1199070 1349.5
1199080 1340.3
1199090 1331.8
1199100 1331.8
1199110 1326.2
1199120 1321.2
1199130 1321.2
1199140 1317.1
1199150 1312.3
1199160 1321.6
1199170 1313.2
1199180 1306.5
1199190 1306.5
1199200 1304.5
1199210 1306.9
1199220 1306.9
1199230 1305.2
1199240 1300.1
1199250 1300.1
1199260 1289.6
1199270 1280.6
1199280 1281.8
1199290 1281.8
1199300 1285.3
1199310 1285.9
1199320 1285.9
1199330 1281.4
1199340 1275.1
1199350 1275.1
1199360 1269.8
1199370 1264.2
1199380 1264.2
1199390 1258.0
1199400 1251.9
1199410 1251.9
1199420 1244.3
1199430 1236.6
1199440 1236.6
1199450 1228.8
1199460 1221.7
1199470 1221.7
1199480 1213.5
1199490 1206.1
1199500 1199.8
1199510 1199.8
1199520 1193.4
1199530 1186.5
1199540 1186.5
1199550 1178.8
1199560 1172.5
1199570 1172.5
1199580 1168.0
1199590 1164.6
1199600 1166.7
1199610 1162.6
1199620 1157.4
1199630 1157.4
1199640 1153.8
1199650 1151.3
1199660 1151.3
1199670 1146.8
1199680 1142.0
1199690 1142.0
1199700 1139.7
1199710 1141.9
1199720 1141.9
1199730 1149.0
1199740 1157.0
1199750 1158.3
1199760 1158.3
1199770 1153.1
1199780 1147.1
1199790 1147.1
1199800 1141.2
1199810 1136.0
1199820 1136.0
1199830 1131.9
1199840 1126.6
1199850 1126.6
1199860 1117.6
1199870 1109.0
1199880 1109.0
1199890 1101.8
1199900 1097.0
1199910 1097.0
1199920 1093.8
1199930 1091.5
1199940 1091.5
1199950 1089.6
1199960 1089.4
1199970 1089.2
1199980 1089.2
1199990 1088.1
