1180000 1154.6
1180010 1160.0
1180020 1160.0
1180030 1165.4
1180040 1170.9
1180050 1170.9
1180060 1176.1
1180070 1181.8
1180080 1187.2
1180090 1187.2
1180100 1192.4
1180110 1197.3
1180120 1197.3
1180130 1201.9
1180140 1206.9
1180150 1206.9
1180160 1213.3
1180170 1220.5
1180180 1220.5
1180190 1228.4
1180200 1236.6
1180210 1225.6
1180220 1233.5
1180230 1241.2
1180240 1241.2
1180250 1248.0
1180260 1257.7
1180270 1257.7
1180280 1268.0
1180290 1273.2
1180300 1276.2
1180310 1276.2
1180320 1281.7
1180330 1286.7
1180340 1286.7
1180350 1291.3
1180360 1294.8
1180370 1294.8
1180380 1297.6
1180390 1300.5
1180400 1300.5
1180410 1304.3
1180420 1307.5
1180430 1307.5
1180440 1309.8
1180450 1312.3
1180460 1312.3
1180470 1315.4
1180480 1318.3
1180490 1318.3
1180500 1320.6
1180510 1322.6
1180520 1322.6
1180530 1324.8
1180540 1327.1
1180550 1329.8
1180560 1329.8
1180570 1333.6
1180580 1337.4
1180590 1337.4
1180600 1341.1
1180610 1345.8
1180620 1345.8
1180630 1347.5
1180640 1350.0
1180650 1350.0
1180660 1349.3
1180670 1349.0
1180680 1349.0
1180690 1349.1
1180700 1349.2
1180710 1349.2
1180720 1349.6
1180730 1350.6
1180740 1350.6
1180750 1351.7
1180760 1352.9
1180770 1354.1
1180780 1354.1
1180790 1355.5
1180800 1356.9
1180810 1356.9
1180820 1358.3
1180830 1359.7
1180840 1359.7
1180850 1361.7
1180860 1365.1
1180870 1365.1
1180880 1368.9
1180890 1373.0
1180900 1373.0
1180910 1374.9
1180920 1376.4
1180930 1376.4
1180940 1377.7
1180950 1379.0
1180960 1379.0
1180970 1380.3
1180980 1381.6
1180990 1383.0
1181000 1383.0
1181010 1384.6
1181020 1387.0
1181030 1387.0
1181040 1389.7
1181050 1386.9
1181060 1386.9
1181070 1388.1
1181080 1389.6
1181090 1389.6
1181100 1391.0
1181110 1392.3
1181120 1392.3
1181130 1393.4
1181140 1395.7
1181150 1395.7
1181160 1398.1
1181170 1401.6
1181180 1401.6
1181190 1402.9
1181200 1403.1
1181210 1403.1
1181220 1403.1
1181230 1403.0
1181240 1402.9
1181250 1402.9
1181260 1403.1
1181270 1403.6
1181280 1403.6
1181290 1404.1
1181300 1404.2
1181310 1404.2
1181320 1404.1
1181330 1404.2
1181340 1404.2
1181350 1404.7
1181360 1405.5
1181370 1405.5
1181380 1407.3
1181390 1410.0
1181400 1410.0
1181410 1412.9
1181420 1415.7
1181430 1415.7
1181440 1419.0
1181450 1422.3
1181460 1425.3
1181470 1422.8
1181480 1427.6
1181490 1433.7
1181500 1433.7
1181510 1437.8
1181520 1438.9
1181530 1438.9
1181540 1439.8
1181550 1440.3
1181560 1440.3
1181570 1440.6
1181580 1440.3
1181590 1440.3
1181600 1440.4
1181610 1440.2
1181620 1440.2
1181630 1439.8
1181640 1439.8
1181650 1439.8
1181660 1440.0
1181670 1440.2
1181680 1440.2
1181690 1442.1
1181700 1445.6
1181710 1448.8
1181720 1448.8
1181730 1449.6
1181740 1449.6
1181750 1449.6
1181760 1449.1
1181770 1447.4
1181780 1447.4
1181790 1444.6
1181800 1441.3
1181810 1441.3
1181820 1438.6
1181830 1436.8
1181840 1436.8
1181850 1435.4
1181860 1434.6
1181870 1434.6
1181880 1434.4
1181890 1430.9
1181900 1430.9
1181910 1429.5
1181920 1426.9
1181930 1424.1
1181940 1424.1
1181950 1422.5
1181960 1422.1
1181970 1422.1
1181980 1422.2
1181990 1421.6
1182000 1421.6
1182010 1421.7
1182020 1421.9
1182030 1421.9
1182040 1421.9
1182050 1421.7
1182060 1421.7
1182070 1421.4
1182080 1422.0
1182090 1422.0
1182100 1423.7
1182110 1425.0
1182120 1425.0
1182130 1425.6
1182140 1426.8
1182150 1426.8
1182160 1428.4
1182170 1430.3
1182180 1432.5
1182190 1432.5
1182200 1435.0
1182210 1437.2
1182220 1437.2
1182230 1439.2
1182240 1441.2
1182250 1441.2
1182260 1443.5
1182270 1446.3
1182280 1446.3
1182290 1449.6
1182300 1453.8
1182310 1450.4
1182320 1452.9
1182330 1455.0
1182340 1455.0
1182350 1456.3
1182360 1456.3
1182370 1456.3
1182380 1455.3
1182390 1455.7
1182400 1457.2
1182410 1457.2
1182420 1459.2
1182430 1462.0
1182440 1462.0
1182450 1464.9
1182460 1466.8
1182470 1466.8
1182480 1468.3
1182490 1468.7
1182500 1468.7
1182510 1469.1
1182520 1469.7
1182530 1469.7
1182540 1469.4
1182550 1470.2
1182560 1470.2
1182570 1471.4
1182580 1473.1
1182590 1473.1
1182600 1474.8
1182610 1476.5
1182620 1476.5
1182630 1479.2
1182640 1482.5
1182650 1485.9
1182660 1485.9
1182670 1489.7
1182680 1492.1
1182690 1492.1
1182700 1493.6
1182710 1495.8
1182720 1495.8
1182730 1492.8
1182740 1495.3
1182750 1495.3
1182760 1495.5
1182770 1495.5
1182780 1495.5
1182790 1497.9
1182800 1501.2
1182810 1501.2
1182820 1504.6
1182830 1507.7
1182840 1507.7
1182850 1511.0
1182860 1513.8
1182870 1516.2
1182880 1516.2
1182890 1519.2
1182900 1521.7
1182910 1521.7
1182920 1523.8
1182930 1526.7
1182940 1526.7
1182950 1530.4
1182960 1533.3
1182970 1533.3
1182980 1536.0
1182990 1538.7
1183000 1538.7
1183010 1540.9
1183020 1543.1
1183030 1543.1
1183040 1545.6
1183050 1548.1
1183060 1548.1
1183070 1549.9
1183080 1550.8
1183090 1550.8
1183100 1551.9
1183110 1552.6
1183120 1553.5
1183130 1553.5
1183140 1555.1
1183150 1548.9
1183160 1548.9
1183170 1548.8
1183180 1548.6
1183190 1548.6
1183200 1548.4
1183210 1548.3
1183220 1548.3
1183230 1548.4
1183240 1549.0
1183250 1549.0
1183260 1549.7
1183270 1549.2
1183280 1549.2
1183290 1548.3
1183300 1547.5
1183310 1547.5
1183320 1545.9
1183330 1543.6
1183340 1541.1
1183350 1541.1
1183360 1538.8
1183370 1537.3
1183380 1537.3
1183390 1535.7
1183400 1532.9
1183410 1532.9
1183420 1530.4
1183430 1527.2
1183440 1527.2
1183450 1524.2
1183460 1521.0
1183470 1521.0
1183480 1517.5
1183490 1513.5
1183500 1513.5
1183510 1509.6
1183520 1506.6
1183530 1506.6
1183540 1502.7
1183550 1499.2
1183560 1496.0
1183570 1492.4
1183580 1488.1
1183590 1482.3
1183600 1482.3
1183610 1476.4
1183620 1471.0
1183630 1471.0
1183640 1466.0
1183650 1462.6
1183660 1462.6
1183670 1458.4
1183680 1454.0
1183690 1454.0
1183700 1449.7
1183710 1444.4
1183720 1444.4
1183730 1438.6
1183740 1434.0
1183750 1434.0
1183760 1430.4
1183770 1427.2
1183780 1427.2
1183790 1423.8
1183800 1420.4
1183810 1417.1
1183820 1417.1
1183830 1414.1
1183840 1411.4
1183850 1411.4
1183860 1408.8
1183870 1405.8
1183880 1405.8
1183890 1402.9
1183900 1400.5
1183910 1400.5
1183920 1398.4
1183930 1396.2
1183940 1396.2
1183950 1392.6
1183960 1387.4
1183970 1387.4
1183980 1382.3
1183990 1375.2
1184000 1375.2
1184010 1370.4
1184020 1366.4
1184030 1363.1
1184040 1363.1
1184050 1360.0
1184060 1358.5
1184070 1358.5
1184080 1355.8
1184090 1352.5
1184100 1352.5
1184110 1349.0
1184120 1343.4
1184130 1343.4
1184140 1337.1
1184150 1330.5
1184160 1330.5
1184170 1325.7
1184180 1330.0
1184190 1330.0
1184200 1338.3
1184210 1346.9
1184220 1346.9
1184230 1355.4
1184240 1363.1
1184250 1363.1
1184260 1369.8
1184270 1376.7
1184280 1381.9
1184290 1381.9
1184300 1388.4
1184310 1395.9
1184320 1395.9
1184330 1403.9
1184340 1411.3
1184350 1411.3
1184360 1419.9
1184370 1426.4
1184380 1426.4
1184390 1426.6
1184400 1425.9
1184410 1423.0
1184420 1421.2
1184430 1421.5
1184440 1421.5
1184450 1422.7
1184460 1425.6
1184470 1425.6
1184480 1429.8
1184490 1434.4
1184500 1438.8
1184510 1438.8
1184520 1443.2
1184530 1447.2
1184540 1447.2
1184550 1450.6
1184560 1453.3
1184570 1453.3
1184580 1455.4
1184590 1457.4
1184600 1457.4
1184610 1459.5
1184620 1461.9
1184630 1461.9
1184640 1465.0
1184650 1468.5
1184660 1468.5
1184670 1472.1
1184680 1475.4
1184690 1475.4
1184700 1477.6
1184710 1479.6
1184720 1479.6
1184730 1482.0
1184740 1484.5
1184750 1487.5
1184760 1487.5
1184770 1490.2
1184780 1493.2
1184790 1493.2
1184800 1495.7
1184810 1496.6
1184820 1496.6
1184830 1497.0
1184840 1490.8
1184850 1490.8
1184860 1493.1
1184870 1497.4
1184880 1497.4
1184890 1501.8
1184900 1504.0
1184910 1504.0
1184920 1506.1
1184930 1509.8
1184940 1509.8
1184950 1513.9
1184960 1517.3
1184970 1520.6
1184980 1520.6
1184990 1523.4
1185000 1525.7
1185010 1525.7
1185020 1527.9
1185030 1531.3
1185040 1531.3
1185050 1534.7
1185060 1538.2
1185070 1538.2
1185080 1540.0
1185090 1542.7
1185100 1542.7
1185110 1546.0
1185120 1548.3
1185130 1548.3
1185140 1550.5
1185150 1553.8
1185160 1553.8
1185170 1556.3
1185180 1559.1
1185190 1559.1
1185200 1563.1
1185210 1565.9
1185220 1567.2
1185230 1567.2
1185240 1568.2
1185250 1569.2
1185260 1567.0
1185270 1567.5
1185280 1568.4
1185290 1568.4
1185300 1570.6
1185310 1572.3
1185320 1572.3
1185330 1573.8
1185340 1575.7
1185350 1575.7
1185360 1577.7
1185370 1579.5
1185380 1579.5
1185390 1581.1
1185400 1582.9
1185410 1582.9
1185420 1585.1
1185430 1587.6
1185440 1590.5
1185450 1590.5
1185460 1592.8
1185470 1594.9
1185480 1594.9
1185490 1596.7
1185500 1598.4
1185510 1598.4
1185520 1600.1
1185530 1601.8
1185540 1601.8
1185550 1603.0
1185560 1604.1
1185570 1604.1
1185580 1605.8
1185590 1607.9
1185600 1607.9
1185610 1609.7
1185620 1610.8
1185630 1610.8
1185640 1611.5
1185650 1612.5
1185660 1613.6
1185670 1613.6
1185680 1608.5
1185690 1609.3
1185700 1609.3
1185710 1609.5
1185720 1611.1
1185730 1611.1
1185740 1613.5
1185750 1616.2
1185760 1616.2
1185770 1619.0
1185780 1621.2
1185790 1621.2
1185800 1623.0
1185810 1624.5
1185820 1624.5
1185830 1626.2
1185840 1628.6
1185850 1628.6
1185860 1632.2
1185870 1636.6
1185880 1636.6
1185890 1639.4
1185900 1640.6
1185910 1641.1
1185920 1641.1
1185930 1642.7
1185940 1643.6
1185950 1643.6
1185960 1642.9
1185970 1641.8
1185980 1641.8
1185990 1641.1
1186000 1640.6
1186010 1640.6
1186020 1640.4
1186030 1642.1
1186040 1642.1
1186050 1645.1
1186060 1646.0
1186070 1646.0
1186080 1647.7
1186090 1649.9
1186100 1649.9
1186110 1646.7
1186120 1647.6
1186130 1647.6
1186140 1647.6
1186150 1647.8
1186160 1648.1
1186170 1648.1
1186180 1648.2
1186190 1647.4
1186200 1647.4
1186210 1646.0
1186220 1645.3
1186230 1645.3
1186240 1644.8
1186250 1643.9
1186260 1643.9
1186270 1644.5
1186280 1647.8
1186290 1647.8
1186300 1648.5
1186310 1648.1
1186320 1648.1
1186330 1647.7
1186340 1647.0
1186350 1647.0
1186360 1646.0
1186370 1644.9
1186380 1643.7
1186390 1643.7
1186400 1642.9
1186410 1641.6
1186420 1641.6
1186430 1641.0
1186440 1642.0
1186450 1642.0
1186460 1641.2
1186470 1640.2
1186480 1640.2
1186490 1641.4
1186500 1642.3
1186510 1642.3
1186520 1641.5
1186530 1637.7
1186540 1637.7
1186550 1637.1
1186560 1636.5
1186570 1636.5
1186580 1636.4
1186590 1636.4
1186600 1636.9
1186610 1636.9
1186620 1637.5
1186630 1637.2
1186640 1637.2
1186650 1636.0
1186660 1634.1
1186670 1634.1
1186680 1633.1
1186690 1633.2
1186700 1633.2
1186710 1633.8
1186720 1634.8
1186730 1634.8
1186740 1636.2
1186750 1637.2
1186760 1637.2
1186770 1635.6
1186780 1634.1
1186790 1634.1
1186800 1634.5
1186810 1634.9
1186820 1634.9
1186830 1634.8
1186840 1633.9
1186850 1632.6
1186860 1632.6
1186870 1630.4
1186880 1627.9
1186890 1627.9
1186900 1625.4
1186910 1621.8
1186920 1621.8
1186930 1618.2
1186940 1614.6
1186950 1614.6
1186960 1609.3
1186970 1606.1
1186980 1606.1
1186990 1604.7
1187000 1603.9
1187010 1603.9
1187020 1603.9
1187030 1603.7
1187040 1603.7
1187050 1601.7
1187060 1598.2
1187070 1595.2
1187080 1595.2
1187090 1592.8
1187100 1591.2
1187110 1591.2
1187120 1589.9
1187130 1588.6
1187140 1588.6
1187150 1587.8
1187160 1587.4
1187170 1587.4
1187180 1586.4
1187190 1585.6
1187200 1585.6
1187210 1584.3
1187220 1582.3
1187230 1582.3
1187240 1579.7
1187250 1577.9
1187260 1577.9
1187270 1575.2
1187280 1572.3
1187290 1572.3
1187300 1569.7
1187310 1567.3
1187320 1566.2
1187330 1566.2
1187340 1565.1
1187350 1564.4
1187360 1564.4
1187370 1564.6
1187380 1564.9
1187390 1563.2
1187400 1563.4
1187410 1563.6
1187420 1563.6
1187430 1563.0
1187440 1561.6
1187450 1561.6
1187460 1559.1
1187470 1556.3
1187480 1556.3
1187490 1554.9
1187500 1554.5
1187510 1554.5
1187520 1554.2
1187530 1554.2
1187540 1555.0
1187550 1555.0
1187560 1556.6
1187570 1557.9
1187580 1557.9
1187590 1557.8
1187600 1557.1
1187610 1557.1
1187620 1556.5
1187630 1555.3
1187640 1555.3
1187650 1555.0
1187660 1555.5
1187670 1555.5
1187680 1556.9
1187690 1558.8
1187700 1558.8
1187710 1561.1
1187720 1561.1
1187730 1561.1
1187740 1559.3
1187750 1560.3
1187760 1560.3
1187770 1563.2
1187780 1566.3
1187790 1569.4
1187800 1569.4
1187810 1572.0
1187820 1573.3
1187830 1573.3
1187840 1574.7
1187850 1576.7
1187860 1576.7
1187870 1578.0
1187880 1579.3
1187890 1579.3
1187900 1579.9
1187910 1578.9
1187920 1578.9
1187930 1577.5
1187940 1575.4
1187950 1575.4
1187960 1572.4
1187970 1569.1
1187980 1569.1
1187990 1565.7
1188000 1562.3
1188010 1559.3
1188020 1559.3
1188030 1556.1
1188040 1553.7
1188050 1553.7
1188060 1551.9
1188070 1550.6
1188080 1550.6
1188090 1549.9
1188100 1549.5
1188110 1549.5
1188120 1549.0
1188130 1547.8
1188140 1547.8
1188150 1546.1
1188160 1545.8
1188170 1545.8
1188180 1545.3
1188190 1544.7
1188200 1544.7
1188210 1544.1
1188220 1543.4
1188230 1542.6
1188240 1542.9
1188250 1542.1
1188260 1541.5
1188270 1541.5
1188280 1541.2
1188290 1540.8
1188300 1540.8
1188310 1540.3
1188320 1540.0
1188330 1540.0
1188340 1540.0
1188350 1539.1
1188360 1539.1
1188370 1537.7
1188380 1535.6
1188390 1535.6
1188400 1533.3
1188410 1531.2
1188420 1531.2
1188430 1529.2
1188440 1526.9
1188450 1526.9
1188460 1524.1
1188470 1522.0
1188480 1520.2
1188490 1520.2
1188500 1518.3
1188510 1516.9
1188520 1516.9
1188530 1515.0
1188540 1512.9
1188550 1512.9
1188560 1511.7
1188570 1511.1
1188580 1511.1
1188590 1509.6
1188600 1506.9
1188610 1506.9
1188620 1503.6
1188630 1499.2
1188640 1499.2
1188650 1494.5
1188660 1491.0
1188670 1488.6
1188680 1485.6
1188690 1483.4
1188700 1479.1
1188710 1479.1
1188720 1473.5
1188730 1468.7
1188740 1468.7
1188750 1466.7
1188760 1465.4
1188770 1465.4
1188780 1462.5
1188790 1459.7
1188800 1459.7
1188810 1456.3
1188820 1455.8
1188830 1455.8
1188840 1454.2
1188850 1451.7
1188860 1451.7
1188870 1449.2
1188880 1447.8
1188890 1447.8
1188900 1446.2
1188910 1444.8
1188920 1444.8
1188930 1443.1
1188940 1443.2
1188950 1443.8
1188960 1443.8
1188970 1442.8
1188980 1440.5
1188990 1440.5
1189000 1437.7
1189010 1434.2
1189020 1434.2
1189030 1430.3
1189040 1424.9
1189050 1424.9
1189060 1420.1
1189070 1414.3
1189080 1414.3
1189090 1409.1
1189100 1407.8
1189110 1407.8
1189120 1407.3
1189130 1405.7
1189140 1405.7
1189150 1404.2
1189160 1405.4
1189170 1404.2
1189180 1404.2
1189190 1402.1
1189200 1399.2
1189210 1399.2
1189220 1394.3
1189230 1388.8
1189240 1388.8
1189250 1382.9
1189260 1377.1
1189270 1377.1
1189280 1372.6
1189290 1369.3
1189300 1369.3
1189310 1368.1
1189320 1368.1
1189330 1368.1
1189340 1370.3
1189350 1372.9
1189360 1372.9
1189370 1373.6
1189380 1373.7
1189390 1373.7
1189400 1373.4
1189410 1372.3
1189420 1367.3
1189430 1367.3
1189440 1361.6
1189450 1358.1
1189460 1358.1
1189470 1357.0
1189480 1356.8
1189490 1356.8
1189500 1356.7
1189510 1356.5
1189520 1356.5
1189530 1356.5
1189540 1356.3
1189550 1356.3
1189560 1356.2
1189570 1356.1
1189580 1356.1
1189590 1356.1
1189600 1356.5
1189610 1356.5
1189620 1358.8
1189630 1362.3
1189640 1364.3
1189650 1364.3
1189660 1365.0
1189670 1364.1
1189680 1364.1
1189690 1362.6
1189700 1361.7
1189710 1361.7
1189720 1361.4
1189730 1360.1
1189740 1360.1
1189750 1359.2
1189760 1358.5
1189770 1358.5
1189780 1358.0
1189790 1358.0
1189800 1358.0
1189810 1358.0
1189820 1359.7
1189830 1359.7
1189840 1363.9
1189850 1368.2
1189860 1368.2
1189870 1372.4
1189880 1378.0
1189890 1385.6
1189900 1385.6
1189910 1392.7
1189920 1398.9
1189930 1398.9
1189940 1403.1
1189950 1404.7
1189960 1408.3
1189970 1409.5
1189980 1410.4
1189990 1410.4
1190000 1411.4
1190010 1410.8
1190020 1410.8
1190030 1411.9
1190040 1411.4
1190050 1411.4
1190060 1406.8
1190070 1401.8
1190080 1401.8
1190090 1399.0
1190100 1395.4
1190110 1391.6
1190120 1391.6
1190130 1388.3
1190140 1387.3
1190150 1387.3
1190160 1389.3
1190170 1391.6
1190180 1391.6
1190190 1394.0
1190200 1397.8
1190210 1397.8
1190220 1403.8
1190230 1411.5
1190240 1411.5
1190250 1415.5
1190260 1416.4
1190270 1416.4
1190280 1415.3
1190290 1416.1
1190300 1416.1
1190310 1417.2
1190320 1417.5
1190330 1418.2
1190340 1418.2
1190350 1419.4
1190360 1420.6
1190370 1420.6
1190380 1424.4
1190390 1436.7
1190400 1436.7
1190410 1436.4
1190420 1434.5
1190430 1434.5
1190440 1431.8
1190450 1430.3
1190460 1430.3
1190470 1429.4
1190480 1430.4
1190490 1430.4
1190500 1433.4
1190510 1433.2
1190520 1433.2
1190530 1432.8
1190540 1432.3
1190550 1432.3
1190560 1430.4
1190570 1428.4
1190580 1426.8
1190590 1426.8
1190600 1425.5
1190610 1423.4
1190620 1423.4
1190630 1420.6
1190640 1418.1
1190650 1418.1
1190660 1415.4
1190670 1412.7
1190680 1412.7
1190690 1410.3
1190700 1409.6
1190710 1409.6
1190720 1410.0
1190730 1409.8
1190740 1409.8
1190750 1409.3
1190760 1407.7
1190770 1407.7
1190780 1405.2
1190790 1404.0
1190800 1402.8
1190810 1402.8
1190820 1401.2
1190830 1397.5
1190840 1397.5
1190850 1394.4
1190860 1389.2
1190870 1389.2
1190880 1386.8
1190890 1388.5
1190900 1388.5
1190910 1389.3
1190920 1388.9
1190930 1388.9
1190940 1387.9
1190950 1387.1
1190960 1387.1
1190970 1386.8
1190980 1387.3
1190990 1387.3
1191000 1388.5
1191010 1391.2
1191020 1391.2
1191030 1394.8
1191040 1398.6
1191050 1403.4
1191060 1403.4
1191070 1409.7
1191080 1415.0
1191090 1415.0
1191100 1417.0
1191110 1417.1
1191120 1417.1
1191130 1417.7
1191140 1419.1
1191150 1419.1
1191160 1420.7
1191170 1423.5
1191180 1423.5
1191190 1426.5
1191200 1430.4
1191210 1430.4
1191220 1435.1
1191230 1440.3
1191240 1440.3
1191250 1448.6
1191260 1464.2
1191270 1471.2
1191280 1471.2
1191290 1475.8
1191300 1478.8
1191310 1478.8
1191320 1478.8
1191330 1477.5
1191340 1477.5
1191350 1477.7
1191360 1479.0
1191370 1479.0
1191380 1481.2
1191390 1484.5
1191400 1484.5
1191410 1487.3
1191420 1487.3
1191430 1487.3
1191440 1483.2
1191450 1479.5
1191460 1479.5
1191470 1476.9
1191480 1471.6
1191490 1471.6
1191500 1468.9
1191510 1468.2
1191520 1468.0
1191530 1468.0
1191540 1468.3
1191550 1470.1
1191560 1470.1
1191570 1472.8
1191580 1473.8
1191590 1473.8
1191600 1473.4
1191610 1474.3
1191620 1474.3
1191630 1476.2
1191640 1479.0
1191650 1479.0
1191660 1481.2
1191670 1481.9
1191680 1481.9
1191690 1484.8
1191700 1484.2
1191710 1484.2
1191720 1483.2
1191730 1482.6
1191740 1482.7
1191750 1482.7
1191760 1481.8
1191770 1479.8
1191780 1479.8
1191790 1476.9
1191800 1473.3
1191810 1473.3
1191820 1471.2
1191830 1470.6
1191840 1470.6
1191850 1467.7
1191860 1463.4
1191870 1463.4
1191880 1463.5
1191890 1466.9
1191900 1466.9
1191910 1468.1
1191920 1468.3
1191930 1468.3
1191940 1468.8
1191950 1471.7
1191960 1471.7
1191970 1475.2
1191980 1477.3
1191990 1480.1
1192000 1480.1
1192010 1483.0
1192020 1486.2
1192030 1486.2
1192040 1489.4
1192050 1492.6
1192060 1492.6
1192070 1496.2
1192080 1499.3
1192090 1499.3
1192100 1501.7
1192110 1500.9
1192120 1500.9
1192130 1490.9
1192140 1482.5
1192150 1482.5
1192160 1479.1
1192170 1480.9
1192180 1480.9
1192190 1484.5
1192200 1488.3
1192210 1492.3
1192220 1492.3
1192230 1496.9
1192240 1502.7
1192250 1502.7
1192260 1508.3
1192270 1514.2
1192280 1514.2
1192290 1520.7
1192300 1525.6
1192310 1525.6
1192320 1530.0
1192330 1536.6
1192340 1536.6
1192350 1544.9
1192360 1552.1
1192370 1552.1
1192380 1558.4
1192390 1568.0
1192400 1568.0
1192410 1583.5
1192420 1593.1
1192430 1599.4
1192440 1599.4
1192450 1601.0
1192460 1601.9
1192470 1601.9
1192480 1603.2
1192490 1604.6
1192500 1604.6
1192510 1605.9
1192520 1607.9
1192530 1607.9
1192540 1611.6
1192550 1615.8
1192560 1620.5
1192570 1626.2
1192580 1635.0
1192590 1635.0
1192600 1640.1
1192610 1640.9
1192620 1640.9
1192630 1641.7
1192640 1646.8
1192650 1646.8
1192660 1656.7
1192670 1662.8
1192680 1664.3
1192690 1664.3
1192700 1664.1
1192710 1662.5
1192720 1662.5
1192730 1662.7
1192740 1665.3
1192750 1665.3
1192760 1668.4
1192770 1670.8
1192780 1670.8
1192790 1674.6
1192800 1680.0
1192810 1680.0
1192820 1684.7
1192830 1688.0
1192840 1688.0
1192850 1690.1
1192860 1691.7
1192870 1691.7
1192880 1693.9
1192890 1697.7
1192900 1701.7
1192910 1701.7
1192920 1704.4
1192930 1706.0
1192940 1706.0
1192950 1708.2
1192960 1708.9
1192970 1708.9
1192980 1709.6
1192990 1710.6
1193000 1712.7
1193010 1714.4
1193020 1716.9
1193030 1716.9
1193040 1721.8
1193050 1727.3
1193060 1727.3
1193070 1732.6
1193080 1736.2
1193090 1736.2
1193100 1737.3
1193110 1739.2
1193120 1739.2
1193130 1742.8
1193140 1745.7
1193150 1748.0
1193160 1748.0
1193170 1750.9
1193180 1754.4
1193190 1754.4
1193200 1756.7
1193210 1758.3
1193220 1758.3
1193230 1759.9
1193240 1761.0
1193250 1761.0
1193260 1761.7
1193270 1762.7
1193280 1762.7
1193290 1764.8
1193300 1767.5
1193310 1767.5
1193320 1770.9
1193330 1775.3
1193340 1775.3
1193350 1778.3
1193360 1780.1
1193370 1782.5
1193380 1782.5
1193390 1785.2
1193400 1787.7
1193410 1787.7
1193420 1789.6
1193430 1793.4
1193440 1793.4
1193450 1795.4
1193460 1797.9
1193470 1797.9
1193480 1800.5
1193490 1803.2
1193500 1803.2
1193510 1806.6
1193520 1811.4
1193530 1811.4
1193540 1814.9
1193550 1817.5
1193560 1817.5
1193570 1819.8
1193580 1823.0
1193590 1823.0
1193600 1827.5
1193610 1832.7
1193620 1837.7
1193630 1837.7
1193640 1843.1
1193650 1850.5
1193660 1850.5
1193670 1858.4
1193680 1864.7
1193690 1864.7
1193700 1870.4
1193710 1877.9
1193720 1877.9
1193730 1887.1
1193740 1894.3
1193750 1894.3
1193760 1898.1
1193770 1900.9
1193780 1900.9
1193790 1903.8
1193800 1908.0
1193810 1908.0
1193820 1911.7
1193830 1915.8
1193840 1919.8
1193850 1919.8
1193860 1922.9
1193870 1929.2
1193880 1929.2
1193890 1931.3
1193900 1933.8
1193910 1933.8
1193920 1937.3
1193930 1941.9
1193940 1941.9
1193950 1946.1
1193960 1951.6
1193970 1951.6
1193980 1957.3
1193990 1962.3
1194000 1962.3
1194010 1968.4
1194020 1973.5
1194030 1973.5
1194040 1977.9
1194050 1980.8
1194060 1980.8
1194070 1984.3
1194080 1989.2
1194090 1993.4
1194100 1993.4
1194110 1996.6
1194120 1998.5
1194130 1998.5
1194140 1999.7
1194150 2000.3
1194160 2000.3
1194170 2000.9
1194180 2001.6
1194190 2001.6
1194200 2002.1
1194210 2002.9
1194220 2002.9
1194230 2004.1
1194240 2006.4
1194250 2006.4
1194260 2010.1
1194270 2013.1
1194280 2013.1
1194290 2016.2
1194300 2021.1
1194310 2022.4
1194320 2022.4
1194330 2024.2
1194340 2026.3
1194350 2026.3
1194360 2027.9
1194370 2029.5
1194380 2029.5
1194390 2031.7
1194400 2033.8
1194410 2033.8
1194420 2035.7
1194430 2038.0
1194440 2038.0
1194450 2040.4
1194460 2042.2
1194470 2042.2
1194480 2043.6
1194490 2041.6
1194500 2041.6
1194510 2034.8
1194520 2031.0
1194530 2030.5
1194540 2030.5
1194550 2030.6
1194560 2030.8
1194570 2030.8
1194580 2029.5
1194590 2027.4
1194600 2027.4
1194610 2026.1
1194620 2026.2
1194630 2026.2
1194640 2025.3
1194650 2025.6
1194660 2025.6
1194670 2025.2
1194680 2024.2
1194690 2024.2
1194700 2022.7
1194710 2020.0
1194720 2020.0
1194730 2017.0
1194740 2014.7
1194750 2014.7
1194760 2013.2
1194770 2011.8
1194780 2009.5
1194790 2009.5
1194800 2007.4
1194810 2006.1
1194820 2006.1
1194830 2005.2
1194840 2003.6
1194850 2003.6
1194860 2000.1
1194870 1995.1
1194880 1995.1
1194890 1988.8
1194900 1981.4
1194910 1981.4
1194920 1974.7
1194930 1968.7
1194940 1968.7
1194950 1963.7
1194960 1958.6
1194970 1958.6
1194980 1951.5
1194990 1945.7
1195000 1942.1
1195010 1942.1
1195020 1936.0
1195030 1928.2
1195040 1928.2
1195050 1920.1
1195060 1911.7
1195070 1911.7
1195080 1904.2
1195090 1896.7
1195100 1896.7
1195110 1889.9
1195120 1885.0
1195130 1885.0
1195140 1881.6
1195150 1880.0
1195160 1880.0
1195170 1879.1
1195180 1887.7
1195190 1887.7
1195200 1889.1
1195210 1887.5
1195220 1887.5
1195230 1886.7
1195240 1884.9
1195250 1878.3
1195260 1878.3
1195270 1868.5
1195280 1860.0
1195290 1860.0
1195300 1854.6
1195310 1848.3
1195320 1848.3
1195330 1842.1
1195340 1837.6
1195350 1837.6
1195360 1832.5
1195370 1829.2
1195380 1829.2
1195390 1827.4
1195400 1823.9
1195410 1823.9
1195420 1819.6
1195430 1814.0
1195440 1814.0
1195450 1806.8
1195460 1799.3
1195470 1792.0
1195480 1792.0
1195490 1785.2
1195500 1779.7
1195510 1779.7
1195520 1775.1
1195530 1770.7
1195540 1770.7
1195550 1766.9
1195560 1763.9
1195570 1763.9
1195580 1760.3
1195590 1756.4
1195600 1756.4
1195610 1751.5
1195620 1750.0
1195630 1750.0
1195640 1742.7
1195650 1733.7
1195660 1733.7
1195670 1724.8
1195680 1717.8
1195690 1717.8
1195700 1711.4
1195710 1706.3
1195720 1701.4
1195730 1701.4
1195740 1698.2
1195750 1698.2
1195760 1698.2
1195770 1698.7
1195780 1697.6
1195790 1697.6
1195800 1694.6
1195810 1689.7
1195820 1689.7
1195830 1681.8
1195840 1672.1
1195850 1672.1
1195860 1662.1
1195870 1655.0
1195880 1655.0
1195890 1649.6
1195900 1644.6
1195910 1644.6
1195920 1639.6
1195930 1635.2
1195940 1630.5
1195950 1630.5
1195960 1626.8
1195970 1621.9
1195980 1621.9
1195990 1616.3
1196000 1610.4
1196010 1610.4
1196020 1606.1
1196030 1601.8
1196040 1601.8
1196050 1596.2
1196060 1598.1
1196070 1598.1
1196080 1592.8
1196090 1587.1
1196100 1587.1
1196110 1580.7
1196120 1574.2
1196130 1574.2
1196140 1569.4
1196150 1565.6
1196160 1562.6
1196170 1562.6
1196180 1556.2
1196190 1548.9
1196200 1548.9
1196210 1541.9
1196220 1536.3
1196230 1536.3
1196240 1531.3
1196250 1524.7
1196260 1524.7
1196270 1515.8
1196280 1504.9
1196290 1504.9
1196300 1496.4
1196310 1487.8
1196320 1487.8
1196330 1478.5
1196340 1469.4
1196350 1469.4
1196360 1460.2
1196370 1451.9
1196380 1451.9
1196390 1443.1
1196400 1432.4
1196410 1422.3
1196420 1422.3
1196430 1413.6
1196440 1399.7
1196450 1399.7
1196460 1386.9
1196470 1378.0
1196480 1378.0
1196490 1369.2
1196500 1363.8
1196510 1363.8
1196520 1359.3
1196530 1364.3
1196540 1364.3
1196550 1374.0
1196560 1379.6
1196570 1379.6
1196580 1383.6
1196590 1388.5
1196600 1388.5
1196610 1391.8
1196620 1397.1
1196630 1402.6
1196640 1402.6
1196650 1407.2
1196660 1411.1
1196670 1411.1
1196680 1412.6
1196690 1411.6
1196700 1411.6
1196710 1409.4
1196720 1407.5
1196730 1407.5
1196740 1406.0
1196750 1404.5
1196760 1404.5
1196770 1403.1
1196780 1401.6
1196790 1401.6
1196800 1399.9
1196810 1398.5
1196820 1398.5
1196830 1398.2
1196840 1397.7
1196850 1397.7
1196860 1396.0
1196870 1393.5
1196880 1390.4
1196890 1390.4
1196900 1385.9
1196910 1379.2
1196920 1379.2
1196930 1371.3
1196940 1368.6
1196950 1368.6
1196960 1362.9
1196970 1358.6
1196980 1358.6
1196990 1355.1
1197000 1351.4
1197010 1351.4
1197020 1347.0
1197030 1342.6
1197040 1342.6
1197050 1338.7
1197060 1334.9
1197070 1334.9
1197080 1330.5
1197090 1325.0
1197100 1319.6
1197110 1319.6
1197120 1315.0
1197130 1309.6
1197140 1309.6
1197150 1302.3
1197160 1295.8
1197170 1295.8
1197180 1290.5
1197190 1285.0
1197200 1285.0
1197210 1279.0
1197220 1272.7
1197230 1272.7
1197240 1266.6
1197250 1262.8
1197260 1262.8
1197270 1262.2
1197280 1261.5
1197290 1261.5
1197300 1260.4
1197310 1258.8
1197320 1258.8
1197330 1256.3
1197340 1253.6
1197350 1255.6
1197360 1255.6
1197370 1260.9
1197380 1272.5
1197390 1272.5
1197400 1275.5
1197410 1275.0
1197420 1275.0
1197430 1273.2
1197440 1272.1
1197450 1272.1
1197460 1270.9
1197470 1271.0
1197480 1271.0
1197490 1272.4
1197500 1272.0
1197510 1272.0
1197520 1268.5
1197530 1265.5
1197540 1265.5
1197550 1264.0
1197560 1264.3
1197570 1263.4
1197580 1263.4
1197590 1259.1
1197600 1255.4
1197610 1255.4
1197620 1254.2
1197630 1252.1
1197640 1252.1
1197650 1250.5
1197660 1249.7
1197670 1249.7
1197680 1250.5
1197690 1251.8
1197700 1251.8
1197710 1253.4
1197720 1256.2
1197730 1256.2
1197740 1259.4
1197750 1262.4
1197760 1262.4
1197770 1264.7
1197780 1266.6
1197790 1266.6
1197800 1268.1
1197810 1266.5
1197820 1262.9
1197830 1270.4
1197840 1271.4
1197850 1278.5
1197860 1278.5
1197870 1277.7
1197880 1272.5
1197890 1272.5
1197900 1263.9
1197910 1258.2
1197920 1258.2
1197930 1251.7
1197940 1247.8
1197950 1247.8
1197960 1245.8
1197970 1243.4
1197980 1243.4
1197990 1241.6
1198000 1237.0
1198010 1237.0
1198020 1224.7
1198030 1220.2
1198040 1217.2
1198050 1217.2
1198060 1215.6
1198070 1212.4
1198080 1212.4
1198090 1207.0
1198100 1201.5
1198110 1201.5
1198120 1196.4
1198130 1191.2
1198140 1191.2
1198150 1186.3
1198160 1181.2
1198170 1181.2
1198180 1175.7
1198190 1170.6
1198200 1170.6
1198210 1166.3
1198220 1162.7
1198230 1162.7
1198240 1158.7
1198250 1154.3
1198260 1151.3
1198270 1158.3
1198280 1157.6
1198290 1156.7
1198300 1156.7
1198310 1154.1
1198320 1151.3
1198330 1151.3
1198340 1149.8
1198350 1146.4
1198360 1146.4
1198370 1141.6
1198380 1137.0
1198390 1137.0
1198400 1132.3
1198410 1129.7
1198420 1129.7
1198430 1127.3
1198440 1121.6
1198450 1121.6
1198460 1114.7
1198470 1108.7
1198480 1108.7
1198490 1103.1
1198500 1100.1
1198510 1095.3
1198520 1095.3
1198530 1088.7
1198540 1082.8
1198550 1082.8
1198560 1077.3
1198570 1071.4
1198580 1071.4
1198590 1065.2
1198600 1059.4
1198610 1059.4
1198620 1054.2
1198630 1048.6
1198640 1048.6
1198650 1046.0
1198660 1045.1
1198670 1045.1
1198680 1043.6
1198690 1043.1
1198700 1043.1
1198710 1044.3
1198720 1044.2
1198730 1045.1
1198740 1045.1
1198750 1045.4
1198760 1045.0
1198770 1045.0
1198780 1044.8
1198790 1045.4
1198800 1045.4
1198810 1050.3
1198820 1056.5
1198830 1056.5
1198840 1061.4
1198850 1067.5
1198860 1067.5
1198870 1073.1
1198880 1078.1
1198890 1078.1
1198900 1082.5
1198910 1086.5
1198920 1086.5
1198930 1090.5
1198940 1094.7
1198950 1094.7
1198960 1099.2
1198970 1103.2
1198980 1107.2
1198990 1107.2
1199000 1111.1
1199010 1114.3
1199020 1114.3
1199030 1116.7
1199040 1118.5
1199050 1118.5
1199060 1119.8
1199070 1122.3
1199080 1122.3
1199090 1125.2
1199100 1126.6
1199110 1126.6
1199120 1127.4
1199130 1127.8
1199140 1127.8
1199150 1127.8
1199160 1121.5
1199170 1121.5
1199180 1122.5
1199190 1124.8
1199200 1128.1
1199210 1128.1
1199220 1132.8
1199230 1138.1
1199240 1138.1
1199250 1140.9
1199260 1142.0
1199270 1142.0
1199280 1143.4
1199290 1147.8
1199300 1147.8
1199310 1153.2
1199320 1159.1
1199330 1159.1
1199340 1166.0
1199350 1171.6
1199360 1171.6
1199370 1175.8
1199380 1178.9
1199390 1178.9
1199400 1181.0
1199410 1184.3
1199420 1184.3
1199430 1189.3
1199440 1196.8
1199450 1204.0
1199460 1204.0
1199470 1210.4
1199480 1216.7
1199490 1216.7
1199500 1223.3
1199510 1230.3
1199520 1230.3
1199530 1235.9
1199540 1241.1
1199550 1241.1
1199560 1246.3
1199570 1250.7
1199580 1250.7
1199590 1254.7
1199600 1251.0
1199610 1251.0
1199620 1257.4
1199630 1262.9
1199640 1262.9
1199650 1266.6
1199660 1270.6
1199670 1275.9
1199680 1275.9
1199690 1281.7
1199700 1286.6
1199710 1286.6
1199720 1291.7
1199730 1297.2
1199740 1297.2
1199750 1302.4
1199760 1306.7
1199770 1306.7
1199780 1310.8
1199790 1315.1
1199800 1315.1
1199810 1320.8
1199820 1326.1
1199830 1326.1
1199840 1330.7
1199850 1335.5
1199860 1335.5
1199870 1341.5
1199880 1342.7
1199890 1347.7
1199900 1347.7
1199910 1354.0
1199920 1359.8
1199930 1359.8
1199940 1366.7
1199950 1377.3
1199960 1377.3
1199970 1389.8
1199980 1400.6
1199990 1400.6
