1180000 1466.7
1180010 1468.9
1180020 1471.2
1180030 1475.2
1180040 1480.8
1180050 1484.8
1180060 1484.8
1180070 1488.1
1180080 1490.9
1180090 1490.9
1180100 1493.6
1180110 1496.6
1180120 1496.6
1180130 1499.3
1180140 1501.8
1180150 1501.8
1180160 1505.7
1180170 1509.3
1180180 1509.3
1180190 1512.1
1180200 1514.5
1180210 1514.5
1180220 1517.7
1180230 1522.1
1180240 1522.1
1180250 1526.4
1180260 1530.2
1180270 1530.2
1180280 1533.7
1180290 1536.5
1180300 1540.0
1180310 1540.0
1180320 1544.5
1180330 1548.4
1180340 1548.4
1180350 1553.3
1180360 1558.0
1180370 1558.0
1180380 1564.0
1180390 1570.8
1180400 1570.8
1180410 1577.1
1180420 1583.6
1180430 1586.5
1180440 1593.0
1180450 1596.5
1180460 1596.5
1180470 1599.5
1180480 1602.8
1180490 1602.8
1180500 1607.3
1180510 1613.2
1180520 1620.1
1180530 1620.1
1180540 1626.9
1180550 1635.2
1180560 1635.2
1180570 1643.3
1180580 1646.3
1180590 1646.3
1180600 1646.7
1180610 1651.3
1180620 1651.3
1180630 1656.0
1180640 1659.8
1180650 1659.8
1180660 1664.2
1180670 1670.3
1180680 1670.3
1180690 1676.6
1180700 1681.5
1180710 1681.5
1180720 1686.1
1180730 1693.2
1180740 1693.2
1180750 1700.1
1180760 1704.1
1180770 1706.2
1180780 1706.2
1180790 1709.1
1180800 1711.4
1180810 1711.4
1180820 1714.3
1180830 1720.4
1180840 1720.4
1180850 1731.9
1180860 1736.8
1180870 1736.8
1180880 1740.1
1180890 1743.6
1180900 1743.6
1180910 1751.6
1180920 1758.4
1180930 1758.4
1180940 1762.6
1180950 1768.1
1180960 1768.1
1180970 1773.7
1180980 1780.2
1180990 1782.4
1181000 1782.4
1181010 1785.0
1181020 1790.4
1181030 1790.4
1181040 1795.3
1181050 1798.4
1181060 1798.4
1181070 1794.7
1181080 1794.6
1181090 1794.6
1181100 1800.3
1181110 1804.8
1181120 1804.8
1181130 1809.7
1181140 1814.8
1181150 1814.8
1181160 1819.5
1181170 1823.9
1181180 1823.9
1181190 1824.9
1181200 1829.9
1181210 1829.9
1181220 1839.6
1181230 1845.2
1181240 1850.3
1181250 1850.3
1181260 1856.1
1181270 1857.6
1181280 1857.6
1181290 1860.4
1181300 1858.8
1181310 1858.8
1181320 1855.1
1181330 1854.3
1181340 1854.3
1181350 1858.4
1181360 1862.5
1181370 1862.5
1181380 1865.7
1181390 1869.2
1181400 1869.2
1181410 1872.4
1181420 1875.4
1181430 1875.4
1181440 1878.3
1181450 1881.7
1181460 1883.1
1181470 1883.1
1181480 1882.1
1181490 1882.5
1181500 1882.5
1181510 1884.6
1181520 1886.6
1181530 1886.6
1181540 1889.2
1181550 1893.1
1181560 1893.1
1181570 1895.6
1181580 1896.4
1181590 1896.4
1181600 1897.2
1181610 1899.0
1181620 1899.0
1181630 1901.4
1181640 1903.2
1181650 1903.2
1181660 1904.5
1181670 1906.9
1181680 1906.9
1181690 1910.2
1181700 1913.4
1181710 1915.9
1181720 1915.9
1181730 1917.3
1181740 1919.2
1181750 1919.2
1181760 1921.3
1181770 1923.8
1181780 1923.8
1181790 1926.1
1181800 1927.0
1181810 1927.0
1181820 1928.7
1181830 1930.4
1181840 1930.4
1181850 1932.1
1181860 1935.2
1181870 1935.2
1181880 1938.2
1181890 1941.5
1181900 1941.5
1181910 1944.6
1181920 1947.9
1181930 1950.9
1181940 1950.9
1181950 1953.7
1181960 1956.2
1181970 1956.2
1181980 1958.9
1181990 1962.1
1182000 1962.1
1182010 1962.7
1182020 1961.6
1182030 1961.6
1182040 1961.6
1182050 1961.8
1182060 1961.8
1182070 1962.4
1182080 1964.3
1182090 1964.3
1182100 1966.8
1182110 1957.5
1182120 1957.5
1182130 1958.4
1182140 1958.7
1182150 1958.7
1182160 1959.9
1182170 1962.0
1182180 1964.1
1182190 1964.1
1182200 1966.8
1182210 1968.9
1182220 1968.9
1182230 1971.3
1182240 1974.4
1182250 1974.4
1182260 1976.3
1182270 1977.8
1182280 1977.8
1182290 1977.3
1182300 1976.4
1182310 1976.4
1182320 1976.9
1182330 1979.8
1182340 1979.8
1182350 1983.5
1182360 1986.3
1182370 1986.3
1182380 1989.2
1182390 1993.1
1182400 1993.1
1182410 1995.0
1182420 1995.5
1182430 1996.0
1182440 1996.0
1182450 1996.2
1182460 1996.2
1182470 1996.2
1182480 1996.8
1182490 1999.0
1182500 1999.0
1182510 2001.6
1182520 2005.0
1182530 2001.7
1182540 2004.4
1182550 2006.1
1182560 2006.1
1182570 2008.9
1182580 2011.8
1182590 2011.8
1182600 2013.6
1182610 2015.9
1182620 2015.9
1182630 2019.1
1182640 2025.0
1182650 2031.2
1182660 2031.2
1182670 2034.4
1182680 2036.4
1182690 2036.4
1182700 2038.0
1182710 2038.5
1182720 2038.5
1182730 2038.8
1182740 2038.9
1182750 2038.9
1182760 2038.7
1182770 2038.4
1182780 2038.4
1182790 2037.6
1182800 2036.4
1182810 2036.4
1182820 2035.9
1182830 2035.4
1182840 2035.4
1182850 2034.0
1182860 2031.2
1182870 2031.2
1182880 2027.9
1182890 2024.5
1182900 2022.3
1182910 2022.3
1182920 2021.1
1182930 2020.5
1182940 2020.5
1182950 2018.6
1182960 2017.6
1182970 2017.6
1182980 2018.1
1182990 2018.1
1183000 2018.1
1183010 2017.7
1183020 2017.0
1183030 2017.0
1183040 2015.8
1183050 2014.7
1183060 2014.7
1183070 2013.4
1183080 2011.7
1183090 2011.7
1183100 2010.1
1183110 2008.5
1183120 2007.1
1183130 2007.1
1183140 2005.9
1183150 2004.7
1183160 2004.7
1183170 2003.3
1183180 2001.9
1183190 2001.9
1183200 2000.5
1183210 1999.4
1183220 1999.4
1183230 1997.0
1183240 1994.8
1183250 1994.8
1183260 1993.2
1183270 1991.6
1183280 1991.6
1183290 1990.1
1183300 1988.3
1183310 1988.3
1183320 1986.7
1183330 1985.3
1183340 1985.3
1183350 1983.6
1183360 1981.8
1183370 1979.0
1183380 1979.0
1183390 1976.7
1183400 1974.0
1183410 1974.0
1183420 1970.6
1183430 1966.8
1183440 1966.8
1183450 1963.2
1183460 1960.0
1183470 1960.0
1183480 1957.3
1183490 1954.8
1183500 1954.8
1183510 1952.2
1183520 1949.9
1183530 1949.9
1183540 1947.4
1183550 1944.1
1183560 1944.1
1183570 1939.8
1183580 1935.2
1183590 1930.5
1183600 1930.5
1183610 1925.3
1183620 1921.0
1183630 1921.0
1183640 1917.0
1183650 1914.1
1183660 1914.1
1183670 1910.7
1183680 1907.5
1183690 1907.5
1183700 1906.2
1183710 1903.9
1183720 1903.9
1183730 1901.6
1183740 1900.1
1183750 1900.1
1183760 1898.0
1183770 1896.5
1183780 1896.5
1183790 1892.7
1183800 1891.9
1183810 1891.9
1183820 1890.7
1183830 1889.2
1183840 1887.9
1183850 1887.9
1183860 1887.2
1183870 1885.8
1183880 1885.8
1183890 1884.1
1183900 1883.1
1183910 1883.1
1183920 1882.2
1183930 1880.6
1183940 1880.6
1183950 1878.7
1183960 1877.6
1183970 1877.6
1183980 1876.9
1183990 1876.8
1184000 1876.8
1184010 1876.7
1184020 1876.4
1184030 1876.4
1184040 1876.3
1184050 1877.0
1184060 1877.1
1184070 1877.1
1184080 1877.1
1184090 1876.5
1184100 1876.5
1184110 1876.3
1184120 1876.3
1184130 1876.3
1184140 1876.3
1184150 1876.4
1184160 1876.4
1184170 1876.3
1184180 1873.7
1184190 1873.7
1184200 1868.9
1184210 1864.6
1184220 1860.6
1184230 1857.6
1184240 1856.0
1184250 1856.0
1184260 1854.7
1184270 1854.5
1184280 1854.5
1184290 1855.2
1184300 1857.0
1184310 1858.8
1184320 1858.8
1184330 1859.8
1184340 1860.5
1184350 1860.5
1184360 1861.5
1184370 1861.4
1184380 1861.4
1184390 1861.9
1184400 1862.5
1184410 1862.5
1184420 1863.4
1184430 1863.9
1184440 1863.9
1184450 1864.6
1184460 1864.9
1184470 1864.9
1184480 1864.7
1184490 1863.8
1184500 1863.8
1184510 1863.2
1184520 1862.8
1184530 1861.8
1184540 1861.8
1184550 1860.0
1184560 1858.9
1184570 1858.9
1184580 1857.8
1184590 1856.6
1184600 1856.6
1184610 1859.2
1184620 1860.3
1184630 1860.3
1184640 1851.1
1184650 1850.9
1184660 1850.9
1184670 1851.7
1184680 1852.4
1184690 1852.4
1184700 1854.4
1184710 1857.4
1184720 1857.4
1184730 1860.5
1184740 1862.9
1184750 1862.9
1184760 1865.4
1184770 1868.3
1184780 1870.5
1184790 1870.5
1184800 1873.6
1184810 1876.4
1184820 1876.4
1184830 1878.6
1184840 1880.5
1184850 1880.5
1184860 1882.3
1184870 1883.6
1184880 1883.6
1184890 1885.4
1184900 1886.6
1184910 1886.6
1184920 1887.2
1184930 1887.2
1184940 1887.2
1184950 1889.3
1184960 1893.6
1184970 1893.6
1184980 1895.9
1184990 1892.5
1185000 1892.5
1185010 1889.8
1185020 1892.6
1185030 1898.7
1185040 1898.7
1185050 1903.2
1185060 1900.5
1185070 1900.5
1185080 1903.2
1185090 1905.5
1185100 1905.5
1185110 1907.6
1185120 1910.7
1185130 1910.7
1185140 1913.9
1185150 1915.1
1185160 1915.1
1185170 1915.9
1185180 1917.3
1185190 1917.3
1185200 1922.3
1185210 1928.4
1185220 1928.4
1185230 1934.4
1185240 1941.6
1185250 1946.7
1185260 1946.7
1185270 1950.8
1185280 1954.7
1185290 1954.7
1185300 1958.0
1185310 1961.1
1185320 1961.1
1185330 1964.4
1185340 1968.3
1185350 1968.3
1185360 1973.0
1185370 1976.7
1185380 1976.7
1185390 1977.9
1185400 1977.1
1185410 1977.1
1185420 1977.7
1185430 1979.3
1185440 1979.3
1185450 1979.7
1185460 1978.7
1185470 1978.7
1185480 1978.1
1185490 1969.9
1185500 1970.5
1185510 1970.5
1185520 1972.0
1185530 1974.9
1185540 1974.9
1185550 1977.3
1185560 1979.2
1185570 1979.2
1185580 1981.6
1185590 1984.3
1185600 1984.3
1185610 1986.7
1185620 1990.0
1185630 1990.0
1185640 1994.1
1185650 1997.6
1185660 1997.6
1185670 2001.7
1185680 2003.3
1185690 2003.3
1185700 2003.8
1185710 2005.9
1185720 2009.0
1185730 2009.0
1185740 2013.7
1185750 2020.3
1185760 2020.3
1185770 2026.3
1185780 2032.9
1185790 2032.9
1185800 2039.8
1185810 2048.0
1185820 2048.0
1185830 2056.4
1185840 2064.8
1185850 2064.8
1185860 2072.9
1185870 2079.8
1185880 2079.8
1185890 2085.8
1185900 2093.6
1185910 2092.8
1185920 2099.8
1185930 2106.8
1185940 2106.8
1185950 2114.1
1185960 2120.4
1185970 2127.1
1185980 2127.1
1185990 2132.9
1186000 2139.3
1186010 2139.3
1186020 2145.2
1186030 2150.5
1186040 2150.5
1186050 2155.1
1186060 2158.5
1186070 2158.5
1186080 2162.6
1186090 2168.0
1186100 2168.0
1186110 2174.1
1186120 2178.6
1186130 2178.6
1186140 2183.0
1186150 2187.7
1186160 2187.7
1186170 2192.5
1186180 2196.9
1186190 2201.2
1186200 2201.2
1186210 2205.1
1186220 2208.8
1186230 2208.8
1186240 2213.0
1186250 2217.4
1186260 2217.4
1186270 2221.9
1186280 2226.2
1186290 2226.2
1186300 2230.5
1186310 2234.6
1186320 2234.6
1186330 2238.3
1186340 2237.8
1186350 2237.8
1186360 2239.6
1186370 2241.3
1186380 2241.3
1186390 2242.5
1186400 2242.0
1186410 2242.0
1186420 2240.6
1186430 2237.8
1186440 2237.0
1186450 2237.0
1186460 2237.2
1186470 2236.5
1186480 2236.5
1186490 2235.7
1186500 2234.3
1186510 2234.3
1186520 2232.3
1186530 2230.4
1186540 2230.4
1186550 2229.4
1186560 2228.0
1186570 2228.0
1186580 2226.7
1186590 2224.1
1186600 2224.1
1186610 2219.6
1186620 2216.4
1186630 2216.4
1186640 2213.8
1186650 2211.9
1186660 2210.0
1186670 2210.0
1186680 2209.2
1186690 2210.1
1186700 2210.1
1186710 2210.6
1186720 2210.4
1186730 2210.4
1186740 2208.5
1186750 2206.2
1186760 2200.7
1186770 2198.1
1186780 2195.6
1186790 2195.6
1186800 2193.3
1186810 2190.8
1186820 2190.8
1186830 2188.5
1186840 2187.3
1186850 2187.3
1186860 2183.8
1186870 2179.0
1186880 2179.0
1186890 2177.8
1186900 2179.4
1186910 2180.6
1186920 2180.6
1186930 2179.9
1186940 2178.2
1186950 2178.2
1186960 2177.4
1186970 2175.8
1186980 2175.8
1186990 2174.7
1187000 2173.0
1187010 2173.0
1187020 2169.8
1187030 2167.1
1187040 2167.1
1187050 2165.2
1187060 2163.9
1187070 2163.9
1187080 2164.1
1187090 2164.9
1187100 2164.9
1187110 2162.3
1187120 2160.9
1187130 2160.1
1187140 2160.1
1187150 2160.7
1187160 2160.8
1187170 2160.8
1187180 2160.3
1187190 2153.8
1187200 2153.8
1187210 2152.2
1187220 2150.0
1187230 2150.0
1187240 2148.1
1187250 2146.7
1187260 2146.7
1187270 2144.3
1187280 2140.5
1187290 2140.5
1187300 2136.7
1187310 2134.3
1187320 2134.3
1187330 2131.8
1187340 2128.8
1187350 2128.8
1187360 2125.5
1187370 2120.8
1187380 2116.8
1187390 2116.8
1187400 2112.6
1187410 2108.5
1187420 2108.5
1187430 2104.6
1187440 2101.6
1187450 2101.6
1187460 2099.1
1187470 2096.3
1187480 2096.3
1187490 2093.2
1187500 2090.6
1187510 2090.6
1187520 2088.2
1187530 2085.6
1187540 2085.6
1187550 2083.9
1187560 2082.5
1187570 2082.5
1187580 2079.5
1187590 2075.4
1187600 2075.4
1187610 2072.2
1187620 2069.3
1187630 2065.5
1187640 2065.5
1187650 2062.1
1187660 2059.3
1187670 2059.3
1187680 2057.2
1187690 2053.7
1187700 2053.7
1187710 2049.6
1187720 2045.3
1187730 2045.3
1187740 2040.9
1187750 2036.3
1187760 2036.3
1187770 2031.2
1187780 2027.4
1187790 2027.4
1187800 2024.6
1187810 2022.7
1187820 2022.7
1187830 2022.2
1187840 2022.0
1187850 2023.1
1187860 2023.1
1187870 2023.2
1187880 2019.9
1187890 2019.9
1187900 2015.1
1187910 2012.3
1187920 2012.3
1187930 2010.7
1187940 2009.4
1187950 2009.4
1187960 2007.4
1187970 2004.7
1187980 2004.7
1187990 2000.8
1188000 1996.7
1188010 1996.7
1188020 1992.4
1188030 1988.1
1188040 1988.1
1188050 1981.1
1188060 1978.4
1188070 1978.4
1188080 1976.0
1188090 1972.5
1188100 1967.2
1188110 1967.2
1188120 1960.7
1188130 1954.9
1188140 1954.9
1188150 1949.9
1188160 1944.6
1188170 1944.6
1188180 1940.6
1188190 1938.2
1188200 1938.2
1188210 1936.7
1188220 1935.1
1188230 1935.1
1188240 1932.8
1188250 1929.8
1188260 1929.8
1188270 1927.2
1188280 1925.1
1188290 1925.1
1188300 1923.6
1188310 1921.3
1188320 1917.8
1188330 1917.8
1188340 1913.6
1188350 1909.4
1188360 1909.4
1188370 1905.6
1188380 1901.3
1188390 1901.3
1188400 1897.0
1188410 1892.9
1188420 1892.9
1188430 1888.6
1188440 1886.2
1188450 1886.2
1188460 1885.3
1188470 1882.3
1188480 1882.3
1188490 1877.3
1188500 1871.6
1188510 1871.6
1188520 1864.5
1188530 1853.9
1188540 1853.9
1188550 1844.9
1188560 1839.6
1188570 1835.4
1188580 1835.4
1188590 1831.2
1188600 1827.6
1188610 1827.6
1188620 1824.1
1188630 1820.8
1188640 1820.8
1188650 1817.3
1188660 1813.0
1188670 1813.0
1188680 1809.7
1188690 1806.4
1188700 1806.4
1188710 1802.1
1188720 1798.0
1188730 1798.0
1188740 1793.3
1188750 1788.0
1188760 1788.0
1188770 1782.9
1188780 1779.6
1188790 1776.7
1188800 1776.7
1188810 1773.9
1188820 1772.0
1188830 1772.0
1188840 1770.3
1188850 1768.8
1188860 1768.8
1188870 1767.6
1188880 1765.4
1188890 1765.4
1188900 1760.6
1188910 1759.7
1188920 1759.7
1188930 1758.7
1188940 1757.0
1188950 1757.0
1188960 1754.2
1188970 1751.2
1188980 1751.2
1188990 1748.7
1189000 1746.6
1189010 1746.6
1189020 1744.6
1189030 1742.4
1189040 1740.7
1189050 1740.7
1189060 1738.5
1189070 1735.2
1189080 1735.2
1189090 1731.3
1189100 1726.2
1189110 1726.2
1189120 1722.3
1189130 1718.4
1189140 1718.4
1189150 1714.5
1189160 1710.4
1189170 1710.4
1189180 1706.8
1189190 1703.9
1189200 1703.9
1189210 1703.0
1189220 1702.8
1189230 1702.8
1189240 1702.1
1189250 1701.0
1189260 1699.6
1189270 1699.6
1189280 1697.5
1189290 1693.5
1189300 1693.5
1189310 1687.7
1189320 1681.3
1189330 1677.9
1189340 1674.4
1189350 1669.5
1189360 1669.5
1189370 1664.7
1189380 1660.3
1189390 1660.3
1189400 1658.1
1189410 1655.7
1189420 1655.7
1189430 1651.6
1189440 1647.3
1189450 1647.3
1189460 1643.8
1189470 1641.8
1189480 1641.8
1189490 1640.8
1189500 1640.0
1189510 1638.9
1189520 1638.9
1189530 1637.6
1189540 1636.7
1189550 1636.7
1189560 1635.4
1189570 1633.9
1189580 1633.9
1189590 1631.9
1189600 1627.6
1189610 1627.6
1189620 1623.2
1189630 1620.9
1189640 1620.9
1189650 1619.9
1189660 1618.4
1189670 1618.4
1189680 1616.8
1189690 1615.8
1189700 1615.8
1189710 1613.5
1189720 1610.9
1189730 1608.7
1189740 1608.7
1189750 1606.2
1189760 1604.7
1189770 1604.7
1189780 1603.8
1189790 1601.7
1189800 1601.7
1189810 1598.0
1189820 1593.0
1189830 1593.0
1189840 1587.1
1189850 1581.3
1189860 1581.3
1189870 1577.7
1189880 1575.4
1189890 1575.4
1189900 1572.3
1189910 1568.8
1189920 1568.8
1189930 1567.1
1189940 1566.5
1189950 1566.5
1189960 1564.9
1189970 1563.2
1189980 1560.6
1189990 1560.6
1190000 1556.9
1190010 1553.6
1190020 1553.6
1190030 1550.8
1190040 1547.9
1190050 1547.9
1190060 1544.6
1190070 1540.0
1190080 1540.0
1190090 1535.3
1190100 1532.6
1190110 1532.6
1190120 1530.1
1190130 1527.1
1190140 1527.1
1190150 1523.8
1190160 1520.2
1190170 1520.2
1190180 1516.9
1190190 1514.0
1190200 1505.2
1190210 1505.2
1190220 1503.4
1190230 1501.6
1190240 1501.6
1190250 1500.2
1190260 1498.2
1190270 1498.2
1190280 1496.6
1190290 1494.9
1190300 1494.9
1190310 1493.5
1190320 1492.9
1190330 1492.9
1190340 1493.9
1190350 1496.2
1190360 1496.2
1190370 1498.3
1190380 1499.5
1190390 1499.5
1190400 1499.3
1190410 1497.9
1190420 1497.9
1190430 1497.1
1190440 1496.7
1190450 1494.3
1190460 1494.3
1190470 1490.0
1190480 1485.2
1190490 1485.2
1190500 1480.0
1190510 1475.1
1190520 1475.1
1190530 1471.6
1190540 1469.8
1190550 1469.8
1190560 1468.0
1190570 1465.7
1190580 1465.7
1190590 1462.7
1190600 1459.2
1190610 1459.2
1190620 1457.0
1190630 1452.5
1190640 1452.5
1190650 1451.5
1190660 1450.3
1190670 1450.3
1190680 1448.5
1190690 1446.6
1190700 1445.0
1190710 1445.0
1190720 1443.6
1190730 1443.0
1190740 1443.0
1190750 1441.8
1190760 1439.2
1190770 1439.2
1190780 1434.0
1190790 1428.3
1190800 1428.3
1190810 1423.2
1190820 1418.1
1190830 1418.1
1190840 1412.3
1190850 1405.7
1190860 1405.7
1190870 1399.6
1190880 1394.9
1190890 1394.9
1190900 1392.1
1190910 1389.8
1190920 1386.5
1190930 1386.5
1190940 1383.9
1190950 1382.0
1190960 1382.0
1190970 1380.5
1190980 1379.1
1190990 1379.1
1191000 1378.0
1191010 1377.1
1191020 1377.1
1191030 1376.7
1191040 1376.3
1191050 1376.3
1191060 1375.7
1191070 1375.6
1191080 1375.6
1191090 1375.3
1191100 1374.8
1191110 1374.8
1191120 1374.2
1191130 1373.5
1191140 1373.5
1191150 1371.8
1191160 1369.8
1191170 1367.5
1191180 1367.5
1191190 1364.8
1191200 1362.2
1191210 1362.2
1191220 1359.3
1191230 1353.8
1191240 1353.8
1191250 1348.9
1191260 1342.2
1191270 1342.2
1191280 1336.8
1191290 1332.5
1191300 1332.5
1191310 1328.4
1191320 1324.8
1191330 1324.8
1191340 1321.7
1191350 1318.5
1191360 1318.5
1191370 1314.9
1191380 1310.3
1191390 1305.2
1191400 1305.2
1191410 1299.3
1191420 1293.9
1191430 1293.9
1191440 1290.7
1191450 1289.1
1191460 1289.1
1191470 1287.9
1191480 1286.5
1191490 1282.9
1191500 1280.6
1191510 1278.1
1191520 1278.1
1191530 1276.7
1191540 1275.0
1191550 1275.0
1191560 1273.0
1191570 1271.2
1191580 1271.2
1191590 1269.9
1191600 1269.1
1191610 1269.1
1191620 1267.0
1191630 1264.9
1191640 1263.3
1191650 1263.3
1191660 1260.7
1191670 1258.2
1191680 1258.2
1191690 1256.5
1191700 1254.8
1191710 1254.8
1191720 1252.5
1191730 1248.6
1191740 1248.6
1191750 1245.2
1191760 1242.8
1191770 1242.8
1191780 1239.8
1191790 1236.3
1191800 1236.3
1191810 1233.8
1191820 1232.3
1191830 1232.3
1191840 1230.8
1191850 1228.4
1191860 1225.7
1191870 1225.7
1191880 1223.4
1191890 1221.7
1191900 1221.7
1191910 1220.4
1191920 1219.2
1191930 1217.8
1191940 1217.0
1191950 1216.6
1191960 1216.6
1191970 1217.7
1191980 1218.8
1191990 1218.8
1192000 1218.1
1192010 1216.6
1192020 1216.6
1192030 1214.6
1192040 1213.0
1192050 1213.0
1192060 1211.4
1192070 1209.5
1192080 1209.5
1192090 1208.7
1192100 1208.1
1192110 1207.4
1192120 1207.4
1192130 1206.4
1192140 1207.1
1192150 1207.1
1192160 1208.3
1192170 1208.8
1192180 1208.8
1192190 1206.5
1192200 1203.1
1192210 1203.1
1192220 1200.0
1192230 1197.9
1192240 1197.9
1192250 1195.3
1192260 1191.8
1192270 1191.8
1192280 1189.8
1192290 1189.2
1192300 1189.2
1192310 1187.9
1192320 1186.2
1192330 1185.8
1192340 1185.8
1192350 1186.6
1192360 1188.8
1192370 1188.8
1192380 1188.5
1192390 1189.3
1192400 1189.3
1192410 1191.3
1192420 1193.5
1192430 1193.5
1192440 1195.5
1192450 1197.1
1192460 1197.1
1192470 1197.6
1192480 1197.8
1192490 1197.8
1192500 1197.7
1192510 1198.2
1192520 1198.2
1192530 1199.6
1192540 1201.5
1192550 1201.5
1192560 1203.0
1192570 1204.7
1192580 1208.5
1192590 1208.5
1192600 1210.6
1192610 1210.2
1192620 1210.2
1192630 1209.5
1192640 1209.3
1192650 1209.3
1192660 1209.8
1192670 1210.7
1192680 1210.7
1192690 1211.8
1192700 1213.1
1192710 1213.1
1192720 1214.5
1192730 1216.1
1192740 1216.1
1192750 1218.1
1192760 1220.6
1192770 1220.6
1192780 1224.3
1192790 1226.1
1192800 1229.0
1192810 1229.0
1192820 1230.2
1192830 1232.1
1192840 1232.1
1192850 1234.6
1192860 1238.4
1192870 1238.4
1192880 1243.0
1192890 1248.4
1192900 1248.4
1192910 1254.6
1192920 1261.8
1192930 1261.8
1192940 1270.4
1192950 1278.3
1192960 1278.3
1192970 1284.4
1192980 1289.2
1192990 1289.2
1193000 1294.6
1193010 1299.6
1193020 1299.6
1193030 1303.7
1193040 1308.2
1193050 1312.3
1193060 1312.3
1193070 1315.9
1193080 1319.2
1193090 1319.2
1193100 1323.1
1193110 1327.4
1193120 1327.4
1193130 1330.4
1193140 1332.6
1193150 1332.6
1193160 1333.8
1193170 1335.0
1193180 1335.0
1193190 1336.9
1193200 1338.3
1193210 1338.3
1193220 1339.2
1193230 1342.4
1193240 1342.4
1193250 1341.4
1193260 1338.8
1193270 1336.8
1193280 1336.8
1193290 1336.5
1193300 1338.9
1193310 1338.9
1193320 1343.8
1193330 1348.2
1193340 1348.2
1193350 1351.8
1193360 1353.5
1193370 1353.5
1193380 1354.0
1193390 1353.8
1193400 1353.8
1193410 1353.7
1193420 1353.8
1193430 1353.8
1193440 1355.8
1193450 1359.3
1193460 1359.3
1193470 1362.1
1193480 1363.7
1193490 1363.7
1193500 1365.5
1193510 1368.0
1193520 1370.5
1193530 1370.5
1193540 1373.1
1193550 1375.6
1193560 1375.6
1193570 1378.9
1193580 1382.8
1193590 1382.8
1193600 1386.3
1193610 1389.3
1193620 1389.3
1193630 1392.0
1193640 1394.1
1193650 1394.1
1193660 1395.7
1193670 1402.2
1193680 1402.2
1193690 1406.3
1193700 1410.6
1193710 1410.6
1193720 1415.4
1193730 1419.5
1193740 1426.4
1193750 1426.4
1193760 1433.9
1193770 1439.5
1193780 1439.5
1193790 1441.5
1193800 1441.0
1193810 1441.0
1193820 1440.4
1193830 1440.7
1193840 1440.7
1193850 1439.8
1193860 1437.7
1193870 1437.7
1193880 1435.0
1193890 1431.1
1193900 1431.1
1193910 1428.2
1193920 1425.6
1193930 1425.6
1193940 1423.5
1193950 1422.0
1193960 1422.0
1193970 1419.7
1193980 1417.1
1193990 1415.9
1194000 1415.9
1194010 1416.5
1194020 1417.5
1194030 1417.5
1194040 1418.6
1194050 1421.7
1194060 1421.7
1194070 1425.8
1194080 1429.9
1194090 1429.9
1194100 1443.1
1194110 1461.2
1194120 1461.2
1194130 1479.2
1194140 1485.5
1194150 1485.5
1194160 1489.8
1194170 1492.5
1194180 1492.5
1194190 1492.5
1194200 1491.5
1194210 1491.2
1194220 1491.2
1194230 1491.7
1194240 1491.6
1194250 1491.6
1194260 1492.6
1194270 1496.7
1194280 1496.7
1194290 1501.0
1194300 1503.3
1194310 1503.3
1194320 1504.4
1194330 1504.9
1194340 1504.9
1194350 1505.0
1194360 1504.6
1194370 1504.6
1194380 1504.0
1194390 1504.3
1194400 1504.3
1194410 1503.4
1194420 1501.2
1194430 1501.2
1194440 1499.3
1194450 1497.7
1194460 1495.4
1194470 1495.4
1194480 1494.7
1194490 1497.4
1194500 1497.4
1194510 1501.5
1194520 1504.5
1194530 1504.5
1194540 1506.4
1194550 1505.4
1194560 1505.4
1194570 1504.2
1194580 1503.1
1194590 1503.1
1194600 1500.8
1194610 1498.2
1194620 1498.2
1194630 1496.3
1194640 1492.5
1194650 1492.5
1194660 1487.7
1194670 1482.7
1194680 1482.7
1194690 1476.6
1194700 1472.2
1194710 1467.5
1194720 1467.5
1194730 1462.2
1194740 1454.9
1194750 1454.9
1194760 1448.4
1194770 1439.0
1194780 1439.0
1194790 1430.1
1194800 1422.9
1194810 1422.9
1194820 1417.7
1194830 1415.5
1194840 1415.5
1194850 1415.5
1194860 1413.4
1194870 1413.4
1194880 1409.5
1194890 1407.2
1194900 1407.2
1194910 1405.5
1194920 1402.3
1194930 1397.6
1194940 1397.6
1194950 1392.3
1194960 1387.6
1194970 1387.6
1194980 1388.0
1194990 1383.8
1195000 1383.8
1195010 1377.2
1195020 1370.3
1195030 1370.3
1195040 1364.6
1195050 1358.2
1195060 1358.2
1195070 1352.9
1195080 1347.0
1195090 1347.0
1195100 1342.9
1195110 1337.1
1195120 1337.1
1195130 1329.4
1195140 1322.8
1195150 1322.8
1195160 1316.1
1195170 1309.5
1195180 1297.3
1195190 1297.3
1195200 1281.0
1195210 1270.9
1195220 1270.9
1195230 1263.0
1195240 1254.8
1195250 1254.8
1195260 1247.3
1195270 1240.5
1195280 1240.5
1195290 1234.3
1195300 1228.0
1195310 1228.0
1195320 1222.0
1195330 1217.1
1195340 1217.1
1195350 1212.9
1195360 1207.6
1195370 1207.6
1195380 1201.5
1195390 1197.3
1195400 1191.3
1195410 1191.3
1195420 1182.0
1195430 1176.1
1195440 1176.1
1195450 1170.4
1195460 1164.5
1195470 1164.5
1195480 1159.8
1195490 1154.6
1195500 1154.6
1195510 1148.3
1195520 1141.8
1195530 1141.8
1195540 1137.0
1195550 1132.2
1195560 1132.2
1195570 1127.7
1195580 1123.3
1195590 1123.3
1195600 1119.9
1195610 1117.6
1195620 1117.6
1195630 1115.9
1195640 1112.9
1195650 1107.6
1195660 1107.6
1195670 1104.8
1195680 1101.0
1195690 1101.0
1195700 1096.2
1195710 1091.3
1195720 1091.3
1195730 1088.2
1195740 1085.3
1195750 1085.3
1195760 1083.6
1195770 1082.2
1195780 1082.2
1195790 1074.3
1195800 1059.3
1195810 1059.3
1195820 1049.0
1195830 1040.3
1195840 1040.3
1195850 1033.9
1195860 1034.6
1195870 1031.0
1195880 1031.0
1195890 1027.7
1195900 1024.6
1195910 1024.6
1195920 1021.2
1195930 1017.7
1195940 1017.7
1195950 1014.3
1195960 1011.6
1195970 1011.6
1195980 1009.2
1195990 1006.8
1196000 1006.8
1196010 1003.3
1196020 996.7
1196030 996.7
1196040 988.8
1196050 980.7
1196060 980.7
1196070 974.4
1196080 969.3
1196090 969.3
1196100 965.1
1196110 961.5
1196120 960.2
1196130 960.2
1196140 960.2
1196150 960.4
1196160 960.4
1196170 960.7
1196180 960.3
1196190 960.3
1196200 959.5
1196210 960.6
1196220 960.6
1196230 960.7
1196240 960.3
1196250 960.3
1196260 960.3
1196270 960.3
1196280 960.3
1196290 960.5
1196300 960.6
1196310 960.6
1196320 960.6
1196330 960.6
1196340 960.6
1196350 960.6
1196360 961.1
1196370 962.2
1196380 962.2
1196390 963.4
1196400 965.0
1196410 965.0
1196420 967.3
1196430 970.1
1196440 970.1
1196450 973.0
1196460 975.8
1196470 975.8
1196480 978.9
1196490 981.5
1196500 981.5
1196510 983.8
1196520 985.8
1196530 985.8
1196540 988.0
1196550 990.7
1196560 990.7
1196570 993.6
1196580 996.4
1196590 1000.0
1196600 1000.0
1196610 1003.1
1196620 1003.6
1196630 1003.6
1196640 1006.0
1196650 1009.8
1196660 1009.8
1196670 1012.6
1196680 1015.6
1196690 1015.6
1196700 1018.7
1196710 1021.8
1196720 1021.8
1196730 1025.4
1196740 1026.6
1196750 1026.6
1196760 1029.6
1196770 1033.9
1196780 1033.9
1196790 1039.6
1196800 1046.0
1196810 1053.4
1196820 1053.4
1196830 1060.8
1196840 1063.8
1196850 1063.8
1196860 1069.8
1196870 1077.9
1196880 1077.9
1196890 1084.4
1196900 1091.0
1196910 1091.0
1196920 1098.0
1196930 1104.2
1196940 1104.2
1196950 1110.9
1196960 1118.0
1196970 1118.0
1196980 1124.8
1196990 1131.5
1197000 1131.5
1197010 1138.2
1197020 1144.9
1197030 1144.9
1197040 1151.7
1197050 1158.9
1197060 1166.1
1197070 1166.1
1197080 1173.2
1197090 1181.1
1197100 1181.1
1197110 1189.0
1197120 1196.7
1197130 1196.7
1197140 1204.1
1197150 1211.5
1197160 1211.5
1197170 1218.9
1197180 1227.1
1197190 1227.1
1197200 1234.3
1197210 1242.1
1197220 1242.1
1197230 1249.9
1197240 1257.9
1197250 1257.9
1197260 1266.2
1197270 1274.5
1197280 1282.7
1197290 1282.7
1197300 1290.8
1197310 1299.0
1197320 1299.0
1197330 1312.6
1197340 1337.3
1197350 1337.3
1197360 1365.0
1197370 1385.0
1197380 1385.0
1197390 1398.9
1197400 1417.1
1197410 1417.1
1197420 1431.6
1197430 1444.4
1197440 1444.4
1197450 1457.7
1197460 1473.8
1197470 1473.8
1197480 1495.8
1197490 1510.0
1197500 1510.0
1197510 1521.5
1197520 1530.4
1197530 1538.4
1197540 1538.4
1197550 1545.5
1197560 1551.1
1197570 1551.1
1197580 1562.1
1197590 1571.0
1197600 1571.0
1197610 1579.0
1197620 1578.1
1197630 1578.1
1197640 1588.4
1197650 1597.3
1197660 1597.3
1197670 1604.0
1197680 1610.8
1197690 1610.8
1197700 1617.4
1197710 1623.9
1197720 1623.9
1197730 1631.1
1197740 1637.1
1197750 1641.4
1197760 1641.4
1197770 1644.2
1197780 1646.4
1197790 1646.4
1197800 1649.1
1197810 1651.3
1197820 1651.3
1197830 1654.4
1197840 1659.3
1197850 1659.3
1197860 1664.5
1197870 1671.0
1197880 1671.0
1197890 1677.5
1197900 1684.3
1197910 1684.3
1197920 1692.8
1197930 1700.3
1197940 1700.3
1197950 1708.0
1197960 1712.1
1197970 1712.1
1197980 1716.3
1197990 1719.6
1198000 1722.2
1198010 1722.2
1198020 1724.8
1198030 1727.7
1198040 1727.7
1198050 1731.1
1198060 1735.2
1198070 1735.5
1198080 1739.8
1198090 1745.6
1198100 1745.6
1198110 1751.5
1198120 1757.7
1198130 1757.7
1198140 1764.5
1198150 1772.5
1198160 1772.5
1198170 1780.3
1198180 1788.6
1198190 1788.6
1198200 1797.6
1198210 1806.0
1198220 1812.7
1198230 1812.7
1198240 1822.3
1198250 1832.4
1198260 1832.4
1198270 1840.2
1198280 1848.0
1198290 1848.0
1198300 1855.4
1198310 1863.4
1198320 1863.4
1198330 1871.1
1198340 1878.9
1198350 1878.9
1198360 1887.6
1198370 1895.7
1198380 1895.7
1198390 1903.1
1198400 1910.4
1198410 1910.4
1198420 1918.2
1198430 1924.8
1198440 1924.8
1198450 1933.1
1198460 1943.1
1198470 1950.9
1198480 1950.9
1198490 1956.5
1198500 1962.5
1198510 1961.6
1198520 1967.0
1198530 1975.5
1198540 1975.5
1198550 1983.4
1198560 1985.0
1198570 1985.0
1198580 1987.3
1198590 1990.4
1198600 1990.4
1198610 1993.8
1198620 1997.4
1198630 1997.4
1198640 2000.3
1198650 2002.2
1198660 2002.2
1198670 2003.3
1198680 2005.6
1198690 2005.0
1198700 2005.0
1198710 2005.3
1198720 2005.3
1198730 2005.3
1198740 2006.0
1198750 2006.4
1198760 2006.4
1198770 2006.5
1198780 2008.2
1198790 2008.2
1198800 2013.4
1198810 2015.1
1198820 2015.1
1198830 2014.2
1198840 2014.9
1198850 2014.9
1198860 2015.8
1198870 2018.2
1198880 2018.2
1198890 2022.8
1198900 2027.2
1198910 2027.2
1198920 2029.3
1198930 2030.9
1198940 2035.0
1198950 2035.7
1198960 2039.5
1198970 2044.0
1198980 2044.0
1198990 2047.9
1199000 2052.3
1199010 2052.3
1199020 2055.0
1199030 2055.9
1199040 2055.9
1199050 2056.9
1199060 2058.7
1199070 2058.7
1199080 2061.5
1199090 2065.7
1199100 2065.7
1199110 2070.0
1199120 2075.3
1199130 2075.3
1199140 2080.4
1199150 2084.6
1199160 2084.6
1199170 2088.2
1199180 2092.5
1199190 2097.5
1199200 2097.5
1199210 2103.1
1199220 2107.7
1199230 2107.7
1199240 2110.8
1199250 2112.5
1199260 2112.5
1199270 2113.6
1199280 2117.8
1199290 2117.8
1199300 2123.7
1199310 2127.0
1199320 2127.0
1199330 2123.4
1199340 2112.5
1199350 2112.5
1199360 2103.1
1199370 2095.7
1199380 2095.7
1199390 2091.6
1199400 2067.5
1199410 2066.0
1199420 2066.0
1199430 2063.7
1199440 2060.1
1199450 2060.1
1199460 2060.2
1199470 2061.1
1199480 2061.1
1199490 2062.0
1199500 2066.3
1199510 2066.3
1199520 2071.2
1199530 2072.4
1199540 2072.4
1199550 2078.8
1199560 2087.2
1199570 2087.2
1199580 2094.2
1199590 2102.7
1199600 2102.7
1199610 2105.0
1199620 2099.9
1199630 2099.9
1199640 2098.9
1199650 2101.7
1199660 2107.0
1199670 2107.0
1199680 2112.3
1199690 2118.0
1199700 2118.0
1199710 2130.6
1199720 2142.6
1199730 2142.6
1199740 2156.0
1199750 2162.1
1199760 2162.1
1199770 2161.4
1199780 2158.8
1199790 2158.8
1199800 2149.0
1199810 2140.0
1199820 2140.0
1199830 2136.0
1199840 2126.0
1199850 2126.0
1199860 2127.0
1199870 2127.5
1199880 2127.1
1199890 2127.1
1199900 2126.1
1199910 2127.8
1199920 2127.8
1199930 2130.6
1199940 2136.0
1199950 2136.0
1199960 2140.7
1199970 2139.0
1199980 2139.0
1199990 2135.4
