1180000 1226.1
1180010 1229.6
1180020 1229.6
1180030 1236.3
1180040 1242.1
1180050 1242.1
1180060 1247.9
1180070 1251.3
1180080 1251.3
1180090 1255.1
1180100 1259.8
1180110 1264.1
1180120 1264.1
1180130 1267.8
1180140 1271.8
1180150 1271.8
1180160 1276.2
1180170 1281.1
1180180 1281.1
1180190 1286.0
1180200 1290.7
1180210 1295.0
1180220 1300.1
1180230 1305.0
1180240 1305.0
1180250 1309.5
1180260 1313.8
1180270 1313.8
1180280 1319.1
1180290 1325.0
1180300 1325.0
1180310 1330.7
1180320 1336.6
1180330 1342.0
1180340 1342.0
1180350 1347.0
1180360 1352.2
1180370 1352.2
1180380 1356.8
1180390 1360.8
1180400 1360.8
1180410 1364.7
1180420 1367.7
1180430 1367.7
1180440 1369.1
1180450 1372.5
1180460 1372.5
1180470 1377.5
1180480 1382.5
1180490 1382.5
1180500 1387.3
1180510 1392.1
1180520 1392.1
1180530 1395.4
1180540 1396.0
1180550 1396.0
1180560 1397.3
1180570 1400.3
1180580 1405.3
1180590 1405.3
1180600 1412.0
1180610 1419.1
1180620 1419.1
1180630 1432.2
1180640 1433.5
1180650 1433.5
1180660 1436.6
1180670 1441.6
1180680 1441.6
1180690 1448.3
1180700 1455.1
1180710 1455.1
1180720 1463.2
1180730 1468.6
1180740 1468.6
1180750 1470.7
1180760 1469.3
1180770 1469.3
1180780 1469.9
1180790 1467.7
1180800 1468.3
1180810 1468.3
1180820 1470.8
1180830 1474.5
1180840 1474.5
1180850 1478.4
1180860 1481.3
1180870 1481.3
1180880 1483.7
1180890 1486.0
1180900 1486.0
1180910 1487.7
1180920 1489.5
1180930 1489.5
1180940 1491.2
1180950 1493.0
1180960 1493.0
1180970 1494.9
1180980 1497.3
1180990 1497.3
1181000 1498.9
1181010 1499.8
1181020 1499.8
1181030 1501.3
1181040 1503.8
1181050 1514.9
1181060 1514.9
1181070 1520.2
1181080 1525.1
1181090 1525.1
1181100 1524.8
1181110 1527.4
1181120 1527.4
1181130 1534.6
1181140 1543.6
1181150 1543.6
1181160 1551.0
1181170 1559.6
1181180 1559.6
1181190 1566.0
1181200 1569.2
1181210 1569.2
1181220 1573.3
1181230 1577.1
1181240 1577.1
1181250 1578.9
1181260 1582.5
1181270 1582.5
1181280 1592.3
1181290 1602.5
1181300 1607.2
1181310 1607.2
1181320 1611.3
1181330 1615.6
1181340 1615.6
1181350 1618.6
1181360 1621.9
1181370 1621.9
1181380 1626.0
1181390 1629.7
1181400 1629.7
1181410 1634.0
1181420 1637.6
1181430 1637.6
1181440 1640.0
1181450 1640.5
1181460 1640.5
1181470 1643.6
1181480 1644.0
1181490 1644.0
1181500 1644.3
1181510 1644.8
1181520 1645.6
1181530 1645.6
1181540 1646.3
1181550 1647.2
1181560 1647.2
1181570 1648.1
1181580 1649.6
1181590 1649.6
1181600 1650.6
1181610 1652.1
1181620 1652.1
1181630 1653.9
1181640 1655.8
1181650 1655.8
1181660 1656.9
1181670 1657.6
1181680 1657.6
1181690 1658.4
1181700 1660.0
1181710 1660.0
1181720 1662.0
1181730 1665.7
1181740 1665.7
1181750 1669.3
1181760 1672.4
1181770 1675.0
1181780 1675.0
1181790 1677.4
1181800 1681.5
1181810 1681.5
1181820 1685.6
1181830 1690.4
1181840 1690.4
1181850 1695.1
1181860 1699.0
1181870 1699.0
1181880 1703.8
1181890 1707.2
1181900 1707.2
1181910 1711.0
1181920 1715.1
1181930 1715.1
1181940 1720.6
1181950 1726.4
1181960 1726.4
1181970 1732.4
1181980 1738.9
1181990 1744.4
1182000 1744.4
1182010 1748.8
1182020 1752.6
1182030 1752.6
1182040 1757.2
1182050 1761.6
1182060 1761.6
1182070 1765.6
1182080 1770.3
1182090 1770.3
1182100 1775.7
1182110 1780.9
1182120 1780.9
1182130 1785.8
1182140 1790.2
1182150 1790.2
1182160 1793.8
1182170 1797.4
1182180 1797.4
1182190 1801.2
1182200 1806.4
1182210 1806.4
1182220 1811.1
1182230 1814.4
1182240 1819.6
1182250 1819.6
1182260 1827.0
1182270 1833.5
1182280 1833.5
1182290 1839.0
1182300 1844.3
1182310 1842.1
1182320 1848.3
1182330 1853.8
1182340 1853.8
1182350 1858.1
1182360 1864.8
1182370 1864.8
1182380 1871.8
1182390 1879.7
1182400 1879.7
1182410 1889.1
1182420 1897.3
1182430 1897.3
1182440 1905.4
1182450 1913.2
1182460 1913.2
1182470 1919.8
1182480 1927.7
1182490 1937.4
1182500 1937.4
1182510 1946.1
1182520 1953.9
1182530 1953.9
1182540 1962.0
1182550 1968.5
1182560 1968.5
1182570 1973.0
1182580 1978.7
1182590 1978.7
1182600 1985.0
1182610 1989.9
1182620 1989.9
1182630 1994.8
1182640 1999.3
1182650 1999.3
1182660 2003.4
1182670 2005.9
1182680 2005.9
1182690 2006.9
1182700 2008.4
1182710 2010.1
1182720 2010.1
1182730 2018.9
1182740 2024.6
1182750 2024.6
1182760 2029.9
1182770 2032.2
1182780 2032.2
1182790 2034.8
1182800 2039.5
1182810 2039.5
1182820 2045.3
1182830 2050.4
1182840 2050.4
1182850 2053.1
1182860 2055.0
1182870 2055.0
1182880 2056.5
1182890 2057.9
1182900 2057.9
1182910 2059.3
1182920 2060.7
1182930 2060.7
1182940 2061.3
1182950 2062.3
1182960 2063.0
1182970 2063.0
1182980 2063.4
1182990 2065.7
1183000 2065.7
1183010 2067.6
1183020 2068.1
1183030 2068.1
1183040 2068.9
1183050 2070.0
1183060 2070.0
1183070 2070.6
1183080 2071.1
1183090 2071.1
1183100 2070.8
1183110 2070.7
1183120 2070.7
1183130 2070.4
1183140 2070.3
1183150 2075.1
1183160 2075.5
1183170 2075.7
1183180 2076.2
1183190 2076.2
1183200 2078.1
1183210 2079.1
1183220 2079.1
1183230 2078.7
1183240 2078.4
1183250 2078.4
1183260 2078.7
1183270 2079.4
1183280 2079.4
1183290 2079.2
1183300 2077.8
1183310 2077.8
1183320 2076.8
1183330 2075.8
1183340 2075.8
1183350 2074.7
1183360 2073.1
1183370 2073.1
1183380 2072.2
1183390 2071.0
1183400 2071.0
1183410 2069.2
1183420 2067.0
1183430 2065.5
1183440 2065.5
1183450 2063.5
1183460 2061.2
1183470 2061.2
1183480 2058.3
1183490 2056.0
1183500 2056.0
1183510 2054.3
1183520 2053.0
1183530 2053.0
1183540 2051.8
1183550 2052.4
1183560 2052.4
1183570 2057.6
1183580 2058.4
1183590 2058.4
1183600 2060.1
1183610 2063.0
1183620 2063.0
1183630 2066.6
1183640 2069.7
1183650 2069.7
1183660 2072.9
1183670 2075.8
1183680 2077.6
1183690 2077.6
1183700 2078.3
1183710 2078.6
1183720 2078.6
1183730 2080.9
1183740 2084.9
1183750 2084.9
1183760 2089.5
1183770 2094.6
1183780 2094.6
1183790 2099.6
1183800 2104.6
1183810 2104.6
1183820 2109.8
1183830 2114.0
1183840 2114.0
1183850 2117.9
1183860 2123.2
1183870 2123.2
1183880 2130.8
1183890 2138.8
1183900 2146.2
1183910 2146.2
1183920 2150.9
1183930 2151.2
1183940 2151.2
1183950 2149.4
1183960 2146.4
1183970 2146.4
1183980 2146.6
1183990 2151.0
1184000 2151.0
1184010 2152.8
1184020 2153.6
1184030 2153.6
1184040 2155.7
1184050 2157.2
1184060 2157.2
1184070 2157.6
1184080 2158.9
1184090 2158.9
1184100 2162.0
1184110 2166.6
1184120 2166.6
1184130 2168.6
1184140 2166.9
1184150 2165.1
1184160 2165.1
1184170 2166.1
1184180 2167.2
1184190 2167.2
1184200 2168.2
1184210 2169.6
1184220 2169.6
1184230 2172.1
1184240 2176.0
1184250 2176.0
1184260 2179.3
1184270 2181.2
1184280 2181.2
1184290 2182.1
1184300 2182.3
1184310 2182.3
1184320 2184.1
1184330 2185.3
1184340 2185.3
1184350 2182.8
1184360 2178.6
1184370 2177.0
1184380 2177.0
1184390 2176.5
1184400 2179.2
1184410 2179.2
1184420 2183.8
1184430 2181.2
1184440 2181.2
1184450 2179.5
1184460 2178.7
1184470 2178.7
1184480 2178.0
1184490 2178.1
1184500 2178.1
1184510 2179.3
1184520 2180.8
1184530 2180.8
1184540 2185.3
1184550 2189.0
1184560 2189.0
1184570 2190.2
1184580 2190.4
1184590 2190.4
1184600 2189.1
1184610 2185.2
1184620 2177.9
1184630 2177.9
1184640 2171.1
1184650 2166.0
1184660 2166.0
1184670 2163.0
1184680 2161.5
1184690 2161.5
1184700 2160.4
1184710 2160.1
1184720 2160.1
1184730 2160.5
1184740 2159.0
1184750 2159.0
1184760 2156.8
1184770 2154.9
1184780 2154.9
1184790 2154.7
1184800 2156.8
1184810 2156.8
1184820 2158.9
1184830 2159.7
1184840 2162.7
1184850 2165.0
1184860 2168.7
1184870 2172.5
1184880 2172.5
1184890 2175.6
1184900 2178.4
1184910 2178.4
1184920 2182.4
1184930 2185.4
1184940 2185.4
1184950 2185.8
1184960 2184.2
1184970 2184.2
1184980 2183.7
1184990 2183.1
1185000 2183.1
1185010 2181.2
1185020 2180.9
1185030 2180.9
1185040 2182.2
1185050 2183.5
1185060 2183.5
1185070 2183.8
1185080 2184.5
1185090 2185.5
1185100 2185.5
1185110 2187.9
1185120 2191.8
1185130 2191.8
1185140 2196.0
1185150 2200.6
1185160 2200.6
1185170 2205.6
1185180 2210.0
1185190 2210.0
1185200 2212.9
1185210 2215.5
1185220 2215.5
1185230 2218.9
1185240 2223.3
1185250 2223.3
1185260 2230.3
1185270 2236.7
1185280 2236.7
1185290 2242.8
1185300 2247.9
1185310 2247.9
1185320 2252.4
1185330 2254.1
1185340 2251.7
1185350 2251.7
1185360 2246.7
1185370 2241.5
1185380 2241.5
1185390 2236.5
1185400 2231.2
1185410 2231.2
1185420 2225.3
1185430 2218.1
1185440 2218.1
1185450 2211.7
1185460 2209.8
1185470 2209.8
1185480 2208.1
1185490 2205.9
1185500 2205.9
1185510 2202.8
1185520 2201.1
1185530 2201.1
1185540 2199.1
1185550 2197.0
1185560 2195.0
1185570 2195.0
1185580 2192.4
1185590 2190.8
1185600 2190.8
1185610 2189.3
1185620 2187.0
1185630 2187.0
1185640 2183.5
1185650 2180.3
1185660 2180.3
1185670 2177.3
1185680 2174.6
1185690 2177.4
1185700 2177.5
1185710 2177.1
1185720 2177.1
1185730 2177.9
1185740 2178.8
1185750 2178.8
1185760 2178.2
1185770 2176.1
1185780 2176.1
1185790 2176.2
1185800 2174.9
1185810 2173.8
1185820 2173.8
1185830 2174.9
1185840 2176.3
1185850 2176.3
1185860 2179.5
1185870 2184.5
1185880 2184.5
1185890 2189.1
1185900 2191.8
1185910 2191.8
1185920 2195.5
1185930 2201.3
1185940 2201.3
1185950 2209.7
1185960 2218.2
1185970 2218.2
1185980 2228.3
1185990 2239.6
1186000 2239.6
1186010 2247.1
1186020 2247.5
1186030 2247.5
1186040 2249.4
1186050 2253.6
1186060 2256.7
1186070 2256.7
1186080 2252.0
1186090 2250.2
1186100 2250.2
1186110 2259.1
1186120 2262.2
1186130 2262.2
1186140 2267.6
1186150 2274.6
1186160 2274.6
1186170 2284.0
1186180 2292.9
1186190 2292.9
1186200 2301.1
1186210 2307.3
1186220 2307.3
1186230 2309.3
1186240 2313.2
1186250 2313.2
1186260 2321.2
1186270 2328.0
1186280 2328.4
1186290 2328.4
1186300 2326.8
1186310 2329.1
1186320 2329.1
1186330 2335.9
1186340 2342.1
1186350 2342.1
1186360 2350.1
1186370 2355.8
1186380 2355.8
1186390 2357.8
1186400 2360.0
1186410 2360.0
1186420 2360.9
1186430 2356.1
1186440 2356.1
1186450 2348.8
1186460 2342.6
1186470 2342.6
1186480 2337.1
1186490 2332.7
1186500 2332.7
1186510 2328.9
1186520 2324.9
1186530 2323.8
1186540 2331.3
1186550 2337.1
1186560 2345.2
1186570 2345.2
1186580 2350.3
1186590 2346.6
1186600 2346.6
1186610 2342.6
1186620 2343.2
1186630 2343.2
1186640 2348.0
1186650 2356.0
1186660 2356.0
1186670 2369.0
1186680 2382.8
1186690 2382.8
1186700 2392.8
1186710 2403.4
1186720 2403.4
1186730 2412.8
1186740 2415.7
1186750 2412.5
1186760 2412.5
1186770 2413.9
1186780 2415.4
1186790 2415.4
1186800 2420.4
1186810 2423.6
1186820 2423.6
1186830 2426.8
1186840 2430.1
1186850 2430.1
1186860 2434.5
1186870 2440.7
1186880 2440.7
1186890 2447.6
1186900 2453.1
1186910 2453.1
1186920 2456.7
1186930 2461.0
1186940 2461.0
1186950 2461.8
1186960 2469.5
1186970 2469.5
1186980 2465.5
1186990 2463.3
1187000 2461.1
1187010 2461.1
1187020 2459.0
1187030 2456.0
1187040 2456.0
1187050 2452.8
1187060 2450.9
1187070 2450.9
1187080 2450.1
1187090 2449.5
1187100 2449.5
1187110 2449.9
1187120 2451.8
1187130 2451.8
1187140 2455.6
1187150 2461.9
1187160 2461.9
1187170 2470.4
1187180 2476.8
1187190 2476.8
1187200 2474.0
1187210 2469.2
1187220 2469.2
1187230 2465.0
1187240 2460.9
1187250 2456.8
1187260 2456.8
1187270 2451.5
1187280 2446.1
1187290 2446.1
1187300 2441.2
1187310 2437.0
1187320 2437.0
1187330 2433.0
1187340 2430.0
1187350 2430.0
1187360 2427.2
1187370 2423.7
1187380 2423.7
1187390 2416.4
1187400 2413.2
1187410 2413.2
1187420 2409.8
1187430 2406.3
1187440 2406.3
1187450 2403.1
1187460 2400.1
1187470 2397.8
1187480 2397.8
1187490 2395.5
1187500 2392.8
1187510 2392.8
1187520 2389.9
1187530 2386.7
1187540 2386.7
1187550 2383.0
1187560 2380.0
1187570 2380.0
1187580 2377.8
1187590 2375.7
1187600 2375.7
1187610 2374.2
1187620 2373.0
1187630 2373.0
1187640 2371.3
1187650 2369.4
1187660 2369.4
1187670 2366.9
1187680 2363.9
1187690 2363.9
1187700 2360.4
1187710 2353.6
1187720 2347.9
1187730 2347.9
1187740 2342.4
1187750 2337.5
1187760 2337.5
1187770 2332.8
1187780 2327.2
1187790 2327.2
1187800 2320.9
1187810 2315.8
1187820 2315.3
1187830 2309.0
1187840 2302.9
1187850 2302.9
1187860 2297.3
1187870 2291.4
1187880 2291.4
1187890 2284.9
1187900 2280.9
1187910 2280.9
1187920 2277.1
1187930 2272.4
1187940 2268.2
1187950 2268.2
1187960 2264.3
1187970 2259.7
1187980 2259.7
1187990 2255.3
1188000 2252.3
1188010 2252.3
1188020 2247.3
1188030 2241.8
1188040 2241.8
1188050 2236.2
1188060 2229.7
1188070 2229.7
1188080 2225.0
1188090 2222.3
1188100 2222.3
1188110 2219.4
1188120 2215.3
1188130 2215.3
1188140 2210.7
1188150 2206.6
1188160 2206.6
1188170 2202.1
1188180 2196.5
1188190 2191.6
1188200 2191.6
1188210 2185.4
1188220 2179.2
1188230 2179.2
1188240 2175.0
1188250 2166.9
1188260 2166.9
1188270 2164.5
1188280 2162.1
1188290 2162.1
1188300 2159.9
1188310 2157.6
1188320 2157.6
1188330 2155.5
1188340 2152.8
1188350 2152.8
1188360 2149.5
1188370 2145.5
1188380 2145.5
1188390 2141.9
1188400 2137.5
1188410 2132.4
1188420 2132.4
1188430 2127.9
1188440 2124.0
1188450 2124.0
1188460 2120.4
1188470 2117.1
1188480 2117.1
1188490 2114.0
1188500 2110.2
1188510 2110.2
1188520 2106.8
1188530 2104.0
1188540 2104.0
1188550 2100.2
1188560 2096.1
1188570 2096.1
1188580 2093.9
1188590 2092.4
1188600 2092.4
1188610 2090.8
1188620 2089.1
1188630 2089.1
1188640 2087.4
1188650 2085.9
1188660 2085.0
1188670 2085.0
1188680 2083.3
1188690 2081.2
1188700 2081.2
1188710 2078.4
1188720 2076.4
1188730 2076.4
1188740 2073.5
1188750 2071.6
1188760 2071.6
1188770 2069.1
1188780 2065.9
1188790 2065.9
1188800 2062.4
1188810 2058.8
1188820 2058.8
1188830 2055.2
1188840 2051.9
1188850 2051.9
1188860 2048.5
1188870 2045.5
1188880 2045.5
1188890 2042.8
1188900 2040.5
1188910 2038.4
1188920 2038.4
1188930 2035.1
1188940 2030.9
1188950 2030.9
1188960 2025.5
1188970 2019.4
1188980 2019.4
1188990 2013.7
1189000 2009.1
1189010 2009.1
1189020 2004.8
1189030 2001.9
1189040 2001.9
1189050 2000.0
1189060 1998.1
1189070 1998.1
1189080 1996.3
1189090 1995.3
1189100 1995.3
1189110 1994.2
1189120 1992.4
1189130 1989.3
1189140 1989.3
1189150 1986.0
1189160 1983.4
1189170 1983.4
1189180 1982.3
1189190 1981.5
1189200 1981.5
1189210 1980.8
1189220 1980.0
1189230 1980.0
1189240 1979.4
1189250 1979.1
1189260 1979.1
1189270 1978.8
1189280 1978.3
1189290 1978.3
1189300 1976.8
1189310 1974.2
1189320 1974.2
1189330 1971.5
1189340 1968.5
1189350 1968.5
1189360 1965.5
1189370 1962.9
1189380 1960.7
1189390 1960.7
1189400 1958.2
1189410 1955.8
1189420 1955.8
1189430 1953.7
1189440 1951.0
1189450 1951.0
1189460 1948.0
1189470 1945.4
1189480 1945.4
1189490 1942.4
1189500 1938.6
1189510 1938.6
1189520 1935.2
1189530 1931.9
1189540 1931.7
1189550 1928.4
1189560 1924.1
1189570 1924.1
1189580 1918.3
1189590 1913.2
1189600 1910.1
1189610 1910.1
1189620 1907.9
1189630 1906.5
1189640 1906.5
1189650 1905.4
1189660 1904.3
1189670 1904.3
1189680 1900.9
1189690 1897.2
1189700 1897.2
1189710 1893.2
1189720 1887.2
1189730 1887.2
1189740 1879.7
1189750 1870.4
1189760 1870.4
1189770 1862.2
1189780 1855.6
1189790 1855.6
1189800 1850.3
1189810 1844.9
1189820 1844.9
1189830 1840.3
1189840 1837.1
1189850 1835.0
1189860 1835.0
1189870 1831.8
1189880 1826.7
1189890 1826.7
1189900 1819.8
1189910 1812.0
1189920 1812.0
1189930 1806.0
1189940 1800.9
1189950 1800.9
1189960 1795.6
1189970 1788.2
1189980 1788.2
1189990 1785.3
1190000 1782.2
1190010 1782.2
1190020 1778.3
1190030 1773.0
1190040 1773.0
1190050 1766.9
1190060 1760.0
1190070 1760.0
1190080 1753.5
1190090 1748.6
1190100 1739.2
1190110 1739.2
1190120 1726.8
1190130 1715.8
1190140 1715.8
1190150 1708.4
1190160 1705.9
1190170 1705.9
1190180 1705.4
1190190 1702.3
1190200 1702.3
1190210 1698.6
1190220 1695.0
1190230 1695.0
1190240 1691.6
1190250 1688.4
1190260 1688.4
1190270 1685.0
1190280 1681.2
1190290 1681.2
1190300 1678.0
1190310 1675.1
1190320 1672.0
1190330 1672.0
1190340 1669.8
1190350 1666.9
1190360 1666.9
1190370 1663.4
1190380 1660.5
1190390 1660.5
1190400 1655.4
1190410 1652.2
1190420 1652.2
1190430 1649.6
1190440 1646.2
1190450 1646.2
1190460 1641.1
1190470 1636.5
1190480 1636.5
1190490 1631.8
1190500 1627.1
1190510 1627.1
1190520 1624.7
1190530 1623.2
1190540 1623.2
1190550 1621.2
1190560 1618.7
1190570 1615.5
1190580 1615.5
1190590 1612.4
1190600 1609.4
1190610 1609.4
1190620 1605.9
1190630 1602.0
1190640 1602.0
1190650 1598.2
1190660 1594.5
1190670 1594.5
1190680 1592.2
1190690 1589.8
1190700 1589.8
1190710 1586.5
1190720 1582.3
1190730 1582.3
1190740 1578.4
1190750 1573.7
1190760 1573.7
1190770 1569.0
1190780 1564.6
1190790 1559.9
1190800 1559.9
1190810 1555.9
1190820 1552.1
1190830 1552.1
1190840 1548.8
1190850 1546.9
1190860 1546.9
1190870 1545.4
1190880 1542.6
1190890 1542.6
1190900 1540.0
1190910 1537.5
1190920 1537.5
1190930 1535.0
1190940 1532.8
1190950 1532.8
1190960 1531.0
1190970 1527.7
1190980 1527.7
1190990 1523.4
1191000 1518.1
1191010 1518.1
1191020 1512.5
1191030 1507.9
1191040 1503.2
1191050 1503.2
1191060 1498.3
1191070 1494.8
1191080 1494.8
1191090 1491.6
1191100 1489.5
1191110 1489.5
1191120 1487.7
1191130 1486.2
1191140 1486.2
1191150 1485.0
1191160 1482.0
1191170 1482.0
1191180 1480.4
1191190 1479.5
1191200 1479.5
1191210 1477.3
1191220 1475.3
1191230 1475.3
1191240 1473.7
1191250 1471.9
1191260 1474.1
1191270 1472.5
1191280 1470.3
1191290 1468.3
1191300 1468.3
1191310 1466.3
1191320 1464.8
1191330 1464.8
1191340 1462.6
1191350 1460.1
1191360 1460.1
1191370 1459.9
1191380 1459.0
1191390 1459.0
1191400 1455.8
1191410 1452.2
1191420 1452.2
1191430 1448.5
1191440 1443.1
1191450 1443.1
1191460 1437.6
1191470 1435.0
1191480 1435.0
1191490 1433.8
1191500 1432.1
1191510 1429.4
1191520 1429.4
1191530 1426.7
1191540 1424.9
1191550 1424.9
1191560 1422.3
1191570 1419.7
1191580 1419.7
1191590 1419.6
1191600 1421.6
1191610 1421.6
1191620 1424.0
1191630 1424.2
1191640 1424.2
1191650 1423.1
1191660 1422.2
1191670 1422.2
1191680 1421.9
1191690 1420.6
1191700 1415.5
1191710 1414.0
1191720 1411.3
1191730 1411.3
1191740 1407.9
1191750 1403.8
1191760 1399.4
1191770 1399.4
1191780 1395.9
1191790 1393.1
1191800 1393.1
1191810 1388.9
1191820 1386.1
1191830 1386.1
1191840 1384.4
1191850 1380.8
1191860 1380.8
1191870 1375.1
1191880 1370.6
1191890 1370.6
1191900 1367.4
1191910 1364.4
1191920 1364.4
1191930 1362.4
1191940 1360.2
1191950 1360.2
1191960 1357.0
1191970 1354.1
1191980 1350.3
1191990 1350.3
1192000 1344.0
1192010 1338.6
1192020 1338.6
1192030 1334.7
1192040 1331.2
1192050 1331.2
1192060 1328.8
1192070 1327.5
1192080 1327.5
1192090 1326.0
1192100 1324.2
1192110 1324.2
1192120 1320.3
1192130 1310.9
1192140 1310.9
1192150 1304.7
1192160 1300.3
1192170 1300.3
1192180 1296.8
1192190 1293.2
1192200 1293.2
1192210 1289.0
1192220 1285.2
1192230 1282.5
1192240 1282.5
1192250 1280.9
1192260 1277.6
1192270 1277.6
1192280 1273.4
1192290 1269.8
1192300 1269.8
1192310 1266.7
1192320 1264.2
1192330 1264.2
1192340 1261.7
1192350 1259.5
1192360 1259.5
1192370 1257.3
1192380 1254.6
1192390 1254.6
1192400 1250.9
1192410 1245.8
1192420 1245.8
1192430 1240.2
1192440 1236.1
1192450 1232.7
1192460 1232.7
1192470 1229.7
1192480 1227.1
1192490 1227.1
1192500 1223.7
1192510 1221.1
1192520 1221.1
1192530 1217.4
1192540 1212.9
1192550 1212.9
1192560 1210.1
1192570 1205.7
1192580 1205.7
1192590 1203.1
1192600 1200.1
1192610 1200.1
1192620 1197.2
1192630 1194.9
1192640 1194.9
1192650 1192.9
1192660 1191.4
1192670 1191.4
1192680 1189.9
1192690 1188.1
1192700 1186.5
1192710 1186.5
1192720 1185.2
1192730 1184.1
1192740 1184.1
1192750 1183.2
1192760 1182.2
1192770 1182.2
1192780 1180.4
1192790 1178.9
1192800 1178.9
1192810 1177.6
1192820 1176.5
1192830 1176.5
1192840 1175.7
1192850 1174.9
1192860 1174.9
1192870 1173.4
1192880 1172.1
1192890 1172.1
1192900 1171.5
1192910 1171.2
1192920 1171.2
1192930 1170.9
1192940 1169.9
1192950 1169.1
1192960 1169.1
1192970 1168.2
1192980 1166.2
1192990 1166.2
1193000 1164.7
1193010 1164.3
1193020 1164.3
1193030 1163.4
1193040 1161.1
1193050 1161.1
1193060 1159.6
1193070 1159.7
1193080 1159.7
1193090 1159.7
1193100 1159.1
1193110 1159.1
1193120 1158.0
1193130 1156.7
1193140 1156.7
1193150 1155.3
1193160 1154.7
1193170 1154.8
1193180 1154.8
1193190 1154.6
1193200 1152.6
1193210 1152.6
1193220 1150.3
1193230 1149.0
1193240 1149.0
1193250 1148.6
1193260 1148.8
1193270 1148.8
1193280 1147.1
1193290 1144.9
1193300 1144.9
1193310 1143.6
1193320 1142.1
1193330 1142.1
1193340 1140.4
1193350 1139.1
1193360 1139.1
1193370 1136.6
1193380 1134.6
1193390 1134.6
1193400 1133.2
1193410 1132.5
1193420 1132.5
1193430 1132.5
1193440 1129.8
1193450 1130.2
1193460 1130.2
1193470 1130.2
1193480 1130.3
1193490 1130.3
1193500 1130.0
1193510 1129.1
1193520 1129.1
1193530 1128.9
1193540 1130.4
1193550 1130.4
1193560 1130.8
1193570 1130.9
1193580 1130.9
1193590 1131.3
1193600 1131.7
1193610 1131.7
1193620 1132.2
1193630 1132.9
1193640 1132.9
1193650 1132.9
1193660 1132.5
1193670 1132.2
1193680 1132.2
1193690 1131.1
1193700 1130.5
1193710 1130.5
1193720 1130.8
1193730 1130.4
1193740 1130.4
1193750 1128.7
1193760 1125.8
1193770 1125.8
1193780 1125.3
1193790 1126.1
1193800 1126.1
1193810 1127.4
1193820 1130.3
1193830 1130.3
1193840 1133.2
1193850 1133.4
1193860 1133.4
1193870 1134.1
1193880 1133.5
1193890 1132.6
1193900 1132.6
1193910 1131.4
1193920 1130.5
1193930 1130.5
1193940 1129.8
1193950 1129.6
1193960 1129.6
1193970 1129.4
1193980 1129.4
1193990 1129.4
1194000 1129.2
1194010 1128.4
1194020 1128.4
1194030 1127.5
1194040 1127.2
1194050 1127.2
1194060 1126.8
1194070 1125.5
1194080 1125.5
1194090 1124.4
1194100 1123.7
1194110 1123.7
1194120 1123.0
1194130 1122.7
1194140 1122.5
1194150 1122.5
1194160 1122.2
1194170 1121.3
1194180 1121.3
1194190 1120.5
1194200 1120.0
1194210 1120.0
1194220 1119.6
1194230 1119.2
1194240 1119.2
1194250 1118.6
1194260 1118.0
1194270 1118.0
1194280 1118.1
1194290 1118.0
1194300 1118.0
1194310 1119.2
1194320 1118.8
1194330 1118.8
1194340 1119.7
1194350 1120.7
1194360 1120.9
1194370 1120.9
1194380 1120.8
1194390 1120.9
1194400 1120.9
1194410 1120.3
1194420 1118.1
1194430 1118.1
1194440 1116.3
1194450 1114.7
1194460 1114.7
1194470 1113.3
1194480 1112.3
1194490 1112.3
1194500 1112.0
1194510 1112.1
1194520 1112.1
1194530 1112.9
1194540 1114.1
1194550 1114.1
1194560 1115.6
1194570 1117.1
1194580 1117.1
1194590 1118.6
1194600 1119.9
1194610 1120.9
1194620 1120.9
1194630 1121.4
1194640 1121.4
1194650 1121.4
1194660 1120.6
1194670 1120.1
1194680 1120.1
1194690 1120.6
1194700 1121.6
1194710 1121.6
1194720 1122.2
1194730 1123.1
1194740 1123.1
1194750 1129.9
1194760 1132.4
1194770 1132.4
1194780 1135.1
1194790 1137.8
1194800 1137.8
1194810 1141.5
1194820 1146.2
1194830 1151.1
1194840 1151.1
1194850 1156.3
1194860 1171.6
1194870 1171.6
1194880 1178.8
1194890 1181.7
1194900 1181.7
1194910 1184.6
1194920 1187.5
1194930 1187.5
1194940 1189.8
1194950 1194.1
1194960 1194.1
1194970 1203.0
1194980 1218.4
1194990 1218.4
1195000 1223.5
1195010 1221.4
1195020 1221.4
1195030 1214.7
1195040 1206.4
1195050 1206.4
1195060 1199.5
1195070 1193.7
1195080 1187.7
1195090 1187.7
1195100 1181.5
1195110 1175.4
1195120 1175.4
1195130 1169.6
1195140 1164.1
1195150 1164.1
1195160 1157.0
1195170 1149.3
1195180 1149.3
1195190 1142.2
1195200 1133.3
1195210 1133.3
1195220 1125.3
1195230 1116.2
1195240 1116.2
1195250 1108.3
1195260 1099.3
1195270 1099.3
1195280 1090.6
1195290 1083.6
1195300 1079.1
1195310 1079.1
1195320 1074.8
1195330 1070.4
1195340 1070.4
1195350 1065.8
1195360 1061.6
1195370 1061.6
1195380 1055.2
1195390 1046.2
1195400 1046.2
1195410 1035.7
1195420 1024.5
1195430 1024.5
1195440 1013.9
1195450 1003.0
1195460 1003.0
1195470 993.7
1195480 985.6
1195490 985.6
1195500 972.9
1195510 968.3
1195520 968.3
1195530 960.8
1195540 952.8
1195550 945.0
1195560 945.0
1195570 935.8
1195580 930.9
1195590 930.9
1195600 935.9
1195610 943.0
1195620 943.0
1195630 949.5
1195640 957.3
1195650 957.3
1195660 962.6
1195670 969.7
1195680 969.7
1195690 976.3
1195700 981.9
1195710 981.9
1195720 987.8
1195730 991.9
1195740 991.9
1195750 996.9
1195760 1005.2
1195770 1005.2
1195780 1015.4
1195790 1024.6
1195800 1034.2
1195810 1034.2
1195820 1045.8
1195830 1054.3
1195840 1054.3
1195850 1061.3
1195860 1069.2
1195870 1069.2
1195880 1077.1
1195890 1079.8
1195900 1079.8
1195910 1080.7
1195920 1081.5
1195930 1081.5
1195940 1082.7
1195950 1084.2
1195960 1084.2
1195970 1085.8
1195980 1087.4
1195990 1087.4
1196000 1088.4
1196010 1088.3
1196020 1088.6
1196030 1088.6
1196040 1089.1
1196050 1089.8
1196060 1089.8
1196070 1095.3
1196080 1096.5
1196090 1096.5
1196100 1097.2
1196110 1097.8
1196120 1097.8
1196130 1099.8
1196140 1101.2
1196150 1101.2
1196160 1101.3
1196170 1103.7
1196180 1103.7
1196190 1103.7
1196200 1104.1
1196210 1104.1
1196220 1104.8
1196230 1106.4
1196240 1106.4
1196250 1107.0
1196260 1107.6
1196270 1108.4
1196280 1108.4
1196290 1109.7
1196300 1110.7
1196310 1110.7
1196320 1111.6
1196330 1112.8
1196340 1112.8
1196350 1114.7
1196360 1116.3
1196370 1116.3
1196380 1117.4
1196390 1119.7
1196400 1119.7
1196410 1122.4
1196420 1125.4
1196430 1125.4
1196440 1130.0
1196450 1134.0
1196460 1134.0
1196470 1137.7
1196480 1141.5
1196490 1146.6
1196500 1146.6
1196510 1151.7
1196520 1156.7
1196530 1156.7
1196540 1162.2
1196550 1168.0
1196560 1168.0
1196570 1173.4
1196580 1179.2
1196590 1179.2
1196600 1183.1
1196610 1187.8
1196620 1187.8
1196630 1193.1
1196640 1197.5
1196650 1197.5
1196660 1201.2
1196670 1202.3
1196680 1202.3
1196690 1200.9
1196700 1199.5
1196710 1199.5
1196720 1200.5
1196730 1204.9
1196740 1209.9
1196750 1209.9
1196760 1214.2
1196770 1218.0
1196780 1218.0
1196790 1220.9
1196800 1225.4
1196810 1225.4
1196820 1229.6
1196830 1232.2
1196840 1232.2
1196850 1235.1
1196860 1238.3
1196870 1238.3
1196880 1241.7
1196890 1245.4
1196900 1245.4
1196910 1248.4
1196920 1249.7
1196930 1249.7
1196940 1249.5
1196950 1242.8
1196960 1242.8
1196970 1247.5
1196980 1246.2
1196990 1245.8
1197000 1245.8
1197010 1250.6
1197020 1258.4
1197030 1258.4
1197040 1264.5
1197050 1265.0
1197060 1265.0
1197070 1259.9
1197080 1261.9
1197090 1261.9
1197100 1265.0
1197110 1267.3
1197120 1267.3
1197130 1268.7
1197140 1271.7
1197150 1271.7
1197160 1277.6
1197170 1285.0
1197180 1285.0
1197190 1291.7
1197200 1295.5
1197210 1299.6
1197220 1299.6
1197230 1303.0
1197240 1305.8
1197250 1305.8
1197260 1308.4
1197270 1310.8
1197280 1310.8
1197290 1312.9
1197300 1315.2
1197310 1315.2
1197320 1318.1
1197330 1320.7
1197340 1320.7
1197350 1323.6
1197360 1326.6
1197370 1326.6
1197380 1329.4
1197390 1328.5
1197400 1328.5
1197410 1331.5
1197420 1334.8
1197430 1334.8
1197440 1338.6
1197450 1341.0
1197460 1341.8
1197470 1341.8
1197480 1340.4
1197490 1338.6
1197500 1338.6
1197510 1340.7
1197520 1343.7
1197530 1343.7
1197540 1343.5
1197550 1341.2
1197560 1341.2
1197570 1343.0
1197580 1347.3
1197590 1347.3
1197600 1352.2
1197610 1358.4
1197620 1358.4
1197630 1363.9
1197640 1368.2
1197650 1368.2
1197660 1371.2
1197670 1374.4
1197680 1379.8
1197690 1379.8
1197700 1386.4
1197710 1390.3
1197720 1390.3
1197730 1393.3
1197740 1399.1
1197750 1399.1
1197760 1402.7
1197770 1403.8
1197780 1403.8
1197790 1407.3
1197800 1412.1
1197810 1412.1
1197820 1416.2
1197830 1423.1
1197840 1423.1
1197850 1424.2
1197860 1427.9
1197870 1427.9
1197880 1432.6
1197890 1434.7
1197900 1434.7
1197910 1439.0
1197920 1443.4
1197930 1447.0
1197940 1447.0
1197950 1450.4
1197960 1452.6
1197970 1452.6
1197980 1455.2
1197990 1459.7
1198000 1459.7
1198010 1465.7
1198020 1472.5
1198030 1472.5
1198040 1479.7
1198050 1487.5
1198060 1487.5
1198070 1495.5
1198080 1503.9
1198090 1503.9
1198100 1511.5
1198110 1515.9
1198120 1515.9
1198130 1518.3
1198140 1521.9
1198150 1526.0
1198160 1526.0
1198170 1530.2
1198180 1532.0
1198190 1532.0
1198200 1531.6
1198210 1531.1
1198220 1531.1
1198230 1532.2
1198240 1534.4
1198250 1534.4
1198260 1536.5
1198270 1539.7
1198280 1540.1
1198290 1542.6
1198300 1545.2
1198310 1545.2
1198320 1547.6
1198330 1549.7
1198340 1549.7
1198350 1552.2
1198360 1555.4
1198370 1555.4
1198380 1558.8
1198390 1562.2
1198400 1565.7
1198410 1565.7
1198420 1570.8
1198430 1576.0
1198440 1576.0
1198450 1581.9
1198460 1587.9
1198470 1587.9
1198480 1594.2
1198490 1600.4
1198500 1600.4
1198510 1608.2
1198520 1616.5
1198530 1616.5
1198540 1624.5
1198550 1633.1
1198560 1633.1
1198570 1638.1
1198580 1642.0
1198590 1642.0
1198600 1644.5
1198610 1646.6
1198620 1646.6
1198630 1649.6
1198640 1653.0
1198650 1654.2
1198660 1654.2
1198670 1653.8
1198680 1653.6
1198690 1653.6
1198700 1653.5
1198710 1653.9
1198720 1658.5
1198730 1657.9
1198740 1659.5
1198750 1659.5
1198760 1662.9
1198770 1666.5
1198780 1666.5
1198790 1669.6
1198800 1671.7
1198810 1671.7
1198820 1672.2
1198830 1672.6
1198840 1672.6
1198850 1673.6
1198860 1674.8
1198870 1676.6
1198880 1676.6
1198890 1677.5
1198900 1679.5
1198910 1679.5
1198920 1681.2
1198930 1683.2
1198940 1683.2
1198950 1685.4
1198960 1688.4
1198970 1688.4
1198980 1693.3
1198990 1697.9
1199000 1697.9
1199010 1702.5
1199020 1706.7
1199030 1706.7
1199040 1709.8
1199050 1712.7
1199060 1712.7
1199070 1716.4
1199080 1720.4
1199090 1720.4
1199100 1725.5
1199110 1732.6
1199120 1739.2
1199130 1739.2
1199140 1744.8
1199150 1747.8
1199160 1750.1
1199170 1753.6
1199180 1757.9
1199190 1757.9
1199200 1762.5
1199210 1766.9
1199220 1766.9
1199230 1771.2
1199240 1776.3
1199250 1776.3
1199260 1780.9
1199270 1785.9
1199280 1785.9
1199290 1790.7
1199300 1794.5
1199310 1794.5
1199320 1798.6
1199330 1804.0
1199340 1810.0
1199350 1810.0
1199360 1814.0
1199370 1818.2
1199380 1818.2
1199390 1824.9
1199400 1830.4
1199410 1830.4
1199420 1835.8
1199430 1840.1
1199440 1840.1
1199450 1842.8
1199460 1846.2
1199470 1846.2
1199480 1851.2
1199490 1854.7
1199500 1854.7
1199510 1859.2
1199520 1864.4
1199530 1864.4
1199540 1868.4
1199550 1870.6
1199560 1870.6
1199570 1872.0
1199580 1873.3
1199590 1875.1
1199600 1875.1
1199610 1882.5
1199620 1885.1
1199630 1885.1
1199640 1888.5
1199650 1894.2
1199660 1894.2
1199670 1899.8
1199680 1904.4
1199690 1904.4
1199700 1907.7
1199710 1910.8
1199720 1910.8
1199730 1912.8
1199740 1914.6
1199750 1914.6
1199760 1917.0
1199770 1919.6
1199780 1919.6
1199790 1923.6
1199800 1928.2
1199810 1933.7
1199820 1933.7
1199830 1938.5
1199840 1942.6
1199850 1942.6
1199860 1945.8
1199870 1948.5
1199880 1948.5
1199890 1955.1
1199900 1961.4
1199910 1961.4
1199920 1966.7
1199930 1973.0
1199940 1973.0
1199950 1978.6
1199960 1981.9
1199970 1981.9
1199980 1985.7
1199990 1991.4
