1180000 1017.8
1180010 1017.8
1180020 1019.6
1180030 1021.1
1180040 1021.1
1180050 1023.0
1180060 1032.5
1180070 1032.5
1180080 1037.3
1180090 1043.2
1180100 1043.2
1180110 1048.9
1180120 1054.2
1180130 1058.6
1180140 1058.6
1180150 1062.2
1180160 1065.8
1180170 1065.8
1180180 1068.7
1180190 1071.2
1180200 1071.2
1180210 1074.1
1180220 1077.1
1180230 1077.1
1180240 1081.2
1180250 1085.7
1180260 1085.7
1180270 1089.3
1180280 1092.0
1180290 1092.0
1180300 1094.8
1180310 1098.6
1180320 1098.6
1180330 1102.9
1180340 1106.4
1180350 1109.5
1180360 1109.5
1180370 1112.1
1180380 1113.9
1180390 1113.9
1180400 1116.2
1180410 1118.1
1180420 1118.1
1180430 1118.9
1180440 1120.9
1180450 1120.9
1180460 1124.1
1180470 1131.5
1180480 1131.5
1180490 1133.1
1180500 1134.2
1180510 1134.2
1180520 1135.8
1180530 1137.6
1180540 1137.6
1180550 1137.3
1180560 1136.9
1180570 1136.9
1180580 1139.1
1180590 1139.6
1180600 1141.2
1180610 1141.2
1180620 1142.8
1180630 1144.0
1180640 1144.0
1180650 1144.6
1180660 1145.5
1180670 1145.5
1180680 1147.4
1180690 1147.5
1180700 1147.5
1180710 1149.4
1180720 1153.7
1180730 1153.7
1180740 1158.5
1180750 1161.9
1180760 1161.9
1180770 1165.2
1180780 1167.4
1180790 1167.4
1180800 1170.3
1180810 1172.7
1180820 1172.7
1180830 1176.6
1180840 1179.9
1180850 1183.7
1180860 1183.7
1180870 1187.3
1180880 1190.7
1180890 1195.7
1180900 1197.3
1180910 1199.4
1180920 1199.4
1180930 1200.8
1180940 1201.4
1180950 1201.4
1180960 1202.0
1180970 1202.6
1180980 1202.6
1180990 1203.1
1181000 1203.5
1181010 1203.5
1181020 1203.8
1181030 1204.2
1181040 1204.2
1181050 1204.8
1181060 1205.7
1181070 1207.3
1181080 1207.3
1181090 1208.7
1181100 1210.9
1181110 1210.9
1181120 1213.1
1181130 1213.6
1181140 1213.6
1181150 1216.1
1181160 1220.6
1181170 1220.6
1181180 1225.5
1181190 1229.5
1181200 1229.5
1181210 1232.0
1181220 1235.1
1181230 1235.1
1181240 1240.8
1181250 1247.9
1181260 1247.9
1181270 1255.3
1181280 1262.1
1181290 1262.1
1181300 1268.7
1181310 1276.0
1181320 1277.7
1181330 1277.7
1181340 1280.1
1181350 1283.2
1181360 1283.2
1181370 1286.8
1181380 1290.6
1181390 1290.6
1181400 1293.6
1181410 1296.2
1181420 1296.2
1181430 1299.1
1181440 1300.0
1181450 1300.0
1181460 1298.8
1181470 1301.3
1181480 1301.3
1181490 1306.7
1181500 1310.9
1181510 1310.9
1181520 1314.2
1181530 1317.3
1181540 1317.3
1181550 1319.6
1181560 1322.3
1181570 1325.3
1181580 1325.3
1181590 1328.0
1181600 1330.6
1181610 1330.6
1181620 1332.0
1181630 1332.7
1181640 1332.7
1181650 1332.6
1181660 1333.9
1181670 1333.9
1181680 1338.9
1181690 1344.9
1181700 1344.9
1181710 1350.6
1181720 1355.0
1181730 1356.3
1181740 1360.6
1181750 1363.7
1181760 1363.7
1181770 1366.9
1181780 1369.9
1181790 1369.9
1181800 1372.7
1181810 1375.4
1181820 1377.8
1181830 1377.8
1181840 1379.5
1181850 1381.0
1181860 1381.0
1181870 1382.8
1181880 1385.3
1181890 1385.3
1181900 1387.8
1181910 1390.2
1181920 1390.2
1181930 1392.9
1181940 1396.2
1181950 1396.2
1181960 1399.7
1181970 1402.6
1181980 1402.6
1181990 1405.6
1182000 1409.3
1182010 1409.3
1182020 1413.5
1182030 1417.9
1182040 1421.8
1182050 1421.8
1182060 1425.8
1182070 1430.3
1182080 1430.3
1182090 1433.5
1182100 1436.6
1182110 1436.6
1182120 1440.0
1182130 1442.8
1182140 1442.8
1182150 1448.0
1182160 1450.2
1182170 1450.2
1182180 1451.7
1182190 1453.9
1182200 1453.9
1182210 1457.2
1182220 1460.9
1182230 1460.9
1182240 1463.9
1182250 1466.0
1182260 1466.0
1182270 1467.3
1182280 1468.5
1182290 1471.2
1182300 1471.2
1182310 1475.2
1182320 1479.2
1182330 1479.2
1182340 1481.5
1182350 1484.4
1182360 1484.4
1182370 1487.9
1182380 1491.0
1182390 1491.0
1182400 1493.8
1182410 1496.3
1182420 1496.3
1182430 1499.5
1182440 1502.7
1182450 1502.7
1182460 1506.1
1182470 1508.7
1182480 1508.7
1182490 1510.7
1182500 1512.7
1182510 1512.7
1182520 1514.2
1182530 1515.8
1182540 1517.8
1182550 1517.8
1182560 1519.7
1182570 1525.1
1182580 1525.1
1182590 1527.5
1182600 1529.7
1182610 1529.7
1182620 1531.6
1182630 1533.3
1182640 1533.3
1182650 1534.9
1182660 1536.5
1182670 1536.5
1182680 1538.0
1182690 1540.1
1182700 1540.1
1182710 1542.9
1182720 1545.9
1182730 1545.9
1182740 1548.8
1182750 1551.4
1182760 1554.3
1182770 1554.3
1182780 1557.5
1182790 1560.2
1182800 1560.2
1182810 1562.5
1182820 1564.2
1182830 1564.2
1182840 1565.3
1182850 1565.9
1182860 1565.9
1182870 1566.1
1182880 1566.0
1182890 1566.0
1182900 1565.9
1182910 1565.7
1182920 1565.7
1182930 1565.1
1182940 1563.8
1182950 1563.8
1182960 1562.6
1182970 1561.2
1182980 1561.2
1182990 1563.3
1183000 1563.3
1183010 1563.9
1183020 1563.9
1183030 1563.9
1183040 1564.0
1183050 1564.0
1183060 1564.3
1183070 1564.1
1183080 1564.1
1183090 1563.7
1183100 1562.4
1183110 1562.4
1183120 1560.9
1183130 1559.6
1183140 1559.6
1183150 1558.2
1183160 1556.3
1183170 1556.3
1183180 1554.9
1183190 1553.4
1183200 1553.4
1183210 1551.8
1183220 1549.8
1183230 1549.8
1183240 1547.4
1183250 1545.3
1183260 1544.5
1183270 1544.5
1183280 1543.9
1183290 1543.2
1183300 1543.2
1183310 1543.6
1183320 1545.0
1183330 1545.0
1183340 1545.1
1183350 1544.1
1183360 1544.1
1183370 1544.8
1183380 1543.6
1183390 1543.6
1183400 1539.9
1183410 1542.7
1183420 1542.7
1183430 1540.6
1183440 1538.2
1183450 1538.2
1183460 1536.2
1183470 1534.1
1183480 1531.5
1183490 1531.5
1183500 1527.9
1183510 1522.5
1183520 1522.5
1183530 1516.8
1183540 1510.2
1183550 1510.2
1183560 1502.9
1183570 1495.5
1183580 1495.5
1183590 1487.6
1183600 1479.6
1183610 1479.6
1183620 1471.4
1183630 1462.5
1183640 1462.5
1183650 1454.5
1183660 1458.2
1183670 1458.2
1183680 1469.8
1183690 1479.9
1183700 1479.9
1183710 1488.3
1183720 1494.3
1183730 1496.0
1183740 1496.0
1183750 1496.0
1183760 1495.9
1183770 1495.9
1183780 1495.1
1183790 1495.9
1183800 1495.9
1183810 1497.3
1183820 1498.5
1183830 1498.5
1183840 1508.4
1183850 1509.6
1183860 1509.6
1183870 1508.5
1183880 1506.5
1183890 1506.5
1183900 1505.5
1183910 1508.9
1183920 1508.9
1183930 1515.4
1183940 1523.6
1183950 1523.6
1183960 1531.9
1183970 1539.5
1183980 1545.8
1183990 1545.8
1184000 1550.8
1184010 1554.4
1184020 1554.4
1184030 1558.5
1184040 1564.3
1184050 1564.3
1184060 1570.6
1184070 1577.2
1184080 1577.2
1184090 1584.6
1184100 1592.5
1184110 1592.5
1184120 1600.5
1184130 1609.7
1184140 1609.7
1184150 1620.1
1184160 1627.6
1184170 1627.6
1184180 1634.6
1184190 1641.3
1184200 1647.8
1184210 1647.8
1184220 1654.9
1184230 1662.2
1184240 1662.2
1184250 1669.7
1184260 1676.0
1184270 1676.0
1184280 1683.0
1184290 1688.4
1184300 1688.4
1184310 1693.5
1184320 1698.9
1184330 1698.9
1184340 1703.7
1184350 1708.9
1184360 1708.9
1184370 1713.6
1184380 1717.4
1184390 1717.4
1184400 1722.2
1184410 1725.8
1184420 1725.8
1184430 1727.9
1184440 1728.8
1184450 1729.8
1184460 1729.8
1184470 1731.2
1184480 1733.0
1184490 1733.0
1184500 1734.4
1184510 1735.3
1184520 1735.3
1184530 1735.5
1184540 1736.3
1184550 1736.3
1184560 1737.6
1184570 1738.8
1184580 1738.8
1184590 1739.7
1184600 1741.3
1184610 1741.3
1184620 1743.2
1184630 1744.8
1184640 1744.8
1184650 1746.7
1184660 1748.6
1184670 1748.6
1184680 1753.4
1184690 1754.3
1184700 1754.6
1184710 1754.6
1184720 1755.1
1184730 1756.1
1184740 1756.1
1184750 1757.7
1184760 1759.3
1184770 1759.3
1184780 1759.8
1184790 1759.2
1184800 1759.2
1184810 1757.1
1184820 1753.7
1184830 1753.7
1184840 1750.0
1184850 1747.0
1184860 1747.0
1184870 1745.0
1184880 1743.3
1184890 1743.3
1184900 1741.3
1184910 1738.5
1184920 1734.9
1184930 1734.9
1184940 1731.3
1184950 1726.8
1184960 1726.8
1184970 1721.7
1184980 1717.0
1184990 1717.0
1185000 1711.9
1185010 1707.8
1185020 1707.8
1185030 1704.5
1185040 1701.3
1185050 1701.3
1185060 1698.6
1185070 1694.9
1185080 1694.9
1185090 1691.0
1185100 1686.9
1185110 1691.2
1185120 1686.9
1185130 1682.6
1185140 1682.6
1185150 1678.8
1185160 1675.8
1185170 1673.3
1185180 1673.3
1185190 1671.4
1185200 1670.0
1185210 1670.0
1185220 1669.2
1185230 1667.0
1185240 1667.0
1185250 1664.2
1185260 1661.2
1185270 1661.2
1185280 1657.3
1185290 1652.2
1185300 1652.2
1185310 1647.1
1185320 1641.4
1185330 1641.4
1185340 1635.1
1185350 1630.2
1185360 1630.2
1185370 1627.3
1185380 1625.0
1185390 1625.0
1185400 1624.1
1185410 1625.6
1185420 1627.1
1185430 1627.1
1185440 1628.4
1185450 1629.4
1185460 1629.4
1185470 1627.6
1185480 1622.2
1185490 1622.2
1185500 1616.7
1185510 1612.3
1185520 1612.3
1185530 1613.6
1185540 1612.0
1185550 1612.0
1185560 1608.1
1185570 1604.5
1185580 1604.5
1185590 1601.3
1185600 1596.8
1185610 1596.8
1185620 1589.6
1185630 1580.3
1185640 1571.4
1185650 1571.4
1185660 1562.6
1185670 1553.7
1185680 1553.7
1185690 1544.7
1185700 1546.4
1185710 1546.4
1185720 1558.5
1185730 1569.5
1185740 1569.5
1185750 1577.0
1185760 1583.0
1185770 1583.0
1185780 1587.4
1185790 1590.3
1185800 1590.3
1185810 1592.7
1185820 1588.4
1185830 1588.4
1185840 1584.2
1185850 1580.0
1185860 1580.0
1185870 1575.4
1185880 1577.0
1185890 1586.2
1185900 1586.2
1185910 1595.3
1185920 1609.7
1185930 1609.7
1185940 1620.0
1185950 1627.4
1185960 1621.0
1185970 1629.9
1185980 1636.2
1185990 1636.2
1186000 1642.2
1186010 1645.3
1186020 1645.3
1186030 1647.8
1186040 1651.3
1186050 1651.3
1186060 1654.6
1186070 1656.2
1186080 1656.2
1186090 1657.3
1186100 1659.5
1186110 1659.5
1186120 1662.5
1186130 1664.8
1186140 1665.5
1186150 1665.5
1186160 1665.9
1186170 1665.4
1186180 1665.4
1186190 1664.3
1186200 1664.7
1186210 1664.7
1186220 1664.8
1186230 1664.8
1186240 1664.8
1186250 1664.7
1186260 1665.9
1186270 1665.9
1186280 1669.4
1186290 1672.2
1186300 1672.2
1186310 1673.4
1186320 1674.9
1186330 1674.9
1186340 1675.0
1186350 1674.2
1186360 1672.7
1186370 1672.7
1186380 1676.3
1186390 1677.9
1186400 1677.9
1186410 1679.8
1186420 1679.2
1186430 1679.2
1186440 1679.2
1186450 1679.0
1186460 1679.0
1186470 1678.8
1186480 1678.4
1186490 1678.4
1186500 1675.5
1186510 1673.7
1186520 1673.7
1186530 1676.5
1186540 1679.1
1186550 1679.1
1186560 1684.6
1186570 1694.1
1186580 1694.1
1186590 1701.6
1186600 1708.9
1186610 1716.5
1186620 1716.5
1186630 1724.6
1186640 1731.9
1186650 1731.9
1186660 1737.0
1186670 1743.4
1186680 1743.4
1186690 1749.1
1186700 1753.6
1186710 1753.6
1186720 1758.8
1186730 1763.9
1186740 1763.9
1186750 1768.7
1186760 1772.8
1186770 1772.8
1186780 1775.9
1186790 1779.5
1186800 1779.5
1186810 1788.9
1186820 1792.6
1186830 1792.6
1186840 1796.3
1186850 1798.4
1186860 1801.1
1186870 1801.1
1186880 1803.8
1186890 1806.9
1186900 1806.9
1186910 1810.1
1186920 1812.9
1186930 1812.9
1186940 1814.4
1186950 1814.9
1186960 1814.9
1186970 1814.8
1186980 1813.6
1186990 1813.6
1187000 1814.5
1187010 1816.4
1187020 1816.4
1187030 1819.7
1187040 1823.5
1187050 1823.5
1187060 1825.4
1187070 1828.2
1187080 1828.2
1187090 1831.8
1187100 1837.8
1187110 1844.6
1187120 1844.6
1187130 1851.1
1187140 1858.0
1187150 1858.0
1187160 1864.6
1187170 1869.8
1187180 1869.8
1187190 1875.0
1187200 1881.1
1187210 1881.1
1187220 1887.3
1187230 1896.8
1187240 1896.8
1187250 1901.9
1187260 1904.1
1187270 1904.1
1187280 1904.1
1187290 1904.4
1187300 1904.4
1187310 1907.6
1187320 1914.7
1187330 1922.3
1187340 1922.3
1187350 1929.2
1187360 1935.9
1187370 1935.9
1187380 1943.0
1187390 1949.8
1187400 1949.8
1187410 1957.4
1187420 1965.3
1187430 1965.3
1187440 1972.0
1187450 1978.1
1187460 1978.1
1187470 1984.1
1187480 1989.7
1187490 1989.7
1187500 1996.1
1187510 2002.5
1187520 2002.5
1187530 2008.6
1187540 2015.4
1187550 2015.4
1187560 2023.0
1187570 2029.6
1187580 2036.0
1187590 2036.0
1187600 2042.8
1187610 2048.2
1187620 2048.2
1187630 2053.8
1187640 2059.2
1187650 2059.2
1187660 2068.9
1187670 2074.2
1187680 2074.2
1187690 2079.0
1187700 2083.4
1187710 2083.4
1187720 2083.6
1187730 2084.9
1187740 2084.9
1187750 2090.1
1187760 2095.9
1187770 2095.9
1187780 2101.7
1187790 2108.9
1187800 2108.9
1187810 2116.2
1187820 2123.8
1187830 2131.7
1187840 2131.7
1187850 2139.5
1187860 2149.3
1187870 2149.3
1187880 2158.3
1187890 2166.7
1187900 2166.7
1187910 2175.4
1187920 2182.7
1187930 2182.7
1187940 2190.2
1187950 2197.5
1187960 2197.5
1187970 2204.1
1187980 2210.2
1187990 2210.2
1188000 2217.1
1188010 2225.9
1188020 2225.9
1188030 2234.8
1188040 2242.4
1188050 2250.6
1188060 2250.6
1188070 2254.1
1188080 2259.6
1188090 2266.6
1188100 2271.1
1188110 2278.3
1188120 2278.3
1188130 2287.8
1188140 2295.2
1188150 2295.2
1188160 2301.8
1188170 2308.0
1188180 2308.0
1188190 2311.3
1188200 2312.0
1188210 2312.0
1188220 2313.0
1188230 2315.5
1188240 2315.5
1188250 2320.9
1188260 2327.9
1188270 2327.9
1188280 2334.2
1188290 2340.4
1188300 2343.7
1188310 2343.7
1188320 2350.7
1188330 2355.5
1188340 2355.5
1188350 2362.7
1188360 2371.8
1188370 2371.8
1188380 2372.9
1188390 2373.4
1188400 2373.4
1188410 2374.8
1188420 2377.2
1188430 2377.2
1188440 2378.8
1188450 2382.3
1188460 2382.3
1188470 2385.3
1188480 2382.9
1188490 2382.9
1188500 2382.3
1188510 2383.1
1188520 2385.3
1188530 2388.6
1188540 2391.2
1188550 2387.5
1188560 2387.5
1188570 2382.9
1188580 2378.9
1188590 2378.9
1188600 2374.0
1188610 2370.9
1188620 2370.9
1188630 2369.8
1188640 2368.7
1188650 2368.7
1188660 2366.8
1188670 2363.2
1188680 2363.2
1188690 2357.9
1188700 2352.7
1188710 2352.7
1188720 2348.9
1188730 2345.3
1188740 2345.3
1188750 2342.5
1188760 2341.0
1188770 2336.7
1188780 2336.7
1188790 2331.3
1188800 2324.3
1188810 2324.3
1188820 2316.8
1188830 2309.9
1188840 2309.9
1188850 2304.4
1188860 2300.7
1188870 2300.7
1188880 2297.8
1188890 2295.3
1188900 2295.3
1188910 2293.5
1188920 2291.8
1188930 2291.8
1188940 2289.8
1188950 2281.5
1188960 2281.5
1188970 2279.1
1188980 2277.3
1188990 2277.3
1189000 2275.6
1189010 2273.4
1189020 2270.6
1189030 2270.6
1189040 2267.4
1189050 2264.2
1189060 2264.2
1189070 2259.5
1189080 2253.9
1189090 2253.9
1189100 2247.4
1189110 2240.6
1189120 2240.6
1189130 2234.4
1189140 2228.2
1189150 2228.2
1189160 2223.1
1189170 2219.0
1189180 2219.0
1189190 2214.6
1189200 2210.2
1189210 2210.2
1189220 2206.0
1189230 2201.5
1189240 2201.5
1189250 2197.4
1189260 2193.5
1189270 2189.5
1189280 2189.5
1189290 2185.8
1189300 2182.9
1189310 2182.9
1189320 2180.6
1189330 2177.6
1189340 2177.6
1189350 2173.1
1189360 2166.4
1189370 2166.4
1189380 2161.1
1189390 2155.9
1189400 2155.9
1189410 2151.8
1189420 2147.6
1189430 2147.6
1189440 2143.0
1189450 2138.3
1189460 2138.3
1189470 2134.4
1189480 2130.6
1189490 2127.8
1189500 2127.8
1189510 2125.9
1189520 2124.2
1189530 2124.2
1189540 2122.5
1189550 2120.6
1189560 2120.6
1189570 2119.2
1189580 2117.5
1189590 2117.5
1189600 2116.1
1189610 2113.5
1189620 2113.5
1189630 2109.5
1189640 2105.6
1189650 2105.6
1189660 2102.4
1189670 2098.2
1189680 2098.2
1189690 2095.4
1189700 2092.2
1189710 2092.2
1189720 2088.8
1189730 2085.9
1189740 2083.0
1189750 2083.0
1189760 2079.7
1189770 2075.7
1189780 2075.7
1189790 2070.7
1189800 2064.1
1189810 2063.5
1189820 2057.0
1189830 2050.8
1189840 2050.8
1189850 2044.8
1189860 2038.2
1189870 2038.2
1189880 2031.6
1189890 2024.9
1189900 2024.9
1189910 2018.7
1189920 2011.8
1189930 2011.8
1189940 2003.5
1189950 1995.8
1189960 1995.8
1189970 1989.4
1189980 1985.2
1189990 1982.7
1190000 1982.7
1190010 1981.4
1190020 1980.4
1190030 1980.4
1190040 1979.3
1190050 1977.5
1190060 1977.5
1190070 1974.9
1190080 1972.0
1190090 1972.0
1190100 1968.9
1190110 1965.5
1190120 1965.5
1190130 1962.1
1190140 1959.0
1190150 1959.0
1190160 1955.9
1190170 1952.7
1190180 1952.7
1190190 1949.3
1190200 1944.9
1190210 1939.5
1190220 1939.5
1190230 1934.6
1190240 1929.4
1190250 1929.4
1190260 1925.4
1190270 1922.9
1190280 1922.9
1190290 1920.1
1190300 1917.6
1190310 1917.6
1190320 1915.2
1190330 1913.3
1190340 1913.3
1190350 1910.9
1190360 1908.3
1190370 1908.3
1190380 1906.2
1190390 1905.0
1190400 1905.0
1190410 1902.9
1190420 1901.0
1190430 1901.0
1190440 1898.5
1190450 1893.4
1190460 1888.2
1190470 1888.2
1190480 1882.9
1190490 1879.4
1190500 1879.4
1190510 1877.1
1190520 1873.9
1190530 1873.9
1190540 1868.7
1190550 1862.5
1190560 1862.5
1190570 1858.5
1190580 1856.7
1190590 1856.7
1190600 1854.9
1190610 1852.7
1190620 1852.7
1190630 1848.2
1190640 1843.3
1190650 1843.3
1190660 1839.8
1190670 1839.5
1190680 1839.5
1190690 1838.1
1190700 1836.1
1190710 1832.8
1190720 1832.8
1190730 1829.7
1190740 1827.0
1190750 1827.0
1190760 1823.0
1190770 1820.2
1190780 1820.2
1190790 1818.2
1190800 1816.3
1190810 1816.3
1190820 1814.8
1190830 1813.8
1190840 1813.8
1190850 1812.8
1190860 1809.8
1190870 1809.8
1190880 1804.0
1190890 1797.6
1190900 1797.6
1190910 1791.2
1190920 1785.8
1190930 1781.0
1190940 1781.0
1190950 1776.8
1190960 1769.9
1190970 1769.9
1190980 1763.4
1190990 1758.1
1191000 1758.1
1191010 1753.7
1191020 1749.9
1191030 1749.9
1191040 1746.2
1191050 1742.1
1191060 1742.1
1191070 1737.5
1191080 1732.8
1191090 1732.8
1191100 1728.0
1191110 1725.0
1191120 1725.0
1191130 1722.8
1191140 1720.4
1191150 1720.4
1191160 1717.0
1191170 1711.8
1191180 1706.9
1191190 1706.9
1191200 1703.4
1191210 1700.5
1191220 1700.5
1191230 1697.3
1191240 1693.6
1191250 1693.6
1191260 1688.0
1191270 1684.0
1191280 1684.0
1191290 1680.0
1191300 1674.4
1191310 1674.4
1191320 1668.7
1191330 1663.6
1191340 1663.6
1191350 1657.4
1191360 1651.4
1191370 1651.4
1191380 1646.9
1191390 1644.5
1191400 1644.5
1191410 1642.6
1191420 1640.4
1191430 1638.0
1191440 1638.0
1191450 1636.0
1191460 1634.0
1191470 1634.0
1191480 1631.9
1191490 1629.5
1191500 1629.5
1191510 1626.6
1191520 1622.8
1191530 1622.8
1191540 1616.7
1191550 1611.8
1191560 1611.8
1191570 1607.1
1191580 1603.6
1191590 1603.6
1191600 1600.9
1191610 1599.2
1191620 1599.2
1191630 1598.2
1191640 1594.6
1191650 1589.5
1191660 1589.5
1191670 1582.6
1191680 1575.6
1191690 1575.6
1191700 1570.0
1191710 1564.5
1191720 1564.5
1191730 1559.4
1191740 1555.2
1191750 1555.2
1191760 1552.9
1191770 1551.5
1191780 1551.5
1191790 1548.5
1191800 1542.1
1191810 1542.1
1191820 1538.0
1191830 1534.7
1191840 1534.7
1191850 1529.4
1191860 1525.1
1191870 1525.1
1191880 1522.7
1191890 1521.8
1191900 1521.4
1191910 1521.4
1191920 1523.7
1191930 1525.1
1191940 1525.1
1191950 1522.3
1191960 1516.2
1191970 1513.1
1191980 1507.4
1191990 1502.9
1192000 1502.9
1192010 1500.2
1192020 1497.5
1192030 1497.5
1192040 1493.5
1192050 1488.2
1192060 1488.2
1192070 1484.1
1192080 1481.1
1192090 1481.1
1192100 1477.7
1192110 1473.5
1192120 1473.5
1192130 1468.3
1192140 1462.2
1192150 1457.5
1192160 1457.5
1192170 1454.1
1192180 1448.7
1192190 1448.7
1192200 1445.2
1192210 1442.3
1192220 1442.3
1192230 1440.4
1192240 1438.5
1192250 1438.5
1192260 1437.9
1192270 1437.3
1192280 1437.3
1192290 1436.3
1192300 1434.8
1192310 1434.8
1192320 1432.8
1192330 1430.0
1192340 1430.0
1192350 1427.7
1192360 1426.3
1192370 1425.1
1192380 1425.1
1192390 1423.5
1192400 1421.1
1192410 1421.4
1192420 1418.2
1192430 1415.4
1192440 1415.4
1192450 1413.8
1192460 1412.7
1192470 1412.7
1192480 1411.2
1192490 1409.4
1192500 1409.4
1192510 1407.8
1192520 1406.2
1192530 1406.2
1192540 1405.0
1192550 1403.0
1192560 1403.0
1192570 1399.3
1192580 1395.8
1192590 1395.8
1192600 1393.1
1192610 1389.7
1192620 1387.3
1192630 1387.3
1192640 1385.6
1192650 1384.9
1192660 1384.9
1192670 1383.7
1192680 1382.3
1192690 1382.3
1192700 1380.0
1192710 1376.7
1192720 1376.7
1192730 1374.7
1192740 1374.7
1192750 1374.7
1192760 1376.5
1192770 1374.9
1192780 1374.9
1192790 1368.3
1192800 1361.1
1192810 1361.1
1192820 1355.8
1192830 1351.0
1192840 1350.1
1192850 1346.5
1192860 1343.7
1192870 1341.9
1192880 1341.9
1192890 1339.5
1192900 1337.1
1192910 1337.1
1192920 1335.3
1192930 1329.6
1192940 1329.6
1192950 1323.5
1192960 1320.0
1192970 1320.0
1192980 1318.4
1192990 1318.0
1193000 1318.0
1193010 1317.0
1193020 1316.2
1193030 1316.2
1193040 1315.8
1193050 1314.8
1193060 1314.8
1193070 1312.5
1193080 1309.6
1193090 1307.0
1193100 1307.0
1193110 1302.8
1193120 1296.7
1193130 1296.7
1193140 1290.6
1193150 1285.4
1193160 1285.4
1193170 1281.2
1193180 1276.1
1193190 1276.1
1193200 1270.2
1193210 1263.9
1193220 1263.9
1193230 1259.3
1193240 1254.8
1193250 1254.8
1193260 1248.5
1193270 1242.8
1193280 1238.4
1193290 1233.8
1193300 1229.7
1193310 1229.7
1193320 1224.4
1193330 1220.3
1193340 1217.1
1193350 1217.1
1193360 1215.9
1193370 1214.0
1193380 1214.0
1193390 1211.2
1193400 1207.9
1193410 1207.9
1193420 1205.5
1193430 1203.8
1193440 1203.8
1193450 1201.4
1193460 1199.1
1193470 1199.1
1193480 1197.0
1193490 1193.1
1193500 1193.1
1193510 1188.5
1193520 1185.1
1193530 1185.1
1193540 1181.7
1193550 1178.1
1193560 1178.1
1193570 1174.7
1193580 1172.1
1193590 1169.0
1193600 1169.0
1193610 1165.3
1193620 1161.9
1193630 1161.9
1193640 1158.3
1193650 1154.4
1193660 1154.4
1193670 1150.3
1193680 1146.3
1193690 1146.3
1193700 1142.3
1193710 1138.1
1193720 1138.1
1193730 1134.8
1193740 1131.6
1193750 1131.6
1193760 1128.4
1193770 1125.5
1193780 1125.5
1193790 1122.7
1193800 1119.4
1193810 1116.2
1193820 1116.2
1193830 1113.7
1193840 1111.6
1193850 1111.6
1193860 1110.9
1193870 1113.5
1193880 1113.5
1193890 1115.1
1193900 1112.5
1193910 1112.5
1193920 1111.7
1193930 1111.7
1193940 1111.7
1193950 1111.5
1193960 1110.2
1193970 1110.2
1193980 1109.9
1193990 1109.8
1194000 1109.8
1194010 1108.8
1194020 1105.5
1194030 1105.5
1194040 1099.2
1194050 1094.5
1194060 1091.4
1194070 1091.4
1194080 1088.7
1194090 1086.0
1194100 1086.0
1194110 1082.5
1194120 1079.6
1194130 1079.6
1194140 1075.6
1194150 1069.7
1194160 1069.7
1194170 1066.3
1194180 1061.8
1194190 1061.8
1194200 1057.7
1194210 1054.1
1194220 1054.1
1194230 1050.6
1194240 1044.9
1194250 1044.9
1194260 1038.5
1194270 1032.6
1194280 1032.6
1194290 1029.4
1194300 1026.1
1194310 1022.7
1194320 1022.7
1194330 1019.0
1194340 1015.1
1194350 1015.1
1194360 1011.0
1194370 1007.3
1194380 1007.3
1194390 1004.5
1194400 1001.5
1194410 1001.5
1194420 999.3
1194430 998.0
1194440 998.0
1194450 996.5
1194460 995.3
1194470 995.3
1194480 994.3
1194490 992.5
1194500 992.5
1194510 990.6
1194520 988.8
1194530 987.0
1194540 987.0
1194550 984.8
1194560 983.6
1194570 983.6
1194580 980.6
1194590 980.4
1194600 980.4
1194610 979.4
1194620 978.9
1194630 978.9
1194640 978.8
1194650 977.5
1194660 977.5
1194670 976.0
1194680 975.1
1194690 975.1
1194700 974.1
1194710 973.3
1194720 973.3
1194730 971.6
1194740 970.2
1194750 970.2
1194760 969.2
1194770 966.2
1194780 959.9
1194790 959.9
1194800 955.4
1194810 951.3
1194820 951.3
1194830 947.8
1194840 944.5
1194850 944.5
1194860 941.5
1194870 938.9
1194880 938.9
1194890 937.0
1194900 935.6
1194910 935.6
1194920 933.8
1194930 931.8
1194940 931.8
1194950 930.0
1194960 928.2
1194970 928.2
1194980 927.5
1194990 927.0
1195000 927.0
1195010 924.6
1195020 920.2
1195030 919.9
1195040 919.9
1195050 917.7
1195060 912.4
1195070 912.4
1195080 907.3
1195090 901.5
1195100 901.5
1195110 895.5
1195120 889.4
1195130 889.4
1195140 883.1
1195150 879.5
1195160 879.5
1195170 877.2
1195180 870.4
1195190 870.4
1195200 865.1
1195210 860.1
1195220 860.1
1195230 857.3
1195240 855.6
1195250 854.6
1195260 854.6
1195270 855.7
1195280 856.7
1195290 856.7
1195300 857.0
1195310 857.3
1195320 857.3
1195330 858.2
1195340 859.1
1195350 859.1
1195360 859.1
1195370 859.0
1195380 859.0
1195390 859.1
1195400 859.1
1195410 859.1
1195420 859.0
1195430 858.8
1195440 858.8
1195450 858.9
1195460 859.3
1195470 859.5
1195480 859.5
1195490 859.7
1195500 860.2
1195510 860.2
1195520 860.7
1195530 861.3
1195540 861.3
1195550 862.0
1195560 863.0
1195570 863.0
1195580 864.2
1195590 865.6
1195600 865.6
1195610 867.3
1195620 869.2
1195630 869.2
1195640 871.2
1195650 873.8
1195660 873.8
1195670 876.8
1195680 880.6
1195690 880.6
1195700 885.6
1195710 893.4
1195720 893.4
1195730 900.7
1195740 907.6
1195750 913.0
1195760 913.0
1195770 919.0
1195780 924.7
1195790 924.7
1195800 930.8
1195810 937.4
1195820 937.4
1195830 944.2
1195840 951.3
1195850 951.3
1195860 958.4
1195870 965.2
1195880 965.2
1195890 972.1
1195900 978.9
1195910 981.6
1195920 988.6
1195930 995.2
1195940 995.2
1195950 1000.7
1195960 1006.1
1195970 1012.4
1195980 1012.4
1195990 1019.4
1196000 1026.2
1196010 1026.2
1196020 1032.6
1196030 1039.7
1196040 1039.7
1196050 1047.8
1196060 1054.2
1196070 1054.2
1196080 1060.9
1196090 1069.9
1196100 1069.9
1196110 1079.4
1196120 1086.6
1196130 1086.6
1196140 1092.6
1196150 1097.7
1196160 1097.7
1196170 1102.3
1196180 1108.1
1196190 1108.1
1196200 1114.3
1196210 1121.5
1196220 1129.2
1196230 1129.2
1196240 1137.2
1196250 1146.2
1196260 1146.2
1196270 1155.0
1196280 1164.9
1196290 1164.9
1196300 1173.1
1196310 1180.1
1196320 1180.1
1196330 1186.5
1196340 1191.7
1196350 1195.5
1196360 1203.3
1196370 1211.0
1196380 1211.0
1196390 1221.9
1196400 1235.0
1196410 1235.0
1196420 1244.5
1196430 1253.7
1196440 1253.7
1196450 1259.1
1196460 1263.7
1196470 1271.3
1196480 1271.3
1196490 1279.0
1196500 1286.4
1196510 1286.4
1196520 1293.8
1196530 1300.3
1196540 1300.3
1196550 1307.4
1196560 1312.4
1196570 1312.4
1196580 1316.2
1196590 1319.8
1196600 1319.8
1196610 1324.9
1196620 1332.0
1196630 1332.0
1196640 1334.9
1196650 1337.3
1196660 1337.3
1196670 1343.8
1196680 1351.8
1196690 1361.8
1196700 1361.8
1196710 1376.3
1196720 1388.8
1196730 1388.8
1196740 1401.2
1196750 1413.8
1196760 1413.8
1196770 1422.0
1196780 1425.7
1196790 1427.4
1196800 1431.3
1196810 1433.3
1196820 1433.3
1196830 1437.5
1196840 1442.8
1196850 1442.8
1196860 1448.6
1196870 1446.8
1196880 1446.8
1196890 1444.9
1196900 1452.5
1196910 1452.5
1196920 1455.2
1196930 1456.5
1196940 1459.7
1196950 1459.7
1196960 1462.8
1196970 1467.1
1196980 1467.1
1196990 1472.0
1197000 1473.9
1197010 1473.9
1197020 1475.8
1197030 1479.8
1197040 1479.8
1197050 1484.9
1197060 1487.7
1197070 1487.7
1197080 1486.4
1197090 1483.9
1197100 1483.9
1197110 1482.1
1197120 1481.2
1197130 1481.2
1197140 1481.0
1197150 1478.2
1197160 1478.2
1197170 1474.9
1197180 1475.9
1197190 1478.2
1197200 1478.2
1197210 1480.6
1197220 1485.0
1197230 1487.1
1197240 1492.6
1197250 1500.3
1197260 1500.3
1197270 1509.5
1197280 1518.6
1197290 1518.6
1197300 1525.3
1197310 1528.2
1197320 1528.2
1197330 1530.4
1197340 1533.2
1197350 1533.2
1197360 1535.7
1197370 1537.4
1197380 1537.4
1197390 1539.0
1197400 1541.5
1197410 1545.8
1197420 1545.8
1197430 1550.8
1197440 1556.1
1197450 1556.1
1197460 1559.6
1197470 1562.8
1197480 1562.8
1197490 1566.7
1197500 1570.6
1197510 1570.6
1197520 1574.9
1197530 1579.4
1197540 1579.4
1197550 1585.7
1197560 1591.2
1197570 1591.2
1197580 1595.2
1197590 1598.4
1197600 1598.4
1197610 1602.3
1197620 1606.0
1197630 1606.0
1197640 1610.6
1197650 1615.1
1197660 1618.7
1197670 1618.2
1197680 1622.6
1197690 1628.9
1197700 1628.9
1197710 1634.9
1197720 1641.0
1197730 1641.0
1197740 1646.9
1197750 1653.5
1197760 1653.5
1197770 1660.8
1197780 1668.6
1197790 1668.6
1197800 1676.4
1197810 1684.7
1197820 1684.7
1197830 1691.4
1197840 1697.4
1197850 1697.4
1197860 1702.5
1197870 1706.6
1197880 1706.6
1197890 1708.9
1197900 1709.5
1197910 1711.2
1197920 1711.2
1197930 1714.3
1197940 1718.6
1197950 1718.6
1197960 1724.0
1197970 1728.8
1197980 1728.8
1197990 1732.2
1198000 1735.2
1198010 1735.2
1198020 1737.4
1198030 1739.1
1198040 1739.1
1198050 1741.6
1198060 1744.4
1198070 1744.4
1198080 1747.1
1198090 1749.2
1198100 1749.2
1198110 1751.8
1198120 1750.5
1198130 1750.6
1198140 1750.6
1198150 1752.0
1198160 1754.6
1198170 1754.6
1198180 1759.8
1198190 1767.4
1198200 1767.4
1198210 1778.9
1198220 1789.3
1198230 1789.3
1198240 1797.3
1198250 1803.8
1198260 1803.8
1198270 1808.1
1198280 1808.4
1198290 1808.4
1198300 1812.0
1198310 1816.2
1198320 1816.2
1198330 1819.0
1198340 1821.3
1198350 1821.3
1198360 1824.6
1198370 1831.1
1198380 1839.4
1198390 1839.4
1198400 1844.9
1198410 1848.6
1198420 1848.6
1198430 1850.4
1198440 1851.9
1198450 1851.9
1198460 1855.8
1198470 1859.7
1198480 1859.7
1198490 1861.0
1198500 1864.2
1198510 1864.2
1198520 1869.7
1198530 1875.9
1198540 1875.9
1198550 1879.9
1198560 1879.5
1198570 1879.5
1198580 1881.3
1198590 1885.0
1198600 1885.0
1198610 1890.9
1198620 1897.3
1198630 1902.8
1198640 1902.8
1198650 1909.0
1198660 1911.4
1198670 1911.4
1198680 1915.1
1198690 1920.6
1198700 1920.6
1198710 1927.0
1198720 1930.1
1198730 1930.1
1198740 1934.9
1198750 1941.9
1198760 1941.9
1198770 1948.9
1198780 1953.7
1198790 1953.7
1198800 1956.0
1198810 1958.8
1198820 1958.8
1198830 1960.7
1198840 1959.5
1198850 1960.6
1198860 1960.6
1198870 1962.6
1198880 1966.3
1198890 1966.3
1198900 1971.7
1198910 1978.4
1198920 1978.4
1198930 1987.6
1198940 1993.6
1198950 1993.6
1198960 1993.5
1198970 1992.4
1198980 1992.4
1198990 1990.9
1199000 1992.2
1199010 1992.2
1199020 1995.5
1199030 1999.2
1199040 1999.2
1199050 2003.9
1199060 2008.7
1199070 2008.7
1199080 2012.7
1199090 2015.9
1199100 2018.0
1199110 2018.0
1199120 2019.9
1199130 2026.4
1199140 2026.4
1199150 2032.5
1199160 2035.4
1199170 2035.4
1199180 2036.5
1199190 2037.8
1199200 2037.8
1199210 2040.0
1199220 2043.0
1199230 2043.0
1199240 2045.0
1199250 2046.2
1199260 2046.2
1199270 2047.5
1199280 2050.0
1199290 2050.0
1199300 2052.6
1199310 2054.6
1199320 2054.6
1199330 2057.1
1199340 2059.3
1199350 2062.2
1199360 2062.2
1199370 2067.1
1199380 2072.8
1199390 2072.8
1199400 2079.2
1199410 2083.3
1199420 2083.3
1199430 2084.9
1199440 2087.3
1199450 2087.3
1199460 2088.7
1199470 2090.8
1199480 2090.8
1199490 2093.7
1199500 2098.1
1199510 2098.1
1199520 2102.8
1199530 2106.5
1199540 2106.5
1199550 2110.6
1199560 2112.4
1199570 2116.0
1199580 2116.0
1199590 2120.8
1199600 2127.3
1199610 2127.3
1199620 2133.9
1199630 2138.4
1199640 2138.4
1199650 2142.9
1199660 2147.3
1199670 2147.3
1199680 2151.4
1199690 2155.5
1199700 2155.5
1199710 2159.4
1199720 2162.4
1199730 2162.4
1199740 2165.3
1199750 2168.7
1199760 2168.7
1199770 2173.3
1199780 2177.7
1199790 2177.7
1199800 2180.6
1199810 2184.5
1199820 2189.5
1199830 2189.5
1199840 2194.0
1199850 2198.6
1199860 2198.6
1199870 2203.2
1199880 2208.0
1199890 2203.9
1199900 2208.1
1199910 2212.2
1199920 2212.2
1199930 2216.2
1199940 2219.8
1199950 2219.8
1199960 2222.6
1199970 2225.4
1199980 2225.4
1199990 2229.0
