1180000 755.6
1180010 755.6
1180020 755.5
1180030 755.4
1180040 755.4
1180050 755.4
1180060 755.5
1180070 755.6
1180080 755.6
1180090 755.8
1180100 756.2
1180110 756.2
1180120 756.4
1180130 757.0
1180140 757.0
1180150 757.6
1180160 757.7
1180170 757.7
1180180 758.3
1180190 758.7
1180200 758.7
1180210 758.9
1180220 759.5
1180230 759.5
1180240 760.2
1180250 760.9
1180260 760.9
1180270 762.6
1180280 764.7
1180290 764.7
1180300 767.0
1180310 769.7
1180320 773.1
1180330 773.1
1180340 776.7
1180350 777.1
1180360 777.1
1180370 777.3
1180380 777.9
1180390 777.9
1180400 781.6
1180410 782.3
1180420 782.3
1180430 785.5
1180440 788.6
1180450 788.6
1180460 789.6
1180470 789.7
1180480 789.7
1180490 791.2
1180500 793.0
1180510 793.0
1180520 793.9
1180530 796.0
1180540 796.0
1180550 798.4
1180560 807.3
1180570 833.3
1180580 833.3
1180590 862.3
1180600 865.9
1180610 865.9
1180620 867.6
1180630 873.2
1180640 873.2
1180650 874.2
1180660 873.9
1180670 873.9
1180680 869.7
1180690 862.8
1180700 862.8
1180710 858.0
1180720 853.9
1180730 853.9
1180740 850.7
1180750 849.5
1180760 849.5
1180770 849.3
1180780 847.3
1180790 847.3
1180800 845.1
1180810 843.3
1180820 846.6
1180830 846.6
1180840 842.7
1180850 847.1
1180860 847.1
1180870 850.4
1180880 851.4
1180890 851.4
1180900 852.9
1180910 854.1
1180920 854.1
1180930 856.1
1180940 858.3
1180950 858.3
1180960 860.6
1180970 861.4
1180980 861.4
1180990 864.0
1181000 866.4
1181010 866.4
1181020 869.4
1181030 871.8
1181040 872.7
1181050 872.7
1181060 873.3
1181070 874.1
1181080 874.1
1181090 875.3
1181100 876.3
1181110 876.3
1181120 878.6
1181130 882.4
1181140 882.4
1181150 886.1
1181160 888.7
1181170 888.7
1181180 890.6
1181190 892.4
1181200 892.4
1181210 894.6
1181220 896.2
1181230 896.2
1181240 900.0
1181250 902.2
1181260 902.2
1181270 903.1
1181280 904.3
1181290 905.6
1181300 905.6
1181310 907.0
1181320 908.9
1181330 908.9
1181340 910.8
1181350 913.1
1181360 913.1
1181370 915.4
1181380 919.7
1181390 919.7
1181400 922.9
1181410 925.0
1181420 925.0
1181430 927.3
1181440 928.9
1181450 928.9
1181460 930.1
1181470 930.0
1181480 930.0
1181490 929.3
1181500 929.4
1181510 929.4
1181520 932.6
1181530 936.1
1181540 940.6
1181550 940.6
1181560 944.7
1181570 947.8
1181580 947.8
1181590 950.0
1181600 952.6
1181610 952.6
1181620 958.6
1181630 964.7
1181640 964.7
1181650 970.9
1181660 980.5
1181670 980.5
1181680 988.3
1181690 994.8
1181700 994.8
1181710 999.5
1181720 1006.2
1181730 1006.2
1181740 1013.1
1181750 1020.8
1181760 1020.8
1181770 1030.0
1181780 1039.3
1181790 1046.8
1181800 1046.8
1181810 1052.5
1181820 1058.6
1181830 1058.6
1181840 1063.7
1181850 1067.2
1181860 1067.2
1181870 1069.1
1181880 1069.3
1181890 1069.3
1181900 1071.7
1181910 1075.8
1181920 1075.8
1181930 1079.9
1181940 1083.6
1181950 1083.6
1181960 1087.1
1181970 1091.1
1181980 1091.1
1181990 1094.5
1182000 1096.6
1182010 1098.4
1182020 1098.4
1182030 1099.9
1182040 1101.6
1182050 1101.6
1182060 1103.4
1182070 1105.0
1182080 1104.9
1182090 1107.4
1182100 1110.1
1182110 1110.1
1182120 1111.8
1182130 1113.7
1182140 1113.7
1182150 1114.7
1182160 1115.7
1182170 1115.7
1182180 1117.0
1182190 1118.4
1182200 1118.4
1182210 1119.8
1182220 1121.8
1182230 1121.8
1182240 1123.8
1182250 1125.5
1182260 1127.4
1182270 1127.4
1182280 1129.6
1182290 1131.8
1182300 1131.8
1182310 1134.1
1182320 1136.5
1182330 1136.5
1182340 1139.4
1182350 1142.0
1182360 1142.0
1182370 1145.2
1182380 1147.4
1182390 1147.4
1182400 1149.7
1182410 1152.7
1182420 1152.7
1182430 1155.9
1182440 1159.2
1182450 1159.2
1182460 1162.1
1182470 1165.1
1182480 1165.1
1182490 1168.2
1182500 1173.1
1182510 1175.5
1182520 1175.5
1182530 1178.1
1182540 1180.2
1182550 1180.2
1182560 1182.5
1182570 1184.9
1182580 1184.9
1182590 1188.0
1182600 1191.1
1182610 1191.1
1182620 1191.6
1182630 1190.7
1182640 1190.7
1182650 1190.4
1182660 1188.8
1182670 1188.8
1182680 1188.5
1182690 1191.2
1182700 1191.2
1182710 1194.8
1182720 1194.7
1182730 1194.7
1182740 1191.9
1182750 1189.5
1182760 1190.7
1182770 1190.7
1182780 1194.7
1182790 1198.0
1182800 1198.0
1182810 1197.5
1182820 1195.7
1182830 1195.7
1182840 1197.5
1182850 1202.9
1182860 1202.9
1182870 1209.1
1182880 1214.1
1182890 1214.1
1182900 1219.1
1182910 1223.2
1182920 1221.6
1182930 1226.3
1182940 1225.9
1182950 1225.9
1182960 1222.9
1182970 1216.7
1182980 1209.7
1182990 1209.7
1183000 1203.9
1183010 1198.0
1183020 1198.0
1183030 1193.2
1183040 1188.3
1183050 1188.3
1183060 1183.2
1183070 1176.3
1183080 1176.3
1183090 1170.9
1183100 1166.0
1183110 1166.0
1183120 1168.4
1183130 1177.1
1183140 1177.1
1183150 1185.4
1183160 1192.0
1183170 1192.0
1183180 1200.8
1183190 1211.8
1183200 1211.8
1183210 1222.7
1183220 1235.3
1183230 1247.4
1183240 1247.4
1183250 1256.8
1183260 1265.4
1183270 1265.4
1183280 1272.7
1183290 1278.4
1183300 1278.4
1183310 1284.6
1183320 1290.9
1183330 1290.9
1183340 1292.9
1183350 1296.8
1183360 1296.8
1183370 1301.8
1183380 1307.9
1183390 1307.9
1183400 1314.7
1183410 1319.8
1183420 1319.8
1183430 1323.9
1183440 1329.4
1183450 1329.4
1183460 1335.5
1183470 1341.5
1183480 1347.1
1183490 1347.1
1183500 1351.7
1183510 1355.9
1183520 1355.9
1183530 1359.8
1183540 1364.4
1183550 1364.4
1183560 1370.1
1183570 1375.9
1183580 1375.9
1183590 1381.3
1183600 1386.8
1183610 1386.8
1183620 1392.7
1183630 1399.0
1183640 1399.0
1183650 1405.7
1183660 1412.3
1183670 1412.3
1183680 1417.5
1183690 1421.9
1183700 1425.2
1183710 1425.2
1183720 1428.9
1183730 1432.9
1183740 1432.9
1183750 1436.3
1183760 1438.6
1183770 1438.6
1183780 1442.0
1183790 1444.7
1183800 1444.7
1183810 1446.9
1183820 1449.2
1183830 1449.2
1183840 1451.6
1183850 1454.2
1183860 1454.2
1183870 1456.2
1183880 1457.5
1183890 1457.5
1183900 1458.8
1183910 1460.3
1183920 1460.3
1183930 1461.8
1183940 1463.2
1183950 1464.4
1183960 1464.4
1183970 1464.9
1183980 1464.7
1183990 1464.7
1184000 1464.5
1184010 1464.0
1184020 1464.0
1184030 1462.4
1184040 1460.7
1184050 1460.7
1184060 1459.3
1184070 1458.0
1184080 1458.0
1184090 1456.9
1184100 1455.7
1184110 1455.7
1184120 1454.4
1184130 1453.1
1184140 1453.1
1184150 1451.7
1184160 1449.9
1184170 1449.9
1184180 1447.4
1184190 1447.3
1184200 1445.1
1184210 1445.1
1184220 1443.4
1184230 1441.4
1184240 1441.4
1184250 1438.7
1184260 1435.1
1184270 1435.1
1184280 1430.9
1184290 1426.9
1184300 1426.9
1184310 1424.1
1184320 1421.0
1184330 1421.0
1184340 1417.8
1184350 1413.6
1184360 1413.6
1184370 1409.0
1184380 1404.6
1184390 1404.6
1184400 1400.6
1184410 1397.0
1184420 1397.0
1184430 1394.1
1184440 1390.9
1184450 1388.2
1184460 1388.2
1184470 1385.3
1184480 1382.6
1184490 1382.6
1184500 1379.9
1184510 1377.1
1184520 1377.1
1184530 1374.2
1184540 1372.1
1184550 1372.1
1184560 1372.0
1184570 1370.1
1184580 1370.1
1184590 1366.2
1184600 1362.8
1184610 1367.8
1184620 1366.4
1184630 1363.8
1184640 1363.8
1184650 1360.9
1184660 1358.4
1184670 1354.9
1184680 1354.9
1184690 1349.4
1184700 1342.2
1184710 1342.2
1184720 1340.3
1184730 1341.9
1184740 1341.9
1184750 1345.6
1184760 1347.6
1184770 1347.6
1184780 1349.2
1184790 1352.4
1184800 1352.4
1184810 1354.7
1184820 1352.4
1184830 1352.4
1184840 1348.6
1184850 1342.4
1184860 1342.4
1184870 1336.3
1184880 1330.4
1184890 1330.4
1184900 1323.7
1184910 1316.8
1184920 1314.1
1184930 1314.1
1184940 1316.2
1184950 1319.1
1184960 1319.1
1184970 1321.4
1184980 1322.8
1184990 1322.8
1185000 1323.1
1185010 1318.9
1185020 1318.9
1185030 1315.4
1185040 1305.6
1185050 1305.6
1185060 1296.7
1185070 1302.0
1185080 1302.0
1185090 1310.4
1185100 1317.9
1185110 1317.9
1185120 1323.2
1185130 1322.4
1185140 1322.4
1185150 1317.4
1185160 1313.4
1185170 1309.8
1185180 1309.8
1185190 1304.3
1185200 1297.4
1185210 1297.4
1185220 1297.3
1185230 1306.1
1185240 1306.1
1185250 1313.0
1185260 1315.8
1185270 1315.8
1185280 1314.8
1185290 1312.0
1185300 1312.0
1185310 1307.5
1185320 1303.0
1185330 1303.0
1185340 1297.1
1185350 1289.8
1185360 1289.8
1185370 1281.3
1185380 1273.5
1185390 1273.5
1185400 1269.8
1185410 1270.0
1185420 1273.1
1185430 1273.1
1185440 1281.5
1185450 1292.9
1185460 1292.9
1185470 1300.4
1185480 1307.2
1185490 1307.2
1185500 1315.5
1185510 1324.2
1185520 1324.2
1185530 1333.6
1185540 1342.2
1185550 1342.2
1185560 1349.2
1185570 1356.0
1185580 1356.0
1185590 1362.5
1185600 1369.7
1185610 1369.7
1185620 1375.9
1185630 1379.8
1185640 1382.1
1185650 1382.1
1185660 1384.2
1185670 1385.0
1185680 1385.0
1185690 1383.1
1185700 1380.7
1185710 1380.7
1185720 1379.2
1185730 1376.7
1185740 1376.7
1185750 1373.6
1185760 1372.3
1185770 1372.3
1185780 1375.2
1185790 1382.5
1185800 1382.5
1185810 1390.9
1185820 1398.0
1185830 1398.0
1185840 1404.0
1185850 1409.0
1185860 1409.0
1185870 1415.4
1185880 1416.4
1185890 1422.7
1185900 1422.7
1185910 1428.0
1185920 1433.3
1185930 1433.3
1185940 1441.3
1185950 1450.3
1185960 1450.3
1185970 1458.1
1185980 1465.3
1185990 1465.3
1186000 1472.4
1186010 1479.5
1186020 1479.5
1186030 1486.0
1186040 1492.3
1186050 1492.3
1186060 1498.8
1186070 1503.8
1186080 1503.8
1186090 1508.7
1186100 1514.1
1186110 1514.1
1186120 1518.8
1186130 1523.6
1186140 1528.8
1186150 1528.8
1186160 1533.9
1186170 1538.0
1186180 1538.0
1186190 1541.4
1186200 1545.3
1186210 1545.3
1186220 1550.2
1186230 1555.8
1186240 1555.8
1186250 1560.7
1186260 1565.9
1186270 1565.9
1186280 1572.4
1186290 1579.4
1186300 1579.4
1186310 1584.4
1186320 1591.2
1186330 1591.2
1186340 1598.8
1186350 1605.8
1186360 1605.8
1186370 1612.2
1186380 1618.5
1186390 1624.8
1186400 1624.8
1186410 1630.5
1186420 1636.2
1186430 1636.2
1186440 1641.6
1186450 1648.2
1186460 1648.2
1186470 1655.9
1186480 1663.7
1186490 1663.7
1186500 1671.1
1186510 1677.2
1186520 1677.2
1186530 1682.3
1186540 1688.3
1186550 1688.3
1186560 1695.4
1186570 1701.2
1186580 1701.2
1186590 1705.8
1186600 1710.7
1186610 1716.4
1186620 1716.4
1186630 1721.9
1186640 1727.5
1186650 1727.5
1186660 1732.9
1186670 1738.0
1186680 1738.0
1186690 1742.1
1186700 1745.8
1186710 1745.8
1186720 1749.3
1186730 1752.7
1186740 1748.0
1186750 1751.6
1186760 1756.5
1186770 1756.5
1186780 1762.1
1186790 1769.3
1186800 1769.3
1186810 1776.7
1186820 1782.7
1186830 1782.7
1186840 1788.8
1186850 1793.7
1186860 1798.0
1186870 1798.0
1186880 1803.0
1186890 1808.8
1186900 1808.8
1186910 1814.8
1186920 1820.0
1186930 1820.0
1186940 1824.4
1186950 1828.6
1186960 1828.6
1186970 1832.7
1186980 1836.9
1186990 1836.9
1187000 1841.1
1187010 1845.9
1187020 1845.9
1187030 1850.7
1187040 1856.0
1187050 1856.0
1187060 1860.8
1187070 1865.2
1187080 1865.2
1187090 1869.5
1187100 1874.0
1187110 1878.2
1187120 1878.2
1187130 1882.4
1187140 1886.8
1187150 1886.8
1187160 1889.4
1187170 1893.7
1187180 1893.7
1187190 1897.9
1187200 1902.7
1187210 1902.7
1187220 1907.8
1187230 1913.2
1187240 1913.2
1187250 1918.6
1187260 1924.0
1187270 1924.0
1187280 1929.5
1187290 1934.9
1187300 1934.9
1187310 1940.4
1187320 1945.9
1187330 1945.9
1187340 1951.5
1187350 1957.2
1187360 1962.8
1187370 1962.8
1187380 1969.0
1187390 1975.0
1187400 1975.0
1187410 1981.3
1187420 1988.0
1187430 1988.0
1187440 1995.1
1187450 2002.0
1187460 2002.0
1187470 2009.3
1187480 2015.9
1187490 2015.9
1187500 2021.6
1187510 2027.5
1187520 2027.5
1187530 2034.1
1187540 2041.0
1187550 2041.0
1187560 2048.1
1187570 2056.1
1187580 2064.1
1187590 2064.2
1187600 2072.5
1187610 2079.0
1187620 2079.0
1187630 2085.2
1187640 2091.5
1187650 2091.5
1187660 2098.4
1187670 2105.3
1187680 2105.3
1187690 2112.3
1187700 2119.1
1187710 2119.1
1187720 2125.6
1187730 2132.4
1187740 2132.4
1187750 2139.1
1187760 2145.1
1187770 2145.1
1187780 2150.6
1187790 2156.1
1187800 2156.1
1187810 2161.4
1187820 2166.7
1187830 2172.5
1187840 2172.5
1187850 2178.9
1187860 2185.7
1187870 2185.7
1187880 2192.5
1187890 2199.5
1187900 2199.5
1187910 2206.6
1187920 2212.9
1187930 2212.9
1187940 2217.6
1187950 2221.0
1187960 2221.0
1187970 2222.7
1187980 2223.4
1187990 2223.4
1188000 2223.3
1188010 2224.0
1188020 2225.3
1188030 2223.8
1188040 2220.5
1188050 2220.5
1188060 2216.4
1188070 2212.9
1188080 2209.7
1188090 2209.7
1188100 2207.4
1188110 2205.5
1188120 2205.5
1188130 2204.0
1188140 2202.7
1188150 2202.7
1188160 2200.9
1188170 2199.2
1188180 2199.2
1188190 2197.5
1188200 2195.3
1188210 2195.3
1188220 2193.3
1188230 2192.1
1188240 2192.1
1188250 2190.5
1188260 2188.1
1188270 2188.1
1188280 2185.6
1188290 2184.0
1188300 2184.0
1188310 2182.0
1188320 2181.2
1188330 2181.4
1188340 2181.4
1188350 2181.4
1188360 2181.0
1188370 2181.0
1188380 2180.5
1188390 2180.1
1188400 2180.1
1188410 2179.5
1188420 2178.7
1188430 2178.7
1188440 2179.4
1188450 2185.6
1188460 2185.6
1188470 2186.6
1188480 2187.1
1188490 2187.1
1188500 2186.1
1188510 2185.9
1188520 2185.9
1188530 2185.4
1188540 2183.8
1188550 2179.9
1188560 2179.9
1188570 2174.1
1188580 2168.3
1188590 2168.3
1188600 2162.3
1188610 2156.3
1188620 2156.3
1188630 2150.7
1188640 2145.4
1188650 2145.4
1188660 2140.2
1188670 2134.7
1188680 2134.7
1188690 2129.3
1188700 2123.9
1188710 2123.9
1188720 2118.4
1188730 2113.1
1188740 2113.1
1188750 2108.0
1188760 2103.1
1188770 2103.1
1188780 2098.0
1188790 2092.8
1188800 2087.2
1188810 2087.2
1188820 2082.0
1188830 2077.3
1188840 2077.3
1188850 2073.7
1188860 2069.5
1188870 2068.4
1188880 2063.7
1188890 2059.3
1188900 2059.3
1188910 2054.7
1188920 2049.6
1188930 2049.6
1188940 2046.0
1188950 2043.8
1188960 2043.8
1188970 2041.5
1188980 2039.4
1188990 2039.4
1189000 2038.2
1189010 2037.8
1189020 2037.8
1189030 2037.8
1189040 2038.1
1189050 2038.5
1189060 2038.5
1189070 2039.3
1189080 2040.4
1189090 2040.4
1189100 2041.7
1189110 2043.1
1189120 2043.1
1189130 2044.0
1189140 2044.3
1189150 2044.3
1189160 2043.8
1189170 2043.7
1189180 2043.7
1189190 2043.6
1189200 2044.2
1189210 2044.2
1189220 2047.9
1189230 2052.2
1189240 2052.2
1189250 2056.0
1189260 2059.6
1189270 2064.4
1189280 2064.4
1189290 2069.2
1189300 2077.5
1189310 2077.5
1189320 2082.1
1189330 2086.2
1189340 2086.2
1189350 2091.1
1189360 2095.9
1189370 2095.9
1189380 2101.2
1189390 2108.1
1189400 2108.1
1189410 2115.0
1189420 2121.4
1189430 2121.4
1189440 2127.2
1189450 2132.9
1189460 2132.9
1189470 2138.4
1189480 2143.8
1189490 2143.8
1189500 2148.9
1189510 2154.0
1189520 2158.7
1189530 2158.7
1189540 2164.3
1189550 2169.3
1189560 2169.3
1189570 2174.4
1189580 2179.7
1189590 2179.7
1189600 2185.4
1189610 2190.1
1189620 2190.1
1189630 2193.0
1189640 2195.4
1189650 2195.4
1189660 2197.4
1189670 2197.8
1189680 2197.8
1189690 2195.2
1189700 2191.5
1189710 2191.5
1189720 2187.0
1189730 2179.0
1189740 2179.0
1189750 2172.6
1189760 2167.5
1189770 2163.8
1189780 2163.8
1189790 2160.1
1189800 2155.9
1189810 2155.9
1189820 2151.3
1189830 2146.0
1189840 2146.0
1189850 2140.8
1189860 2137.6
1189870 2137.6
1189880 2134.7
1189890 2131.4
1189900 2131.4
1189910 2126.5
1189920 2122.7
1189930 2122.7
1189940 2117.3
1189950 2110.0
1189960 2110.0
1189970 2103.7
1189980 2100.1
1189990 2100.1
1190000 2095.8
1190010 2090.9
1190020 2088.2
1190030 2088.2
1190040 2085.7
1190050 2083.3
1190060 2083.3
1190070 2080.1
1190080 2077.6
1190090 2077.6
1190100 2075.6
1190110 2072.7
1190120 2072.7
1190130 2068.8
1190140 2064.2
1190150 2064.2
1190160 2059.9
1190170 2054.0
1190180 2054.0
1190190 2049.9
1190200 2046.7
1190210 2046.7
1190220 2043.8
1190230 2040.8
1190240 2037.2
1190250 2037.2
1190260 2033.3
1190270 2029.1
1190280 2029.1
1190290 2023.9
1190300 2018.6
1190310 2018.6
1190320 2014.6
1190330 2010.9
1190340 2010.9
1190350 2006.4
1190360 2002.2
1190370 2002.2
1190380 1998.4
1190390 1994.9
1190400 1994.9
1190410 1992.0
1190420 1988.9
1190430 1988.9
1190440 1985.6
1190450 1982.5
1190460 1982.5
1190470 1979.8
1190480 1977.6
1190490 1974.8
1190500 1974.8
1190510 1971.6
1190520 1969.0
1190530 1969.0
1190540 1966.9
1190550 1964.1
1190560 1964.1
1190570 1961.2
1190580 1957.8
1190590 1957.8
1190600 1950.9
1190610 1946.7
1190620 1946.7
1190630 1942.6
1190640 1937.7
1190650 1937.7
1190660 1933.3
1190670 1929.4
1190680 1929.4
1190690 1926.4
1190700 1922.8
1190710 1922.8
1190720 1918.5
1190730 1914.2
1190740 1911.3
1190750 1911.3
1190760 1910.0
1190770 1908.5
1190780 1908.5
1190790 1906.7
1190800 1905.0
1190810 1905.0
1190820 1902.6
1190830 1899.5
1190840 1899.5
1190850 1895.9
1190860 1892.2
1190870 1892.2
1190880 1888.2
1190890 1884.3
1190900 1884.3
1190910 1880.5
1190920 1877.0
1190930 1877.0
1190940 1873.2
1190950 1869.3
1190960 1869.3
1190970 1865.0
1190980 1859.8
1190990 1854.0
1191000 1854.0
1191010 1848.1
1191020 1841.3
1191030 1841.5
1191040 1833.6
1191050 1825.0
1191060 1825.0
1191070 1815.7
1191080 1806.6
1191090 1806.6
1191100 1797.8
1191110 1790.4
1191120 1790.4
1191130 1784.0
1191140 1778.6
1191150 1778.6
1191160 1774.0
1191170 1769.4
1191180 1769.4
1191190 1764.8
1191200 1760.7
1191210 1758.5
1191220 1758.5
1191230 1756.7
1191240 1755.7
1191250 1755.7
1191260 1755.0
1191270 1752.6
1191280 1752.6
1191290 1751.1
1191300 1749.3
1191310 1749.3
1191320 1747.5
1191330 1744.7
1191340 1744.7
1191350 1741.3
1191360 1738.6
1191370 1738.6
1191380 1737.2
1191390 1735.8
1191400 1735.8
1191410 1733.3
1191420 1729.0
1191430 1729.0
1191440 1725.1
1191450 1721.6
1191460 1717.3
1191470 1717.3
1191480 1714.1
1191490 1710.4
1191500 1710.4
1191510 1706.9
1191520 1704.7
1191530 1704.7
1191540 1702.8
1191550 1699.2
1191560 1699.2
1191570 1695.5
1191580 1690.8
1191590 1690.8
1191600 1685.1
1191610 1679.5
1191620 1679.5
1191630 1674.2
1191640 1668.0
1191650 1668.0
1191660 1662.3
1191670 1657.1
1191680 1657.1
1191690 1653.4
1191700 1651.0
1191710 1648.4
1191720 1648.4
1191730 1644.5
1191740 1640.6
1191750 1640.6
1191760 1637.0
1191770 1634.4
1191780 1634.4
1191790 1631.6
1191800 1628.0
1191810 1628.0
1191820 1623.4
1191830 1618.5
1191840 1618.5
1191850 1615.0
1191860 1611.5
1191870 1611.5
1191880 1607.2
1191890 1602.3
1191900 1605.3
1191910 1600.1
1191920 1594.8
1191930 1594.8
1191940 1589.9
1191950 1585.0
1191960 1579.3
1191970 1579.3
1191980 1574.0
1191990 1569.6
1192000 1569.6
1192010 1566.8
1192020 1564.9
1192030 1564.9
1192040 1562.3
1192050 1558.6
1192060 1558.6
1192070 1554.7
1192080 1550.0
1192090 1550.0
1192100 1544.2
1192110 1540.9
1192120 1540.9
1192130 1538.2
1192140 1534.9
1192150 1534.9
1192160 1531.0
1192170 1527.8
1192180 1525.8
1192190 1525.8
1192200 1522.4
1192210 1519.2
1192220 1519.2
1192230 1517.0
1192240 1515.5
1192250 1515.5
1192260 1513.2
1192270 1509.9
1192280 1509.9
1192290 1505.5
1192300 1502.4
1192310 1502.4
1192320 1500.9
1192330 1500.8
1192340 1500.8
1192350 1500.6
1192360 1499.6
1192370 1499.6
1192380 1495.4
1192390 1490.3
1192400 1490.3
1192410 1484.9
1192420 1479.7
1192430 1475.1
1192440 1475.1
1192450 1469.3
1192460 1463.5
1192470 1463.5
1192480 1457.9
1192490 1452.5
1192500 1452.5
1192510 1447.6
1192520 1443.6
1192530 1443.6
1192540 1441.2
1192550 1439.7
1192560 1439.7
1192570 1437.2
1192580 1433.8
1192590 1433.8
1192600 1428.2
1192610 1421.7
1192620 1421.7
1192630 1416.8
1192640 1413.5
1192650 1413.5
1192660 1410.8
1192670 1408.9
1192680 1407.0
1192690 1407.0
1192700 1404.5
1192710 1402.5
1192720 1402.5
1192730 1400.7
1192740 1399.3
1192750 1399.3
1192760 1396.1
1192770 1391.1
1192780 1391.1
1192790 1387.5
1192800 1384.7
1192810 1384.7
1192820 1383.4
1192830 1381.8
1192840 1381.8
1192850 1380.4
1192860 1378.2
1192870 1378.2
1192880 1375.8
1192890 1374.7
1192900 1373.4
1192910 1373.4
1192920 1371.4
1192930 1368.8
1192940 1368.8
1192950 1366.4
1192960 1363.7
1192970 1363.7
1192980 1360.2
1192990 1356.9
1193000 1356.9
1193010 1354.8
1193020 1353.3
1193030 1353.3
1193040 1349.8
1193050 1344.9
1193060 1344.9
1193070 1340.5
1193080 1336.6
1193090 1336.6
1193100 1332.4
1193110 1326.4
1193120 1326.4
1193130 1318.9
1193140 1311.3
1193150 1304.4
1193160 1304.4
1193170 1299.4
1193180 1295.3
1193190 1295.3
1193200 1291.2
1193210 1287.7
1193220 1287.7
1193230 1284.7
1193240 1282.0
1193250 1282.0
1193260 1279.2
1193270 1276.8
1193280 1276.8
1193290 1274.9
1193300 1273.3
1193310 1273.3
1193320 1271.8
1193330 1270.2
1193340 1270.2
1193350 1268.5
1193360 1265.7
1193370 1265.7
1193380 1262.9
1193390 1259.2
1193400 1255.0
1193410 1255.0
1193420 1250.8
1193430 1246.9
1193440 1246.9
1193450 1243.3
1193460 1240.1
1193470 1240.1
1193480 1236.9
1193490 1234.3
1193500 1234.3
1193510 1231.8
1193520 1229.6
1193530 1229.6
1193540 1226.9
1193550 1222.6
1193560 1222.6
1193570 1217.6
1193580 1214.0
1193590 1214.0
1193600 1211.0
1193610 1207.7
1193620 1207.7
1193630 1204.3
1193640 1199.6
1193650 1196.1
1193660 1196.1
1193670 1192.9
1193680 1190.1
1193690 1190.1
1193700 1187.6
1193710 1185.1
1193720 1185.1
1193730 1183.1
1193740 1180.8
1193750 1180.8
1193760 1177.9
1193770 1174.1
1193780 1174.1
1193790 1170.0
1193800 1165.0
1193810 1165.0
1193820 1160.3
1193830 1157.6
1193840 1157.6
1193850 1155.3
1193860 1152.8
1193870 1150.9
1193880 1150.9
1193890 1149.8
1193900 1148.6
1193910 1148.6
1193920 1147.4
1193930 1145.5
1193940 1145.5
1193950 1144.0
1193960 1143.1
1193970 1143.1
1193980 1141.9
1193990 1138.8
1194000 1138.8
1194010 1136.5
1194020 1132.1
1194030 1132.1
1194040 1129.2
1194050 1126.4
1194060 1126.4
1194070 1121.1
1194080 1116.5
1194090 1116.5
1194100 1114.3
1194110 1111.5
1194120 1107.6
1194130 1107.6
1194140 1105.5
1194150 1103.2
1194160 1103.2
1194170 1100.7
1194180 1096.9
1194190 1096.9
1194200 1094.0
1194210 1092.1
1194220 1092.1
1194230 1087.6
1194240 1082.2
1194250 1082.2
1194260 1077.5
1194270 1073.3
1194280 1073.3
1194290 1066.2
1194300 1059.8
1194310 1059.8
1194320 1057.1
1194330 1053.5
1194340 1053.5
1194350 1045.8
1194360 1039.5
1194370 1035.4
1194380 1035.4
1194390 1031.4
1194400 1026.9
1194410 1026.9
1194420 1022.2
1194430 1016.7
1194440 1016.7
1194450 1011.9
1194460 1009.4
1194470 1009.4
1194480 1006.9
1194490 1004.3
1194500 1004.3
1194510 1002.8
1194520 1001.3
1194530 1001.3
1194540 1000.2
1194550 999.3
1194560 999.3
1194570 998.9
1194580 997.8
1194590 997.8
1194600 996.6
1194610 995.9
1194620 994.6
1194630 994.6
1194640 993.8
1194650 992.6
1194660 992.6
1194670 990.9
1194680 989.5
1194690 989.5
1194700 988.4
1194710 986.9
1194720 986.9
1194730 984.9
1194740 983.7
1194750 983.7
1194760 982.5
1194770 980.9
1194780 980.9
1194790 979.1
1194800 977.0
1194810 977.0
1194820 975.4
1194830 973.5
1194840 971.7
1194850 971.7
1194860 968.3
1194870 964.8
1194880 964.8
1194890 961.8
1194900 958.7
1194910 958.7
1194920 955.7
1194930 953.3
1194940 953.3
1194950 950.9
1194960 948.4
1194970 948.4
1194980 945.5
1194990 942.0
1195000 942.0
1195010 938.5
1195020 936.9
1195030 936.9
1195040 934.2
1195050 930.4
1195060 930.4
1195070 927.0
1195080 925.2
1195090 923.4
1195100 923.4
1195110 921.4
1195120 918.6
1195130 918.6
1195140 916.5
1195150 914.5
1195160 914.5
1195170 913.2
1195180 911.7
1195190 911.7
1195200 910.1
1195210 909.2
1195220 909.2
1195230 908.3
1195240 907.4
1195250 907.4
1195260 906.7
1195270 906.0
1195280 906.0
1195290 905.1
1195300 903.4
1195310 903.4
1195320 900.9
1195330 898.2
1195340 895.8
1195350 895.8
1195360 893.7
1195370 890.9
1195380 890.9
1195390 886.7
1195400 883.9
1195410 883.9
1195420 880.2
1195430 877.3
1195440 877.3
1195450 874.3
1195460 871.1
1195470 871.1
1195480 866.2
1195490 860.1
1195500 860.1
1195510 854.0
1195520 847.9
1195530 847.9
1195540 843.2
1195550 838.3
1195560 833.7
1195570 833.7
1195580 833.6
1195590 834.8
1195600 834.8
1195610 835.4
1195620 835.7
1195630 835.7
1195640 835.9
1195650 835.9
1195660 835.9
1195670 837.4
1195680 840.7
1195690 840.7
1195700 845.6
1195710 851.4
1195720 851.4
1195730 857.5
1195740 863.8
1195750 863.8
1195760 870.2
1195770 875.7
1195780 875.7
1195790 881.0
1195800 886.4
1195810 891.8
1195820 891.8
1195830 892.9
1195840 897.5
1195850 897.5
1195860 902.9
1195870 909.2
1195880 909.2
1195890 915.2
1195900 919.0
1195910 919.0
1195920 921.4
1195930 920.4
1195940 920.4
1195950 919.1
1195960 922.3
1195970 922.3
1195980 927.8
1195990 931.6
1196000 931.6
1196010 934.9
1196020 939.3
1196030 939.3
1196040 940.4
1196050 942.3
1196060 944.0
1196070 944.0
1196080 945.4
1196090 947.2
1196100 947.2
1196110 949.2
1196120 950.9
1196130 950.9
1196140 953.4
1196150 955.4
1196160 955.4
1196170 957.2
1196180 959.4
1196190 959.4
1196200 961.9
1196210 964.7
1196220 964.7
1196230 968.2
1196240 971.9
1196250 971.9
1196260 975.7
1196270 980.0
1196280 980.0
1196290 985.9
1196300 992.5
1196310 999.1
1196320 999.1
1196330 1005.2
1196340 1010.5
1196350 1010.5
1196360 1013.1
1196370 1015.7
1196380 1015.7
1196390 1019.8
1196400 1025.2
1196410 1025.2
1196420 1031.1
1196430 1037.6
1196440 1037.6
1196450 1044.2
1196460 1051.0
1196470 1051.0
1196480 1057.4
1196490 1064.6
1196500 1064.6
1196510 1073.0
1196520 1082.3
1196530 1091.3
1196540 1091.3
1196550 1099.4
1196560 1109.6
1196570 1109.6
1196580 1120.1
1196590 1129.0
1196600 1129.0
1196610 1138.2
1196620 1143.5
1196630 1143.5
1196640 1145.3
1196650 1147.4
1196660 1147.4
1196670 1150.2
1196680 1152.6
1196690 1152.6
1196700 1155.1
1196710 1158.5
1196720 1158.5
1196730 1161.6
1196740 1164.4
1196750 1164.4
1196760 1167.0
1196770 1169.9
1196780 1173.0
1196790 1173.0
1196800 1175.6
1196810 1177.9
1196820 1177.9
1196830 1179.7
1196840 1182.0
1196850 1182.0
1196860 1184.4
1196870 1186.6
1196880 1186.6
1196890 1188.8
1196900 1190.6
1196910 1190.6
1196920 1192.1
1196930 1193.9
1196940 1193.9
1196950 1197.4
1196960 1199.8
1196970 1199.8
1196980 1201.6
1196990 1205.1
1197000 1205.1
1197010 1209.7
1197020 1215.1
1197030 1220.7
1197040 1220.7
1197050 1226.9
1197060 1234.2
1197070 1234.2
1197080 1241.2
1197090 1248.2
1197100 1248.2
1197110 1254.8
1197120 1261.8
1197130 1261.8
1197140 1269.5
1197150 1282.0
1197160 1282.0
1197170 1290.1
1197180 1297.9
1197190 1297.9
1197200 1303.8
1197210 1310.4
1197220 1310.4
1197230 1319.1
1197240 1326.4
1197250 1332.2
1197260 1332.2
1197270 1336.6
1197280 1340.1
1197290 1340.1
1197300 1343.5
1197310 1348.3
1197320 1348.3
1197330 1353.2
1197340 1357.0
1197350 1357.0
1197360 1361.6
1197370 1368.2
1197380 1368.2
1197390 1373.8
1197400 1376.4
1197410 1376.4
1197420 1377.7
1197430 1380.0
1197440 1380.0
1197450 1383.4
1197460 1386.6
1197470 1386.6
1197480 1389.7
1197490 1392.6
1197500 1395.6
1197510 1395.6
1197520 1399.3
1197530 1403.4
1197540 1403.4
1197550 1407.9
1197560 1412.8
1197570 1412.8
1197580 1418.4
1197590 1423.5
1197600 1424.9
1197610 1430.4
1197620 1435.2
1197630 1435.2
1197640 1439.4
1197650 1444.3
1197660 1444.3
1197670 1455.4
1197680 1465.0
1197690 1465.0
1197700 1475.6
1197710 1481.8
1197720 1481.8
1197730 1484.7
1197740 1486.4
1197750 1488.2
1197760 1488.2
1197770 1490.4
1197780 1493.3
1197790 1493.3
1197800 1496.1
1197810 1498.6
1197820 1498.6
1197830 1501.4
1197840 1503.8
1197850 1503.8
1197860 1507.0
1197870 1511.3
1197880 1511.3
1197890 1516.3
1197900 1521.5
1197910 1521.5
1197920 1526.0
1197930 1530.6
1197940 1530.6
1197950 1535.4
1197960 1539.0
1197970 1539.0
1197980 1544.8
1197990 1552.0
1198000 1559.6
1198010 1559.6
1198020 1568.0
1198030 1576.6
1198040 1579.4
1198050 1587.2
1198060 1594.1
1198070 1594.1
1198080 1600.2
1198090 1606.1
1198100 1606.1
1198110 1611.5
1198120 1615.7
1198130 1615.7
1198140 1619.9
1198150 1624.3
1198160 1624.3
1198170 1628.5
1198180 1633.0
1198190 1633.0
1198200 1637.8
1198210 1642.8
1198220 1647.8
1198230 1647.8
1198240 1653.6
1198250 1661.8
1198260 1661.8
1198270 1672.9
1198280 1679.7
1198290 1679.7
1198300 1685.9
1198310 1691.8
1198320 1691.8
1198330 1698.6
1198340 1705.2
1198350 1705.2
1198360 1709.2
1198370 1712.2
1198380 1712.2
1198390 1715.7
1198400 1719.3
1198410 1719.3
1198420 1723.1
1198430 1726.6
1198440 1726.6
1198450 1730.2
1198460 1733.3
1198470 1735.7
1198480 1735.6
1198490 1738.3
1198500 1742.2
1198510 1742.2
1198520 1746.0
1198530 1749.1
1198540 1749.1
1198550 1752.5
1198560 1756.5
1198570 1756.5
1198580 1761.0
1198590 1766.7
1198600 1766.7
1198610 1772.2
1198620 1776.7
1198630 1776.7
1198640 1780.6
1198650 1784.0
1198660 1784.0
1198670 1787.1
1198680 1790.9
1198690 1790.9
1198700 1795.8
1198710 1801.2
1198720 1806.7
1198730 1806.7
1198740 1811.7
1198750 1816.7
1198760 1816.7
1198770 1822.5
1198780 1829.5
1198790 1829.5
1198800 1838.7
1198810 1847.9
1198820 1847.9
1198830 1855.0
1198840 1862.1
1198850 1862.1
1198860 1867.6
1198870 1871.7
1198880 1871.7
1198890 1876.9
1198900 1882.3
1198910 1882.3
1198920 1887.2
1198930 1892.4
1198940 1896.3
1198950 1896.3
1198960 1900.3
1198970 1905.5
1198980 1905.5
1198990 1911.3
1199000 1916.8
1199010 1916.8
1199020 1921.2
1199030 1925.1
1199040 1925.1
1199050 1928.9
1199060 1932.7
1199070 1932.7
1199080 1935.8
1199090 1937.8
1199100 1937.8
1199110 1939.0
1199120 1940.6
1199130 1940.6
1199140 1943.2
1199150 1945.7
1199160 1945.7
1199170 1947.8
1199180 1949.9
1199190 1952.6
1199200 1952.6
1199210 1955.4
1199220 1958.1
1199230 1958.1
1199240 1961.1
1199250 1964.4
1199260 1964.4
1199270 1967.6
1199280 1970.4
1199290 1970.4
1199300 1972.8
1199310 1974.9
1199320 1974.9
1199330 1977.3
1199340 1980.2
1199350 1980.2
1199360 1982.7
1199370 1987.8
1199380 1987.8
1199390 1991.6
1199400 1996.3
1199410 1996.3
1199420 2000.5
1199430 2005.5
1199440 2010.2
1199450 2010.2
1199460 2015.2
1199470 2021.7
1199480 2021.7
1199490 2030.3
1199500 2037.6
1199510 2037.6
1199520 2040.7
1199530 2044.8
1199540 2044.8
1199550 2050.4
1199560 2056.8
1199570 2056.8
1199580 2062.4
1199590 2066.3
1199600 2066.3
1199610 2069.2
1199620 2071.0
1199630 2071.0
1199640 2073.1
1199650 2076.6
1199660 2076.6
1199670 2081.4
1199680 2085.5
1199690 2089.2
1199700 2089.2
1199710 2093.9
1199720 2099.2
1199730 2099.2
1199740 2104.2
1199750 2109.2
1199760 2109.2
1199770 2112.8
1199780 2115.9
1199790 2115.9
1199800 2123.8
1199810 2133.0
1199820 2136.7
1199830 2143.4
1199840 2148.7
1199850 2148.7
1199860 2154.1
1199870 2159.0
1199880 2159.0
1199890 2163.6
1199900 2167.4
1199910 2170.9
1199920 2170.9
1199930 2176.2
1199940 2180.6
1199950 2180.6
1199960 2183.1
1199970 2183.7
1199980 2183.7
1199990 2183.1
