1180000 790.4
1180010 791.9
1180020 793.3
1180030 793.3
1180040 794.6
1180050 796.0
1180060 803.5
1180070 803.5
1180080 805.7
1180090 807.9
1180100 807.9
1180110 808.7
1180120 810.0
1180130 810.0
1180140 811.4
1180150 812.2
1180160 812.2
1180170 813.0
1180180 812.0
1180190 812.0
1180200 809.7
1180210 808.5
1180220 808.5
1180230 808.6
1180240 808.7
1180250 808.7
1180260 808.2
1180270 808.5
1180280 808.5
1180290 803.8
1180300 797.6
1180310 796.5
1180320 796.5
1180330 796.4
1180340 796.0
1180350 796.0
1180360 795.6
1180370 794.9
1180380 794.9
1180390 794.9
1180400 796.1
1180410 796.1
1180420 796.1
1180430 795.8
1180440 795.8
1180450 796.5
1180460 798.1
1180470 798.1
1180480 833.1
1180490 838.0
1180500 838.0
1180510 849.2
1180520 861.0
1180530 861.0
1180540 876.8
1180550 892.6
1180560 899.4
1180570 899.4
1180580 902.0
1180590 904.8
1180600 904.8
1180610 907.9
1180620 912.8
1180630 912.8
1180640 917.9
1180650 920.7
1180660 920.7
1180670 920.7
1180680 919.8
1180690 919.8
1180700 917.2
1180710 913.4
1180720 913.4
1180730 910.6
1180740 908.3
1180750 908.3
1180760 904.8
1180770 901.2
1180780 897.9
1180790 897.9
1180800 894.7
1180810 891.9
1180820 891.9
1180830 889.4
1180840 886.0
1180850 886.0
1180860 882.8
1180870 880.4
1180880 880.4
1180890 878.5
1180900 882.7
1180910 882.7
1180920 881.1
1180930 887.2
1180940 887.2
1180950 891.4
1180960 893.5
1180970 893.5
1180980 895.6
1180990 897.7
1181000 897.7
1181010 900.3
1181020 901.6
1181030 901.6
1181040 901.6
1181050 905.8
1181060 907.1
1181070 907.1
1181080 909.0
1181090 910.0
1181100 910.0
1181110 910.3
1181120 910.5
1181130 910.5
1181140 912.7
1181150 916.4
1181160 916.4
1181170 918.3
1181180 920.1
1181190 920.1
1181200 922.0
1181210 924.2
1181220 924.2
1181230 927.1
1181240 930.5
1181250 930.5
1181260 934.8
1181270 938.5
1181280 941.7
1181290 941.7
1181300 944.4
1181310 946.8
1181320 951.5
1181330 953.6
1181340 955.7
1181350 955.7
1181360 958.0
1181370 960.7
1181380 960.7
1181390 963.5
1181400 966.2
1181410 966.2
1181420 968.6
1181430 971.9
1181440 971.9
1181450 974.6
1181460 977.3
1181470 977.3
1181480 980.3
1181490 984.1
1181500 984.1
1181510 987.8
1181520 992.3
1181530 997.9
1181540 997.9
1181550 1004.0
1181560 1010.2
1181570 1010.2
1181580 1014.9
1181590 1017.3
1181600 1017.3
1181610 1021.0
1181620 1024.9
1181630 1024.9
1181640 1027.3
1181650 1030.3
1181660 1030.3
1181670 1031.6
1181680 1033.4
1181690 1033.4
1181700 1033.6
1181710 1033.1
1181720 1033.1
1181730 1036.7
1181740 1046.3
1181750 1052.7
1181760 1052.7
1181770 1058.9
1181780 1064.6
1181790 1064.6
1181800 1071.3
1181810 1078.9
1181820 1078.9
1181830 1082.2
1181840 1082.5
1181850 1082.5
1181860 1082.5
1181870 1083.1
1181880 1083.1
1181890 1084.1
1181900 1086.7
1181910 1086.7
1181920 1091.3
1181930 1094.7
1181940 1094.7
1181950 1098.9
1181960 1104.5
1181970 1104.5
1181980 1110.2
1181990 1115.3
1182000 1120.0
1182010 1120.0
1182020 1122.6
1182030 1124.0
1182040 1124.0
1182050 1126.9
1182060 1131.2
1182070 1131.2
1182080 1136.3
1182090 1140.4
1182100 1140.4
1182110 1142.7
1182120 1144.7
1182130 1144.7
1182140 1147.1
1182150 1150.1
1182160 1156.9
1182170 1159.8
1182180 1162.7
1182190 1162.7
1182200 1165.8
1182210 1168.5
1182220 1168.5
1182230 1170.8
1182240 1173.8
1182250 1176.8
1182260 1176.8
1182270 1180.5
1182280 1184.3
1182290 1184.3
1182300 1186.8
1182310 1188.1
1182320 1188.1
1182330 1189.9
1182340 1192.4
1182350 1192.4
1182360 1195.1
1182370 1197.2
1182380 1197.2
1182390 1198.3
1182400 1201.6
1182410 1201.6
1182420 1205.9
1182430 1208.1
1182440 1208.1
1182450 1207.5
1182460 1205.7
1182470 1205.6
1182480 1205.6
1182490 1209.0
1182500 1212.7
1182510 1212.7
1182520 1216.1
1182530 1219.6
1182540 1219.6
1182550 1220.7
1182560 1223.0
1182570 1223.0
1182580 1228.6
1182590 1230.8
1182600 1230.8
1182610 1232.7
1182620 1233.8
1182630 1233.8
1182640 1234.2
1182650 1235.3
1182660 1235.3
1182670 1236.8
1182680 1236.3
1182690 1236.3
1182700 1232.9
1182710 1230.1
1182720 1229.3
1182730 1229.3
1182740 1233.3
1182750 1238.8
1182760 1238.8
1182770 1242.6
1182780 1244.4
1182790 1244.4
1182800 1245.6
1182810 1246.4
1182820 1246.4
1182830 1247.3
1182840 1245.0
1182850 1245.0
1182860 1241.7
1182870 1240.7
1182880 1240.7
1182890 1240.6
1182900 1240.2
1182910 1240.2
1182920 1239.3
1182930 1239.6
1182940 1239.6
1182950 1241.4
1182960 1243.1
1182970 1243.8
1182980 1243.8
1182990 1243.3
1183000 1243.8
1183010 1243.8
1183020 1246.9
1183030 1249.2
1183040 1249.2
1183050 1249.0
1183060 1246.1
1183070 1246.1
1183080 1241.6
1183090 1238.0
1183100 1238.0
1183110 1234.4
1183120 1229.0
1183130 1229.0
1183140 1222.5
1183150 1217.5
1183160 1217.5
1183170 1213.6
1183180 1209.3
1183190 1209.3
1183200 1201.9
1183210 1200.5
1183220 1206.2
1183230 1206.2
1183240 1216.2
1183250 1226.1
1183260 1226.1
1183270 1234.7
1183280 1242.4
1183290 1242.4
1183300 1248.8
1183310 1253.1
1183320 1253.1
1183330 1258.8
1183340 1268.2
1183350 1268.2
1183360 1277.0
1183370 1284.9
1183380 1284.9
1183390 1293.3
1183400 1301.7
1183410 1301.7
1183420 1308.1
1183430 1314.7
1183440 1321.2
1183450 1321.2
1183460 1327.4
1183470 1334.1
1183480 1334.1
1183490 1340.4
1183500 1346.1
1183510 1346.1
1183520 1351.6
1183530 1357.3
1183540 1357.3
1183550 1362.8
1183560 1367.8
1183570 1367.8
1183580 1372.8
1183590 1379.0
1183600 1379.0
1183610 1384.1
1183620 1388.3
1183630 1388.3
1183640 1392.5
1183650 1397.3
1183660 1397.3
1183670 1402.7
1183680 1409.0
1183690 1416.1
1183700 1416.1
1183710 1423.0
1183720 1429.0
1183730 1429.0
1183740 1434.7
1183750 1438.8
1183760 1438.8
1183770 1441.9
1183780 1444.9
1183790 1444.9
1183800 1447.3
1183810 1449.6
1183820 1449.6
1183830 1451.7
1183840 1453.3
1183850 1453.3
1183860 1454.9
1183870 1457.3
1183880 1457.3
1183890 1458.9
1183900 1460.1
1183910 1460.1
1183920 1461.6
1183930 1463.8
1183940 1465.9
1183950 1465.9
1183960 1467.6
1183970 1470.7
1183980 1470.7
1183990 1474.4
1184000 1477.2
1184010 1477.2
1184020 1479.7
1184030 1482.1
1184040 1482.1
1184050 1484.1
1184060 1485.9
1184070 1485.9
1184080 1487.5
1184090 1488.7
1184100 1488.7
1184110 1489.2
1184120 1489.1
1184130 1489.1
1184140 1488.3
1184150 1486.3
1184160 1486.3
1184170 1483.5
1184180 1481.5
1184190 1478.8
1184200 1478.8
1184210 1476.4
1184220 1474.2
1184230 1474.2
1184240 1472.3
1184250 1470.7
1184260 1475.8
1184270 1473.8
1184280 1470.7
1184290 1470.7
1184300 1467.1
1184310 1462.7
1184320 1462.7
1184330 1458.0
1184340 1453.2
1184350 1453.2
1184360 1449.4
1184370 1446.6
1184380 1446.6
1184390 1443.2
1184400 1440.1
1184410 1437.3
1184420 1437.3
1184430 1434.5
1184440 1431.4
1184450 1431.4
1184460 1428.0
1184470 1424.3
1184480 1424.3
1184490 1421.0
1184500 1418.3
1184510 1418.3
1184520 1415.9
1184530 1413.0
1184540 1413.0
1184550 1409.9
1184560 1406.9
1184570 1406.9
1184580 1403.7
1184590 1400.2
1184600 1400.2
1184610 1398.4
1184620 1396.8
1184630 1396.8
1184640 1394.7
1184650 1392.1
1184660 1388.9
1184670 1388.9
1184680 1386.0
1184690 1389.8
1184700 1389.8
1184710 1389.0
1184720 1387.5
1184730 1387.5
1184740 1386.1
1184750 1385.3
1184760 1385.3
1184770 1384.3
1184780 1382.1
1184790 1382.1
1184800 1377.6
1184810 1373.3
1184820 1373.3
1184830 1371.3
1184840 1369.4
1184850 1369.4
1184860 1367.7
1184870 1366.2
1184880 1366.2
1184890 1362.2
1184900 1358.8
1184910 1360.7
1184920 1360.7
1184930 1364.6
1184940 1367.3
1184950 1367.3
1184960 1366.9
1184970 1365.1
1184980 1365.1
1184990 1363.0
1185000 1356.9
1185010 1356.9
1185020 1351.0
1185030 1344.8
1185040 1344.8
1185050 1337.1
1185060 1333.8
1185070 1333.8
1185080 1343.1
1185090 1350.4
1185100 1350.4
1185110 1358.9
1185120 1363.1
1185130 1363.1
1185140 1364.7
1185150 1362.4
1185160 1358.4
1185170 1358.4
1185180 1353.5
1185190 1347.3
1185200 1347.3
1185210 1339.6
1185220 1335.4
1185230 1335.4
1185240 1332.5
1185250 1329.8
1185260 1329.8
1185270 1335.2
1185280 1342.7
1185290 1342.7
1185300 1349.4
1185310 1354.2
1185320 1354.2
1185330 1351.6
1185340 1345.3
1185350 1345.3
1185360 1340.1
1185370 1335.0
1185380 1322.6
1185390 1322.6
1185400 1304.8
1185410 1297.2
1185420 1297.2
1185430 1290.8
1185440 1289.2
1185450 1289.2
1185460 1290.5
1185470 1290.5
1185480 1290.5
1185490 1292.4
1185500 1302.9
1185510 1302.9
1185520 1315.9
1185530 1319.7
1185540 1309.2
1185550 1312.7
1185560 1315.1
1185570 1315.1
1185580 1316.8
1185590 1317.9
1185600 1317.9
1185610 1320.2
1185620 1324.7
1185630 1328.2
1185640 1328.2
1185650 1332.1
1185660 1338.5
1185670 1338.5
1185680 1344.3
1185690 1350.1
1185700 1350.1
1185710 1355.0
1185720 1359.9
1185730 1359.9
1185740 1368.2
1185750 1375.6
1185760 1375.6
1185770 1381.5
1185780 1387.9
1185790 1387.9
1185800 1394.6
1185810 1400.5
1185820 1400.5
1185830 1406.8
1185840 1408.5
1185850 1408.5
1185860 1407.5
1185870 1410.1
1185880 1414.7
1185890 1414.7
1185900 1421.1
1185910 1427.7
1185920 1427.7
1185930 1434.8
1185940 1440.9
1185950 1440.9
1185960 1443.9
1185970 1448.7
1185980 1448.7
1185990 1453.7
1186000 1458.4
1186010 1458.4
1186020 1462.4
1186030 1465.1
1186040 1465.1
1186050 1467.7
1186060 1470.2
1186070 1470.2
1186080 1472.4
1186090 1475.9
1186100 1475.9
1186110 1482.1
1186120 1490.2
1186130 1496.7
1186140 1496.7
1186150 1501.5
1186160 1506.4
1186170 1506.4
1186180 1510.7
1186190 1515.4
1186200 1515.4
1186210 1520.0
1186220 1525.0
1186230 1525.0
1186240 1530.9
1186250 1536.4
1186260 1536.4
1186270 1542.1
1186280 1548.6
1186290 1548.6
1186300 1554.3
1186310 1560.0
1186320 1560.0
1186330 1566.1
1186340 1572.4
1186350 1579.2
1186360 1579.2
1186370 1585.8
1186380 1592.1
1186390 1587.4
1186400 1593.7
1186410 1600.0
1186420 1600.0
1186430 1606.8
1186440 1613.2
1186450 1613.2
1186460 1619.3
1186470 1625.3
1186480 1625.3
1186490 1631.3
1186500 1637.5
1186510 1637.5
1186520 1642.9
1186530 1647.9
1186540 1647.9
1186550 1652.8
1186560 1657.9
1186570 1657.9
1186580 1662.6
1186590 1667.1
1186600 1671.6
1186610 1671.6
1186620 1675.6
1186630 1679.2
1186640 1679.2
1186650 1683.3
1186660 1688.0
1186670 1688.0
1186680 1692.9
1186690 1698.6
1186700 1698.6
1186710 1703.3
1186720 1708.2
1186730 1708.2
1186740 1713.1
1186750 1719.1
1186760 1719.1
1186770 1725.7
1186780 1732.3
1186790 1732.3
1186800 1738.7
1186810 1737.9
1186820 1737.9
1186830 1744.5
1186840 1750.0
1186850 1753.6
1186860 1753.6
1186870 1756.9
1186880 1760.3
1186890 1760.3
1186900 1765.1
1186910 1771.5
1186920 1771.5
1186930 1777.2
1186940 1782.9
1186950 1782.9
1186960 1788.5
1186970 1793.8
1186980 1793.8
1186990 1799.6
1187000 1805.6
1187010 1805.6
1187020 1811.2
1187030 1816.0
1187040 1816.0
1187050 1818.5
1187060 1819.4
1187070 1823.6
1187080 1823.6
1187090 1828.7
1187100 1833.2
1187110 1833.2
1187120 1838.3
1187130 1843.6
1187140 1843.6
1187150 1847.9
1187160 1852.7
1187170 1852.7
1187180 1858.1
1187190 1863.4
1187200 1863.4
1187210 1868.6
1187220 1874.1
1187230 1874.1
1187240 1878.8
1187250 1885.5
1187260 1885.5
1187270 1892.5
1187280 1899.2
1187290 1899.2
1187300 1905.3
1187310 1911.5
1187320 1918.0
1187330 1918.0
1187340 1924.8
1187350 1931.2
1187360 1931.2
1187370 1936.4
1187380 1942.1
1187390 1942.1
1187400 1948.5
1187410 1955.3
1187420 1955.3
1187430 1964.0
1187440 1974.5
1187450 1974.5
1187460 1982.7
1187470 1990.7
1187480 1990.7
1187490 1999.5
1187500 2010.4
1187510 2010.4
1187520 2020.3
1187530 2026.8
1187540 2026.8
1187550 2033.2
1187560 2040.2
1187570 2047.4
1187580 2047.4
1187590 2055.3
1187600 2063.2
1187610 2063.2
1187620 2068.3
1187630 2073.0
1187640 2073.0
1187650 2078.0
1187660 2083.8
1187670 2080.6
1187680 2087.8
1187690 2094.9
1187700 2094.9
1187710 2100.7
1187720 2106.7
1187730 2106.7
1187740 2113.1
1187750 2119.5
1187760 2119.5
1187770 2126.1
1187780 2131.6
1187790 2131.6
1187800 2136.2
1187810 2140.9
1187820 2146.3
1187830 2146.3
1187840 2151.8
1187850 2158.0
1187860 2158.0
1187870 2164.7
1187880 2171.4
1187890 2171.4
1187900 2177.7
1187910 2183.5
1187920 2183.5
1187930 2188.2
1187940 2191.2
1187950 2191.2
1187960 2195.4
1187970 2201.0
1187980 2201.0
1187990 2205.7
1188000 2209.8
1188010 2209.8
1188020 2215.2
1188030 2221.8
1188040 2230.0
1188050 2230.0
1188060 2236.2
1188070 2239.0
1188080 2239.0
1188090 2243.4
1188100 2243.2
1188110 2243.2
1188120 2242.0
1188130 2239.8
1188140 2239.8
1188150 2236.5
1188160 2232.9
1188170 2232.9
1188180 2228.9
1188190 2225.5
1188200 2225.5
1188210 2222.8
1188220 2221.1
1188230 2221.1
1188240 2220.4
1188250 2219.3
1188260 2219.3
1188270 2218.6
1188280 2218.7
1188290 2219.9
1188300 2219.9
1188310 2221.0
1188320 2222.5
1188330 2222.5
1188340 2223.9
1188350 2225.5
1188360 2225.5
1188370 2226.2
1188380 2226.3
1188390 2226.3
1188400 2226.5
1188410 2226.7
1188420 2226.7
1188430 2226.4
1188440 2225.3
1188450 2225.3
1188460 2223.2
1188470 2219.5
1188480 2219.5
1188490 2213.2
1188500 2206.6
1188510 2206.6
1188520 2199.2
1188530 2192.8
1188540 2186.4
1188550 2186.4
1188560 2179.1
1188570 2172.5
1188580 2172.5
1188590 2167.2
1188600 2160.3
1188610 2160.3
1188620 2153.3
1188630 2146.4
1188640 2146.4
1188650 2139.7
1188660 2132.9
1188670 2132.9
1188680 2126.6
1188690 2120.5
1188700 2120.5
1188710 2114.6
1188720 2109.0
1188730 2109.0
1188740 2103.4
1188750 2098.0
1188760 2098.0
1188770 2092.2
1188780 2086.6
1188790 2081.6
1188800 2081.6
1188810 2076.7
1188820 2072.5
1188830 2072.5
1188840 2068.3
1188850 2064.4
1188860 2064.4
1188870 2061.3
1188880 2058.7
1188890 2058.7
1188900 2056.5
1188910 2054.7
1188920 2054.7
1188930 2053.1
1188940 2052.9
1188950 2054.6
1188960 2056.2
1188970 2059.9
1188980 2059.9
1188990 2062.4
1189000 2062.8
1189010 2062.9
1189020 2062.9
1189030 2061.9
1189040 2061.7
1189050 2061.7
1189060 2061.9
1189070 2061.7
1189080 2061.7
1189090 2061.7
1189100 2062.6
1189110 2062.6
1189120 2063.6
1189130 2065.5
1189140 2065.5
1189150 2066.3
1189160 2066.5
1189170 2066.5
1189180 2066.4
1189190 2068.1
1189200 2068.1
1189210 2072.2
1189220 2075.6
1189230 2075.6
1189240 2080.8
1189250 2085.7
1189260 2090.2
1189270 2090.2
1189280 2094.4
1189290 2099.3
1189300 2099.3
1189310 2104.9
1189320 2110.2
1189330 2110.2
1189340 2116.0
1189350 2122.1
1189360 2122.1
1189370 2128.3
1189380 2140.0
1189390 2140.0
1189400 2147.5
1189410 2155.6
1189420 2155.6
1189430 2162.4
1189440 2168.6
1189450 2168.6
1189460 2174.2
1189470 2179.7
1189480 2179.7
1189490 2187.7
1189500 2195.9
1189510 2202.5
1189520 2202.5
1189530 2209.2
1189540 2212.5
1189550 2212.5
1189560 2211.8
1189570 2207.6
1189580 2207.6
1189590 2203.7
1189600 2199.3
1189610 2199.3
1189620 2194.7
1189630 2190.6
1189640 2190.6
1189650 2186.0
1189660 2182.0
1189670 2182.0
1189680 2182.1
1189690 2181.7
1189700 2181.7
1189710 2179.9
1189720 2176.1
1189730 2171.7
1189740 2171.7
1189750 2166.9
1189760 2164.4
1189770 2164.4
1189780 2162.9
1189790 2159.9
1189800 2159.9
1189810 2157.1
1189820 2156.0
1189830 2156.0
1189840 2152.3
1189850 2147.0
1189860 2147.0
1189870 2141.6
1189880 2136.1
1189890 2136.1
1189900 2131.3
1189910 2126.2
1189920 2126.2
1189930 2121.4
1189940 2115.5
1189950 2115.5
1189960 2110.3
1189970 2104.8
1189980 2098.8
1189990 2098.8
1190000 2094.6
1190010 2091.5
1190020 2091.5
1190030 2087.5
1190040 2082.9
1190050 2082.9
1190060 2079.5
1190070 2076.0
1190080 2076.0
1190090 2072.2
1190100 2067.0
1190110 2067.0
1190120 2061.1
1190130 2057.0
1190140 2057.0
1190150 2056.3
1190160 2055.0
1190170 2055.0
1190180 2051.8
1190190 2046.6
1190200 2046.6
1190210 2040.4
1190220 2034.2
1190230 2029.1
1190240 2028.9
1190250 2023.4
1190260 2018.9
1190270 2018.9
1190280 2015.4
1190290 2012.2
1190300 2012.2
1190310 2009.3
1190320 2005.7
1190330 2005.7
1190340 2002.1
1190350 1998.4
1190360 1998.4
1190370 1993.8
1190380 1990.2
1190390 1990.2
1190400 1987.1
1190410 1983.2
1190420 1983.2
1190430 1979.2
1190440 1975.5
1190450 1975.5
1190460 1972.2
1190470 1969.1
1190480 1965.4
1190490 1965.4
1190500 1960.3
1190510 1957.3
1190520 1957.3
1190530 1955.1
1190540 1952.7
1190550 1952.7
1190560 1949.9
1190570 1946.5
1190580 1946.5
1190590 1942.6
1190600 1938.3
1190610 1938.3
1190620 1934.2
1190630 1931.1
1190640 1931.1
1190650 1927.8
1190660 1923.8
1190670 1923.8
1190680 1916.0
1190690 1910.6
1190700 1904.7
1190710 1904.7
1190720 1899.0
1190730 1893.8
1190740 1893.8
1190750 1888.5
1190760 1883.0
1190770 1883.0
1190780 1878.4
1190790 1874.5
1190800 1874.5
1190810 1870.6
1190820 1867.4
1190830 1867.4
1190840 1864.2
1190850 1860.3
1190860 1860.3
1190870 1855.7
1190880 1851.5
1190890 1851.5
1190900 1848.4
1190910 1845.5
1190920 1845.5
1190930 1842.4
1190940 1839.2
1190950 1835.5
1190960 1835.5
1190970 1831.7
1190980 1827.0
1190990 1827.0
1191000 1822.1
1191010 1818.1
1191020 1818.1
1191030 1814.2
1191040 1810.4
1191050 1810.4
1191060 1806.5
1191070 1802.5
1191080 1802.5
1191090 1797.6
1191100 1791.4
1191110 1787.5
1191120 1782.3
1191130 1777.1
1191140 1777.1
1191150 1771.6
1191160 1765.3
1191170 1765.3
1191180 1759.4
1191190 1754.3
1191200 1749.9
1191210 1749.9
1191220 1745.9
1191230 1742.1
1191240 1742.1
1191250 1737.6
1191260 1733.3
1191270 1733.3
1191280 1730.2
1191290 1727.2
1191300 1727.2
1191310 1724.7
1191320 1721.8
1191330 1721.8
1191340 1717.9
1191350 1714.6
1191360 1714.6
1191370 1712.7
1191380 1711.4
1191390 1711.4
1191400 1708.8
1191410 1708.1
1191420 1708.1
1191430 1707.4
1191440 1705.3
1191450 1703.1
1191460 1703.1
1191470 1700.8
1191480 1698.7
1191490 1698.7
1191500 1696.8
1191510 1693.7
1191520 1693.7
1191530 1690.3
1191540 1685.8
1191550 1685.8
1191560 1683.7
1191570 1682.1
1191580 1682.1
1191590 1679.9
1191600 1676.0
1191610 1676.0
1191620 1673.5
1191630 1672.1
1191640 1672.1
1191650 1670.3
1191660 1668.0
1191670 1664.8
1191680 1664.8
1191690 1659.8
1191700 1653.9
1191710 1653.9
1191720 1649.4
1191730 1646.0
1191740 1646.0
1191750 1642.5
1191760 1638.8
1191770 1638.8
1191780 1635.1
1191790 1631.5
1191800 1631.5
1191810 1626.4
1191820 1620.5
1191830 1620.5
1191840 1615.8
1191850 1612.4
1191860 1612.4
1191870 1607.8
1191880 1602.4
1191890 1602.4
1191900 1597.8
1191910 1593.8
1191920 1591.1
1191930 1591.1
1191940 1588.0
1191950 1584.6
1191960 1584.6
1191970 1580.6
1191980 1574.3
1191990 1574.3
1192000 1570.3
1192010 1565.9
1192020 1565.9
1192030 1559.8
1192040 1553.3
1192050 1553.3
1192060 1548.3
1192070 1543.7
1192080 1543.7
1192090 1540.2
1192100 1537.1
1192110 1537.1
1192120 1534.5
1192130 1533.0
1192140 1533.0
1192150 1531.6
1192160 1529.0
1192170 1523.1
1192180 1523.1
1192190 1516.8
1192200 1511.7
1192210 1511.7
1192220 1507.8
1192230 1505.6
1192240 1505.6
1192250 1502.4
1192260 1497.4
1192270 1497.4
1192280 1492.8
1192290 1490.6
1192300 1490.6
1192310 1489.1
1192320 1486.5
1192330 1486.5
1192340 1484.2
1192350 1483.1
1192360 1483.1
1192370 1481.8
1192380 1480.6
1192390 1480.6
1192400 1478.5
1192410 1472.6
1192420 1469.5
1192430 1469.5
1192440 1464.8
1192450 1460.9
1192460 1460.9
1192470 1456.7
1192480 1452.5
1192490 1452.5
1192500 1449.4
1192510 1447.6
1192520 1447.6
1192530 1445.7
1192540 1443.2
1192550 1443.2
1192560 1441.4
1192570 1439.5
1192580 1439.5
1192590 1436.1
1192600 1432.2
1192610 1432.2
1192620 1430.2
1192630 1427.8
1192640 1424.2
1192650 1424.2
1192660 1420.1
1192670 1415.8
1192680 1415.8
1192690 1410.4
1192700 1405.9
1192710 1405.9
1192720 1402.9
1192730 1400.5
1192740 1400.5
1192750 1398.7
1192760 1397.4
1192770 1397.4
1192780 1395.6
1192790 1393.5
1192800 1393.5
1192810 1390.9
1192820 1388.8
1192830 1388.8
1192840 1387.2
1192850 1386.1
1192860 1386.1
1192870 1382.9
1192880 1379.8
1192890 1376.6
1192900 1376.6
1192910 1373.3
1192920 1369.9
1192930 1369.9
1192940 1365.5
1192950 1360.9
1192960 1360.9
1192970 1357.5
1192980 1352.7
1192990 1352.7
1193000 1347.4
1193010 1341.0
1193020 1341.0
1193030 1334.9
1193040 1330.4
1193050 1330.4
1193060 1327.0
1193070 1323.4
1193080 1323.4
1193090 1320.0
1193100 1317.6
1193110 1317.6
1193120 1316.0
1193130 1314.0
1193140 1310.4
1193150 1310.4
1193160 1306.5
1193170 1303.2
1193180 1303.2
1193190 1300.1
1193200 1297.4
1193210 1297.4
1193220 1294.5
1193230 1291.0
1193240 1291.0
1193250 1288.1
1193260 1285.7
1193270 1285.7
1193280 1283.2
1193290 1280.2
1193300 1280.2
1193310 1277.5
1193320 1275.6
1193330 1275.6
1193340 1273.5
1193350 1271.0
1193360 1267.7
1193370 1267.7
1193380 1264.3
1193390 1261.6
1193400 1261.6
1193410 1258.4
1193420 1252.7
1193430 1252.7
1193440 1246.4
1193450 1239.8
1193460 1239.8
1193470 1233.6
1193480 1229.8
1193490 1229.8
1193500 1226.1
1193510 1222.9
1193520 1222.9
1193530 1219.9
1193540 1217.1
1193550 1217.1
1193560 1214.9
1193570 1212.5
1193580 1212.5
1193590 1209.1
1193600 1205.7
1193610 1203.1
1193620 1203.1
1193630 1200.1
1193640 1196.3
1193650 1196.3
1193660 1192.4
1193670 1188.3
1193680 1188.3
1193690 1184.5
1193700 1181.4
1193710 1181.4
1193720 1178.6
1193730 1174.8
1193740 1174.8
1193750 1171.2
1193760 1167.1
1193770 1167.1
1193780 1163.1
1193790 1159.9
1193800 1159.9
1193810 1157.1
1193820 1154.1
1193830 1154.1
1193840 1151.6
1193850 1149.5
1193860 1147.7
1193870 1147.7
1193880 1146.3
1193890 1144.7
1193900 1144.7
1193910 1142.2
1193920 1139.8
1193930 1139.8
1193940 1137.5
1193950 1135.2
1193960 1135.2
1193970 1132.6
1193980 1129.7
1193990 1129.7
1194000 1127.6
1194010 1124.7
1194020 1124.7
1194030 1121.8
1194040 1118.6
1194050 1118.6
1194060 1115.2
1194070 1113.7
1194080 1113.7
1194090 1110.5
1194100 1107.3
1194110 1104.7
1194120 1104.7
1194130 1101.2
1194140 1098.5
1194150 1098.5
1194160 1094.0
1194170 1090.1
1194180 1090.1
1194190 1086.7
1194200 1081.5
1194210 1081.5
1194220 1077.3
1194230 1073.1
1194240 1073.1
1194250 1068.0
1194260 1063.2
1194270 1063.2
1194280 1059.5
1194290 1055.2
1194300 1055.2
1194310 1050.0
1194320 1045.1
1194330 1040.7
1194340 1040.7
1194350 1036.9
1194360 1033.9
1194370 1033.9
1194380 1029.1
1194390 1025.4
1194400 1025.4
1194410 1022.7
1194420 1021.4
1194430 1021.4
1194440 1020.5
1194450 1019.2
1194460 1019.2
1194470 1017.3
1194480 1014.8
1194490 1014.8
1194500 1013.1
1194510 1011.9
1194520 1011.9
1194530 1010.5
1194540 1008.2
1194550 1008.2
1194560 1004.6
1194570 1002.2
1194580 1001.5
1194590 1001.5
1194600 1001.6
1194610 1001.7
1194620 1001.7
1194630 1000.5
1194640 998.7
1194650 998.7
1194660 996.1
1194670 992.8
1194680 992.8
1194690 991.3
1194700 989.4
1194710 989.4
1194720 986.6
1194730 984.5
1194740 984.5
1194750 982.3
1194760 980.3
1194770 980.3
1194780 978.4
1194790 976.0
1194800 976.0
1194810 973.2
1194820 969.9
1194830 967.7
1194840 967.7
1194850 965.9
1194860 964.0
1194870 964.0
1194880 961.7
1194890 958.9
1194900 958.9
1194910 956.7
1194920 954.1
1194930 954.1
1194940 950.1
1194950 946.7
1194960 946.7
1194970 943.3
1194980 939.9
1194990 939.9
1195000 936.5
1195010 932.4
1195020 932.4
1195030 928.8
1195040 926.5
1195050 924.3
1195060 924.3
1195070 921.7
1195080 919.3
1195090 919.3
1195100 917.6
1195110 917.0
1195120 917.0
1195130 916.1
1195140 915.0
1195150 915.0
1195160 913.8
1195170 912.9
1195180 912.9
1195190 912.1
1195200 910.9
1195210 910.9
1195220 909.9
1195230 908.7
1195240 908.7
1195250 907.4
1195260 905.7
1195270 905.7
1195280 903.6
1195290 900.9
1195300 897.8
1195310 897.8
1195320 894.3
1195330 891.3
1195340 891.3
1195350 888.3
1195360 885.8
1195370 885.8
1195380 883.6
1195390 881.2
1195400 881.2
1195410 878.6
1195420 875.9
1195430 875.9
1195440 873.0
1195450 869.8
1195460 869.8
1195470 867.6
1195480 864.1
1195490 864.1
1195500 860.4
1195510 855.5
1195520 855.5
1195530 850.5
1195540 845.0
1195550 840.8
1195560 840.8
1195570 838.2
1195580 835.8
1195590 835.8
1195600 835.6
1195610 837.0
1195620 837.0
1195630 837.4
1195640 838.5
1195650 838.5
1195660 842.6
1195670 848.7
1195680 848.7
1195690 854.7
1195700 860.4
1195710 860.4
1195720 865.9
1195730 870.5
1195740 870.5
1195750 873.7
1195760 877.0
1195770 877.0
1195780 880.4
1195790 884.7
1195800 888.8
1195810 888.8
1195820 893.2
1195830 898.0
1195840 898.0
1195850 903.4
1195860 909.6
1195870 909.6
1195880 916.2
1195890 921.7
1195900 921.7
1195910 925.2
1195920 929.2
1195930 929.2
1195940 931.2
1195950 932.3
1195960 932.3
1195970 933.3
1195980 934.1
1195990 934.1
1196000 935.0
1196010 937.1
1196020 939.2
1196030 939.2
1196040 940.1
1196050 940.8
1196060 940.8
1196070 943.1
1196080 947.0
1196090 947.0
1196100 951.2
1196110 956.3
1196120 956.3
1196130 960.1
1196140 963.3
1196150 963.3
1196160 967.6
1196170 972.2
1196180 972.2
1196190 976.1
1196200 980.1
1196210 980.1
1196220 983.7
1196230 987.4
1196240 987.4
1196250 992.5
1196260 997.8
1196270 1003.2
1196280 1003.2
1196290 1021.5
1196300 1042.3
1196310 1042.3
1196320 1050.4
1196330 1054.8
1196340 1054.8
1196350 1089.8
1196360 1096.1
1196370 1096.1
1196380 1097.9
1196390 1096.7
1196400 1096.7
1196410 1097.3
1196420 1100.2
1196430 1100.2
1196440 1102.4
1196450 1106.3
1196460 1106.3
1196470 1110.3
1196480 1114.2
1196490 1114.2
1196500 1117.8
1196510 1122.3
1196520 1128.7
1196530 1128.7
1196540 1136.1
1196550 1141.5
1196560 1141.5
1196570 1145.7
1196580 1149.8
1196590 1149.8
1196600 1154.0
1196610 1158.8
1196620 1158.8
1196630 1163.0
1196640 1166.6
1196650 1166.6
1196660 1169.7
1196670 1172.4
1196680 1172.4
1196690 1176.0
1196700 1179.0
1196710 1179.0
1196720 1182.4
1196730 1185.3
1196740 1188.1
1196750 1188.1
1196760 1190.9
1196770 1193.5
1196780 1193.5
1196790 1200.7
1196800 1203.1
1196810 1203.1
1196820 1206.4
1196830 1209.5
1196840 1209.5
1196850 1211.2
1196860 1211.5
1196870 1211.5
1196880 1216.1
1196890 1219.8
1196900 1219.8
1196910 1219.7
1196920 1218.7
1196930 1218.7
1196940 1222.3
1196950 1225.3
1196960 1225.3
1196970 1228.8
1196980 1233.1
1196990 1238.7
1197000 1238.7
1197010 1245.6
1197020 1251.6
1197030 1251.6
1197040 1256.5
1197050 1261.3
1197060 1261.3
1197070 1266.7
1197080 1273.5
1197090 1273.5
1197100 1281.2
1197110 1290.1
1197120 1290.1
1197130 1298.4
1197140 1304.9
1197150 1304.9
1197160 1309.7
1197170 1314.1
1197180 1314.1
1197190 1318.1
1197200 1321.3
1197210 1321.3
1197220 1324.6
1197230 1330.1
1197240 1337.1
1197250 1337.1
1197260 1344.7
1197270 1352.1
1197280 1352.1
1197290 1358.7
1197300 1364.4
1197310 1364.4
1197320 1369.4
1197330 1373.1
1197340 1373.1
1197350 1376.9
1197360 1382.3
1197370 1382.3
1197380 1387.9
1197390 1391.5
1197400 1391.5
1197410 1393.4
1197420 1396.2
1197430 1396.2
1197440 1400.0
1197450 1403.9
1197460 1403.9
1197470 1408.0
1197480 1412.7
1197490 1418.2
1197500 1418.2
1197510 1423.4
1197520 1428.0
1197530 1428.0
1197540 1432.8
1197550 1438.7
1197560 1438.7
1197570 1445.3
1197580 1450.6
1197590 1450.6
1197600 1455.9
1197610 1461.6
1197620 1461.6
1197630 1466.3
1197640 1470.4
1197650 1470.4
1197660 1475.4
1197670 1480.7
1197680 1482.9
1197690 1487.5
1197700 1492.1
1197710 1497.3
1197720 1497.3
1197730 1502.3
1197740 1506.9
1197750 1506.9
1197760 1511.8
1197770 1516.6
1197780 1516.6
1197790 1521.0
1197800 1525.3
1197810 1525.3
1197820 1530.0
1197830 1534.4
1197840 1534.4
1197850 1538.4
1197860 1542.5
1197870 1542.5
1197880 1545.7
1197890 1548.3
1197900 1548.3
1197910 1551.5
1197920 1556.7
1197930 1556.7
1197940 1561.2
1197950 1565.5
1197960 1571.9
1197970 1571.9
1197980 1579.2
1197990 1586.8
1198000 1586.8
1198010 1594.3
1198020 1602.3
1198030 1602.3
1198040 1611.7
1198050 1618.9
1198060 1618.9
1198070 1625.1
1198080 1631.5
1198090 1631.5
1198100 1638.0
1198110 1643.9
1198120 1645.8
1198130 1649.6
1198140 1652.4
1198150 1652.4
1198160 1655.1
1198170 1658.0
1198180 1658.0
1198190 1662.9
1198200 1668.3
1198210 1673.2
1198220 1673.2
1198230 1678.0
1198240 1682.6
1198250 1682.6
1198260 1686.8
1198270 1690.8
1198280 1690.8
1198290 1694.9
1198300 1698.7
1198310 1698.7
1198320 1703.0
1198330 1707.6
1198340 1707.6
1198350 1711.6
1198360 1715.4
1198370 1715.4
1198380 1718.9
1198390 1721.7
1198400 1721.7
1198410 1724.6
1198420 1727.6
1198430 1730.5
1198440 1730.5
1198450 1733.8
1198460 1737.4
1198470 1737.4
1198480 1741.6
1198490 1745.7
1198500 1745.7
1198510 1749.8
1198520 1753.8
1198530 1753.8
1198540 1758.1
1198550 1763.5
1198560 1766.9
1198570 1773.3
1198580 1779.3
1198590 1779.3
1198600 1785.0
1198610 1790.7
1198620 1790.7
1198630 1795.7
1198640 1800.0
1198650 1800.0
1198660 1803.6
1198670 1807.3
1198680 1812.2
1198690 1812.2
1198700 1818.6
1198710 1825.6
1198720 1825.6
1198730 1833.6
1198740 1838.4
1198750 1838.4
1198760 1845.7
1198770 1853.3
1198780 1853.3
1198790 1858.4
1198800 1863.4
1198810 1863.4
1198820 1868.9
1198830 1874.8
1198840 1874.8
1198850 1879.4
1198860 1883.8
1198870 1883.8
1198880 1887.7
1198890 1891.2
1198900 1891.2
1198910 1896.3
1198920 1903.0
1198930 1909.0
1198940 1909.0
1198950 1914.5
1198960 1918.5
1198970 1918.5
1198980 1921.2
1198990 1924.0
1199000 1924.0
1199010 1926.8
1199020 1929.8
1199030 1929.8
1199040 1932.9
1199050 1936.3
1199060 1936.3
1199070 1939.7
1199080 1943.2
1199090 1943.2
1199100 1946.7
1199110 1949.4
1199120 1949.4
1199130 1951.5
1199140 1954.3
1199150 1959.6
1199160 1959.6
1199170 1965.0
1199180 1968.1
1199190 1968.1
1199200 1969.8
1199210 1970.7
1199220 1970.7
1199230 1971.6
1199240 1973.0
1199250 1973.0
1199260 1974.9
1199270 1977.2
1199280 1977.2
1199290 1980.4
1199300 1984.4
1199310 1984.4
1199320 1990.2
1199330 1995.3
1199340 1995.3
1199350 2000.1
1199360 2004.8
1199370 2004.8
1199380 2010.4
1199390 2016.8
1199400 2023.0
1199410 2023.0
1199420 2028.6
1199430 2034.2
1199440 2034.2
1199450 2040.2
1199460 2043.5
1199470 2043.5
1199480 2046.1
1199490 2049.0
1199500 2049.0
1199510 2053.4
1199520 2058.2
1199530 2058.2
1199540 2062.3
1199550 2065.6
1199560 2065.6
1199570 2068.5
1199580 2071.7
1199590 2071.7
1199600 2074.9
1199610 2078.7
1199620 2078.7
1199630 2082.7
1199640 2086.7
1199650 2090.3
1199660 2090.3
1199670 2094.1
1199680 2098.9
1199690 2098.9
1199700 2102.8
1199710 2105.3
1199720 2105.3
1199730 2111.6
1199740 2119.0
1199750 2119.0
1199760 2126.4
1199770 2131.3
1199780 2131.3
1199790 2136.6
1199800 2141.5
1199810 2141.5
1199820 2145.8
1199830 2150.1
1199840 2150.1
1199850 2154.8
1199860 2160.7
1199870 2160.7
1199880 2165.0
1199890 2168.6
1199900 2173.5
1199910 2173.5
1199920 2177.1
1199930 2179.5
1199940 2179.5
1199950 2181.0
1199960 2180.1
1199970 2180.1
1199980 2177.5
1199990 2177.5
