1180000 820.0
1180010 821.2
1180020 822.3
1180030 822.3
1180040 824.7
1180050 827.9
1180060 827.9
1180070 831.1
1180080 834.3
1180090 834.3
1180100 838.2
1180110 841.8
1180120 841.8
1180130 847.8
1180140 855.2
1180150 855.2
1180160 857.5
1180170 855.1
1180180 855.1
1180190 852.4
1180200 852.2
1180210 853.0
1180220 853.0
1180230 856.0
1180240 862.0
1180250 862.0
1180260 870.1
1180270 875.3
1180280 875.3
1180290 878.1
1180300 891.1
1180310 891.1
1180320 891.2
1180330 887.2
1180340 887.2
1180350 883.6
1180360 881.0
1180370 881.0
1180380 881.6
1180390 883.7
1180400 883.7
1180410 889.8
1180420 894.7
1180430 899.5
1180440 899.5
1180450 905.6
1180460 908.5
1180470 908.5
1180480 908.8
1180490 911.2
1180500 911.2
1180510 916.5
1180520 928.9
1180530 928.9
1180540 943.3
1180550 952.5
1180560 952.5
1180570 961.3
1180580 965.8
1180590 965.8
1180600 966.4
1180610 964.3
1180620 964.3
1180630 962.5
1180640 961.4
1180650 961.4
1180660 960.7
1180670 959.6
1180680 956.9
1180690 956.9
1180700 950.5
1180710 944.4
1180720 949.8
1180730 944.3
1180740 939.5
1180750 939.5
1180760 936.0
1180770 932.6
1180780 932.6
1180790 930.2
1180800 928.5
1180810 928.5
1180820 926.3
1180830 924.5
1180840 924.5
1180850 922.4
1180860 919.3
1180870 919.3
1180880 916.5
1180890 913.9
1180900 913.9
1180910 911.6
1180920 909.0
1180930 904.8
1180940 904.8
1180950 906.3
1180960 911.1
1180970 911.1
1180980 913.1
1180990 915.6
1181000 915.6
1181010 918.2
1181020 920.7
1181030 920.7
1181040 922.9
1181050 924.3
1181060 924.3
1181070 924.7
1181080 925.0
1181090 925.0
1181100 926.0
1181110 926.8
1181120 926.8
1181130 928.3
1181140 935.9
1181150 935.9
1181160 938.3
1181170 936.7
1181180 942.9
1181190 942.9
1181200 946.9
1181210 950.1
1181220 950.1
1181230 953.4
1181240 956.1
1181250 956.1
1181260 959.2
1181270 962.9
1181280 962.9
1181290 966.3
1181300 969.5
1181310 969.5
1181320 972.8
1181330 975.9
1181340 975.9
1181350 979.4
1181360 983.0
1181370 983.0
1181380 986.5
1181390 990.9
1181400 995.4
1181410 995.4
1181420 999.3
1181430 1003.2
1181440 1003.2
1181450 1006.3
1181460 1008.2
1181470 1008.2
1181480 1009.5
1181490 1009.7
1181500 1009.7
1181510 1010.8
1181520 1013.3
1181530 1013.3
1181540 1018.2
1181550 1023.8
1181560 1027.5
1181570 1032.3
1181580 1036.6
1181590 1036.6
1181600 1040.5
1181610 1046.2
1181620 1046.2
1181630 1053.2
1181640 1060.8
1181650 1065.9
1181660 1065.9
1181670 1070.7
1181680 1073.2
1181690 1073.2
1181700 1074.4
1181710 1075.9
1181720 1075.9
1181730 1077.7
1181740 1079.2
1181750 1079.2
1181760 1080.6
1181770 1082.1
1181780 1082.1
1181790 1083.7
1181800 1085.4
1181810 1085.4
1181820 1086.8
1181830 1087.5
1181840 1087.5
1181850 1088.4
1181860 1089.9
1181870 1089.9
1181880 1091.7
1181890 1094.2
1181900 1096.6
1181910 1096.6
1181920 1099.8
1181930 1103.0
1181940 1103.0
1181950 1106.7
1181960 1111.1
1181970 1111.1
1181980 1119.7
1181990 1125.1
1182000 1125.1
1182010 1131.3
1182020 1138.0
1182030 1138.0
1182040 1145.9
1182050 1154.2
1182060 1154.2
1182070 1162.7
1182080 1172.8
1182090 1172.8
1182100 1179.0
1182110 1182.3
1182120 1182.3
1182130 1185.1
1182140 1188.1
1182150 1191.1
1182160 1191.1
1182170 1194.4
1182180 1198.1
1182190 1198.1
1182200 1202.6
1182210 1206.9
1182220 1206.9
1182230 1210.1
1182240 1213.0
1182250 1213.0
1182260 1215.6
1182270 1217.5
1182280 1217.5
1182290 1219.6
1182300 1222.0
1182310 1222.0
1182320 1223.9
1182330 1225.1
1182340 1225.1
1182350 1225.9
1182360 1226.5
1182370 1226.9
1182380 1226.9
1182390 1227.0
1182400 1229.7
1182410 1229.7
1182420 1229.7
1182430 1232.3
1182440 1232.3
1182450 1237.0
1182460 1241.3
1182470 1241.3
1182480 1244.7
1182490 1246.2
1182500 1246.2
1182510 1247.3
1182520 1247.3
1182530 1247.3
1182540 1247.0
1182550 1248.3
1182560 1248.3
1182570 1251.4
1182580 1256.4
1182590 1256.4
1182600 1262.1
1182610 1266.7
1182620 1267.9
1182630 1267.9
1182640 1267.2
1182650 1267.8
1182660 1267.8
1182670 1267.8
1182680 1266.6
1182690 1266.6
1182700 1264.0
1182710 1259.7
1182720 1259.7
1182730 1255.4
1182740 1253.4
1182750 1253.4
1182760 1253.8
1182770 1258.2
1182780 1258.2
1182790 1264.1
1182800 1268.7
1182810 1268.7
1182820 1273.4
1182830 1273.9
1182840 1273.9
1182850 1271.7
1182860 1267.1
1182870 1263.6
1182880 1263.6
1182890 1262.0
1182900 1261.0
1182910 1261.0
1182920 1260.3
1182930 1260.3
1182940 1260.3
1182950 1260.4
1182960 1260.2
1182970 1260.2
1182980 1260.2
1182990 1259.7
1183000 1259.7
1183010 1257.3
1183020 1259.7
1183030 1259.7
1183040 1265.5
1183050 1268.9
1183060 1268.9
1183070 1269.1
1183080 1266.3
1183090 1266.3
1183100 1262.2
1183110 1257.5
1183120 1255.4
1183130 1255.4
1183140 1253.5
1183150 1250.1
1183160 1250.1
1183170 1247.3
1183180 1243.3
1183190 1243.3
1183200 1241.1
1183210 1238.5
1183220 1238.5
1183230 1231.9
1183240 1233.6
1183250 1233.6
1183260 1225.5
1183270 1219.5
1183280 1219.5
1183290 1219.8
1183300 1229.6
1183310 1229.6
1183320 1240.8
1183330 1248.2
1183340 1252.9
1183350 1252.9
1183360 1257.7
1183370 1263.0
1183380 1263.0
1183390 1269.7
1183400 1276.4
1183410 1276.4
1183420 1283.3
1183430 1291.0
1183440 1291.0
1183450 1299.0
1183460 1306.2
1183470 1306.2
1183480 1313.6
1183490 1323.2
1183500 1323.2
1183510 1333.7
1183520 1342.0
1183530 1342.0
1183540 1349.2
1183550 1355.1
1183560 1355.1
1183570 1358.8
1183580 1363.0
1183590 1369.4
1183600 1369.4
1183610 1378.0
1183620 1385.0
1183630 1385.0
1183640 1390.8
1183650 1396.9
1183660 1394.3
1183670 1402.6
1183680 1409.6
1183690 1409.6
1183700 1415.7
1183710 1421.6
1183720 1421.6
1183730 1427.2
1183740 1431.5
1183750 1431.5
1183760 1435.6
1183770 1439.6
1183780 1439.6
1183790 1443.3
1183800 1446.1
1183810 1446.1
1183820 1449.7
1183830 1452.8
1183840 1455.0
1183850 1455.0
1183860 1456.8
1183870 1459.2
1183880 1459.2
1183890 1462.5
1183900 1466.6
1183910 1466.6
1183920 1470.7
1183930 1474.6
1183940 1474.6
1183950 1478.4
1183960 1482.6
1183970 1482.6
1183980 1487.0
1183990 1491.3
1184000 1491.3
1184010 1495.0
1184020 1498.4
1184030 1498.4
1184040 1501.6
1184050 1504.2
1184060 1506.4
1184070 1506.4
1184080 1511.4
1184090 1512.5
1184100 1512.5
1184110 1512.6
1184120 1511.7
1184130 1511.7
1184140 1509.9
1184150 1508.0
1184160 1508.0
1184170 1506.3
1184180 1505.1
1184190 1505.1
1184200 1504.3
1184210 1503.0
1184220 1503.0
1184230 1501.7
1184240 1500.6
1184250 1500.6
1184260 1499.0
1184270 1496.8
1184280 1496.8
1184290 1492.7
1184300 1487.9
1184310 1484.7
1184320 1484.7
1184330 1481.3
1184340 1477.9
1184350 1477.9
1184360 1474.8
1184370 1471.6
1184380 1471.6
1184390 1468.4
1184400 1464.2
1184410 1464.2
1184420 1459.8
1184430 1455.4
1184440 1455.4
1184450 1451.6
1184460 1448.2
1184470 1448.2
1184480 1445.8
1184490 1443.7
1184500 1443.7
1184510 1445.6
1184520 1441.9
1184530 1441.9
1184540 1438.6
1184550 1436.2
1184560 1434.4
1184570 1434.4
1184580 1431.6
1184590 1429.0
1184600 1429.0
1184610 1426.2
1184620 1423.2
1184630 1423.2
1184640 1419.9
1184650 1418.0
1184660 1418.0
1184670 1416.6
1184680 1415.0
1184690 1415.0
1184700 1413.5
1184710 1412.2
1184720 1412.2
1184730 1410.6
1184740 1408.9
1184750 1408.9
1184760 1407.6
1184770 1405.4
1184780 1405.4
1184790 1402.5
1184800 1400.6
1184810 1399.3
1184820 1399.3
1184830 1398.1
1184840 1395.8
1184850 1395.8
1184860 1393.4
1184870 1390.8
1184880 1390.8
1184890 1386.8
1184900 1386.7
1184910 1386.7
1184920 1389.1
1184930 1395.3
1184940 1395.3
1184950 1395.1
1184960 1393.0
1184970 1393.0
1184980 1389.3
1184990 1384.5
1185000 1384.5
1185010 1376.4
1185020 1369.6
1185030 1363.2
1185040 1363.2
1185050 1363.4
1185060 1368.8
1185070 1368.8
1185080 1373.4
1185090 1378.0
1185100 1378.0
1185110 1380.9
1185120 1382.2
1185130 1382.2
1185140 1381.1
1185150 1379.2
1185160 1379.2
1185170 1374.5
1185180 1369.2
1185190 1369.2
1185200 1367.3
1185210 1366.2
1185220 1366.2
1185230 1362.8
1185240 1358.5
1185250 1358.5
1185260 1353.7
1185270 1349.8
1185280 1349.6
1185290 1349.6
1185300 1353.4
1185310 1358.9
1185320 1358.9
1185330 1364.0
1185340 1362.3
1185350 1366.6
1185360 1363.6
1185370 1360.8
1185380 1360.8
1185390 1356.1
1185400 1353.0
1185410 1353.0
1185420 1350.2
1185430 1345.7
1185440 1345.7
1185450 1339.9
1185460 1332.9
1185470 1332.9
1185480 1326.7
1185490 1320.2
1185500 1320.2
1185510 1311.6
1185520 1303.5
1185530 1303.9
1185540 1303.9
1185550 1305.6
1185560 1311.8
1185570 1311.8
1185580 1316.6
1185590 1320.7
1185600 1320.7
1185610 1322.9
1185620 1324.8
1185630 1324.8
1185640 1326.1
1185650 1326.0
1185660 1326.0
1185670 1323.6
1185680 1321.6
1185690 1321.6
1185700 1321.6
1185710 1324.2
1185720 1324.2
1185730 1330.5
1185740 1338.0
1185750 1338.0
1185760 1345.7
1185770 1354.0
1185780 1357.0
1185790 1357.0
1185800 1361.1
1185810 1366.7
1185820 1366.7
1185830 1372.1
1185840 1376.7
1185850 1376.7
1185860 1384.3
1185870 1392.3
1185880 1392.3
1185890 1401.0
1185900 1409.6
1185910 1409.6
1185920 1414.8
1185930 1417.6
1185940 1417.6
1185950 1418.9
1185960 1422.0
1185970 1422.0
1185980 1424.5
1185990 1426.2
1186000 1429.2
1186010 1429.2
1186020 1434.0
1186030 1440.9
1186040 1440.9
1186050 1448.4
1186060 1453.8
1186070 1453.8
1186080 1458.3
1186090 1463.7
1186100 1463.7
1186110 1470.3
1186120 1475.3
1186130 1475.3
1186140 1479.3
1186150 1482.7
1186160 1482.7
1186170 1485.8
1186180 1490.7
1186190 1490.7
1186200 1496.1
1186210 1496.5
1186220 1496.5
1186230 1502.5
1186240 1509.1
1186250 1514.8
1186260 1514.8
1186270 1519.9
1186280 1524.4
1186290 1524.4
1186300 1529.3
1186310 1534.5
1186320 1534.5
1186330 1540.4
1186340 1545.4
1186350 1545.4
1186360 1550.3
1186370 1555.1
1186380 1555.1
1186390 1558.1
1186400 1561.9
1186410 1561.9
1186420 1569.3
1186430 1575.7
1186440 1575.7
1186450 1580.1
1186460 1585.4
1186470 1585.4
1186480 1592.2
1186490 1597.9
1186500 1604.2
1186510 1604.2
1186520 1612.9
1186530 1621.2
1186540 1621.2
1186550 1626.5
1186560 1631.1
1186570 1631.1
1186580 1632.9
1186590 1633.1
1186600 1633.1
1186610 1636.8
1186620 1644.9
1186630 1640.9
1186640 1646.7
1186650 1651.4
1186660 1651.4
1186670 1657.6
1186680 1663.9
1186690 1663.9
1186700 1669.7
1186710 1675.1
1186720 1675.1
1186730 1680.0
1186740 1684.2
1186750 1688.1
1186760 1688.1
1186770 1691.7
1186780 1696.8
1186790 1696.8
1186800 1701.6
1186810 1706.1
1186820 1706.1
1186830 1711.6
1186840 1718.2
1186850 1718.2
1186860 1722.8
1186870 1727.5
1186880 1727.5
1186890 1732.3
1186900 1737.8
1186910 1737.8
1186920 1743.8
1186930 1752.6
1186940 1752.6
1186950 1761.5
1186960 1769.3
1186970 1773.0
1186980 1773.0
1186990 1774.2
1187000 1777.3
1187010 1777.3
1187020 1779.2
1187030 1780.6
1187040 1780.6
1187050 1786.6
1187060 1787.6
1187070 1787.6
1187080 1789.8
1187090 1793.1
1187100 1793.1
1187110 1798.2
1187120 1804.7
1187130 1804.7
1187140 1811.3
1187150 1819.2
1187160 1819.2
1187170 1827.1
1187180 1832.2
1187190 1832.2
1187200 1838.9
1187210 1849.3
1187220 1855.6
1187230 1855.6
1187240 1862.2
1187250 1868.6
1187260 1868.6
1187270 1877.8
1187280 1883.6
1187290 1883.6
1187300 1886.5
1187310 1891.8
1187320 1891.8
1187330 1898.4
1187340 1907.2
1187350 1907.2
1187360 1918.1
1187370 1929.2
1187380 1929.2
1187390 1939.1
1187400 1948.2
1187410 1948.2
1187420 1956.7
1187430 1963.4
1187440 1963.4
1187450 1970.0
1187460 1977.6
1187470 1984.8
1187480 1984.4
1187490 1990.8
1187500 1997.8
1187510 1997.8
1187520 2005.2
1187530 2011.8
1187540 2011.8
1187550 2018.2
1187560 2024.8
1187570 2024.8
1187580 2031.2
1187590 2037.4
1187600 2037.4
1187610 2044.0
1187620 2050.7
1187630 2050.7
1187640 2057.1
1187650 2064.0
1187660 2064.0
1187670 2070.9
1187680 2078.0
1187690 2085.3
1187700 2085.3
1187710 2092.9
1187720 2100.2
1187730 2100.2
1187740 2108.0
1187750 2114.6
1187760 2114.6
1187770 2120.6
1187780 2128.4
1187790 2128.4
1187800 2136.1
1187810 2143.2
1187820 2143.2
1187830 2148.6
1187840 2154.3
1187850 2154.3
1187860 2159.8
1187870 2164.8
1187880 2164.8
1187890 2169.5
1187900 2174.4
1187910 2173.8
1187920 2178.7
1187930 2182.1
1187940 2185.4
1187950 2185.4
1187960 2190.0
1187970 2195.8
1187980 2195.8
1187990 2202.1
1188000 2209.7
1188010 2209.7
1188020 2217.3
1188030 2227.8
1188040 2227.8
1188050 2238.3
1188060 2245.9
1188070 2245.9
1188080 2252.0
1188090 2254.7
1188100 2254.7
1188110 2254.4
1188120 2252.1
1188130 2252.1
1188140 2248.8
1188150 2246.0
1188160 2246.0
1188170 2244.1
1188180 2243.4
1188190 2243.4
1188200 2243.4
1188210 2243.0
1188220 2242.5
1188230 2242.5
1188240 2241.7
1188250 2240.7
1188260 2240.7
1188270 2240.1
1188280 2240.1
1188290 2240.1
1188300 2240.8
1188310 2241.4
1188320 2241.4
1188330 2241.7
1188340 2243.3
1188350 2243.3
1188360 2241.8
1188370 2240.0
1188380 2240.0
1188390 2238.1
1188400 2235.8
1188410 2235.8
1188420 2233.1
1188430 2229.4
1188440 2223.3
1188450 2223.3
1188460 2217.0
1188470 2210.4
1188480 2210.4
1188490 2203.6
1188500 2197.3
1188510 2197.3
1188520 2190.6
1188530 2183.7
1188540 2183.7
1188550 2177.4
1188560 2171.1
1188570 2171.1
1188580 2164.8
1188590 2158.5
1188600 2158.5
1188610 2152.2
1188620 2146.1
1188630 2146.1
1188640 2139.7
1188650 2133.2
1188660 2127.1
1188670 2127.1
1188680 2120.8
1188690 2114.8
1188700 2114.8
1188710 2109.4
1188720 2103.7
1188730 2103.7
1188740 2098.0
1188750 2092.9
1188760 2092.9
1188770 2087.5
1188780 2083.2
1188790 2083.2
1188800 2079.2
1188810 2076.0
1188820 2076.0
1188830 2073.5
1188840 2071.5
1188850 2071.5
1188860 2069.9
1188870 2068.0
1188880 2068.0
1188890 2066.6
1188900 2066.3
1188910 2066.2
1188920 2066.2
1188930 2065.5
1188940 2065.0
1188950 2065.0
1188960 2067.6
1188970 2070.4
1188980 2070.4
1188990 2070.0
1189000 2070.0
1189010 2070.0
1189020 2070.3
1189030 2071.7
1189040 2071.7
1189050 2074.7
1189060 2078.7
1189070 2078.7
1189080 2082.3
1189090 2086.7
1189100 2086.7
1189110 2090.8
1189120 2094.7
1189130 2094.7
1189140 2095.7
1189150 2093.8
1189160 2093.2
1189170 2093.2
1189180 2095.2
1189190 2098.2
1189200 2103.5
1189210 2104.8
1189220 2104.6
1189230 2104.6
1189240 2106.0
1189250 2109.2
1189260 2109.2
1189270 2113.7
1189280 2119.3
1189290 2119.3
1189300 2124.8
1189310 2130.2
1189320 2130.2
1189330 2135.4
1189340 2141.1
1189350 2141.1
1189360 2147.6
1189370 2154.6
1189380 2154.6
1189390 2162.2
1189400 2170.1
1189410 2177.8
1189420 2177.8
1189430 2184.1
1189440 2189.4
1189450 2189.4
1189460 2194.8
1189470 2200.9
1189480 2200.9
1189490 2207.5
1189500 2211.7
1189510 2211.7
1189520 2210.8
1189530 2208.3
1189540 2208.3
1189550 2207.3
1189560 2201.9
1189570 2201.9
1189580 2198.4
1189590 2196.5
1189600 2196.5
1189610 2193.9
1189620 2187.9
1189630 2185.4
1189640 2185.4
1189650 2187.1
1189660 2187.6
1189670 2187.6
1189680 2188.8
1189690 2186.4
1189700 2186.4
1189710 2180.0
1189720 2175.1
1189730 2175.1
1189740 2170.9
1189750 2165.8
1189760 2165.8
1189770 2162.0
1189780 2158.7
1189790 2158.7
1189800 2155.0
1189810 2152.5
1189820 2152.5
1189830 2149.8
1189840 2144.2
1189850 2144.2
1189860 2139.1
1189870 2134.1
1189880 2127.6
1189890 2127.6
1189900 2120.6
1189910 2115.9
1189920 2115.9
1189930 2113.0
1189940 2109.0
1189950 2109.0
1189960 2104.8
1189970 2098.7
1189980 2098.7
1189990 2090.0
1190000 2082.9
1190010 2082.9
1190020 2077.4
1190030 2072.0
1190040 2072.0
1190050 2068.4
1190060 2066.3
1190070 2066.3
1190080 2066.9
1190090 2066.8
1190100 2066.8
1190110 2065.6
1190120 2063.1
1190130 2057.3
1190140 2057.3
1190150 2053.3
1190160 2051.7
1190170 2051.7
1190180 2050.4
1190190 2047.7
1190200 2047.7
1190210 2041.8
1190220 2035.4
1190230 2035.4
1190240 2031.6
1190250 2027.4
1190260 2027.4
1190270 2023.6
1190280 2020.5
1190290 2020.5
1190300 2016.8
1190310 2014.2
1190320 2014.2
1190330 2011.4
1190340 2007.3
1190350 2002.3
1190360 2002.3
1190370 1995.7
1190380 1989.9
1190390 1989.9
1190400 1985.8
1190410 1981.7
1190420 1981.7
1190430 1977.7
1190440 1973.0
1190450 1973.0
1190460 1968.9
1190470 1963.2
1190480 1963.2
1190490 1957.1
1190500 1952.3
1190510 1952.3
1190520 1945.2
1190530 1940.2
1190540 1940.2
1190550 1937.4
1190560 1934.8
1190570 1934.8
1190580 1931.9
1190590 1927.7
1190600 1923.0
1190610 1923.0
1190620 1919.3
1190630 1915.1
1190640 1915.1
1190650 1911.8
1190660 1908.7
1190670 1908.7
1190680 1905.3
1190690 1901.7
1190700 1901.7
1190710 1898.6
1190720 1895.2
1190730 1895.2
1190740 1890.4
1190750 1885.2
1190760 1885.2
1190770 1879.8
1190780 1875.2
1190790 1875.2
1190800 1871.3
1190810 1866.5
1190820 1866.5
1190830 1861.6
1190840 1856.2
1190850 1850.7
1190860 1850.7
1190870 1845.4
1190880 1841.0
1190890 1841.0
1190900 1837.1
1190910 1833.6
1190920 1831.6
1190930 1828.6
1190940 1824.9
1190950 1824.9
1190960 1820.3
1190970 1816.4
1190980 1816.4
1190990 1813.4
1191000 1810.3
1191010 1810.3
1191020 1805.5
1191030 1801.0
1191040 1801.0
1191050 1797.2
1191060 1792.5
1191070 1792.5
1191080 1786.7
1191090 1780.9
1191100 1776.1
1191110 1776.1
1191120 1772.2
1191130 1768.0
1191140 1768.0
1191150 1763.9
1191160 1760.6
1191170 1760.6
1191180 1757.1
1191190 1753.7
1191200 1753.7
1191210 1750.9
1191220 1747.7
1191230 1747.7
1191240 1742.4
1191250 1736.0
1191260 1736.0
1191270 1729.4
1191280 1723.0
1191290 1723.0
1191300 1717.6
1191310 1713.6
1191320 1709.7
1191330 1709.7
1191340 1706.4
1191350 1703.9
1191360 1704.3
1191370 1701.4
1191380 1698.5
1191390 1698.5
1191400 1695.7
1191410 1693.4
1191420 1693.4
1191430 1691.5
1191440 1690.0
1191450 1690.0
1191460 1688.3
1191470 1686.8
1191480 1686.8
1191490 1685.1
1191500 1683.6
1191510 1683.6
1191520 1682.7
1191530 1681.5
1191540 1681.5
1191550 1679.6
1191560 1677.5
1191570 1675.6
1191580 1675.6
1191590 1674.4
1191600 1673.1
1191610 1673.1
1191620 1671.8
1191630 1669.8
1191640 1669.8
1191650 1665.4
1191660 1662.3
1191670 1662.3
1191680 1659.3
1191690 1655.2
1191700 1655.2
1191710 1650.6
1191720 1647.1
1191730 1647.1
1191740 1643.5
1191750 1639.3
1191760 1639.3
1191770 1635.4
1191780 1632.1
1191790 1631.1
1191800 1626.9
1191810 1621.8
1191820 1616.6
1191830 1616.6
1191840 1610.6
1191850 1604.9
1191860 1604.9
1191870 1598.8
1191880 1593.2
1191890 1593.2
1191900 1588.6
1191910 1584.5
1191920 1584.5
1191930 1580.8
1191940 1577.1
1191950 1577.1
1191960 1573.7
1191970 1570.0
1191980 1570.0
1191990 1565.3
1192000 1559.9
1192010 1559.9
1192020 1554.2
1192030 1549.6
1192040 1546.5
1192050 1546.5
1192060 1544.2
1192070 1540.8
1192080 1540.8
1192090 1536.6
1192100 1533.9
1192110 1533.9
1192120 1531.6
1192130 1528.3
1192140 1528.3
1192150 1523.9
1192160 1519.2
1192170 1519.2
1192180 1515.0
1192190 1512.4
1192200 1512.4
1192210 1510.8
1192220 1507.7
1192230 1507.3
1192240 1498.4
1192250 1492.3
1192260 1492.3
1192270 1488.8
1192280 1486.2
1192290 1484.6
1192300 1484.6
1192310 1483.5
1192320 1482.8
1192330 1482.8
1192340 1481.9
1192350 1480.2
1192360 1480.2
1192370 1477.2
1192380 1473.9
1192390 1473.9
1192400 1470.6
1192410 1467.5
1192420 1467.5
1192430 1463.5
1192440 1459.8
1192450 1459.8
1192460 1456.5
1192470 1453.9
1192480 1453.9
1192490 1451.5
1192500 1449.1
1192510 1449.1
1192520 1447.3
1192530 1446.1
1192540 1444.6
1192550 1444.6
1192560 1441.7
1192570 1438.4
1192580 1438.4
1192590 1436.0
1192600 1433.2
1192610 1433.2
1192620 1430.1
1192630 1426.5
1192640 1426.5
1192650 1422.0
1192660 1415.4
1192670 1415.4
1192680 1411.4
1192690 1408.3
1192700 1408.3
1192710 1406.5
1192720 1404.8
1192730 1404.8
1192740 1402.7
1192750 1400.6
1192760 1400.6
1192770 1399.0
1192780 1397.9
1192790 1396.4
1192800 1396.4
1192810 1394.1
1192820 1391.1
1192830 1391.1
1192840 1389.1
1192850 1384.9
1192860 1384.9
1192870 1377.2
1192880 1370.5
1192890 1370.5
1192900 1365.3
1192910 1360.9
1192920 1360.9
1192930 1356.5
1192940 1351.5
1192950 1351.5
1192960 1347.9
1192970 1345.2
1192980 1345.2
1192990 1342.6
1193000 1339.1
1193010 1335.9
1193020 1335.9
1193030 1332.8
1193040 1329.5
1193050 1329.5
1193060 1326.3
1193070 1323.2
1193080 1323.2
1193090 1320.2
1193100 1315.5
1193110 1315.5
1193120 1313.5
1193130 1311.1
1193140 1311.1
1193150 1308.9
1193160 1305.8
1193170 1305.8
1193180 1302.3
1193190 1299.3
1193200 1299.3
1193210 1297.1
1193220 1294.9
1193230 1294.9
1193240 1292.3
1193250 1288.8
1193260 1285.8
1193270 1285.8
1193280 1283.8
1193290 1281.8
1193300 1281.8
1193310 1278.8
1193320 1274.9
1193330 1274.9
1193340 1270.6
1193350 1265.2
1193360 1265.2
1193370 1259.4
1193380 1253.3
1193390 1253.3
1193400 1247.3
1193410 1242.4
1193420 1242.4
1193430 1239.0
1193440 1236.4
1193450 1236.4
1193460 1232.8
1193470 1228.5
1193480 1228.5
1193490 1224.5
1193500 1220.8
1193510 1217.7
1193520 1217.7
1193530 1213.8
1193540 1211.3
1193550 1211.3
1193560 1208.6
1193570 1205.4
1193580 1205.4
1193590 1202.4
1193600 1199.8
1193610 1199.8
1193620 1197.4
1193630 1195.1
1193640 1195.1
1193650 1192.5
1193660 1189.4
1193670 1189.4
1193680 1186.0
1193690 1182.5
1193700 1182.5
1193710 1179.2
1193720 1176.0
1193730 1176.0
1193740 1172.7
1193750 1169.3
1193760 1165.0
1193770 1165.0
1193780 1161.0
1193790 1157.5
1193800 1157.5
1193810 1154.2
1193820 1151.7
1193830 1151.7
1193840 1149.4
1193850 1147.1
1193860 1147.1
1193870 1144.8
1193880 1142.0
1193890 1142.0
1193900 1139.4
1193910 1136.9
1193920 1136.9
1193930 1134.5
1193940 1131.9
1193950 1131.9
1193960 1128.8
1193970 1126.0
1193980 1122.9
1193990 1122.9
1194000 1120.2
1194010 1117.6
1194020 1117.6
1194030 1115.5
1194040 1113.0
1194050 1113.0
1194060 1110.3
1194070 1107.9
1194080 1107.9
1194090 1104.1
1194100 1102.9
1194110 1102.9
1194120 1100.8
1194130 1099.6
1194140 1099.6
1194150 1094.4
1194160 1088.3
1194170 1088.3
1194180 1085.4
1194190 1081.2
1194200 1081.2
1194210 1076.8
1194220 1073.8
1194230 1070.3
1194240 1070.3
1194250 1064.2
1194260 1058.4
1194270 1058.4
1194280 1053.3
1194290 1048.7
1194300 1048.7
1194310 1044.5
1194320 1041.5
1194330 1041.5
1194340 1039.5
1194350 1036.3
1194360 1036.3
1194370 1032.5
1194380 1026.9
1194390 1026.9
1194400 1023.9
1194410 1024.0
1194420 1024.0
1194430 1022.3
1194440 1020.7
1194450 1020.7
1194460 1019.7
1194470 1018.1
1194480 1017.2
1194490 1017.2
1194500 1016.2
1194510 1015.0
1194520 1015.0
1194530 1013.8
1194540 1011.9
1194550 1011.9
1194560 1007.2
1194570 1005.3
1194580 1005.3
1194590 1004.9
1194600 1004.1
1194610 1004.1
1194620 1002.7
1194630 1001.6
1194640 1001.6
1194650 998.6
1194660 995.8
1194670 995.8
1194680 993.8
1194690 991.2
1194700 987.9
1194710 987.9
1194720 985.4
1194730 982.3
1194740 982.3
1194750 980.0
1194760 977.2
1194770 977.2
1194780 973.8
1194790 970.8
1194800 970.8
1194810 968.9
1194820 967.5
1194830 967.5
1194840 966.3
1194850 965.5
1194860 965.5
1194870 964.3
1194880 961.0
1194890 961.0
1194900 957.6
1194910 952.9
1194920 952.9
1194930 948.2
1194940 945.9
1194950 942.5
1194960 942.5
1194970 937.9
1194980 934.3
1194990 934.3
1195000 930.7
1195010 927.7
1195020 927.7
1195030 925.3
1195040 922.8
1195050 922.8
1195060 921.2
1195070 919.6
1195080 919.6
1195090 917.6
1195100 916.7
1195110 916.7
1195120 916.0
1195130 915.3
1195140 915.3
1195150 914.6
1195160 913.9
1195170 913.9
1195180 913.3
1195190 912.6
1195200 911.8
1195210 911.8
1195220 910.5
1195230 909.7
1195240 909.7
1195250 908.9
1195260 907.7
1195270 907.7
1195280 905.9
1195290 904.8
1195300 904.8
1195310 903.5
1195320 901.2
1195330 901.2
1195340 897.4
1195350 893.7
1195360 893.7
1195370 890.4
1195380 887.7
1195390 887.7
1195400 885.1
1195410 882.8
1195420 882.8
1195430 880.7
1195440 878.7
1195450 875.8
1195460 875.8
1195470 870.7
1195480 864.2
1195490 864.2
1195500 857.2
1195510 850.4
1195520 850.4
1195530 845.3
1195540 841.9
1195550 841.9
1195560 840.5
1195570 838.8
1195580 838.8
1195590 836.4
1195600 837.1
1195610 837.1
1195620 838.7
1195630 839.3
1195640 839.3
1195650 841.7
1195660 844.7
1195670 847.4
1195680 847.4
1195690 851.2
1195700 855.4
1195710 855.4
1195720 857.3
1195730 863.0
1195740 863.0
1195750 868.7
1195760 874.6
1195770 874.6
1195780 881.4
1195790 888.1
1195800 888.1
1195810 895.7
1195820 900.4
1195830 900.4
1195840 904.3
1195850 907.0
1195860 907.0
1195870 909.7
1195880 910.7
1195890 910.7
1195900 910.5
1195910 913.9
1195920 915.3
1195930 915.3
1195940 918.9
1195950 923.4
1195960 923.4
1195970 926.7
1195980 930.5
1195990 930.5
1196000 933.3
1196010 936.2
1196020 936.2
1196030 939.1
1196040 942.2
1196050 942.2
1196060 946.1
1196070 950.6
1196080 950.6
1196090 956.3
1196100 962.0
1196110 962.0
1196120 967.8
1196130 974.7
1196140 974.7
1196150 981.2
1196160 989.2
1196170 994.1
1196180 994.1
1196190 1000.4
1196200 1003.6
1196210 1003.6
1196220 1006.5
1196230 1012.0
1196240 1012.0
1196250 1018.2
1196260 1025.5
1196270 1025.5
1196280 1043.7
1196290 1073.9
1196300 1073.9
1196310 1083.1
1196320 1089.9
1196330 1089.9
1196340 1097.5
1196350 1101.0
1196360 1101.0
1196370 1101.8
1196380 1103.9
1196390 1106.3
1196400 1106.3
1196410 1109.7
1196420 1113.3
1196430 1113.3
1196440 1117.0
1196450 1120.9
1196460 1120.9
1196470 1125.5
1196480 1130.4
1196490 1130.4
1196500 1135.7
1196510 1140.8
1196520 1140.8
1196530 1148.3
1196540 1157.9
1196550 1157.9
1196560 1166.2
1196570 1173.7
1196580 1173.7
1196590 1177.6
1196600 1180.6
1196610 1177.6
1196620 1181.0
1196630 1184.9
1196640 1189.4
1196650 1189.4
1196660 1194.0
1196670 1198.8
1196680 1198.8
1196690 1203.3
1196700 1208.5
1196710 1208.5
1196720 1211.4
1196730 1213.8
1196740 1213.8
1196750 1217.0
1196760 1219.0
1196770 1219.0
1196780 1219.5
1196790 1222.1
1196800 1222.1
1196810 1225.4
1196820 1229.3
1196830 1229.3
1196840 1232.4
1196850 1233.8
1196860 1233.8
1196870 1234.8
1196880 1236.0
1196890 1237.3
1196900 1237.3
1196910 1238.6
1196920 1239.8
1196930 1239.8
1196940 1240.3
1196950 1241.3
1196960 1241.3
1196970 1244.4
1196980 1249.0
1196990 1249.0
1197000 1254.7
1197010 1260.1
1197020 1260.1
1197030 1265.1
1197040 1269.9
1197050 1271.8
1197060 1275.7
1197070 1279.9
1197080 1279.9
1197090 1283.7
1197100 1288.3
1197110 1294.1
1197120 1294.1
1197130 1298.4
1197140 1301.8
1197150 1301.8
1197160 1306.0
1197170 1310.1
1197180 1310.1
1197190 1314.3
1197200 1319.1
1197210 1319.1
1197220 1324.4
1197230 1330.1
1197240 1330.1
1197250 1337.2
1197260 1343.7
1197270 1343.7
1197280 1349.6
1197290 1355.3
1197300 1355.3
1197310 1361.7
1197320 1369.1
1197330 1369.1
1197340 1377.0
1197350 1386.2
1197360 1395.1
1197370 1395.1
1197380 1400.5
1197390 1404.7
1197400 1404.7
1197410 1408.6
1197420 1412.9
1197430 1412.9
1197440 1417.9
1197450 1424.0
1197460 1424.0
1197470 1430.1
1197480 1436.5
1197490 1440.4
1197500 1447.0
1197510 1454.9
1197520 1454.9
1197530 1459.4
1197540 1463.6
1197550 1463.6
1197560 1468.8
1197570 1472.8
1197580 1472.8
1197590 1475.7
1197600 1478.8
1197610 1482.0
1197620 1482.0
1197630 1485.3
1197640 1487.8
1197650 1487.8
1197660 1490.9
1197670 1494.6
1197680 1494.6
1197690 1498.4
1197700 1503.6
1197710 1503.6
1197720 1510.1
1197730 1517.4
1197740 1517.4
1197750 1523.3
1197760 1527.6
1197770 1527.6
1197780 1532.9
1197790 1537.6
1197800 1537.6
1197810 1541.9
1197820 1545.8
1197830 1545.8
1197840 1549.8
1197850 1553.2
1197860 1556.6
1197870 1556.6
1197880 1560.8
1197890 1565.0
1197900 1565.0
1197910 1569.4
1197920 1574.3
1197930 1578.8
1197940 1583.1
1197950 1585.6
1197960 1585.6
1197970 1589.7
1197980 1595.9
1197990 1595.9
1198000 1603.4
1198010 1610.4
1198020 1610.4
1198030 1618.0
1198040 1626.5
1198050 1626.5
1198060 1633.8
1198070 1639.6
1198080 1642.9
1198090 1642.9
1198100 1646.8
1198110 1651.2
1198120 1651.2
1198130 1655.6
1198140 1660.2
1198150 1660.2
1198160 1664.8
1198170 1669.1
1198180 1669.1
1198190 1673.6
1198200 1677.3
1198210 1677.3
1198220 1682.4
1198230 1687.3
1198240 1687.3
1198250 1692.0
1198260 1697.0
1198270 1697.0
1198280 1703.0
1198290 1708.8
1198300 1708.8
1198310 1713.8
1198320 1718.7
1198330 1722.3
1198340 1722.3
1198350 1725.4
1198360 1729.1
1198370 1730.6
1198380 1733.9
1198390 1736.6
1198400 1736.6
1198410 1740.0
1198420 1744.2
1198430 1744.2
1198440 1748.0
1198450 1751.0
1198460 1751.0
1198470 1753.5
1198480 1756.6
1198490 1756.6
1198500 1762.0
1198510 1768.7
1198520 1768.7
1198530 1776.0
1198540 1782.4
1198550 1782.4
1198560 1787.9
1198570 1793.1
1198580 1798.0
1198590 1798.0
1198600 1802.7
1198610 1807.3
1198620 1807.3
1198630 1811.1
1198640 1815.2
1198650 1815.2
1198660 1819.0
1198670 1822.7
1198680 1822.7
1198690 1827.6
1198700 1833.6
1198710 1833.6
1198720 1841.8
1198730 1849.6
1198740 1849.6
1198750 1854.1
1198760 1857.8
1198770 1857.8
1198780 1862.2
1198790 1867.7
1198800 1873.5
1198810 1873.5
1198820 1881.1
1198830 1886.7
1198840 1886.7
1198850 1892.0
1198860 1897.5
1198870 1897.5
1198880 1902.4
1198890 1906.1
1198900 1906.1
1198910 1908.8
1198920 1910.9
1198930 1910.9
1198940 1913.3
1198950 1916.0
1198960 1916.0
1198970 1918.9
1198980 1922.5
1198990 1922.5
1199000 1926.9
1199010 1931.4
1199020 1931.4
1199030 1935.9
1199040 1940.5
1199050 1944.6
1199060 1944.6
1199070 1946.9
1199080 1949.0
1199090 1949.0
1199100 1951.1
1199110 1953.7
1199120 1953.7
1199130 1957.2
1199140 1960.3
1199150 1960.3
1199160 1962.3
1199170 1964.2
1199180 1964.2
1199190 1966.9
1199200 1969.9
1199210 1969.9
1199220 1972.6
1199230 1975.3
1199240 1975.3
1199250 1979.2
1199260 1984.7
1199270 1984.7
1199280 1987.6
1199290 1991.1
1199300 1997.1
1199310 1997.1
1199320 2004.9
1199330 2011.6
1199340 2011.6
1199350 2018.5
1199360 2025.6
1199370 2025.6
1199380 2031.5
1199390 2035.4
1199400 2035.4
1199410 2038.7
1199420 2041.9
1199430 2041.9
1199440 2044.9
1199450 2047.1
1199460 2047.1
1199470 2049.2
1199480 2052.2
1199490 2052.2
1199500 2055.7
1199510 2059.5
1199520 2062.9
1199530 2062.9
1199540 2066.1
1199550 2069.5
1199560 2069.5
1199570 2072.9
1199580 2076.5
1199590 2076.5
1199600 2080.3
1199610 2083.8
1199620 2083.8
1199630 2087.3
1199640 2090.6
1199650 2090.6
1199660 2094.3
1199670 2098.9
1199680 2098.9
1199690 2106.7
1199700 2115.9
1199710 2119.7
1199720 2127.0
1199730 2132.6
1199740 2132.6
1199750 2138.1
1199760 2142.9
1199770 2147.1
1199780 2147.1
1199790 2151.2
1199800 2156.4
1199810 2156.4
1199820 2162.2
1199830 2166.7
1199840 2166.7
1199850 2170.7
1199860 2173.7
1199870 2173.7
1199880 2175.2
1199890 2176.3
1199900 2176.3
1199910 2178.4
1199920 2180.4
1199930 2180.4
1199940 2181.1
1199950 2179.3
1199960 2179.3
1199970 2180.4
1199980 2184.4
1199990 2184.4
