1180000 759.3
1180010 760.9
1180020 762.2
1180030 762.2
1180040 763.5
1180050 764.5
1180060 765.3
1180070 765.3
1180080 765.9
1180090 766.2
1180100 766.2
1180110 766.5
1180120 766.6
1180130 766.6
1180140 766.6
1180150 766.0
1180160 766.0
1180170 765.3
1180180 763.6
1180190 763.6
1180200 761.2
1180210 758.8
1180220 758.8
1180230 757.2
1180240 755.9
1180250 755.9
1180260 754.1
1180270 753.7
1180280 753.7
1180290 752.9
1180300 751.9
1180310 751.3
1180320 751.3
1180330 751.0
1180340 750.9
1180350 750.9
1180360 750.9
1180370 750.9
1180380 750.9
1180390 750.8
1180400 751.0
1180410 751.0
1180420 752.0
1180430 752.9
1180440 752.9
1180450 752.5
1180460 752.7
1180470 752.7
1180480 752.9
1180490 753.2
1180500 753.2
1180510 753.9
1180520 754.6
1180530 754.6
1180540 754.9
1180550 755.1
1180560 755.1
1180570 755.1
1180580 755.0
1180590 754.7
1180600 754.7
1180610 754.4
1180620 754.3
1180630 754.3
1180640 754.5
1180650 755.4
1180660 755.4
1180670 757.0
1180680 756.9
1180690 756.9
1180700 756.7
1180710 756.5
1180720 756.5
1180730 760.4
1180740 765.1
1180750 765.1
1180760 768.2
1180770 768.9
1180780 772.6
1180790 772.6
1180800 777.3
1180810 781.7
1180820 781.7
1180830 785.9
1180840 787.7
1180850 787.7
1180860 789.3
1180870 791.1
1180880 791.1
1180890 791.7
1180900 789.8
1180910 789.8
1180920 793.1
1180930 799.3
1180940 799.3
1180950 801.3
1180960 802.3
1180970 802.3
1180980 802.7
1180990 803.1
1181000 803.1
1181010 804.1
1181020 806.0
1181030 808.1
1181040 808.1
1181050 810.0
1181060 810.9
1181070 810.9
1181080 811.2
1181090 811.4
1181100 815.6
1181110 815.8
1181120 815.9
1181130 815.9
1181140 816.1
1181150 816.4
1181160 816.4
1181170 816.4
1181180 816.5
1181190 816.5
1181200 816.5
1181210 816.7
1181220 816.7
1181230 817.6
1181240 818.6
1181250 818.6
1181260 819.7
1181270 820.7
1181280 821.3
1181290 821.3
1181300 821.4
1181310 821.7
1181320 821.7
1181330 821.6
1181340 820.7
1181350 820.7
1181360 819.7
1181370 819.5
1181380 819.5
1181390 820.0
1181400 821.2
1181410 821.2
1181420 822.1
1181430 821.9
1181440 821.9
1181450 820.2
1181460 820.3
1181470 820.3
1181480 821.6
1181490 822.0
1181500 822.0
1181510 820.7
1181520 825.7
1181530 826.3
1181540 826.3
1181550 824.9
1181560 824.1
1181570 824.1
1181580 822.8
1181590 821.4
1181600 821.4
1181610 821.1
1181620 820.9
1181630 820.9
1181640 823.6
1181650 830.3
1181660 830.3
1181670 839.7
1181680 847.5
1181690 847.5
1181700 854.7
1181710 864.3
1181720 864.3
1181730 873.9
1181740 879.9
1181750 885.1
1181760 885.1
1181770 889.7
1181780 895.1
1181790 895.1
1181800 900.9
1181810 904.8
1181820 904.8
1181830 909.1
1181840 912.7
1181850 912.7
1181860 917.5
1181870 922.8
1181880 922.8
1181890 927.8
1181900 934.2
1181910 934.2
1181920 940.6
1181930 947.0
1181940 953.9
1181950 964.1
1181960 977.2
1181970 977.2
1181980 992.0
1181990 1003.1
1182000 1012.1
1182010 1012.1
1182020 1021.4
1182030 1027.2
1182040 1027.2
1182050 1030.1
1182060 1033.5
1182070 1033.5
1182080 1039.9
1182090 1048.5
1182100 1048.5
1182110 1058.2
1182120 1067.2
1182130 1067.2
1182140 1074.4
1182150 1086.0
1182160 1086.0
1182170 1099.6
1182180 1104.4
1182190 1104.4
1182200 1106.1
1182210 1107.5
1182220 1107.5
1182230 1108.1
1182240 1108.7
1182250 1109.7
1182260 1109.7
1182270 1110.2
1182280 1110.2
1182290 1110.2
1182300 1109.7
1182310 1108.8
1182320 1108.8
1182330 1109.1
1182340 1110.7
1182350 1110.7
1182360 1112.6
1182370 1112.8
1182380 1112.8
1182390 1112.5
1182400 1111.5
1182410 1111.5
1182420 1109.6
1182430 1109.1
1182440 1109.1
1182450 1109.9
1182460 1111.3
1182470 1111.3
1182480 1113.2
1182490 1115.3
1182500 1117.2
1182510 1117.2
1182520 1119.0
1182530 1120.3
1182540 1120.3
1182550 1121.6
1182560 1122.9
1182570 1122.9
1182580 1124.5
1182590 1126.3
1182600 1126.3
1182610 1127.7
1182620 1128.9
1182630 1128.9
1182640 1130.5
1182650 1133.4
1182660 1133.4
1182670 1137.3
1182680 1140.1
1182690 1140.1
1182700 1143.2
1182710 1145.7
1182720 1147.9
1182730 1147.9
1182740 1150.0
1182750 1152.2
1182760 1152.2
1182770 1154.0
1182780 1158.5
1182790 1158.5
1182800 1161.0
1182810 1164.8
1182820 1164.8
1182830 1169.5
1182840 1172.9
1182850 1172.9
1182860 1172.9
1182870 1167.8
1182880 1167.8
1182890 1163.0
1182900 1156.5
1182910 1156.5
1182920 1145.2
1182930 1139.9
1182940 1139.9
1182950 1135.4
1182960 1130.3
1182970 1125.7
1182980 1125.7
1182990 1126.8
1183000 1134.5
1183010 1134.5
1183020 1143.4
1183030 1148.5
1183040 1148.5
1183050 1161.5
1183060 1171.3
1183070 1171.3
1183080 1179.9
1183090 1188.7
1183100 1188.7
1183110 1197.5
1183120 1205.9
1183130 1205.9
1183140 1213.9
1183150 1221.5
1183160 1221.5
1183170 1226.0
1183180 1229.8
1183190 1229.8
1183200 1231.7
1183210 1241.2
1183220 1249.5
1183230 1249.5
1183240 1256.6
1183250 1262.6
1183260 1262.6
1183270 1268.1
1183280 1273.2
1183290 1273.2
1183300 1277.2
1183310 1281.0
1183320 1281.0
1183330 1284.2
1183340 1287.5
1183350 1287.5
1183360 1290.9
1183370 1294.9
1183380 1294.9
1183390 1299.3
1183400 1303.5
1183410 1303.5
1183420 1308.3
1183430 1313.7
1183440 1313.7
1183450 1319.7
1183460 1326.9
1183470 1333.2
1183480 1333.2
1183490 1337.2
1183500 1340.2
1183510 1340.2
1183520 1343.5
1183530 1347.3
1183540 1347.3
1183550 1350.9
1183560 1354.9
1183570 1354.9
1183580 1359.4
1183590 1363.4
1183600 1363.4
1183610 1367.5
1183620 1371.9
1183630 1374.7
1183640 1378.7
1183650 1382.8
1183660 1382.8
1183670 1387.3
1183680 1391.3
1183690 1393.6
1183700 1393.6
1183710 1396.1
1183720 1399.2
1183730 1399.2
1183740 1403.0
1183750 1406.3
1183760 1406.3
1183770 1410.0
1183780 1412.8
1183790 1412.8
1183800 1414.5
1183810 1415.9
1183820 1415.9
1183830 1417.1
1183840 1419.0
1183850 1419.0
1183860 1420.6
1183870 1420.5
1183880 1420.5
1183890 1419.6
1183900 1418.6
1183910 1418.6
1183920 1417.5
1183930 1416.4
1183940 1414.9
1183950 1414.9
1183960 1413.3
1183970 1411.1
1183980 1411.1
1183990 1408.8
1184000 1406.5
1184010 1406.5
1184020 1404.0
1184030 1401.6
1184040 1401.6
1184050 1403.6
1184060 1401.2
1184070 1401.2
1184080 1399.4
1184090 1398.0
1184100 1398.0
1184110 1397.2
1184120 1395.8
1184130 1395.8
1184140 1394.2
1184150 1392.4
1184160 1392.4
1184170 1390.5
1184180 1388.7
1184190 1387.7
1184200 1387.7
1184210 1386.9
1184220 1385.1
1184230 1385.1
1184240 1382.4
1184250 1379.3
1184260 1379.3
1184270 1376.1
1184280 1372.7
1184290 1372.7
1184300 1369.7
1184310 1367.1
1184320 1367.1
1184330 1364.4
1184340 1361.8
1184350 1361.8
1184360 1358.7
1184370 1354.4
1184380 1354.4
1184390 1349.7
1184400 1345.1
1184410 1345.1
1184420 1340.6
1184430 1336.7
1184440 1333.4
1184450 1333.4
1184460 1330.3
1184470 1336.9
1184480 1336.9
1184490 1338.9
1184500 1337.0
1184510 1337.0
1184520 1335.3
1184530 1334.5
1184540 1334.5
1184550 1334.8
1184560 1335.2
1184570 1335.2
1184580 1333.2
1184590 1328.6
1184600 1328.6
1184610 1323.9
1184620 1319.3
1184630 1319.3
1184640 1314.3
1184650 1310.5
1184660 1306.7
1184670 1306.7
1184680 1302.8
1184690 1298.6
1184700 1298.6
1184710 1294.5
1184720 1290.7
1184730 1290.7
1184740 1287.1
1184750 1283.6
1184760 1283.6
1184770 1280.3
1184780 1277.0
1184790 1277.0
1184800 1274.1
1184810 1271.5
1184820 1271.5
1184830 1268.1
1184840 1266.0
1184850 1266.0
1184860 1264.6
1184870 1263.5
1184880 1263.5
1184890 1268.0
1184900 1271.6
1184910 1275.3
1184920 1275.3
1184930 1277.7
1184940 1278.4
1184950 1278.4
1184960 1276.1
1184970 1267.9
1184980 1267.9
1184990 1259.5
1185000 1254.8
1185010 1254.8
1185020 1250.4
1185030 1245.4
1185040 1245.4
1185050 1240.0
1185060 1232.5
1185070 1232.5
1185080 1222.9
1185090 1220.0
1185100 1220.0
1185110 1223.1
1185120 1226.1
1185130 1226.1
1185140 1232.2
1185150 1237.1
1185160 1242.3
1185170 1242.3
1185180 1246.1
1185190 1247.2
1185200 1247.2
1185210 1247.8
1185220 1248.3
1185230 1248.3
1185240 1251.5
1185250 1257.2
1185260 1257.2
1185270 1262.8
1185280 1267.9
1185290 1267.9
1185300 1271.8
1185310 1273.1
1185320 1278.2
1185330 1279.6
1185340 1281.4
1185350 1281.4
1185360 1283.0
1185370 1283.4
1185380 1283.4
1185390 1281.2
1185400 1279.0
1185410 1278.0
1185420 1278.0
1185430 1281.1
1185440 1286.7
1185450 1286.7
1185460 1288.9
1185470 1285.0
1185480 1285.0
1185490 1279.7
1185500 1276.1
1185510 1276.1
1185520 1276.8
1185530 1280.2
1185540 1280.2
1185550 1285.7
1185560 1292.9
1185570 1292.9
1185580 1301.4
1185590 1310.0
1185600 1310.0
1185610 1319.0
1185620 1329.7
1185630 1339.6
1185640 1339.6
1185650 1346.9
1185660 1352.7
1185670 1352.7
1185680 1356.6
1185690 1360.7
1185700 1360.7
1185710 1364.5
1185720 1368.5
1185730 1368.5
1185740 1374.9
1185750 1379.2
1185760 1379.2
1185770 1383.8
1185780 1387.6
1185790 1387.6
1185800 1391.0
1185810 1394.3
1185820 1394.3
1185830 1398.8
1185840 1403.2
1185850 1403.2
1185860 1407.7
1185870 1413.7
1185880 1419.2
1185890 1419.2
1185900 1423.7
1185910 1429.1
1185920 1429.1
1185930 1434.0
1185940 1438.1
1185950 1438.1
1185960 1442.8
1185970 1447.0
1185980 1447.0
1185990 1451.7
1186000 1456.2
1186010 1456.2
1186020 1460.5
1186030 1464.9
1186040 1464.9
1186050 1469.4
1186060 1473.6
1186070 1473.6
1186080 1477.6
1186090 1481.4
1186100 1481.4
1186110 1484.9
1186120 1485.5
1186130 1488.7
1186140 1488.7
1186150 1492.5
1186160 1495.4
1186170 1504.1
1186180 1507.2
1186190 1509.7
1186200 1509.7
1186210 1512.4
1186220 1515.6
1186230 1515.6
1186240 1520.1
1186250 1524.4
1186260 1524.4
1186270 1528.5
1186280 1532.7
1186290 1532.7
1186300 1537.4
1186310 1543.5
1186320 1543.5
1186330 1549.6
1186340 1555.3
1186350 1555.3
1186360 1561.0
1186370 1567.4
1186380 1573.7
1186390 1573.7
1186400 1578.9
1186410 1582.4
1186420 1582.4
1186430 1587.3
1186440 1593.6
1186450 1593.6
1186460 1599.6
1186470 1606.1
1186480 1606.1
1186490 1612.7
1186500 1620.0
1186510 1620.0
1186520 1628.1
1186530 1636.0
1186540 1636.0
1186550 1643.9
1186560 1651.9
1186570 1651.9
1186580 1659.5
1186590 1670.2
1186600 1677.4
1186610 1677.4
1186620 1684.9
1186630 1691.7
1186640 1691.7
1186650 1697.4
1186660 1703.6
1186670 1703.6
1186680 1708.8
1186690 1714.0
1186700 1714.0
1186710 1719.4
1186720 1725.3
1186730 1725.3
1186740 1732.5
1186750 1740.0
1186760 1740.0
1186770 1747.5
1186780 1755.3
1186790 1755.3
1186800 1763.5
1186810 1771.5
1186820 1771.5
1186830 1780.4
1186840 1789.8
1186850 1799.4
1186860 1799.4
1186870 1807.4
1186880 1815.4
1186890 1815.4
1186900 1823.6
1186910 1830.2
1186920 1830.2
1186930 1836.0
1186940 1840.6
1186950 1840.6
1186960 1844.2
1186970 1847.4
1186980 1847.4
1186990 1850.6
1187000 1854.3
1187010 1854.3
1187020 1861.4
1187030 1864.5
1187040 1864.5
1187050 1867.3
1187060 1872.3
1187070 1872.3
1187080 1879.1
1187090 1885.4
1187100 1889.2
1187110 1889.2
1187120 1889.9
1187130 1891.3
1187140 1891.3
1187150 1894.9
1187160 1899.4
1187170 1899.4
1187180 1903.3
1187190 1907.6
1187200 1907.6
1187210 1912.7
1187220 1918.1
1187230 1918.1
1187240 1923.7
1187250 1929.3
1187260 1929.3
1187270 1934.7
1187280 1941.1
1187290 1941.1
1187300 1948.2
1187310 1956.7
1187320 1956.7
1187330 1965.7
1187340 1973.3
1187350 1981.6
1187360 1981.6
1187370 1990.1
1187380 1995.9
1187390 1995.9
1187400 2000.4
1187410 2005.2
1187420 2005.2
1187430 2008.9
1187440 2012.0
1187450 2020.1
1187460 2023.9
1187470 2027.8
1187480 2027.8
1187490 2032.7
1187500 2037.7
1187510 2037.7
1187520 2044.1
1187530 2053.5
1187540 2053.5
1187550 2062.4
1187560 2067.8
1187570 2074.1
1187580 2074.1
1187590 2082.0
1187600 2091.3
1187610 2091.3
1187620 2100.8
1187630 2109.2
1187640 2109.2
1187650 2115.4
1187660 2118.9
1187670 2118.9
1187680 2123.5
1187690 2131.5
1187700 2131.5
1187710 2139.0
1187720 2147.2
1187730 2147.2
1187740 2154.3
1187750 2156.2
1187760 2156.2
1187770 2157.7
1187780 2159.5
1187790 2159.5
1187800 2161.6
1187810 2163.4
1187820 2164.8
1187830 2164.8
1187840 2166.1
1187850 2167.4
1187860 2167.4
1187870 2168.2
1187880 2175.4
1187890 2175.4
1187900 2178.3
1187910 2181.0
1187920 2181.0
1187930 2182.5
1187940 2183.7
1187950 2183.7
1187960 2185.6
1187970 2186.1
1187980 2186.1
1187990 2185.5
1188000 2184.9
1188010 2184.9
1188020 2183.9
1188030 2182.2
1188040 2182.2
1188050 2180.9
1188060 2180.2
1188070 2178.8
1188080 2178.8
1188090 2176.7
1188100 2172.8
1188110 2172.8
1188120 2167.3
1188130 2162.6
1188140 2162.6
1188150 2158.4
1188160 2154.6
1188170 2154.6
1188180 2150.1
1188190 2146.4
1188200 2146.4
1188210 2143.0
1188220 2139.7
1188230 2139.7
1188240 2136.3
1188250 2133.2
1188260 2133.2
1188270 2129.8
1188280 2126.0
1188290 2126.0
1188300 2123.4
1188310 2118.3
1188320 2113.2
1188330 2113.2
1188340 2108.7
1188350 2103.7
1188360 2103.7
1188370 2098.5
1188380 2093.7
1188390 2093.7
1188400 2088.2
1188410 2082.2
1188420 2082.2
1188430 2075.8
1188440 2070.1
1188450 2070.1
1188460 2066.7
1188470 2064.6
1188480 2064.6
1188490 2063.5
1188500 2063.1
1188510 2063.1
1188520 2061.5
1188530 2059.7
1188540 2057.6
1188550 2057.6
1188560 2056.7
1188570 2056.9
1188580 2056.9
1188590 2055.5
1188600 2054.7
1188610 2054.7
1188620 2053.8
1188630 2053.4
1188640 2053.4
1188650 2054.3
1188660 2055.9
1188670 2055.9
1188680 2057.2
1188690 2057.0
1188700 2057.0
1188710 2056.5
1188720 2055.8
1188730 2060.8
1188740 2059.9
1188750 2058.8
1188760 2058.8
1188770 2057.4
1188780 2055.9
1188790 2054.6
1188800 2054.6
1188810 2053.1
1188820 2051.1
1188830 2051.1
1188840 2048.4
1188850 2045.8
1188860 2045.8
1188870 2043.7
1188880 2041.0
1188890 2041.0
1188900 2038.4
1188910 2035.4
1188920 2035.4
1188930 2032.9
1188940 2031.5
1188950 2031.5
1188960 2029.4
1188970 2026.6
1188980 2026.6
1188990 2024.6
1189000 2022.2
1189010 2022.2
1189020 2019.8
1189030 2017.5
1189040 2014.9
1189050 2014.9
1189060 2012.2
1189070 2010.2
1189080 2010.2
1189090 2008.2
1189100 2006.0
1189110 2006.0
1189120 2004.3
1189130 2001.8
1189140 2001.8
1189150 1998.2
1189160 1995.0
1189170 1995.0
1189180 1990.9
1189190 1990.1
1189200 1990.1
1189210 1992.3
1189220 1996.8
1189230 1996.8
1189240 2000.5
1189250 2003.5
1189260 2003.5
1189270 2006.3
1189280 2009.8
1189290 2012.7
1189300 2012.7
1189310 2015.3
1189320 2018.2
1189330 2018.2
1189340 2021.5
1189350 2024.2
1189360 2024.2
1189370 2023.5
1189380 2018.8
1189390 2018.8
1189400 2016.5
1189410 2016.6
1189420 2016.6
1189430 2016.4
1189440 2017.5
1189450 2017.5
1189460 2021.1
1189470 2025.3
1189480 2025.3
1189490 2028.2
1189500 2030.2
1189510 2034.2
1189520 2034.2
1189530 2039.3
1189540 2044.5
1189550 2044.5
1189560 2048.6
1189570 2052.5
1189580 2052.5
1189590 2059.0
1189600 2059.1
1189610 2059.1
1189620 2059.4
1189630 2059.7
1189640 2059.7
1189650 2059.7
1189660 2060.7
1189670 2060.7
1189680 2063.8
1189690 2068.8
1189700 2068.8
1189710 2074.0
1189720 2079.0
1189730 2079.0
1189740 2083.7
1189750 2087.3
1189760 2090.4
1189770 2090.4
1189780 2095.9
1189790 2101.5
1189800 2101.5
1189810 2107.7
1189820 2112.9
1189830 2112.9
1189840 2115.2
1189850 2116.0
1189860 2116.0
1189870 2116.6
1189880 2117.1
1189890 2117.1
1189900 2118.2
1189910 2118.8
1189920 2118.8
1189930 2119.0
1189940 2118.4
1189950 2118.4
1189960 2115.8
1189970 2111.6
1189980 2111.6
1189990 2107.4
1190000 2101.8
1190010 2095.1
1190020 2095.8
1190030 2092.0
1190040 2091.4
1190050 2091.4
1190060 2089.2
1190070 2086.8
1190080 2086.8
1190090 2083.7
1190100 2079.8
1190110 2079.8
1190120 2074.6
1190130 2069.1
1190140 2069.1
1190150 2064.8
1190160 2060.2
1190170 2060.2
1190180 2053.4
1190190 2048.1
1190200 2048.1
1190210 2044.1
1190220 2040.3
1190230 2040.3
1190240 2035.5
1190250 2029.9
1190260 2023.8
1190270 2023.8
1190280 2017.1
1190290 2009.5
1190300 2009.5
1190310 2001.7
1190320 1997.0
1190330 1997.0
1190340 1995.4
1190350 1994.2
1190360 1994.2
1190370 1992.9
1190380 1990.0
1190390 1990.0
1190400 1986.5
1190410 1984.8
1190420 1984.8
1190430 1982.7
1190440 1980.7
1190450 1980.7
1190460 1982.5
1190470 1979.5
1190480 1974.5
1190490 1974.5
1190500 1971.4
1190510 1969.9
1190520 1969.9
1190530 1967.8
1190540 1965.7
1190550 1965.7
1190560 1964.1
1190570 1962.8
1190580 1962.8
1190590 1961.0
1190600 1958.6
1190610 1958.6
1190620 1955.9
1190630 1953.9
1190640 1953.9
1190650 1952.2
1190660 1950.3
1190670 1950.3
1190680 1948.3
1190690 1946.5
1190700 1946.5
1190710 1943.3
1190720 1939.6
1190730 1936.2
1190740 1936.2
1190750 1932.0
1190760 1927.3
1190770 1927.3
1190780 1922.6
1190790 1919.2
1190800 1919.2
1190810 1916.5
1190820 1913.8
1190830 1913.8
1190840 1910.1
1190850 1905.3
1190860 1905.3
1190870 1900.1
1190880 1895.0
1190890 1895.3
1190900 1889.8
1190910 1884.0
1190920 1884.0
1190930 1878.3
1190940 1872.7
1190950 1872.7
1190960 1867.1
1190970 1862.1
1190980 1856.2
1190990 1856.2
1191000 1849.7
1191010 1843.8
1191020 1843.8
1191030 1839.2
1191040 1835.6
1191050 1835.6
1191060 1831.5
1191070 1827.0
1191080 1827.0
1191090 1823.1
1191100 1819.6
1191110 1819.6
1191120 1816.0
1191130 1812.5
1191140 1812.5
1191150 1809.3
1191160 1804.7
1191170 1804.7
1191180 1799.8
1191190 1796.4
1191200 1796.4
1191210 1794.9
1191220 1794.4
1191230 1793.5
1191240 1793.5
1191250 1792.5
1191260 1791.7
1191270 1791.7
1191280 1790.3
1191290 1788.5
1191300 1788.5
1191310 1786.8
1191320 1784.5
1191330 1784.5
1191340 1782.9
1191350 1781.5
1191360 1781.5
1191370 1779.2
1191380 1775.5
1191390 1775.5
1191400 1770.7
1191410 1764.5
1191420 1764.5
1191430 1758.9
1191440 1753.6
1191450 1748.1
1191460 1748.1
1191470 1743.7
1191480 1741.4
1191490 1741.4
1191500 1739.5
1191510 1738.1
1191520 1738.1
1191530 1735.6
1191540 1731.7
1191550 1731.7
1191560 1728.5
1191570 1725.2
1191580 1725.2
1191590 1720.5
1191600 1714.1
1191610 1714.1
1191620 1707.9
1191630 1704.0
1191640 1704.0
1191650 1700.8
1191660 1697.1
1191670 1697.1
1191680 1693.9
1191690 1690.8
1191700 1687.4
1191710 1687.4
1191720 1683.9
1191730 1680.6
1191740 1680.6
1191750 1676.5
1191760 1669.0
1191770 1669.0
1191780 1664.5
1191790 1659.7
1191800 1659.7
1191810 1655.0
1191820 1651.1
1191830 1651.1
1191840 1647.1
1191850 1642.8
1191860 1642.8
1191870 1638.1
1191880 1635.0
1191890 1635.0
1191900 1633.8
1191910 1631.2
1191920 1631.2
1191930 1628.4
1191940 1625.8
1191950 1622.7
1191960 1622.7
1191970 1618.9
1191980 1613.8
1191990 1613.8
1192000 1607.2
1192010 1599.6
1192020 1599.6
1192030 1592.6
1192040 1586.2
1192050 1586.2
1192060 1581.0
1192070 1576.2
1192080 1576.2
1192090 1571.5
1192100 1568.8
1192110 1568.8
1192120 1566.4
1192130 1562.7
1192140 1562.7
1192150 1558.6
1192160 1553.8
1192170 1553.8
1192180 1549.9
1192190 1544.5
1192200 1541.9
1192210 1541.9
1192220 1538.5
1192230 1533.7
1192240 1533.7
1192250 1527.9
1192260 1522.3
1192270 1522.3
1192280 1518.1
1192290 1514.0
1192300 1514.0
1192310 1510.4
1192320 1506.6
1192330 1506.6
1192340 1502.3
1192350 1500.2
1192360 1500.2
1192370 1500.4
1192380 1499.9
1192390 1499.9
1192400 1497.7
1192410 1495.1
1192420 1492.1
1192430 1492.1
1192440 1489.1
1192450 1487.3
1192460 1487.3
1192470 1484.9
1192480 1482.1
1192490 1482.1
1192500 1478.1
1192510 1473.4
1192520 1473.4
1192530 1471.6
1192540 1471.8
1192550 1471.8
1192560 1471.3
1192570 1469.1
1192580 1469.1
1192590 1465.7
1192600 1461.1
1192610 1461.1
1192620 1454.6
1192630 1448.2
1192640 1448.2
1192650 1442.8
1192660 1438.1
1192670 1435.0
1192680 1435.0
1192690 1433.1
1192700 1432.3
1192710 1432.3
1192720 1430.9
1192730 1428.8
1192740 1428.8
1192750 1426.6
1192760 1423.6
1192770 1423.6
1192780 1418.8
1192790 1412.6
1192800 1412.6
1192810 1406.5
1192820 1401.9
1192830 1401.9
1192840 1398.2
1192850 1394.9
1192860 1394.9
1192870 1391.9
1192880 1389.5
1192890 1389.5
1192900 1388.1
1192910 1387.0
1192920 1386.0
1192930 1386.0
1192940 1384.7
1192950 1380.6
1192960 1380.6
1192970 1373.9
1192980 1366.1
1192990 1366.1
1193000 1359.9
1193010 1358.5
1193020 1358.5
1193030 1359.3
1193040 1356.1
1193050 1356.1
1193060 1345.7
1193070 1339.4
1193080 1339.4
1193090 1334.7
1193100 1331.1
1193110 1331.1
1193120 1327.2
1193130 1323.9
1193140 1323.9
1193150 1320.4
1193160 1316.2
1193170 1310.9
1193180 1310.9
1193190 1303.9
1193200 1296.1
1193210 1296.1
1193220 1288.6
1193230 1284.2
1193240 1284.2
1193250 1280.6
1193260 1278.1
1193270 1278.1
1193280 1275.8
1193290 1273.9
1193300 1273.9
1193310 1272.1
1193320 1270.3
1193330 1270.3
1193340 1268.6
1193350 1266.8
1193360 1266.8
1193370 1265.1
1193380 1263.1
1193390 1261.4
1193400 1261.4
1193410 1259.3
1193420 1255.6
1193430 1255.6
1193440 1251.8
1193450 1248.9
1193460 1248.9
1193470 1245.6
1193480 1241.7
1193490 1241.7
1193500 1237.9
1193510 1234.3
1193520 1234.3
1193530 1229.7
1193540 1226.2
1193550 1226.2
1193560 1221.7
1193570 1217.4
1193580 1217.4
1193590 1213.4
1193600 1210.3
1193610 1210.3
1193620 1208.0
1193630 1205.2
1193640 1201.9
1193650 1201.9
1193660 1198.5
1193670 1195.8
1193680 1195.8
1193690 1193.0
1193700 1190.2
1193710 1190.2
1193720 1187.4
1193730 1184.3
1193740 1184.3
1193750 1181.0
1193760 1178.8
1193770 1178.8
1193780 1175.2
1193790 1172.3
1193800 1172.3
1193810 1169.4
1193820 1166.9
1193830 1166.9
1193840 1164.2
1193850 1160.1
1193860 1160.1
1193870 1155.4
1193880 1151.2
1193890 1148.2
1193900 1148.2
1193910 1145.3
1193920 1142.8
1193930 1142.7
1193940 1140.6
1193950 1138.9
1193960 1138.9
1193970 1137.3
1193980 1135.9
1193990 1135.9
1194000 1134.2
1194010 1131.9
1194020 1131.9
1194030 1129.4
1194040 1127.5
1194050 1127.5
1194060 1125.6
1194070 1123.4
1194080 1123.4
1194090 1121.1
1194100 1118.3
1194110 1118.3
1194120 1114.9
1194130 1111.5
1194140 1108.8
1194150 1108.8
1194160 1105.8
1194170 1103.3
1194180 1103.3
1194190 1100.7
1194200 1097.4
1194210 1097.4
1194220 1094.5
1194230 1091.1
1194240 1091.1
1194250 1087.2
1194260 1083.0
1194270 1083.0
1194280 1079.2
1194290 1076.1
1194300 1076.1
1194310 1072.9
1194320 1069.5
1194330 1069.5
1194340 1066.3
1194350 1062.9
1194360 1057.8
1194370 1056.1
1194380 1050.1
1194390 1043.4
1194400 1043.4
1194410 1038.3
1194420 1034.4
1194430 1034.4
1194440 1029.9
1194450 1023.2
1194460 1023.2
1194470 1017.2
1194480 1012.8
1194490 1012.8
1194500 1009.0
1194510 1004.9
1194520 1004.9
1194530 1001.4
1194540 997.9
1194550 997.9
1194560 994.9
1194570 992.4
1194580 992.4
1194590 990.3
1194600 988.9
1194610 987.4
1194620 987.4
1194630 984.6
1194640 982.8
1194650 982.8
1194660 981.5
1194670 979.7
1194680 979.7
1194690 978.0
1194700 976.7
1194710 976.7
1194720 975.3
1194730 974.1
1194740 974.1
1194750 973.3
1194760 972.4
1194770 972.4
1194780 971.1
1194790 969.3
1194800 969.3
1194810 967.7
1194820 965.0
1194830 965.0
1194840 963.6
1194850 961.8
1194860 960.0
1194870 960.0
1194880 958.7
1194890 957.2
1194900 957.2
1194910 955.6
1194920 954.1
1194930 954.1
1194940 952.5
1194950 950.5
1194960 950.5
1194970 948.6
1194980 946.4
1194990 946.4
1195000 944.1
1195010 941.7
1195020 941.7
1195030 939.5
1195040 937.3
1195050 937.3
1195060 935.6
1195070 934.5
1195080 934.5
1195090 933.4
1195100 931.6
1195110 929.8
1195120 929.8
1195130 928.3
1195140 926.4
1195150 926.4
1195160 924.2
1195170 920.9
1195180 920.9
1195190 918.3
1195200 915.8
1195210 915.8
1195220 912.8
1195230 909.3
1195240 909.3
1195250 905.6
1195260 903.3
1195270 903.3
1195280 901.7
1195290 901.3
1195300 901.3
1195310 901.1
1195320 900.4
1195330 899.0
1195340 899.0
1195350 897.5
1195360 895.6
1195370 895.6
1195380 893.8
1195390 890.3
1195400 890.3
1195410 886.7
1195420 882.1
1195430 882.1
1195440 878.7
1195450 876.1
1195460 876.1
1195470 874.1
1195480 872.5
1195490 872.5
1195500 870.9
1195510 868.8
1195520 868.8
1195530 866.7
1195540 865.2
1195550 865.2
1195560 863.8
1195570 860.4
1195580 855.5
1195590 855.5
1195600 850.9
1195610 846.2
1195620 846.2
1195630 842.1
1195640 838.6
1195650 838.6
1195660 836.1
1195670 833.9
1195680 833.9
1195690 828.2
1195700 827.5
1195710 827.5
1195720 832.8
1195730 842.1
1195740 842.1
1195750 848.6
1195760 853.1
1195770 853.1
1195780 858.1
1195790 862.0
1195800 862.0
1195810 867.3
1195820 871.6
1195830 875.5
1195840 875.5
1195850 879.5
1195860 884.1
1195870 884.1
1195880 889.1
1195890 894.3
1195900 894.3
1195910 900.6
1195920 907.4
1195930 907.4
1195940 913.3
1195950 919.2
1195960 919.2
1195970 924.9
1195980 927.8
1195990 927.8
1196000 929.7
1196010 932.9
1196020 932.9
1196030 937.2
1196040 941.0
1196050 944.5
1196060 944.5
1196070 947.7
1196080 949.1
1196090 949.1
1196100 949.7
1196110 950.0
1196120 950.0
1196130 950.3
1196140 950.7
1196150 950.7
1196160 951.2
1196170 951.6
1196180 951.6
1196190 951.8
1196200 951.1
1196210 951.1
1196220 950.3
1196230 950.2
1196240 950.2
1196250 950.6
1196260 951.0
1196270 951.0
1196280 951.8
1196290 953.1
1196300 955.0
1196310 955.0
1196320 957.6
1196330 960.2
1196340 960.2
1196350 961.9
1196360 962.8
1196370 962.8
1196380 964.7
1196390 966.6
1196400 966.6
1196410 968.3
1196420 970.8
1196430 970.8
1196440 975.3
1196450 978.0
1196460 978.0
1196470 981.9
1196480 987.2
1196490 987.2
1196500 991.7
1196510 996.6
1196520 996.6
1196530 1001.8
1196540 1007.0
1196550 1013.1
1196560 1013.1
1196570 1023.0
1196580 1028.5
1196590 1028.5
1196600 1034.4
1196610 1041.7
1196620 1041.7
1196630 1050.2
1196640 1057.8
1196650 1057.8
1196660 1063.9
1196670 1070.4
1196680 1070.4
1196690 1076.9
1196700 1083.1
1196710 1083.1
1196720 1088.9
1196730 1093.7
1196740 1093.7
1196750 1097.8
1196760 1101.5
1196770 1101.5
1196780 1105.4
1196790 1108.7
1196800 1112.3
1196810 1112.3
1196820 1116.5
1196830 1122.0
1196840 1122.0
1196850 1126.7
1196860 1131.0
1196870 1131.0
1196880 1135.1
1196890 1137.6
1196900 1137.6
1196910 1139.8
1196920 1142.7
1196930 1142.7
1196940 1144.3
1196950 1143.7
1196960 1143.7
1196970 1142.7
1196980 1141.9
1196990 1141.9
1197000 1142.1
1197010 1145.5
1197020 1147.4
1197030 1147.4
1197040 1149.8
1197050 1152.3
1197060 1152.3
1197070 1155.2
1197080 1158.7
1197090 1158.7
1197100 1162.9
1197110 1168.3
1197120 1168.3
1197130 1174.0
1197140 1177.1
1197150 1177.1
1197160 1182.5
1197170 1188.4
1197180 1188.4
1197190 1194.2
1197200 1199.7
1197210 1199.7
1197220 1204.9
1197230 1211.6
1197240 1211.6
1197250 1219.1
1197260 1228.9
1197270 1239.2
1197280 1239.2
1197290 1247.5
1197300 1255.1
1197310 1255.1
1197320 1262.8
1197330 1269.4
1197340 1269.4
1197350 1278.2
1197360 1289.3
1197370 1289.3
1197380 1296.9
1197390 1301.9
1197400 1301.9
1197410 1307.8
1197420 1315.1
1197430 1315.1
1197440 1319.8
1197450 1325.5
1197460 1325.5
1197470 1329.1
1197480 1333.3
1197490 1333.3
1197500 1338.1
1197510 1342.9
1197520 1349.3
1197530 1349.3
1197540 1355.1
1197550 1356.9
1197560 1356.9
1197570 1357.1
1197580 1357.3
1197590 1357.3
1197600 1360.0
1197610 1363.3
1197620 1363.3
1197630 1366.2
1197640 1369.5
1197650 1369.5
1197660 1373.1
1197670 1376.5
1197680 1376.5
1197690 1379.4
1197700 1383.0
1197710 1383.0
1197720 1387.5
1197730 1392.7
1197740 1392.7
1197750 1398.7
1197760 1404.9
1197770 1411.4
1197780 1411.4
1197790 1418.5
1197800 1425.2
1197810 1425.2
1197820 1432.2
1197830 1437.5
1197840 1437.5
1197850 1440.4
1197860 1443.7
1197870 1443.7
1197880 1448.6
1197890 1457.2
1197900 1457.2
1197910 1463.5
1197920 1469.7
1197930 1469.7
1197940 1476.5
1197950 1484.0
1197960 1484.0
1197970 1491.6
1197980 1500.6
1197990 1508.1
1198000 1508.1
1198010 1514.2
1198020 1520.1
1198030 1520.1
1198040 1522.2
1198050 1526.9
1198060 1526.9
1198070 1532.2
1198080 1535.1
1198090 1535.1
1198100 1538.7
1198110 1543.1
1198120 1543.1
1198130 1546.9
1198140 1552.1
1198150 1552.1
1198160 1556.7
1198170 1560.9
1198180 1560.9
1198190 1565.5
1198200 1570.2
1198210 1570.2
1198220 1574.5
1198230 1577.0
1198240 1578.8
1198250 1578.8
1198260 1583.4
1198270 1589.2
1198280 1589.2
1198290 1600.1
1198300 1612.6
1198310 1612.6
1198320 1620.1
1198330 1626.4
1198340 1630.4
1198350 1637.0
1198360 1644.0
1198370 1644.0
1198380 1649.7
1198390 1655.3
1198400 1655.3
1198410 1660.6
1198420 1664.3
1198430 1664.3
1198440 1666.4
1198450 1668.3
1198460 1668.3
1198470 1671.3
1198480 1675.3
1198490 1680.0
1198500 1680.0
1198510 1685.0
1198520 1689.9
1198530 1689.9
1198540 1695.2
1198550 1700.3
1198560 1700.3
1198570 1704.7
1198580 1708.4
1198590 1708.4
1198600 1712.7
1198610 1718.9
1198620 1718.9
1198630 1726.1
1198640 1732.3
1198650 1732.3
1198660 1737.3
1198670 1741.4
1198680 1741.4
1198690 1745.9
1198700 1749.6
1198710 1753.4
1198720 1753.4
1198730 1758.0
1198740 1762.5
1198750 1762.5
1198760 1767.3
1198770 1772.5
1198780 1776.2
1198790 1781.2
1198800 1786.6
1198810 1786.6
1198820 1791.1
1198830 1795.4
1198840 1795.4
1198850 1801.1
1198860 1808.6
1198870 1808.6
1198880 1816.6
1198890 1823.3
1198900 1823.3
1198910 1827.9
1198920 1831.7
1198930 1831.7
1198940 1835.0
1198950 1838.5
1198960 1842.5
1198970 1842.5
1198980 1846.6
1198990 1850.7
1199000 1850.7
1199010 1854.8
1199020 1859.9
1199030 1859.9
1199040 1865.0
1199050 1870.6
1199060 1870.6
1199070 1874.7
1199080 1878.1
1199090 1878.1
1199100 1881.1
1199110 1884.7
1199120 1884.7
1199130 1888.3
1199140 1891.7
1199150 1891.7
1199160 1895.0
1199170 1899.2
1199180 1899.2
1199190 1904.9
1199200 1911.1
1199210 1917.7
1199220 1919.7
1199230 1925.4
1199240 1931.1
1199250 1931.1
1199260 1936.2
1199270 1939.8
1199280 1939.8
1199290 1943.2
1199300 1947.3
1199310 1947.3
1199320 1952.3
1199330 1956.8
1199340 1956.8
1199350 1960.9
1199360 1964.6
1199370 1964.6
1199380 1966.8
1199390 1968.3
1199400 1968.3
1199410 1970.3
1199420 1973.4
1199430 1973.4
1199440 1976.4
1199450 1979.1
1199460 1983.2
1199470 1983.2
1199480 1987.6
1199490 1993.0
1199500 1993.0
1199510 1999.9
1199520 2005.9
1199530 2005.9
1199540 2009.8
1199550 2012.6
1199560 2012.6
1199570 2014.7
1199580 2017.4
1199590 2017.4
1199600 2020.4
1199610 2022.9
1199620 2022.9
1199630 2024.7
1199640 2026.3
1199650 2026.3
1199660 2029.6
1199670 2035.2
1199680 2039.5
1199690 2039.5
1199700 2045.5
1199710 2052.1
1199720 2052.1
1199730 2058.0
1199740 2064.0
1199750 2064.0
1199760 2070.3
1199770 2076.7
1199780 2076.7
1199790 2082.0
1199800 2087.9
1199810 2087.9
1199820 2093.7
1199830 2097.9
1199840 2097.9
1199850 2101.1
1199860 2104.8
1199870 2104.8
1199880 2109.6
1199890 2115.6
1199900 2115.6
1199910 2122.8
1199920 2129.8
1199930 2134.8
1199940 2134.8
1199950 2139.3
1199960 2143.4
1199970 2143.4
1199980 2147.9
1199990 2152.3
