1180000 1339.9
1180010 1334.1
1180020 1329.1
1180030 1329.1
1180040 1322.2
1180050 1311.3
1180060 1311.3
1180070 1297.3
1180080 1288.2
1180090 1280.1
1180100 1280.1
1180110 1277.0
1180120 1270.1
1180130 1270.1
1180140 1269.4
1180150 1268.7
1180160 1268.7
1180170 1264.3
1180180 1258.6
1180190 1258.6
1180200 1256.9
1180210 1248.3
1180220 1248.3
1180230 1240.6
1180240 1235.4
1180250 1235.4
1180260 1229.7
1180270 1223.6
1180280 1223.6
1180290 1217.9
1180300 1214.1
1180310 1205.6
1180320 1198.9
1180330 1185.6
1180340 1176.0
1180350 1176.0
1180360 1171.4
1180370 1165.2
1180380 1165.2
1180390 1154.7
1180400 1143.8
1180410 1143.8
1180420 1136.1
1180430 1126.6
1180440 1126.6
1180450 1115.2
1180460 1098.3
1180470 1098.3
1180480 1082.9
1180490 1072.0
1180500 1072.0
1180510 1056.5
1180520 1045.5
1180530 1045.5
1180540 1036.4
1180550 1030.1
1180560 1030.1
1180570 1024.3
1180580 1019.7
1180590 1016.3
1180600 1016.3
1180610 1012.8
1180620 1007.7
1180630 1007.7
1180640 1002.7
1180650 998.0
1180660 998.0
1180670 993.3
1180680 987.9
1180690 987.9
1180700 982.0
1180710 976.1
1180720 973.2
1180730 967.3
1180740 961.5
1180750 961.5
1180760 956.1
1180770 951.7
1180780 951.7
1180790 948.0
1180800 944.2
1180810 940.4
1180820 940.4
1180830 938.1
1180840 935.9
1180850 935.9
1180860 934.4
1180870 932.7
1180880 932.7
1180890 931.0
1180900 927.3
1180910 927.3
1180920 923.7
1180930 920.8
1180940 920.8
1180950 918.3
1180960 915.8
1180970 915.8
1180980 912.8
1180990 909.6
1181000 909.6
1181010 905.2
1181020 902.1
1181030 902.1
1181040 899.3
1181050 895.7
1181060 891.5
1181070 891.5
1181080 887.4
1181090 883.2
1181100 883.2
1181110 878.5
1181120 873.7
1181130 873.7
1181140 867.8
1181150 863.3
1181160 863.3
1181170 858.4
1181180 853.8
1181190 853.8
1181200 849.8
1181210 845.6
1181220 845.6
1181230 841.6
1181240 837.9
1181250 837.9
1181260 834.6
1181270 831.2
1181280 831.2
1181290 828.0
1181300 824.1
1181310 819.7
1181320 819.7
1181330 815.8
1181340 812.5
1181350 812.5
1181360 809.8
1181370 807.0
1181380 807.0
1181390 803.8
1181400 800.5
1181410 800.5
1181420 797.3
1181430 794.4
1181440 794.4
1181450 791.8
1181460 789.1
1181470 789.1
1181480 785.6
1181490 781.4
1181500 781.4
1181510 778.9
1181520 777.8
1181530 777.8
1181540 776.7
1181550 776.0
1181560 773.2
1181570 773.2
1181580 770.2
1181590 765.9
1181600 765.9
1181610 761.3
1181620 757.9
1181630 757.9
1181640 757.1
1181650 757.2
1181660 757.2
1181670 755.2
1181680 753.6
1181690 753.6
1181700 752.7
1181710 749.7
1181720 749.7
1181730 747.2
1181740 746.7
1181750 746.7
1181760 746.7
1181770 746.7
1181780 746.7
1181790 746.7
1181800 746.7
1181810 747.0
1181820 747.0
1181830 749.5
1181840 752.1
1181850 752.1
1181860 754.6
1181870 754.7
1181880 754.7
1181890 754.4
1181900 753.4
1181910 753.4
1181920 752.9
1181930 753.3
1181940 753.3
1181950 753.2
1181960 753.5
1181970 753.5
1181980 752.2
1181990 751.9
1182000 751.9
1182010 752.5
1182020 753.2
1182030 754.1
1182040 754.1
1182050 755.1
1182060 756.0
1182070 756.0
1182080 757.0
1182090 759.4
1182100 759.4
1182110 761.3
1182120 761.4
1182130 761.4
1182140 765.1
1182150 769.2
1182160 769.2
1182170 775.0
1182180 780.6
1182190 780.6
1182200 784.4
1182210 786.7
1182220 786.7
1182230 788.5
1182240 790.3
1182250 790.3
1182260 792.0
1182270 793.8
1182280 796.7
1182290 796.7
1182300 802.6
1182310 809.3
1182320 809.3
1182330 842.3
1182340 880.5
1182350 880.5
1182360 888.2
1182370 893.3
1182380 893.3
1182390 897.9
1182400 908.6
1182410 908.6
1182420 914.7
1182430 925.4
1182440 925.4
1182450 944.8
1182460 959.7
1182470 959.7
1182480 968.2
1182490 976.5
1182500 976.5
1182510 983.9
1182520 993.1
1182530 1004.5
1182540 1004.5
1182550 1018.1
1182560 1026.1
1182570 1026.1
1182580 1033.1
1182590 1038.4
1182600 1038.4
1182610 1043.5
1182620 1050.9
1182630 1050.9
1182640 1054.4
1182650 1054.9
1182660 1054.9
1182670 1054.8
1182680 1055.3
1182690 1055.3
1182700 1055.2
1182710 1055.7
1182720 1055.7
1182730 1055.1
1182740 1052.4
1182750 1052.4
1182760 1049.7
1182770 1045.7
1182780 1041.5
1182790 1041.5
1182800 1035.7
1182810 1029.7
1182820 1026.3
1182830 1022.7
1182840 1017.4
1182850 1017.4
1182860 1010.2
1182870 1001.4
1182880 1001.4
1182890 996.6
1182900 998.2
1182910 998.2
1182920 997.7
1182930 995.1
1182940 995.1
1182950 990.9
1182960 986.7
1182970 986.7
1182980 982.9
1182990 980.2
1183000 980.2
1183010 977.3
1183020 973.1
1183030 962.0
1183040 962.0
1183050 950.5
1183060 943.2
1183070 943.2
1183080 939.4
1183090 936.3
1183100 936.3
1183110 933.8
1183120 931.4
1183130 931.4
1183140 928.5
1183150 927.2
1183160 927.2
1183170 925.9
1183180 923.6
1183190 923.6
1183200 921.2
1183210 917.7
1183220 917.7
1183230 914.4
1183240 913.6
1183250 913.8
1183260 911.2
1183270 908.8
1183280 907.3
1183290 907.3
1183300 906.5
1183310 905.7
1183320 905.7
1183330 904.3
1183340 902.9
1183350 902.9
1183360 901.7
1183370 900.8
1183380 900.8
1183390 899.9
1183400 899.3
1183410 899.3
1183420 898.5
1183430 897.7
1183440 897.7
1183450 896.7
1183460 896.8
1183470 896.8
1183480 901.4
1183490 904.8
1183500 905.1
1183510 905.1
1183520 905.1
1183530 905.0
1183540 905.0
1183550 907.2
1183560 909.4
1183570 909.4
1183580 911.4
1183590 913.7
1183600 913.7
1183610 915.8
1183620 917.7
1183630 917.7
1183640 919.3
1183650 920.4
1183660 920.4
1183670 927.8
1183680 930.5
1183690 930.5
1183700 934.0
1183710 938.0
1183720 938.0
1183730 941.2
1183740 944.5
1183750 948.6
1183760 948.6
1183770 952.2
1183780 953.4
1183790 953.4
1183800 955.7
1183810 959.8
1183820 959.8
1183830 960.4
1183840 959.8
1183850 959.8
1183860 961.8
1183870 962.6
1183880 962.6
1183890 965.1
1183900 967.4
1183910 967.4
1183920 968.7
1183930 968.9
1183940 968.9
1183950 968.8
1183960 970.8
1183970 970.8
1183980 974.4
1183990 977.9
1184000 980.9
1184010 980.9
1184020 984.1
1184030 986.3
1184040 986.3
1184050 988.4
1184060 991.3
1184070 991.3
1184080 995.5
1184090 1004.0
1184100 1004.0
1184110 1008.1
1184120 1012.8
1184130 1012.8
1184140 1018.0
1184150 1022.5
1184160 1022.5
1184170 1026.0
1184180 1030.2
1184190 1030.2
1184200 1034.2
1184210 1037.3
1184220 1037.3
1184230 1041.0
1184240 1043.8
1184250 1047.6
1184260 1047.6
1184270 1051.9
1184280 1056.6
1184290 1056.6
1184300 1061.7
1184310 1066.1
1184320 1066.1
1184330 1069.1
1184340 1072.4
1184350 1072.4
1184360 1075.9
1184370 1079.6
1184380 1079.6
1184390 1083.0
1184400 1085.3
1184410 1085.3
1184420 1085.5
1184430 1084.0
1184440 1084.0
1184450 1083.6
1184460 1086.7
1184470 1086.7
1184480 1091.3
1184490 1092.1
1184500 1075.4
1184510 1096.9
1184520 1084.1
1184530 1063.4
1184540 1063.4
1184550 1055.4
1184560 1062.6
1184570 1062.6
1184580 1067.6
1184590 1069.6
1184600 1069.6
1184610 1068.9
1184620 1069.5
1184630 1069.5
1184640 1072.0
1184650 1077.0
1184660 1077.0
1184670 1083.4
1184680 1091.3
1184690 1091.3
1184700 1102.3
1184710 1131.1
1184720 1157.4
1184730 1157.4
1184740 1174.8
1184750 1182.0
1184760 1182.0
1184770 1186.8
1184780 1189.1
1184790 1189.1
1184800 1190.2
1184810 1192.2
1184820 1192.2
1184830 1195.8
1184840 1199.8
1184850 1199.8
1184860 1203.6
1184870 1206.8
1184880 1206.8
1184890 1208.8
1184900 1210.0
1184910 1210.0
1184920 1211.1
1184930 1212.1
1184940 1209.3
1184950 1208.2
1184960 1207.2
1184970 1206.5
1184980 1206.5
1184990 1205.3
1185000 1204.3
1185010 1204.3
1185020 1203.8
1185030 1204.0
1185040 1204.0
1185050 1204.2
1185060 1205.0
1185070 1205.0
1185080 1205.8
1185090 1206.9
1185100 1206.9
1185110 1208.5
1185120 1210.1
1185130 1210.1
1185140 1212.0
1185150 1214.2
1185160 1214.2
1185170 1217.1
1185180 1220.9
1185190 1220.9
1185200 1223.4
1185210 1225.0
1185220 1226.3
1185230 1226.3
1185240 1227.4
1185250 1228.4
1185260 1228.4
1185270 1229.5
1185280 1230.3
1185290 1230.3
1185300 1231.6
1185310 1232.1
1185320 1232.1
1185330 1232.3
1185340 1232.9
1185350 1232.9
1185360 1233.4
1185370 1234.4
1185380 1234.4
1185390 1235.3
1185400 1236.1
1185410 1236.1
1185420 1237.2
1185430 1238.3
1185440 1238.3
1185450 1239.4
1185460 1240.6
1185470 1242.0
1185480 1242.0
1185490 1243.4
1185500 1244.9
1185510 1244.9
1185520 1246.5
1185530 1248.4
1185540 1248.4
1185550 1250.4
1185560 1252.7
1185570 1252.7
1185580 1255.2
1185590 1258.0
1185600 1258.0
1185610 1260.9
1185620 1264.2
1185630 1264.2
1185640 1267.6
1185650 1271.2
1185660 1271.2
1185670 1275.0
1185680 1279.2
1185690 1279.2
1185700 1283.6
1185710 1289.0
1185720 1293.9
1185730 1293.9
1185740 1297.4
1185750 1302.7
1185760 1302.7
1185770 1308.7
1185780 1318.2
1185790 1317.7
1185800 1325.8
1185810 1332.4
1185820 1332.4
1185830 1342.6
1185840 1349.9
1185850 1349.9
1185860 1354.5
1185870 1359.9
1185880 1359.9
1185890 1365.7
1185900 1372.6
1185910 1372.6
1185920 1379.6
1185930 1385.0
1185940 1389.7
1185950 1389.7
1185960 1395.0
1185970 1400.0
1185980 1400.0
1185990 1405.6
1186000 1410.8
1186010 1410.8
1186020 1416.0
1186030 1422.8
1186040 1422.8
1186050 1430.5
1186060 1438.0
1186070 1438.0
1186080 1444.6
1186090 1450.5
1186100 1450.5
1186110 1456.2
1186120 1461.9
1186130 1461.9
1186140 1467.5
1186150 1472.8
1186160 1472.8
1186170 1477.5
1186180 1482.0
1186190 1486.8
1186200 1486.8
1186210 1490.4
1186220 1496.1
1186230 1496.1
1186240 1501.6
1186250 1507.1
1186260 1507.1
1186270 1513.9
1186280 1521.4
1186290 1521.4
1186300 1528.4
1186310 1534.8
1186320 1534.8
1186330 1539.7
1186340 1543.7
1186350 1543.7
1186360 1547.3
1186370 1550.3
1186380 1550.3
1186390 1553.1
1186400 1555.5
1186410 1555.5
1186420 1557.6
1186430 1560.1
1186440 1563.2
1186450 1563.2
1186460 1566.9
1186470 1571.0
1186480 1571.0
1186490 1575.2
1186500 1578.8
1186510 1578.8
1186520 1582.0
1186530 1584.4
1186540 1584.4
1186550 1586.8
1186560 1589.9
1186570 1589.9
1186580 1593.0
1186590 1595.3
1186600 1595.3
1186610 1596.3
1186620 1597.6
1186630 1597.6
1186640 1604.1
1186650 1608.7
1186660 1608.7
1186670 1613.9
1186680 1617.5
1186690 1619.4
1186700 1619.4
1186710 1620.3
1186720 1621.2
1186730 1621.2
1186740 1623.2
1186750 1625.4
1186760 1625.4
1186770 1627.6
1186780 1630.2
1186790 1630.2
1186800 1633.4
1186810 1637.0
1186820 1637.0
1186830 1641.2
1186840 1645.9
1186850 1645.9
1186860 1650.1
1186870 1653.5
1186880 1653.5
1186890 1656.6
1186900 1659.1
1186910 1659.1
1186920 1661.1
1186930 1663.2
1186940 1665.4
1186950 1665.4
1186960 1668.0
1186970 1671.0
1186980 1671.0
1186990 1673.1
1187000 1675.1
1187010 1675.1
1187020 1677.5
1187030 1679.5
1187040 1679.5
1187050 1681.5
1187060 1682.4
1187070 1682.4
1187080 1683.8
1187090 1685.3
1187100 1685.3
1187110 1686.9
1187120 1687.9
1187130 1687.9
1187140 1688.2
1187150 1688.6
1187160 1688.6
1187170 1689.7
1187180 1691.4
1187190 1693.3
1187200 1693.3
1187210 1694.9
1187220 1696.7
1187230 1696.7
1187240 1698.9
1187250 1701.0
1187260 1701.0
1187270 1702.3
1187280 1704.2
1187290 1704.2
1187300 1707.3
1187310 1710.9
1187320 1710.9
1187330 1713.5
1187340 1716.6
1187350 1716.6
1187360 1718.8
1187370 1720.5
1187380 1720.5
1187390 1722.1
1187400 1723.9
1187410 1726.1
1187420 1726.1
1187430 1727.6
1187440 1729.4
1187450 1729.4
1187460 1731.9
1187470 1733.4
1187480 1733.4
1187490 1736.9
1187500 1734.1
1187510 1734.1
1187520 1730.8
1187530 1726.6
1187540 1726.6
1187550 1724.8
1187560 1725.7
1187570 1725.7
1187580 1726.9
1187590 1726.7
1187600 1726.7
1187610 1727.1
1187620 1729.0
1187630 1729.0
1187640 1731.1
1187650 1732.1
1187660 1733.1
1187670 1733.1
1187680 1734.0
1187690 1735.3
1187700 1735.3
1187710 1736.7
1187720 1738.0
1187730 1738.0
1187740 1738.9
1187750 1739.4
1187760 1739.4
1187770 1739.5
1187780 1739.2
1187790 1739.2
1187800 1738.5
1187810 1737.3
1187820 1737.3
1187830 1736.4
1187840 1735.3
1187850 1735.3
1187860 1733.0
1187870 1729.3
1187880 1729.3
1187890 1726.4
1187900 1724.3
1187910 1722.1
1187920 1727.0
1187930 1723.7
1187940 1719.5
1187950 1719.5
1187960 1715.1
1187970 1710.7
1187980 1710.7
1187990 1706.9
1188000 1704.8
1188010 1704.8
1188020 1703.4
1188030 1702.7
1188040 1702.7
1188050 1701.9
1188060 1700.5
1188070 1700.5
1188080 1698.5
1188090 1696.4
1188100 1696.4
1188110 1694.4
1188120 1692.6
1188130 1692.6
1188140 1690.2
1188150 1687.2
1188160 1684.9
1188170 1684.9
1188180 1682.9
1188190 1680.5
1188200 1680.5
1188210 1677.1
1188220 1673.6
1188230 1673.6
1188240 1670.6
1188250 1667.6
1188260 1667.6
1188270 1664.6
1188280 1661.3
1188290 1661.3
1188300 1658.1
1188310 1654.9
1188320 1654.9
1188330 1651.8
1188340 1648.9
1188350 1653.2
1188360 1650.3
1188370 1647.3
1188380 1647.3
1188390 1643.5
1188400 1639.6
1188410 1635.7
1188420 1635.7
1188430 1632.8
1188440 1629.5
1188450 1629.5
1188460 1627.5
1188470 1624.2
1188480 1624.2
1188490 1620.2
1188500 1618.1
1188510 1618.1
1188520 1614.8
1188530 1612.1
1188540 1612.1
1188550 1609.6
1188560 1607.3
1188570 1607.3
1188580 1604.3
1188590 1602.9
1188600 1602.9
1188610 1600.9
1188620 1597.4
1188630 1595.3
1188640 1595.3
1188650 1594.9
1188660 1595.3
1188670 1595.3
1188680 1593.9
1188690 1591.5
1188700 1591.5
1188710 1589.2
1188720 1587.3
1188730 1587.3
1188740 1585.8
1188750 1582.3
1188760 1582.3
1188770 1577.6
1188780 1578.6
1188790 1578.6
1188800 1577.9
1188810 1576.8
1188820 1576.8
1188830 1574.5
1188840 1571.2
1188850 1571.2
1188860 1568.0
1188870 1563.7
1188880 1558.8
1188890 1558.8
1188900 1553.2
1188910 1545.9
1188920 1545.9
1188930 1537.9
1188940 1530.3
1188950 1530.3
1188960 1523.4
1188970 1524.9
1188980 1524.9
1188990 1527.6
1189000 1535.9
1189010 1535.9
1189020 1542.7
1189030 1545.0
1189040 1545.0
1189050 1545.8
1189060 1546.8
1189070 1546.8
1189080 1548.1
1189090 1549.0
1189100 1549.0
1189110 1550.7
1189120 1551.0
1189130 1546.7
1189140 1546.7
1189150 1540.6
1189160 1536.8
1189170 1536.8
1189180 1532.1
1189190 1527.2
1189200 1527.2
1189210 1532.3
1189220 1528.2
1189230 1528.2
1189240 1529.5
1189250 1538.9
1189260 1538.9
1189270 1548.7
1189280 1555.8
1189290 1555.8
1189300 1555.2
1189310 1554.2
1189320 1554.2
1189330 1552.3
1189340 1546.8
1189350 1546.8
1189360 1541.0
1189370 1537.7
1189380 1543.6
1189390 1543.6
1189400 1551.8
1189410 1559.0
1189420 1559.0
1189430 1566.1
1189440 1573.1
1189450 1573.1
1189460 1578.6
1189470 1582.0
1189480 1582.0
1189490 1584.4
1189500 1587.0
1189510 1587.0
1189520 1589.7
1189530 1592.4
1189540 1592.4
1189550 1595.0
1189560 1597.8
1189570 1597.8
1189580 1600.7
1189590 1602.7
1189600 1602.7
1189610 1604.7
1189620 1606.6
1189630 1609.1
1189640 1614.4
1189650 1616.3
1189660 1617.8
1189670 1617.8
1189680 1619.1
1189690 1619.8
1189700 1619.8
1189710 1618.6
1189720 1616.7
1189730 1616.7
1189740 1616.8
1189750 1617.7
1189760 1617.7
1189770 1618.0
1189780 1618.4
1189790 1618.4
1189800 1619.6
1189810 1620.6
1189820 1620.6
1189830 1621.4
1189840 1622.1
1189850 1623.0
1189860 1623.0
1189870 1624.3
1189880 1626.2
1189890 1626.2
1189900 1630.3
1189910 1638.1
1189920 1638.1
1189930 1646.0
1189940 1653.5
1189950 1653.5
1189960 1659.8
1189970 1665.0
1189980 1665.0
1189990 1669.1
1190000 1673.8
1190010 1673.8
1190020 1678.1
1190030 1680.9
1190040 1680.9
1190050 1685.9
1190060 1690.2
1190070 1695.4
1190080 1699.2
1190090 1703.5
1190100 1707.8
1190110 1707.8
1190120 1711.8
1190130 1716.0
1190140 1716.0
1190150 1720.1
1190160 1724.0
1190170 1724.0
1190180 1727.6
1190190 1731.0
1190200 1731.0
1190210 1734.3
1190220 1737.4
1190230 1737.4
1190240 1740.7
1190250 1744.4
1190260 1744.4
1190270 1748.3
1190280 1752.4
1190290 1752.4
1190300 1756.0
1190310 1759.7
1190320 1759.7
1190330 1763.0
1190340 1765.2
1190350 1767.7
1190360 1767.7
1190370 1770.9
1190380 1774.6
1190390 1774.6
1190400 1777.7
1190410 1778.8
1190420 1778.8
1190430 1777.6
1190440 1777.3
1190450 1777.3
1190460 1779.1
1190470 1783.7
1190480 1783.7
1190490 1789.2
1190500 1798.2
1190510 1798.2
1190520 1804.7
1190530 1810.1
1190540 1810.1
1190550 1814.9
1190560 1819.4
1190570 1819.4
1190580 1823.1
1190590 1825.9
1190600 1828.4
1190610 1828.4
1190620 1831.0
1190630 1836.1
1190640 1836.1
1190650 1842.6
1190660 1848.5
1190670 1848.5
1190680 1854.2
1190690 1859.6
1190700 1859.6
1190710 1864.9
1190720 1870.0
1190730 1870.0
1190740 1874.6
1190750 1879.2
1190760 1879.2
1190770 1883.9
1190780 1888.6
1190790 1888.6
1190800 1893.0
1190810 1897.6
1190820 1897.6
1190830 1902.1
1190840 1906.5
1190850 1911.6
1190860 1911.6
1190870 1916.7
1190880 1921.0
1190890 1921.0
1190900 1925.7
1190910 1930.3
1190920 1930.3
1190930 1941.6
1190940 1947.0
1190950 1947.0
1190960 1951.6
1190970 1955.6
1190980 1955.6
1190990 1959.7
1191000 1964.0
1191010 1964.0
1191020 1967.6
1191030 1971.0
1191040 1971.0
1191050 1973.8
1191060 1976.2
1191070 1978.5
1191080 1978.5
1191090 1979.9
1191100 1980.4
1191110 1980.4
1191120 1980.2
1191130 1979.9
1191140 1979.9
1191150 1979.6
1191160 1979.0
1191170 1979.0
1191180 1978.1
1191190 1976.0
1191200 1976.0
1191210 1974.0
1191220 1972.1
1191230 1972.1
1191240 1970.0
1191250 1968.7
1191260 1968.7
1191270 1967.9
1191280 1967.3
1191290 1967.3
1191300 1966.4
1191310 1964.5
1191320 1962.4
1191330 1962.4
1191340 1960.6
1191350 1959.7
1191360 1959.7
1191370 1958.9
1191380 1958.0
1191390 1958.0
1191400 1957.3
1191410 1956.4
1191420 1956.4
1191430 1955.4
1191440 1954.1
1191450 1954.1
1191460 1952.4
1191470 1951.1
1191480 1951.1
1191490 1949.6
1191500 1947.8
1191510 1947.8
1191520 1946.1
1191530 1944.5
1191540 1944.5
1191550 1942.8
1191560 1940.9
1191570 1939.1
1191580 1939.1
1191590 1937.3
1191600 1935.4
1191610 1935.4
1191620 1933.4
1191630 1931.3
1191640 1931.3
1191650 1929.3
1191660 1927.5
1191670 1927.5
1191680 1925.3
1191690 1922.7
1191700 1922.7
1191710 1919.7
1191720 1916.3
1191730 1916.3
1191740 1912.8
1191750 1908.7
1191760 1908.7
1191770 1903.6
1191780 1899.0
1191790 1899.0
1191800 1891.5
1191810 1883.4
1191820 1875.5
1191830 1875.5
1191840 1869.0
1191850 1863.7
1191860 1863.7
1191870 1858.8
1191880 1853.5
1191890 1853.5
1191900 1847.6
1191910 1841.5
1191920 1841.5
1191930 1835.2
1191940 1829.4
1191950 1829.4
1191960 1825.2
1191970 1820.6
1191980 1820.6
1191990 1815.0
1192000 1810.9
1192010 1810.9
1192020 1807.1
1192030 1802.4
1192040 1802.4
1192050 1797.6
1192060 1793.4
1192070 1788.7
1192080 1788.7
1192090 1783.5
1192100 1778.6
1192110 1778.6
1192120 1772.7
1192130 1764.0
1192140 1764.0
1192150 1755.6
1192160 1750.3
1192170 1750.3
1192180 1743.0
1192190 1735.0
1192200 1735.0
1192210 1730.0
1192220 1726.0
1192230 1726.0
1192240 1715.6
1192250 1711.6
1192260 1711.6
1192270 1707.8
1192280 1703.3
1192290 1697.0
1192300 1697.0
1192310 1689.5
1192320 1682.3
1192330 1682.3
1192340 1676.9
1192350 1672.9
1192360 1672.9
1192370 1668.6
1192380 1662.5
1192390 1662.5
1192400 1654.9
1192410 1648.3
1192420 1648.3
1192430 1642.9
1192440 1638.7
1192450 1638.7
1192460 1635.5
1192470 1632.2
1192480 1632.2
1192490 1627.3
1192500 1620.0
1192510 1620.0
1192520 1609.7
1192530 1600.5
1192540 1592.9
1192550 1592.9
1192560 1586.5
1192570 1581.8
1192580 1581.8
1192590 1578.6
1192600 1574.7
1192610 1574.7
1192620 1571.9
1192630 1568.6
1192640 1568.6
1192650 1564.8
1192660 1558.9
1192670 1555.7
1192680 1550.0
1192690 1545.2
1192700 1545.2
1192710 1540.8
1192720 1536.8
1192730 1536.8
1192740 1533.8
1192750 1530.9
1192760 1530.9
1192770 1527.7
1192780 1522.5
1192790 1516.3
1192800 1516.3
1192810 1510.2
1192820 1505.0
1192830 1505.0
1192840 1501.5
1192850 1499.1
1192860 1499.1
1192870 1497.4
1192880 1495.1
1192890 1495.1
1192900 1492.3
1192910 1489.3
1192920 1489.3
1192930 1485.9
1192940 1481.3
1192950 1481.3
1192960 1476.5
1192970 1471.2
1192980 1471.2
1192990 1464.8
1193000 1457.7
1193010 1457.7
1193020 1451.1
1193030 1445.8
1193040 1442.2
1193050 1442.2
1193060 1439.1
1193070 1435.8
1193080 1435.8
1193090 1434.2
1193100 1431.3
1193110 1424.7
1193120 1422.3
1193130 1419.2
1193140 1419.2
1193150 1415.6
1193160 1410.6
1193170 1410.6
1193180 1407.8
1193190 1404.3
1193200 1404.3
1193210 1401.1
1193220 1399.2
1193230 1399.2
1193240 1395.8
1193250 1388.7
1193260 1388.7
1193270 1383.1
1193280 1379.5
1193290 1376.3
1193300 1376.3
1193310 1371.8
1193320 1365.9
1193330 1365.9
1193340 1360.2
1193350 1355.1
1193360 1355.1
1193370 1351.0
1193380 1345.1
1193390 1345.1
1193400 1340.3
1193410 1337.2
1193420 1337.2
1193430 1331.6
1193440 1327.1
1193450 1327.1
1193460 1323.8
1193470 1320.5
1193480 1320.5
1193490 1317.6
1193500 1313.5
1193510 1307.6
1193520 1307.6
1193530 1301.0
1193540 1297.7
1193550 1297.7
1193560 1295.1
1193570 1292.5
1193580 1292.5
1193590 1289.5
1193600 1288.0
1193610 1288.0
1193620 1288.6
1193630 1288.1
1193640 1288.1
1193650 1287.2
1193660 1285.6
1193670 1285.6
1193680 1284.0
1193690 1281.3
1193700 1281.3
1193710 1278.9
1193720 1276.3
1193730 1276.3
1193740 1274.0
1193750 1272.9
1193760 1270.6
1193770 1270.6
1193780 1268.5
1193790 1266.8
1193800 1266.8
1193810 1265.0
1193820 1262.7
1193830 1262.7
1193840 1260.8
1193850 1259.4
1193860 1259.4
1193870 1257.4
1193880 1255.2
1193890 1255.2
1193900 1252.3
1193910 1249.5
1193920 1249.5
1193930 1246.0
1193940 1242.4
1193950 1242.4
1193960 1238.4
1193970 1234.6
1193980 1234.0
1193990 1230.6
1194000 1226.9
1194010 1223.2
1194020 1223.2
1194030 1219.0
1194040 1214.3
1194050 1214.3
1194060 1210.0
1194070 1204.8
1194080 1204.8
1194090 1198.8
1194100 1194.2
1194110 1194.2
1194120 1190.5
1194130 1186.9
1194140 1186.9
1194150 1184.2
1194160 1180.3
1194170 1180.3
1194180 1176.6
1194190 1173.2
1194200 1173.2
1194210 1169.9
1194220 1166.4
1194230 1166.4
1194240 1161.6
1194250 1157.2
1194260 1153.2
1194270 1153.2
1194280 1149.9
1194290 1147.0
1194300 1147.0
1194310 1144.2
1194320 1141.5
1194330 1141.5
1194340 1140.0
1194350 1138.6
1194360 1138.6
1194370 1137.7
1194380 1136.8
1194390 1136.8
1194400 1135.2
1194410 1131.6
1194420 1132.1
1194430 1125.7
1194440 1117.6
1194450 1117.6
1194460 1112.1
1194470 1112.9
1194480 1112.9
1194490 1112.6
1194500 1107.6
1194510 1102.5
1194520 1102.5
1194530 1097.8
1194540 1092.7
1194550 1092.7
1194560 1087.3
1194570 1083.1
1194580 1083.1
1194590 1078.7
1194600 1075.6
1194610 1075.6
1194620 1073.7
1194630 1072.0
1194640 1072.0
1194650 1070.6
1194660 1069.7
1194670 1069.7
1194680 1068.8
1194690 1068.4
1194700 1068.4
1194710 1067.8
1194720 1066.9
1194730 1065.9
1194740 1065.9
1194750 1064.9
1194760 1063.7
1194770 1063.7
1194780 1062.4
1194790 1061.0
1194800 1061.0
1194810 1059.7
1194820 1058.5
1194830 1058.5
1194840 1057.9
1194850 1057.4
1194860 1055.1
1194870 1054.7
1194880 1054.4
1194890 1054.4
1194900 1054.1
1194910 1052.9
1194920 1052.9
1194930 1050.9
1194940 1048.8
1194950 1048.8
1194960 1046.9
1194970 1044.6
1194980 1042.2
1194990 1042.2
1195000 1040.2
1195010 1037.2
1195020 1037.2
1195030 1032.9
1195040 1031.0
1195050 1031.0
1195060 1029.5
1195070 1027.7
1195080 1027.7
1195090 1026.8
1195100 1025.1
1195110 1025.1
1195120 1022.0
1195130 1020.4
1195140 1020.4
1195150 1019.5
1195160 1018.4
1195170 1018.4
1195180 1017.0
1195190 1015.8
1195200 1015.8
1195210 1014.3
1195220 1011.3
1195230 1008.3
1195240 1008.3
1195250 1005.9
1195260 1003.6
1195270 1003.6
1195280 1000.0
1195290 995.9
1195300 994.7
1195310 991.4
1195320 986.4
1195330 986.4
1195340 982.8
1195350 980.1
1195360 980.1
1195370 977.4
1195380 972.6
1195390 972.6
1195400 967.6
1195410 964.8
1195420 964.8
1195430 962.7
1195440 961.2
1195450 961.2
1195460 959.4
1195470 956.9
1195480 951.7
1195490 951.7
1195500 947.9
1195510 944.5
1195520 944.5
1195530 941.0
1195540 938.1
1195550 938.1
1195560 931.8
1195570 924.5
1195580 924.5
1195590 920.9
1195600 917.1
1195610 917.1
1195620 913.0
1195630 911.2
1195640 911.2
1195650 909.8
1195660 908.1
1195670 908.1
1195680 906.5
1195690 905.3
1195700 905.3
1195710 904.3
1195720 903.7
1195730 902.8
1195740 902.8
1195750 902.6
1195760 901.7
1195770 901.7
1195780 895.8
1195790 886.2
1195800 886.2
1195810 877.6
1195820 869.2
1195830 869.2
1195840 861.6
1195850 854.8
1195860 854.8
1195870 851.3
1195880 848.8
1195890 848.8
1195900 847.3
1195910 846.2
1195920 846.2
1195930 842.8
1195940 838.8
1195950 834.4
1195960 834.4
1195970 831.4
1195980 830.2
1195990 830.2
1196000 828.5
1196010 826.9
1196020 826.9
1196030 825.4
1196040 824.0
1196050 824.0
1196060 822.9
1196070 821.1
1196080 821.1
1196090 818.7
1196100 816.5
1196110 816.5
1196120 814.7
1196130 813.2
1196140 813.2
1196150 811.5
1196160 808.9
1196170 807.1
1196180 805.2
1196190 804.3
1196200 802.8
1196210 802.8
1196220 800.4
1196230 799.2
1196240 799.2
1196250 799.2
1196260 799.7
1196270 799.7
1196280 802.8
1196290 807.2
1196300 807.2
1196310 811.0
1196320 815.5
1196330 815.5
1196340 821.0
1196350 826.6
1196360 826.6
1196370 828.1
1196380 832.5
1196390 832.5
1196400 840.1
1196410 845.1
1196420 845.1
1196430 846.9
1196440 848.1
1196450 849.5
1196460 849.5
1196470 851.5
1196480 854.2
1196490 854.2
1196500 856.9
1196510 859.9
1196520 859.9
1196530 863.7
1196540 867.9
1196550 867.9
1196560 872.2
1196570 877.5
1196580 877.5
1196590 883.7
1196600 890.2
1196610 890.7
1196620 896.5
1196630 902.3
1196640 902.3
1196650 908.3
1196660 913.1
1196670 913.1
1196680 917.2
1196690 921.6
1196700 925.7
1196710 925.7
1196720 929.1
1196730 932.5
1196740 932.5
1196750 936.1
1196760 939.5
1196770 939.5
1196780 943.2
1196790 946.8
1196800 946.8
1196810 951.8
1196820 955.2
1196830 955.2
1196840 958.0
1196850 961.2
1196860 961.2
1196870 964.8
1196880 967.5
1196890 967.5
1196900 970.0
1196910 972.8
1196920 972.8
1196930 976.3
1196940 981.1
1196950 986.9
1196960 986.9
1196970 993.5
1196980 1000.6
1196990 1000.6
1197000 1006.2
1197010 1010.7
1197020 1010.7
1197030 1013.7
1197040 1016.7
1197050 1016.7
1197060 1023.7
1197070 1028.1
1197080 1028.1
1197090 1032.9
1197100 1036.3
1197110 1036.3
1197120 1039.6
1197130 1043.9
1197140 1043.9
1197150 1049.0
1197160 1055.1
1197170 1061.1
1197180 1061.1
1197190 1065.1
1197200 1068.0
1197210 1068.0
1197220 1068.8
1197230 1068.9
1197240 1068.9
1197250 1068.3
1197260 1067.9
1197270 1067.9
1197280 1068.1
1197290 1068.5
1197300 1068.5
1197310 1068.7
1197320 1068.8
1197330 1068.8
1197340 1069.3
1197350 1070.2
1197360 1070.2
1197370 1071.0
1197380 1071.9
1197390 1071.9
1197400 1073.3
1197410 1074.8
1197420 1076.2
1197430 1076.2
1197440 1077.6
1197450 1079.4
1197460 1079.4
1197470 1081.1
1197480 1082.7
1197490 1082.7
1197500 1085.4
1197510 1087.5
1197520 1087.5
1197530 1090.3
1197540 1092.2
1197550 1092.2
1197560 1094.1
1197570 1095.8
1197580 1095.8
1197590 1097.2
1197600 1100.5
1197610 1100.5
1197620 1102.7
1197630 1104.4
1197640 1104.4
1197650 1106.3
1197660 1108.9
1197670 1111.6
1197680 1111.6
1197690 1114.8
1197700 1117.4
1197710 1117.4
1197720 1120.1
1197730 1122.7
1197740 1122.7
1197750 1125.5
1197760 1128.5
1197770 1128.5
1197780 1131.3
1197790 1136.1
1197800 1136.1
1197810 1141.6
1197820 1146.2
1197830 1146.2
1197840 1149.6
1197850 1153.0
1197860 1153.0
1197870 1156.0
1197880 1157.1
1197890 1157.1
1197900 1158.6
1197910 1161.7
1197920 1165.5
1197930 1165.5
1197940 1172.6
1197950 1176.2
1197960 1176.2
1197970 1180.7
1197980 1185.7
1197990 1185.7
1198000 1191.0
1198010 1197.1
1198020 1197.1
1198030 1203.4
1198040 1210.2
1198050 1210.2
1198060 1216.0
1198070 1221.5
1198080 1221.5
1198090 1227.3
1198100 1233.8
1198110 1233.8
1198120 1240.8
1198130 1248.0
1198140 1256.7
1198150 1256.7
1198160 1267.5
1198170 1275.3
1198180 1275.3
1198190 1281.8
1198200 1288.3
1198210 1288.3
1198220 1294.2
1198230 1300.6
1198240 1300.6
1198250 1306.9
1198260 1313.5
1198270 1313.5
1198280 1320.8
1198290 1328.3
1198300 1328.3
1198310 1336.7
1198320 1346.6
1198330 1346.6
1198340 1356.1
1198350 1363.1
1198360 1363.1
1198370 1368.8
1198380 1378.3
1198390 1383.0
1198400 1383.0
1198410 1386.6
1198420 1390.4
1198430 1390.4
1198440 1394.6
1198450 1398.9
1198460 1398.9
1198470 1403.5
1198480 1409.3
1198490 1409.3
1198500 1415.6
1198510 1420.8
1198520 1420.8
1198530 1425.1
1198540 1429.3
1198550 1429.3
1198560 1433.3
1198570 1436.7
1198580 1436.7
1198590 1440.1
1198600 1443.6
1198610 1443.6
1198620 1447.7
1198630 1452.0
1198640 1456.3
1198650 1456.3
1198660 1460.1
1198670 1464.7
1198680 1464.7
1198690 1469.6
1198700 1475.2
1198710 1475.2
1198720 1479.7
1198730 1483.8
1198740 1483.8
1198750 1488.5
1198760 1493.7
1198770 1493.7
1198780 1499.3
1198790 1504.2
1198800 1504.2
1198810 1509.3
1198820 1514.0
1198830 1516.0
1198840 1519.8
1198850 1524.0
1198860 1524.0
1198870 1530.2
1198880 1536.4
1198890 1542.2
1198900 1542.2
1198910 1549.1
1198920 1559.2
1198930 1559.2
1198940 1568.1
1198950 1574.4
1198960 1574.4
1198970 1579.7
1198980 1584.8
1198990 1584.8
1199000 1589.3
1199010 1593.2
1199020 1593.2
1199030 1596.7
1199040 1600.6
1199050 1600.6
1199060 1604.6
1199070 1609.1
1199080 1609.1
1199090 1614.7
1199100 1621.1
1199110 1621.1
1199120 1625.7
1199130 1630.9
1199140 1637.1
1199150 1637.1
1199160 1643.4
1199170 1648.5
1199180 1648.5
1199190 1653.0
1199200 1656.6
1199210 1656.6
1199220 1659.5
1199230 1663.1
1199240 1663.1
1199250 1667.4
1199260 1672.2
1199270 1674.1
1199280 1679.9
1199290 1686.0
1199300 1686.0
1199310 1692.0
1199320 1698.4
1199330 1698.4
1199340 1705.6
1199350 1713.5
1199360 1722.3
1199370 1722.3
1199380 1730.9
1199390 1736.4
1199400 1736.4
1199410 1740.2
1199420 1742.7
1199430 1742.7
1199440 1745.8
1199450 1750.1
1199460 1750.1
1199470 1755.0
1199480 1759.7
1199490 1759.7
1199500 1764.1
1199510 1768.4
1199520 1768.4
1199530 1772.8
1199540 1776.9
1199550 1776.9
1199560 1781.7
1199570 1786.9
1199580 1786.9
1199590 1792.5
1199600 1798.3
1199610 1804.2
1199620 1804.2
1199630 1808.8
1199640 1812.5
1199650 1812.5
1199660 1815.4
1199670 1818.5
1199680 1818.5
1199690 1821.8
1199700 1823.8
1199710 1823.8
1199720 1829.1
1199730 1832.5
1199740 1832.5
1199750 1837.0
1199760 1841.2
1199770 1841.2
1199780 1845.7
1199790 1850.2
1199800 1850.2
1199810 1854.2
1199820 1857.4
1199830 1857.4
1199840 1860.7
1199850 1864.1
1199860 1868.1
1199870 1868.1
1199880 1872.8
1199890 1877.3
1199900 1877.3
1199910 1881.4
1199920 1885.6
1199930 1885.6
1199940 1889.9
1199950 1894.1
1199960 1894.1
1199970 1898.2
1199980 1902.7
1199990 1902.7
