1180000 1354.2
1180010 1354.2
1180020 1350.6
1180030 1347.5
1180040 1347.5
1180050 1344.7
1180060 1343.0
1180070 1343.0
1180080 1343.6
1180090 1344.5
1180100 1344.5
1180110 1343.9
1180120 1342.1
1180130 1342.1
1180140 1339.1
1180150 1335.5
1180160 1332.1
1180170 1332.1
1180180 1329.5
1180190 1327.6
1180200 1327.6
1180210 1325.3
1180220 1322.0
1180230 1322.0
1180240 1318.4
1180250 1314.8
1180260 1314.8
1180270 1310.9
1180280 1306.2
1180290 1306.2
1180300 1302.5
1180310 1300.0
1180320 1300.0
1180330 1295.4
1180340 1290.7
1180350 1290.7
1180360 1287.8
1180370 1287.5
1180380 1292.0
1180390 1292.0
1180400 1289.7
1180410 1287.4
1180420 1287.4
1180430 1283.7
1180440 1278.2
1180450 1278.2
1180460 1273.1
1180470 1269.1
1180480 1269.1
1180490 1266.0
1180500 1263.0
1180510 1263.0
1180520 1259.9
1180530 1257.8
1180540 1257.8
1180550 1255.6
1180560 1252.4
1180570 1252.4
1180580 1249.8
1180590 1248.3
1180600 1248.3
1180610 1245.5
1180620 1243.1
1180630 1240.4
1180640 1240.4
1180650 1236.3
1180660 1231.0
1180670 1231.0
1180680 1227.8
1180690 1229.0
1180700 1229.0
1180710 1226.4
1180720 1226.6
1180730 1226.6
1180740 1228.1
1180750 1227.0
1180760 1227.0
1180770 1225.3
1180780 1224.2
1180790 1224.2
1180800 1223.7
1180810 1221.6
1180820 1221.6
1180830 1219.0
1180840 1216.6
1180850 1216.6
1180860 1213.7
1180870 1209.0
1180880 1204.9
1180890 1204.9
1180900 1201.0
1180910 1198.7
1180920 1198.7
1180930 1194.4
1180940 1187.6
1180950 1187.6
1180960 1181.4
1180970 1173.2
1180980 1173.2
1180990 1162.3
1181000 1155.0
1181010 1155.0
1181020 1147.7
1181030 1137.9
1181040 1137.9
1181050 1130.9
1181060 1123.2
1181070 1123.2
1181080 1115.4
1181090 1109.5
1181100 1109.5
1181110 1108.5
1181120 1109.0
1181130 1110.1
1181140 1110.1
1181150 1110.4
1181160 1112.7
1181170 1112.7
1181180 1112.9
1181190 1111.6
1181200 1111.6
1181210 1110.8
1181220 1101.7
1181230 1101.7
1181240 1100.2
1181250 1098.7
1181260 1098.7
1181270 1096.7
1181280 1095.3
1181290 1095.3
1181300 1095.2
1181310 1095.4
1181320 1095.4
1181330 1093.8
1181340 1090.8
1181350 1090.8
1181360 1087.4
1181370 1084.7
1181380 1081.9
1181390 1081.9
1181400 1079.2
1181410 1078.3
1181420 1078.3
1181430 1079.5
1181440 1084.4
1181450 1084.4
1181460 1092.7
1181470 1101.6
1181480 1101.6
1181490 1107.2
1181500 1105.5
1181510 1105.5
1181520 1104.2
1181530 1104.5
1181540 1104.5
1181550 1102.9
1181560 1098.8
1181570 1098.8
1181580 1094.4
1181590 1092.4
1181600 1092.4
1181610 1091.4
1181620 1089.6
1181630 1090.3
1181640 1082.7
1181650 1084.3
1181660 1089.4
1181670 1089.4
1181680 1093.3
1181690 1096.6
1181700 1096.6
1181710 1100.3
1181720 1103.2
1181730 1103.2
1181740 1098.4
1181750 1092.6
1181760 1092.6
1181770 1088.9
1181780 1089.8
1181790 1089.8
1181800 1089.7
1181810 1088.8
1181820 1088.8
1181830 1088.5
1181840 1084.4
1181850 1084.4
1181860 1076.9
1181870 1072.0
1181880 1069.4
1181890 1069.4
1181900 1068.5
1181910 1066.8
1181920 1066.8
1181930 1062.2
1181940 1058.1
1181950 1058.1
1181960 1055.4
1181970 1052.9
1181980 1052.9
1181990 1046.5
1182000 1038.6
1182010 1038.6
1182020 1030.4
1182030 1023.2
1182040 1023.2
1182050 1019.2
1182060 1020.1
1182070 1020.1
1182080 1018.4
1182090 1015.1
1182100 1015.1
1182110 1012.2
1182120 1010.4
1182130 1008.3
1182140 1008.3
1182150 1006.5
1182160 1005.3
1182170 1005.3
1182180 1003.9
1182190 1002.9
1182200 1002.9
1182210 1001.9
1182220 999.8
1182230 999.8
1182240 997.3
1182250 995.7
1182260 995.7
1182270 994.3
1182280 993.1
1182290 993.1
1182300 991.3
1182310 990.3
1182320 990.3
1182330 988.8
1182340 988.3
1182350 988.3
1182360 987.4
1182370 987.4
1182380 985.8
1182390 985.8
1182400 984.1
1182410 981.9
1182420 981.9
1182430 978.8
1182440 977.4
1182450 977.4
1182460 978.5
1182470 978.3
1182480 979.6
1182490 979.0
1182500 977.3
1182510 977.3
1182520 974.2
1182530 972.6
1182540 972.6
1182550 971.7
1182560 970.4
1182570 970.4
1182580 968.7
1182590 967.1
1182600 967.1
1182610 964.4
1182620 959.5
1182630 956.9
1182640 956.9
1182650 955.5
1182660 955.2
1182670 955.2
1182680 955.6
1182690 955.3
1182700 955.3
1182710 953.8
1182720 952.3
1182730 952.3
1182740 950.9
1182750 948.8
1182760 948.8
1182770 945.9
1182780 943.4
1182790 943.4
1182800 940.8
1182810 937.6
1182820 937.6
1182830 934.6
1182840 932.4
1182850 932.4
1182860 930.4
1182870 928.6
1182880 927.3
1182890 927.3
1182900 929.7
1182910 928.7
1182920 928.7
1182930 926.9
1182940 925.8
1182950 925.8
1182960 924.0
1182970 921.6
1182980 921.6
1182990 918.8
1183000 915.8
1183010 915.8
1183020 910.8
1183030 905.1
1183040 905.1
1183050 899.7
1183060 897.5
1183070 897.5
1183080 896.6
1183090 896.6
1183100 896.6
1183110 896.8
1183120 896.7
1183130 893.9
1183140 893.9
1183150 885.0
1183160 879.7
1183170 879.7
1183180 876.7
1183190 874.6
1183200 874.6
1183210 873.0
1183220 871.8
1183230 871.8
1183240 871.6
1183250 870.3
1183260 870.3
1183270 870.6
1183280 871.3
1183290 871.3
1183300 872.6
1183310 873.0
1183320 866.2
1183330 865.8
1183340 864.8
1183350 863.7
1183360 863.7
1183370 865.6
1183380 867.2
1183390 867.2
1183400 867.3
1183410 866.4
1183420 866.4
1183430 865.8
1183440 865.3
1183450 865.3
1183460 861.6
1183470 858.5
1183480 858.5
1183490 857.9
1183500 858.7
1183510 858.7
1183520 857.1
1183530 853.6
1183540 853.6
1183550 851.5
1183560 848.2
1183570 848.2
1183580 846.5
1183590 845.7
1183600 844.8
1183610 844.8
1183620 840.5
1183630 836.7
1183640 836.7
1183650 835.0
1183660 831.8
1183670 831.8
1183680 829.4
1183690 827.2
1183700 827.2
1183710 825.1
1183720 824.5
1183730 824.5
1183740 823.8
1183750 819.8
1183760 819.8
1183770 819.7
1183780 819.3
1183790 819.3
1183800 818.6
1183810 818.0
1183820 818.0
1183830 818.8
1183840 821.2
1183850 823.2
1183860 823.2
1183870 824.0
1183880 825.0
1183890 825.0
1183900 826.5
1183910 828.3
1183920 828.3
1183930 828.5
1183940 829.0
1183950 829.0
1183960 832.0
1183970 832.5
1183980 832.5
1183990 831.6
1184000 832.5
1184010 832.5
1184020 835.3
1184030 834.9
1184040 834.9
1184050 833.2
1184060 831.9
1184070 831.9
1184080 830.6
1184090 828.5
1184100 826.7
1184110 826.7
1184120 824.9
1184130 823.7
1184140 823.7
1184150 820.9
1184160 818.4
1184170 819.3
1184180 818.2
1184190 816.5
1184200 816.5
1184210 816.2
1184220 814.8
1184230 814.8
1184240 813.0
1184250 811.9
1184260 811.9
1184270 810.8
1184280 808.9
1184290 808.9
1184300 807.9
1184310 806.7
1184320 806.7
1184330 805.7
1184340 804.4
1184350 801.8
1184360 801.8
1184370 801.7
1184380 800.7
1184390 800.7
1184400 799.5
1184410 799.0
1184420 799.0
1184430 798.4
1184440 797.8
1184450 797.8
1184460 796.0
1184470 792.9
1184480 792.9
1184490 791.6
1184500 791.1
1184510 791.1
1184520 789.4
1184530 787.3
1184540 787.3
1184550 785.6
1184560 785.3
1184570 785.3
1184580 785.4
1184590 783.9
1184600 782.8
1184610 782.8
1184620 781.8
1184630 781.4
1184640 781.4
1184650 780.5
1184660 779.6
1184670 779.6
1184680 779.1
1184690 778.5
1184700 778.5
1184710 777.8
1184720 776.4
1184730 776.4
1184740 775.2
1184750 774.4
1184760 774.4
1184770 773.8
1184780 772.8
1184790 772.8
1184800 770.2
1184810 767.5
1184820 767.5
1184830 763.5
1184840 761.8
1184850 758.9
1184860 758.9
1184870 751.7
1184880 748.0
1184890 748.0
1184900 745.3
1184910 744.6
1184920 744.6
1184930 744.6
1184940 744.4
1184950 744.4
1184960 743.7
1184970 743.6
1184980 743.6
1184990 745.2
1185000 746.3
1185010 746.3
1185020 750.1
1185030 750.5
1185040 750.5
1185050 750.8
1185060 752.6
1185070 752.6
1185080 755.8
1185090 751.8
1185100 748.6
1185110 748.6
1185120 746.7
1185130 741.9
1185140 741.9
1185150 739.6
1185160 737.4
1185170 737.4
1185180 736.1
1185190 736.0
1185200 736.0
1185210 735.9
1185220 735.9
1185230 735.9
1185240 736.2
1185250 738.8
1185260 738.8
1185270 741.8
1185280 741.8
1185290 741.8
1185300 741.9
1185310 742.2
1185320 742.2
1185330 742.4
1185340 742.6
1185350 742.9
1185360 742.9
1185370 743.1
1185380 743.3
1185390 743.3
1185400 745.1
1185410 747.7
1185420 747.7
1185430 750.7
1185440 762.2
1185450 762.2
1185460 768.2
1185470 773.8
1185480 773.8
1185490 779.2
1185500 784.7
1185510 784.7
1185520 793.3
1185530 806.1
1185540 806.1
1185550 813.0
1185560 817.0
1185570 817.0
1185580 820.1
1185590 823.1
1185600 825.9
1185610 825.9
1185620 830.0
1185630 834.3
1185640 834.3
1185650 837.1
1185660 839.4
1185670 839.4
1185680 841.2
1185690 843.8
1185700 843.8
1185710 846.6
1185720 849.7
1185730 849.7
1185740 852.9
1185750 856.5
1185760 856.5
1185770 860.4
1185780 864.0
1185790 864.0
1185800 867.5
1185810 870.0
1185820 870.0
1185830 872.9
1185840 876.0
1185850 877.7
1185860 882.1
1185870 884.0
1185880 886.0
1185890 886.0
1185900 886.9
1185910 887.4
1185920 887.4
1185930 887.8
1185940 888.7
1185950 888.7
1185960 890.8
1185970 893.1
1185980 893.1
1185990 896.1
1186000 898.6
1186010 898.6
1186020 901.7
1186030 905.6
1186040 905.6
1186050 908.4
1186060 910.6
1186070 910.6
1186080 913.2
1186090 916.0
1186100 920.0
1186110 920.0
1186120 923.2
1186130 924.3
1186140 924.3
1186150 925.8
1186160 928.8
1186170 928.8
1186180 932.7
1186190 935.4
1186200 935.4
1186210 937.1
1186220 937.9
1186230 937.9
1186240 939.7
1186250 941.6
1186260 941.6
1186270 942.5
1186280 942.8
1186290 947.1
1186300 947.5
1186310 948.8
1186320 948.8
1186330 950.3
1186340 951.6
1186350 953.4
1186360 953.4
1186370 956.3
1186380 959.2
1186390 959.2
1186400 961.4
1186410 962.9
1186420 962.9
1186430 964.0
1186440 963.8
1186450 963.8
1186460 963.8
1186470 965.0
1186480 965.0
1186490 966.7
1186500 968.1
1186510 968.1
1186520 968.6
1186530 969.7
1186540 969.7
1186550 970.7
1186560 971.3
1186570 971.7
1186580 971.7
1186590 973.0
1186600 974.6
1186610 974.6
1186620 974.8
1186630 975.7
1186640 975.7
1186650 977.2
1186660 976.9
1186670 976.9
1186680 974.9
1186690 972.8
1186700 972.8
1186710 970.6
1186720 973.8
1186730 973.8
1186740 976.3
1186750 978.7
1186760 978.7
1186770 980.3
1186780 979.9
1186790 979.9
1186800 977.6
1186810 975.0
1186820 972.9
1186830 972.9
1186840 972.7
1186850 973.7
1186860 973.7
1186870 976.7
1186880 980.3
1186890 980.3
1186900 983.9
1186910 987.2
1186920 987.2
1186930 990.8
1186940 995.0
1186950 995.0
1186960 997.3
1186970 999.3
1186980 999.3
1186990 999.6
1187000 999.3
1187010 999.3
1187020 999.1
1187030 1001.0
1187040 1001.0
1187050 1003.7
1187060 1005.6
1187070 1008.5
1187080 1008.5
1187090 1011.9
1187100 1014.6
1187110 1014.6
1187120 1016.8
1187130 1018.6
1187140 1022.3
1187150 1023.1
1187160 1023.4
1187170 1023.4
1187180 1023.1
1187190 1022.7
1187200 1022.7
1187210 1022.7
1187220 1022.5
1187230 1022.5
1187240 1022.3
1187250 1022.6
1187260 1022.6
1187270 1022.3
1187280 1022.0
1187290 1022.0
1187300 1022.3
1187310 1022.5
1187320 1023.0
1187330 1023.0
1187340 1023.2
1187350 1023.2
1187360 1023.2
1187370 1023.2
1187380 1023.8
1187390 1023.8
1187400 1024.5
1187410 1024.5
1187420 1024.5
1187430 1024.6
1187440 1026.4
1187450 1026.4
1187460 1028.8
1187470 1030.6
1187480 1030.6
1187490 1031.0
1187500 1030.6
1187510 1030.6
1187520 1030.3
1187530 1030.3
1187540 1030.3
1187550 1030.6
1187560 1031.2
1187570 1032.3
1187580 1032.3
1187590 1033.3
1187600 1034.1
1187610 1034.1
1187620 1034.8
1187630 1035.4
1187640 1035.4
1187650 1035.7
1187660 1035.7
1187670 1035.7
1187680 1035.5
1187690 1035.5
1187700 1035.5
1187710 1035.4
1187720 1034.8
1187730 1034.8
1187740 1034.2
1187750 1033.9
1187760 1033.9
1187770 1034.1
1187780 1034.6
1187790 1034.6
1187800 1035.4
1187810 1036.2
1187820 1036.1
1187830 1036.1
1187840 1036.0
1187850 1036.9
1187860 1036.9
1187870 1037.9
1187880 1038.2
1187890 1038.2
1187900 1038.0
1187910 1036.8
1187920 1036.8
1187930 1033.8
1187940 1030.7
1187950 1030.7
1187960 1029.3
1187970 1030.6
1187980 1030.6
1187990 1031.8
1188000 1038.4
1188010 1038.4
1188020 1038.6
1188030 1039.6
1188040 1039.6
1188050 1041.5
1188060 1044.2
1188070 1047.3
1188080 1047.3
1188090 1050.3
1188100 1053.0
1188110 1053.0
1188120 1055.3
1188130 1057.0
1188140 1057.0
1188150 1058.1
1188160 1059.5
1188170 1059.5
1188180 1060.3
1188190 1060.4
1188200 1060.4
1188210 1059.1
1188220 1058.1
1188230 1058.1
1188240 1058.5
1188250 1059.3
1188260 1059.3
1188270 1060.4
1188280 1062.5
1188290 1062.5
1188300 1064.5
1188310 1065.8
1188320 1066.6
1188330 1066.6
1188340 1068.2
1188350 1070.0
1188360 1070.0
1188370 1072.0
1188380 1073.1
1188390 1073.1
1188400 1074.3
1188410 1075.5
1188420 1075.5
1188430 1081.6
1188440 1083.6
1188450 1083.6
1188460 1085.1
1188470 1086.9
1188480 1086.9
1188490 1089.6
1188500 1090.8
1188510 1090.8
1188520 1090.0
1188530 1091.6
1188540 1091.6
1188550 1095.7
1188560 1097.2
1188570 1098.3
1188580 1098.3
1188590 1098.6
1188600 1098.6
1188610 1098.6
1188620 1096.2
1188630 1088.1
1188640 1088.1
1188650 1079.7
1188660 1071.8
1188670 1071.8
1188680 1063.5
1188690 1059.5
1188700 1059.5
1188710 1055.4
1188720 1047.4
1188730 1047.4
1188740 1038.9
1188750 1030.9
1188760 1030.9
1188770 1021.6
1188780 1013.6
1188790 1013.6
1188800 1007.7
1188810 1006.7
1188820 1006.6
1188830 1006.6
1188840 1008.2
1188850 1013.8
1188860 1012.2
1188870 1013.7
1188880 1016.4
1188890 1016.4
1188900 1024.0
1188910 1032.8
1188920 1032.8
1188930 1040.6
1188940 1046.4
1188950 1046.4
1188960 1053.4
1188970 1061.3
1188980 1061.3
1188990 1069.7
1189000 1079.7
1189010 1079.7
1189020 1093.5
1189030 1104.5
1189040 1104.5
1189050 1110.7
1189060 1117.1
1189070 1122.6
1189080 1122.6
1189090 1125.1
1189100 1126.0
1189110 1126.0
1189120 1130.1
1189130 1136.9
1189140 1136.9
1189150 1143.1
1189160 1144.1
1189170 1144.1
1189180 1144.3
1189190 1144.8
1189200 1144.8
1189210 1145.7
1189220 1146.8
1189230 1146.8
1189240 1148.7
1189250 1151.7
1189260 1151.7
1189270 1154.2
1189280 1156.7
1189290 1161.2
1189300 1161.2
1189310 1164.1
1189320 1165.2
1189330 1165.2
1189340 1161.3
1189350 1155.8
1189360 1155.8
1189370 1150.5
1189380 1145.0
1189390 1145.0
1189400 1142.5
1189410 1147.0
1189420 1147.0
1189430 1152.2
1189440 1156.7
1189450 1156.7
1189460 1160.6
1189470 1164.4
1189480 1164.4
1189490 1168.0
1189500 1170.8
1189510 1170.8
1189520 1172.0
1189530 1172.3
1189540 1172.2
1189550 1172.2
1189560 1172.9
1189570 1174.2
1189580 1174.2
1189590 1177.0
1189600 1179.8
1189610 1179.8
1189620 1182.7
1189630 1185.7
1189640 1185.7
1189650 1189.1
1189660 1193.2
1189670 1193.2
1189680 1197.8
1189690 1203.3
1189700 1203.3
1189710 1208.8
1189720 1214.4
1189730 1214.4
1189740 1218.5
1189750 1222.2
1189760 1222.2
1189770 1224.1
1189780 1221.6
1189790 1219.6
1189800 1219.6
1189810 1218.3
1189820 1215.2
1189830 1215.2
1189840 1215.9
1189850 1223.8
1189860 1223.8
1189870 1231.4
1189880 1237.8
1189890 1237.8
1189900 1243.6
1189910 1249.0
1189920 1249.0
1189930 1254.4
1189940 1259.7
1189950 1259.7
1189960 1263.6
1189970 1266.9
1189980 1266.9
1189990 1271.0
1190000 1275.3
1190010 1275.3
1190020 1279.8
1190030 1284.4
1190040 1288.6
1190050 1288.6
1190060 1292.0
1190070 1294.6
1190080 1294.6
1190090 1298.1
1190100 1303.6
1190110 1303.6
1190120 1307.9
1190130 1311.0
1190140 1311.0
1190150 1315.3
1190160 1318.9
1190170 1318.9
1190180 1322.0
1190190 1325.1
1190200 1325.1
1190210 1328.2
1190220 1331.7
1190230 1331.7
1190240 1336.4
1190250 1339.7
1190260 1339.7
1190270 1343.4
1190280 1347.4
1190290 1352.2
1190300 1352.2
1190310 1356.9
1190320 1360.9
1190330 1360.9
1190340 1365.8
1190350 1369.8
1190360 1369.8
1190370 1372.6
1190380 1376.4
1190390 1376.4
1190400 1381.1
1190410 1385.8
1190420 1385.8
1190430 1390.1
1190440 1394.2
1190450 1394.2
1190460 1398.7
1190470 1403.1
1190480 1403.1
1190490 1407.1
1190500 1411.3
1190510 1411.3
1190520 1416.0
1190530 1420.3
1190540 1424.8
1190550 1424.8
1190560 1428.5
1190570 1432.1
1190580 1435.5
1190590 1440.4
1190600 1445.2
1190610 1445.2
1190620 1450.5
1190630 1455.3
1190640 1455.3
1190650 1458.9
1190660 1462.7
1190670 1462.7
1190680 1467.3
1190690 1471.9
1190700 1471.9
1190710 1476.0
1190720 1480.3
1190730 1480.3
1190740 1483.7
1190750 1486.9
1190760 1486.9
1190770 1490.6
1190780 1494.3
1190790 1498.1
1190800 1498.1
1190810 1501.4
1190820 1504.8
1190830 1504.8
1190840 1508.8
1190850 1513.0
1190860 1513.0
1190870 1516.0
1190880 1518.1
1190890 1518.1
1190900 1520.5
1190910 1524.0
1190920 1524.0
1190930 1526.9
1190940 1529.1
1190950 1529.1
1190960 1531.3
1190970 1533.1
1190980 1533.1
1190990 1534.8
1191000 1536.5
1191010 1538.0
1191020 1540.1
1191030 1542.4
1191040 1544.7
1191050 1544.7
1191060 1547.7
1191070 1551.4
1191080 1551.4
1191090 1554.8
1191100 1557.6
1191110 1557.6
1191120 1560.5
1191130 1564.0
1191140 1564.0
1191150 1566.9
1191160 1569.2
1191170 1569.2
1191180 1571.4
1191190 1573.4
1191200 1573.4
1191210 1574.6
1191220 1575.8
1191230 1575.8
1191240 1577.6
1191250 1579.3
1191260 1579.3
1191270 1580.8
1191280 1582.5
1191290 1584.5
1191300 1584.5
1191310 1587.5
1191320 1590.6
1191330 1590.6
1191340 1594.1
1191350 1597.3
1191360 1597.3
1191370 1601.0
1191380 1605.0
1191390 1605.0
1191400 1608.3
1191410 1611.4
1191420 1611.4
1191430 1614.4
1191440 1614.9
1191450 1616.9
1191460 1618.4
1191470 1620.4
1191480 1620.4
1191490 1622.0
1191500 1624.4
1191510 1624.4
1191520 1626.7
1191530 1628.8
1191540 1630.9
1191550 1630.9
1191560 1633.5
1191570 1636.2
1191580 1636.2
1191590 1638.2
1191600 1640.5
1191610 1640.5
1191620 1643.1
1191630 1645.4
1191640 1645.4
1191650 1648.0
1191660 1648.5
1191670 1648.5
1191680 1648.6
1191690 1650.1
1191700 1650.1
1191710 1653.1
1191720 1656.1
1191730 1656.1
1191740 1658.8
1191750 1661.0
1191760 1662.2
1191770 1662.2
1191780 1662.8
1191790 1663.0
1191800 1663.0
1191810 1663.9
1191820 1665.5
1191830 1665.5
1191840 1668.0
1191850 1670.1
1191860 1670.1
1191870 1671.2
1191880 1676.9
1191890 1676.9
1191900 1678.2
1191910 1680.0
1191920 1680.0
1191930 1681.8
1191940 1683.3
1191950 1683.3
1191960 1684.6
1191970 1685.3
1191980 1685.3
1191990 1686.2
1192000 1686.8
1192010 1686.9
1192020 1686.9
1192030 1686.8
1192040 1686.8
1192050 1686.8
1192060 1686.5
1192070 1686.0
1192080 1686.0
1192090 1686.0
1192100 1686.6
1192110 1686.6
1192120 1687.1
1192130 1687.4
1192140 1687.4
1192150 1687.9
1192160 1688.2
1192170 1688.2
1192180 1688.1
1192190 1688.0
1192200 1688.0
1192210 1688.1
1192220 1687.5
1192230 1687.5
1192240 1687.1
1192250 1686.6
1192260 1685.6
1192270 1685.6
1192280 1684.8
1192290 1684.6
1192300 1684.6
1192310 1683.8
1192320 1685.4
1192330 1685.4
1192340 1683.2
1192350 1682.1
1192360 1682.1
1192370 1681.6
1192380 1679.9
1192390 1679.9
1192400 1679.9
1192410 1680.0
1192420 1680.0
1192430 1678.8
1192440 1678.7
1192450 1678.7
1192460 1680.3
1192470 1681.9
1192480 1681.9
1192490 1683.3
1192500 1683.8
1192510 1684.7
1192520 1684.7
1192530 1685.6
1192540 1686.7
1192550 1686.7
1192560 1688.1
1192570 1689.0
1192580 1689.0
1192590 1688.7
1192600 1690.0
1192610 1690.0
1192620 1693.0
1192630 1695.1
1192640 1695.1
1192650 1697.6
1192660 1700.2
1192670 1700.2
1192680 1703.3
1192690 1706.7
1192700 1706.7
1192710 1710.3
1192720 1713.8
1192730 1713.8
1192740 1717.6
1192750 1727.5
1192760 1731.2
1192770 1731.2
1192780 1733.8
1192790 1734.8
1192800 1734.8
1192810 1735.8
1192820 1736.9
1192830 1736.9
1192840 1737.9
1192850 1739.5
1192860 1739.5
1192870 1741.9
1192880 1744.1
1192890 1744.1
1192900 1744.9
1192910 1745.4
1192920 1745.4
1192930 1746.5
1192940 1747.5
1192950 1747.5
1192960 1748.4
1192970 1749.7
1192980 1749.7
1192990 1751.7
1193000 1753.5
1193010 1755.0
1193020 1755.0
1193030 1756.4
1193040 1757.4
1193050 1757.4
1193060 1758.5
1193070 1759.4
1193080 1759.4
1193090 1760.8
1193100 1762.8
1193110 1762.8
1193120 1764.6
1193130 1766.2
1193140 1766.2
1193150 1767.3
1193160 1768.3
1193170 1768.3
1193180 1769.5
1193190 1771.4
1193200 1771.4
1193210 1772.2
1193220 1773.1
1193230 1773.1
1193240 1773.6
1193250 1774.3
1193260 1775.3
1193270 1775.3
1193280 1776.7
1193290 1777.8
1193300 1777.8
1193310 1778.7
1193320 1779.8
1193330 1779.8
1193340 1781.6
1193350 1782.9
1193360 1782.9
1193370 1783.7
1193380 1784.3
1193390 1784.3
1193400 1784.7
1193410 1785.9
1193420 1785.9
1193430 1787.9
1193440 1789.6
1193450 1789.6
1193460 1790.8
1193470 1791.6
1193480 1791.6
1193490 1792.8
1193500 1793.4
1193510 1794.3
1193520 1794.3
1193530 1795.9
1193540 1797.9
1193550 1797.9
1193560 1800.3
1193570 1802.9
1193580 1802.9
1193590 1805.0
1193600 1806.7
1193610 1806.7
1193620 1807.8
1193630 1809.0
1193640 1809.0
1193650 1809.9
1193660 1809.9
1193670 1809.9
1193680 1808.4
1193690 1807.1
1193700 1807.1
1193710 1806.6
1193720 1806.8
1193730 1806.8
1193740 1806.7
1193750 1806.0
1193760 1804.9
1193770 1804.9
1193780 1802.2
1193790 1797.5
1193800 1797.5
1193810 1791.5
1193820 1785.4
1193830 1785.4
1193840 1778.6
1193850 1772.6
1193860 1772.6
1193870 1767.6
1193880 1762.6
1193890 1762.6
1193900 1757.3
1193910 1751.9
1193920 1751.9
1193930 1745.2
1193940 1740.1
1193950 1740.1
1193960 1735.6
1193970 1731.4
1193980 1731.4
1193990 1727.7
1194000 1723.3
1194010 1719.2
1194020 1719.2
1194030 1715.3
1194040 1711.2
1194050 1711.2
1194060 1705.9
1194070 1700.8
1194080 1700.8
1194090 1695.7
1194100 1690.7
1194110 1690.7
1194120 1686.1
1194130 1681.5
1194140 1681.5
1194150 1676.9
1194160 1672.6
1194170 1672.6
1194180 1668.0
1194190 1663.3
1194200 1663.3
1194210 1658.8
1194220 1654.6
1194230 1650.2
1194240 1650.2
1194250 1646.0
1194260 1642.1
1194270 1642.1
1194280 1638.5
1194290 1634.8
1194300 1634.8
1194310 1631.2
1194320 1627.5
1194330 1627.5
1194340 1623.6
1194350 1620.0
1194360 1620.0
1194370 1616.7
1194380 1613.1
1194390 1613.1
1194400 1608.6
1194410 1603.4
1194420 1603.4
1194430 1599.0
1194440 1595.8
1194450 1595.8
1194460 1592.5
1194470 1589.7
1194480 1586.6
1194490 1586.6
1194500 1582.6
1194510 1579.4
1194520 1579.4
1194530 1576.5
1194540 1573.9
1194550 1573.9
1194560 1570.6
1194570 1567.9
1194580 1567.9
1194590 1565.5
1194600 1562.4
1194610 1562.4
1194620 1560.0
1194630 1557.5
1194640 1557.5
1194650 1554.7
1194660 1552.0
1194670 1552.0
1194680 1548.9
1194690 1545.6
1194700 1545.6
1194710 1542.2
1194720 1538.9
1194730 1536.6
1194740 1536.6
1194750 1534.6
1194760 1532.6
1194770 1532.6
1194780 1530.6
1194790 1528.5
1194800 1528.5
1194810 1526.2
1194820 1523.7
1194830 1523.7
1194840 1521.0
1194850 1518.3
1194860 1518.3
1194870 1515.4
1194880 1512.5
1194890 1512.5
1194900 1509.7
1194910 1506.6
1194920 1506.6
1194930 1503.7
1194940 1499.7
1194950 1499.7
1194960 1495.0
1194970 1490.1
1194980 1485.3
1194990 1485.3
1195000 1480.9
1195010 1477.0
1195020 1477.0
1195030 1474.2
1195040 1471.9
1195050 1471.9
1195060 1468.9
1195070 1465.6
1195080 1465.6
1195090 1462.5
1195100 1459.4
1195110 1459.4
1195120 1456.7
1195130 1453.8
1195140 1453.8
1195150 1450.6
1195160 1446.9
1195170 1446.9
1195180 1443.5
1195190 1441.8
1195200 1441.8
1195210 1439.7
1195220 1437.0
1195230 1433.7
1195240 1433.7
1195250 1430.4
1195260 1427.9
1195270 1427.9
1195280 1426.2
1195290 1425.4
1195300 1425.4
1195310 1423.4
1195320 1420.7
1195330 1420.7
1195340 1417.0
1195350 1412.2
1195360 1412.2
1195370 1407.6
1195380 1402.4
1195390 1402.4
1195400 1397.0
1195410 1392.6
1195420 1392.6
1195430 1389.0
1195440 1384.9
1195450 1384.9
1195460 1380.0
1195470 1372.7
1195480 1366.7
1195490 1366.7
1195500 1363.5
1195510 1360.5
1195520 1360.5
1195530 1357.4
1195540 1354.1
1195550 1354.1
1195560 1350.3
1195570 1346.4
1195580 1346.4
1195590 1342.9
1195600 1339.1
1195610 1339.1
1195620 1335.0
1195630 1331.2
1195640 1331.2
1195650 1327.9
1195660 1324.4
1195670 1324.4
1195680 1319.2
1195690 1313.2
1195700 1313.2
1195710 1307.9
1195720 1302.9
1195730 1297.2
1195740 1297.2
1195750 1291.6
1195760 1285.9
1195770 1285.9
1195780 1280.5
1195790 1275.1
1195800 1275.1
1195810 1270.2
1195820 1264.6
1195830 1264.6
1195840 1259.3
1195850 1254.4
1195860 1254.4
1195870 1249.8
1195880 1245.1
1195890 1245.1
1195900 1239.6
1195910 1234.7
1195920 1234.7
1195930 1230.3
1195940 1226.1
1195950 1226.1
1195960 1221.9
1195970 1216.7
1195980 1211.4
1195990 1211.4
1196000 1205.7
1196010 1199.9
1196020 1199.9
1196030 1193.9
1196040 1189.3
1196050 1189.3
1196060 1185.1
1196070 1181.4
1196080 1181.4
1196090 1177.7
1196100 1173.1
1196110 1173.1
1196120 1167.9
1196130 1162.1
1196140 1162.1
1196150 1159.2
1196160 1156.1
1196170 1156.1
1196180 1152.3
1196190 1149.3
1196200 1149.3
1196210 1144.7
1196220 1140.5
1196230 1137.3
1196240 1137.3
1196250 1134.1
1196260 1129.5
1196270 1129.5
1196280 1126.9
1196290 1124.9
1196300 1124.9
1196310 1121.4
1196320 1117.0
1196330 1117.0
1196340 1112.8
1196350 1108.5
1196360 1108.5
1196370 1104.4
1196380 1100.1
1196390 1100.1
1196400 1095.7
1196410 1091.3
1196420 1091.3
1196430 1086.1
1196440 1082.5
1196450 1082.5
1196460 1079.2
1196470 1074.6
1196480 1070.7
1196490 1070.7
1196500 1068.0
1196510 1065.3
1196520 1065.3
1196530 1062.7
1196540 1059.8
1196550 1059.8
1196560 1056.0
1196570 1052.4
1196580 1052.4
1196590 1048.8
1196600 1045.5
1196610 1045.5
1196620 1040.2
1196630 1032.6
1196640 1032.6
1196650 1023.1
1196660 1013.6
1196670 1013.6
1196680 1011.7
1196690 1016.6
1196700 1010.4
1196710 1010.4
1196720 1009.8
1196730 1007.8
1196740 1007.8
1196750 1004.9
1196760 1001.5
1196770 1001.5
1196780 997.3
1196790 993.4
1196800 993.4
1196810 988.9
1196820 984.4
1196830 984.4
1196840 981.2
1196850 976.5
1196860 976.5
1196870 970.9
1196880 966.1
1196890 966.1
1196900 961.2
1196910 956.9
1196920 956.9
1196930 952.5
1196940 947.8
1196950 943.0
1196960 943.0
1196970 939.5
1196980 938.7
1196990 938.7
1197000 935.2
1197010 929.5
1197020 929.5
1197030 923.8
1197040 919.5
1197050 919.5
1197060 916.5
1197070 913.6
1197080 913.6
1197090 909.9
1197100 907.0
1197110 907.0
1197120 904.8
1197130 903.1
1197140 902.3
1197150 898.7
1197160 893.6
1197170 893.6
1197180 888.2
1197190 883.3
1197200 879.0
1197210 879.0
1197220 874.7
1197230 870.6
1197240 870.6
1197250 865.4
1197260 859.7
1197270 859.7
1197280 856.1
1197290 851.6
1197300 851.6
1197310 846.0
1197320 839.4
1197330 839.4
1197340 834.1
1197350 832.6
1197360 832.6
1197370 828.6
1197380 820.3
1197390 820.3
1197400 814.9
1197410 812.1
1197420 812.1
1197430 808.6
1197440 800.6
1197450 794.2
1197460 794.2
1197470 788.5
1197480 783.1
1197490 783.1
1197500 776.0
1197510 770.4
1197520 770.4
1197530 765.4
1197540 761.9
1197550 761.9
1197560 760.7
1197570 761.3
1197580 764.1
1197590 766.4
1197600 768.7
1197610 768.7
1197620 775.0
1197630 781.6
1197640 781.6
1197650 789.2
1197660 794.6
1197670 794.6
1197680 801.4
1197690 807.2
1197700 811.8
1197710 811.8
1197720 819.7
1197730 829.5
1197740 829.5
1197750 837.7
1197760 842.0
1197770 842.0
1197780 845.5
1197790 848.4
1197800 848.4
1197810 849.6
1197820 851.3
1197830 851.3
1197840 853.1
1197850 855.1
1197860 855.1
1197870 857.7
1197880 860.3
1197890 860.3
1197900 864.2
1197910 869.6
1197920 869.6
1197930 876.9
1197940 885.3
1197950 889.6
1197960 889.6
1197970 891.4
1197980 892.9
1197990 892.9
1198000 896.0
1198010 898.9
1198020 899.9
1198030 902.1
1198040 905.7
1198050 905.7
1198060 908.6
1198070 911.7
1198080 911.7
1198090 914.9
1198100 917.7
1198110 917.7
1198120 920.8
1198130 924.6
1198140 924.6
1198150 926.3
1198160 928.7
1198170 928.7
1198180 931.7
1198190 934.7
1198200 937.9
1198210 937.9
1198220 941.4
1198230 945.4
1198240 945.4
1198250 949.7
1198260 953.8
1198270 953.8
1198280 958.5
1198290 961.7
1198300 961.7
1198310 965.9
1198320 970.2
1198330 970.2
1198340 973.9
1198350 978.0
1198360 978.0
1198370 981.2
1198380 984.0
1198390 984.0
1198400 987.0
1198410 990.4
1198420 990.4
1198430 994.4
1198440 996.9
1198450 998.6
1198460 998.6
1198470 1005.6
1198480 1010.8
1198490 1010.8
1198500 1015.4
1198510 1021.1
1198520 1021.1
1198530 1027.6
1198540 1032.9
1198550 1032.9
1198560 1043.7
1198570 1064.6
1198580 1064.6
1198590 1080.7
1198600 1088.9
1198610 1088.9
1198620 1097.8
1198630 1108.2
1198640 1108.2
1198650 1120.5
1198660 1128.8
1198670 1128.8
1198680 1134.5
1198690 1142.1
1198700 1148.9
1198710 1148.9
1198720 1156.6
1198730 1167.6
1198740 1167.6
1198750 1171.4
1198760 1174.3
1198770 1174.3
1198780 1178.3
1198790 1180.5
1198800 1180.5
1198810 1182.1
1198820 1184.3
1198830 1184.3
1198840 1186.9
1198850 1190.4
1198860 1190.4
1198870 1195.3
1198880 1201.2
1198890 1201.2
1198900 1207.5
1198910 1212.7
1198920 1215.9
1198930 1215.9
1198940 1220.1
1198950 1224.4
1198960 1224.4
1198970 1228.3
1198980 1231.1
1198990 1231.1
1199000 1233.4
1199010 1236.2
1199020 1236.2
1199030 1238.6
1199040 1240.3
1199050 1240.3
1199060 1241.2
1199070 1241.8
1199080 1241.8
1199090 1243.3
1199100 1247.2
1199110 1247.2
1199120 1249.9
1199130 1249.7
1199140 1249.7
1199150 1249.4
1199160 1248.8
1199170 1246.3
1199180 1246.3
1199190 1243.1
1199200 1240.0
1199210 1240.0
1199220 1237.6
1199230 1234.3
1199240 1234.3
1199250 1230.7
1199260 1228.5
1199270 1228.5
1199280 1228.9
1199290 1229.9
1199300 1229.9
1199310 1231.1
1199320 1232.6
1199330 1232.6
1199340 1233.8
1199350 1234.7
1199360 1235.8
1199370 1237.1
1199380 1238.9
1199390 1238.9
1199400 1242.3
1199410 1246.3
1199420 1249.6
1199430 1249.6
1199440 1252.4
1199450 1255.3
1199460 1255.3
1199470 1258.1
1199480 1261.0
1199490 1261.0
1199500 1263.9
1199510 1266.6
1199520 1266.6
1199530 1269.7
1199540 1273.0
1199550 1273.0
1199560 1276.3
1199570 1279.2
1199580 1279.2
1199590 1281.9
1199600 1284.8
1199610 1284.8
1199620 1287.9
1199630 1290.2
1199640 1290.2
1199650 1290.9
1199660 1290.4
1199670 1289.1
1199680 1289.1
1199690 1287.3
1199700 1284.8
1199710 1284.8
1199720 1282.3
1199730 1283.1
1199740 1283.1
1199750 1284.7
1199760 1284.8
1199770 1284.8
1199780 1284.5
1199790 1284.6
1199800 1287.6
1199810 1287.7
1199820 1286.9
1199830 1286.9
1199840 1285.4
1199850 1283.4
1199860 1283.4
1199870 1281.6
1199880 1280.4
1199890 1280.4
1199900 1279.0
1199910 1278.2
1199920 1277.7
1199930 1277.7
1199940 1277.3
1199950 1277.0
1199960 1277.0
1199970 1276.7
1199980 1276.5
1199990 1276.5
