1180000 1210.1
1180010 1210.1
1180020 1210.7
1180030 1212.3
1180040 1212.3
1180050 1213.2
1180060 1212.6
1180070 1212.6
1180080 1212.2
1180090 1213.3
1180100 1213.3
1180110 1215.4
1180120 1216.4
1180130 1216.4
1180140 1216.7
1180150 1211.8
1180160 1211.8
1180170 1212.9
1180180 1212.6
1180190 1210.4
1180200 1210.4
1180210 1208.2
1180220 1207.4
1180230 1207.4
1180240 1208.2
1180250 1211.3
1180260 1211.3
1180270 1212.6
1180280 1211.9
1180290 1211.9
1180300 1213.1
1180310 1215.1
1180320 1215.1
1180330 1217.0
1180340 1216.7
1180350 1216.7
1180360 1216.3
1180370 1213.9
1180380 1213.9
1180390 1213.0
1180400 1211.6
1180410 1211.6
1180420 1210.1
1180430 1210.9
1180440 1212.2
1180450 1212.2
1180460 1212.0
1180470 1211.9
1180480 1211.9
1180490 1215.6
1180500 1218.5
1180510 1218.5
1180520 1223.5
1180530 1222.1
1180540 1222.1
1180550 1218.6
1180560 1219.5
1180570 1212.7
1180580 1216.1
1180590 1218.3
1180600 1218.3
1180610 1219.0
1180620 1218.2
1180630 1218.2
1180640 1216.0
1180650 1215.2
1180660 1215.2
1180670 1218.9
1180680 1226.1
1180690 1232.2
1180700 1232.2
1180710 1239.1
1180720 1243.4
1180730 1243.4
1180740 1245.1
1180750 1247.6
1180760 1247.6
1180770 1246.5
1180780 1245.8
1180790 1245.8
1180800 1242.8
1180810 1241.8
1180820 1241.8
1180830 1246.3
1180840 1250.4
1180850 1250.4
1180860 1258.2
1180870 1267.9
1180880 1267.9
1180890 1271.7
1180900 1273.8
1180910 1273.8
1180920 1274.5
1180930 1273.2
1180940 1270.3
1180950 1270.3
1180960 1265.4
1180970 1267.0
1180980 1267.0
1180990 1262.3
1181000 1263.5
1181010 1263.5
1181020 1265.0
1181030 1268.2
1181040 1268.2
1181050 1271.8
1181060 1272.7
1181070 1272.7
1181080 1272.3
1181090 1273.5
1181100 1273.5
1181110 1271.4
1181120 1270.2
1181130 1270.2
1181140 1271.1
1181150 1272.2
1181160 1272.2
1181170 1272.0
1181180 1271.7
1181190 1271.8
1181200 1271.8
1181210 1273.1
1181220 1273.9
1181230 1273.9
1181240 1274.4
1181250 1274.8
1181260 1274.8
1181270 1272.3
1181280 1268.1
1181290 1268.1
1181300 1264.1
1181310 1260.8
1181320 1260.8
1181330 1259.0
1181340 1257.3
1181350 1257.3
1181360 1253.1
1181370 1255.2
1181380 1255.2
1181390 1259.1
1181400 1260.8
1181410 1253.4
1181420 1253.9
1181430 1254.1
1181440 1254.5
1181450 1254.5
1181460 1256.2
1181470 1258.7
1181480 1258.7
1181490 1260.8
1181500 1262.3
1181510 1262.3
1181520 1262.6
1181530 1261.7
1181540 1261.7
1181550 1259.3
1181560 1255.3
1181570 1255.3
1181580 1251.9
1181590 1251.5
1181600 1251.5
1181610 1250.5
1181620 1244.8
1181630 1244.8
1181640 1239.4
1181650 1236.4
1181660 1236.4
1181670 1233.6
1181680 1227.6
1181690 1219.6
1181700 1219.6
1181710 1212.2
1181720 1205.2
1181730 1205.2
1181740 1198.6
1181750 1191.6
1181760 1191.6
1181770 1188.6
1181780 1189.4
1181790 1189.4
1181800 1189.5
1181810 1187.0
1181820 1187.0
1181830 1179.9
1181840 1177.6
1181850 1177.6
1181860 1174.7
1181870 1172.4
1181880 1172.4
1181890 1172.4
1181900 1171.0
1181910 1171.0
1181920 1169.1
1181930 1167.6
1181940 1166.6
1181950 1166.6
1181960 1165.1
1181970 1165.1
1181980 1165.1
1181990 1165.3
1182000 1165.2
1182010 1165.2
1182020 1165.2
1182030 1163.7
1182040 1163.7
1182050 1160.5
1182060 1158.9
1182070 1158.9
1182080 1156.5
1182090 1154.8
1182100 1154.8
1182110 1153.8
1182120 1152.2
1182130 1152.2
1182140 1148.5
1182150 1144.7
1182160 1144.7
1182170 1142.7
1182180 1141.1
1182190 1139.8
1182200 1139.8
1182210 1138.2
1182220 1136.5
1182230 1136.5
1182240 1136.1
1182250 1131.4
1182260 1131.4
1182270 1127.3
1182280 1129.1
1182290 1129.1
1182300 1132.7
1182310 1129.3
1182320 1129.3
1182330 1126.3
1182340 1123.5
1182350 1123.5
1182360 1119.5
1182370 1117.7
1182380 1117.7
1182390 1120.4
1182400 1121.7
1182410 1121.7
1182420 1123.3
1182430 1121.8
1182440 1119.7
1182450 1119.7
1182460 1116.3
1182470 1113.2
1182480 1113.2
1182490 1110.7
1182500 1107.7
1182510 1107.7
1182520 1103.1
1182530 1101.2
1182540 1101.2
1182550 1099.8
1182560 1096.3
1182570 1096.3
1182580 1091.4
1182590 1083.8
1182600 1083.8
1182610 1081.1
1182620 1083.9
1182630 1083.9
1182640 1086.6
1182650 1091.3
1182660 1091.3
1182670 1088.6
1182680 1094.8
1182690 1101.4
1182700 1101.4
1182710 1100.9
1182720 1100.0
1182730 1100.0
1182740 1099.0
1182750 1097.2
1182760 1097.2
1182770 1092.6
1182780 1087.1
1182790 1087.1
1182800 1082.8
1182810 1080.1
1182820 1080.1
1182830 1078.5
1182840 1077.8
1182850 1077.8
1182860 1077.6
1182870 1075.0
1182880 1075.0
1182890 1069.6
1182900 1064.6
1182910 1064.6
1182920 1061.7
1182930 1058.1
1182940 1059.5
1182950 1059.5
1182960 1064.0
1182970 1057.6
1182980 1057.6
1182990 1046.8
1183000 1040.1
1183010 1040.1
1183020 1034.7
1183030 1034.3
1183040 1034.3
1183050 1041.0
1183060 1044.0
1183070 1044.0
1183080 1043.4
1183090 1041.2
1183100 1041.2
1183110 1043.2
1183120 1045.5
1183130 1045.5
1183140 1047.6
1183150 1047.2
1183160 1044.2
1183170 1044.2
1183180 1045.6
1183190 1047.2
1183200 1047.2
1183210 1048.3
1183220 1049.3
1183230 1049.3
1183240 1052.0
1183250 1049.2
1183260 1049.2
1183270 1046.3
1183280 1041.5
1183290 1041.5
1183300 1038.5
1183310 1036.7
1183320 1036.7
1183330 1033.3
1183340 1033.6
1183350 1033.6
1183360 1033.7
1183370 1032.2
1183380 1032.2
1183390 1030.7
1183400 1030.9
1183410 1029.4
1183420 1029.4
1183430 1028.6
1183440 1028.7
1183450 1028.7
1183460 1028.6
1183470 1027.4
1183480 1027.4
1183490 1026.4
1183500 1024.3
1183510 1014.2
1183520 1014.2
1183530 1014.2
1183540 1014.2
1183550 1012.4
1183560 1010.0
1183570 1010.0
1183580 1005.4
1183590 999.4
1183600 999.4
1183610 991.5
1183620 986.3
1183630 986.3
1183640 980.5
1183650 974.9
1183660 969.3
1183670 969.3
1183680 962.6
1183690 956.6
1183700 956.6
1183710 952.4
1183720 951.1
1183730 951.1
1183740 948.5
1183750 945.8
1183760 945.8
1183770 945.7
1183780 948.2
1183790 948.2
1183800 952.3
1183810 956.0
1183820 956.0
1183830 959.1
1183840 961.0
1183850 961.0
1183860 962.0
1183870 961.5
1183880 961.5
1183890 959.3
1183900 955.2
1183910 955.2
1183920 955.2
1183930 948.6
1183940 945.2
1183950 945.2
1183960 941.5
1183970 939.0
1183980 939.0
1183990 935.8
1184000 931.3
1184010 931.3
1184020 925.6
1184030 920.5
1184040 920.5
1184050 915.9
1184060 911.4
1184070 911.4
1184080 906.5
1184090 901.0
1184100 901.0
1184110 895.0
1184120 889.6
1184130 889.6
1184140 884.0
1184150 877.8
1184160 872.0
1184170 872.0
1184180 866.6
1184190 860.8
1184200 860.8
1184210 855.2
1184220 849.8
1184230 849.8
1184240 844.2
1184250 838.8
1184260 838.8
1184270 833.5
1184280 828.1
1184290 828.1
1184300 822.5
1184310 816.8
1184320 816.8
1184330 810.8
1184340 804.4
1184350 804.4
1184360 796.2
1184370 790.7
1184380 790.7
1184390 785.4
1184400 782.8
1184410 781.6
1184420 781.6
1184430 781.0
1184440 780.3
1184450 780.3
1184460 779.3
1184470 778.6
1184480 778.6
1184490 777.9
1184500 777.2
1184510 777.2
1184520 776.5
1184530 775.7
1184540 775.7
1184550 775.2
1184560 774.3
1184570 774.3
1184580 773.6
1184590 773.2
1184600 773.2
1184610 772.3
1184620 770.9
1184630 770.9
1184640 770.5
1184650 770.1
1184660 769.9
1184670 769.9
1184680 768.9
1184690 768.3
1184700 768.3
1184710 767.7
1184720 767.2
1184730 767.2
1184740 766.6
1184750 765.9
1184760 765.9
1184770 765.1
1184780 764.7
1184790 764.7
1184800 763.9
1184810 763.2
1184820 763.2
1184830 762.6
1184840 762.1
1184850 762.1
1184860 762.1
1184870 761.8
1184880 761.8
1184890 761.0
1184900 760.8
1184910 760.3
1184920 760.3
1184930 759.6
1184940 759.3
1184950 759.3
1184960 759.3
1184970 759.3
1184980 759.3
1184990 758.3
1185000 757.7
1185010 757.7
1185020 757.6
1185030 757.7
1185040 757.7
1185050 756.9
1185060 754.4
1185070 754.4
1185080 754.4
1185090 753.6
1185100 753.6
1185110 749.9
1185120 749.3
1185130 749.3
1185140 748.9
1185150 747.3
1185160 741.8
1185170 741.8
1185180 738.4
1185190 735.5
1185200 735.3
1185210 734.7
1185220 734.7
1185230 734.7
1185240 734.8
1185250 734.8
1185260 734.8
1185270 736.5
1185280 740.3
1185290 740.3
1185300 740.7
1185310 740.8
1185320 740.8
1185330 740.6
1185340 740.4
1185350 740.4
1185360 740.0
1185370 739.8
1185380 739.8
1185390 739.9
1185400 740.0
1185410 740.0
1185420 740.0
1185430 740.0
1185440 740.1
1185450 740.1
1185460 739.9
1185470 739.7
1185480 739.7
1185490 739.6
1185500 739.5
1185510 739.5
1185520 739.5
1185530 739.7
1185540 739.7
1185550 739.9
1185560 740.3
1185570 740.3
1185580 740.4
1185590 740.3
1185600 740.3
1185610 740.1
1185620 739.9
1185630 739.9
1185640 740.2
1185650 740.2
1185660 740.2
1185670 740.2
1185680 740.1
1185690 740.2
1185700 740.2
1185710 740.3
1185720 740.3
1185730 740.3
1185740 740.0
1185750 739.8
1185760 739.8
1185770 739.7
1185780 739.9
1185790 739.9
1185800 740.0
1185810 739.9
1185820 739.9
1185830 739.7
1185840 739.7
1185850 739.7
1185860 739.4
1185870 739.2
1185880 739.2
1185890 739.3
1185900 739.4
1185910 739.5
1185920 739.5
1185930 739.8
1185940 740.3
1185950 740.3
1185960 741.0
1185970 741.3
1185980 741.3
1185990 741.1
1186000 740.6
1186010 740.6
1186020 740.3
1186030 740.4
1186040 740.4
1186050 743.9
1186060 744.3
1186070 744.3
1186080 744.6
1186090 744.6
1186100 744.6
1186110 744.9
1186120 747.1
1186130 747.1
1186140 750.1
1186150 752.6
1186160 755.3
1186170 755.3
1186180 756.9
1186190 757.6
1186200 757.6
1186210 759.1
1186220 761.8
1186230 761.8
1186240 762.4
1186250 762.1
1186260 762.1
1186270 764.7
1186280 767.6
1186290 767.6
1186300 767.4
1186310 765.9
1186320 765.9
1186330 768.3
1186340 771.8
1186350 771.8
1186360 776.1
1186370 780.4
1186380 780.4
1186390 782.4
1186400 783.2
1186410 783.5
1186420 783.5
1186430 784.9
1186440 788.2
1186450 788.2
1186460 791.3
1186470 792.9
1186480 801.2
1186490 802.4
1186500 804.4
1186510 804.4
1186520 806.7
1186530 808.9
1186540 808.9
1186550 810.8
1186560 812.4
1186570 812.4
1186580 814.4
1186590 816.5
1186600 816.5
1186610 818.1
1186620 820.0
1186630 820.0
1186640 822.8
1186650 824.8
1186660 826.1
1186670 826.1
1186680 825.4
1186690 824.8
1186700 824.8
1186710 829.8
1186720 835.0
1186730 835.0
1186740 838.9
1186750 843.0
1186760 843.0
1186770 846.7
1186780 850.4
1186790 850.4
1186800 857.2
1186810 863.0
1186820 863.0
1186830 867.5
1186840 871.6
1186850 871.6
1186860 874.8
1186870 877.5
1186880 877.5
1186890 879.4
1186900 885.1
1186910 886.8
1186920 886.8
1186930 889.4
1186940 892.3
1186950 892.3
1186960 894.8
1186970 896.8
1186980 896.8
1186990 898.8
1187000 900.2
1187010 900.2
1187020 901.5
1187030 902.9
1187040 902.9
1187050 904.7
1187060 906.0
1187070 906.0
1187080 906.8
1187090 906.9
1187100 906.9
1187110 906.6
1187120 906.7
1187130 907.4
1187140 907.4
1187150 907.6
1187160 907.3
1187170 907.3
1187180 907.5
1187190 908.4
1187200 908.4
1187210 910.3
1187220 912.8
1187230 912.8
1187240 915.0
1187250 916.8
1187260 916.8
1187270 919.7
1187280 921.9
1187290 921.9
1187300 923.0
1187310 924.2
1187320 924.2
1187330 929.8
1187340 931.9
1187350 931.9
1187360 934.2
1187370 934.8
1187380 936.5
1187390 936.5
1187400 938.6
1187410 939.9
1187420 939.9
1187430 940.0
1187440 937.7
1187450 937.7
1187460 937.2
1187470 939.8
1187480 939.8
1187490 942.1
1187500 945.7
1187510 945.7
1187520 949.0
1187530 950.4
1187540 950.4
1187550 951.8
1187560 953.5
1187570 953.5
1187580 954.5
1187590 955.7
1187600 955.7
1187610 957.4
1187620 958.7
1187630 960.2
1187640 960.2
1187650 960.6
1187660 960.4
1187670 960.4
1187680 961.1
1187690 961.5
1187700 961.5
1187710 961.6
1187720 961.4
1187730 961.4
1187740 961.0
1187750 960.5
1187760 962.2
1187770 961.7
1187780 961.1
1187790 961.1
1187800 960.4
1187810 959.7
1187820 959.7
1187830 959.0
1187840 958.2
1187850 958.2
1187860 957.1
1187870 956.0
1187880 955.0
1187890 955.0
1187900 952.8
1187910 949.3
1187920 949.3
1187930 947.0
1187940 948.1
1187950 948.1
1187960 951.2
1187970 953.2
1187980 953.2
1187990 953.0
1188000 952.2
1188010 952.2
1188020 950.6
1188030 948.7
1188040 948.7
1188050 947.9
1188060 947.9
1188070 947.9
1188080 948.3
1188090 948.7
1188100 948.7
1188110 948.8
1188120 949.0
1188130 949.4
1188140 949.4
1188150 950.1
1188160 950.5
1188170 950.5
1188180 948.2
1188190 944.9
1188200 944.9
1188210 942.9
1188220 942.9
1188230 942.9
1188240 943.7
1188250 946.8
1188260 946.8
1188270 952.5
1188280 956.1
1188290 956.1
1188300 954.7
1188310 954.9
1188320 954.9
1188330 958.8
1188340 962.1
1188350 962.1
1188360 963.7
1188370 964.6
1188380 964.9
1188390 964.9
1188400 968.3
1188410 969.8
1188420 969.8
1188430 970.5
1188440 973.1
1188450 973.1
1188460 975.2
1188470 976.6
1188480 976.6
1188490 977.3
1188500 978.4
1188510 978.4
1188520 980.2
1188530 982.5
1188540 982.5
1188550 984.7
1188560 985.3
1188570 985.3
1188580 983.5
1188590 976.5
1188600 976.5
1188610 961.7
1188620 951.5
1188630 939.0
1188640 939.0
1188650 927.8
1188660 929.8
1188670 929.8
1188680 936.5
1188690 931.3
1188700 931.3
1188710 903.3
1188720 890.7
1188730 890.7
1188740 897.3
1188750 912.7
1188760 912.7
1188770 927.4
1188780 938.5
1188790 938.5
1188800 949.7
1188810 964.6
1188820 964.6
1188830 977.3
1188840 988.2
1188850 988.2
1188860 1000.4
1188870 1011.6
1188880 1020.8
1188890 1020.8
1188900 1029.8
1188910 1036.7
1188920 1036.7
1188930 1040.2
1188940 1043.2
1188950 1043.2
1188960 1046.8
1188970 1049.5
1188980 1049.5
1188990 1051.9
1189000 1054.8
1189010 1054.8
1189020 1057.7
1189030 1059.7
1189040 1059.7
1189050 1062.4
1189060 1064.7
1189070 1064.7
1189080 1067.7
1189090 1070.5
1189100 1070.5
1189110 1071.9
1189120 1072.6
1189130 1073.1
1189140 1073.1
1189150 1073.6
1189160 1074.2
1189170 1074.2
1189180 1074.5
1189190 1073.9
1189200 1073.9
1189210 1070.2
1189220 1068.3
1189230 1068.3
1189240 1068.1
1189250 1069.3
1189260 1069.3
1189270 1072.0
1189280 1076.7
1189290 1076.7
1189300 1081.0
1189310 1084.8
1189320 1084.8
1189330 1087.9
1189340 1091.1
1189350 1091.1
1189360 1093.3
1189370 1095.4
1189380 1099.3
1189390 1099.3
1189400 1102.5
1189410 1104.9
1189420 1104.9
1189430 1108.1
1189440 1108.8
1189450 1108.8
1189460 1103.3
1189470 1096.2
1189480 1099.1
1189490 1094.2
1189500 1096.9
1189510 1096.9
1189520 1104.6
1189530 1108.2
1189540 1108.2
1189550 1111.9
1189560 1116.3
1189570 1116.3
1189580 1121.8
1189590 1127.4
1189600 1127.4
1189610 1129.8
1189620 1130.5
1189630 1131.5
1189640 1131.5
1189650 1133.4
1189660 1134.9
1189670 1134.9
1189680 1138.1
1189690 1141.6
1189700 1141.6
1189710 1145.2
1189720 1149.4
1189730 1149.4
1189740 1153.6
1189750 1157.5
1189760 1157.5
1189770 1161.3
1189780 1164.7
1189790 1164.7
1189800 1167.3
1189810 1169.5
1189820 1169.5
1189830 1172.1
1189840 1174.5
1189850 1174.5
1189860 1177.9
1189870 1181.1
1189880 1183.1
1189890 1183.1
1189900 1184.3
1189910 1189.0
1189920 1189.0
1189930 1189.3
1189940 1190.8
1189950 1190.8
1189960 1193.6
1189970 1197.3
1189980 1197.3
1189990 1200.8
1190000 1204.3
1190010 1204.3
1190020 1207.6
1190030 1210.9
1190040 1210.9
1190050 1214.3
1190060 1217.5
1190070 1217.5
1190080 1220.0
1190090 1221.9
1190100 1221.9
1190110 1224.9
1190120 1228.1
1190130 1230.6
1190140 1230.6
1190150 1232.3
1190160 1233.9
1190170 1233.9
1190180 1235.3
1190190 1237.0
1190200 1237.0
1190210 1238.9
1190220 1240.6
1190230 1240.6
1190240 1243.8
1190250 1246.1
1190260 1246.1
1190270 1249.6
1190280 1253.6
1190290 1253.6
1190300 1257.5
1190310 1260.8
1190320 1260.8
1190330 1265.6
1190340 1275.4
1190350 1282.0
1190360 1282.0
1190370 1286.3
1190380 1289.5
1190390 1289.5
1190400 1291.7
1190410 1294.4
1190420 1294.4
1190430 1297.4
1190440 1300.0
1190450 1300.0
1190460 1302.3
1190470 1303.5
1190480 1303.5
1190490 1303.9
1190500 1305.2
1190510 1305.2
1190520 1306.2
1190530 1308.2
1190540 1308.2
1190550 1311.9
1190560 1315.3
1190570 1315.3
1190580 1319.2
1190590 1322.7
1190600 1326.3
1190610 1326.3
1190620 1330.2
1190630 1334.3
1190640 1334.3
1190650 1338.2
1190660 1341.3
1190670 1341.3
1190680 1345.1
1190690 1349.3
1190700 1349.3
1190710 1353.1
1190720 1356.5
1190730 1356.5
1190740 1359.8
1190750 1363.0
1190760 1363.0
1190770 1374.6
1190780 1380.2
1190790 1380.2
1190800 1385.5
1190810 1390.2
1190820 1390.2
1190830 1394.0
1190840 1396.7
1190850 1399.8
1190860 1399.8
1190870 1403.6
1190880 1406.9
1190890 1406.9
1190900 1410.8
1190910 1414.1
1190920 1414.1
1190930 1417.9
1190940 1421.5
1190950 1421.5
1190960 1425.2
1190970 1428.9
1190980 1428.9
1190990 1432.8
1191000 1437.1
1191010 1437.1
1191020 1440.5
1191030 1443.3
1191040 1443.3
1191050 1446.1
1191060 1449.3
1191070 1449.3
1191080 1453.3
1191090 1457.0
1191100 1460.1
1191110 1460.1
1191120 1463.0
1191130 1465.0
1191140 1465.0
1191150 1466.6
1191160 1468.2
1191170 1468.2
1191180 1469.7
1191190 1471.4
1191200 1471.4
1191210 1482.3
1191220 1486.0
1191230 1486.0
1191240 1489.0
1191250 1491.3
1191260 1491.3
1191270 1493.7
1191280 1495.1
1191290 1495.1
1191300 1497.2
1191310 1499.4
1191320 1499.4
1191330 1501.2
1191340 1503.1
1191350 1504.8
1191360 1504.8
1191370 1506.9
1191380 1508.4
1191390 1508.4
1191400 1510.1
1191410 1512.0
1191420 1512.0
1191430 1514.0
1191440 1516.6
1191450 1516.6
1191460 1519.8
1191470 1522.7
1191480 1522.7
1191490 1525.7
1191500 1528.2
1191510 1528.2
1191520 1530.6
1191530 1533.4
1191540 1533.4
1191550 1536.4
1191560 1539.5
1191570 1539.5
1191580 1542.3
1191590 1544.9
1191600 1547.5
1191610 1547.5
1191620 1549.8
1191630 1553.1
1191640 1556.3
1191650 1558.3
1191660 1561.1
1191670 1561.1
1191680 1564.4
1191690 1567.7
1191700 1567.7
1191710 1571.4
1191720 1574.6
1191730 1574.6
1191740 1578.2
1191750 1581.6
1191760 1581.6
1191770 1585.0
1191780 1588.2
1191790 1588.2
1191800 1591.2
1191810 1594.0
1191820 1594.0
1191830 1596.9
1191840 1600.1
1191850 1603.6
1191860 1603.6
1191870 1606.8
1191880 1610.2
1191890 1610.2
1191900 1612.8
1191910 1614.8
1191920 1614.8
1191930 1616.5
1191940 1618.0
1191950 1618.0
1191960 1619.5
1191970 1621.0
1191980 1621.0
1191990 1622.4
1192000 1623.5
1192010 1623.5
1192020 1624.5
1192030 1625.2
1192040 1625.2
1192050 1625.4
1192060 1625.6
1192070 1629.6
1192080 1630.7
1192090 1631.2
1192100 1631.5
1192110 1631.5
1192120 1631.8
1192130 1631.5
1192140 1631.5
1192150 1630.7
1192160 1629.7
1192170 1629.7
1192180 1628.5
1192190 1627.5
1192200 1627.5
1192210 1626.7
1192220 1625.9
1192230 1625.9
1192240 1624.8
1192250 1624.1
1192260 1624.1
1192270 1623.7
1192280 1623.1
1192290 1623.1
1192300 1622.5
1192310 1622.0
1192320 1622.0
1192330 1621.4
1192340 1620.7
1192350 1620.2
1192360 1620.2
1192370 1619.7
1192380 1619.3
1192390 1619.3
1192400 1618.4
1192410 1617.0
1192420 1617.0
1192430 1615.6
1192440 1614.3
1192450 1614.3
1192460 1613.2
1192470 1612.2
1192480 1612.2
1192490 1611.1
1192500 1610.2
1192510 1612.0
1192520 1611.4
1192530 1610.9
1192540 1610.9
1192550 1609.9
1192560 1608.6
1192570 1608.6
1192580 1607.6
1192590 1607.1
1192600 1606.0
1192610 1606.0
1192620 1606.8
1192630 1608.7
1192640 1608.7
1192650 1609.7
1192660 1608.9
1192670 1608.9
1192680 1607.5
1192690 1607.2
1192700 1607.2
1192710 1609.0
1192720 1610.6
1192730 1610.6
1192740 1611.6
1192750 1612.3
1192760 1612.3
1192770 1611.5
1192780 1611.2
1192790 1611.2
1192800 1614.6
1192810 1618.1
1192820 1618.1
1192830 1620.7
1192840 1623.2
1192850 1625.5
1192860 1625.5
1192870 1627.6
1192880 1629.4
1192890 1629.4
1192900 1631.5
1192910 1634.5
1192920 1634.5
1192930 1638.5
1192940 1642.1
1192950 1645.7
1192960 1649.2
1192970 1653.5
1192980 1653.5
1192990 1657.9
1193000 1662.1
1193010 1662.1
1193020 1666.2
1193030 1671.1
1193040 1671.1
1193050 1677.2
1193060 1681.7
1193070 1681.7
1193080 1685.7
1193090 1689.2
1193100 1691.6
1193110 1691.6
1193120 1693.4
1193130 1694.9
1193140 1694.9
1193150 1695.9
1193160 1696.9
1193170 1696.9
1193180 1697.7
1193190 1698.9
1193200 1698.9
1193210 1700.9
1193220 1703.1
1193230 1703.1
1193240 1705.8
1193250 1708.2
1193260 1708.2
1193270 1710.0
1193280 1711.3
1193290 1711.3
1193300 1713.0
1193310 1714.9
1193320 1717.1
1193330 1717.1
1193340 1718.7
1193350 1720.1
1193360 1720.1
1193370 1721.5
1193380 1726.0
1193390 1726.0
1193400 1727.0
1193410 1727.2
1193420 1727.2
1193430 1728.0
1193440 1729.0
1193450 1729.0
1193460 1730.2
1193470 1731.3
1193480 1731.3
1193490 1732.7
1193500 1733.9
1193510 1733.9
1193520 1734.9
1193530 1736.0
1193540 1736.0
1193550 1737.1
1193560 1738.1
1193570 1738.9
1193580 1738.9
1193590 1739.6
1193600 1740.0
1193610 1740.0
1193620 1740.1
1193630 1740.4
1193640 1740.4
1193650 1740.7
1193660 1741.5
1193670 1741.5
1193680 1742.5
1193690 1743.5
1193700 1743.5
1193710 1744.6
1193720 1746.0
1193730 1746.0
1193740 1746.6
1193750 1746.7
1193760 1746.7
1193770 1747.4
1193780 1748.4
1193790 1748.4
1193800 1749.0
1193810 1749.1
1193820 1750.5
1193830 1750.5
1193840 1748.1
1193850 1746.5
1193860 1746.5
1193870 1745.2
1193880 1742.3
1193890 1742.3
1193900 1739.4
1193910 1737.4
1193920 1737.4
1193930 1735.5
1193940 1733.5
1193950 1733.5
1193960 1732.0
1193970 1730.0
1193980 1730.0
1193990 1729.0
1194000 1728.3
1194010 1728.3
1194020 1727.1
1194030 1725.1
1194040 1725.1
1194050 1722.1
1194060 1718.4
1194070 1714.5
1194080 1714.5
1194090 1710.8
1194100 1707.2
1194110 1707.2
1194120 1703.6
1194130 1699.4
1194140 1699.4
1194150 1695.6
1194160 1692.2
1194170 1692.2
1194180 1688.8
1194190 1685.4
1194200 1685.4
1194210 1682.8
1194220 1681.0
1194230 1681.0
1194240 1679.6
1194250 1678.4
1194260 1676.8
1194270 1674.9
1194280 1673.0
1194290 1673.0
1194300 1671.7
1194310 1670.1
1194320 1668.2
1194330 1668.2
1194340 1665.7
1194350 1663.0
1194360 1663.0
1194370 1659.5
1194380 1656.3
1194390 1656.3
1194400 1653.2
1194410 1650.7
1194420 1650.7
1194430 1648.5
1194440 1646.5
1194450 1646.5
1194460 1643.6
1194470 1639.9
1194480 1639.9
1194490 1635.8
1194500 1631.6
1194510 1631.6
1194520 1628.8
1194530 1625.6
1194540 1625.6
1194550 1621.8
1194560 1617.4
1194570 1613.0
1194580 1613.0
1194590 1608.6
1194600 1604.4
1194610 1604.4
1194620 1600.5
1194630 1596.9
1194640 1596.9
1194650 1593.3
1194660 1590.0
1194670 1590.0
1194680 1586.8
1194690 1581.9
1194700 1581.9
1194710 1577.7
1194720 1573.5
1194730 1573.5
1194740 1569.0
1194750 1564.5
1194760 1564.5
1194770 1560.1
1194780 1556.6
1194790 1556.6
1194800 1553.3
1194810 1550.6
1194820 1548.8
1194830 1548.8
1194840 1547.5
1194850 1545.1
1194860 1545.1
1194870 1541.9
1194880 1538.4
1194890 1538.4
1194900 1535.5
1194910 1532.9
1194920 1532.9
1194930 1530.2
1194940 1526.8
1194950 1526.8
1194960 1523.8
1194970 1520.7
1194980 1520.7
1194990 1517.4
1195000 1513.7
1195010 1513.7
1195020 1509.3
1195030 1504.9
1195040 1504.9
1195050 1501.4
1195060 1497.3
1195070 1493.1
1195080 1493.1
1195090 1488.7
1195100 1483.6
1195110 1483.6
1195120 1478.4
1195130 1469.6
1195140 1469.6
1195150 1465.2
1195160 1462.0
1195170 1462.0
1195180 1460.7
1195190 1458.7
1195200 1458.7
1195210 1456.0
1195220 1453.1
1195230 1453.1
1195240 1449.9
1195250 1445.8
1195260 1445.8
1195270 1441.0
1195280 1436.0
1195290 1436.0
1195300 1431.1
1195310 1426.4
1195320 1421.8
1195330 1421.8
1195340 1419.1
1195350 1414.6
1195360 1414.6
1195370 1410.6
1195380 1406.8
1195390 1406.8
1195400 1403.1
1195410 1399.3
1195420 1399.3
1195430 1395.2
1195440 1390.8
1195450 1390.8
1195460 1386.2
1195470 1381.8
1195480 1381.8
1195490 1377.7
1195500 1374.2
1195510 1374.2
1195520 1371.0
1195530 1367.9
1195540 1367.9
1195550 1364.8
1195560 1360.8
1195570 1354.8
1195580 1354.8
1195590 1349.7
1195600 1345.4
1195610 1345.4
1195620 1341.3
1195630 1337.1
1195640 1337.1
1195650 1333.3
1195660 1329.8
1195670 1329.8
1195680 1326.2
1195690 1322.3
1195700 1322.3
1195710 1318.0
1195720 1313.7
1195730 1313.7
1195740 1309.4
1195750 1305.2
1195760 1305.2
1195770 1301.1
1195780 1297.0
1195790 1297.0
1195800 1291.7
1195810 1286.1
1195820 1281.4
1195830 1281.4
1195840 1276.6
1195850 1272.4
1195860 1272.4
1195870 1268.5
1195880 1265.2
1195890 1265.2
1195900 1262.1
1195910 1259.3
1195920 1259.3
1195930 1256.7
1195940 1253.7
1195950 1253.7
1195960 1250.9
1195970 1247.1
1195980 1247.1
1195990 1242.4
1196000 1238.0
1196010 1238.5
1196020 1235.3
1196030 1232.4
1196040 1232.4
1196050 1229.7
1196060 1227.0
1196070 1223.8
1196080 1223.8
1196090 1220.5
1196100 1217.6
1196110 1217.6
1196120 1214.9
1196130 1211.5
1196140 1211.5
1196150 1208.1
1196160 1205.5
1196170 1205.5
1196180 1203.3
1196190 1200.3
1196200 1200.3
1196210 1197.0
1196220 1193.6
1196230 1193.6
1196240 1190.5
1196250 1187.1
1196260 1187.1
1196270 1183.0
1196280 1177.4
1196290 1177.4
1196300 1169.5
1196310 1161.8
1196320 1157.8
1196330 1157.8
1196340 1156.4
1196350 1155.8
1196360 1155.8
1196370 1154.8
1196380 1150.9
1196390 1150.9
1196400 1146.5
1196410 1141.9
1196420 1141.9
1196430 1137.1
1196440 1131.9
1196450 1128.2
1196460 1123.8
1196470 1119.4
1196480 1119.4
1196490 1114.9
1196500 1110.4
1196510 1110.4
1196520 1105.4
1196530 1100.4
1196540 1095.1
1196550 1095.1
1196560 1091.6
1196570 1089.0
1196580 1089.0
1196590 1085.3
1196600 1078.7
1196610 1078.7
1196620 1070.5
1196630 1065.1
1196640 1065.1
1196650 1062.5
1196660 1060.5
1196670 1060.5
1196680 1057.9
1196690 1055.9
1196700 1055.9
1196710 1055.4
1196720 1053.4
1196730 1053.4
1196740 1052.2
1196750 1050.4
1196760 1050.4
1196770 1046.9
1196780 1043.7
1196790 1040.1
1196800 1040.1
1196810 1038.1
1196820 1036.6
1196830 1036.6
1196840 1034.2
1196850 1030.2
1196860 1030.2
1196870 1026.5
1196880 1023.8
1196890 1021.4
1196900 1019.3
1196910 1016.6
1196920 1016.6
1196930 1013.2
1196940 1010.9
1196950 1010.9
1196960 1008.2
1196970 1005.7
1196980 1005.7
1196990 1002.6
1197000 999.1
1197010 999.1
1197020 995.9
1197030 992.7
1197040 989.0
1197050 989.0
1197060 985.0
1197070 981.7
1197080 981.7
1197090 978.6
1197100 975.0
1197110 975.0
1197120 970.3
1197130 965.9
1197140 965.9
1197150 962.3
1197160 959.1
1197170 959.1
1197180 954.9
1197190 950.3
1197200 950.3
1197210 945.5
1197220 942.5
1197230 942.5
1197240 939.2
1197250 935.9
1197260 935.9
1197270 931.7
1197280 928.8
1197290 926.3
1197300 926.3
1197310 923.3
1197320 919.7
1197330 919.7
1197340 909.7
1197350 905.5
1197360 905.5
1197370 899.7
1197380 893.4
1197390 893.4
1197400 887.7
1197410 882.1
1197420 882.1
1197430 877.2
1197440 873.4
1197450 873.4
1197460 868.6
1197470 863.5
1197480 863.5
1197490 858.7
1197500 854.0
1197510 854.0
1197520 849.5
1197530 844.5
1197540 838.7
1197550 838.7
1197560 832.1
1197570 824.6
1197580 824.6
1197590 815.8
1197600 805.0
1197610 805.0
1197620 796.2
1197630 787.7
1197640 787.7
1197650 779.4
1197660 771.5
1197670 771.5
1197680 762.4
1197690 755.7
1197700 755.7
1197710 757.3
1197720 764.9
1197730 764.9
1197740 780.1
1197750 795.1
1197760 795.1
1197770 807.9
1197780 816.4
1197790 824.5
1197800 824.5
1197810 831.3
1197820 837.7
1197830 837.7
1197840 843.8
1197850 849.8
1197860 849.8
1197870 856.5
1197880 862.8
1197890 862.8
1197900 868.3
1197910 873.3
1197920 873.3
1197930 876.8
1197940 880.6
1197950 880.6
1197960 884.1
1197970 887.0
1197980 887.0
1197990 889.1
1198000 890.5
1198010 890.5
1198020 891.6
1198030 892.5
1198040 893.8
1198050 893.8
1198060 894.4
1198070 894.7
1198080 894.7
1198090 894.9
1198100 895.6
1198110 895.6
1198120 896.7
1198130 898.7
1198140 898.7
1198150 900.0
1198160 901.0
1198170 901.0
1198180 903.4
1198190 905.9
1198200 905.9
1198210 907.9
1198220 910.3
1198230 910.3
1198240 914.2
1198250 916.6
1198260 916.6
1198270 919.0
1198280 921.8
1198290 924.6
1198300 924.6
1198310 927.8
1198320 932.7
1198330 932.7
1198340 936.7
1198350 940.5
1198360 940.5
1198370 943.7
1198380 947.2
1198390 947.2
1198400 950.1
1198410 951.6
1198420 951.6
1198430 955.2
1198440 958.8
1198450 958.8
1198460 961.8
1198470 965.3
1198480 965.3
1198490 969.2
1198500 972.8
1198510 972.8
1198520 975.7
1198530 979.0
1198540 982.7
1198550 982.7
1198560 985.5
1198570 988.7
1198580 988.7
1198590 991.8
1198600 994.6
1198610 994.6
1198620 997.5
1198630 1001.9
1198640 1001.9
1198650 1006.1
1198660 1008.7
1198670 1011.1
1198680 1014.6
1198690 1017.8
1198700 1017.8
1198710 1021.2
1198720 1024.7
1198730 1024.7
1198740 1028.5
1198750 1032.0
1198760 1032.0
1198770 1034.4
1198780 1036.3
1198790 1038.2
1198800 1038.2
1198810 1041.2
1198820 1044.5
1198830 1044.5
1198840 1048.0
1198850 1051.9
1198860 1051.9
1198870 1056.2
1198880 1059.9
1198890 1059.9
1198900 1063.8
1198910 1066.8
1198920 1066.8
1198930 1068.2
1198940 1069.4
1198950 1069.4
1198960 1071.2
1198970 1073.3
1198980 1073.3
1198990 1075.6
1199000 1079.1
1199010 1079.1
1199020 1083.3
1199030 1087.5
1199040 1092.8
1199050 1092.8
1199060 1098.1
1199070 1103.7
1199080 1103.7
1199090 1112.5
1199100 1124.6
1199110 1128.9
1199120 1138.9
1199130 1145.6
1199140 1145.6
1199150 1150.0
1199160 1152.8
1199170 1152.8
1199180 1157.2
1199190 1162.8
1199200 1162.8
1199210 1170.2
1199220 1179.5
1199230 1179.5
1199240 1186.3
1199250 1191.4
1199260 1194.8
1199270 1194.8
1199280 1197.3
1199290 1198.6
1199300 1198.6
1199310 1199.7
1199320 1200.5
1199330 1200.5
1199340 1202.0
1199350 1204.4
1199360 1204.4
1199370 1209.7
1199380 1216.8
1199390 1216.8
1199400 1220.3
1199410 1221.8
1199420 1221.8
1199430 1221.9
1199440 1221.9
1199450 1221.9
1199460 1221.0
1199470 1218.0
1199480 1218.0
1199490 1212.7
1199500 1207.3
1199510 1204.7
1199520 1204.7
1199530 1203.1
1199540 1202.0
1199550 1202.0
1199560 1200.6
1199570 1200.4
1199580 1200.4
1199590 1200.5
1199600 1201.0
1199610 1201.0
1199620 1201.4
1199630 1201.7
1199640 1201.7
1199650 1202.3
1199660 1203.1
1199670 1203.1
1199680 1204.2
1199690 1205.9
1199700 1205.9
1199710 1207.7
1199720 1208.8
1199730 1208.8
1199740 1209.8
1199750 1210.7
1199760 1211.7
1199770 1211.7
1199780 1212.8
1199790 1213.9
1199800 1213.9
1199810 1215.4
1199820 1216.8
1199830 1216.8
1199840 1217.7
1199850 1218.9
1199860 1218.9
1199870 1220.1
1199880 1221.2
1199890 1221.2
1199900 1222.1
1199910 1223.0
1199920 1223.0
1199930 1223.9
1199940 1224.8
1199950 1224.8
1199960 1225.6
1199970 1225.7
1199980 1225.7
1199990 1225.3
