1180000 2262.6
1180010 2264.1
1180020 2264.1
1180030 2266.4
1180040 2269.1
1180050 2269.1
1180060 2271.8
1180070 2273.9
1180080 2273.9
1180090 2274.8
1180100 2275.0
1180110 2275.0
1180120 2276.0
1180130 2276.6
1180140 2276.8
1180150 2276.8
1180160 2276.9
1180170 2276.9
1180180 2276.9
1180190 2277.2
1180200 2277.6
1180210 2277.6
1180220 2278.3
1180230 2279.0
1180240 2278.7
1180250 2279.6
1180260 2280.5
1180270 2280.5
1180280 2281.6
1180290 2283.4
1180300 2283.4
1180310 2285.5
1180320 2288.2
1180330 2288.2
1180340 2291.6
1180350 2294.9
1180360 2294.9
1180370 2298.7
1180380 2302.6
1180390 2302.6
1180400 2306.6
1180410 2310.6
1180420 2315.0
1180430 2315.0
1180440 2319.4
1180450 2323.9
1180460 2323.9
1180470 2328.6
1180480 2333.3
1180490 2333.3
1180500 2338.0
1180510 2342.8
1180520 2342.8
1180530 2347.4
1180540 2351.8
1180550 2351.8
1180560 2356.2
1180570 2360.9
1180580 2360.9
1180590 2365.7
1180600 2370.4
1180610 2370.4
1180620 2374.8
1180630 2379.4
1180640 2379.4
1180650 2384.6
1180660 2392.3
1180670 2397.9
1180680 2397.9
1180690 2403.5
1180700 2408.8
1180710 2408.8
1180720 2414.3
1180730 2427.0
1180740 2427.0
1180750 2441.1
1180760 2450.1
1180770 2450.1
1180780 2457.9
1180790 2466.8
1180800 2466.8
1180810 2478.5
1180820 2492.0
1180830 2492.0
1180840 2503.3
1180850 2512.5
1180860 2512.5
1180870 2526.4
1180880 2540.7
1180890 2540.7
1180900 2546.5
1180910 2553.7
1180920 2563.5
1180930 2563.5
1180940 2573.7
1180950 2583.8
1180960 2583.8
1180970 2593.7
1180980 2603.0
1180990 2603.0
1181000 2603.7
1181010 2599.2
1181020 2599.2
1181030 2592.2
1181040 2587.0
1181050 2587.0
1181060 2568.7
1181070 2547.3
1181080 2587.9
1181090 2572.1
1181100 2573.2
1181110 2573.2
1181120 2566.7
1181130 2566.7
1181140 2566.7
1181150 2568.7
1181160 2556.5
1181170 2541.6
1181180 2541.6
1181190 2529.7
1181200 2507.3
1181210 2507.3
1181220 2488.9
1181230 2476.4
1181240 2476.4
1181250 2466.6
1181260 2459.7
1181270 2459.7
1181280 2453.0
1181290 2444.2
1181300 2444.2
1181310 2436.3
1181320 2430.2
1181330 2430.2
1181340 2421.1
1181350 2409.2
1181360 2409.2
1181370 2394.9
1181380 2387.6
1181390 2387.6
1181400 2381.1
1181410 2374.4
1181420 2367.7
1181430 2367.7
1181440 2361.0
1181450 2354.4
1181460 2354.4
1181470 2348.0
1181480 2341.5
1181490 2341.5
1181500 2335.4
1181510 2329.4
1181520 2329.4
1181530 2324.8
1181540 2320.1
1181550 2320.1
1181560 2315.1
1181570 2310.2
1181580 2310.2
1181590 2305.2
1181600 2300.1
1181610 2300.1
1181620 2295.0
1181630 2289.9
1181640 2289.9
1181650 2284.8
1181660 2280.1
1181670 2280.1
1181680 2275.7
1181690 2271.3
1181700 2266.6
1181710 2266.6
1181720 2262.2
1181730 2258.0
1181740 2258.0
1181750 2253.8
1181760 2250.0
1181770 2250.0
1181780 2246.4
1181790 2243.0
1181800 2243.0
1181810 2239.4
1181820 2235.5
1181830 2235.5
1181840 2231.9
1181850 2228.6
1181860 2228.6
1181870 2225.3
1181880 2222.6
1181890 2222.6
1181900 2220.4
1181910 2218.2
1181920 2217.5
1181930 2215.5
1181940 2214.0
1181950 2212.7
1181960 2212.7
1181970 2211.0
1181980 2209.4
1181990 2209.4
1182000 2209.8
1182010 2210.2
1182020 2210.2
1182030 2209.0
1182040 2205.8
1182050 2205.8
1182060 2199.6
1182070 2192.9
1182080 2192.9
1182090 2186.5
1182100 2180.6
1182110 2180.6
1182120 2175.3
1182130 2170.9
1182140 2170.9
1182150 2167.9
1182160 2165.1
1182170 2165.1
1182180 2162.4
1182190 2160.2
1182200 2157.5
1182210 2157.5
1182220 2154.4
1182230 2150.8
1182240 2150.8
1182250 2147.3
1182260 2145.1
1182270 2145.1
1182280 2143.9
1182290 2142.4
1182300 2142.4
1182310 2140.1
1182320 2138.7
1182330 2138.7
1182340 2137.3
1182350 2141.0
1182360 2141.0
1182370 2143.4
1182380 2143.4
1182390 2143.4
1182400 2141.7
1182410 2139.2
1182420 2139.2
1182430 2135.8
1182440 2132.6
1182450 2131.6
1182460 2131.6
1182470 2131.8
1182480 2129.1
1182490 2129.1
1182500 2124.3
1182510 2119.2
1182520 2119.2
1182530 2114.6
1182540 2110.2
1182550 2110.2
1182560 2106.4
1182570 2102.7
1182580 2102.7
1182590 2099.5
1182600 2096.1
1182610 2096.1
1182620 2092.5
1182630 2090.3
1182640 2090.3
1182650 2090.3
1182660 2088.8
1182670 2088.8
1182680 2083.4
1182690 2076.9
1182700 2076.9
1182710 2071.6
1182720 2068.6
1182730 2065.3
1182740 2065.3
1182750 2060.7
1182760 2057.4
1182770 2057.4
1182780 2051.4
1182790 2046.4
1182800 2046.4
1182810 2041.3
1182820 2036.4
1182830 2036.4
1182840 2031.7
1182850 2028.1
1182860 2028.1
1182870 2025.6
1182880 2023.8
1182890 2023.8
1182900 2021.7
1182910 2018.8
1182920 2018.8
1182930 2015.3
1182940 2012.0
1182950 2012.0
1182960 2007.8
1182970 2003.3
1182980 1998.8
1182990 1998.8
1183000 1994.3
1183010 1989.7
1183020 1989.7
1183030 1984.6
1183040 1979.9
1183050 1979.9
1183060 1975.0
1183070 1969.3
1183080 1969.3
1183090 1963.2
1183100 1957.2
1183110 1957.2
1183120 1951.1
1183130 1945.3
1183140 1945.3
1183150 1940.9
1183160 1938.4
1183170 1938.4
1183180 1937.3
1183190 1931.5
1183200 1931.5
1183210 1925.6
1183220 1919.4
1183230 1912.9
1183240 1912.9
1183250 1906.1
1183260 1899.8
1183270 1899.8
1183280 1893.1
1183290 1885.9
1183300 1885.9
1183310 1878.7
1183320 1871.8
1183330 1871.8
1183340 1864.6
1183350 1856.5
1183360 1856.5
1183370 1849.0
1183380 1842.7
1183390 1842.7
1183400 1836.6
1183410 1830.0
1183420 1830.0
1183430 1823.8
1183440 1817.0
1183450 1817.0
1183460 1806.4
1183470 1788.5
1183480 1775.0
1183490 1775.0
1183500 1771.8
1183510 1780.1
1183520 1780.1
1183530 1786.9
1183540 1785.9
1183550 1785.9
1183560 1772.7
1183570 1755.0
1183580 1755.0
1183590 1742.5
1183600 1732.9
1183610 1741.4
1183620 1729.1
1183630 1713.8
1183640 1713.8
1183650 1702.6
1183660 1694.6
1183670 1694.6
1183680 1686.9
1183690 1679.3
1183700 1679.3
1183710 1671.3
1183720 1664.1
1183730 1657.2
1183740 1657.2
1183750 1650.4
1183760 1643.9
1183770 1643.9
1183780 1638.3
1183790 1633.7
1183800 1633.7
1183810 1628.2
1183820 1622.0
1183830 1622.0
1183840 1616.0
1183850 1609.7
1183860 1609.7
1183870 1603.4
1183880 1596.7
1183890 1596.7
1183900 1590.0
1183910 1585.0
1183920 1585.0
1183930 1581.2
1183940 1576.8
1183950 1576.8
1183960 1575.0
1183970 1571.0
1183980 1571.0
1183990 1563.8
1184000 1562.0
1184010 1563.6
1184020 1563.6
1184030 1570.5
1184040 1570.3
1184050 1570.3
1184060 1570.9
1184070 1570.8
1184080 1570.8
1184090 1570.3
1184100 1569.3
1184110 1569.3
1184120 1569.1
1184130 1569.0
1184140 1569.0
1184150 1569.2
1184160 1568.9
1184170 1568.9
1184180 1568.9
1184190 1569.9
1184200 1569.9
1184210 1572.0
1184220 1575.9
1184230 1575.9
1184240 1578.9
1184250 1581.5
1184260 1584.5
1184270 1584.5
1184280 1587.8
1184290 1590.8
1184300 1590.8
1184310 1593.5
1184320 1595.9
1184330 1595.9
1184340 1598.3
1184350 1599.8
1184360 1599.8
1184370 1601.1
1184380 1603.0
1184390 1603.0
1184400 1608.2
1184410 1614.7
1184420 1614.7
1184430 1622.9
1184440 1631.5
1184450 1635.1
1184460 1644.5
1184470 1652.5
1184480 1652.5
1184490 1656.2
1184500 1654.1
1184510 1656.9
1184520 1656.9
1184530 1660.5
1184540 1664.5
1184550 1664.5
1184560 1672.1
1184570 1677.2
1184580 1677.2
1184590 1676.7
1184600 1672.7
1184610 1672.7
1184620 1667.6
1184630 1663.5
1184640 1663.5
1184650 1661.7
1184660 1660.1
1184670 1660.1
1184680 1661.2
1184690 1665.9
1184700 1665.9
1184710 1671.3
1184720 1671.5
1184730 1671.5
1184740 1673.3
1184750 1672.9
1184760 1669.7
1184770 1669.7
1184780 1664.3
1184790 1658.8
1184800 1658.8
1184810 1651.3
1184820 1643.9
1184830 1643.9
1184840 1645.0
1184850 1651.9
1184860 1651.9
1184870 1657.9
1184880 1671.9
1184890 1671.9
1184900 1678.3
1184910 1682.6
1184920 1682.6
1184930 1689.6
1184940 1700.6
1184950 1700.6
1184960 1713.3
1184970 1721.8
1184980 1721.8
1184990 1725.9
1185000 1730.8
1185010 1730.8
1185020 1733.3
1185030 1734.3
1185040 1735.5
1185050 1735.5
1185060 1736.9
1185070 1738.4
1185080 1738.4
1185090 1737.9
1185100 1738.4
1185110 1738.4
1185120 1735.9
1185130 1732.9
1185140 1732.9
1185150 1728.2
1185160 1723.6
1185170 1723.6
1185180 1721.1
1185190 1722.3
1185200 1722.3
1185210 1724.7
1185220 1716.0
1185230 1716.0
1185240 1704.4
1185250 1699.0
1185260 1699.0
1185270 1694.8
1185280 1687.8
1185290 1678.8
1185300 1673.9
1185310 1659.7
1185320 1655.2
1185330 1655.2
1185340 1651.9
1185350 1645.0
1185360 1645.0
1185370 1648.6
1185380 1649.5
1185390 1649.5
1185400 1633.3
1185410 1644.4
1185420 1644.4
1185430 1649.4
1185440 1641.5
1185450 1641.5
1185460 1632.4
1185470 1622.7
1185480 1622.7
1185490 1610.5
1185500 1599.5
1185510 1599.5
1185520 1587.0
1185530 1577.8
1185540 1569.1
1185550 1569.1
1185560 1560.8
1185570 1553.5
1185580 1553.5
1185590 1548.6
1185600 1543.6
1185610 1543.6
1185620 1537.0
1185630 1524.5
1185640 1524.5
1185650 1511.7
1185660 1506.9
1185670 1506.9
1185680 1501.9
1185690 1497.9
1185700 1497.9
1185710 1497.1
1185720 1491.7
1185730 1484.5
1185740 1464.0
1185750 1450.1
1185760 1450.1
1185770 1439.6
1185780 1431.3
1185790 1423.8
1185800 1423.8
1185810 1417.0
1185820 1415.6
1185830 1415.6
1185840 1420.6
1185850 1425.4
1185860 1425.4
1185870 1426.2
1185880 1422.0
1185890 1422.0
1185900 1413.9
1185910 1406.0
1185920 1406.0
1185930 1398.8
1185940 1391.3
1185950 1391.3
1185960 1383.9
1185970 1377.4
1185980 1377.4
1185990 1371.7
1186000 1366.5
1186010 1366.5
1186020 1361.1
1186030 1355.5
1186040 1351.6
1186050 1351.6
1186060 1349.5
1186070 1346.5
1186080 1346.5
1186090 1343.2
1186100 1340.3
1186110 1340.3
1186120 1337.6
1186130 1332.5
1186140 1332.5
1186150 1343.4
1186160 1341.8
1186170 1341.8
1186180 1338.6
1186190 1335.1
1186200 1335.1
1186210 1326.3
1186220 1320.4
1186230 1320.4
1186240 1314.5
1186250 1312.1
1186260 1312.1
1186270 1302.9
1186280 1286.4
1186290 1286.4
1186300 1270.4
1186310 1254.9
1186320 1238.5
1186330 1238.5
1186340 1235.0
1186350 1229.4
1186360 1229.4
1186370 1224.4
1186380 1226.8
1186390 1226.8
1186400 1223.9
1186410 1213.8
1186420 1213.8
1186430 1208.3
1186440 1203.3
1186450 1203.3
1186460 1195.5
1186470 1185.8
1186480 1185.8
1186490 1175.3
1186500 1165.3
1186510 1165.3
1186520 1158.4
1186530 1158.2
1186540 1158.2
1186550 1160.8
1186560 1163.6
1186570 1165.0
1186580 1155.9
1186590 1154.6
1186600 1153.9
1186610 1153.9
1186620 1154.9
1186630 1163.7
1186640 1163.7
1186650 1177.8
1186660 1188.2
1186670 1188.2
1186680 1193.1
1186690 1198.4
1186700 1198.4
1186710 1203.8
1186720 1209.0
1186730 1209.0
1186740 1213.5
1186750 1219.0
1186760 1219.0
1186770 1223.1
1186780 1223.0
1186790 1223.0
1186800 1221.6
1186810 1220.3
1186820 1221.2
1186830 1221.2
1186840 1222.7
1186850 1224.4
1186860 1224.4
1186870 1226.3
1186880 1228.3
1186890 1228.3
1186900 1230.7
1186910 1232.9
1186920 1232.9
1186930 1233.4
1186940 1224.8
1186950 1224.8
1186960 1213.0
1186970 1213.0
1186980 1213.0
1186990 1215.4
1187000 1218.1
1187010 1212.2
1187020 1213.4
1187030 1212.3
1187040 1212.3
1187050 1219.2
1187060 1229.0
1187070 1238.0
1187080 1238.0
1187090 1245.9
1187100 1252.7
1187110 1252.7
1187120 1256.4
1187130 1260.8
1187140 1260.8
1187150 1263.0
1187160 1266.5
1187170 1266.5
1187180 1273.8
1187190 1281.5
1187200 1281.5
1187210 1289.8
1187220 1298.0
1187230 1298.0
1187240 1306.1
1187250 1315.3
1187260 1315.3
1187270 1324.2
1187280 1332.0
1187290 1332.0
1187300 1338.5
1187310 1344.6
1187320 1352.1
1187330 1352.1
1187340 1362.4
1187350 1375.1
1187360 1375.1
1187370 1383.5
1187380 1390.4
1187390 1390.4
1187400 1398.7
1187410 1405.9
1187420 1405.9
1187430 1409.9
1187440 1418.6
1187450 1418.6
1187460 1425.7
1187470 1432.4
1187480 1432.4
1187490 1440.1
1187500 1447.2
1187510 1447.2
1187520 1453.1
1187530 1458.3
1187540 1458.3
1187550 1464.3
1187560 1470.8
1187570 1470.8
1187580 1478.1
1187590 1483.6
1187600 1483.7
1187610 1483.7
1187620 1485.3
1187630 1491.3
1187640 1491.3
1187650 1496.8
1187660 1497.2
1187670 1497.2
1187680 1493.1
1187690 1492.5
1187700 1492.5
1187710 1499.9
1187720 1512.3
1187730 1512.3
1187740 1519.6
1187750 1523.4
1187760 1523.4
1187770 1528.7
1187780 1537.1
1187790 1537.1
1187800 1545.2
1187810 1552.1
1187820 1552.1
1187830 1563.2
1187840 1570.4
1187850 1576.5
1187860 1587.4
1187870 1603.2
1187880 1616.2
1187890 1616.2
1187900 1626.8
1187910 1638.8
1187920 1638.8
1187930 1652.0
1187940 1663.7
1187950 1663.7
1187960 1672.6
1187970 1683.1
1187980 1683.1
1187990 1692.6
1188000 1699.4
1188010 1699.4
1188020 1707.8
1188030 1717.5
1188040 1717.5
1188050 1725.6
1188060 1733.1
1188070 1733.1
1188080 1740.6
1188090 1748.2
1188100 1756.2
1188110 1756.2
1188120 1764.3
1188130 1771.9
1188140 1771.9
1188150 1778.5
1188160 1783.2
1188170 1783.2
1188180 1787.1
1188190 1789.9
1188200 1789.9
1188210 1792.9
1188220 1796.6
1188230 1796.6
1188240 1802.0
1188250 1807.7
1188260 1807.7
1188270 1814.5
1188280 1820.9
1188290 1815.7
1188300 1819.3
1188310 1819.6
1188320 1819.6
1188330 1818.6
1188340 1818.3
1188350 1823.6
1188360 1823.6
1188370 1830.5
1188380 1838.2
1188390 1838.2
1188400 1841.2
1188410 1850.4
1188420 1850.4
1188430 1867.0
1188440 1877.8
1188450 1877.8
1188460 1887.3
1188470 1895.9
1188480 1895.9
1188490 1904.6
1188500 1911.1
1188510 1911.1
1188520 1914.9
1188530 1918.6
1188540 1918.6
1188550 1921.9
1188560 1922.3
1188570 1922.3
1188580 1924.8
1188590 1927.4
1188600 1931.4
1188610 1931.4
1188620 1936.8
1188630 1942.3
1188640 1942.3
1188650 1947.8
1188660 1953.8
1188670 1953.8
1188680 1960.0
1188690 1966.6
1188700 1966.6
1188710 1973.7
1188720 1972.5
1188730 1972.5
1188740 1975.0
1188750 1978.7
1188760 1978.7
1188770 1984.7
1188780 1987.6
1188790 1987.6
1188800 1993.0
1188810 1996.3
1188820 1996.3
1188830 1994.5
1188840 1993.9
1188850 1993.9
1188860 1992.9
1188870 1991.8
1188880 1992.6
1188890 1992.6
1188900 1992.0
1188910 1990.4
1188920 1990.4
1188930 1988.3
1188940 1987.0
1188950 1987.0
1188960 1985.7
1188970 1984.7
1188980 1984.7
1188990 1982.8
1189000 1981.6
1189010 1981.6
1189020 1980.0
1189030 1978.2
1189040 1978.2
1189050 1976.4
1189060 1974.5
1189070 1974.5
1189080 1972.4
1189090 1969.9
1189100 1969.9
1189110 1966.8
1189120 1963.7
1189130 1960.8
1189140 1960.8
1189150 1950.2
1189160 1945.6
1189170 1945.6
1189180 1940.1
1189190 1934.1
1189200 1934.1
1189210 1928.3
1189220 1922.4
1189230 1922.4
1189240 1917.5
1189250 1912.2
1189260 1912.2
1189270 1907.2
1189280 1902.6
1189290 1902.6
1189300 1898.1
1189310 1894.0
1189320 1894.0
1189330 1889.7
1189340 1885.1
1189350 1885.1
1189360 1881.0
1189370 1877.3
1189380 1873.0
1189390 1873.0
1189400 1868.4
1189410 1863.2
1189420 1863.2
1189430 1856.5
1189440 1848.8
1189450 1848.8
1189460 1842.6
1189470 1837.1
1189480 1837.1
1189490 1832.6
1189500 1829.0
1189510 1829.0
1189520 1825.0
1189530 1821.3
1189540 1821.3
1189550 1817.8
1189560 1814.6
1189570 1814.6
1189580 1809.5
1189590 1806.5
1189600 1806.5
1189610 1804.3
1189620 1803.7
1189630 1801.3
1189640 1801.3
1189650 1797.3
1189660 1793.3
1189670 1793.3
1189680 1789.4
1189690 1785.1
1189700 1785.1
1189710 1781.6
1189720 1779.5
1189730 1779.5
1189740 1777.1
1189750 1773.3
1189760 1773.3
1189770 1768.0
1189780 1762.3
1189790 1762.3
1189800 1756.6
1189810 1751.2
1189820 1751.2
1189830 1746.8
1189840 1742.8
1189850 1742.8
1189860 1739.9
1189870 1736.7
1189880 1732.1
1189890 1732.1
1189900 1727.0
1189910 1721.9
1189920 1721.9
1189930 1716.8
1189940 1711.7
1189950 1711.7
1189960 1706.5
1189970 1701.0
1189980 1701.0
1189990 1695.1
1190000 1689.8
1190010 1693.4
1190020 1687.8
1190030 1681.8
1190040 1681.8
1190050 1675.3
1190060 1668.1
1190070 1668.1
1190080 1661.6
1190090 1655.4
1190100 1655.4
1190110 1649.4
1190120 1643.5
1190130 1643.5
1190140 1637.3
1190150 1631.4
1190160 1626.4
1190170 1626.4
1190180 1622.6
1190190 1618.7
1190200 1618.7
1190210 1614.4
1190220 1609.1
1190230 1609.1
1190240 1604.1
1190250 1599.4
1190260 1599.4
1190270 1595.1
1190280 1590.0
1190290 1590.0
1190300 1584.6
1190310 1579.6
1190320 1579.6
1190330 1574.8
1190340 1570.3
1190350 1570.3
1190360 1565.3
1190370 1560.6
1190380 1560.6
1190390 1555.1
1190400 1548.8
1190410 1544.0
1190420 1544.0
1190430 1539.6
1190440 1533.6
1190450 1533.6
1190460 1528.8
1190470 1524.0
1190480 1524.0
1190490 1519.0
1190500 1514.0
1190510 1514.0
1190520 1509.4
1190530 1503.5
1190540 1503.5
1190550 1496.3
1190560 1490.1
1190570 1490.1
1190580 1484.3
1190590 1478.5
1190600 1478.5
1190610 1473.2
1190620 1467.1
1190630 1467.1
1190640 1460.9
1190650 1455.2
1190660 1449.9
1190670 1449.9
1190680 1444.9
1190690 1439.6
1190700 1439.6
1190710 1434.3
1190720 1429.4
1190730 1429.4
1190740 1424.7
1190750 1420.9
1190760 1420.9
1190770 1417.7
1190780 1413.6
1190790 1413.6
1190800 1409.5
1190810 1405.2
1190820 1405.2
1190830 1400.8
1190840 1397.3
1190850 1397.3
1190860 1394.1
1190870 1390.8
1190880 1389.4
1190890 1385.4
1190900 1381.9
1190910 1379.4
1190920 1379.4
1190930 1377.4
1190940 1375.1
1190950 1375.1
1190960 1373.7
1190970 1373.1
1190980 1373.1
1190990 1370.9
1191000 1368.6
1191010 1368.6
1191020 1367.3
1191030 1365.9
1191040 1365.9
1191050 1365.1
1191060 1363.4
1191070 1363.4
1191080 1361.7
1191090 1359.3
1191100 1359.3
1191110 1355.2
1191120 1351.4
1191130 1351.4
1191140 1348.6
1191150 1344.2
1191160 1340.3
1191170 1340.3
1191180 1335.1
1191190 1329.1
1191200 1329.1
1191210 1325.3
1191220 1323.4
1191230 1323.4
1191240 1323.5
1191250 1321.9
1191260 1321.9
1191270 1318.0
1191280 1313.8
1191290 1313.8
1191300 1310.2
1191310 1303.3
1191320 1303.3
1191330 1299.6
1191340 1297.5
1191350 1297.5
1191360 1297.4
1191370 1294.0
1191380 1294.0
1191390 1287.6
1191400 1285.3
1191410 1285.3
1191420 1288.1
1191430 1288.0
1191440 1286.7
1191450 1286.7
1191460 1286.6
1191470 1285.0
1191480 1285.0
1191490 1280.0
1191500 1278.3
1191510 1278.3
1191520 1282.6
1191530 1286.2
1191540 1286.2
1191550 1286.1
1191560 1286.2
1191570 1286.2
1191580 1286.7
1191590 1287.7
1191600 1287.7
1191610 1287.2
1191620 1287.2
1191630 1287.2
1191640 1285.9
1191650 1284.0
1191660 1284.0
1191670 1281.4
1191680 1278.9
1191690 1277.0
1191700 1277.0
1191710 1276.2
1191720 1275.0
1191730 1275.0
1191740 1271.4
1191750 1268.9
1191760 1268.9
1191770 1266.9
1191780 1264.7
1191790 1264.7
1191800 1262.1
1191810 1259.2
1191820 1259.2
1191830 1256.7
1191840 1254.0
1191850 1254.0
1191860 1251.3
1191870 1248.1
1191880 1248.1
1191890 1244.4
1191900 1240.6
1191910 1240.6
1191920 1236.8
1191930 1233.0
1191940 1229.2
1191950 1229.2
1191960 1226.1
1191970 1222.6
1191980 1222.6
1191990 1219.0
1192000 1215.5
1192010 1215.5
1192020 1211.7
1192030 1207.6
1192040 1207.6
1192050 1203.7
1192060 1200.0
1192070 1200.0
1192080 1196.2
1192090 1193.4
1192100 1193.4
1192110 1190.8
1192120 1187.2
1192130 1187.2
1192140 1184.2
1192150 1182.0
1192160 1182.0
1192170 1180.0
1192180 1173.8
1192190 1171.6
1192200 1171.6
1192210 1169.9
1192220 1166.9
1192230 1166.9
1192240 1164.4
1192250 1162.8
1192260 1162.8
1192270 1159.0
1192280 1153.5
1192290 1153.5
1192300 1148.1
1192310 1144.4
1192320 1144.4
1192330 1141.1
1192340 1139.3
1192350 1139.3
1192360 1136.6
1192370 1132.7
1192380 1132.7
1192390 1126.2
1192400 1118.5
1192410 1118.5
1192420 1113.3
1192430 1111.0
1192440 1109.8
1192450 1109.8
1192460 1107.4
1192470 1106.3
1192480 1106.3
1192490 1106.9
1192500 1107.6
1192510 1107.6
1192520 1109.1
1192530 1108.3
1192540 1108.3
1192550 1103.1
1192560 1097.1
1192570 1097.1
1192580 1093.0
1192590 1089.7
1192600 1089.7
1192610 1089.1
1192620 1085.5
1192630 1085.5
1192640 1081.7
1192650 1080.0
1192660 1080.0
1192670 1077.2
1192680 1072.3
1192690 1072.3
1192700 1067.8
1192710 1063.3
1192720 1060.1
1192730 1060.1
1192740 1058.3
1192750 1059.1
1192760 1059.1
1192770 1059.0
1192780 1058.7
1192790 1058.7
1192800 1059.2
1192810 1057.6
1192820 1057.6
1192830 1053.9
1192840 1050.3
1192850 1050.3
1192860 1045.7
1192870 1042.2
1192880 1042.2
1192890 1039.6
1192900 1037.5
1192910 1037.5
1192920 1037.0
1192930 1036.6
1192940 1036.6
1192950 1034.0
1192960 1030.1
1192970 1027.8
1192980 1027.8
1192990 1026.7
1193000 1025.6
1193010 1025.6
1193020 1022.4
1193030 1018.6
1193040 1018.6
1193050 1014.2
1193060 1012.5
1193070 1012.5
1193080 1010.6
1193090 1008.8
1193100 1008.8
1193110 1006.9
1193120 1004.4
1193130 1004.4
1193140 1001.4
1193150 998.3
1193160 998.3
1193170 995.8
1193180 994.4
1193190 994.4
1193200 992.5
1193210 988.9
1193220 984.9
1193230 984.9
1193240 982.8
1193250 981.8
1193260 981.8
1193270 982.2
1193280 982.1
1193290 982.1
1193300 981.9
1193310 983.1
1193320 983.1
1193330 985.4
1193340 988.8
1193350 988.8
1193360 992.4
1193370 994.7
1193380 994.7
1193390 992.1
1193400 987.7
1193410 987.7
1193420 982.2
1193430 975.2
1193440 975.2
1193450 971.0
1193460 976.9
1193470 984.4
1193480 983.9
1193490 986.8
1193500 987.1
1193510 987.1
1193520 987.2
1193530 986.9
1193540 986.9
1193550 986.5
1193560 985.8
1193570 985.8
1193580 985.4
1193590 985.4
1193600 985.4
1193610 985.0
1193620 983.7
1193630 983.7
1193640 982.5
1193650 981.8
1193660 981.8
1193670 981.5
1193680 981.7
1193690 981.7
1193700 981.3
1193710 979.4
1193720 978.6
1193730 978.6
1193740 978.1
1193750 977.0
1193760 977.0
1193770 975.4
1193780 973.2
1193790 973.2
1193800 970.6
1193810 968.2
1193820 968.2
1193830 966.5
1193840 965.3
1193850 965.3
1193860 964.9
1193870 963.6
1193880 963.6
1193890 962.1
1193900 960.1
1193910 960.1
1193920 955.9
1193930 954.3
1193940 954.3
1193950 953.3
1193960 952.6
1193970 952.1
1193980 952.1
1193990 951.8
1194000 950.1
1194010 950.1
1194020 947.4
1194030 946.0
1194040 946.0
1194050 944.8
1194060 942.8
1194070 942.8
1194080 941.5
1194090 938.1
1194100 938.1
1194110 935.3
1194120 932.5
1194130 932.5
1194140 928.9
1194150 927.5
1194160 927.5
1194170 925.3
1194180 919.4
1194190 919.4
1194200 913.2
1194210 910.7
1194220 910.7
1194230 908.5
1194240 908.0
1194250 906.8
1194260 906.8
1194270 905.7
1194280 903.3
1194290 903.3
1194300 901.4
1194310 900.0
1194320 900.0
1194330 900.4
1194340 900.3
1194350 900.3
1194360 896.2
1194370 895.4
1194380 895.4
1194390 894.6
1194400 894.6
1194410 894.6
1194420 894.3
1194430 892.3
1194440 892.3
1194450 888.4
1194460 884.5
1194470 884.5
1194480 882.1
1194490 879.9
1194500 879.0
1194510 879.0
1194520 878.5
1194530 876.7
1194540 876.7
1194550 875.1
1194560 875.3
1194570 875.3
1194580 874.9
1194590 872.4
1194600 872.4
1194610 870.0
1194620 868.8
1194630 868.8
1194640 868.5
1194650 868.3
1194660 868.3
1194670 868.2
1194680 867.2
1194690 867.2
1194700 864.8
1194710 860.1
1194720 860.1
1194730 854.9
1194740 850.1
1194750 843.4
1194760 843.4
1194770 834.6
1194780 832.9
1194790 832.9
1194800 834.2
1194810 833.0
1194820 833.0
1194830 831.3
1194840 830.3
1194850 830.3
1194860 830.2
1194870 830.0
1194880 830.0
1194890 829.4
1194900 828.5
1194910 828.5
1194920 826.1
1194930 823.7
1194940 823.7
1194950 824.0
1194960 824.4
1194970 824.4
1194980 824.2
1194990 822.6
1195000 820.4
1195010 820.4
1195020 815.5
1195030 809.0
1195040 809.0
1195050 802.7
1195060 796.1
1195070 796.1
1195080 789.7
1195090 783.6
1195100 783.6
1195110 777.6
1195120 771.6
1195130 771.6
1195140 768.2
1195150 767.2
1195160 767.2
1195170 766.0
1195180 764.8
1195190 764.8
1195200 764.4
1195210 764.0
1195220 764.0
1195230 763.5
1195240 762.9
1195250 762.3
1195260 762.3
1195270 761.9
1195280 761.6
1195290 761.6
1195300 761.5
1195310 761.4
1195320 761.4
1195330 761.3
1195340 761.1
1195350 761.1
1195360 761.8
1195370 764.6
1195380 764.6
1195390 766.6
1195400 768.3
1195410 768.3
1195420 770.6
1195430 773.8
1195440 773.8
1195450 775.3
1195460 774.0
1195470 774.0
1195480 772.6
1195490 771.4
1195500 771.4
1195510 770.5
1195520 770.1
1195530 769.5
1195540 769.5
1195550 768.3
1195560 766.4
1195570 766.4
1195580 764.0
1195590 762.6
1195600 762.6
1195610 762.0
1195620 761.4
1195630 761.4
1195640 760.6
1195650 759.3
1195660 759.3
1195670 756.7
1195680 755.4
1195690 755.4
1195700 754.2
1195710 753.0
1195720 753.0
1195730 752.2
1195740 751.7
1195750 751.7
1195760 751.2
1195770 750.8
1195780 750.5
1195790 750.5
1195800 749.9
1195810 748.2
1195820 748.2
1195830 746.6
1195840 745.7
1195850 745.7
1195860 745.2
1195870 744.8
1195880 744.8
1195890 744.6
1195900 744.1
1195910 744.1
1195920 743.3
1195930 743.1
1195940 743.1
1195950 742.9
1195960 742.7
1195970 742.7
1195980 742.3
1195990 741.7
1196000 741.7
1196010 741.3
1196020 740.7
1196030 740.2
1196040 740.2
1196050 739.6
1196060 738.8
1196070 738.8
1196080 738.8
1196090 738.8
1196100 738.8
1196110 738.8
1196120 738.7
1196130 738.7
1196140 738.5
1196150 738.5
1196160 738.5
1196170 737.9
1196180 737.1
1196190 737.1
1196200 737.0
1196210 736.8
1196220 736.8
1196230 736.6
1196240 736.6
1196250 736.6
1196260 737.0
1196270 738.3
1196280 738.4
1196290 738.4
1196300 735.4
1196310 730.4
1196320 730.4
1196330 729.4
1196340 729.5
1196350 729.5
1196360 729.8
1196370 730.2
1196380 730.2
1196390 730.4
1196400 730.4
1196410 730.4
1196420 730.4
1196430 730.4
1196440 730.4
1196450 730.3
1196460 730.2
1196470 730.2
1196480 730.0
1196490 729.8
1196500 729.8
1196510 729.7
1196520 729.6
1196530 729.6
1196540 729.4
1196550 729.2
1196560 728.2
1196570 728.2
1196580 724.5
1196590 723.7
1196600 723.7
1196610 724.3
1196620 724.7
1196630 724.7
1196640 724.6
1196650 724.5
1196660 724.5
1196670 724.6
1196680 724.7
1196690 724.7
1196700 724.8
1196710 725.0
1196720 725.0
1196730 725.1
1196740 725.3
1196750 725.3
1196760 725.8
1196770 725.4
1196780 725.4
1196790 725.8
1196800 725.8
1196810 725.4
1196820 725.4
1196830 726.1
1196840 726.7
1196850 726.7
1196860 729.6
1196870 733.5
1196880 733.5
1196890 737.9
1196900 742.7
1196910 742.7
1196920 748.5
1196930 753.8
1196940 753.8
1196950 757.2
1196960 760.6
1196970 760.6
1196980 765.7
1196990 770.9
1197000 771.9
1197010 777.2
1197020 782.1
1197030 782.1
1197040 786.9
1197050 791.7
1197060 796.6
1197070 796.6
1197080 801.6
1197090 806.2
1197100 806.2
1197110 810.5
1197120 815.3
1197130 815.3
1197140 820.0
1197150 824.8
1197160 824.8
1197170 829.3
1197180 833.8
1197190 833.8
1197200 838.3
1197210 842.7
1197220 842.7
1197230 847.0
1197240 852.1
1197250 852.1
1197260 857.6
1197270 862.1
1197280 862.1
1197290 866.0
1197300 870.5
1197310 875.4
1197320 875.4
1197330 881.6
1197340 885.9
1197350 885.9
1197360 890.7
1197370 893.3
1197380 893.3
1197390 895.7
1197400 898.3
1197410 898.3
1197420 901.0
1197430 903.8
1197440 906.2
1197450 908.8
1197460 911.1
1197470 911.1
1197480 913.3
1197490 915.6
1197500 915.6
1197510 918.6
1197520 921.6
1197530 921.6
1197540 924.2
1197550 927.1
1197560 930.3
1197570 930.3
1197580 933.8
1197590 936.9
1197600 936.9
1197610 939.9
1197620 942.5
1197630 942.5
1197640 943.8
1197650 942.9
1197660 942.9
1197670 943.4
1197680 945.5
1197690 945.5
1197700 948.1
1197710 950.4
1197720 950.4
1197730 951.9
1197740 952.3
1197750 952.3
1197760 952.9
1197770 953.5
1197780 953.5
1197790 954.2
1197800 955.1
1197810 955.1
1197820 956.0
1197830 957.0
1197840 958.2
1197850 958.2
1197860 958.9
1197870 959.7
1197880 959.7
1197890 959.3
1197900 960.3
1197910 960.3
1197920 961.5
1197930 962.9
1197940 962.9
1197950 963.7
1197960 964.0
1197970 964.0
1197980 964.5
1197990 965.0
1198000 965.0
1198010 965.7
1198020 966.6
1198030 966.6
1198040 967.5
1198050 968.5
1198060 968.5
1198070 969.5
1198080 970.4
1198090 971.4
1198100 971.4
1198110 972.5
1198120 973.7
1198130 973.7
1198140 975.2
1198150 976.7
1198160 976.7
1198170 977.4
1198180 975.9
1198190 975.9
1198200 973.4
1198210 969.1
1198220 969.1
1198230 966.8
1198240 963.0
1198250 963.0
1198260 958.2
1198270 955.8
1198280 955.8
1198290 953.7
1198300 952.1
1198310 952.1
1198320 951.3
1198330 950.4
1198340 950.3
1198350 950.3
1198360 950.4
1198370 950.9
1198380 950.9
1198390 951.5
1198400 952.4
1198410 952.4
1198420 953.4
1198430 954.4
1198440 954.4
1198450 955.3
1198460 956.2
1198470 956.2
1198480 957.0
1198490 957.7
1198500 957.7
1198510 958.7
1198520 960.4
1198530 960.4
1198540 962.2
1198550 963.4
1198560 963.4
1198570 964.6
1198580 965.9
1198590 967.4
1198600 967.4
1198610 969.3
1198620 970.9
1198630 970.9
1198640 972.1
1198650 974.0
1198660 974.0
1198670 975.7
1198680 977.4
1198690 977.4
1198700 980.4
1198710 982.1
1198720 982.1
1198730 982.4
1198740 980.4
1198750 980.4
1198760 977.7
1198770 977.7
1198780 976.2
1198790 980.4
1198800 985.6
1198810 985.6
1198820 990.8
1198830 994.1
1198840 997.4
1198850 997.4
1198860 1001.0
1198870 1005.0
1198880 1005.0
1198890 1009.7
1198900 1013.8
1198910 1013.8
1198920 1017.0
1198930 1020.3
1198940 1020.3
1198950 1020.1
1198960 1017.0
1198970 1017.0
1198980 1015.4
1198990 1015.7
1199000 1015.7
1199010 1015.6
1199020 1021.1
1199030 1021.1
1199040 1027.8
1199050 1034.4
1199060 1034.4
1199070 1040.6
1199080 1046.7
1199090 1046.7
1199100 1053.5
1199110 1059.6
1199120 1065.1
1199130 1065.1
1199140 1072.6
1199150 1079.5
1199160 1079.5
1199170 1086.1
1199180 1091.4
1199190 1091.4
1199200 1094.4
1199210 1098.2
1199220 1093.4
1199230 1096.4
1199240 1099.0
1199250 1099.0
1199260 1102.4
1199270 1107.5
1199280 1107.5
1199290 1112.2
1199300 1114.1
1199310 1114.1
1199320 1115.5
1199330 1117.6
1199340 1117.6
1199350 1116.4
1199360 1112.8
1199370 1113.5
1199380 1113.5
1199390 1118.6
1199400 1125.1
1199410 1125.1
1199420 1132.2
1199430 1138.5
1199440 1138.5
1199450 1142.1
1199460 1144.2
1199470 1144.2
1199480 1148.4
1199490 1153.2
1199500 1153.2
1199510 1156.0
1199520 1158.1
1199530 1158.1
1199540 1158.9
1199550 1157.0
1199560 1157.0
1199570 1156.2
1199580 1157.9
1199590 1157.9
1199600 1158.9
1199610 1159.4
1199620 1161.8
1199630 1161.8
1199640 1162.7
1199650 1162.8
1199660 1162.8
1199670 1163.0
1199680 1167.9
1199690 1167.9
1199700 1172.9
1199710 1176.3
1199720 1176.3
1199730 1177.7
1199740 1178.6
1199750 1178.6
1199760 1181.9
1199770 1184.6
1199780 1184.6
1199790 1186.7
1199800 1188.4
1199810 1188.4
1199820 1190.7
1199830 1192.8
1199840 1192.8
1199850 1195.0
1199860 1198.5
1199870 1200.1
1199880 1200.1
1199890 1201.6
1199900 1203.6
1199910 1203.6
1199920 1206.5
1199930 1210.1
1199940 1210.1
1199950 1210.9
1199960 1209.6
1199970 1209.6
1199980 1208.8
1199990 1208.4
