1180000 2434.8
1180010 2434.8
1180020 2442.0
1180030 2448.0
1180040 2448.0
1180050 2450.0
1180060 2446.1
1180070 2446.1
1180080 2440.0
1180090 2431.9
1180100 2431.9
1180110 2423.3
1180120 2414.7
1180130 2401.8
1180140 2401.8
1180150 2392.7
1180160 2384.7
1180170 2384.7
1180180 2372.7
1180190 2358.5
1180200 2358.5
1180210 2345.4
1180220 2334.1
1180230 2334.1
1180240 2327.8
1180250 2321.8
1180260 2321.8
1180270 2315.3
1180280 2308.5
1180290 2308.5
1180300 2301.6
1180310 2294.6
1180320 2294.6
1180330 2287.7
1180340 2281.1
1180350 2281.1
1180360 2274.6
1180370 2268.3
1180380 2267.8
1180390 2264.4
1180400 2267.1
1180410 2271.9
1180420 2271.9
1180430 2277.1
1180440 2281.3
1180450 2281.3
1180460 2284.7
1180470 2287.4
1180480 2287.4
1180490 2290.0
1180500 2293.9
1180510 2293.9
1180520 2298.5
1180530 2303.6
1180540 2303.6
1180550 2309.2
1180560 2315.1
1180570 2315.1
1180580 2321.2
1180590 2327.4
1180600 2327.4
1180610 2333.6
1180620 2339.9
1180630 2339.9
1180640 2346.7
1180650 2353.9
1180660 2360.9
1180670 2360.9
1180680 2367.6
1180690 2374.3
1180700 2374.3
1180710 2381.5
1180720 2391.0
1180730 2391.0
1180740 2405.0
1180750 2417.4
1180760 2417.4
1180770 2429.9
1180780 2439.3
1180790 2439.3
1180800 2441.4
1180810 2446.4
1180820 2446.4
1180830 2443.2
1180840 2437.6
1180850 2437.6
1180860 2421.6
1180870 2405.3
1180880 2405.3
1180890 2393.2
1180900 2386.0
1180910 2378.1
1180920 2378.1
1180930 2372.7
1180940 2366.6
1180950 2366.6
1180960 2361.1
1180970 2358.3
1180980 2358.3
1180990 2364.0
1181000 2369.9
1181010 2369.9
1181020 2349.2
1181030 2320.3
1181040 2320.3
1181050 2305.2
1181060 2301.3
1181070 2301.3
1181080 2296.7
1181090 2291.1
1181100 2291.1
1181110 2285.3
1181120 2279.5
1181130 2279.5
1181140 2274.2
1181150 2270.2
1181160 2270.2
1181170 2266.9
1181180 2264.5
1181190 2263.2
1181200 2263.2
1181210 2262.3
1181220 2258.9
1181230 2258.9
1181240 2257.6
1181250 2255.8
1181260 2255.8
1181270 2256.5
1181280 2256.8
1181290 2256.8
1181300 2258.8
1181310 2261.0
1181320 2261.0
1181330 2262.4
1181340 2264.5
1181350 2264.5
1181360 2265.1
1181370 2260.9
1181380 2260.9
1181390 2254.3
1181400 2247.8
1181410 2247.8
1181420 2242.8
1181430 2239.1
1181440 2235.8
1181450 2235.8
1181460 2232.6
1181470 2229.0
1181480 2229.0
1181490 2226.2
1181500 2223.5
1181510 2223.5
1181520 2221.8
1181530 2220.0
1181540 2220.0
1181550 2217.9
1181560 2215.3
1181570 2215.3
1181580 2212.7
1181590 2210.3
1181600 2210.3
1181610 2208.8
1181620 2209.2
1181630 2209.2
1181640 2205.9
1181650 2208.3
1181660 2208.3
1181670 2211.7
1181680 2214.8
1181690 2216.8
1181700 2216.8
1181710 2217.6
1181720 2216.5
1181730 2216.5
1181740 2215.3
1181750 2212.3
1181760 2212.3
1181770 2207.7
1181780 2202.3
1181790 2202.3
1181800 2197.1
1181810 2192.7
1181820 2192.7
1181830 2189.6
1181840 2186.9
1181850 2186.9
1181860 2183.7
1181870 2181.0
1181880 2181.0
1181890 2178.4
1181900 2175.2
1181910 2175.2
1181920 2171.8
1181930 2168.4
1181940 2168.4
1181950 2165.1
1181960 2162.2
1181970 2158.9
1181980 2158.9
1181990 2155.5
1182000 2152.2
1182010 2152.2
1182020 2149.4
1182030 2147.5
1182040 2147.5
1182050 2145.7
1182060 2140.7
1182070 2140.7
1182080 2139.9
1182090 2139.3
1182100 2139.3
1182110 2138.9
1182120 2138.2
1182130 2138.2
1182140 2137.8
1182150 2137.4
1182160 2137.4
1182170 2137.4
1182180 2136.8
1182190 2136.8
1182200 2134.4
1182210 2131.7
1182220 2129.6
1182230 2129.6
1182240 2127.8
1182250 2126.5
1182260 2126.5
1182270 2125.0
1182280 2123.8
1182290 2123.8
1182300 2122.2
1182310 2120.9
1182320 2120.9
1182330 2121.4
1182340 2122.2
1182350 2122.2
1182360 2123.6
1182370 2125.2
1182380 2125.2
1182390 2126.9
1182400 2128.4
1182410 2128.4
1182420 2130.8
1182430 2132.3
1182440 2132.3
1182450 2133.5
1182460 2132.7
1182470 2131.2
1182480 2122.8
1182490 2121.3
1182500 2115.7
1182510 2115.7
1182520 2107.9
1182530 2098.7
1182540 2098.7
1182550 2091.1
1182560 2085.5
1182570 2085.5
1182580 2081.7
1182590 2079.0
1182600 2079.0
1182610 2075.9
1182620 2071.2
1182630 2071.2
1182640 2069.3
1182650 2068.6
1182660 2068.6
1182670 2066.8
1182680 2059.7
1182690 2059.7
1182700 2055.8
1182710 2052.6
1182720 2052.6
1182730 2048.0
1182740 2048.0
1182750 2047.2
1182760 2047.2
1182770 2041.8
1182780 2040.4
1182790 2040.4
1182800 2042.1
1182810 2039.4
1182820 2039.4
1182830 2036.2
1182840 2032.0
1182850 2032.0
1182860 2030.3
1182870 2028.0
1182880 2028.0
1182890 2022.7
1182900 2011.6
1182910 2011.6
1182920 2004.7
1182930 1998.5
1182940 1998.5
1182950 1993.4
1182960 1989.9
1182970 1989.9
1182980 1989.4
1182990 1991.7
1183000 1993.5
1183010 1993.5
1183020 1994.4
1183030 1996.9
1183040 1996.9
1183050 2000.1
1183060 1992.4
1183070 1992.4
1183080 1982.8
1183090 1974.0
1183100 1974.0
1183110 1966.0
1183120 1958.0
1183130 1958.0
1183140 1951.8
1183150 1943.7
1183160 1943.7
1183170 1935.0
1183180 1927.8
1183190 1927.8
1183200 1919.5
1183210 1909.6
1183220 1909.6
1183230 1900.0
1183240 1892.7
1183250 1884.8
1183260 1884.8
1183270 1877.9
1183280 1871.2
1183290 1871.2
1183300 1864.7
1183310 1858.6
1183320 1857.1
1183330 1850.9
1183340 1845.2
1183350 1845.2
1183360 1839.7
1183370 1834.6
1183380 1834.6
1183390 1829.7
1183400 1824.7
1183410 1824.7
1183420 1820.5
1183430 1815.9
1183440 1815.9
1183450 1811.5
1183460 1807.9
1183470 1807.9
1183480 1805.3
1183490 1802.7
1183500 1798.7
1183510 1798.7
1183520 1795.2
1183530 1794.3
1183540 1794.3
1183550 1793.2
1183560 1790.9
1183570 1790.9
1183580 1784.8
1183590 1781.9
1183600 1781.9
1183610 1789.4
1183620 1796.6
1183630 1796.6
1183640 1801.2
1183650 1806.2
1183660 1806.2
1183670 1810.5
1183680 1814.1
1183690 1814.1
1183700 1817.9
1183710 1822.8
1183720 1822.8
1183730 1828.1
1183740 1833.8
1183750 1831.0
1183760 1837.3
1183770 1843.9
1183780 1851.2
1183790 1851.2
1183800 1858.7
1183810 1866.2
1183820 1866.2
1183830 1874.4
1183840 1881.6
1183850 1881.6
1183860 1889.0
1183870 1896.7
1183880 1896.7
1183890 1903.9
1183900 1910.8
1183910 1910.8
1183920 1917.3
1183930 1923.0
1183940 1923.0
1183950 1925.8
1183960 1925.4
1183970 1925.4
1183980 1923.7
1183990 1921.3
1184000 1921.3
1184010 1917.5
1184020 1912.0
1184030 1905.5
1184040 1905.5
1184050 1898.3
1184060 1891.0
1184070 1891.0
1184080 1889.7
1184090 1888.6
1184100 1888.6
1184110 1889.4
1184120 1892.1
1184130 1892.1
1184140 1890.9
1184150 1888.9
1184160 1888.9
1184170 1878.1
1184180 1874.9
1184190 1874.9
1184200 1872.0
1184210 1870.8
1184220 1870.8
1184230 1867.9
1184240 1859.9
1184250 1859.9
1184260 1850.3
1184270 1842.2
1184280 1833.6
1184290 1833.6
1184300 1824.4
1184310 1815.3
1184320 1815.3
1184330 1807.3
1184340 1799.3
1184350 1799.3
1184360 1790.7
1184370 1781.5
1184380 1781.5
1184390 1778.6
1184400 1781.2
1184410 1781.2
1184420 1784.4
1184430 1786.6
1184440 1786.6
1184450 1785.8
1184460 1783.0
1184470 1783.0
1184480 1779.0
1184490 1773.8
1184500 1773.8
1184510 1766.2
1184520 1757.9
1184530 1757.9
1184540 1749.6
1184550 1741.2
1184560 1734.0
1184570 1734.0
1184580 1728.3
1184590 1719.1
1184600 1719.1
1184610 1713.2
1184620 1707.5
1184630 1707.5
1184640 1702.5
1184650 1699.0
1184660 1699.0
1184670 1695.4
1184680 1691.3
1184690 1691.3
1184700 1687.1
1184710 1683.2
1184720 1683.2
1184730 1679.0
1184740 1674.9
1184750 1674.9
1184760 1671.4
1184770 1666.5
1184780 1666.5
1184790 1661.7
1184800 1657.9
1184810 1651.8
1184820 1651.8
1184830 1647.6
1184840 1648.4
1184850 1648.4
1184860 1652.2
1184870 1661.2
1184880 1661.2
1184890 1669.2
1184900 1676.7
1184910 1676.7
1184920 1684.0
1184930 1688.8
1184940 1688.8
1184950 1692.9
1184960 1696.6
1184970 1696.6
1184980 1699.6
1184990 1702.7
1185000 1702.7
1185010 1706.0
1185020 1706.6
1185030 1706.6
1185040 1710.6
1185050 1715.0
1185060 1719.3
1185070 1719.3
1185080 1724.0
1185090 1728.7
1185100 1728.7
1185110 1731.9
1185120 1733.7
1185130 1733.7
1185140 1737.3
1185150 1742.6
1185160 1742.6
1185170 1751.8
1185180 1759.0
1185190 1759.0
1185200 1768.6
1185210 1777.9
1185220 1777.9
1185230 1784.7
1185240 1791.8
1185250 1791.8
1185260 1796.3
1185270 1799.7
1185280 1799.7
1185290 1804.0
1185300 1807.6
1185310 1811.5
1185320 1811.5
1185330 1814.5
1185340 1817.4
1185350 1817.4
1185360 1817.9
1185370 1816.0
1185380 1816.0
1185390 1816.5
1185400 1818.1
1185410 1818.1
1185420 1820.1
1185430 1824.4
1185440 1819.0
1185450 1821.9
1185460 1826.4
1185470 1826.4
1185480 1832.4
1185490 1837.8
1185500 1837.8
1185510 1838.9
1185520 1836.8
1185530 1836.8
1185540 1837.5
1185550 1840.4
1185560 1840.4
1185570 1846.6
1185580 1849.0
1185590 1853.1
1185600 1853.1
1185610 1849.9
1185620 1840.7
1185630 1840.7
1185640 1853.1
1185650 1863.2
1185660 1863.2
1185670 1867.9
1185680 1867.5
1185690 1867.5
1185700 1863.7
1185710 1850.2
1185720 1850.2
1185730 1845.6
1185740 1847.5
1185750 1847.5
1185760 1849.6
1185770 1850.2
1185780 1850.2
1185790 1853.0
1185800 1855.7
1185810 1855.7
1185820 1852.2
1185830 1844.1
1185840 1839.1
1185850 1839.1
1185860 1829.6
1185870 1806.0
1185880 1806.0
1185890 1780.0
1185900 1764.9
1185910 1764.9
1185920 1762.0
1185930 1767.9
1185940 1767.9
1185950 1776.9
1185960 1793.9
1185970 1793.9
1185980 1798.6
1185990 1802.9
1186000 1802.9
1186010 1813.4
1186020 1825.6
1186030 1825.6
1186040 1835.1
1186050 1838.9
1186060 1838.9
1186070 1840.6
1186080 1838.9
1186090 1835.6
1186100 1835.6
1186110 1829.3
1186120 1822.4
1186130 1822.4
1186140 1815.5
1186150 1809.6
1186160 1809.6
1186170 1803.5
1186180 1796.2
1186190 1796.2
1186200 1790.4
1186210 1787.2
1186220 1787.2
1186230 1791.2
1186240 1800.9
1186250 1800.9
1186260 1809.3
1186270 1817.5
1186280 1817.5
1186290 1819.3
1186300 1819.3
1186310 1819.3
1186320 1814.7
1186330 1809.9
1186340 1809.9
1186350 1812.1
1186360 1822.1
1186370 1822.8
1186380 1822.8
1186390 1811.1
1186400 1812.3
1186410 1812.3
1186420 1818.3
1186430 1828.1
1186440 1828.1
1186450 1832.5
1186460 1834.7
1186470 1834.7
1186480 1836.9
1186490 1841.7
1186500 1841.7
1186510 1847.3
1186520 1854.0
1186530 1854.0
1186540 1858.2
1186550 1860.7
1186560 1860.7
1186570 1863.5
1186580 1866.7
1186590 1866.7
1186600 1867.2
1186610 1871.1
1186620 1878.4
1186630 1878.4
1186640 1886.6
1186650 1889.4
1186660 1889.4
1186670 1893.4
1186680 1900.3
1186690 1900.3
1186700 1911.5
1186710 1919.9
1186720 1927.5
1186730 1939.4
1186740 1947.6
1186750 1947.6
1186760 1950.3
1186770 1951.6
1186780 1951.6
1186790 1953.3
1186800 1958.1
1186810 1958.1
1186820 1960.4
1186830 1959.4
1186840 1959.4
1186850 1958.1
1186860 1957.3
1186870 1955.0
1186880 1955.0
1186890 1953.7
1186900 1952.8
1186910 1952.8
1186920 1951.3
1186930 1954.4
1186940 1954.4
1186950 1955.2
1186960 1957.4
1186970 1957.4
1186980 1960.1
1186990 1953.7
1187000 1953.7
1187010 1947.4
1187020 1950.1
1187030 1950.1
1187040 1957.7
1187050 1965.2
1187060 1965.2
1187070 1970.5
1187080 1975.4
1187090 1975.4
1187100 1979.2
1187110 1983.4
1187120 1983.4
1187130 1993.2
1187140 2004.3
1187150 2000.6
1187160 2000.6
1187170 2003.2
1187180 2010.0
1187190 2010.0
1187200 2017.8
1187210 2029.9
1187220 2029.9
1187230 2040.4
1187240 2045.6
1187250 2045.6
1187260 2049.8
1187270 2057.0
1187280 2057.0
1187290 2066.1
1187300 2076.3
1187310 2076.3
1187320 2084.0
1187330 2091.3
1187340 2091.3
1187350 2098.4
1187360 2106.6
1187370 2106.6
1187380 2115.3
1187390 2123.1
1187400 2131.1
1187410 2131.1
1187420 2140.4
1187430 2148.4
1187440 2148.4
1187450 2153.7
1187460 2154.4
1187470 2154.4
1187480 2149.3
1187490 2142.2
1187500 2142.2
1187510 2141.2
1187520 2135.2
1187530 2135.2
1187540 2121.1
1187550 2111.1
1187560 2111.1
1187570 2103.0
1187580 2088.7
1187590 2088.7
1187600 2088.1
1187610 2084.0
1187620 2084.0
1187630 2077.2
1187640 2072.9
1187650 2075.4
1187660 2075.4
1187670 2075.6
1187680 2073.3
1187690 2073.3
1187700 2073.6
1187710 2078.8
1187720 2078.8
1187730 2089.3
1187740 2100.5
1187750 2100.5
1187760 2108.2
1187770 2103.7
1187780 2103.7
1187790 2096.7
1187800 2097.7
1187810 2097.7
1187820 2096.4
1187830 2093.7
1187840 2093.7
1187850 2098.9
1187860 2105.6
1187870 2105.6
1187880 2113.0
1187890 2114.9
1187900 2114.6
1187910 2114.6
1187920 2115.4
1187930 2117.5
1187940 2117.5
1187950 2120.9
1187960 2126.8
1187970 2126.8
1187980 2133.3
1187990 2138.8
1188000 2132.6
1188010 2134.3
1188020 2132.8
1188030 2132.8
1188040 2129.0
1188050 2129.1
1188060 2129.1
1188070 2131.3
1188080 2133.3
1188090 2133.3
1188100 2138.0
1188110 2143.2
1188120 2143.2
1188130 2146.2
1188140 2150.8
1188150 2150.8
1188160 2157.7
1188170 2165.9
1188180 2176.5
1188190 2176.5
1188200 2186.3
1188210 2197.2
1188220 2197.2
1188230 2205.6
1188240 2212.0
1188250 2212.0
1188260 2219.1
1188270 2226.6
1188280 2226.6
1188290 2234.3
1188300 2241.7
1188310 2241.7
1188320 2248.7
1188330 2256.0
1188340 2256.0
1188350 2263.2
1188360 2269.8
1188370 2269.8
1188380 2276.0
1188390 2280.8
1188400 2280.8
1188410 2284.9
1188420 2288.0
1188430 2295.5
1188440 2295.5
1188450 2292.6
1188460 2284.9
1188470 2284.9
1188480 2285.5
1188490 2277.2
1188500 2277.2
1188510 2269.9
1188520 2263.3
1188530 2263.3
1188540 2256.7
1188550 2245.3
1188560 2245.3
1188570 2235.2
1188580 2224.6
1188590 2224.6
1188600 2214.6
1188610 2214.5
1188620 2214.5
1188630 2207.7
1188640 2197.6
1188650 2197.6
1188660 2188.5
1188670 2178.2
1188680 2171.2
1188690 2171.2
1188700 2169.9
1188710 2174.7
1188720 2174.7
1188730 2178.0
1188740 2179.1
1188750 2179.1
1188760 2175.0
1188770 2171.9
1188780 2171.9
1188790 2174.9
1188800 2180.8
1188810 2180.8
1188820 2176.3
1188830 2166.8
1188840 2166.8
1188850 2158.5
1188860 2162.7
1188870 2162.7
1188880 2160.4
1188890 2156.0
1188900 2156.0
1188910 2147.0
1188920 2140.3
1188930 2140.3
1188940 2133.3
1188950 2125.4
1188960 2115.1
1188970 2115.1
1188980 2103.9
1188990 2092.9
1189000 2092.9
1189010 2082.1
1189020 2072.9
1189030 2072.9
1189040 2069.6
1189050 2068.7
1189060 2068.7
1189070 2065.9
1189080 2063.3
1189090 2063.3
1189100 2061.4
1189110 2056.9
1189120 2056.9
1189130 2050.1
1189140 2043.5
1189150 2043.5
1189160 2034.6
1189170 2031.9
1189180 2031.9
1189190 2027.5
1189200 2024.5
1189210 2020.4
1189220 2020.4
1189230 2016.5
1189240 2010.2
1189250 2010.2
1189260 2005.6
1189270 2001.2
1189280 2001.2
1189290 2000.8
1189300 1994.7
1189310 1994.7
1189320 1986.7
1189330 1980.7
1189340 1980.7
1189350 1976.9
1189360 1970.6
1189370 1970.6
1189380 1963.8
1189390 1957.1
1189400 1957.1
1189410 1951.0
1189420 1945.2
1189430 1945.2
1189440 1939.8
1189450 1934.4
1189460 1929.2
1189470 1929.2
1189480 1924.2
1189490 1918.9
1189500 1918.9
1189510 1913.5
1189520 1907.3
1189530 1907.3
1189540 1900.4
1189550 1892.1
1189560 1892.1
1189570 1883.7
1189580 1876.0
1189590 1876.0
1189600 1868.6
1189610 1860.7
1189620 1860.7
1189630 1852.6
1189640 1845.0
1189650 1845.0
1189660 1837.5
1189670 1830.4
1189680 1830.4
1189690 1823.7
1189700 1817.3
1189710 1811.0
1189720 1811.5
1189730 1805.0
1189740 1798.1
1189750 1798.1
1189760 1790.8
1189770 1784.1
1189780 1784.1
1189790 1777.6
1189800 1770.9
1189810 1770.9
1189820 1764.2
1189830 1757.4
1189840 1757.4
1189850 1749.0
1189860 1740.7
1189870 1740.7
1189880 1735.6
1189890 1736.6
1189900 1736.6
1189910 1736.0
1189920 1731.3
1189930 1731.3
1189940 1728.6
1189950 1725.9
1189960 1725.9
1189970 1723.1
1189980 1717.5
1189990 1712.4
1190000 1712.4
1190010 1707.5
1190020 1702.6
1190030 1702.6
1190040 1696.7
1190050 1689.4
1190060 1689.4
1190070 1679.7
1190080 1670.0
1190090 1670.0
1190100 1672.3
1190110 1670.8
1190120 1670.8
1190130 1670.8
1190140 1665.7
1190150 1665.7
1190160 1662.9
1190170 1662.1
1190180 1662.1
1190190 1662.0
1190200 1659.8
1190210 1659.8
1190220 1654.5
1190230 1648.3
1190240 1642.5
1190250 1642.5
1190260 1638.0
1190270 1630.9
1190280 1630.9
1190290 1623.6
1190300 1618.2
1190310 1618.2
1190320 1612.7
1190330 1609.6
1190340 1609.6
1190350 1605.4
1190360 1601.3
1190370 1601.3
1190380 1596.3
1190390 1592.1
1190400 1592.1
1190410 1586.3
1190420 1580.0
1190430 1580.0
1190440 1572.9
1190450 1565.7
1190460 1565.7
1190470 1558.9
1190480 1551.7
1190490 1543.2
1190500 1543.2
1190510 1535.7
1190520 1527.9
1190530 1527.9
1190540 1520.7
1190550 1514.2
1190560 1514.2
1190570 1507.3
1190580 1500.9
1190590 1502.3
1190600 1495.3
1190610 1491.5
1190620 1491.5
1190630 1488.4
1190640 1484.9
1190650 1484.9
1190660 1482.5
1190670 1481.4
1190680 1481.4
1190690 1478.7
1190700 1474.1
1190710 1474.1
1190720 1468.9
1190730 1463.4
1190740 1463.4
1190750 1459.5
1190760 1456.8
1190770 1453.9
1190780 1453.9
1190790 1450.8
1190800 1447.0
1190810 1447.0
1190820 1443.6
1190830 1440.7
1190840 1440.7
1190850 1437.1
1190860 1433.7
1190870 1433.7
1190880 1430.8
1190890 1428.0
1190900 1428.0
1190910 1424.9
1190920 1421.7
1190930 1421.7
1190940 1418.5
1190950 1415.1
1190960 1415.1
1190970 1412.1
1190980 1409.2
1190990 1409.2
1191000 1406.3
1191010 1403.2
1191020 1399.4
1191030 1399.4
1191040 1396.2
1191050 1393.8
1191060 1393.8
1191070 1391.6
1191080 1389.0
1191090 1389.0
1191100 1386.2
1191110 1383.3
1191120 1383.3
1191130 1380.8
1191140 1378.2
1191150 1378.2
1191160 1375.6
1191170 1372.9
1191180 1372.9
1191190 1369.8
1191200 1366.8
1191210 1366.8
1191220 1364.2
1191230 1362.0
1191240 1362.0
1191250 1359.3
1191260 1356.4
1191270 1353.8
1191280 1353.8
1191290 1351.6
1191300 1349.4
1191310 1349.4
1191320 1346.9
1191330 1344.5
1191340 1344.5
1191350 1342.1
1191360 1339.8
1191370 1339.8
1191380 1337.8
1191390 1335.6
1191400 1335.6
1191410 1333.5
1191420 1331.3
1191430 1331.3
1191440 1328.9
1191450 1326.7
1191460 1326.7
1191470 1324.6
1191480 1322.2
1191490 1322.2
1191500 1319.8
1191510 1317.4
1191520 1315.1
1191530 1315.1
1191540 1312.8
1191550 1310.2
1191560 1310.2
1191570 1307.1
1191580 1304.3
1191590 1304.3
1191600 1301.7
1191610 1299.3
1191620 1299.3
1191630 1296.9
1191640 1294.5
1191650 1294.5
1191660 1292.2
1191670 1290.1
1191680 1290.1
1191690 1288.2
1191700 1286.0
1191710 1286.0
1191720 1284.0
1191730 1281.8
1191740 1281.8
1191750 1279.5
1191760 1277.1
1191770 1277.1
1191780 1274.8
1191790 1272.8
1191800 1270.8
1191810 1270.8
1191820 1268.8
1191830 1266.4
1191840 1266.4
1191850 1264.2
1191860 1262.0
1191870 1262.0
1191880 1260.5
1191890 1261.6
1191900 1261.6
1191910 1260.5
1191920 1259.6
1191930 1259.6
1191940 1258.9
1191950 1258.2
1191960 1258.2
1191970 1257.4
1191980 1256.2
1191990 1256.2
1192000 1253.8
1192010 1251.4
1192020 1251.4
1192030 1249.7
1192040 1247.6
1192050 1245.2
1192060 1245.2
1192070 1243.1
1192080 1241.7
1192090 1241.7
1192100 1240.3
1192110 1238.3
1192120 1238.3
1192130 1237.7
1192140 1239.1
1192150 1239.1
1192160 1242.5
1192170 1243.9
1192180 1243.9
1192190 1243.1
1192200 1242.0
1192210 1242.0
1192220 1240.2
1192230 1236.5
1192240 1236.5
1192250 1229.8
1192260 1219.6
1192270 1219.6
1192280 1205.2
1192290 1195.0
1192300 1186.4
1192310 1186.4
1192320 1180.3
1192330 1174.5
1192340 1174.5
1192350 1170.1
1192360 1167.6
1192370 1167.6
1192380 1162.7
1192390 1156.0
1192400 1156.0
1192410 1149.5
1192420 1144.7
1192430 1144.7
1192440 1142.2
1192450 1142.3
1192460 1142.3
1192470 1143.0
1192480 1144.0
1192490 1144.0
1192500 1144.6
1192510 1144.1
1192520 1144.1
1192530 1142.7
1192540 1140.8
1192550 1138.8
1192560 1138.8
1192570 1137.3
1192580 1136.4
1192590 1136.4
1192600 1136.1
1192610 1136.6
1192620 1136.6
1192630 1137.5
1192640 1138.0
1192650 1138.0
1192660 1137.3
1192670 1135.7
1192680 1135.7
1192690 1133.9
1192700 1132.2
1192710 1132.2
1192720 1130.6
1192730 1128.9
1192740 1128.9
1192750 1127.4
1192760 1125.4
1192770 1125.4
1192780 1123.8
1192790 1122.1
1192800 1122.1
1192810 1120.4
1192820 1118.8
1192830 1117.1
1192840 1117.1
1192850 1115.6
1192860 1113.9
1192870 1113.9
1192880 1112.3
1192890 1110.8
1192900 1110.8
1192910 1109.3
1192920 1107.7
1192930 1107.7
1192940 1106.2
1192950 1104.7
1192960 1104.7
1192970 1103.0
1192980 1100.6
1192990 1100.6
1193000 1097.8
1193010 1095.5
1193020 1095.5
1193030 1093.8
1193040 1092.0
1193050 1092.0
1193060 1088.8
1193070 1084.4
1193080 1080.2
1193090 1080.2
1193100 1076.6
1193110 1072.7
1193120 1072.7
1193130 1069.9
1193140 1068.0
1193150 1068.0
1193160 1064.2
1193170 1059.3
1193180 1059.3
1193190 1058.8
1193200 1054.4
1193210 1054.4
1193220 1051.8
1193230 1050.4
1193240 1050.4
1193250 1049.4
1193260 1048.5
1193270 1048.5
1193280 1048.0
1193290 1047.6
1193300 1047.6
1193310 1046.9
1193320 1045.8
1193330 1044.7
1193340 1044.7
1193350 1043.7
1193360 1042.9
1193370 1042.9
1193380 1042.2
1193390 1041.4
1193400 1041.4
1193410 1040.5
1193420 1039.6
1193430 1039.6
1193440 1038.8
1193450 1038.0
1193460 1038.0
1193470 1037.3
1193480 1036.7
1193490 1036.7
1193500 1036.2
1193510 1036.0
1193520 1036.0
1193530 1036.1
1193540 1035.4
1193550 1035.4
1193560 1035.2
1193570 1035.9
1193580 1035.9
1193590 1038.3
1193600 1039.1
1193610 1038.7
1193620 1038.7
1193630 1037.6
1193640 1036.3
1193650 1036.3
1193660 1035.2
1193670 1034.1
1193680 1034.1
1193690 1032.3
1193700 1030.9
1193710 1030.9
1193720 1029.5
1193730 1028.1
1193740 1028.1
1193750 1026.8
1193760 1025.5
1193770 1025.5
1193780 1023.8
1193790 1022.2
1193800 1022.2
1193810 1020.9
1193820 1019.6
1193830 1019.6
1193840 1018.6
1193850 1017.3
1193860 1014.1
1193870 1014.1
1193880 1006.8
1193890 1000.2
1193900 1000.2
1193910 1000.1
1193920 998.6
1193930 998.6
1193940 998.4
1193950 1005.0
1193960 1005.0
1193970 1011.9
1193980 1015.7
1193990 1015.7
1194000 1016.8
1194010 1016.8
1194020 1016.8
1194030 1015.8
1194040 1014.6
1194050 1014.6
1194060 1013.4
1194070 1012.6
1194080 1012.6
1194090 1009.4
1194100 1006.7
1194110 1004.6
1194120 1004.6
1194130 1002.7
1194140 1000.1
1194150 1000.1
1194160 996.6
1194170 993.5
1194180 993.5
1194190 992.9
1194200 994.0
1194210 994.0
1194220 994.6
1194230 994.6
1194240 994.6
1194250 993.9
1194260 995.7
1194270 995.7
1194280 994.6
1194290 994.7
1194300 994.7
1194310 991.9
1194320 986.6
1194330 986.6
1194340 982.0
1194350 979.7
1194360 978.1
1194370 978.1
1194380 974.6
1194390 971.6
1194400 971.6
1194410 969.6
1194420 964.4
1194430 964.4
1194440 956.8
1194450 950.2
1194460 950.2
1194470 943.2
1194480 937.8
1194490 937.8
1194500 932.5
1194510 930.5
1194520 930.5
1194530 927.8
1194540 922.3
1194550 922.3
1194560 914.4
1194570 906.7
1194580 906.7
1194590 900.6
1194600 895.5
1194610 895.5
1194620 890.7
1194630 887.9
1194640 887.6
1194650 887.6
1194660 888.9
1194670 891.0
1194680 891.0
1194690 893.2
1194700 894.6
1194710 894.6
1194720 895.4
1194730 895.6
1194740 895.6
1194750 895.1
1194760 894.6
1194770 894.6
1194780 893.0
1194790 891.3
1194800 891.3
1194810 888.9
1194820 886.1
1194830 886.1
1194840 880.5
1194850 875.5
1194860 875.5
1194870 872.8
1194880 870.9
1194890 868.7
1194900 868.7
1194910 865.2
1194920 861.5
1194930 861.5
1194940 854.5
1194950 850.2
1194960 850.2
1194970 845.8
1194980 841.5
1194990 841.5
1195000 838.6
1195010 833.9
1195020 833.9
1195030 829.5
1195040 825.5
1195050 825.5
1195060 821.2
1195070 817.3
1195080 817.3
1195090 814.5
1195100 812.4
1195110 812.4
1195120 808.9
1195130 805.3
1195140 802.4
1195150 802.4
1195160 801.0
1195170 799.2
1195180 799.2
1195190 797.4
1195200 796.3
1195210 796.3
1195220 794.9
1195230 793.6
1195240 793.6
1195250 792.9
1195260 792.3
1195270 792.3
1195280 791.7
1195290 791.2
1195300 791.2
1195310 790.7
1195320 790.4
1195330 790.4
1195340 790.1
1195350 789.5
1195360 789.5
1195370 789.3
1195380 788.6
1195390 788.6
1195400 788.1
1195410 787.4
1195420 786.8
1195430 786.8
1195440 785.8
1195450 785.2
1195460 785.2
1195470 784.8
1195480 784.5
1195490 784.5
1195500 784.3
1195510 783.8
1195520 783.8
1195530 781.8
1195540 782.6
1195550 782.6
1195560 782.1
1195570 781.7
1195580 781.7
1195590 781.5
1195600 781.6
1195610 781.6
1195620 781.9
1195630 780.8
1195640 780.8
1195650 779.7
1195660 779.7
1195670 779.4
1195680 779.4
1195690 779.2
1195700 778.8
1195710 778.8
1195720 777.6
1195730 776.9
1195740 776.9
1195750 777.2
1195760 777.3
1195770 777.3
1195780 776.9
1195790 776.7
1195800 776.7
1195810 776.6
1195820 775.9
1195830 775.9
1195840 776.2
1195850 776.6
1195860 776.6
1195870 776.5
1195880 776.3
1195890 776.3
1195900 776.1
1195910 775.9
1195920 775.7
1195930 775.7
1195940 775.1
1195950 774.9
1195960 774.9
1195970 775.8
1195980 775.9
1195990 775.9
1196000 775.9
1196010 775.5
1196020 775.5
1196030 772.6
1196040 771.8
1196050 771.8
1196060 771.3
1196070 769.4
1196080 769.4
1196090 767.0
1196100 764.4
1196110 764.4
1196120 762.0
1196130 759.8
1196140 759.8
1196150 757.4
1196160 755.1
1196170 753.9
1196180 753.9
1196190 755.3
1196200 756.1
1196210 756.1
1196220 756.2
1196230 756.6
1196240 756.6
1196250 757.0
1196260 756.3
1196270 756.3
1196280 755.8
1196290 756.3
1196300 756.3
1196310 757.2
1196320 757.3
1196330 757.3
1196340 757.1
1196350 756.5
1196360 756.5
1196370 756.3
1196380 756.1
1196390 756.1
1196400 755.8
1196410 755.1
1196420 755.1
1196430 754.7
1196440 754.8
1196450 754.6
1196460 754.6
1196470 754.0
1196480 753.8
1196490 753.8
1196500 753.1
1196510 752.7
1196520 752.7
1196530 752.6
1196540 752.2
1196550 752.2
1196560 750.8
1196570 749.9
1196580 749.9
1196590 749.9
1196600 749.8
1196610 749.8
1196620 749.6
1196630 748.9
1196640 748.9
1196650 748.6
1196660 748.4
1196670 748.4
1196680 748.1
1196690 747.7
1196700 747.2
1196710 747.3
1196720 746.9
1196730 746.5
1196740 746.5
1196750 746.3
1196760 745.9
1196770 745.9
1196780 745.7
1196790 745.6
1196800 745.6
1196810 745.5
1196820 745.2
1196830 745.2
1196840 744.6
1196850 743.4
1196860 743.4
1196870 742.4
1196880 741.8
1196890 741.8
1196900 743.1
1196910 742.2
1196920 742.2
1196930 741.1
1196940 741.1
1196950 741.0
1196960 741.0
1196970 740.7
1196980 740.3
1196990 740.3
1197000 740.9
1197010 740.7
1197020 740.7
1197030 740.9
1197040 741.6
1197050 741.6
1197060 742.3
1197070 745.1
1197080 745.1
1197090 750.2
1197100 755.9
1197110 755.9
1197120 760.2
1197130 762.1
1197140 762.1
1197150 762.5
1197160 761.4
1197170 761.4
1197180 760.1
1197190 759.5
1197200 759.5
1197210 759.5
1197220 760.4
1197230 764.2
1197240 764.2
1197250 767.9
1197260 770.6
1197270 770.6
1197280 773.1
1197290 775.7
1197300 775.7
1197310 778.5
1197320 781.3
1197330 781.3
1197340 784.6
1197350 789.6
1197360 789.6
1197370 795.5
1197380 799.7
1197390 799.7
1197400 802.4
1197410 805.1
1197420 805.1
1197430 808.2
1197440 812.8
1197450 812.8
1197460 813.6
1197470 814.1
1197480 818.9
1197490 818.9
1197500 823.9
1197510 829.2
1197520 829.2
1197530 834.1
1197540 839.2
1197550 839.2
1197560 844.6
1197570 850.6
1197580 850.6
1197590 859.0
1197600 865.5
1197610 865.5
1197620 872.2
1197630 879.1
1197640 879.1
1197650 886.0
1197660 892.9
1197670 892.9
1197680 899.7
1197690 906.5
1197700 906.5
1197710 915.4
1197720 927.7
1197730 942.6
1197740 942.6
1197750 952.4
1197760 958.5
1197770 958.5
1197780 963.9
1197790 968.4
1197800 968.4
1197810 973.5
1197820 978.7
1197830 978.7
1197840 983.6
1197850 989.5
1197860 989.5
1197870 995.8
1197880 1002.5
1197890 1002.5
1197900 1009.1
1197910 1016.0
1197920 1016.0
1197930 1023.0
1197940 1030.3
1197950 1030.3
1197960 1038.0
1197970 1046.5
1197980 1055.4
1197990 1055.4
1198000 1067.0
1198010 1078.6
1198020 1078.6
1198030 1086.2
1198040 1090.3
1198050 1090.3
1198060 1104.9
1198070 1118.9
1198080 1118.9
1198090 1126.4
1198100 1132.6
1198110 1132.6
1198120 1139.2
1198130 1145.1
1198140 1145.1
1198150 1150.1
1198160 1156.1
1198170 1156.1
1198180 1162.6
1198190 1168.1
1198200 1168.1
1198210 1174.3
1198220 1182.0
1198230 1182.0
1198240 1190.0
1198250 1199.0
1198260 1205.1
1198270 1205.1
1198280 1211.7
1198290 1218.4
1198300 1218.4
1198310 1225.3
1198320 1232.4
1198330 1232.4
1198340 1239.9
1198350 1247.1
1198360 1247.1
1198370 1256.3
1198380 1265.7
1198390 1265.7
1198400 1275.8
1198410 1285.6
1198420 1285.6
1198430 1296.1
1198440 1308.0
1198450 1308.0
1198460 1315.6
1198470 1321.7
1198480 1321.3
1198490 1329.7
1198500 1337.3
1198510 1343.9
1198520 1343.9
1198530 1349.6
1198540 1352.7
1198550 1352.7
1198560 1356.0
1198570 1364.4
1198580 1364.4
1198590 1368.6
1198600 1373.7
1198610 1373.7
1198620 1375.0
1198630 1377.9
1198640 1377.9
1198650 1382.1
1198660 1387.8
1198670 1387.8
1198680 1395.5
1198690 1403.1
1198700 1403.1
1198710 1410.7
1198720 1418.3
1198730 1418.3
1198740 1426.3
1198750 1435.2
1198760 1445.1
1198770 1445.1
1198780 1453.3
1198790 1460.0
1198800 1460.0
1198810 1465.5
1198820 1471.9
1198830 1471.9
1198840 1478.7
1198850 1484.5
1198860 1484.5
1198870 1488.8
1198880 1493.9
1198890 1493.9
1198900 1500.2
1198910 1505.5
1198920 1505.5
1198930 1507.6
1198940 1510.6
1198950 1510.6
1198960 1513.8
1198970 1516.1
1198980 1516.1
1198990 1518.5
1199000 1522.0
1199010 1527.6
1199020 1527.6
1199030 1534.3
1199040 1540.5
1199050 1540.5
1199060 1547.3
1199070 1554.1
1199080 1554.1
1199090 1559.9
1199100 1564.4
1199110 1564.4
1199120 1570.1
1199130 1577.3
1199140 1577.3
1199150 1583.4
1199160 1588.7
1199170 1588.7
1199180 1593.2
1199190 1598.4
1199200 1598.4
1199210 1603.7
1199220 1608.1
1199230 1608.1
1199240 1611.5
1199250 1615.3
1199260 1615.3
1199270 1619.4
1199280 1622.9
1199290 1625.2
1199300 1625.2
1199310 1627.1
1199320 1629.3
1199330 1629.3
1199340 1632.1
1199350 1634.6
1199360 1634.6
1199370 1632.8
1199380 1635.3
1199390 1635.3
1199400 1637.9
1199410 1639.2
1199420 1639.2
1199430 1639.8
1199440 1640.0
1199450 1640.0
1199460 1640.0
1199470 1640.0
1199480 1640.0
1199490 1639.3
1199500 1638.2
1199510 1638.2
1199520 1637.1
1199530 1636.2
1199540 1634.0
1199550 1634.0
1199560 1635.4
1199570 1640.5
1199580 1640.5
1199590 1647.7
1199600 1654.7
1199610 1654.7
1199620 1659.9
1199630 1667.6
1199640 1667.6
1199650 1667.7
1199660 1671.1
1199670 1671.1
1199680 1675.8
1199690 1680.8
1199700 1680.8
1199710 1684.5
1199720 1688.6
1199730 1688.6
1199740 1693.9
1199750 1699.6
1199760 1699.6
1199770 1705.4
1199780 1710.0
1199790 1714.8
1199800 1714.8
1199810 1723.3
1199820 1730.9
1199830 1730.9
1199840 1735.3
1199850 1731.5
1199860 1731.5
1199870 1721.1
1199880 1715.2
1199890 1715.2
1199900 1716.9
1199910 1711.4
1199920 1711.4
1199930 1708.3
1199940 1708.7
1199950 1708.7
1199960 1713.3
1199970 1717.6
1199980 1717.6
1199990 1722.7
