1180000 2472.3
1180010 2472.3
1180020 2462.3
1180030 2450.2
1180040 2450.2
1180050 2441.1
1180060 2429.7
1180070 2429.7
1180080 2416.0
1180090 2402.9
1180100 2402.9
1180110 2390.1
1180120 2384.5
1180130 2384.5
1180140 2382.1
1180150 2375.9
1180160 2375.9
1180170 2367.3
1180180 2357.8
1180190 2357.8
1180200 2348.7
1180210 2337.8
1180220 2331.4
1180230 2321.3
1180240 2312.6
1180250 2305.9
1180260 2305.9
1180270 2300.0
1180280 2294.5
1180290 2294.5
1180300 2289.2
1180310 2284.0
1180320 2284.0
1180330 2279.0
1180340 2274.4
1180350 2274.4
1180360 2270.4
1180370 2266.7
1180380 2266.7
1180390 2267.9
1180400 2273.0
1180410 2273.0
1180420 2276.9
1180430 2281.4
1180440 2281.4
1180450 2286.2
1180460 2290.4
1180470 2290.4
1180480 2293.9
1180490 2297.9
1180500 2301.8
1180510 2301.8
1180520 2305.9
1180530 2310.4
1180540 2310.4
1180550 2315.5
1180560 2321.3
1180570 2321.3
1180580 2327.3
1180590 2333.5
1180600 2333.5
1180610 2339.6
1180620 2345.7
1180630 2345.7
1180640 2355.3
1180650 2361.6
1180660 2361.6
1180670 2370.7
1180680 2380.7
1180690 2380.7
1180700 2388.5
1180710 2396.0
1180720 2396.0
1180730 2405.3
1180740 2420.1
1180750 2427.3
1180760 2427.3
1180770 2426.3
1180780 2431.3
1180790 2431.3
1180800 2438.5
1180810 2452.2
1180820 2452.2
1180830 2454.7
1180840 2442.5
1180850 2442.5
1180860 2433.8
1180870 2442.1
1180880 2442.1
1180890 2432.1
1180900 2425.4
1180910 2425.4
1180920 2411.1
1180930 2377.3
1180940 2377.3
1180950 2354.0
1180960 2346.8
1180970 2346.8
1180980 2340.1
1180990 2334.5
1181000 2332.5
1181010 2332.5
1181020 2333.1
1181030 2319.3
1181040 2319.3
1181050 2306.8
1181060 2299.1
1181070 2299.1
1181080 2292.3
1181090 2285.5
1181100 2285.5
1181110 2278.9
1181120 2272.6
1181130 2272.6
1181140 2266.5
1181150 2260.9
1181160 2260.9
1181170 2255.6
1181180 2251.3
1181190 2251.3
1181200 2249.7
1181210 2250.2
1181220 2250.2
1181230 2250.8
1181240 2249.4
1181250 2249.4
1181260 2247.7
1181270 2247.9
1181280 2248.5
1181290 2248.5
1181300 2248.6
1181310 2249.0
1181320 2249.0
1181330 2248.3
1181340 2249.9
1181350 2249.9
1181360 2252.7
1181370 2250.8
1181380 2250.8
1181390 2244.0
1181400 2236.6
1181410 2236.6
1181420 2230.2
1181430 2224.6
1181440 2224.6
1181450 2219.9
1181460 2216.4
1181470 2216.4
1181480 2208.6
1181490 2206.4
1181500 2206.4
1181510 2204.6
1181520 2202.2
1181530 2199.6
1181540 2199.6
1181550 2197.2
1181560 2196.8
1181570 2196.8
1181580 2196.3
1181590 2195.2
1181600 2195.2
1181610 2193.9
1181620 2192.8
1181630 2192.8
1181640 2192.1
1181650 2192.7
1181660 2192.7
1181670 2194.8
1181680 2198.2
1181690 2198.2
1181700 2202.3
1181710 2205.4
1181720 2205.4
1181730 2205.9
1181740 2204.7
1181750 2204.7
1181760 2202.1
1181770 2198.4
1181780 2194.0
1181790 2194.0
1181800 2189.5
1181810 2185.2
1181820 2185.2
1181830 2180.9
1181840 2176.8
1181850 2176.8
1181860 2172.6
1181870 2168.0
1181880 2168.0
1181890 2163.8
1181900 2157.5
1181910 2157.5
1181920 2153.6
1181930 2150.7
1181940 2150.7
1181950 2148.8
1181960 2145.8
1181970 2145.8
1181980 2143.5
1181990 2141.1
1182000 2141.1
1182010 2138.7
1182020 2136.8
1182030 2136.8
1182040 2135.7
1182050 2135.2
1182060 2135.5
1182070 2135.5
1182080 2136.3
1182090 2137.5
1182100 2137.5
1182110 2138.1
1182120 2137.3
1182130 2137.3
1182140 2135.4
1182150 2133.0
1182160 2133.0
1182170 2131.4
1182180 2129.9
1182190 2129.9
1182200 2127.6
1182210 2125.6
1182220 2125.6
1182230 2124.5
1182240 2123.6
1182250 2123.6
1182260 2121.9
1182270 2120.1
1182280 2120.1
1182290 2118.0
1182300 2115.7
1182310 2113.0
1182320 2110.8
1182330 2107.6
1182340 2105.9
1182350 2105.9
1182360 2105.3
1182370 2105.4
1182380 2105.4
1182390 2106.7
1182400 2106.4
1182410 2106.4
1182420 2104.0
1182430 2101.9
1182440 2101.9
1182450 2101.7
1182460 2100.8
1182470 2100.8
1182480 2099.3
1182490 2098.3
1182500 2098.3
1182510 2096.0
1182520 2090.8
1182530 2090.8
1182540 2083.2
1182550 2078.3
1182560 2071.8
1182570 2071.8
1182580 2063.9
1182590 2057.1
1182600 2057.1
1182610 2050.7
1182620 2047.2
1182630 2047.2
1182640 2044.0
1182650 2043.6
1182660 2043.6
1182670 2042.9
1182680 2042.1
1182690 2042.1
1182700 2036.0
1182710 2029.4
1182720 2029.4
1182730 2024.3
1182740 2013.4
1182750 2013.4
1182760 2013.7
1182770 2011.2
1182780 2011.2
1182790 2007.1
1182800 2007.0
1182810 2007.0
1182820 2005.2
1182830 1999.0
1182840 1994.6
1182850 1994.6
1182860 1993.7
1182870 1995.6
1182880 1995.6
1182890 1995.6
1182900 1994.2
1182910 1994.2
1182920 1988.5
1182930 1980.7
1182940 1980.7
1182950 1972.9
1182960 1966.6
1182970 1966.6
1182980 1963.5
1182990 1963.7
1183000 1963.7
1183010 1965.3
1183020 1967.6
1183030 1967.6
1183040 1972.4
1183050 1981.3
1183060 1981.3
1183070 1990.4
1183080 1993.5
1183090 1987.7
1183100 1987.7
1183110 1977.6
1183120 1969.0
1183130 1969.0
1183140 1961.0
1183150 1952.4
1183160 1949.0
1183170 1937.6
1183180 1927.5
1183190 1927.5
1183200 1918.8
1183210 1910.5
1183220 1910.5
1183230 1901.3
1183240 1893.1
1183250 1893.1
1183260 1884.8
1183270 1876.3
1183280 1876.3
1183290 1868.8
1183300 1861.8
1183310 1861.8
1183320 1854.8
1183330 1847.9
1183340 1841.3
1183350 1841.3
1183360 1834.8
1183370 1828.7
1183380 1828.7
1183390 1823.3
1183400 1818.3
1183410 1818.3
1183420 1813.9
1183430 1809.4
1183440 1809.4
1183450 1805.0
1183460 1801.9
1183470 1801.9
1183480 1799.8
1183490 1797.0
1183500 1797.0
1183510 1793.2
1183520 1789.3
1183530 1789.3
1183540 1786.7
1183550 1786.6
1183560 1786.6
1183570 1786.2
1183580 1783.4
1183590 1777.4
1183600 1777.4
1183610 1774.7
1183620 1779.9
1183630 1779.9
1183640 1787.5
1183650 1792.6
1183660 1792.6
1183670 1797.2
1183680 1801.9
1183690 1801.9
1183700 1806.9
1183710 1812.4
1183720 1812.4
1183730 1818.1
1183740 1823.7
1183750 1823.7
1183760 1829.3
1183770 1834.7
1183780 1834.7
1183790 1841.1
1183800 1849.6
1183810 1849.6
1183820 1858.9
1183830 1866.4
1183840 1866.4
1183850 1874.8
1183860 1883.4
1183870 1890.6
1183880 1890.6
1183890 1897.5
1183900 1904.0
1183910 1904.0
1183920 1909.4
1183930 1913.2
1183940 1913.2
1183950 1916.4
1183960 1917.7
1183970 1917.7
1183980 1917.5
1183990 1915.5
1184000 1915.5
1184010 1906.5
1184020 1900.3
1184030 1900.3
1184040 1889.1
1184050 1874.8
1184060 1874.8
1184070 1866.3
1184080 1860.6
1184090 1860.6
1184100 1855.9
1184110 1851.7
1184120 1849.0
1184130 1849.0
1184140 1849.4
1184150 1851.2
1184160 1851.2
1184170 1851.2
1184180 1849.4
1184190 1849.4
1184200 1846.8
1184210 1845.0
1184220 1845.0
1184230 1844.7
1184240 1843.4
1184250 1843.4
1184260 1844.0
1184270 1845.2
1184280 1845.2
1184290 1840.7
1184300 1832.6
1184310 1832.6
1184320 1823.4
1184330 1815.0
1184340 1815.0
1184350 1806.4
1184360 1796.0
1184370 1785.0
1184380 1785.0
1184390 1776.8
1184400 1767.8
1184410 1767.8
1184420 1758.2
1184430 1751.3
1184440 1751.3
1184450 1744.1
1184460 1739.6
1184470 1739.6
1184480 1738.8
1184490 1735.9
1184500 1735.9
1184510 1734.7
1184520 1731.4
1184530 1731.4
1184540 1728.6
1184550 1730.0
1184560 1730.0
1184570 1724.9
1184580 1717.9
1184590 1717.9
1184600 1710.7
1184610 1703.6
1184620 1703.6
1184630 1697.0
1184640 1691.0
1184650 1685.2
1184660 1685.2
1184670 1681.3
1184680 1678.8
1184690 1678.8
1184700 1675.6
1184710 1671.7
1184720 1671.7
1184730 1668.5
1184740 1664.8
1184750 1664.8
1184760 1661.6
1184770 1657.5
1184780 1657.5
1184790 1652.2
1184800 1645.7
1184810 1645.7
1184820 1641.8
1184830 1639.7
1184840 1639.7
1184850 1646.3
1184860 1651.4
1184870 1651.4
1184880 1657.2
1184890 1664.0
1184900 1669.8
1184910 1669.8
1184920 1673.3
1184930 1677.4
1184940 1677.4
1184950 1681.1
1184960 1683.8
1184970 1683.8
1184980 1686.7
1184990 1689.6
1185000 1689.6
1185010 1692.3
1185020 1695.3
1185030 1695.3
1185040 1698.8
1185050 1702.3
1185060 1702.3
1185070 1705.4
1185080 1707.4
1185090 1707.4
1185100 1708.1
1185110 1710.6
1185120 1710.6
1185130 1715.8
1185140 1722.1
1185150 1728.3
1185160 1728.3
1185170 1734.5
1185180 1744.3
1185190 1744.3
1185200 1751.6
1185210 1761.8
1185220 1761.8
1185230 1772.6
1185240 1776.5
1185250 1776.5
1185260 1779.3
1185270 1782.2
1185280 1776.9
1185290 1778.7
1185300 1780.7
1185310 1780.7
1185320 1783.5
1185330 1785.0
1185340 1785.0
1185350 1782.8
1185360 1781.3
1185370 1781.3
1185380 1782.4
1185390 1783.9
1185400 1783.9
1185410 1791.6
1185420 1796.6
1185430 1800.4
1185440 1800.4
1185450 1804.7
1185460 1808.6
1185470 1808.6
1185480 1809.6
1185490 1809.4
1185500 1809.4
1185510 1809.9
1185520 1810.7
1185530 1810.7
1185540 1812.5
1185550 1814.7
1185560 1814.7
1185570 1817.9
1185580 1821.1
1185590 1821.1
1185600 1823.3
1185610 1814.7
1185620 1814.7
1185630 1812.9
1185640 1823.8
1185650 1823.8
1185660 1833.1
1185670 1837.1
1185680 1835.2
1185690 1835.2
1185700 1832.3
1185710 1842.3
1185720 1842.3
1185730 1838.9
1185740 1821.4
1185750 1821.4
1185760 1801.3
1185770 1796.8
1185780 1796.8
1185790 1800.0
1185800 1800.4
1185810 1800.4
1185820 1799.6
1185830 1796.7
1185840 1796.7
1185850 1795.3
1185860 1787.4
1185870 1787.4
1185880 1769.8
1185890 1751.3
1185900 1751.3
1185910 1741.4
1185920 1740.4
1185930 1746.8
1185940 1746.8
1185950 1762.3
1185960 1773.1
1185970 1773.1
1185980 1783.3
1185990 1805.4
1186000 1805.4
1186010 1816.9
1186020 1816.9
1186030 1816.9
1186040 1815.1
1186050 1814.6
1186060 1814.6
1186070 1815.6
1186080 1815.2
1186090 1815.2
1186100 1814.0
1186110 1811.5
1186120 1811.5
1186130 1800.7
1186140 1797.5
1186150 1797.5
1186160 1792.3
1186170 1784.7
1186180 1776.5
1186190 1776.5
1186200 1766.8
1186210 1763.2
1186220 1763.2
1186230 1767.8
1186240 1773.7
1186250 1773.7
1186260 1781.3
1186270 1786.3
1186280 1786.3
1186290 1795.8
1186300 1794.1
1186310 1794.1
1186320 1789.2
1186330 1784.5
1186340 1784.5
1186350 1780.1
1186360 1778.2
1186370 1778.2
1186380 1783.0
1186390 1789.1
1186400 1789.1
1186410 1795.4
1186420 1802.0
1186430 1802.0
1186440 1808.4
1186450 1813.2
1186460 1818.0
1186470 1818.0
1186480 1823.5
1186490 1828.5
1186500 1828.5
1186510 1831.7
1186520 1836.3
1186530 1836.3
1186540 1841.7
1186550 1848.6
1186560 1858.5
1186570 1864.4
1186580 1871.4
1186590 1871.4
1186600 1878.3
1186610 1889.0
1186620 1889.0
1186630 1897.1
1186640 1902.0
1186650 1902.0
1186660 1908.7
1186670 1917.7
1186680 1917.7
1186690 1928.3
1186700 1936.3
1186710 1936.7
1186720 1936.7
1186730 1934.7
1186740 1932.1
1186750 1932.1
1186760 1929.2
1186770 1926.0
1186780 1926.0
1186790 1924.3
1186800 1924.9
1186810 1924.9
1186820 1921.7
1186830 1916.4
1186840 1916.4
1186850 1913.1
1186860 1915.6
1186870 1915.6
1186880 1916.5
1186890 1917.4
1186900 1917.4
1186910 1919.8
1186920 1923.8
1186930 1923.8
1186940 1930.1
1186950 1932.7
1186960 1934.5
1186970 1934.5
1186980 1926.2
1186990 1923.3
1187000 1923.3
1187010 1917.3
1187020 1921.0
1187030 1921.0
1187040 1927.1
1187050 1924.3
1187060 1924.3
1187070 1937.4
1187080 1947.0
1187090 1947.0
1187100 1955.7
1187110 1965.4
1187120 1965.4
1187130 1975.1
1187140 1984.5
1187150 1984.5
1187160 1998.7
1187170 2008.8
1187180 2008.8
1187190 2008.6
1187200 2009.5
1187210 2009.5
1187220 2013.1
1187230 2018.3
1187240 2027.6
1187250 2027.6
1187260 2035.5
1187270 2054.7
1187280 2054.7
1187290 2068.4
1187300 2079.3
1187310 2079.3
1187320 2083.6
1187330 2089.8
1187340 2089.8
1187350 2090.2
1187360 2087.2
1187370 2087.2
1187380 2088.6
1187390 2094.1
1187400 2094.1
1187410 2096.6
1187420 2097.3
1187430 2097.3
1187440 2093.4
1187450 2089.9
1187460 2089.9
1187470 2089.7
1187480 2092.2
1187490 2094.5
1187500 2094.5
1187510 2088.2
1187520 2089.8
1187530 2089.8
1187540 2085.8
1187550 2078.6
1187560 2078.6
1187570 2069.7
1187580 2063.7
1187590 2063.7
1187600 2058.8
1187610 2052.9
1187620 2052.9
1187630 2051.3
1187640 2045.3
1187650 2045.3
1187660 2046.3
1187670 2047.0
1187680 2047.0
1187690 2051.4
1187700 2064.4
1187710 2064.4
1187720 2075.9
1187730 2075.9
1187740 2068.0
1187750 2068.0
1187760 2067.9
1187770 2068.9
1187780 2068.9
1187790 2065.1
1187800 2067.0
1187810 2067.0
1187820 2065.1
1187830 2073.4
1187840 2059.7
1187850 2068.2
1187860 2069.1
1187870 2069.1
1187880 2069.0
1187890 2073.2
1187900 2073.2
1187910 2082.0
1187920 2090.4
1187930 2090.4
1187940 2097.8
1187950 2103.4
1187960 2103.4
1187970 2105.9
1187980 2108.3
1187990 2110.4
1188000 2110.4
1188010 2110.4
1188020 2109.5
1188030 2109.5
1188040 2105.0
1188050 2105.1
1188060 2105.1
1188070 2110.3
1188080 2114.7
1188090 2114.7
1188100 2117.6
1188110 2124.3
1188120 2124.3
1188130 2133.2
1188140 2143.0
1188150 2143.0
1188160 2151.2
1188170 2159.1
1188180 2159.1
1188190 2168.9
1188200 2178.2
1188210 2178.2
1188220 2186.6
1188230 2195.7
1188240 2195.7
1188250 2204.9
1188260 2213.4
1188270 2222.5
1188280 2222.5
1188290 2233.4
1188300 2241.9
1188310 2241.9
1188320 2249.2
1188330 2256.6
1188340 2256.6
1188350 2264.3
1188360 2272.1
1188370 2272.1
1188380 2279.7
1188390 2286.8
1188400 2286.8
1188410 2293.6
1188420 2300.4
1188430 2300.4
1188440 2306.8
1188450 2311.4
1188460 2311.4
1188470 2313.3
1188480 2313.2
1188490 2313.2
1188500 2311.6
1188510 2306.1
1188520 2295.3
1188530 2295.3
1188540 2284.5
1188550 2260.9
1188560 2260.9
1188570 2249.6
1188580 2247.2
1188590 2247.2
1188600 2249.0
1188610 2247.7
1188620 2247.7
1188630 2237.6
1188640 2230.2
1188650 2230.2
1188660 2217.8
1188670 2207.6
1188680 2207.6
1188690 2200.8
1188700 2206.4
1188710 2206.4
1188720 2214.3
1188730 2218.6
1188740 2218.6
1188750 2215.4
1188760 2209.5
1188770 2207.9
1188780 2207.9
1188790 2205.4
1188800 2197.2
1188810 2197.2
1188820 2188.2
1188830 2179.1
1188840 2179.1
1188850 2171.3
1188860 2164.0
1188870 2164.0
1188880 2157.9
1188890 2151.4
1188900 2151.4
1188910 2144.9
1188920 2139.7
1188930 2139.7
1188940 2133.0
1188950 2124.5
1188960 2124.5
1188970 2116.6
1188980 2110.6
1188990 2110.6
1189000 2108.5
1189010 2106.5
1189020 2106.5
1189030 2103.6
1189040 2097.7
1189050 2093.6
1189060 2093.6
1189070 2089.6
1189080 2084.1
1189090 2084.1
1189100 2078.6
1189110 2072.7
1189120 2072.7
1189130 2066.3
1189140 2060.4
1189150 2060.4
1189160 2054.5
1189170 2048.5
1189180 2048.5
1189190 2042.5
1189200 2036.3
1189210 2036.3
1189220 2029.1
1189230 2021.7
1189240 2021.7
1189250 2014.6
1189260 2007.5
1189270 2007.5
1189280 2000.5
1189290 1992.6
1189300 1985.3
1189310 1985.3
1189320 1978.4
1189330 1971.7
1189340 1971.7
1189350 1965.6
1189360 1959.3
1189370 1959.3
1189380 1952.8
1189390 1946.2
1189400 1946.2
1189410 1937.7
1189420 1925.9
1189430 1925.9
1189440 1919.0
1189450 1913.2
1189460 1913.2
1189470 1910.0
1189480 1907.9
1189490 1907.9
1189500 1904.0
1189510 1899.7
1189520 1899.7
1189530 1894.4
1189540 1889.2
1189550 1883.1
1189560 1878.5
1189570 1872.2
1189580 1866.2
1189590 1866.2
1189600 1859.9
1189610 1853.6
1189620 1853.6
1189630 1847.5
1189640 1841.2
1189650 1841.2
1189660 1834.4
1189670 1827.7
1189680 1827.7
1189690 1819.4
1189700 1811.6
1189710 1811.6
1189720 1803.0
1189730 1791.6
1189740 1791.6
1189750 1779.4
1189760 1772.8
1189770 1772.8
1189780 1767.6
1189790 1763.7
1189800 1760.4
1189810 1760.4
1189820 1759.3
1189830 1759.6
1189840 1759.6
1189850 1757.5
1189860 1756.1
1189870 1756.1
1189880 1758.9
1189890 1759.3
1189900 1759.3
1189910 1754.3
1189920 1749.2
1189930 1749.2
1189940 1746.1
1189950 1741.0
1189960 1741.0
1189970 1735.1
1189980 1728.6
1189990 1730.7
1190000 1725.2
1190010 1721.2
1190020 1721.2
1190030 1715.0
1190040 1707.1
1190050 1707.1
1190060 1702.7
1190070 1704.1
1190080 1701.6
1190090 1701.6
1190100 1695.3
1190110 1688.8
1190120 1688.8
1190130 1687.2
1190140 1684.9
1190150 1684.9
1190160 1682.6
1190170 1678.1
1190180 1678.1
1190190 1672.6
1190200 1667.6
1190210 1667.6
1190220 1662.1
1190230 1657.3
1190240 1657.3
1190250 1654.5
1190260 1648.1
1190270 1648.1
1190280 1643.4
1190290 1638.8
1190300 1638.8
1190310 1632.8
1190320 1626.5
1190330 1620.7
1190340 1620.7
1190350 1615.0
1190360 1609.1
1190370 1609.1
1190380 1603.2
1190390 1597.1
1190400 1597.1
1190410 1590.7
1190420 1585.8
1190430 1585.8
1190440 1579.4
1190450 1573.4
1190460 1573.4
1190470 1567.0
1190480 1560.4
1190490 1560.4
1190500 1553.6
1190510 1546.5
1190520 1546.5
1190530 1539.7
1190540 1532.9
1190550 1532.9
1190560 1525.0
1190570 1515.5
1190580 1505.6
1190590 1505.6
1190600 1497.4
1190610 1490.8
1190620 1490.8
1190630 1485.3
1190640 1480.7
1190650 1480.7
1190660 1477.0
1190670 1473.9
1190680 1473.9
1190690 1471.2
1190700 1468.4
1190710 1468.4
1190720 1465.2
1190730 1461.5
1190740 1461.5
1190750 1458.1
1190760 1455.4
1190770 1455.4
1190780 1452.6
1190790 1449.3
1190800 1449.3
1190810 1446.7
1190820 1444.1
1190830 1444.1
1190840 1440.3
1190850 1432.3
1190860 1428.6
1190870 1428.6
1190880 1425.5
1190890 1422.3
1190900 1422.3
1190910 1419.1
1190920 1415.8
1190930 1415.8
1190940 1413.5
1190950 1411.9
1190960 1411.9
1190970 1408.7
1190980 1404.7
1190990 1404.7
1191000 1402.2
1191010 1400.1
1191020 1400.1
1191030 1399.1
1191040 1397.5
1191050 1397.5
1191060 1393.7
1191070 1390.0
1191080 1390.0
1191090 1387.2
1191100 1383.9
1191110 1380.7
1191120 1380.7
1191130 1377.6
1191140 1374.1
1191150 1374.1
1191160 1370.6
1191170 1367.8
1191180 1367.8
1191190 1365.3
1191200 1362.9
1191210 1362.9
1191220 1360.7
1191230 1358.4
1191240 1358.4
1191250 1356.4
1191260 1354.4
1191270 1354.4
1191280 1352.2
1191290 1348.6
1191300 1348.6
1191310 1346.1
1191320 1343.5
1191330 1343.5
1191340 1340.7
1191350 1338.3
1191360 1336.1
1191370 1336.1
1191380 1333.9
1191390 1331.9
1191400 1331.9
1191410 1329.8
1191420 1327.4
1191430 1327.4
1191440 1324.5
1191450 1321.7
1191460 1321.7
1191470 1319.1
1191480 1316.7
1191490 1316.7
1191500 1314.3
1191510 1312.0
1191520 1312.0
1191530 1309.9
1191540 1307.8
1191550 1307.8
1191560 1305.6
1191570 1303.4
1191580 1303.4
1191590 1301.1
1191600 1299.3
1191610 1298.2
1191620 1298.2
1191630 1296.7
1191640 1294.9
1191650 1294.9
1191660 1292.7
1191670 1290.1
1191680 1290.1
1191690 1288.4
1191700 1286.0
1191710 1286.0
1191720 1288.1
1191730 1286.1
1191740 1286.1
1191750 1284.8
1191760 1283.6
1191770 1283.6
1191780 1282.9
1191790 1283.0
1191800 1283.0
1191810 1280.9
1191820 1277.2
1191830 1277.2
1191840 1274.8
1191850 1274.5
1191860 1274.5
1191870 1274.7
1191880 1275.4
1191890 1276.6
1191900 1276.6
1191910 1277.6
1191920 1277.5
1191930 1277.5
1191940 1275.2
1191950 1271.0
1191960 1271.0
1191970 1267.5
1191980 1265.7
1191990 1265.7
1192000 1265.4
1192010 1264.9
1192020 1264.9
1192030 1263.2
1192040 1261.0
1192050 1261.0
1192060 1258.0
1192070 1255.8
1192080 1255.8
1192090 1255.2
1192100 1253.8
1192110 1253.8
1192120 1252.1
1192130 1250.6
1192140 1248.7
1192150 1248.7
1192160 1248.6
1192170 1246.8
1192180 1246.8
1192190 1245.8
1192200 1244.3
1192210 1244.3
1192220 1240.6
1192230 1234.1
1192240 1234.1
1192250 1224.7
1192260 1213.2
1192270 1213.2
1192280 1204.7
1192290 1198.2
1192300 1198.2
1192310 1193.4
1192320 1188.6
1192330 1188.6
1192340 1182.1
1192350 1175.4
1192360 1175.4
1192370 1169.2
1192380 1163.8
1192390 1157.8
1192400 1157.8
1192410 1151.8
1192420 1147.2
1192430 1147.2
1192440 1143.5
1192450 1139.6
1192460 1139.6
1192470 1136.3
1192480 1135.3
1192490 1135.3
1192500 1135.0
1192510 1135.8
1192520 1135.8
1192530 1135.0
1192540 1133.4
1192550 1133.4
1192560 1132.0
1192570 1130.2
1192580 1130.2
1192590 1127.8
1192600 1126.2
1192610 1126.2
1192620 1124.5
1192630 1123.1
1192640 1121.8
1192650 1121.8
1192660 1122.1
1192670 1125.1
1192680 1125.1
1192690 1128.7
1192700 1130.5
1192710 1130.5
1192720 1129.4
1192730 1127.8
1192740 1127.8
1192750 1126.0
1192760 1124.3
1192770 1124.3
1192780 1122.7
1192790 1121.0
1192800 1121.0
1192810 1119.3
1192820 1117.6
1192830 1117.6
1192840 1115.9
1192850 1114.3
1192860 1114.3
1192870 1112.8
1192880 1111.4
1192890 1111.4
1192900 1109.9
1192910 1108.3
1192920 1106.9
1192930 1106.9
1192940 1105.5
1192950 1104.1
1192960 1104.1
1192970 1102.6
1192980 1100.9
1192990 1100.9
1193000 1099.4
1193010 1097.9
1193020 1097.9
1193030 1096.2
1193040 1094.7
1193050 1094.7
1193060 1093.2
1193070 1091.9
1193080 1091.9
1193090 1090.5
1193100 1089.0
1193110 1089.0
1193120 1087.4
1193130 1086.0
1193140 1086.0
1193150 1084.7
1193160 1082.8
1193170 1079.8
1193180 1079.8
1193190 1076.2
1193200 1072.9
1193210 1072.9
1193220 1070.3
1193230 1067.0
1193240 1067.0
1193250 1064.0
1193260 1060.4
1193270 1060.4
1193280 1057.0
1193290 1054.0
1193300 1054.0
1193310 1051.6
1193320 1050.4
1193330 1050.4
1193340 1049.7
1193350 1049.0
1193360 1049.0
1193370 1047.6
1193380 1046.8
1193390 1046.8
1193400 1046.5
1193410 1045.7
1193420 1044.9
1193430 1044.9
1193440 1044.1
1193450 1043.5
1193460 1050.0
1193470 1049.8
1193480 1049.9
1193490 1049.9
1193500 1049.1
1193510 1047.9
1193520 1047.9
1193530 1046.9
1193540 1045.8
1193550 1045.8
1193560 1044.5
1193570 1043.1
1193580 1043.1
1193590 1042.2
1193600 1040.6
1193610 1040.6
1193620 1039.3
1193630 1038.0
1193640 1038.0
1193650 1036.7
1193660 1035.3
1193670 1035.3
1193680 1034.3
1193690 1032.6
1193700 1031.2
1193710 1031.2
1193720 1029.8
1193730 1028.3
1193740 1028.3
1193750 1027.1
1193760 1025.9
1193770 1025.9
1193780 1024.6
1193790 1022.9
1193800 1022.9
1193810 1021.4
1193820 1019.9
1193830 1019.9
1193840 1018.9
1193850 1018.0
1193860 1018.0
1193870 1017.1
1193880 1015.9
1193890 1015.9
1193900 1019.3
1193910 1022.0
1193920 1022.0
1193930 1025.4
1193940 1027.6
1193950 1028.2
1193960 1028.2
1193970 1028.1
1193980 1027.5
1193990 1027.5
1194000 1027.2
1194010 1027.1
1194020 1027.1
1194030 1025.4
1194040 1022.2
1194050 1022.2
1194060 1018.7
1194070 1015.3
1194080 1015.3
1194090 1012.4
1194100 1009.2
1194110 1009.2
1194120 1005.4
1194130 1001.9
1194140 1001.9
1194150 1000.6
1194160 1000.4
1194170 1000.4
1194180 1000.6
1194190 1001.8
1194200 1002.3
1194210 1002.3
1194220 1002.4
1194230 1001.1
1194240 1001.1
1194250 1000.2
1194260 998.2
1194270 998.2
1194280 995.2
1194290 992.3
1194300 992.3
1194310 988.5
1194320 984.2
1194330 984.2
1194340 977.2
1194350 973.6
1194360 973.6
1194370 971.6
1194380 970.6
1194390 970.6
1194400 965.9
1194410 959.3
1194420 959.3
1194430 952.4
1194440 946.3
1194450 941.5
1194460 941.5
1194470 936.8
1194480 932.7
1194490 932.7
1194500 928.9
1194510 924.8
1194520 924.8
1194530 919.9
1194540 911.5
1194550 911.5
1194560 903.8
1194570 897.2
1194580 897.2
1194590 891.6
1194600 888.6
1194610 888.6
1194620 888.4
1194630 890.6
1194640 890.6
1194650 894.5
1194660 897.6
1194670 897.6
1194680 899.3
1194690 900.6
1194700 900.6
1194710 902.0
1194720 900.4
1194730 897.6
1194740 897.6
1194750 895.3
1194760 893.5
1194770 892.7
1194780 890.1
1194790 885.9
1194800 885.9
1194810 881.2
1194820 876.8
1194830 876.8
1194840 873.3
1194850 871.8
1194860 871.8
1194870 869.2
1194880 864.9
1194890 864.9
1194900 861.0
1194910 857.7
1194920 857.7
1194930 854.2
1194940 849.9
1194950 849.9
1194960 845.8
1194970 842.2
1194980 837.8
1194990 837.8
1195000 831.8
1195010 827.9
1195020 827.9
1195030 824.5
1195040 820.1
1195050 820.1
1195060 815.7
1195070 812.9
1195080 812.9
1195090 810.4
1195100 807.8
1195110 807.8
1195120 805.4
1195130 802.9
1195140 802.9
1195150 801.8
1195160 800.9
1195170 800.9
1195180 799.9
1195190 798.3
1195200 798.3
1195210 797.5
1195220 796.4
1195230 795.3
1195240 795.3
1195250 793.4
1195260 792.5
1195270 792.5
1195280 792.0
1195290 791.9
1195300 791.9
1195310 791.9
1195320 791.9
1195330 791.9
1195340 791.7
1195350 789.7
1195360 789.7
1195370 787.6
1195380 787.3
1195390 787.3
1195400 787.2
1195410 787.0
1195420 787.0
1195430 786.6
1195440 785.5
1195450 785.5
1195460 784.7
1195470 784.3
1195480 784.0
1195490 784.0
1195500 783.6
1195510 783.2
1195520 783.2
1195530 782.2
1195540 781.6
1195550 781.6
1195560 780.9
1195570 780.4
1195580 780.4
1195590 779.9
1195600 779.7
1195610 779.7
1195620 779.5
1195630 779.1
1195640 779.1
1195650 778.4
1195660 778.0
1195670 778.0
1195680 777.8
1195690 777.8
1195700 777.8
1195710 777.6
1195720 777.0
1195730 777.0
1195740 775.9
1195750 775.6
1195760 775.5
1195770 775.5
1195780 775.2
1195790 775.0
1195800 775.0
1195810 774.9
1195820 774.3
1195830 774.3
1195840 773.9
1195850 774.6
1195860 774.6
1195870 774.4
1195880 774.2
1195890 774.2
1195900 774.0
1195910 773.9
1195920 773.9
1195930 774.1
1195940 774.4
1195950 774.4
1195960 774.6
1195970 774.9
1195980 774.9
1195990 775.2
1196000 775.4
1196010 775.4
1196020 775.4
1196030 773.6
1196040 771.2
1196050 771.2
1196060 771.4
1196070 771.1
1196080 771.1
1196090 770.4
1196100 768.1
1196110 768.1
1196120 766.2
1196130 764.4
1196140 764.4
1196150 762.7
1196160 760.7
1196170 760.7
1196180 758.5
1196190 756.4
1196200 756.4
1196210 754.5
1196220 752.8
1196230 752.8
1196240 752.3
1196250 753.9
1196260 754.7
1196270 754.7
1196280 754.8
1196290 754.7
1196300 754.7
1196310 754.7
1196320 754.7
1196330 754.7
1196340 754.8
1196350 754.9
1196360 754.9
1196370 754.7
1196380 754.6
1196390 754.6
1196400 754.4
1196410 754.1
1196420 754.1
1196430 753.5
1196440 753.4
1196450 753.4
1196460 753.4
1196470 752.9
1196480 752.9
1196490 752.5
1196500 752.2
1196510 752.2
1196520 751.8
1196530 751.5
1196540 751.6
1196550 751.6
1196560 751.3
1196570 750.7
1196580 750.7
1196590 749.6
1196600 749.6
1196610 749.6
1196620 749.3
1196630 748.9
1196640 748.9
1196650 748.5
1196660 748.1
1196670 748.1
1196680 747.7
1196690 747.3
1196700 747.3
1196710 747.1
1196720 746.8
1196730 746.8
1196740 746.4
1196750 745.9
1196760 745.9
1196770 745.5
1196780 745.2
1196790 744.8
1196800 744.8
1196810 744.4
1196820 743.8
1196830 743.8
1196840 743.3
1196850 742.8
1196860 742.8
1196870 742.7
1196880 743.1
1196890 743.1
1196900 741.9
1196910 740.4
1196920 740.4
1196930 740.6
1196940 740.7
1196950 740.7
1196960 740.4
1196970 739.8
1196980 740.3
1196990 740.9
1197000 740.9
1197010 740.9
1197020 741.3
1197030 742.0
1197040 742.6
1197050 742.6
1197060 746.8
1197070 752.8
1197080 752.8
1197090 759.1
1197100 763.1
1197110 763.1
1197120 766.4
1197130 769.7
1197140 769.7
1197150 770.6
1197160 772.7
1197170 772.7
1197180 775.2
1197190 774.2
1197200 774.2
1197210 772.4
1197220 773.0
1197230 773.0
1197240 775.1
1197250 777.8
1197260 777.8
1197270 780.3
1197280 782.4
1197290 785.6
1197300 785.6
1197310 789.0
1197320 791.8
1197330 791.8
1197340 794.8
1197350 799.0
1197360 799.0
1197370 804.8
1197380 810.7
1197390 810.7
1197400 815.4
1197410 818.5
1197420 822.4
1197430 825.4
1197440 828.8
1197450 828.8
1197460 831.8
1197470 833.4
1197480 833.4
1197490 834.6
1197500 837.5
1197510 837.5
1197520 841.4
1197530 846.1
1197540 846.1
1197550 851.4
1197560 856.1
1197570 860.6
1197580 860.6
1197590 865.8
1197600 872.1
1197610 872.1
1197620 878.9
1197630 886.2
1197640 886.2
1197650 893.7
1197660 901.6
1197670 901.6
1197680 909.9
1197690 918.3
1197700 918.3
1197710 929.0
1197720 947.4
1197730 947.4
1197740 953.6
1197750 957.6
1197760 957.6
1197770 962.2
1197780 967.0
1197790 967.0
1197800 972.1
1197810 977.0
1197820 981.7
1197830 981.7
1197840 986.4
1197850 991.7
1197860 991.5
1197870 997.9
1197880 1005.4
1197890 1005.4
1197900 1013.4
1197910 1021.1
1197920 1021.1
1197930 1027.8
1197940 1035.7
1197950 1035.7
1197960 1042.5
1197970 1048.9
1197980 1048.9
1197990 1057.6
1198000 1066.1
1198010 1066.1
1198020 1074.4
1198030 1081.7
1198040 1081.7
1198050 1088.5
1198060 1095.5
1198070 1102.3
1198080 1102.3
1198090 1109.5
1198100 1115.7
1198110 1115.7
1198120 1123.8
1198130 1133.0
1198140 1133.0
1198150 1140.7
1198160 1147.5
1198170 1147.5
1198180 1154.1
1198190 1160.8
1198200 1160.8
1198210 1167.2
1198220 1176.5
1198230 1176.5
1198240 1183.8
1198250 1190.0
1198260 1190.0
1198270 1196.1
1198280 1202.6
1198290 1202.6
1198300 1209.8
1198310 1211.6
1198320 1217.5
1198330 1217.5
1198340 1224.1
1198350 1230.9
1198360 1230.9
1198370 1238.0
1198380 1246.1
1198390 1246.1
1198400 1255.4
1198410 1267.4
1198420 1267.4
1198430 1279.2
1198440 1288.1
1198450 1288.1
1198460 1295.0
1198470 1302.4
1198480 1302.4
1198490 1310.2
1198500 1318.8
1198510 1318.8
1198520 1321.3
1198530 1322.8
1198540 1322.8
1198550 1326.6
1198560 1332.0
1198570 1332.0
1198580 1338.5
1198590 1342.7
1198600 1348.8
1198610 1348.8
1198620 1358.6
1198630 1368.5
1198640 1368.5
1198650 1381.1
1198660 1392.2
1198670 1392.2
1198680 1400.3
1198690 1407.1
1198700 1407.1
1198710 1412.9
1198720 1417.9
1198730 1417.9
1198740 1423.6
1198750 1428.9
1198760 1428.9
1198770 1436.3
1198780 1443.5
1198790 1443.5
1198800 1449.9
1198810 1456.0
1198820 1456.0
1198830 1463.0
1198840 1469.2
1198850 1476.2
1198860 1476.2
1198870 1482.1
1198880 1488.7
1198890 1488.7
1198900 1494.5
1198910 1499.2
1198920 1499.2
1198930 1505.0
1198940 1510.2
1198950 1510.2
1198960 1514.6
1198970 1518.4
1198980 1518.4
1198990 1523.0
1199000 1527.4
1199010 1527.4
1199020 1530.7
1199030 1535.3
1199040 1535.3
1199050 1541.2
1199060 1548.3
1199070 1548.3
1199080 1554.7
1199090 1562.6
1199100 1570.6
1199110 1570.6
1199120 1574.0
1199130 1576.2
1199140 1576.2
1199150 1580.1
1199160 1584.7
1199170 1584.7
1199180 1590.1
1199190 1595.6
1199200 1592.8
1199210 1597.9
1199220 1600.9
1199230 1600.9
1199240 1602.7
1199250 1604.0
1199260 1604.0
1199270 1605.9
1199280 1607.1
1199290 1607.1
1199300 1606.5
1199310 1605.7
1199320 1605.7
1199330 1606.3
1199340 1607.0
1199350 1607.8
1199360 1607.8
1199370 1608.9
1199380 1610.3
1199390 1610.3
1199400 1612.2
1199410 1614.4
1199420 1614.4
1199430 1616.1
1199440 1617.4
1199450 1617.4
1199460 1618.4
1199470 1618.5
1199480 1618.5
1199490 1618.3
1199500 1617.6
1199510 1617.6
1199520 1616.4
1199530 1614.8
1199540 1614.8
1199550 1612.8
1199560 1614.6
1199570 1614.6
1199580 1619.0
1199590 1624.2
1199600 1624.2
1199610 1630.1
1199620 1636.2
1199630 1643.4
1199640 1643.4
1199650 1640.9
1199660 1640.9
1199670 1640.9
1199680 1643.6
1199690 1654.0
1199700 1654.0
1199710 1665.3
1199720 1667.1
1199730 1667.1
1199740 1658.9
1199750 1656.7
1199760 1656.7
1199770 1664.0
1199780 1672.7
1199790 1672.7
1199800 1681.0
1199810 1687.8
1199820 1687.8
1199830 1687.4
1199840 1698.6
1199850 1698.6
1199860 1706.1
1199870 1704.9
1199880 1696.2
1199890 1696.2
1199900 1687.9
1199910 1681.1
1199920 1681.1
1199930 1680.0
1199940 1680.9
1199950 1680.9
1199960 1685.8
1199970 1693.1
1199980 1693.1
1199990 1700.3
