1180000 2492.8
1180010 2492.8
1180020 2485.2
1180030 2492.2
1180040 2492.2
1180050 2500.0
1180060 2492.9
1180070 2492.9
1180080 2483.1
1180090 2477.5
1180100 2473.1
1180110 2473.1
1180120 2471.0
1180130 2476.3
1180140 2476.3
1180150 2461.3
1180160 2464.3
1180170 2464.3
1180180 2457.2
1180190 2448.9
1180200 2448.9
1180210 2444.5
1180220 2443.2
1180230 2443.2
1180240 2442.4
1180250 2441.5
1180260 2441.5
1180270 2439.2
1180280 2434.5
1180290 2434.5
1180300 2433.7
1180310 2431.8
1180320 2431.8
1180330 2429.5
1180340 2429.1
1180350 2429.1
1180360 2428.2
1180370 2428.2
1180380 2429.6
1180390 2429.6
1180400 2429.6
1180410 2430.4
1180420 2430.4
1180430 2432.1
1180440 2436.1
1180450 2436.1
1180460 2441.9
1180470 2448.3
1180480 2448.3
1180490 2452.1
1180500 2458.1
1180510 2458.1
1180520 2468.8
1180530 2475.5
1180540 2475.5
1180550 2480.1
1180560 2496.2
1180570 2483.3
1180580 2495.4
1180590 2503.6
1180600 2503.6
1180610 2525.0
1180620 2527.4
1180630 2520.3
1180640 2520.3
1180650 2511.8
1180660 2498.1
1180670 2498.1
1180680 2486.8
1180690 2472.8
1180700 2472.8
1180710 2462.3
1180720 2454.3
1180730 2454.3
1180740 2448.0
1180750 2441.6
1180760 2441.6
1180770 2435.5
1180780 2423.9
1180790 2423.9
1180800 2411.2
1180810 2403.1
1180820 2403.1
1180830 2395.6
1180840 2389.0
1180850 2389.0
1180860 2382.8
1180870 2376.5
1180880 2370.2
1180890 2370.2
1180900 2362.9
1180910 2354.3
1180920 2354.3
1180930 2345.9
1180940 2335.8
1180950 2335.8
1180960 2328.1
1180970 2320.9
1180980 2320.9
1180990 2310.6
1181000 2303.8
1181010 2303.8
1181020 2296.7
1181030 2290.5
1181040 2290.5
1181050 2286.3
1181060 2281.5
1181070 2281.5
1181080 2275.9
1181090 2270.4
1181100 2270.4
1181110 2264.7
1181120 2259.4
1181130 2254.8
1181140 2254.8
1181150 2250.5
1181160 2246.8
1181170 2246.8
1181180 2242.5
1181190 2238.3
1181200 2238.3
1181210 2234.6
1181220 2231.1
1181230 2231.1
1181240 2227.7
1181250 2223.9
1181260 2223.9
1181270 2221.0
1181280 2217.3
1181290 2217.3
1181300 2213.1
1181310 2209.0
1181320 2209.0
1181330 2206.3
1181340 2204.8
1181350 2204.8
1181360 2203.2
1181370 2200.6
1181380 2200.6
1181390 2198.1
1181400 2197.4
1181410 2197.5
1181420 2197.5
1181430 2198.2
1181440 2199.4
1181450 2199.4
1181460 2201.0
1181470 2202.7
1181480 2202.7
1181490 2200.0
1181500 2193.1
1181510 2193.1
1181520 2185.8
1181530 2179.2
1181540 2179.2
1181550 2173.8
1181560 2169.7
1181570 2169.7
1181580 2167.0
1181590 2164.8
1181600 2164.8
1181610 2163.3
1181620 2162.1
1181630 2162.1
1181640 2160.5
1181650 2157.4
1181660 2152.5
1181670 2152.5
1181680 2147.4
1181690 2142.1
1181700 2142.1
1181710 2137.0
1181720 2131.8
1181730 2131.8
1181740 2126.6
1181750 2121.6
1181760 2121.6
1181770 2115.8
1181780 2110.8
1181790 2110.8
1181800 2107.7
1181810 2105.6
1181820 2105.6
1181830 2099.7
1181840 2096.5
1181850 2096.5
1181860 2092.7
1181870 2090.1
1181880 2090.1
1181890 2087.6
1181900 2084.7
1181910 2081.9
1181920 2081.9
1181930 2079.5
1181940 2077.1
1181950 2077.1
1181960 2074.8
1181970 2072.4
1181980 2072.4
1181990 2069.5
1182000 2067.1
1182010 2067.1
1182020 2064.5
1182030 2062.6
1182040 2062.6
1182050 2060.6
1182060 2057.9
1182070 2057.9
1182080 2055.0
1182090 2054.7
1182100 2054.7
1182110 2054.8
1182120 2053.3
1182130 2053.3
1182140 2051.0
1182150 2048.9
1182160 2049.1
1182170 2049.1
1182180 2050.5
1182190 2051.8
1182200 2051.8
1182210 2053.9
1182220 2056.0
1182230 2056.0
1182240 2057.1
1182250 2064.5
1182260 2064.5
1182270 2064.9
1182280 2065.1
1182290 2065.1
1182300 2064.7
1182310 2062.9
1182320 2062.9
1182330 2060.5
1182340 2056.9
1182350 2056.9
1182360 2053.5
1182370 2050.1
1182380 2050.1
1182390 2045.9
1182400 2041.5
1182410 2041.5
1182420 2038.1
1182430 2036.1
1182440 2034.9
1182450 2034.9
1182460 2032.6
1182470 2030.0
1182480 2030.0
1182490 2027.7
1182500 2025.0
1182510 2025.0
1182520 2023.7
1182530 2024.2
1182540 2024.2
1182550 2024.0
1182560 2022.7
1182570 2022.7
1182580 2020.6
1182590 2017.1
1182600 2017.1
1182610 2013.3
1182620 2012.2
1182630 2012.2
1182640 2010.6
1182650 2008.4
1182660 2008.4
1182670 2014.5
1182680 2011.4
1182690 2009.6
1182700 2009.6
1182710 2010.7
1182720 2012.9
1182730 2012.9
1182740 2018.0
1182750 2013.3
1182760 2013.3
1182770 2007.3
1182780 2002.6
1182790 2002.6
1182800 1996.9
1182810 1990.8
1182820 1990.8
1182830 1985.0
1182840 1982.9
1182850 1982.9
1182860 1981.0
1182870 1974.0
1182880 1974.0
1182890 1968.2
1182900 1960.5
1182910 1960.5
1182920 1958.0
1182930 1962.5
1182940 1961.4
1182950 1961.4
1182960 1956.6
1182970 1948.3
1182980 1948.3
1182990 1939.0
1183000 1931.3
1183010 1931.3
1183020 1928.0
1183030 1927.7
1183040 1927.7
1183050 1933.4
1183060 1936.0
1183070 1936.0
1183080 1931.3
1183090 1923.7
1183100 1923.7
1183110 1914.0
1183120 1906.2
1183130 1906.2
1183140 1899.3
1183150 1892.9
1183160 1892.9
1183170 1885.5
1183180 1876.6
1183190 1869.6
1183200 1869.6
1183210 1861.7
1183220 1853.6
1183230 1853.6
1183240 1846.2
1183250 1839.2
1183260 1839.2
1183270 1832.0
1183280 1824.2
1183290 1824.2
1183300 1818.3
1183310 1809.6
1183320 1809.6
1183330 1799.9
1183340 1791.7
1183350 1791.7
1183360 1783.4
1183370 1775.6
1183380 1775.6
1183390 1769.3
1183400 1762.7
1183410 1762.7
1183420 1749.8
1183430 1737.2
1183440 1737.2
1183450 1727.4
1183460 1714.3
1183470 1698.1
1183480 1698.1
1183490 1687.6
1183500 1677.8
1183510 1675.8
1183520 1667.0
1183530 1657.2
1183540 1657.2
1183550 1648.6
1183560 1643.1
1183570 1643.1
1183580 1633.4
1183590 1624.4
1183600 1624.4
1183610 1614.4
1183620 1608.6
1183630 1608.6
1183640 1603.2
1183650 1596.3
1183660 1596.3
1183670 1589.0
1183680 1584.4
1183690 1584.4
1183700 1579.5
1183710 1571.7
1183720 1564.6
1183730 1564.6
1183740 1558.3
1183750 1552.3
1183760 1552.3
1183770 1547.3
1183780 1542.9
1183790 1542.9
1183800 1539.3
1183810 1535.5
1183820 1535.5
1183830 1532.6
1183840 1529.9
1183850 1529.9
1183860 1528.5
1183870 1527.6
1183880 1527.6
1183890 1528.3
1183900 1527.1
1183910 1527.1
1183920 1527.0
1183930 1531.7
1183940 1522.0
1183950 1527.8
1183960 1531.5
1183970 1533.8
1183980 1533.8
1183990 1537.3
1184000 1540.1
1184010 1540.1
1184020 1543.0
1184030 1543.8
1184040 1543.8
1184050 1545.3
1184060 1545.9
1184070 1545.9
1184080 1545.7
1184090 1545.6
1184100 1545.6
1184110 1546.3
1184120 1545.2
1184130 1545.2
1184140 1543.8
1184150 1544.6
1184160 1544.6
1184170 1544.7
1184180 1544.2
1184190 1544.2
1184200 1543.4
1184210 1543.9
1184220 1543.9
1184230 1544.1
1184240 1543.3
1184250 1541.4
1184260 1541.4
1184270 1538.8
1184280 1535.6
1184290 1535.6
1184300 1532.9
1184310 1530.8
1184320 1530.8
1184330 1528.4
1184340 1526.5
1184350 1526.5
1184360 1519.6
1184370 1517.6
1184380 1517.6
1184390 1515.2
1184400 1514.2
1184410 1514.2
1184420 1512.9
1184430 1511.3
1184440 1511.3
1184450 1508.9
1184460 1506.8
1184470 1506.8
1184480 1505.0
1184490 1503.0
1184500 1500.1
1184510 1500.1
1184520 1494.5
1184530 1488.0
1184540 1488.0
1184550 1485.5
1184560 1483.5
1184570 1483.5
1184580 1479.6
1184590 1479.5
1184600 1479.5
1184610 1477.9
1184620 1476.7
1184630 1476.7
1184640 1476.2
1184650 1474.3
1184660 1474.3
1184670 1469.7
1184680 1469.3
1184690 1469.3
1184700 1470.3
1184710 1469.2
1184720 1469.2
1184730 1466.8
1184740 1463.8
1184750 1461.8
1184760 1461.8
1184770 1460.2
1184780 1454.7
1184790 1454.7
1184800 1454.9
1184810 1452.2
1184820 1452.2
1184830 1446.2
1184840 1439.5
1184850 1439.5
1184860 1432.6
1184870 1426.1
1184880 1426.1
1184890 1421.0
1184900 1416.7
1184910 1416.7
1184920 1409.1
1184930 1399.3
1184940 1399.3
1184950 1396.4
1184960 1402.3
1184970 1402.3
1184980 1405.4
1184990 1404.2
1185000 1403.5
1185010 1403.5
1185020 1403.5
1185030 1404.4
1185040 1404.4
1185050 1404.8
1185060 1405.4
1185070 1405.4
1185080 1407.5
1185090 1410.7
1185100 1410.7
1185110 1412.7
1185120 1414.5
1185130 1414.5
1185140 1415.0
1185150 1414.6
1185160 1414.6
1185170 1412.4
1185180 1406.6
1185190 1406.6
1185200 1398.9
1185210 1389.1
1185220 1389.1
1185230 1383.1
1185240 1380.3
1185250 1380.5
1185260 1380.5
1185270 1380.0
1185280 1380.2
1185290 1380.2
1185300 1377.4
1185310 1374.3
1185320 1374.3
1185330 1370.4
1185340 1366.9
1185350 1366.9
1185360 1367.1
1185370 1374.8
1185380 1374.8
1185390 1376.3
1185400 1369.9
1185410 1369.9
1185420 1364.3
1185430 1360.4
1185440 1360.4
1185450 1358.7
1185460 1360.5
1185470 1360.5
1185480 1362.2
1185490 1362.3
1185500 1362.3
1185510 1362.3
1185520 1361.4
1185530 1360.4
1185540 1360.4
1185550 1358.4
1185560 1356.3
1185570 1356.3
1185580 1353.4
1185590 1354.6
1185600 1354.6
1185610 1355.9
1185620 1356.4
1185630 1348.5
1185640 1347.6
1185650 1348.5
1185660 1348.5
1185670 1348.9
1185680 1347.9
1185690 1347.9
1185700 1338.7
1185710 1340.7
1185720 1340.7
1185730 1357.9
1185740 1370.3
1185750 1370.3
1185760 1381.1
1185770 1393.9
1185780 1403.0
1185790 1403.0
1185800 1407.6
1185810 1407.3
1185820 1407.3
1185830 1414.1
1185840 1422.2
1185850 1422.2
1185860 1424.3
1185870 1422.8
1185880 1422.8
1185890 1420.4
1185900 1424.4
1185910 1424.4
1185920 1424.7
1185930 1421.6
1185940 1421.6
1185950 1413.6
1185960 1406.9
1185970 1406.9
1185980 1411.2
1185990 1421.6
1186000 1421.6
1186010 1432.8
1186020 1441.2
1186030 1445.2
1186040 1445.2
1186050 1448.0
1186060 1442.1
1186070 1442.1
1186080 1446.4
1186090 1443.8
1186100 1443.8
1186110 1434.0
1186120 1431.8
1186130 1431.8
1186140 1437.0
1186150 1441.9
1186160 1441.9
1186170 1441.5
1186180 1445.1
1186190 1445.1
1186200 1450.8
1186210 1454.5
1186220 1454.5
1186230 1456.7
1186240 1457.6
1186250 1457.6
1186260 1457.2
1186270 1455.2
1186280 1455.2
1186290 1456.0
1186300 1455.1
1186310 1455.4
1186320 1455.4
1186330 1453.2
1186340 1462.6
1186350 1462.6
1186360 1469.8
1186370 1473.4
1186380 1473.4
1186390 1476.9
1186400 1479.8
1186410 1479.8
1186420 1481.9
1186430 1484.6
1186440 1484.6
1186450 1488.0
1186460 1491.0
1186470 1491.0
1186480 1493.4
1186490 1486.4
1186500 1486.4
1186510 1488.6
1186520 1491.3
1186530 1491.3
1186540 1493.3
1186550 1496.0
1186560 1499.8
1186570 1499.8
1186580 1501.7
1186590 1501.9
1186600 1501.9
1186610 1503.5
1186620 1505.3
1186630 1505.3
1186640 1502.1
1186650 1506.9
1186660 1506.9
1186670 1512.9
1186680 1518.4
1186690 1518.4
1186700 1522.4
1186710 1524.0
1186720 1524.0
1186730 1526.4
1186740 1526.8
1186750 1526.8
1186760 1526.7
1186770 1535.8
1186780 1535.8
1186790 1546.2
1186800 1554.3
1186810 1561.4
1186820 1561.4
1186830 1570.3
1186840 1579.2
1186850 1579.2
1186860 1587.4
1186870 1593.8
1186880 1593.8
1186890 1597.9
1186900 1600.7
1186910 1591.4
1186920 1595.9
1186930 1601.7
1186940 1601.7
1186950 1608.7
1186960 1610.7
1186970 1610.7
1186980 1608.1
1186990 1606.6
1187000 1606.6
1187010 1605.4
1187020 1603.6
1187030 1603.6
1187040 1601.4
1187050 1604.5
1187060 1603.3
1187070 1603.3
1187080 1608.2
1187090 1613.5
1187100 1613.5
1187110 1618.6
1187120 1622.9
1187130 1622.9
1187140 1620.5
1187150 1639.2
1187160 1639.2
1187170 1648.8
1187180 1654.1
1187190 1654.1
1187200 1658.1
1187210 1661.4
1187220 1661.4
1187230 1668.0
1187240 1673.4
1187250 1673.4
1187260 1683.9
1187270 1701.5
1187280 1701.5
1187290 1719.7
1187300 1727.0
1187310 1727.0
1187320 1718.4
1187330 1703.5
1187340 1684.0
1187350 1684.0
1187360 1669.4
1187370 1660.9
1187380 1660.9
1187390 1666.3
1187400 1669.0
1187410 1669.0
1187420 1668.4
1187430 1650.8
1187440 1650.8
1187450 1610.3
1187460 1588.5
1187470 1588.5
1187480 1598.5
1187490 1609.3
1187500 1609.3
1187510 1620.3
1187520 1629.2
1187530 1629.2
1187540 1637.3
1187550 1650.5
1187560 1650.5
1187570 1654.0
1187580 1665.4
1187590 1684.0
1187600 1684.0
1187610 1697.6
1187620 1710.1
1187630 1710.1
1187640 1720.5
1187650 1729.4
1187660 1729.4
1187670 1733.2
1187680 1741.1
1187690 1741.1
1187700 1752.8
1187710 1767.4
1187720 1767.4
1187730 1776.8
1187740 1785.6
1187750 1785.6
1187760 1794.2
1187770 1801.3
1187780 1801.3
1187790 1813.8
1187800 1829.3
1187810 1829.3
1187820 1841.2
1187830 1852.9
1187840 1866.6
1187850 1866.6
1187860 1876.9
1187870 1893.0
1187880 1893.0
1187890 1913.0
1187900 1924.9
1187910 1924.9
1187920 1935.0
1187930 1946.2
1187940 1946.2
1187950 1956.1
1187960 1967.5
1187970 1967.5
1187980 1980.4
1187990 1991.3
1188000 1991.3
1188010 1998.0
1188020 1995.1
1188030 1995.1
1188040 1999.0
1188050 2003.2
1188060 2003.2
1188070 2004.1
1188080 2006.2
1188090 2009.9
1188100 2009.9
1188110 2011.5
1188120 2020.6
1188130 2020.6
1188140 2027.7
1188150 2033.5
1188160 2033.5
1188170 2038.4
1188180 2044.3
1188190 2044.3
1188200 2059.8
1188210 2068.8
1188220 2068.8
1188230 2076.3
1188240 2085.2
1188250 2085.2
1188260 2094.2
1188270 2101.5
1188280 2101.5
1188290 2109.6
1188300 2119.7
1188310 2119.7
1188320 2131.6
1188330 2142.2
1188340 2147.1
1188350 2147.1
1188360 2153.9
1188370 2165.3
1188380 2165.3
1188390 2184.5
1188400 2204.8
1188410 2204.8
1188420 2218.0
1188430 2229.6
1188440 2229.6
1188450 2238.0
1188460 2246.1
1188470 2246.1
1188480 2254.0
1188490 2261.1
1188500 2261.1
1188510 2267.7
1188520 2273.4
1188530 2273.4
1188540 2278.0
1188550 2280.1
1188560 2280.1
1188570 2282.4
1188580 2285.5
1188590 2285.5
1188600 2289.1
1188610 2292.3
1188620 2293.2
1188630 2290.9
1188640 2290.0
1188650 2276.3
1188660 2276.3
1188670 2257.3
1188680 2247.0
1188690 2247.0
1188700 2250.4
1188710 2249.3
1188720 2249.3
1188730 2251.0
1188740 2257.5
1188750 2257.5
1188760 2267.2
1188770 2275.5
1188780 2275.5
1188790 2272.8
1188800 2266.8
1188810 2266.8
1188820 2260.8
1188830 2266.2
1188840 2266.2
1188850 2269.4
1188860 2267.8
1188870 2264.6
1188880 2264.6
1188890 2262.0
1188900 2259.7
1188910 2259.7
1188920 2257.0
1188930 2255.1
1188940 2255.1
1188950 2252.5
1188960 2250.8
1188970 2250.8
1188980 2249.3
1188990 2247.3
1189000 2247.3
1189010 2243.1
1189020 2238.8
1189030 2238.8
1189040 2234.9
1189050 2232.8
1189060 2231.2
1189070 2227.8
1189080 2224.4
1189090 2224.4
1189100 2219.6
1189110 2213.5
1189120 2207.9
1189130 2207.9
1189140 2204.9
1189150 2203.3
1189160 2203.3
1189170 2199.5
1189180 2196.0
1189190 2196.0
1189200 2190.9
1189210 2185.6
1189220 2185.6
1189230 2180.9
1189240 2176.5
1189250 2176.5
1189260 2172.7
1189270 2169.0
1189280 2169.0
1189290 2165.5
1189300 2162.8
1189310 2162.8
1189320 2160.8
1189330 2157.5
1189340 2157.5
1189350 2152.8
1189360 2148.3
1189370 2144.1
1189380 2144.1
1189390 2139.5
1189400 2135.2
1189410 2135.2
1189420 2131.2
1189430 2125.8
1189440 2125.8
1189450 2118.1
1189460 2110.9
1189470 2110.9
1189480 2104.2
1189490 2095.3
1189500 2095.3
1189510 2089.1
1189520 2082.4
1189530 2082.4
1189540 2075.5
1189550 2068.1
1189560 2068.1
1189570 2061.1
1189580 2055.3
1189590 2055.3
1189600 2051.3
1189610 2049.3
1189620 2049.3
1189630 2045.8
1189640 2038.7
1189650 2032.3
1189660 2032.3
1189670 2026.4
1189680 2018.5
1189690 2018.5
1189700 2007.0
1189710 1995.4
1189720 1995.4
1189730 1989.8
1189740 1980.7
1189750 1980.7
1189760 1972.8
1189770 1968.5
1189780 1968.5
1189790 1963.8
1189800 1956.3
1189810 1956.3
1189820 1948.0
1189830 1938.0
1189840 1938.0
1189850 1929.6
1189860 1922.8
1189870 1922.8
1189880 1916.4
1189890 1910.7
1189900 1907.5
1189910 1907.5
1189920 1893.0
1189930 1889.3
1189940 1889.3
1189950 1884.9
1189960 1879.1
1189970 1879.1
1189980 1873.5
1189990 1868.5
1190000 1868.5
1190010 1863.0
1190020 1856.7
1190030 1856.7
1190040 1851.6
1190050 1844.6
1190060 1844.6
1190070 1835.4
1190080 1826.9
1190090 1826.9
1190100 1817.9
1190110 1805.9
1190120 1805.9
1190130 1794.8
1190140 1786.8
1190150 1780.2
1190160 1780.2
1190170 1773.8
1190180 1767.6
1190190 1767.6
1190200 1761.5
1190210 1755.3
1190220 1755.3
1190230 1749.2
1190240 1743.2
1190250 1743.2
1190260 1737.1
1190270 1731.1
1190280 1731.1
1190290 1725.5
1190300 1719.3
1190310 1719.3
1190320 1711.8
1190330 1702.3
1190340 1702.3
1190350 1691.8
1190360 1684.7
1190370 1684.7
1190380 1677.6
1190390 1669.9
1190400 1661.2
1190410 1661.2
1190420 1654.9
1190430 1647.9
1190440 1647.9
1190450 1640.7
1190460 1634.0
1190470 1634.0
1190480 1627.4
1190490 1621.0
1190500 1621.0
1190510 1615.1
1190520 1608.8
1190530 1608.8
1190540 1602.1
1190550 1594.9
1190560 1594.9
1190570 1587.8
1190580 1580.9
1190590 1580.9
1190600 1574.4
1190610 1567.4
1190620 1567.4
1190630 1560.8
1190640 1555.3
1190650 1555.3
1190660 1549.3
1190670 1543.3
1190680 1537.0
1190690 1537.0
1190700 1530.5
1190710 1524.1
1190720 1524.1
1190730 1517.9
1190740 1511.7
1190750 1511.7
1190760 1505.2
1190770 1499.1
1190780 1499.5
1190790 1493.9
1190800 1487.3
1190810 1487.3
1190820 1480.9
1190830 1475.4
1190840 1475.4
1190850 1470.2
1190860 1464.6
1190870 1464.6
1190880 1459.2
1190890 1453.7
1190900 1453.7
1190910 1447.7
1190920 1442.2
1190930 1436.6
1190940 1436.6
1190950 1430.9
1190960 1425.1
1190970 1425.1
1190980 1419.6
1190990 1413.4
1191000 1413.4
1191010 1407.6
1191020 1403.7
1191030 1403.7
1191040 1400.4
1191050 1395.6
1191060 1395.6
1191070 1392.3
1191080 1392.0
1191090 1392.0
1191100 1393.9
1191110 1392.0
1191120 1392.0
1191130 1386.7
1191140 1381.2
1191150 1381.2
1191160 1374.9
1191170 1368.6
1191180 1364.3
1191190 1364.3
1191200 1361.9
1191210 1360.2
1191220 1357.0
1191230 1354.4
1191240 1352.9
1191250 1352.9
1191260 1352.2
1191270 1351.5
1191280 1351.5
1191290 1351.6
1191300 1351.4
1191310 1351.4
1191320 1350.8
1191330 1351.0
1191340 1351.0
1191350 1352.2
1191360 1352.6
1191370 1352.6
1191380 1350.5
1191390 1348.4
1191400 1348.4
1191410 1346.2
1191420 1344.1
1191430 1342.4
1191440 1342.4
1191450 1339.5
1191460 1335.5
1191470 1335.5
1191480 1330.5
1191490 1325.8
1191500 1325.8
1191510 1321.5
1191520 1317.6
1191530 1317.6
1191540 1313.9
1191550 1310.7
1191560 1310.7
1191570 1308.7
1191580 1307.1
1191590 1307.1
1191600 1305.4
1191610 1303.8
1191620 1303.8
1191630 1302.1
1191640 1300.4
1191650 1299.9
1191660 1298.3
1191670 1296.7
1191680 1296.7
1191690 1295.4
1191700 1294.7
1191710 1294.7
1191720 1294.7
1191730 1295.6
1191740 1293.6
1191750 1293.6
1191760 1290.5
1191770 1287.7
1191780 1287.7
1191790 1284.0
1191800 1281.6
1191810 1281.6
1191820 1281.7
1191830 1279.0
1191840 1279.0
1191850 1275.1
1191860 1274.5
1191870 1274.5
1191880 1274.1
1191890 1272.1
1191900 1272.1
1191910 1270.5
1191920 1269.4
1191930 1269.4
1191940 1267.5
1191950 1264.7
1191960 1260.9
1191970 1260.9
1191980 1259.9
1191990 1258.8
1192000 1258.8
1192010 1257.4
1192020 1255.4
1192030 1255.4
1192040 1254.0
1192050 1250.0
1192060 1250.0
1192070 1245.2
1192080 1238.7
1192090 1238.7
1192100 1238.0
1192110 1236.5
1192120 1236.5
1192130 1233.0
1192140 1227.0
1192150 1227.0
1192160 1221.0
1192170 1215.7
1192180 1215.7
1192190 1210.8
1192200 1206.7
1192210 1203.3
1192220 1203.3
1192230 1198.0
1192240 1194.0
1192250 1194.0
1192260 1191.2
1192270 1189.5
1192280 1189.5
1192290 1187.3
1192300 1183.3
1192310 1183.3
1192320 1177.5
1192330 1171.1
1192340 1171.1
1192350 1165.8
1192360 1164.3
1192370 1164.3
1192380 1160.3
1192390 1156.0
1192400 1156.0
1192410 1153.1
1192420 1151.3
1192430 1151.3
1192440 1148.0
1192450 1145.1
1192460 1142.5
1192470 1142.5
1192480 1139.8
1192490 1136.5
1192500 1136.5
1192510 1131.5
1192520 1125.3
1192530 1125.3
1192540 1122.5
1192550 1120.8
1192560 1120.8
1192570 1118.7
1192580 1116.1
1192590 1116.1
1192600 1112.3
1192610 1107.8
1192620 1107.8
1192630 1104.5
1192640 1104.3
1192650 1104.3
1192660 1103.4
1192670 1099.5
1192680 1099.5
1192690 1098.4
1192700 1099.8
1192710 1097.4
1192720 1097.4
1192730 1097.9
1192740 1097.4
1192750 1097.4
1192760 1097.2
1192770 1099.4
1192780 1099.4
1192790 1098.8
1192800 1095.2
1192810 1095.2
1192820 1091.3
1192830 1088.4
1192840 1088.4
1192850 1085.3
1192860 1082.4
1192870 1082.4
1192880 1080.0
1192890 1078.1
1192900 1078.1
1192910 1076.8
1192920 1076.4
1192930 1076.4
1192940 1076.2
1192950 1078.0
1192960 1078.0
1192970 1076.4
1192980 1074.4
1192990 1072.1
1193000 1072.1
1193010 1069.7
1193020 1067.9
1193030 1067.9
1193040 1065.9
1193050 1064.5
1193060 1064.5
1193070 1062.0
1193080 1058.3
1193090 1058.3
1193100 1053.8
1193110 1049.6
1193120 1049.6
1193130 1047.1
1193140 1045.2
1193150 1045.2
1193160 1042.6
1193170 1037.3
1193180 1037.3
1193190 1033.4
1193200 1032.5
1193210 1032.5
1193220 1031.9
1193230 1030.1
1193240 1028.1
1193250 1028.1
1193260 1026.7
1193270 1026.5
1193280 1026.5
1193290 1026.9
1193300 1026.7
1193310 1026.7
1193320 1025.6
1193330 1024.8
1193340 1024.8
1193350 1023.8
1193360 1023.7
1193370 1023.7
1193380 1025.2
1193390 1020.3
1193400 1020.3
1193410 1021.1
1193420 1019.7
1193430 1019.7
1193440 1016.1
1193450 1011.8
1193460 1011.8
1193470 1010.1
1193480 1009.0
1193490 1010.5
1193500 1010.5
1193510 1013.6
1193520 1011.4
1193530 1011.4
1193540 1008.2
1193550 1006.8
1193560 1006.8
1193570 1005.6
1193580 1004.8
1193590 1004.8
1193600 1004.8
1193610 1005.0
1193620 1005.0
1193630 1003.6
1193640 1002.1
1193650 1002.1
1193660 998.3
1193670 994.7
1193680 994.7
1193690 993.2
1193700 992.3
1193710 992.3
1193720 991.2
1193730 989.9
1193740 988.9
1193750 988.9
1193760 987.8
1193770 987.0
1193780 987.0
1193790 987.5
1193800 990.5
1193810 990.5
1193820 991.4
1193830 990.4
1193840 990.4
1193850 989.1
1193860 987.8
1193870 987.8
1193880 986.8
1193890 986.7
1193900 986.7
1193910 987.1
1193920 987.2
1193930 987.2
1193940 986.2
1193950 984.3
1193960 984.3
1193970 981.5
1193980 979.0
1193990 979.0
1194000 976.4
1194010 975.6
1194020 974.5
1194030 974.5
1194040 973.3
1194050 972.9
1194060 972.9
1194070 972.3
1194080 970.7
1194090 970.7
1194100 968.4
1194110 965.8
1194120 965.8
1194130 960.2
1194140 955.1
1194150 955.1
1194160 951.2
1194170 948.0
1194180 948.0
1194190 944.6
1194200 941.0
1194210 941.0
1194220 936.5
1194230 933.5
1194240 933.5
1194250 931.7
1194260 927.7
1194270 921.9
1194280 921.9
1194290 919.0
1194300 913.9
1194310 913.9
1194320 909.1
1194330 907.0
1194340 907.0
1194350 905.9
1194360 905.5
1194370 905.5
1194380 906.3
1194390 906.4
1194400 906.4
1194410 905.2
1194420 904.2
1194430 904.2
1194440 900.8
1194450 896.6
1194460 896.6
1194470 893.8
1194480 893.0
1194490 893.0
1194500 892.5
1194510 891.5
1194520 890.8
1194530 890.8
1194540 889.9
1194550 889.4
1194560 889.4
1194570 888.5
1194580 887.6
1194590 887.6
1194600 885.3
1194610 884.5
1194620 884.5
1194630 884.7
1194640 884.2
1194650 884.2
1194660 883.1
1194670 882.4
1194680 882.4
1194690 881.4
1194700 880.2
1194710 880.2
1194720 878.2
1194730 876.4
1194740 876.4
1194750 874.7
1194760 872.5
1194770 870.1
1194780 870.1
1194790 867.6
1194800 864.4
1194810 864.4
1194820 861.3
1194830 856.6
1194840 856.6
1194850 852.1
1194860 848.1
1194870 848.1
1194880 843.6
1194890 839.4
1194900 839.4
1194910 835.4
1194920 831.2
1194930 831.2
1194940 827.3
1194950 823.7
1194960 823.7
1194970 820.1
1194980 817.5
1194990 817.5
1195000 814.9
1195010 812.9
1195020 812.9
1195030 808.3
1195040 804.1
1195050 803.2
1195060 803.2
1195070 803.0
1195080 803.4
1195090 803.4
1195100 804.5
1195110 804.1
1195120 804.1
1195130 803.4
1195140 802.6
1195150 802.6
1195160 801.9
1195170 800.7
1195180 800.7
1195190 799.0
1195200 797.5
1195210 797.5
1195220 796.4
1195230 795.7
1195240 795.7
1195250 795.2
1195260 794.7
1195270 794.7
1195280 793.2
1195290 792.0
1195300 792.0
1195310 792.0
1195320 791.7
1195330 790.9
1195340 790.9
1195350 790.0
1195360 789.4
1195370 789.4
1195380 788.8
1195390 788.2
1195400 788.2
1195410 787.6
1195420 786.9
1195430 786.9
1195440 786.2
1195450 785.3
1195460 785.3
1195470 784.3
1195480 783.5
1195490 783.5
1195500 782.8
1195510 782.0
1195520 782.0
1195530 781.5
1195540 780.9
1195550 780.0
1195560 780.0
1195570 779.2
1195580 777.3
1195590 777.3
1195600 776.7
1195610 776.2
1195620 776.2
1195630 775.4
1195640 774.3
1195650 774.3
1195660 773.7
1195670 772.9
1195680 772.9
1195690 772.0
1195700 770.4
1195710 770.4
1195720 769.8
1195730 769.1
1195740 769.1
1195750 768.1
1195760 767.0
1195770 767.0
1195780 765.7
1195790 764.6
1195800 763.5
1195810 763.5
1195820 762.5
1195830 761.9
1195840 761.9
1195850 761.9
1195860 761.9
1195870 761.9
1195880 760.2
1195890 758.5
1195900 758.5
1195910 757.6
1195920 756.8
1195930 756.8
1195940 756.4
1195950 755.9
1195960 755.9
1195970 756.4
1195980 757.2
1195990 757.2
1196000 758.2
1196010 759.2
1196020 756.1
1196030 757.3
1196040 758.3
1196050 758.7
1196060 758.7
1196070 758.8
1196080 760.7
1196090 760.7
1196100 763.6
1196110 766.1
1196120 766.1
1196130 768.5
1196140 768.7
1196150 768.7
1196160 768.9
1196170 769.2
1196180 769.2
1196190 769.1
1196200 769.4
1196210 769.4
1196220 769.5
1196230 769.4
1196240 769.4
1196250 769.4
1196260 769.4
1196270 769.4
1196280 769.4
1196290 769.4
1196300 769.4
1196310 769.4
1196320 769.8
1196330 770.5
1196340 770.5
1196350 770.4
1196360 769.8
1196370 769.8
1196380 768.8
1196390 767.8
1196400 767.8
1196410 766.5
1196420 764.7
1196430 764.7
1196440 763.8
1196450 763.5
1196460 764.0
1196470 763.2
1196480 761.3
1196490 761.3
1196500 758.2
1196510 755.5
1196520 755.5
1196530 752.2
1196540 749.1
1196550 749.1
1196560 746.0
1196570 743.0
1196580 739.6
1196590 739.6
1196600 735.8
1196610 734.3
1196620 734.3
1196630 734.2
1196640 734.2
1196650 734.2
1196660 734.2
1196670 734.2
1196680 734.2
1196690 733.9
1196700 732.7
1196710 732.7
1196720 732.5
1196730 732.4
1196740 732.4
1196750 732.1
1196760 732.3
1196770 732.3
1196780 732.2
1196790 732.2
1196800 732.2
1196810 732.1
1196820 731.9
1196830 731.9
1196840 731.9
1196850 732.0
1196860 731.3
1196870 731.3
1196880 733.8
1196890 740.5
1196900 738.7
1196910 746.2
1196920 753.8
1196930 753.8
1196940 762.1
1196950 769.8
1196960 769.8
1196970 776.1
1196980 782.0
1196990 782.0
1197000 788.0
1197010 794.6
1197020 794.6
1197030 801.6
1197040 809.4
1197050 809.4
1197060 816.8
1197070 823.1
1197080 829.0
1197090 829.0
1197100 835.1
1197110 840.1
1197120 840.1
1197130 844.6
1197140 849.3
1197150 849.3
1197160 854.8
1197170 861.0
1197180 861.0
1197190 866.4
1197200 870.3
1197210 870.3
1197220 872.5
1197230 875.4
1197240 875.4
1197250 880.4
1197260 886.0
1197270 886.0
1197280 890.9
1197290 894.7
1197300 894.7
1197310 897.0
1197320 900.1
1197330 900.1
1197340 902.7
1197350 903.3
1197360 901.8
1197370 901.8
1197380 899.4
1197390 897.1
1197400 897.1
1197410 897.2
1197420 899.3
1197430 899.3
1197440 902.4
1197450 905.4
1197460 905.4
1197470 908.2
1197480 911.6
1197490 911.6
1197500 915.0
1197510 918.2
1197520 918.2
1197530 921.5
1197540 924.9
1197550 924.9
1197560 928.3
1197570 931.2
1197580 931.2
1197590 934.2
1197600 937.4
1197610 940.5
1197620 940.5
1197630 943.3
1197640 946.3
1197650 946.3
1197660 949.2
1197670 951.9
1197680 951.9
1197690 954.8
1197700 957.9
1197710 957.9
1197720 961.6
1197730 965.2
1197740 965.2
1197750 968.1
1197760 970.9
1197770 970.9
1197780 974.1
1197790 977.4
1197800 977.4
1197810 979.4
1197820 981.9
1197830 981.9
1197840 985.2
1197850 989.7
1197860 994.8
1197870 994.8
1197880 999.9
1197890 1005.1
1197900 1005.1
1197910 1010.2
1197920 1014.3
1197930 1014.3
1197940 1018.7
1197950 1022.8
1197960 1022.8
1197970 1026.8
1197980 1030.5
1197990 1030.5
1198000 1034.3
1198010 1037.8
1198020 1037.8
1198030 1041.6
1198040 1047.1
1198050 1047.1
1198060 1053.5
1198070 1058.9
1198080 1058.9
1198090 1063.3
1198100 1066.6
1198110 1070.1
1198120 1070.1
1198130 1074.2
1198140 1077.9
1198150 1077.9
1198160 1081.9
1198170 1085.6
1198180 1085.6
1198190 1089.1
1198200 1093.3
1198210 1093.3
1198220 1096.7
1198230 1097.1
1198240 1097.1
1198250 1101.3
1198260 1104.3
1198270 1104.3
1198280 1107.5
1198290 1110.0
1198300 1110.0
1198310 1112.0
1198320 1114.9
1198330 1114.9
1198340 1116.7
1198350 1117.3
1198360 1117.3
1198370 1118.7
1198380 1120.5
1198390 1123.5
1198400 1123.5
1198410 1126.7
1198420 1129.7
1198430 1129.7
1198440 1133.1
1198450 1137.0
1198460 1137.0
1198470 1141.0
1198480 1144.6
1198490 1144.6
1198500 1148.0
1198510 1151.2
1198520 1151.2
1198530 1154.4
1198540 1157.1
1198550 1157.1
1198560 1159.3
1198570 1162.0
1198580 1162.0
1198590 1165.3
1198600 1168.3
1198610 1168.3
1198620 1170.7
1198630 1173.0
1198640 1175.9
1198650 1175.9
1198660 1179.1
1198670 1182.3
1198680 1175.5
1198690 1178.8
1198700 1182.2
1198710 1182.2
1198720 1185.9
1198730 1190.0
1198740 1190.0
1198750 1193.8
1198760 1196.5
1198770 1196.5
1198780 1200.3
1198790 1203.9
1198800 1203.9
1198810 1208.3
1198820 1212.2
1198830 1212.2
1198840 1216.2
1198850 1220.6
1198860 1220.6
1198870 1224.1
1198880 1225.9
1198890 1225.5
1198900 1225.5
1198910 1229.1
1198920 1232.4
1198930 1232.4
1198940 1233.5
1198950 1234.1
1198960 1234.1
1198970 1233.8
1198980 1233.5
1198990 1233.5
1199000 1231.8
1199010 1229.6
1199020 1229.6
1199030 1228.8
1199040 1225.9
1199050 1225.9
1199060 1225.6
1199070 1227.9
1199080 1227.9
1199090 1231.7
1199100 1231.8
1199110 1231.8
1199120 1228.2
1199130 1216.0
1199140 1204.3
1199150 1204.3
1199160 1202.2
1199170 1206.8
1199180 1206.8
1199190 1208.9
1199200 1210.3
1199210 1210.3
1199220 1211.3
1199230 1209.5
1199240 1209.5
1199250 1210.3
1199260 1210.4
1199270 1210.4
1199280 1210.7
1199290 1216.1
1199300 1216.1
1199310 1221.3
1199320 1228.5
1199330 1228.5
1199340 1235.2
1199350 1242.8
1199360 1242.8
1199370 1250.6
1199380 1258.0
1199390 1258.0
1199400 1265.2
1199410 1272.1
1199420 1279.2
1199430 1279.2
1199440 1286.1
1199450 1292.8
1199460 1292.8
1199470 1298.6
1199480 1301.2
1199490 1301.2
1199500 1300.8
1199510 1300.2
1199520 1300.2
1199530 1298.1
1199540 1297.3
1199550 1297.3
1199560 1300.5
1199570 1292.8
1199580 1292.8
1199590 1296.0
1199600 1306.4
1199610 1306.4
1199620 1314.2
1199630 1322.9
1199640 1322.9
1199650 1329.8
1199660 1336.4
1199670 1343.2
1199680 1343.2
1199690 1350.0
1199700 1357.1
1199710 1357.1
1199720 1364.0
1199730 1370.6
1199740 1370.6
1199750 1377.1
1199760 1383.3
1199770 1383.3
1199780 1387.3
1199790 1390.2
1199800 1390.2
1199810 1392.5
1199820 1394.4
1199830 1394.4
1199840 1397.2
1199850 1400.9
1199860 1400.9
1199870 1402.8
1199880 1403.7
1199890 1403.7
1199900 1405.2
1199910 1406.4
1199920 1409.9
1199930 1409.9
1199940 1414.7
1199950 1419.6
1199960 1419.6
1199970 1424.2
1199980 1428.6
1199990 1428.6
