1180000 1915.5
1180010 1915.5
1180020 1921.8
1180030 1927.2
1180040 1927.2
1180050 1932.7
1180060 1939.1
1180070 1939.1
1180080 1944.9
1180090 1952.8
1180100 1952.8
1180110 1980.3
1180120 1988.7
1180130 1988.7
1180140 1992.8
1180150 1994.6
1180160 1994.6
1180170 1997.6
1180180 2001.6
1180190 2001.6
1180200 2008.8
1180210 2016.0
1180220 2023.7
1180230 2023.7
1180240 2029.6
1180250 2037.4
1180260 2037.4
1180270 2047.5
1180280 2054.4
1180290 2054.4
1180300 2063.3
1180310 2071.5
1180320 2071.5
1180330 2077.2
1180340 2082.7
1180350 2082.7
1180360 2087.7
1180370 2093.0
1180380 2093.0
1180390 2098.0
1180400 2103.3
1180410 2103.3
1180420 2108.8
1180430 2116.1
1180440 2116.1
1180450 2124.6
1180460 2129.6
1180470 2129.6
1180480 2134.2
1180490 2138.5
1180500 2143.5
1180510 2143.5
1180520 2150.0
1180530 2155.7
1180540 2155.7
1180550 2160.8
1180560 2165.2
1180570 2165.2
1180580 2169.6
1180590 2174.6
1180600 2174.6
1180610 2179.3
1180620 2182.2
1180630 2182.2
1180640 2185.9
1180650 2192.0
1180660 2192.0
1180670 2198.2
1180680 2203.6
1180690 2201.6
1180700 2207.0
1180710 2212.9
1180720 2212.9
1180730 2218.6
1180740 2224.3
1180750 2230.8
1180760 2230.8
1180770 2238.9
1180780 2245.5
1180790 2245.5
1180800 2251.9
1180810 2258.1
1180820 2258.1
1180830 2263.3
1180840 2269.2
1180850 2269.2
1180860 2275.6
1180870 2281.8
1180880 2281.8
1180890 2289.2
1180900 2296.6
1180910 2296.6
1180920 2304.4
1180930 2312.1
1180940 2312.1
1180950 2319.1
1180960 2326.1
1180970 2326.1
1180980 2333.2
1180990 2339.4
1181000 2339.4
1181010 2345.1
1181020 2351.8
1181030 2357.6
1181040 2357.6
1181050 2363.7
1181060 2368.4
1181070 2368.4
1181080 2374.8
1181090 2379.9
1181100 2379.9
1181110 2382.9
1181120 2388.4
1181130 2388.4
1181140 2394.2
1181150 2399.7
1181160 2399.7
1181170 2405.0
1181180 2409.9
1181190 2409.9
1181200 2414.4
1181210 2418.7
1181220 2418.7
1181230 2423.5
1181240 2428.1
1181250 2428.1
1181260 2433.0
1181270 2438.5
1181280 2444.3
1181290 2444.3
1181300 2449.5
1181310 2454.3
1181320 2454.3
1181330 2459.1
1181340 2463.9
1181350 2463.9
1181360 2468.6
1181370 2473.2
1181380 2473.2
1181390 2477.7
1181400 2481.8
1181410 2481.8
1181420 2485.5
1181430 2488.5
1181440 2488.5
1181450 2490.5
1181460 2489.9
1181470 2489.9
1181480 2486.7
1181490 2481.2
1181500 2481.2
1181510 2474.4
1181520 2469.3
1181530 2475.0
1181540 2469.6
1181550 2463.1
1181560 2457.1
1181570 2457.1
1181580 2451.9
1181590 2447.0
1181600 2447.0
1181610 2440.7
1181620 2435.7
1181630 2435.7
1181640 2432.4
1181650 2429.9
1181660 2429.9
1181670 2427.6
1181680 2425.8
1181690 2425.8
1181700 2423.5
1181710 2420.3
1181720 2420.3
1181730 2415.7
1181740 2411.8
1181750 2411.8
1181760 2409.2
1181770 2407.0
1181780 2407.0
1181790 2405.2
1181800 2404.0
1181810 2401.7
1181820 2401.7
1181830 2399.4
1181840 2398.2
1181850 2398.2
1181860 2398.0
1181870 2395.6
1181880 2395.6
1181890 2392.8
1181900 2391.9
1181910 2391.9
1181920 2392.7
1181930 2394.2
1181940 2394.2
1181950 2405.2
1181960 2407.7
1181970 2407.7
1181980 2401.7
1181990 2394.7
1182000 2394.7
1182010 2388.8
1182020 2383.1
1182030 2383.1
1182040 2377.5
1182050 2371.9
1182060 2366.2
1182070 2366.2
1182080 2361.0
1182090 2355.4
1182100 2355.4
1182110 2348.7
1182120 2342.2
1182130 2342.2
1182140 2336.7
1182150 2331.2
1182160 2331.2
1182170 2324.5
1182180 2317.7
1182190 2317.7
1182200 2311.3
1182210 2306.0
1182220 2306.0
1182230 2300.3
1182240 2295.3
1182250 2295.3
1182260 2290.6
1182270 2286.6
1182280 2286.6
1182290 2283.1
1182300 2279.6
1182310 2279.6
1182320 2276.6
1182330 2273.5
1182340 2270.4
1182350 2270.4
1182360 2267.8
1182370 2266.7
1182380 2266.7
1182390 2264.1
1182400 2262.0
1182410 2262.0
1182420 2259.3
1182430 2258.1
1182440 2258.1
1182450 2256.7
1182460 2254.0
1182470 2254.0
1182480 2250.6
1182490 2248.9
1182500 2248.9
1182510 2247.6
1182520 2243.9
1182530 2243.9
1182540 2238.7
1182550 2234.4
1182560 2234.4
1182570 2230.7
1182580 2227.9
1182590 2225.1
1182600 2225.1
1182610 2223.0
1182620 2220.0
1182630 2220.0
1182640 2216.2
1182650 2212.9
1182660 2212.9
1182670 2209.7
1182680 2206.4
1182690 2206.4
1182700 2200.3
1182710 2195.2
1182720 2195.2
1182730 2190.7
1182740 2184.2
1182750 2184.2
1182760 2177.1
1182770 2173.2
1182780 2173.2
1182790 2171.2
1182800 2166.3
1182810 2166.3
1182820 2161.6
1182830 2157.2
1182840 2157.2
1182850 2153.4
1182860 2151.3
1182870 2151.1
1182880 2151.1
1182890 2149.2
1182900 2147.9
1182910 2147.9
1182920 2146.5
1182930 2144.9
1182940 2144.9
1182950 2143.8
1182960 2142.6
1182970 2142.6
1182980 2141.0
1182990 2139.6
1183000 2139.6
1183010 2137.8
1183020 2136.3
1183030 2136.3
1183040 2135.4
1183050 2134.7
1183060 2134.7
1183070 2134.4
1183080 2134.7
1183090 2134.7
1183100 2134.5
1183110 2134.8
1183120 2135.0
1183130 2135.0
1183140 2135.0
1183150 2135.4
1183160 2135.4
1183170 2135.9
1183180 2136.7
1183190 2136.7
1183200 2138.6
1183210 2140.5
1183220 2141.5
1183230 2143.8
1183240 2146.7
1183250 2146.7
1183260 2150.3
1183270 2153.6
1183280 2153.6
1183290 2157.1
1183300 2161.3
1183310 2161.3
1183320 2165.5
1183330 2169.4
1183340 2169.4
1183350 2173.6
1183360 2177.9
1183370 2177.9
1183380 2182.1
1183390 2185.0
1183400 2187.8
1183410 2187.8
1183420 2190.6
1183430 2194.1
1183440 2194.1
1183450 2198.5
1183460 2202.3
1183470 2202.3
1183480 2205.8
1183490 2209.8
1183500 2209.8
1183510 2214.7
1183520 2218.7
1183530 2218.7
1183540 2223.4
1183550 2227.9
1183560 2227.9
1183570 2232.1
1183580 2236.5
1183590 2236.5
1183600 2241.4
1183610 2245.9
1183620 2245.9
1183630 2250.2
1183640 2256.3
1183650 2260.7
1183660 2260.7
1183670 2265.9
1183680 2271.0
1183690 2271.0
1183700 2276.2
1183710 2282.3
1183720 2282.3
1183730 2288.5
1183740 2294.1
1183750 2294.1
1183760 2299.6
1183770 2305.8
1183780 2305.8
1183790 2311.9
1183800 2318.1
1183810 2318.1
1183820 2324.2
1183830 2329.9
1183840 2329.9
1183850 2336.4
1183860 2343.4
1183870 2343.4
1183880 2350.3
1183890 2357.5
1183900 2357.5
1183910 2363.4
1183920 2369.9
1183930 2377.5
1183940 2377.5
1183950 2384.6
1183960 2391.6
1183970 2391.6
1183980 2398.5
1183990 2405.7
1184000 2405.7
1184010 2412.7
1184020 2419.7
1184030 2419.7
1184040 2429.5
1184050 2439.6
1184060 2442.0
1184070 2448.7
1184080 2456.3
1184090 2456.3
1184100 2464.2
1184110 2471.6
1184120 2471.6
1184130 2478.9
1184140 2486.6
1184150 2486.6
1184160 2494.6
1184170 2504.0
1184180 2519.8
1184190 2519.8
1184200 2539.0
1184210 2551.2
1184220 2551.2
1184230 2558.5
1184240 2554.5
1184250 2554.5
1184260 2555.4
1184270 2565.2
1184280 2565.2
1184290 2569.9
1184300 2568.8
1184310 2568.8
1184320 2566.2
1184330 2567.4
1184340 2567.4
1184350 2576.4
1184360 2587.9
1184370 2587.9
1184380 2596.8
1184390 2597.5
1184400 2597.5
1184410 2596.1
1184420 2597.0
1184430 2597.0
1184440 2600.8
1184450 2609.0
1184460 2630.0
1184470 2630.0
1184480 2645.4
1184490 2656.9
1184500 2656.9
1184510 2659.9
1184520 2662.8
1184530 2662.8
1184540 2666.4
1184550 2668.0
1184560 2668.0
1184570 2669.0
1184580 2673.7
1184590 2673.7
1184600 2677.4
1184610 2682.9
1184620 2682.9
1184630 2687.1
1184640 2684.0
1184650 2684.0
1184660 2679.0
1184670 2676.2
1184680 2676.2
1184690 2677.4
1184700 2675.8
1184710 2664.6
1184720 2664.6
1184730 2655.4
1184740 2647.7
1184750 2647.7
1184760 2640.7
1184770 2634.3
1184780 2634.3
1184790 2628.6
1184800 2622.9
1184810 2622.9
1184820 2617.7
1184830 2613.3
1184840 2613.3
1184850 2608.4
1184860 2603.0
1184870 2603.0
1184880 2599.2
1184890 2595.7
1184900 2595.7
1184910 2598.3
1184920 2592.9
1184930 2592.9
1184940 2589.1
1184950 2586.4
1184960 2583.7
1184970 2583.7
1184980 2578.3
1184990 2574.1
1185000 2574.1
1185010 2571.6
1185020 2569.5
1185030 2569.5
1185040 2567.2
1185050 2560.2
1185060 2560.2
1185070 2539.3
1185080 2525.4
1185090 2525.4
1185100 2515.5
1185110 2505.9
1185120 2505.9
1185130 2497.3
1185140 2489.9
1185150 2489.9
1185160 2483.3
1185170 2478.3
1185180 2478.3
1185190 2473.8
1185200 2468.5
1185210 2468.5
1185220 2461.8
1185230 2455.5
1185240 2450.2
1185250 2450.2
1185260 2445.5
1185270 2440.9
1185280 2440.9
1185290 2436.3
1185300 2431.4
1185310 2431.4
1185320 2425.8
1185330 2424.2
1185340 2424.2
1185350 2419.0
1185360 2414.0
1185370 2414.0
1185380 2409.1
1185390 2404.7
1185400 2404.7
1185410 2400.1
1185420 2395.5
1185430 2395.5
1185440 2391.1
1185450 2385.9
1185460 2385.9
1185470 2380.9
1185480 2375.9
1185490 2371.5
1185500 2371.5
1185510 2367.7
1185520 2364.1
1185530 2364.1
1185540 2360.4
1185550 2356.5
1185560 2356.5
1185570 2352.1
1185580 2347.2
1185590 2347.2
1185600 2342.9
1185610 2339.9
1185620 2339.9
1185630 2336.6
1185640 2331.9
1185650 2331.9
1185660 2327.8
1185670 2324.7
1185680 2324.7
1185690 2320.9
1185700 2317.5
1185710 2317.5
1185720 2314.9
1185730 2312.1
1185740 2312.1
1185750 2309.1
1185760 2309.0
1185770 2306.9
1185780 2306.9
1185790 2303.6
1185800 2301.3
1185810 2301.3
1185820 2299.2
1185830 2297.0
1185840 2297.0
1185850 2294.6
1185860 2293.1
1185870 2293.1
1185880 2291.4
1185890 2289.7
1185900 2289.7
1185910 2288.6
1185920 2286.6
1185930 2286.6
1185940 2285.9
1185950 2285.9
1185960 2285.9
1185970 2285.5
1185980 2284.8
1185990 2284.8
1186000 2284.8
1186010 2284.7
1186020 2285.1
1186030 2285.1
1186040 2284.4
1186050 2283.8
1186060 2283.8
1186070 2283.5
1186080 2283.1
1186090 2283.1
1186100 2282.7
1186110 2281.7
1186120 2281.7
1186130 2279.8
1186140 2277.5
1186150 2277.5
1186160 2275.7
1186170 2275.4
1186180 2275.4
1186190 2279.4
1186200 2280.3
1186210 2280.3
1186220 2279.6
1186230 2279.7
1186240 2279.7
1186250 2279.5
1186260 2278.9
1186270 2278.9
1186280 2278.0
1186290 2278.2
1186300 2279.9
1186310 2279.9
1186320 2282.9
1186330 2286.4
1186340 2286.4
1186350 2289.5
1186360 2292.0
1186370 2292.0
1186380 2294.5
1186390 2297.1
1186400 2297.1
1186410 2299.2
1186420 2300.6
1186430 2300.6
1186440 2302.5
1186450 2304.2
1186460 2304.2
1186470 2307.4
1186480 2310.6
1186490 2310.6
1186500 2313.2
1186510 2315.0
1186520 2315.0
1186530 2316.8
1186540 2318.7
1186550 2319.9
1186560 2319.9
1186570 2320.3
1186580 2320.9
1186590 2320.9
1186600 2321.8
1186610 2329.6
1186620 2329.6
1186630 2330.3
1186640 2331.0
1186650 2331.0
1186660 2330.9
1186670 2330.1
1186680 2330.1
1186690 2328.8
1186700 2327.0
1186710 2327.0
1186720 2325.9
1186730 2325.9
1186740 2325.9
1186750 2325.2
1186760 2323.3
1186770 2323.3
1186780 2322.6
1186790 2322.8
1186800 2322.8
1186810 2322.6
1186820 2321.0
1186830 2319.1
1186840 2319.1
1186850 2317.7
1186860 2316.4
1186870 2316.4
1186880 2315.3
1186890 2315.3
1186900 2315.3
1186910 2316.0
1186920 2317.3
1186930 2317.3
1186940 2318.4
1186950 2319.0
1186960 2319.0
1186970 2319.2
1186980 2317.3
1186990 2317.3
1187000 2315.2
1187010 2314.7
1187020 2314.7
1187030 2316.4
1187040 2330.1
1187050 2330.1
1187060 2332.9
1187070 2334.6
1187080 2334.5
1187090 2334.5
1187100 2335.3
1187110 2336.8
1187120 2336.8
1187130 2339.9
1187140 2343.7
1187150 2343.7
1187160 2347.7
1187170 2351.5
1187180 2351.5
1187190 2352.9
1187200 2349.6
1187210 2349.6
1187220 2345.6
1187230 2345.1
1187240 2345.1
1187250 2344.2
1187260 2342.1
1187270 2342.1
1187280 2342.6
1187290 2343.3
1187300 2343.3
1187310 2341.3
1187320 2339.5
1187330 2339.5
1187340 2340.9
1187350 2344.6
1187360 2348.5
1187370 2348.5
1187380 2344.7
1187390 2338.3
1187400 2338.3
1187410 2332.6
1187420 2327.5
1187430 2327.5
1187440 2323.1
1187450 2318.5
1187460 2318.5
1187470 2309.7
1187480 2301.3
1187490 2301.3
1187500 2294.9
1187510 2290.5
1187520 2290.5
1187530 2286.1
1187540 2281.5
1187550 2281.5
1187560 2276.9
1187570 2272.1
1187580 2272.1
1187590 2267.0
1187600 2263.2
1187610 2258.1
1187620 2258.1
1187630 2250.2
1187640 2242.9
1187650 2242.9
1187660 2237.5
1187670 2232.6
1187680 2232.6
1187690 2224.8
1187700 2215.5
1187710 2215.5
1187720 2209.0
1187730 2202.6
1187740 2202.6
1187750 2196.1
1187760 2191.0
1187770 2191.0
1187780 2186.7
1187790 2180.7
1187800 2180.7
1187810 2171.9
1187820 2167.9
1187830 2167.9
1187840 2163.7
1187850 2158.5
1187860 2153.4
1187870 2153.4
1187880 2148.4
1187890 2145.2
1187900 2139.9
1187910 2136.6
1187920 2133.9
1187930 2133.9
1187940 2131.5
1187950 2130.4
1187960 2130.4
1187970 2128.0
1187980 2124.0
1187990 2124.0
1188000 2120.5
1188010 2119.3
1188020 2119.3
1188030 2118.7
1188040 2114.8
1188050 2114.8
1188060 2111.7
1188070 2109.6
1188080 2109.6
1188090 2105.9
1188100 2102.6
1188110 2102.6
1188120 2101.5
1188130 2098.8
1188140 2096.7
1188150 2096.7
1188160 2093.6
1188170 2089.8
1188180 2089.8
1188190 2086.7
1188200 2084.1
1188210 2084.1
1188220 2080.9
1188230 2076.5
1188240 2076.5
1188250 2072.1
1188260 2065.6
1188270 2065.6
1188280 2060.2
1188290 2057.7
1188300 2057.7
1188310 2055.3
1188320 2051.8
1188330 2047.3
1188340 2043.5
1188350 2040.2
1188360 2040.2
1188370 2038.2
1188380 2035.7
1188390 2035.2
1188400 2035.2
1188410 2033.6
1188420 2030.9
1188430 2030.9
1188440 2028.6
1188450 2026.2
1188460 2026.2
1188470 2025.5
1188480 2023.6
1188490 2023.6
1188500 2021.8
1188510 2020.0
1188520 2020.0
1188530 2020.3
1188540 2018.8
1188550 2018.8
1188560 2017.2
1188570 2015.4
1188580 2015.4
1188590 2013.5
1188600 2011.2
1188610 2011.2
1188620 2008.9
1188630 2006.9
1188640 2006.9
1188650 2004.6
1188660 2002.3
1188670 1999.5
1188680 1999.5
1188690 1996.6
1188700 1993.6
1188710 1993.6
1188720 1990.5
1188730 1983.7
1188740 1983.7
1188750 1980.0
1188760 1968.3
1188770 1968.3
1188780 1960.7
1188790 1953.6
1188800 1953.6
1188810 1947.0
1188820 1941.0
1188830 1941.0
1188840 1935.0
1188850 1928.7
1188860 1928.7
1188870 1922.5
1188880 1917.0
1188890 1917.0
1188900 1911.3
1188910 1905.4
1188920 1899.0
1188930 1899.0
1188940 1892.7
1188950 1887.2
1188960 1887.2
1188970 1881.7
1188980 1877.0
1188990 1877.0
1189000 1871.0
1189010 1865.2
1189020 1865.2
1189030 1859.0
1189040 1852.6
1189050 1852.6
1189060 1846.6
1189070 1840.5
1189080 1840.5
1189090 1834.6
1189100 1828.9
1189110 1828.9
1189120 1822.8
1189130 1816.9
1189140 1816.9
1189150 1811.5
1189160 1805.8
1189170 1805.8
1189180 1800.2
1189190 1795.1
1189200 1789.4
1189210 1789.4
1189220 1783.6
1189230 1778.3
1189240 1778.3
1189250 1772.9
1189260 1768.0
1189270 1768.0
1189280 1763.2
1189290 1757.1
1189300 1757.1
1189310 1749.1
1189320 1742.1
1189330 1742.1
1189340 1734.7
1189350 1727.4
1189360 1727.4
1189370 1721.1
1189380 1713.7
1189390 1713.7
1189400 1705.6
1189410 1697.1
1189420 1697.1
1189430 1690.3
1189440 1684.5
1189450 1680.1
1189460 1680.1
1189470 1674.7
1189480 1669.4
1189490 1669.4
1189500 1662.8
1189510 1659.6
1189520 1659.6
1189530 1655.0
1189540 1650.2
1189550 1650.2
1189560 1645.6
1189570 1641.5
1189580 1641.5
1189590 1637.5
1189600 1633.4
1189610 1633.4
1189620 1629.2
1189630 1625.2
1189640 1625.2
1189650 1621.6
1189660 1618.7
1189670 1618.7
1189680 1615.7
1189690 1612.2
1189700 1612.2
1189710 1608.6
1189720 1605.6
1189730 1602.9
1189740 1602.9
1189750 1600.4
1189760 1598.3
1189770 1598.3
1189780 1596.5
1189790 1594.9
1189800 1594.9
1189810 1593.7
1189820 1591.5
1189830 1591.5
1189840 1589.4
1189850 1588.1
1189860 1588.1
1189870 1585.5
1189880 1581.9
1189890 1581.9
1189900 1577.1
1189910 1571.3
1189920 1571.3
1189930 1565.7
1189940 1563.6
1189950 1563.6
1189960 1564.0
1189970 1564.6
1189980 1566.8
1189990 1566.8
1190000 1571.1
1190010 1572.4
1190020 1572.4
1190030 1572.2
1190040 1571.6
1190050 1569.9
1190060 1569.6
1190070 1569.6
1190080 1569.6
1190090 1569.3
1190100 1569.0
1190110 1569.0
1190120 1568.7
1190130 1568.1
1190140 1568.1
1190150 1568.5
1190160 1568.8
1190170 1568.8
1190180 1568.8
1190190 1568.6
1190200 1568.6
1190210 1567.7
1190220 1566.6
1190230 1566.6
1190240 1566.8
1190250 1568.1
1190260 1569.8
1190270 1569.8
1190280 1572.4
1190290 1575.3
1190300 1575.3
1190310 1577.5
1190320 1579.1
1190330 1579.1
1190340 1580.2
1190350 1582.0
1190360 1582.0
1190370 1584.8
1190380 1588.3
1190390 1588.3
1190400 1591.9
1190410 1596.1
1190420 1596.1
1190430 1600.7
1190440 1605.5
1190450 1605.5
1190460 1610.6
1190470 1615.7
1190480 1611.6
1190490 1616.8
1190500 1622.8
1190510 1628.2
1190520 1628.2
1190530 1633.4
1190540 1638.8
1190550 1638.8
1190560 1643.9
1190570 1649.7
1190580 1649.7
1190590 1654.4
1190600 1657.4
1190610 1657.4
1190620 1659.7
1190630 1661.7
1190640 1661.7
1190650 1663.5
1190660 1664.4
1190670 1664.4
1190680 1663.6
1190690 1659.4
1190700 1659.4
1190710 1655.1
1190720 1652.8
1190730 1652.8
1190740 1653.4
1190750 1652.5
1190760 1651.0
1190770 1651.0
1190780 1648.8
1190790 1646.3
1190800 1646.3
1190810 1643.6
1190820 1640.2
1190830 1640.2
1190840 1636.9
1190850 1633.7
1190860 1633.7
1190870 1630.3
1190880 1626.6
1190890 1626.6
1190900 1623.8
1190910 1616.9
1190920 1616.9
1190930 1612.7
1190940 1607.9
1190950 1607.9
1190960 1601.7
1190970 1594.6
1190980 1594.6
1190990 1587.1
1191000 1579.9
1191010 1579.9
1191020 1573.7
1191030 1567.8
1191040 1563.2
1191050 1563.2
1191060 1558.6
1191070 1553.8
1191080 1553.8
1191090 1549.1
1191100 1545.0
1191110 1545.0
1191120 1540.5
1191130 1537.0
1191140 1537.0
1191150 1533.1
1191160 1530.4
1191170 1530.4
1191180 1526.6
1191190 1519.5
1191200 1519.5
1191210 1511.6
1191220 1506.2
1191230 1506.2
1191240 1503.9
1191250 1502.5
1191260 1502.5
1191270 1502.0
1191280 1501.2
1191290 1499.2
1191300 1499.2
1191310 1497.1
1191320 1495.4
1191330 1495.4
1191340 1493.8
1191350 1486.9
1191360 1486.9
1191370 1486.9
1191380 1487.5
1191390 1487.5
1191400 1486.0
1191410 1482.1
1191420 1482.1
1191430 1478.5
1191440 1475.7
1191450 1475.7
1191460 1473.3
1191470 1470.0
1191480 1470.0
1191490 1466.7
1191500 1463.8
1191510 1463.8
1191520 1461.5
1191530 1458.9
1191540 1458.9
1191550 1456.4
1191560 1454.0
1191570 1451.4
1191580 1451.4
1191590 1448.6
1191600 1447.1
1191610 1447.1
1191620 1444.9
1191630 1441.8
1191640 1441.8
1191650 1438.5
1191660 1435.2
1191670 1435.2
1191680 1431.8
1191690 1429.7
1191700 1429.7
1191710 1428.3
1191720 1427.2
1191730 1427.2
1191740 1423.2
1191750 1417.7
1191760 1417.7
1191770 1415.1
1191780 1411.0
1191790 1411.0
1191800 1410.9
1191810 1408.4
1191820 1406.2
1191830 1406.2
1191840 1403.7
1191850 1400.7
1191860 1400.7
1191870 1398.0
1191880 1396.1
1191890 1396.1
1191900 1395.8
1191910 1395.7
1191920 1395.7
1191930 1391.6
1191940 1386.1
1191950 1386.1
1191960 1379.9
1191970 1373.5
1191980 1373.5
1191990 1366.8
1192000 1360.2
1192010 1360.2
1192020 1354.6
1192030 1350.1
1192040 1350.1
1192050 1347.1
1192060 1344.8
1192070 1344.8
1192080 1342.3
1192090 1340.1
1192100 1338.6
1192110 1338.6
1192120 1336.8
1192130 1335.0
1192140 1335.0
1192150 1333.3
1192160 1335.0
1192170 1335.0
1192180 1339.3
1192190 1342.1
1192200 1342.1
1192210 1344.9
1192220 1341.0
1192230 1341.0
1192240 1341.4
1192250 1339.6
1192260 1339.6
1192270 1337.6
1192280 1336.1
1192290 1336.1
1192300 1334.4
1192310 1332.7
1192320 1332.7
1192330 1331.2
1192340 1329.7
1192350 1328.1
1192360 1328.1
1192370 1326.2
1192380 1324.4
1192390 1324.4
1192400 1322.8
1192410 1321.0
1192420 1321.0
1192430 1319.3
1192440 1317.1
1192450 1317.1
1192460 1315.6
1192470 1314.4
1192480 1314.4
1192490 1313.5
1192500 1312.4
1192510 1312.4
1192520 1311.3
1192530 1310.1
1192540 1310.1
1192550 1308.2
1192560 1305.8
1192570 1305.8
1192580 1303.1
1192590 1300.2
1192600 1297.6
1192610 1297.6
1192620 1295.0
1192630 1292.6
1192640 1292.6
1192650 1288.5
1192660 1285.9
1192670 1285.9
1192680 1283.5
1192690 1281.4
1192700 1281.4
1192710 1279.7
1192720 1278.0
1192730 1278.0
1192740 1275.9
1192750 1273.4
1192760 1273.4
1192770 1271.2
1192780 1269.3
1192790 1269.3
1192800 1268.9
1192810 1268.5
1192820 1268.5
1192830 1265.4
1192840 1259.7
1192850 1259.7
1192860 1252.7
1192870 1245.3
1192880 1242.0
1192890 1242.0
1192900 1243.7
1192910 1245.2
1192920 1245.2
1192930 1244.7
1192940 1245.1
1192950 1245.1
1192960 1242.5
1192970 1239.0
1192980 1239.0
1192990 1234.9
1193000 1230.2
1193010 1230.2
1193020 1224.1
1193030 1217.7
1193040 1217.7
1193050 1211.4
1193060 1203.6
1193070 1203.6
1193080 1195.3
1193090 1180.7
1193100 1180.7
1193110 1179.3
1193120 1178.5
1193130 1178.7
1193140 1178.7
1193150 1176.0
1193160 1175.4
1193170 1175.4
1193180 1177.6
1193190 1177.0
1193200 1177.0
1193210 1174.8
1193220 1173.5
1193230 1173.5
1193240 1169.4
1193250 1161.5
1193260 1161.5
1193270 1155.8
1193280 1154.1
1193290 1154.1
1193300 1154.7
1193310 1160.1
1193320 1160.1
1193330 1166.5
1193340 1172.0
1193350 1172.0
1193360 1173.2
1193370 1174.3
1193380 1174.3
1193390 1171.3
1193400 1165.2
1193410 1159.3
1193420 1159.3
1193430 1153.3
1193440 1145.9
1193450 1145.9
1193460 1137.8
1193470 1129.8
1193480 1129.8
1193490 1123.6
1193500 1120.6
1193510 1120.6
1193520 1118.7
1193530 1116.2
1193540 1116.2
1193550 1114.0
1193560 1111.9
1193570 1111.9
1193580 1110.0
1193590 1108.1
1193600 1108.1
1193610 1106.4
1193620 1105.0
1193630 1105.0
1193640 1103.7
1193650 1102.2
1193660 1100.8
1193670 1100.8
1193680 1099.4
1193690 1098.0
1193700 1098.0
1193710 1096.8
1193720 1095.7
1193730 1095.7
1193740 1094.5
1193750 1093.3
1193760 1093.3
1193770 1092.1
1193780 1091.3
1193790 1091.3
1193800 1090.7
1193810 1089.8
1193820 1089.8
1193830 1089.2
1193840 1088.2
1193850 1088.2
1193860 1085.4
1193870 1083.0
1193880 1083.0
1193890 1081.0
1193900 1079.2
1193910 1079.2
1193920 1077.9
1193930 1076.5
1193940 1074.9
1193950 1074.9
1193960 1073.5
1193970 1072.5
1193980 1072.5
1193990 1071.4
1194000 1070.0
1194010 1070.0
1194020 1068.5
1194030 1067.0
1194040 1067.0
1194050 1064.9
1194060 1063.6
1194070 1063.6
1194080 1062.4
1194090 1060.9
1194100 1060.9
1194110 1059.7
1194120 1059.0
1194130 1059.0
1194140 1058.7
1194150 1056.7
1194160 1056.7
1194170 1055.1
1194180 1054.0
1194190 1052.9
1194200 1052.9
1194210 1051.8
1194220 1050.5
1194230 1050.5
1194240 1049.3
1194250 1048.1
1194260 1048.1
1194270 1046.8
1194280 1045.5
1194290 1045.5
1194300 1044.3
1194310 1043.3
1194320 1043.3
1194330 1042.5
1194340 1041.8
1194350 1041.8
1194360 1040.8
1194370 1039.8
1194380 1039.8
1194390 1038.4
1194400 1037.0
1194410 1037.0
1194420 1035.9
1194430 1034.9
1194440 1033.8
1194450 1033.8
1194460 1032.7
1194470 1031.6
1194480 1031.6
1194490 1030.5
1194500 1029.5
1194510 1029.5
1194520 1028.5
1194530 1027.4
1194540 1027.4
1194550 1026.2
1194560 1025.1
1194570 1025.1
1194580 1024.1
1194590 1023.1
1194600 1023.1
1194610 1022.2
1194620 1021.4
1194630 1021.4
1194640 1020.4
1194650 1019.4
1194660 1019.4
1194670 1018.5
1194680 1017.6
1194690 1017.6
1194700 1016.5
1194710 1015.5
1194720 1014.5
1194730 1014.5
1194740 1013.5
1194750 1012.6
1194760 1012.6
1194770 1011.4
1194780 1010.4
1194790 1010.4
1194800 1009.4
1194810 1008.5
1194820 1008.5
1194830 1008.4
1194840 1007.2
1194850 1007.2
1194860 1006.5
1194870 1005.4
1194880 1005.4
1194890 1004.9
1194900 1004.4
1194910 1004.4
1194920 1003.7
1194930 1003.0
1194940 1003.0
1194950 1002.1
1194960 1001.2
1194970 1000.2
1194980 1000.2
1194990 999.7
1195000 998.9
1195010 998.9
1195020 997.9
1195030 997.2
1195040 997.2
1195050 996.2
1195060 994.0
1195070 994.0
1195080 992.9
1195090 992.9
1195100 992.9
1195110 992.9
1195120 992.0
1195130 992.0
1195140 991.2
1195150 990.2
1195160 990.2
1195170 989.1
1195180 988.8
1195190 988.8
1195200 987.5
1195210 985.9
1195220 985.9
1195230 983.7
1195240 981.7
1195250 981.0
1195260 981.0
1195270 980.1
1195280 978.0
1195290 978.0
1195300 976.1
1195310 976.5
1195320 976.5
1195330 977.2
1195340 977.3
1195350 977.3
1195360 977.3
1195370 977.1
1195380 977.1
1195390 977.7
1195400 978.9
1195410 978.9
1195420 979.9
1195430 981.0
1195440 981.0
1195450 982.2
1195460 984.2
1195470 984.2
1195480 986.3
1195490 984.5
1195500 981.7
1195510 981.7
1195520 979.8
1195530 978.5
1195540 978.5
1195550 977.9
1195560 976.1
1195570 976.1
1195580 974.4
1195590 972.7
1195600 972.7
1195610 971.2
1195620 969.7
1195630 969.7
1195640 968.4
1195650 967.3
1195660 967.3
1195670 965.5
1195680 962.2
1195690 962.2
1195700 960.2
1195710 957.5
1195720 957.5
1195730 956.4
1195740 955.3
1195750 955.3
1195760 954.4
1195770 953.6
1195780 952.0
1195790 952.0
1195800 949.9
1195810 949.3
1195820 949.3
1195830 948.7
1195840 946.0
1195850 946.0
1195860 943.9
1195870 940.4
1195880 940.4
1195890 933.9
1195900 926.6
1195910 926.6
1195920 921.9
1195930 920.5
1195940 920.5
1195950 919.6
1195960 919.2
1195970 919.2
1195980 919.2
1195990 915.9
1196000 915.9
1196010 913.0
1196020 910.5
1196030 908.0
1196040 908.0
1196050 906.1
1196060 904.5
1196070 904.5
1196080 902.8
1196090 901.1
1196100 901.1
1196110 899.7
1196120 898.8
1196130 898.8
1196140 898.1
1196150 898.0
1196160 899.3
1196170 901.5
1196180 904.5
1196190 904.5
1196200 908.2
1196210 911.3
1196220 911.3
1196230 914.1
1196240 916.3
1196250 916.3
1196260 917.6
1196270 919.1
1196280 921.2
1196290 921.2
1196300 924.0
1196310 927.8
1196320 927.8
1196330 930.1
1196340 930.0
1196350 930.0
1196360 929.0
1196370 926.9
1196380 926.9
1196390 925.7
1196400 923.6
1196410 923.6
1196420 920.1
1196430 916.2
1196440 916.2
1196450 912.9
1196460 909.6
1196470 909.6
1196480 906.2
1196490 903.0
1196500 903.0
1196510 899.0
1196520 895.4
1196530 895.4
1196540 891.8
1196550 888.4
1196560 884.5
1196570 884.5
1196580 881.0
1196590 877.3
1196600 875.4
1196610 870.9
1196620 867.1
1196630 867.1
1196640 862.8
1196650 858.6
1196660 858.6
1196670 854.5
1196680 850.2
1196690 850.2
1196700 844.3
1196710 838.6
1196720 838.6
1196730 833.1
1196740 828.8
1196750 828.8
1196760 824.6
1196770 822.8
1196780 822.8
1196790 820.0
1196800 818.0
1196810 817.0
1196820 817.0
1196830 816.0
1196840 814.0
1196850 814.0
1196860 812.0
1196870 809.8
1196880 809.8
1196890 807.9
1196900 806.3
1196910 806.3
1196920 805.0
1196930 804.0
1196940 804.0
1196950 803.4
1196960 802.8
1196970 802.8
1196980 802.2
1196990 801.5
1197000 801.5
1197010 800.7
1197020 800.1
1197030 800.1
1197040 799.7
1197050 798.9
1197060 798.9
1197070 798.0
1197080 796.9
1197090 795.5
1197100 795.5
1197110 794.1
1197120 792.6
1197130 792.6
1197140 791.1
1197150 789.7
1197160 789.7
1197170 789.1
1197180 789.2
1197190 789.2
1197200 789.5
1197210 790.2
1197220 790.2
1197230 790.7
1197240 791.2
1197250 791.2
1197260 792.7
1197270 793.9
1197280 793.9
1197290 794.3
1197300 794.2
1197310 794.2
1197320 793.8
1197330 793.5
1197340 792.9
1197350 792.9
1197360 792.3
1197370 791.8
1197380 791.8
1197390 791.2
1197400 791.0
1197410 791.0
1197420 791.1
1197430 791.1
1197440 791.1
1197450 790.8
1197460 790.4
1197470 790.4
1197480 789.4
1197490 789.0
1197500 789.0
1197510 788.7
1197520 788.4
1197530 788.4
1197540 787.6
1197550 786.3
1197560 786.3
1197570 785.2
1197580 785.9
1197590 787.4
1197600 787.4
1197610 787.7
1197620 787.8
1197630 787.8
1197640 787.6
1197650 787.4
1197660 787.4
1197670 787.0
1197680 786.0
1197690 786.0
1197700 785.7
1197710 785.6
1197720 785.6
1197730 785.5
1197740 785.5
1197750 785.5
1197760 785.6
1197770 785.6
1197780 785.6
1197790 785.5
1197800 785.5
1197810 785.5
1197820 785.5
1197830 785.5
1197840 785.5
1197850 785.7
1197860 786.6
1197870 786.2
1197880 786.2
1197890 784.8
1197900 784.7
1197910 784.7
1197920 784.3
1197930 783.5
1197940 783.5
1197950 783.5
1197960 783.0
1197970 783.0
1197980 782.0
1197990 781.4
1198000 781.4
1198010 781.5
1198020 781.8
1198030 781.8
1198040 781.6
1198050 781.0
1198060 781.0
1198070 780.3
1198080 779.8
1198090 779.8
1198100 779.4
1198110 779.2
1198120 778.9
1198130 778.9
1198140 778.4
1198150 778.1
1198160 778.1
1198170 777.3
1198180 776.9
1198190 776.9
1198200 777.4
1198210 778.2
1198220 778.2
1198230 779.0
1198240 779.4
1198250 779.4
1198260 779.8
1198270 780.2
1198280 780.2
1198290 780.5
1198300 780.8
1198310 780.8
1198320 781.0
1198330 781.1
1198340 781.1
1198350 781.2
1198360 781.4
1198370 779.2
1198380 778.7
1198390 778.2
1198400 777.8
1198410 777.8
1198420 777.2
1198430 776.6
1198440 776.6
1198450 776.4
1198460 776.3
1198470 776.3
1198480 776.3
1198490 776.4
1198500 776.4
1198510 776.3
1198520 776.5
1198530 776.5
1198540 776.6
1198550 776.6
1198560 776.6
1198570 776.7
1198580 777.0
1198590 777.0
1198600 777.1
1198610 777.0
1198620 777.0
1198630 777.1
1198640 777.3
1198650 777.3
1198660 777.3
1198670 777.2
1198680 776.6
1198690 776.6
1198700 775.4
1198710 774.7
1198720 774.7
1198730 774.6
1198740 774.5
1198750 774.5
1198760 774.7
1198770 774.9
1198780 774.9
1198790 774.9
1198800 774.9
1198810 774.9
1198820 774.8
1198830 774.8
1198840 774.8
1198850 774.1
1198860 773.0
1198870 773.0
1198880 773.9
1198890 776.0
1198900 779.2
1198910 779.2
1198920 783.6
1198930 788.8
1198940 788.8
1198950 792.8
1198960 796.3
1198970 796.3
1198980 800.0
1198990 802.7
1199000 802.7
1199010 807.1
1199020 811.5
1199030 811.5
1199040 815.0
1199050 818.8
1199060 818.8
1199070 821.5
1199080 823.5
1199090 823.5
1199100 826.7
1199110 830.1
1199120 830.1
1199130 834.5
1199140 839.3
1199150 839.3
1199160 843.4
1199170 846.6
1199180 849.1
1199190 849.1
1199200 851.3
1199210 854.5
1199220 854.5
1199230 859.1
1199240 864.8
1199250 864.8
1199260 889.4
1199270 896.2
1199280 896.2
1199290 902.9
1199300 907.5
1199310 907.5
1199320 912.7
1199330 917.1
1199340 917.1
1199350 921.1
1199360 924.1
1199370 924.1
1199380 926.2
1199390 929.5
1199400 929.5
1199410 932.9
1199420 936.3
1199430 939.5
1199440 939.5
1199450 941.3
1199460 940.8
1199470 940.8
1199480 941.6
1199490 942.7
1199500 942.7
1199510 944.2
1199520 946.2
1199530 946.2
1199540 948.8
1199550 949.9
1199560 949.9
1199570 950.6
1199580 952.9
1199590 952.9
1199600 955.8
1199610 959.2
1199620 959.2
1199630 960.2
1199640 962.8
1199650 962.8
1199660 965.6
1199670 969.1
1199680 969.1
1199690 972.3
1199700 975.5
1199710 988.0
1199720 988.0
1199730 994.1
1199740 1000.4
1199750 1000.4
1199760 1004.5
1199770 1006.4
1199780 1006.4
1199790 1008.4
1199800 1011.5
1199810 1011.5
1199820 1014.1
1199830 1017.1
1199840 1017.1
1199850 1021.8
1199860 1028.4
1199870 1028.4
1199880 1037.4
1199890 1045.7
1199900 1045.7
1199910 1054.7
1199920 1061.6
1199930 1061.6
1199940 1066.6
1199950 1069.9
1199960 1071.6
1199970 1071.6
1199980 1073.9
1199990 1078.5
