1180000 1950.9
1180010 1950.9
1180020 1960.2
1180030 1968.7
1180040 1968.7
1180050 1978.0
1180060 1986.5
1180070 1986.5
1180080 1993.3
1180090 2002.2
1180100 2002.2
1180110 2011.3
1180120 2018.1
1180130 2018.1
1180140 2024.6
1180150 2032.2
1180160 2032.2
1180170 2038.8
1180180 2042.7
1180190 2042.7
1180200 2046.6
1180210 2051.2
1180220 2055.8
1180230 2055.8
1180240 2060.6
1180250 2066.7
1180260 2066.7
1180270 2071.4
1180280 2074.4
1180290 2074.4
1180300 2076.4
1180310 2079.6
1180320 2079.6
1180330 2083.1
1180340 2087.1
1180350 2087.1
1180360 2091.9
1180370 2098.1
1180380 2098.1
1180390 2104.3
1180400 2110.4
1180410 2110.4
1180420 2117.3
1180430 2124.1
1180440 2124.1
1180450 2129.0
1180460 2134.1
1180470 2134.1
1180480 2139.3
1180490 2144.7
1180500 2150.6
1180510 2150.6
1180520 2156.6
1180530 2162.5
1180540 2162.5
1180550 2167.3
1180560 2171.9
1180570 2171.9
1180580 2175.9
1180590 2179.6
1180600 2179.6
1180610 2182.8
1180620 2185.5
1180630 2185.5
1180640 2197.3
1180650 2201.2
1180660 2201.2
1180670 2204.9
1180680 2212.2
1180690 2212.2
1180700 2222.0
1180710 2223.3
1180720 2223.3
1180730 2221.5
1180740 2225.4
1180750 2231.2
1180760 2231.2
1180770 2231.7
1180780 2232.2
1180790 2232.2
1180800 2233.5
1180810 2237.0
1180820 2237.0
1180830 2240.9
1180840 2246.0
1180850 2246.0
1180860 2249.8
1180870 2250.7
1180880 2250.7
1180890 2251.0
1180900 2252.1
1180910 2252.1
1180920 2256.3
1180930 2264.2
1180940 2264.2
1180950 2274.4
1180960 2284.2
1180970 2284.2
1180980 2292.8
1180990 2298.6
1181000 2298.6
1181010 2300.3
1181020 2303.8
1181030 2308.7
1181040 2308.7
1181050 2315.9
1181060 2326.9
1181070 2326.9
1181080 2336.8
1181090 2346.4
1181100 2346.4
1181110 2357.3
1181120 2369.7
1181130 2369.7
1181140 2377.5
1181150 2384.4
1181160 2384.4
1181170 2391.1
1181180 2397.6
1181190 2397.6
1181200 2404.6
1181210 2411.5
1181220 2411.5
1181230 2419.4
1181240 2427.6
1181250 2427.6
1181260 2434.8
1181270 2440.8
1181280 2446.5
1181290 2446.5
1181300 2452.0
1181310 2456.1
1181320 2456.1
1181330 2454.1
1181340 2447.5
1181350 2447.5
1181360 2440.6
1181370 2433.7
1181380 2433.7
1181390 2426.9
1181400 2420.0
1181410 2420.0
1181420 2412.9
1181430 2405.6
1181440 2405.6
1181450 2397.4
1181460 2389.2
1181470 2389.2
1181480 2377.3
1181490 2371.3
1181500 2371.3
1181510 2364.9
1181520 2357.0
1181530 2357.0
1181540 2350.5
1181550 2345.2
1181560 2339.8
1181570 2339.8
1181580 2334.5
1181590 2329.3
1181600 2329.3
1181610 2323.2
1181620 2317.2
1181630 2317.2
1181640 2312.4
1181650 2308.4
1181660 2308.4
1181670 2304.9
1181680 2300.9
1181690 2300.9
1181700 2296.3
1181710 2292.0
1181720 2292.0
1181730 2286.9
1181740 2279.0
1181750 2279.0
1181760 2273.4
1181770 2269.4
1181780 2269.4
1181790 2266.8
1181800 2264.0
1181810 2261.1
1181820 2261.1
1181830 2258.7
1181840 2256.7
1181850 2256.7
1181860 2255.2
1181870 2253.6
1181880 2253.6
1181890 2252.3
1181900 2246.6
1181910 2246.6
1181920 2245.7
1181930 2243.0
1181940 2243.0
1181950 2239.9
1181960 2237.7
1181970 2237.7
1181980 2235.2
1181990 2231.8
1182000 2231.8
1182010 2229.1
1182020 2227.5
1182030 2227.5
1182040 2226.3
1182050 2224.7
1182060 2224.7
1182070 2222.1
1182080 2218.6
1182090 2213.8
1182100 2213.8
1182110 2209.4
1182120 2206.2
1182130 2206.2
1182140 2202.2
1182150 2196.3
1182160 2196.3
1182170 2188.7
1182180 2182.0
1182190 2182.0
1182200 2176.9
1182210 2172.1
1182220 2172.1
1182230 2167.3
1182240 2162.6
1182250 2162.6
1182260 2157.5
1182270 2152.5
1182280 2152.5
1182290 2147.7
1182300 2142.9
1182310 2142.9
1182320 2140.4
1182330 2135.4
1182340 2131.7
1182350 2131.7
1182360 2129.2
1182370 2125.8
1182380 2125.8
1182390 2122.5
1182400 2118.1
1182410 2118.1
1182420 2113.4
1182430 2109.7
1182440 2109.7
1182450 2106.4
1182460 2103.2
1182470 2103.2
1182480 2100.6
1182490 2097.7
1182500 2097.7
1182510 2095.3
1182520 2092.9
1182530 2092.9
1182540 2091.1
1182550 2088.9
1182560 2088.9
1182570 2087.7
1182580 2086.1
1182590 2086.1
1182600 2083.6
1182610 2081.7
1182620 2079.2
1182630 2079.2
1182640 2075.8
1182650 2072.5
1182660 2072.5
1182670 2069.6
1182680 2066.4
1182690 2066.4
1182700 2063.5
1182710 2061.4
1182720 2061.4
1182730 2059.6
1182740 2058.1
1182750 2058.1
1182760 2055.3
1182770 2053.4
1182780 2053.4
1182790 2052.5
1182800 2050.4
1182810 2050.4
1182820 2048.6
1182830 2046.6
1182840 2046.6
1182850 2043.4
1182860 2039.4
1182870 2035.5
1182880 2035.5
1182890 2032.4
1182900 2030.0
1182910 2030.0
1182920 2027.6
1182930 2024.8
1182940 2024.8
1182950 2021.9
1182960 2018.9
1182970 2018.9
1182980 2015.1
1182990 2010.3
1183000 2010.3
1183010 2005.6
1183020 2000.6
1183030 2000.6
1183040 1995.9
1183050 1993.5
1183060 1993.5
1183070 1991.1
1183080 1987.7
1183090 1987.7
1183100 1985.4
1183110 1983.6
1183120 1983.6
1183130 1983.1
1183140 1983.3
1183150 1985.5
1183160 1985.5
1183170 1994.2
1183180 1996.4
1183190 1996.4
1183200 1998.7
1183210 1999.6
1183220 1999.6
1183230 2001.5
1183240 2004.3
1183250 2004.3
1183260 2006.9
1183270 2008.1
1183280 2008.1
1183290 2009.7
1183300 2017.7
1183310 2017.7
1183320 2023.9
1183330 2023.7
1183340 2023.7
1183350 2025.4
1183360 2030.5
1183370 2030.5
1183380 2038.4
1183390 2045.0
1183400 2047.3
1183410 2047.3
1183420 2045.7
1183430 2043.8
1183440 2043.8
1183450 2052.1
1183460 2068.2
1183470 2068.2
1183480 2075.1
1183490 2074.2
1183500 2074.2
1183510 2069.2
1183520 2065.8
1183530 2065.8
1183540 2067.2
1183550 2068.3
1183560 2068.3
1183570 2067.6
1183580 2066.8
1183590 2074.7
1183600 2072.3
1183610 2070.5
1183620 2070.5
1183630 2069.7
1183640 2069.4
1183650 2069.4
1183660 2069.6
1183670 2065.4
1183680 2065.3
1183690 2065.3
1183700 2068.5
1183710 2069.5
1183720 2069.5
1183730 2070.3
1183740 2070.0
1183750 2070.0
1183760 2075.6
1183770 2084.0
1183780 2084.0
1183790 2086.7
1183800 2088.6
1183810 2088.6
1183820 2088.9
1183830 2092.1
1183840 2092.1
1183850 2096.8
1183860 2101.4
1183870 2101.4
1183880 2105.2
1183890 2108.3
1183900 2108.3
1183910 2111.5
1183920 2113.4
1183930 2116.0
1183940 2116.0
1183950 2119.2
1183960 2123.0
1183970 2123.0
1183980 2129.2
1183990 2135.0
1184000 2135.0
1184010 2140.7
1184020 2146.1
1184030 2146.1
1184040 2151.9
1184050 2158.9
1184060 2158.9
1184070 2164.8
1184080 2172.0
1184090 2172.0
1184100 2180.7
1184110 2187.4
1184120 2187.4
1184130 2194.2
1184140 2203.3
1184150 2203.3
1184160 2212.4
1184170 2222.6
1184180 2222.6
1184190 2232.3
1184200 2242.1
1184210 2252.2
1184220 2252.2
1184230 2265.6
1184240 2276.3
1184250 2276.3
1184260 2284.3
1184270 2294.6
1184280 2294.6
1184290 2304.3
1184300 2310.7
1184310 2310.7
1184320 2315.8
1184330 2320.2
1184340 2320.2
1184350 2326.1
1184360 2331.8
1184370 2331.8
1184380 2336.4
1184390 2341.2
1184400 2341.2
1184410 2347.8
1184420 2356.2
1184430 2356.2
1184440 2362.3
1184450 2370.3
1184460 2379.9
1184470 2379.9
1184480 2401.2
1184490 2404.1
1184500 2404.1
1184510 2404.8
1184520 2406.7
1184530 2406.7
1184540 2412.2
1184550 2423.5
1184560 2423.5
1184570 2436.1
1184580 2441.7
1184590 2441.7
1184600 2444.5
1184610 2449.5
1184620 2449.5
1184630 2456.7
1184640 2465.2
1184650 2465.2
1184660 2470.7
1184670 2476.3
1184680 2476.3
1184690 2483.8
1184700 2491.5
1184710 2491.5
1184720 2498.9
1184730 2506.6
1184740 2514.5
1184750 2514.5
1184760 2522.7
1184770 2531.7
1184780 2531.7
1184790 2540.6
1184800 2551.0
1184810 2551.0
1184820 2557.7
1184830 2563.8
1184840 2563.8
1184850 2572.8
1184860 2580.3
1184870 2580.3
1184880 2587.5
1184890 2595.7
1184900 2595.7
1184910 2601.2
1184920 2606.9
1184930 2606.9
1184940 2612.7
1184950 2618.2
1184960 2618.2
1184970 2620.6
1184980 2611.5
1184990 2601.4
1185000 2601.4
1185010 2591.8
1185020 2582.6
1185030 2582.6
1185040 2574.0
1185050 2566.2
1185060 2566.2
1185070 2559.4
1185080 2552.1
1185090 2552.1
1185100 2544.9
1185110 2539.4
1185120 2539.4
1185130 2532.6
1185140 2525.9
1185150 2525.9
1185160 2521.1
1185170 2517.1
1185180 2517.1
1185190 2510.1
1185200 2500.1
1185210 2500.1
1185220 2493.7
1185230 2489.4
1185240 2489.4
1185250 2484.5
1185260 2479.7
1185270 2475.1
1185280 2471.5
1185290 2466.6
1185300 2461.4
1185310 2461.4
1185320 2456.0
1185330 2450.9
1185340 2450.9
1185350 2446.3
1185360 2441.6
1185370 2441.6
1185380 2437.1
1185390 2432.4
1185400 2432.4
1185410 2425.1
1185420 2418.2
1185430 2418.2
1185440 2414.2
1185450 2410.8
1185460 2410.8
1185470 2406.7
1185480 2403.1
1185490 2403.1
1185500 2400.1
1185510 2397.2
1185520 2394.7
1185530 2394.7
1185540 2393.3
1185550 2392.0
1185560 2392.0
1185570 2389.5
1185580 2387.5
1185590 2387.5
1185600 2384.4
1185610 2378.7
1185620 2378.7
1185630 2369.6
1185640 2357.0
1185650 2357.0
1185660 2349.7
1185670 2345.0
1185680 2345.0
1185690 2340.4
1185700 2335.0
1185710 2345.9
1185720 2338.0
1185730 2330.9
1185740 2330.9
1185750 2326.0
1185760 2321.9
1185770 2321.9
1185780 2316.9
1185790 2312.0
1185800 2307.6
1185810 2307.6
1185820 2304.1
1185830 2300.7
1185840 2300.7
1185850 2297.3
1185860 2293.7
1185870 2293.7
1185880 2290.2
1185890 2286.1
1185900 2286.1
1185910 2282.2
1185920 2278.2
1185930 2278.2
1185940 2274.7
1185950 2271.5
1185960 2271.5
1185970 2269.2
1185980 2266.9
1185990 2266.9
1186000 2264.4
1186010 2261.6
1186020 2261.6
1186030 2259.0
1186040 2256.4
1186050 2253.4
1186060 2253.4
1186070 2250.4
1186080 2247.7
1186090 2247.7
1186100 2245.7
1186110 2244.0
1186120 2244.0
1186130 2242.7
1186140 2238.3
1186150 2238.3
1186160 2236.4
1186170 2235.1
1186180 2235.1
1186190 2234.3
1186200 2233.0
1186210 2233.0
1186220 2231.7
1186230 2229.9
1186240 2229.9
1186250 2228.0
1186260 2226.4
1186270 2226.4
1186280 2224.0
1186290 2222.5
1186300 2222.5
1186310 2221.0
1186320 2223.3
1186330 2226.3
1186340 2226.3
1186350 2226.5
1186360 2225.4
1186370 2225.4
1186380 2223.4
1186390 2219.9
1186400 2219.9
1186410 2217.8
1186420 2215.5
1186430 2215.5
1186440 2211.4
1186450 2206.8
1186460 2206.8
1186470 2201.7
1186480 2196.8
1186490 2196.8
1186500 2192.6
1186510 2189.0
1186520 2189.0
1186530 2186.1
1186540 2183.6
1186550 2183.6
1186560 2175.5
1186570 2172.2
1186580 2168.0
1186590 2168.0
1186600 2164.0
1186610 2159.7
1186620 2159.7
1186630 2155.5
1186640 2150.8
1186650 2150.8
1186660 2145.1
1186670 2139.5
1186680 2139.5
1186690 2134.0
1186700 2128.0
1186710 2128.0
1186720 2122.7
1186730 2118.4
1186740 2118.4
1186750 2114.5
1186760 2111.1
1186770 2111.1
1186780 2108.1
1186790 2106.8
1186800 2106.8
1186810 2104.3
1186820 2102.0
1186830 2102.0
1186840 2099.3
1186850 2096.9
1186860 2094.8
1186870 2094.8
1186880 2093.0
1186890 2091.4
1186900 2091.4
1186910 2089.9
1186920 2089.2
1186930 2089.2
1186940 2089.6
1186950 2089.8
1186960 2089.8
1186970 2089.0
1186980 2088.3
1186990 2086.4
1187000 2086.3
1187010 2086.4
1187020 2086.4
1187030 2086.3
1187040 2086.7
1187050 2086.7
1187060 2086.7
1187070 2086.2
1187080 2086.2
1187090 2085.4
1187100 2085.2
1187110 2084.9
1187120 2084.9
1187130 2083.6
1187140 2082.0
1187150 2082.0
1187160 2080.3
1187170 2078.6
1187180 2078.6
1187190 2076.3
1187200 2074.5
1187210 2074.5
1187220 2072.7
1187230 2070.6
1187240 2070.6
1187250 2068.1
1187260 2064.6
1187270 2064.6
1187280 2059.8
1187290 2055.5
1187300 2055.5
1187310 2052.9
1187320 2050.8
1187330 2050.8
1187340 2049.2
1187350 2048.5
1187360 2048.5
1187370 2047.2
1187380 2043.5
1187390 2037.8
1187400 2037.8
1187410 2031.5
1187420 2027.9
1187430 2027.9
1187440 2022.1
1187450 2017.3
1187460 2017.3
1187470 2013.1
1187480 2009.2
1187490 2009.2
1187500 2003.6
1187510 1998.4
1187520 1998.4
1187530 1995.1
1187540 1992.3
1187550 1992.3
1187560 1991.0
1187570 1990.0
1187580 1990.0
1187590 1988.2
1187600 1985.9
1187610 1985.9
1187620 1982.3
1187630 1978.5
1187640 1973.2
1187650 1973.2
1187660 1967.5
1187670 1962.4
1187680 1962.4
1187690 1956.7
1187700 1952.0
1187710 1952.0
1187720 1938.4
1187730 1928.6
1187740 1928.6
1187750 1925.5
1187760 1922.1
1187770 1922.1
1187780 1918.3
1187790 1915.9
1187800 1915.9
1187810 1913.5
1187820 1912.6
1187830 1912.6
1187840 1909.9
1187850 1910.7
1187860 1910.7
1187870 1907.8
1187880 1904.4
1187890 1904.4
1187900 1900.4
1187910 1895.8
1187920 1891.7
1187930 1891.7
1187940 1887.2
1187950 1882.5
1187960 1882.5
1187970 1877.2
1187980 1871.1
1187990 1871.1
1188000 1865.9
1188010 1861.2
1188020 1861.2
1188030 1857.2
1188040 1854.3
1188050 1854.3
1188060 1851.2
1188070 1848.2
1188080 1848.2
1188090 1845.9
1188100 1843.2
1188110 1843.2
1188120 1840.1
1188130 1837.4
1188140 1837.4
1188150 1834.4
1188160 1831.0
1188170 1827.1
1188180 1827.1
1188190 1823.2
1188200 1820.0
1188210 1820.0
1188220 1816.3
1188230 1812.4
1188240 1812.4
1188250 1809.7
1188260 1807.3
1188270 1807.3
1188280 1804.9
1188290 1802.1
1188300 1802.1
1188310 1799.4
1188320 1796.7
1188330 1796.7
1188340 1794.2
1188350 1790.1
1188360 1790.1
1188370 1787.4
1188380 1785.0
1188390 1785.0
1188400 1781.2
1188410 1778.8
1188420 1778.8
1188430 1776.3
1188440 1773.5
1188450 1771.0
1188460 1771.0
1188470 1768.2
1188480 1765.3
1188490 1765.3
1188500 1762.7
1188510 1760.3
1188520 1760.3
1188530 1757.9
1188540 1755.4
1188550 1755.4
1188560 1753.3
1188570 1751.0
1188580 1751.0
1188590 1748.2
1188600 1744.8
1188610 1744.8
1188620 1741.5
1188630 1738.7
1188640 1738.7
1188650 1735.9
1188660 1733.3
1188670 1733.3
1188680 1730.6
1188690 1727.7
1188700 1724.8
1188710 1725.3
1188720 1722.1
1188730 1719.4
1188740 1719.4
1188750 1717.8
1188760 1714.9
1188770 1714.9
1188780 1711.9
1188790 1709.4
1188800 1709.4
1188810 1707.0
1188820 1704.7
1188830 1704.7
1188840 1701.2
1188850 1698.5
1188860 1698.5
1188870 1696.5
1188880 1696.1
1188890 1696.1
1188900 1695.1
1188910 1694.3
1188920 1694.3
1188930 1694.0
1188940 1695.3
1188950 1695.3
1188960 1694.2
1188970 1691.6
1188980 1690.2
1188990 1690.2
1189000 1691.2
1189010 1692.8
1189020 1692.8
1189030 1694.5
1189040 1697.8
1189050 1697.8
1189060 1701.9
1189070 1704.2
1189080 1704.2
1189090 1705.5
1189100 1707.1
1189110 1707.1
1189120 1709.0
1189130 1710.0
1189140 1704.3
1189150 1705.6
1189160 1706.8
1189170 1706.8
1189180 1708.5
1189190 1707.6
1189200 1707.6
1189210 1706.3
1189220 1702.5
1189230 1703.2
1189240 1703.2
1189250 1707.5
1189260 1712.4
1189270 1712.4
1189280 1718.2
1189290 1724.7
1189300 1724.7
1189310 1727.2
1189320 1728.5
1189330 1728.5
1189340 1730.5
1189350 1731.0
1189360 1731.0
1189370 1731.7
1189380 1733.6
1189390 1733.6
1189400 1734.6
1189410 1736.1
1189420 1736.1
1189430 1737.9
1189440 1738.8
1189450 1738.8
1189460 1736.8
1189470 1732.5
1189480 1732.5
1189490 1729.4
1189500 1727.3
1189510 1726.4
1189520 1726.4
1189530 1724.2
1189540 1726.7
1189550 1726.7
1189560 1730.4
1189570 1728.0
1189580 1728.0
1189590 1728.1
1189600 1728.0
1189610 1728.0
1189620 1729.7
1189630 1733.4
1189640 1733.4
1189650 1736.8
1189660 1739.7
1189670 1739.7
1189680 1743.5
1189690 1748.9
1189700 1748.9
1189710 1753.4
1189720 1753.2
1189730 1753.2
1189740 1751.6
1189750 1750.0
1189760 1750.0
1189770 1750.0
1189780 1751.4
1189790 1751.2
1189800 1751.2
1189810 1752.5
1189820 1754.8
1189830 1754.8
1189840 1757.1
1189850 1757.2
1189860 1757.2
1189870 1757.0
1189880 1763.2
1189890 1763.2
1189900 1768.2
1189910 1773.1
1189920 1773.1
1189930 1777.2
1189940 1781.1
1189950 1781.1
1189960 1782.5
1189970 1784.5
1189980 1784.5
1189990 1787.4
1190000 1786.5
1190010 1786.5
1190020 1791.5
1190030 1796.1
1190040 1799.8
1190050 1799.8
1190060 1802.9
1190070 1805.0
1190080 1805.0
1190090 1807.9
1190100 1811.8
1190110 1811.8
1190120 1815.7
1190130 1820.0
1190140 1820.0
1190150 1824.3
1190160 1828.5
1190170 1828.5
1190180 1833.8
1190190 1838.7
1190200 1838.7
1190210 1844.1
1190220 1849.7
1190230 1849.7
1190240 1854.4
1190250 1858.7
1190260 1858.7
1190270 1862.7
1190280 1867.5
1190290 1871.6
1190300 1871.6
1190310 1875.7
1190320 1881.6
1190330 1881.6
1190340 1885.5
1190350 1889.1
1190360 1889.1
1190370 1893.3
1190380 1899.1
1190390 1899.1
1190400 1906.6
1190410 1914.1
1190420 1914.1
1190430 1914.6
1190440 1918.7
1190450 1918.7
1190460 1921.3
1190470 1922.7
1190480 1922.7
1190490 1921.4
1190500 1921.5
1190510 1921.5
1190520 1922.8
1190530 1925.0
1190540 1925.0
1190550 1928.8
1190560 1932.9
1190570 1936.3
1190580 1936.3
1190590 1939.8
1190600 1941.1
1190610 1941.1
1190620 1942.4
1190630 1943.7
1190640 1943.7
1190650 1943.9
1190660 1943.2
1190670 1943.2
1190680 1942.8
1190690 1942.8
1190700 1942.8
1190710 1939.9
1190720 1935.6
1190730 1935.6
1190740 1932.5
1190750 1927.7
1190760 1927.7
1190770 1926.0
1190780 1921.9
1190790 1921.9
1190800 1917.7
1190810 1914.4
1190820 1911.9
1190830 1911.9
1190840 1908.8
1190850 1906.0
1190860 1902.0
1190870 1899.6
1190880 1898.0
1190890 1898.0
1190900 1896.2
1190910 1889.3
1190920 1889.3
1190930 1882.0
1190940 1881.9
1190950 1881.9
1190960 1882.5
1190970 1882.7
1190980 1882.7
1190990 1881.8
1191000 1879.2
1191010 1879.2
1191020 1876.6
1191030 1875.2
1191040 1875.2
1191050 1875.4
1191060 1873.9
1191070 1873.9
1191080 1871.8
1191090 1869.0
1191100 1865.0
1191110 1865.0
1191120 1861.6
1191130 1854.5
1191140 1854.5
1191150 1846.0
1191160 1839.0
1191170 1839.0
1191180 1829.9
1191190 1820.5
1191200 1820.5
1191210 1810.9
1191220 1802.9
1191230 1802.9
1191240 1795.2
1191250 1784.5
1191260 1784.5
1191270 1773.4
1191280 1763.4
1191290 1763.4
1191300 1752.4
1191310 1737.7
1191320 1737.7
1191330 1724.8
1191340 1711.9
1191350 1699.4
1191360 1699.4
1191370 1692.1
1191380 1684.7
1191390 1684.7
1191400 1677.7
1191410 1669.8
1191420 1669.8
1191430 1661.0
1191440 1651.7
1191450 1651.7
1191460 1643.4
1191470 1636.4
1191480 1636.4
1191490 1628.0
1191500 1620.4
1191510 1620.4
1191520 1613.7
1191530 1607.5
1191540 1607.5
1191550 1601.6
1191560 1593.9
1191570 1593.9
1191580 1584.9
1191590 1580.1
1191600 1580.1
1191610 1579.9
1191620 1580.6
1191630 1579.7
1191640 1579.7
1191650 1579.2
1191660 1578.8
1191670 1578.8
1191680 1576.0
1191690 1573.1
1191700 1573.1
1191710 1573.0
1191720 1571.2
1191730 1566.2
1191740 1562.8
1191750 1558.6
1191760 1558.6
1191770 1554.9
1191780 1550.7
1191790 1550.7
1191800 1546.0
1191810 1540.7
1191820 1540.7
1191830 1534.5
1191840 1528.0
1191850 1528.0
1191860 1521.5
1191870 1515.3
1191880 1509.1
1191890 1509.1
1191900 1502.9
1191910 1496.3
1191920 1496.3
1191930 1490.0
1191940 1483.6
1191950 1483.6
1191960 1477.6
1191970 1473.0
1191980 1473.0
1191990 1470.1
1192000 1468.1
1192010 1468.1
1192020 1465.7
1192030 1465.6
1192040 1465.6
1192050 1468.4
1192060 1471.1
1192070 1471.1
1192080 1472.9
1192090 1474.0
1192100 1474.0
1192110 1474.8
1192120 1476.0
1192130 1476.0
1192140 1477.1
1192150 1477.0
1192160 1475.6
1192170 1472.9
1192180 1471.7
1192190 1469.5
1192200 1469.5
1192210 1467.0
1192220 1463.8
1192230 1463.8
1192240 1460.6
1192250 1457.4
1192260 1457.4
1192270 1454.4
1192280 1450.6
1192290 1450.6
1192300 1446.3
1192310 1442.0
1192320 1442.0
1192330 1437.7
1192340 1432.7
1192350 1432.7
1192360 1427.5
1192370 1420.9
1192380 1420.9
1192390 1414.6
1192400 1408.9
1192410 1403.0
1192420 1403.0
1192430 1396.4
1192440 1389.8
1192450 1389.8
1192460 1383.3
1192470 1378.3
1192480 1378.3
1192490 1375.2
1192500 1372.4
1192510 1372.4
1192520 1369.7
1192530 1367.8
1192540 1367.8
1192550 1366.1
1192560 1364.6
1192570 1364.6
1192580 1362.0
1192590 1360.8
1192600 1356.9
1192610 1355.8
1192620 1356.0
1192630 1356.0
1192640 1356.7
1192650 1357.9
1192660 1357.9
1192670 1358.8
1192680 1358.6
1192690 1360.6
1192700 1360.6
1192710 1363.0
1192720 1365.5
1192730 1365.5
1192740 1368.8
1192750 1370.3
1192760 1370.3
1192770 1369.5
1192780 1367.0
1192790 1367.0
1192800 1364.0
1192810 1360.0
1192820 1360.0
1192830 1354.9
1192840 1350.5
1192850 1350.5
1192860 1345.9
1192870 1343.8
1192880 1343.8
1192890 1342.9
1192900 1342.4
1192910 1342.4
1192920 1342.2
1192930 1342.4
1192940 1341.4
1192950 1341.4
1192960 1339.0
1192970 1334.6
1192980 1334.6
1192990 1329.7
1193000 1324.8
1193010 1324.8
1193020 1320.8
1193030 1319.6
1193040 1318.3
1193050 1315.9
1193060 1316.1
1193070 1316.1
1193080 1317.2
1193090 1317.7
1193100 1317.7
1193110 1317.4
1193120 1316.7
1193130 1316.7
1193140 1315.4
1193150 1313.7
1193160 1313.7
1193170 1311.9
1193180 1310.2
1193190 1308.8
1193200 1308.8
1193210 1307.3
1193220 1305.4
1193230 1305.4
1193240 1303.5
1193250 1301.0
1193260 1301.0
1193270 1298.0
1193280 1293.2
1193290 1293.2
1193300 1288.6
1193310 1284.6
1193320 1284.6
1193330 1283.0
1193340 1283.6
1193350 1283.6
1193360 1285.1
1193370 1284.7
1193380 1284.7
1193390 1282.4
1193400 1278.7
1193410 1278.7
1193420 1275.3
1193430 1272.5
1193440 1272.5
1193450 1271.2
1193460 1270.3
1193470 1266.3
1193480 1266.3
1193490 1264.7
1193500 1263.3
1193510 1263.3
1193520 1261.6
1193530 1258.8
1193540 1258.8
1193550 1255.5
1193560 1252.4
1193570 1252.4
1193580 1250.0
1193590 1247.2
1193600 1247.2
1193610 1244.5
1193620 1240.9
1193630 1240.9
1193640 1237.8
1193650 1234.6
1193660 1234.6
1193670 1230.8
1193680 1227.4
1193690 1227.4
1193700 1225.4
1193710 1222.9
1193720 1220.5
1193730 1220.5
1193740 1218.0
1193750 1214.7
1193760 1214.7
1193770 1209.7
1193780 1204.6
1193790 1204.6
1193800 1199.7
1193810 1194.0
1193820 1194.0
1193830 1186.8
1193840 1179.7
1193850 1179.7
1193860 1173.1
1193870 1167.5
1193880 1167.5
1193890 1163.6
1193900 1160.4
1193910 1160.2
1193920 1157.1
1193930 1154.8
1193940 1154.8
1193950 1153.3
1193960 1153.4
1193970 1153.4
1193980 1153.5
1193990 1151.9
1194000 1150.6
1194010 1150.6
1194020 1150.4
1194030 1150.0
1194040 1150.0
1194050 1147.8
1194060 1145.0
1194070 1145.0
1194080 1141.7
1194090 1135.4
1194100 1135.4
1194110 1125.6
1194120 1119.6
1194130 1119.6
1194140 1124.8
1194150 1126.7
1194160 1126.7
1194170 1123.6
1194180 1121.2
1194190 1121.2
1194200 1116.9
1194210 1112.1
1194220 1112.1
1194230 1108.1
1194240 1104.8
1194250 1102.5
1194260 1102.5
1194270 1101.3
1194280 1100.6
1194290 1100.6
1194300 1100.0
1194310 1098.9
1194320 1098.9
1194330 1098.0
1194340 1095.8
1194350 1093.9
1194360 1092.3
1194370 1090.5
1194380 1090.5
1194390 1088.9
1194400 1087.1
1194410 1087.1
1194420 1085.7
1194430 1084.5
1194440 1084.5
1194450 1083.1
1194460 1081.7
1194470 1081.7
1194480 1080.5
1194490 1078.8
1194500 1078.8
1194510 1077.9
1194520 1077.6
1194530 1078.1
1194540 1078.1
1194550 1078.1
1194560 1077.6
1194570 1077.6
1194580 1077.2
1194590 1076.1
1194600 1076.1
1194610 1075.1
1194620 1074.2
1194630 1074.2
1194640 1073.4
1194650 1072.5
1194660 1072.5
1194670 1071.6
1194680 1070.8
1194690 1070.8
1194700 1070.0
1194710 1069.0
1194720 1069.0
1194730 1067.9
1194740 1066.6
1194750 1066.6
1194760 1065.4
1194770 1064.2
1194780 1063.1
1194790 1061.9
1194800 1060.7
1194810 1059.5
1194820 1059.5
1194830 1058.6
1194840 1057.7
1194850 1057.7
1194860 1055.8
1194870 1054.5
1194880 1054.5
1194890 1053.1
1194900 1051.9
1194910 1051.9
1194920 1050.8
1194930 1049.5
1194940 1049.5
1194950 1047.9
1194960 1046.5
1194970 1046.5
1194980 1045.1
1194990 1043.7
1195000 1043.7
1195010 1042.3
1195020 1040.9
1195030 1040.9
1195040 1039.3
1195050 1037.8
1195060 1036.8
1195070 1036.8
1195080 1035.2
1195090 1034.0
1195100 1034.0
1195110 1033.0
1195120 1031.5
1195130 1031.5
1195140 1030.5
1195150 1029.5
1195160 1029.5
1195170 1028.1
1195180 1027.1
1195190 1027.1
1195200 1025.7
1195210 1024.3
1195220 1024.1
1195230 1023.1
1195240 1022.0
1195250 1022.0
1195260 1020.9
1195270 1020.2
1195280 1020.2
1195290 1019.4
1195300 1018.3
1195310 1017.5
1195320 1017.5
1195330 1016.7
1195340 1015.7
1195350 1015.7
1195360 1015.1
1195370 1014.8
1195380 1014.8
1195390 1015.0
1195400 1015.0
1195410 1015.0
1195420 1013.9
1195430 1013.6
1195440 1013.6
1195450 1013.1
1195460 1011.5
1195470 1011.5
1195480 1008.8
1195490 1006.8
1195500 1006.8
1195510 1005.8
1195520 1005.2
1195530 1005.2
1195540 1004.7
1195550 1004.0
1195560 1004.0
1195570 1003.3
1195580 1002.4
1195590 1001.6
1195600 1001.6
1195610 1000.7
1195620 999.8
1195630 999.8
1195640 998.9
1195650 998.0
1195660 997.7
1195670 997.1
1195680 996.3
1195690 996.3
1195700 995.1
1195710 993.5
1195720 993.5
1195730 992.8
1195740 992.6
1195750 992.6
1195760 991.2
1195770 989.4
1195780 989.4
1195790 988.5
1195800 989.2
1195810 989.2
1195820 989.4
1195830 988.3
1195840 986.7
1195850 986.7
1195860 985.3
1195870 983.8
1195880 983.8
1195890 982.5
1195900 981.3
1195910 981.3
1195920 979.3
1195930 976.6
1195940 976.6
1195950 975.4
1195960 975.1
1195970 975.1
1195980 974.8
1195990 974.2
1196000 974.2
1196010 977.3
1196020 981.8
1196030 981.8
1196040 986.6
1196050 989.0
1196060 989.0
1196070 990.0
1196080 990.5
1196090 990.5
1196100 990.9
1196110 990.9
1196120 990.1
1196130 990.1
1196140 988.7
1196150 983.6
1196160 983.6
1196170 977.9
1196180 972.5
1196190 972.5
1196200 968.6
1196210 965.7
1196220 965.7
1196230 963.9
1196240 964.3
1196250 964.3
1196260 965.6
1196270 968.0
1196280 968.0
1196290 971.5
1196300 975.1
1196310 975.1
1196320 979.0
1196330 983.3
1196340 983.3
1196350 986.8
1196360 988.0
1196370 986.3
1196380 986.3
1196390 984.9
1196400 982.7
1196410 982.7
1196420 980.6
1196430 979.1
1196440 979.1
1196450 978.0
1196460 977.0
1196470 977.0
1196480 975.1
1196490 973.6
1196500 973.6
1196510 971.5
1196520 966.0
1196530 966.0
1196540 959.1
1196550 950.0
1196560 950.0
1196570 946.3
1196580 945.2
1196590 945.2
1196600 944.1
1196610 941.9
1196620 939.6
1196630 939.6
1196640 937.5
1196650 934.7
1196660 934.7
1196670 931.8
1196680 928.9
1196690 928.9
1196700 925.2
1196710 921.6
1196720 921.6
1196730 917.9
1196740 914.8
1196750 914.8
1196760 911.8
1196770 908.5
1196780 908.5
1196790 905.7
1196800 902.5
1196810 902.5
1196820 898.8
1196830 895.2
1196840 895.2
1196850 891.9
1196860 888.9
1196870 888.9
1196880 886.9
1196890 885.7
1196900 884.9
1196910 884.9
1196920 884.3
1196930 883.7
1196940 883.7
1196950 882.9
1196960 882.0
1196970 882.0
1196980 882.1
1196990 888.5
1197000 888.5
1197010 891.2
1197020 894.3
1197030 894.3
1197040 897.4
1197050 899.2
1197060 899.2
1197070 898.3
1197080 896.3
1197090 896.3
1197100 893.7
1197110 888.8
1197120 888.8
1197130 881.8
1197140 877.3
1197150 871.0
1197160 871.0
1197170 864.0
1197180 857.9
1197190 857.9
1197200 852.8
1197210 848.7
1197220 848.7
1197230 844.3
1197240 840.8
1197250 840.8
1197260 839.2
1197270 837.2
1197280 837.2
1197290 834.3
1197300 829.8
1197310 829.8
1197320 826.4
1197330 825.8
1197340 825.8
1197350 825.6
1197360 824.6
1197370 824.6
1197380 824.8
1197390 824.3
1197400 824.3
1197410 823.2
1197420 822.6
1197430 821.4
1197440 821.4
1197450 820.9
1197460 820.9
1197470 820.9
1197480 820.9
1197490 820.2
1197500 820.2
1197510 819.6
1197520 819.3
1197530 819.3
1197540 818.9
1197550 818.5
1197560 818.5
1197570 818.0
1197580 817.5
1197590 817.5
1197600 817.0
1197610 816.8
1197620 816.8
1197630 816.7
1197640 817.0
1197650 817.0
1197660 817.2
1197670 817.1
1197680 816.7
1197690 816.7
1197700 816.7
1197710 816.0
1197720 816.0
1197730 815.6
1197740 816.0
1197750 816.0
1197760 816.0
1197770 816.0
1197780 816.0
1197790 816.1
1197800 816.2
1197810 816.2
1197820 816.0
1197830 815.8
1197840 815.8
1197850 815.7
1197860 815.9
1197870 815.9
1197880 814.4
1197890 814.3
1197900 814.3
1197910 814.4
1197920 814.4
1197930 814.4
1197940 814.3
1197950 814.1
1197960 813.9
1197970 813.9
1197980 813.6
1197990 813.6
1198000 813.6
1198010 813.2
1198020 812.8
1198030 812.8
1198040 812.7
1198050 812.7
1198060 812.7
1198070 812.2
1198080 812.0
1198090 812.0
1198100 811.9
1198110 810.2
1198120 810.2
1198130 805.6
1198140 801.8
1198150 801.8
1198160 800.8
1198170 800.6
1198180 800.6
1198190 800.4
1198200 799.8
1198210 799.5
1198220 799.5
1198230 799.4
1198240 799.3
1198250 799.3
1198260 799.3
1198270 799.3
1198280 799.3
1198290 799.5
1198300 799.4
1198310 799.4
1198320 799.0
1198330 799.1
1198340 799.1
1198350 798.9
1198360 799.0
1198370 799.0
1198380 798.6
1198390 797.3
1198400 797.3
1198410 796.9
1198420 796.4
1198430 796.4
1198440 795.5
1198450 794.9
1198460 794.9
1198470 794.4
1198480 794.2
1198490 794.2
1198500 794.2
1198510 794.2
1198520 794.1
1198530 794.1
1198540 794.1
1198550 794.0
1198560 794.0
1198570 793.6
1198580 791.8
1198590 791.8
1198600 792.8
1198610 792.6
1198620 792.6
1198630 792.7
1198640 793.5
1198650 793.5
1198660 794.5
1198670 795.0
1198680 795.0
1198690 794.7
1198700 794.4
1198710 794.4
1198720 794.0
1198730 793.7
1198740 793.4
1198750 793.4
1198760 793.2
1198770 792.5
1198780 792.5
1198790 792.2
1198800 792.0
1198810 792.0
1198820 791.6
1198830 791.4
1198840 791.4
1198850 791.3
1198860 791.2
1198870 791.2
1198880 790.8
1198890 790.5
1198900 790.5
1198910 789.9
1198920 789.3
1198930 789.3
1198940 789.0
1198950 788.6
1198960 788.6
1198970 788.3
1198980 788.0
1198990 788.0
1199000 787.6
1199010 787.3
1199020 787.1
1199030 787.1
1199040 786.8
1199050 786.4
1199060 786.4
1199070 786.0
1199080 785.7
1199090 785.7
1199100 785.6
1199110 785.7
1199120 785.7
1199130 785.7
1199140 785.5
1199150 785.5
1199160 785.1
1199170 784.8
1199180 784.8
1199190 784.7
1199200 784.6
1199210 784.2
1199220 784.2
1199230 784.3
1199240 784.3
1199250 784.3
1199260 784.4
1199270 785.0
1199280 785.0
1199290 785.4
1199300 785.8
1199310 785.8
1199320 785.9
1199330 785.6
1199340 785.6
1199350 785.0
1199360 783.9
1199370 783.9
1199380 782.9
1199390 782.5
1199400 782.5
1199410 782.4
1199420 782.4
1199430 782.4
1199440 782.2
1199450 781.8
1199460 781.8
1199470 781.5
1199480 781.1
1199490 781.1
1199500 780.8
1199510 780.7
1199520 780.6
1199530 780.6
1199540 780.6
1199550 780.5
1199560 780.5
1199570 780.4
1199580 780.2
1199590 780.2
1199600 780.2
1199610 780.2
1199620 780.2
1199630 780.1
1199640 779.9
1199650 779.9
1199660 779.5
1199670 778.5
1199680 778.5
1199690 778.9
1199700 778.8
1199710 778.8
1199720 778.7
1199730 778.7
1199740 778.7
1199750 778.8
1199760 778.9
1199770 778.9
1199780 779.4
1199790 779.6
1199800 779.7
1199810 779.7
1199820 779.8
1199830 779.9
1199840 779.9
1199850 779.9
1199860 779.8
1199870 779.8
1199880 779.9
1199890 780.0
1199900 780.0
1199910 780.2
1199920 780.3
1199930 780.3
1199940 780.4
1199950 780.6
1199960 780.6
1199970 780.7
1199980 780.9
1199990 780.9
