1180000 1819.9
1180010 1819.9
1180020 1832.5
1180030 1844.0
1180040 1849.3
1180050 1849.3
1180060 1847.4
1180070 1852.4
1180080 1852.4
1180090 1857.4
1180100 1868.3
1180110 1868.3
1180120 1875.8
1180130 1884.3
1180140 1884.3
1180150 1888.7
1180160 1892.5
1180170 1892.5
1180180 1897.9
1180190 1906.4
1180200 1906.4
1180210 1924.6
1180220 1939.9
1180230 1939.9
1180240 1942.0
1180250 1948.6
1180260 1948.6
1180270 1961.7
1180280 1977.2
1180290 1987.0
1180300 1987.0
1180310 1985.4
1180320 1987.8
1180330 1987.8
1180340 1990.2
1180350 1992.9
1180360 1992.9
1180370 1996.3
1180380 1992.8
1180390 1992.8
1180400 1994.0
1180410 1998.3
1180420 1998.3
1180430 2000.4
1180440 2005.8
1180450 2005.8
1180460 2010.9
1180470 2015.5
1180480 2015.5
1180490 2020.8
1180500 2029.3
1180510 2029.3
1180520 2044.0
1180530 2064.1
1180540 2064.1
1180550 2072.1
1180560 2080.2
1180570 2084.3
1180580 2084.3
1180590 2085.8
1180600 2094.3
1180610 2094.3
1180620 2106.4
1180630 2117.0
1180640 2117.0
1180650 2126.1
1180660 2133.3
1180670 2133.3
1180680 2141.9
1180690 2150.3
1180700 2150.3
1180710 2158.8
1180720 2167.7
1180730 2166.5
1180740 2173.9
1180750 2181.2
1180760 2181.2
1180770 2189.2
1180780 2197.8
1180790 2197.8
1180800 2209.0
1180810 2220.5
1180820 2229.8
1180830 2229.8
1180840 2237.7
1180850 2244.2
1180860 2244.2
1180870 2245.9
1180880 2246.8
1180890 2246.8
1180900 2255.5
1180910 2270.9
1180920 2270.9
1180930 2281.5
1180940 2287.4
1180950 2287.4
1180960 2287.5
1180970 2288.3
1180980 2288.3
1180990 2298.4
1181000 2307.2
1181010 2307.2
1181020 2315.3
1181030 2325.3
1181040 2325.3
1181050 2346.8
1181060 2368.6
1181070 2368.6
1181080 2399.7
1181090 2426.1
1181100 2441.4
1181110 2441.4
1181120 2448.5
1181130 2458.3
1181140 2458.3
1181150 2463.8
1181160 2462.1
1181170 2462.1
1181180 2460.5
1181190 2460.6
1181200 2460.6
1181210 2458.0
1181220 2462.1
1181230 2462.1
1181240 2458.7
1181250 2459.4
1181260 2459.4
1181270 2476.5
1181280 2489.0
1181290 2489.0
1181300 2496.6
1181310 2502.8
1181320 2502.8
1181330 2513.7
1181340 2538.9
1181350 2550.3
1181360 2550.3
1181370 2546.5
1181380 2540.1
1181390 2540.1
1181400 2538.6
1181410 2536.7
1181420 2536.7
1181430 2534.8
1181440 2522.1
1181450 2522.1
1181460 2505.6
1181470 2489.1
1181480 2489.1
1181490 2479.2
1181500 2471.7
1181510 2471.7
1181520 2466.3
1181530 2455.9
1181540 2455.9
1181550 2441.3
1181560 2419.6
1181570 2425.7
1181580 2408.5
1181590 2394.0
1181600 2394.0
1181610 2385.2
1181620 2384.0
1181630 2374.8
1181640 2374.8
1181650 2363.5
1181660 2349.5
1181670 2349.5
1181680 2341.2
1181690 2331.2
1181700 2331.2
1181710 2320.5
1181720 2302.7
1181730 2302.7
1181740 2290.6
1181750 2282.6
1181760 2282.6
1181770 2273.5
1181780 2263.2
1181790 2263.2
1181800 2253.3
1181810 2244.9
1181820 2244.9
1181830 2237.0
1181840 2229.3
1181850 2229.3
1181860 2222.0
1181870 2214.8
1181880 2207.8
1181890 2207.8
1181900 2200.5
1181910 2193.3
1181920 2193.3
1181930 2185.9
1181940 2178.2
1181950 2178.2
1181960 2170.2
1181970 2162.3
1181980 2162.3
1181990 2160.1
1182000 2153.6
1182010 2153.6
1182020 2150.4
1182030 2147.0
1182040 2147.0
1182050 2144.2
1182060 2141.4
1182070 2141.4
1182080 2140.4
1182090 2139.7
1182100 2139.7
1182110 2136.5
1182120 2130.4
1182130 2130.4
1182140 2122.8
1182150 2114.8
1182160 2105.1
1182170 2105.1
1182180 2095.6
1182190 2087.0
1182200 2087.0
1182210 2080.0
1182220 2073.8
1182230 2073.8
1182240 2067.9
1182250 2062.6
1182260 2062.6
1182270 2057.2
1182280 2051.5
1182290 2051.5
1182300 2045.7
1182310 2039.9
1182320 2039.9
1182330 2034.6
1182340 2029.3
1182350 2029.3
1182360 2024.0
1182370 2017.3
1182380 2017.3
1182390 2007.7
1182400 1986.3
1182410 2002.4
1182420 1989.4
1182430 1985.2
1182440 1980.6
1182450 1980.6
1182460 1976.9
1182470 1977.1
1182480 1977.1
1182490 1974.6
1182500 1967.6
1182510 1967.6
1182520 1958.1
1182530 1953.4
1182540 1953.4
1182550 1949.1
1182560 1938.3
1182570 1938.3
1182580 1926.7
1182590 1921.2
1182600 1921.2
1182610 1918.9
1182620 1912.8
1182630 1912.8
1182640 1904.3
1182650 1899.9
1182660 1899.9
1182670 1894.8
1182680 1889.3
1182690 1884.6
1182700 1884.6
1182710 1880.2
1182720 1875.3
1182730 1875.3
1182740 1870.9
1182750 1867.0
1182760 1867.0
1182770 1863.1
1182780 1858.8
1182790 1858.8
1182800 1855.1
1182810 1851.5
1182820 1851.5
1182830 1851.8
1182840 1845.7
1182850 1845.7
1182860 1837.3
1182870 1832.3
1182880 1832.3
1182890 1832.0
1182900 1832.4
1182910 1832.4
1182920 1829.5
1182930 1824.0
1182940 1824.0
1182950 1819.7
1182960 1816.1
1182970 1809.5
1182980 1809.5
1182990 1807.3
1183000 1809.3
1183010 1809.3
1183020 1814.8
1183030 1823.0
1183040 1823.0
1183050 1827.9
1183060 1831.2
1183070 1831.2
1183080 1833.6
1183090 1836.0
1183100 1836.0
1183110 1838.8
1183120 1842.7
1183130 1842.7
1183140 1848.4
1183150 1855.0
1183160 1855.0
1183170 1859.1
1183180 1863.7
1183190 1863.7
1183200 1867.7
1183210 1871.1
1183220 1874.4
1183230 1874.4
1183240 1878.2
1183250 1885.9
1183260 1885.9
1183270 1889.6
1183280 1892.5
1183290 1892.5
1183300 1895.5
1183310 1898.2
1183320 1898.2
1183330 1898.5
1183340 1900.6
1183350 1900.6
1183360 1903.5
1183370 1906.4
1183380 1906.4
1183390 1908.4
1183400 1910.9
1183410 1910.9
1183420 1914.6
1183430 1919.4
1183440 1919.4
1183450 1925.1
1183460 1931.4
1183470 1931.4
1183480 1937.5
1183490 1943.5
1183500 1949.4
1183510 1949.4
1183520 1955.4
1183530 1961.5
1183540 1961.5
1183550 1968.9
1183560 1977.9
1183570 1977.9
1183580 1988.0
1183590 1999.4
1183600 1999.4
1183610 2010.2
1183620 2022.2
1183630 2022.2
1183640 2033.8
1183650 2042.6
1183660 2042.6
1183670 2051.1
1183680 2064.3
1183690 2064.3
1183700 2071.4
1183710 2078.2
1183720 2078.2
1183730 2085.0
1183740 2091.4
1183750 2098.9
1183760 2098.9
1183770 2106.6
1183780 2114.6
1183790 2114.6
1183800 2120.7
1183810 2125.5
1183820 2125.5
1183830 2129.9
1183840 2133.8
1183850 2133.8
1183860 2138.4
1183870 2143.8
1183880 2143.8
1183890 2149.3
1183900 2155.5
1183910 2155.5
1183920 2161.5
1183930 2166.5
1183940 2166.5
1183950 2172.6
1183960 2178.9
1183970 2178.9
1183980 2185.7
1183990 2191.6
1184000 2191.6
1184010 2196.3
1184020 2202.2
1184030 2208.0
1184040 2208.0
1184050 2212.7
1184060 2217.6
1184070 2217.6
1184080 2219.6
1184090 2220.9
1184100 2234.9
1184110 2236.5
1184120 2238.3
1184130 2238.3
1184140 2239.1
1184150 2237.3
1184160 2237.3
1184170 2240.4
1184180 2238.9
1184190 2238.9
1184200 2242.2
1184210 2242.0
1184220 2242.0
1184230 2243.3
1184240 2249.0
1184250 2249.0
1184260 2254.3
1184270 2261.0
1184280 2266.9
1184290 2266.9
1184300 2271.8
1184310 2274.6
1184320 2274.6
1184330 2279.9
1184340 2284.2
1184350 2284.2
1184360 2289.1
1184370 2295.1
1184380 2295.1
1184390 2298.9
1184400 2302.3
1184410 2302.3
1184420 2305.7
1184430 2308.6
1184440 2308.6
1184450 2310.4
1184460 2312.3
1184470 2312.3
1184480 2315.4
1184490 2321.0
1184500 2321.0
1184510 2324.4
1184520 2335.6
1184530 2335.6
1184540 2340.8
1184550 2348.2
1184560 2354.2
1184570 2354.2
1184580 2355.3
1184590 2359.3
1184600 2359.3
1184610 2365.3
1184620 2371.4
1184630 2371.4
1184640 2377.2
1184650 2383.4
1184660 2383.4
1184670 2389.8
1184680 2396.1
1184690 2396.1
1184700 2400.7
1184710 2399.6
1184720 2399.6
1184730 2402.7
1184740 2400.7
1184750 2400.7
1184760 2408.3
1184770 2418.9
1184780 2418.9
1184790 2425.7
1184800 2432.2
1184810 2440.4
1184820 2440.4
1184830 2449.5
1184840 2457.0
1184850 2457.0
1184860 2461.7
1184870 2465.0
1184880 2465.0
1184890 2470.3
1184900 2480.2
1184910 2480.2
1184920 2491.0
1184930 2499.9
1184940 2499.9
1184950 2512.5
1184960 2520.9
1184970 2520.9
1184980 2528.3
1184990 2536.0
1185000 2536.0
1185010 2544.4
1185020 2552.3
1185030 2552.3
1185040 2560.5
1185050 2567.1
1185060 2567.1
1185070 2572.9
1185080 2575.7
1185090 2581.8
1185100 2581.8
1185110 2592.0
1185120 2604.3
1185130 2604.3
1185140 2620.1
1185150 2631.0
1185160 2631.0
1185170 2631.2
1185180 2630.4
1185190 2630.4
1185200 2626.9
1185210 2628.8
1185220 2628.8
1185230 2628.3
1185240 2627.7
1185250 2627.7
1185260 2627.3
1185270 2624.3
1185280 2624.3
1185290 2614.4
1185300 2606.5
1185310 2606.5
1185320 2595.9
1185330 2580.3
1185340 2566.3
1185350 2566.3
1185360 2555.3
1185370 2542.1
1185380 2542.1
1185390 2529.6
1185400 2521.4
1185410 2521.4
1185420 2517.7
1185430 2514.0
1185440 2514.0
1185450 2509.1
1185460 2503.9
1185470 2503.9
1185480 2498.8
1185490 2493.9
1185500 2493.9
1185510 2489.9
1185520 2486.4
1185530 2486.4
1185540 2482.8
1185550 2480.7
1185560 2480.7
1185570 2480.5
1185580 2479.9
1185590 2479.9
1185600 2479.6
1185610 2481.0
1185620 2484.2
1185630 2484.2
1185640 2488.0
1185650 2491.9
1185660 2491.9
1185670 2495.7
1185680 2499.4
1185690 2499.4
1185700 2502.7
1185710 2505.4
1185720 2505.4
1185730 2509.2
1185740 2512.2
1185750 2512.2
1185760 2514.4
1185770 2510.6
1185780 2510.6
1185790 2501.6
1185800 2478.1
1185810 2478.1
1185820 2469.2
1185830 2462.2
1185840 2462.2
1185850 2457.9
1185860 2456.5
1185870 2456.8
1185880 2456.8
1185890 2458.5
1185900 2460.4
1185910 2460.4
1185920 2461.0
1185930 2459.3
1185940 2459.3
1185950 2461.3
1185960 2463.5
1185970 2463.5
1185980 2463.1
1185990 2460.9
1186000 2460.9
1186010 2454.8
1186020 2448.6
1186030 2448.6
1186040 2451.8
1186050 2457.1
1186060 2457.1
1186070 2458.9
1186080 2461.6
1186090 2461.6
1186100 2458.2
1186110 2451.9
1186120 2451.9
1186130 2450.4
1186140 2448.6
1186150 2444.4
1186160 2444.4
1186170 2440.9
1186180 2439.5
1186190 2439.5
1186200 2438.5
1186210 2437.0
1186220 2437.0
1186230 2423.9
1186240 2420.6
1186250 2420.6
1186260 2415.6
1186270 2416.0
1186280 2416.0
1186290 2416.8
1186300 2415.6
1186310 2415.6
1186320 2416.5
1186330 2410.3
1186340 2410.3
1186350 2403.3
1186360 2398.8
1186370 2398.8
1186380 2393.6
1186390 2388.3
1186400 2388.3
1186410 2384.2
1186420 2381.3
1186430 2383.0
1186440 2383.0
1186450 2385.4
1186460 2389.8
1186470 2389.8
1186480 2391.6
1186490 2390.5
1186500 2390.5
1186510 2388.5
1186520 2386.1
1186530 2386.1
1186540 2384.7
1186550 2384.1
1186560 2384.1
1186570 2371.7
1186580 2360.6
1186590 2360.6
1186600 2350.7
1186610 2343.7
1186620 2343.7
1186630 2340.1
1186640 2338.4
1186650 2330.0
1186660 2328.6
1186670 2326.3
1186680 2325.2
1186690 2325.2
1186700 2323.8
1186710 2321.4
1186720 2321.4
1186730 2318.4
1186740 2314.7
1186750 2314.7
1186760 2311.3
1186770 2308.1
1186780 2308.1
1186790 2304.7
1186800 2302.3
1186810 2302.3
1186820 2300.5
1186830 2298.6
1186840 2298.6
1186850 2297.8
1186860 2299.9
1186870 2299.9
1186880 2299.3
1186890 2296.0
1186900 2296.0
1186910 2294.1
1186920 2292.2
1186930 2292.2
1186940 2290.3
1186950 2288.9
1186960 2286.8
1186970 2286.8
1186980 2285.8
1186990 2285.4
1187000 2285.4
1187010 2284.4
1187020 2283.4
1187030 2283.4
1187040 2283.4
1187050 2281.5
1187060 2281.5
1187070 2280.4
1187080 2272.2
1187090 2272.2
1187100 2268.8
1187110 2263.1
1187120 2263.1
1187130 2252.0
1187140 2238.9
1187150 2238.9
1187160 2227.9
1187170 2219.7
1187180 2219.7
1187190 2212.8
1187200 2207.5
1187210 2198.3
1187220 2198.3
1187230 2187.8
1187240 2177.7
1187250 2177.7
1187260 2169.2
1187270 2157.0
1187280 2157.0
1187290 2147.5
1187300 2139.5
1187310 2139.5
1187320 2116.4
1187330 2093.9
1187340 2093.9
1187350 2086.2
1187360 2079.5
1187370 2079.5
1187380 2072.6
1187390 2065.4
1187400 2065.4
1187410 2058.9
1187420 2053.1
1187430 2053.1
1187440 2047.1
1187450 2040.9
1187460 2040.9
1187470 2035.4
1187480 2030.0
1187490 2024.7
1187500 2024.7
1187510 2018.8
1187520 2013.6
1187530 2013.6
1187540 2008.2
1187550 2002.8
1187560 2002.8
1187570 1998.2
1187580 1998.3
1187590 1998.3
1187600 1997.9
1187610 1993.8
1187620 1993.8
1187630 1989.8
1187640 1987.6
1187650 1987.6
1187660 1986.2
1187670 1984.0
1187680 1984.0
1187690 1984.0
1187700 1986.3
1187710 1986.3
1187720 1989.5
1187730 1994.0
1187740 1999.0
1187750 1999.0
1187760 2004.1
1187770 2015.1
1187780 2015.1
1187790 2018.0
1187800 2013.9
1187810 2013.9
1187820 2000.8
1187830 1992.1
1187840 1992.1
1187850 1988.6
1187860 1987.6
1187870 1987.6
1187880 1985.2
1187890 1981.8
1187900 1981.8
1187910 1980.9
1187920 1979.9
1187930 1979.9
1187940 1975.5
1187950 1971.9
1187960 1971.9
1187970 1966.1
1187980 1960.9
1187990 1960.9
1188000 1955.6
1188010 1950.1
1188020 1943.2
1188030 1943.2
1188040 1934.9
1188050 1923.2
1188060 1923.2
1188070 1918.1
1188080 1914.0
1188090 1914.0
1188100 1908.5
1188110 1900.7
1188120 1900.7
1188130 1892.6
1188140 1884.4
1188150 1884.4
1188160 1878.1
1188170 1873.2
1188180 1873.2
1188190 1871.0
1188200 1873.1
1188210 1873.1
1188220 1875.9
1188230 1877.8
1188240 1877.8
1188250 1877.7
1188260 1878.6
1188270 1879.0
1188280 1879.0
1188290 1878.6
1188300 1880.6
1188310 1880.6
1188320 1880.7
1188330 1881.7
1188340 1881.7
1188350 1883.5
1188360 1886.5
1188370 1881.3
1188380 1884.1
1188390 1887.3
1188400 1887.3
1188410 1890.3
1188420 1892.3
1188430 1892.3
1188440 1895.1
1188450 1898.1
1188460 1898.1
1188470 1897.0
1188480 1897.1
1188490 1897.1
1188500 1900.6
1188510 1900.7
1188520 1900.7
1188530 1899.5
1188540 1897.7
1188550 1895.4
1188560 1895.4
1188570 1897.6
1188580 1903.0
1188590 1903.0
1188600 1909.8
1188610 1913.5
1188620 1913.5
1188630 1916.8
1188640 1916.9
1188650 1916.9
1188660 1919.1
1188670 1918.9
1188680 1918.9
1188690 1923.2
1188700 1926.0
1188710 1926.0
1188720 1927.8
1188730 1933.2
1188740 1933.2
1188750 1934.7
1188760 1936.2
1188770 1936.2
1188780 1935.2
1188790 1933.6
1188800 1930.4
1188810 1930.4
1188820 1932.3
1188830 1935.0
1188840 1935.0
1188850 1937.5
1188860 1936.2
1188870 1936.2
1188880 1937.2
1188890 1944.9
1188900 1944.9
1188910 1952.1
1188920 1953.9
1188930 1953.9
1188940 1955.6
1188950 1953.5
1188960 1953.5
1188970 1950.6
1188980 1948.4
1188990 1948.4
1189000 1945.4
1189010 1940.4
1189020 1940.4
1189030 1941.3
1189040 1945.9
1189050 1945.9
1189060 1949.2
1189070 1956.8
1189080 1967.0
1189090 1967.0
1189100 1969.8
1189110 1968.1
1189120 1968.1
1189130 1966.1
1189140 1964.4
1189150 1964.4
1189160 1963.2
1189170 1962.4
1189180 1962.4
1189190 1959.8
1189200 1957.5
1189210 1957.5
1189220 1957.9
1189230 1951.6
1189240 1951.6
1189250 1948.0
1189260 1944.1
1189270 1944.1
1189280 1941.1
1189290 1937.3
1189300 1937.3
1189310 1936.1
1189320 1938.1
1189330 1939.0
1189340 1939.0
1189350 1949.2
1189360 1960.4
1189370 1960.4
1189380 1972.3
1189390 1975.8
1189400 1975.8
1189410 1973.4
1189420 1970.0
1189430 1970.0
1189440 1967.7
1189450 1963.3
1189460 1963.3
1189470 1960.0
1189480 1955.1
1189490 1955.1
1189500 1953.4
1189510 1955.7
1189520 1955.7
1189530 1958.7
1189540 1962.2
1189550 1962.2
1189560 1963.5
1189570 1962.1
1189580 1962.1
1189590 1967.2
1189600 1971.9
1189610 1976.1
1189620 1976.1
1189630 1978.7
1189640 1980.3
1189650 1980.3
1189660 1975.6
1189670 1976.2
1189680 1976.2
1189690 1977.2
1189700 1977.8
1189710 1977.8
1189720 1977.4
1189730 1978.4
1189740 1978.4
1189750 1980.3
1189760 1980.2
1189770 1980.2
1189780 1979.3
1189790 1978.7
1189800 1978.7
1189810 1976.1
1189820 1974.5
1189830 1974.5
1189840 1973.5
1189850 1972.7
1189860 1970.8
1189870 1970.8
1189880 1968.4
1189890 1968.0
1189900 1968.0
1189910 1969.0
1189920 1971.9
1189930 1971.9
1189940 1976.0
1189950 1978.0
1189960 1978.0
1189970 1977.8
1189980 1975.7
1189990 1975.7
1190000 1969.9
1190010 1973.3
1190020 1973.3
1190030 1977.6
1190040 1975.9
1190050 1975.9
1190060 1974.3
1190070 1973.6
1190080 1973.6
1190090 1968.2
1190100 1969.9
1190110 1969.9
1190120 1974.9
1190130 1980.4
1190140 1984.4
1190150 1984.4
1190160 1990.0
1190170 1996.4
1190180 1996.4
1190190 2004.4
1190200 2017.8
1190210 2017.8
1190220 2032.5
1190230 2040.9
1190240 2040.9
1190250 2045.4
1190260 2047.0
1190270 2047.0
1190280 2048.2
1190290 2050.8
1190300 2050.8
1190310 2054.0
1190320 2058.0
1190330 2058.0
1190340 2061.4
1190350 2063.3
1190360 2063.3
1190370 2065.4
1190380 2067.2
1190390 2068.9
1190400 2068.9
1190410 2071.2
1190420 2073.3
1190430 2073.3
1190440 2074.9
1190450 2076.4
1190460 2076.4
1190470 2078.3
1190480 2081.5
1190490 2081.5
1190500 2083.7
1190510 2083.6
1190520 2077.4
1190530 2077.1
1190540 2077.3
1190550 2077.3
1190560 2077.1
1190570 2076.6
1190580 2076.6
1190590 2073.3
1190600 2066.7
1190610 2066.7
1190620 2060.6
1190630 2055.0
1190640 2055.0
1190650 2049.5
1190660 2045.4
1190670 2042.2
1190680 2042.2
1190690 2040.1
1190700 2040.0
1190710 2040.0
1190720 2039.0
1190730 2034.7
1190740 2034.7
1190750 2031.4
1190760 2029.1
1190770 2029.1
1190780 2027.1
1190790 2025.7
1190800 2025.7
1190810 2023.6
1190820 2020.8
1190830 2020.8
1190840 2018.9
1190850 2016.3
1190860 2016.3
1190870 2013.9
1190880 2012.5
1190890 2012.5
1190900 2011.2
1190910 2010.3
1190920 2009.6
1190930 2009.6
1190940 2009.6
1190950 2009.5
1190960 2003.1
1190970 2002.6
1190980 2002.4
1190990 2002.4
1191000 2002.6
1191010 2003.2
1191020 2003.2
1191030 2002.4
1191040 1996.2
1191050 1996.2
1191060 1989.3
1191070 1984.1
1191080 1984.1
1191090 1979.0
1191100 1974.2
1191110 1974.2
1191120 1969.5
1191130 1963.6
1191140 1963.6
1191150 1949.8
1191160 1934.5
1191170 1934.5
1191180 1924.8
1191190 1915.9
1191200 1909.0
1191210 1909.0
1191220 1901.5
1191230 1894.8
1191240 1894.8
1191250 1888.5
1191260 1882.8
1191270 1882.8
1191280 1875.3
1191290 1865.3
1191300 1865.3
1191310 1857.0
1191320 1848.6
1191330 1848.6
1191340 1842.4
1191350 1835.9
1191360 1835.9
1191370 1827.8
1191380 1820.7
1191390 1822.4
1191400 1816.6
1191410 1810.3
1191420 1810.3
1191430 1803.2
1191440 1797.1
1191450 1791.9
1191460 1791.9
1191470 1786.7
1191480 1774.3
1191490 1774.3
1191500 1762.5
1191510 1763.7
1191520 1763.7
1191530 1763.2
1191540 1761.6
1191550 1761.6
1191560 1762.8
1191570 1763.5
1191580 1763.5
1191590 1763.7
1191600 1764.5
1191610 1764.5
1191620 1765.5
1191630 1763.1
1191640 1763.1
1191650 1755.6
1191660 1744.1
1191670 1744.1
1191680 1735.4
1191690 1727.3
1191700 1727.3
1191710 1717.8
1191720 1711.6
1191730 1706.5
1191740 1706.5
1191750 1703.7
1191760 1701.6
1191770 1701.6
1191780 1699.7
1191790 1698.8
1191800 1698.8
1191810 1690.8
1191820 1672.2
1191830 1672.2
1191840 1665.7
1191850 1660.2
1191860 1660.2
1191870 1657.1
1191880 1655.6
1191890 1655.6
1191900 1653.4
1191910 1655.4
1191920 1655.4
1191930 1657.5
1191940 1653.4
1191950 1653.4
1191960 1643.5
1191970 1636.0
1191980 1631.8
1191990 1631.8
1192000 1628.2
1192010 1620.8
1192020 1620.8
1192030 1613.4
1192040 1608.2
1192050 1608.2
1192060 1603.0
1192070 1597.1
1192080 1597.1
1192090 1590.9
1192100 1585.4
1192110 1585.4
1192120 1580.4
1192130 1575.4
1192140 1575.4
1192150 1570.5
1192160 1566.2
1192170 1566.2
1192180 1561.9
1192190 1556.5
1192200 1556.5
1192210 1550.4
1192220 1545.5
1192230 1545.5
1192240 1543.1
1192250 1541.0
1192260 1533.7
1192270 1533.7
1192280 1529.8
1192290 1524.7
1192300 1524.7
1192310 1519.3
1192320 1514.4
1192330 1514.4
1192340 1510.6
1192350 1506.2
1192360 1506.2
1192370 1500.8
1192380 1495.3
1192390 1495.3
1192400 1490.7
1192410 1486.5
1192420 1486.5
1192430 1482.1
1192440 1478.6
1192450 1478.6
1192460 1474.8
1192470 1470.5
1192480 1470.5
1192490 1466.2
1192500 1463.2
1192510 1462.4
1192520 1462.4
1192530 1462.5
1192540 1462.3
1192550 1462.3
1192560 1460.3
1192570 1457.8
1192580 1457.8
1192590 1454.5
1192600 1449.0
1192610 1449.0
1192620 1442.1
1192630 1434.9
1192640 1434.9
1192650 1427.9
1192660 1421.3
1192670 1421.3
1192680 1414.7
1192690 1410.7
1192700 1410.7
1192710 1402.8
1192720 1394.0
1192730 1394.0
1192740 1387.9
1192750 1387.8
1192760 1387.8
1192770 1386.3
1192780 1384.3
1192790 1381.9
1192800 1381.9
1192810 1379.4
1192820 1378.2
1192830 1378.2
1192840 1377.0
1192850 1376.1
1192860 1376.1
1192870 1377.4
1192880 1380.1
1192890 1380.1
1192900 1382.3
1192910 1383.6
1192920 1383.6
1192930 1383.7
1192940 1381.4
1192950 1381.4
1192960 1378.4
1192970 1378.3
1192980 1378.3
1192990 1379.3
1193000 1379.6
1193010 1379.6
1193020 1376.7
1193030 1371.4
1193040 1365.9
1193050 1365.9
1193060 1361.0
1193070 1354.9
1193080 1354.9
1193090 1349.4
1193100 1344.5
1193110 1344.5
1193120 1339.3
1193130 1337.8
1193140 1337.8
1193150 1332.0
1193160 1327.4
1193170 1327.4
1193180 1323.9
1193190 1321.5
1193200 1321.5
1193210 1319.7
1193220 1318.0
1193230 1318.0
1193240 1316.7
1193250 1315.2
1193260 1315.2
1193270 1312.3
1193280 1309.8
1193290 1309.8
1193300 1309.3
1193310 1311.0
1193320 1311.8
1193330 1311.8
1193340 1312.9
1193350 1313.6
1193360 1313.6
1193370 1313.4
1193380 1310.1
1193390 1310.1
1193400 1305.7
1193410 1305.4
1193420 1305.4
1193430 1307.2
1193440 1309.5
1193450 1309.5
1193460 1310.4
1193470 1308.6
1193480 1308.6
1193490 1306.1
1193500 1303.7
1193510 1303.7
1193520 1301.7
1193530 1299.6
1193540 1299.6
1193550 1297.4
1193560 1293.0
1193570 1290.3
1193580 1290.3
1193590 1287.4
1193600 1284.6
1193610 1284.6
1193620 1282.0
1193630 1279.1
1193640 1279.1
1193650 1274.7
1193660 1269.7
1193670 1269.7
1193680 1265.3
1193690 1262.6
1193700 1262.6
1193710 1260.5
1193720 1258.0
1193730 1258.0
1193740 1254.1
1193750 1251.3
1193760 1251.3
1193770 1249.4
1193780 1247.5
1193790 1247.5
1193800 1245.8
1193810 1244.2
1193820 1244.2
1193830 1243.2
1193840 1241.7
1193850 1238.9
1193860 1238.9
1193870 1236.0
1193880 1232.9
1193890 1232.9
1193900 1230.9
1193910 1229.1
1193920 1229.1
1193930 1226.9
1193940 1224.3
1193950 1224.3
1193960 1221.3
1193970 1217.8
1193980 1217.8
1193990 1214.6
1194000 1210.6
1194010 1210.6
1194020 1208.0
1194030 1206.0
1194040 1206.0
1194050 1204.1
1194060 1201.9
1194070 1201.9
1194080 1199.3
1194090 1196.6
1194100 1193.8
1194110 1193.8
1194120 1189.5
1194130 1184.5
1194140 1184.5
1194150 1180.1
1194160 1175.0
1194170 1175.0
1194180 1169.9
1194190 1167.1
1194200 1167.1
1194210 1167.0
1194220 1165.3
1194230 1165.3
1194240 1159.5
1194250 1154.3
1194260 1154.3
1194270 1152.4
1194280 1150.5
1194290 1150.5
1194300 1148.5
1194310 1146.6
1194320 1146.6
1194330 1146.2
1194340 1147.2
1194350 1147.2
1194360 1147.1
1194370 1144.9
1194380 1142.4
1194390 1142.4
1194400 1140.1
1194410 1137.4
1194420 1137.4
1194430 1134.5
1194440 1130.8
1194450 1130.8
1194460 1129.6
1194470 1128.6
1194480 1128.6
1194490 1127.0
1194500 1124.9
1194510 1124.9
1194520 1122.9
1194530 1121.5
1194540 1121.5
1194550 1120.5
1194560 1119.3
1194570 1119.3
1194580 1118.0
1194590 1116.8
1194600 1116.8
1194610 1115.2
1194620 1113.7
1194630 1112.1
1194640 1112.1
1194650 1110.5
1194660 1108.9
1194670 1108.9
1194680 1107.4
1194690 1105.9
1194700 1105.9
1194710 1104.4
1194720 1102.7
1194730 1102.7
1194740 1101.3
1194750 1099.7
1194760 1099.7
1194770 1098.3
1194780 1097.2
1194790 1097.2
1194800 1096.2
1194810 1094.6
1194820 1094.6
1194830 1093.4
1194840 1092.0
1194850 1092.0
1194860 1090.5
1194870 1089.1
1194880 1088.8
1194890 1087.4
1194900 1086.1
1194910 1084.6
1194920 1084.6
1194930 1083.3
1194940 1082.0
1194950 1082.0
1194960 1080.8
1194970 1079.7
1194980 1079.7
1194990 1078.5
1195000 1077.5
1195010 1077.5
1195020 1076.6
1195030 1075.7
1195040 1075.7
1195050 1074.2
1195060 1072.5
1195070 1072.5
1195080 1070.9
1195090 1069.2
1195100 1069.2
1195110 1068.0
1195120 1067.4
1195130 1067.4
1195140 1065.2
1195150 1062.6
1195160 1061.6
1195170 1061.6
1195180 1060.1
1195190 1058.7
1195200 1058.7
1195210 1057.1
1195220 1055.4
1195230 1055.4
1195240 1054.2
1195250 1053.4
1195260 1053.4
1195270 1052.5
1195280 1051.7
1195290 1051.7
1195300 1050.7
1195310 1049.5
1195320 1048.6
1195330 1047.7
1195340 1046.6
1195350 1046.6
1195360 1045.4
1195370 1044.2
1195380 1044.2
1195390 1043.0
1195400 1041.8
1195410 1041.8
1195420 1040.8
1195430 1039.7
1195440 1038.6
1195450 1038.6
1195460 1037.3
1195470 1036.1
1195480 1036.1
1195490 1035.0
1195500 1033.7
1195510 1033.7
1195520 1032.4
1195530 1031.3
1195540 1031.3
1195550 1030.0
1195560 1028.9
1195570 1028.9
1195580 1027.7
1195590 1027.1
1195600 1027.1
1195610 1026.3
1195620 1025.0
1195630 1025.0
1195640 1023.8
1195650 1022.6
1195660 1022.6
1195670 1021.4
1195680 1020.3
1195690 1019.5
1195700 1019.5
1195710 1018.6
1195720 1017.5
1195730 1017.5
1195740 1016.4
1195750 1015.5
1195760 1015.9
1195770 1015.0
1195780 1013.9
1195790 1013.9
1195800 1012.8
1195810 1012.4
1195820 1012.4
1195830 1011.7
1195840 1010.8
1195850 1010.8
1195860 1010.2
1195870 1009.2
1195880 1009.2
1195890 1009.2
1195900 1010.4
1195910 1010.4
1195920 1009.2
1195930 1007.8
1195940 1007.8
1195950 1007.3
1195960 1006.9
1195970 1005.8
1195980 1005.8
1195990 1003.8
1196000 1002.7
1196010 1002.7
1196020 1002.3
1196030 1002.0
1196040 1002.0
1196050 1001.8
1196060 1000.6
1196070 1000.6
1196080 999.6
1196090 999.1
1196100 999.1
1196110 998.8
1196120 998.3
1196130 998.3
1196140 997.7
1196150 998.0
1196160 998.0
1196170 997.9
1196180 995.6
1196190 995.6
1196200 996.9
1196210 998.8
1196220 997.9
1196230 997.9
1196240 996.0
1196250 992.9
1196260 992.9
1196270 991.5
1196280 987.6
1196290 987.6
1196300 981.7
1196310 976.1
1196320 976.1
1196330 971.9
1196340 968.8
1196350 968.8
1196360 965.7
1196370 963.5
1196380 963.5
1196390 962.8
1196400 961.9
1196410 961.9
1196420 960.1
1196430 957.8
1196440 957.8
1196450 957.5
1196460 958.7
1196470 958.7
1196480 956.8
1196490 954.3
1196500 951.3
1196510 951.3
1196520 949.1
1196530 948.1
1196540 948.1
1196550 947.2
1196560 946.3
1196570 946.3
1196580 945.7
1196590 945.0
1196600 945.0
1196610 944.5
1196620 943.8
1196630 943.8
1196640 942.2
1196650 941.8
1196660 941.8
1196670 941.4
1196680 941.1
1196690 941.1
1196700 940.6
1196710 940.0
1196720 940.0
1196730 939.5
1196740 938.9
1196750 937.6
1196760 937.6
1196770 936.9
1196780 936.3
1196790 936.3
1196800 935.7
1196810 935.2
1196820 935.2
1196830 934.6
1196840 933.5
1196850 933.5
1196860 932.8
1196870 932.5
1196880 932.5
1196890 931.7
1196900 930.9
1196910 930.9
1196920 930.3
1196930 929.3
1196940 929.3
1196950 928.6
1196960 928.3
1196970 928.3
1196980 928.0
1196990 927.7
1197000 927.7
1197010 927.4
1197020 927.1
1197030 926.1
1197040 926.1
1197050 923.4
1197060 920.2
1197070 920.2
1197080 916.9
1197090 912.9
1197100 912.9
1197110 908.0
1197120 901.7
1197130 901.7
1197140 897.2
1197150 894.6
1197160 894.6
1197170 893.6
1197180 893.0
1197190 893.0
1197200 892.4
1197210 891.8
1197220 891.8
1197230 891.4
1197240 891.1
1197250 891.1
1197260 891.3
1197270 892.8
1197280 895.1
1197290 895.1
1197300 896.0
1197310 895.2
1197320 895.2
1197330 895.0
1197340 893.4
1197350 893.4
1197360 892.3
1197370 891.9
1197380 891.9
1197390 891.7
1197400 891.6
1197410 891.6
1197420 891.5
1197430 891.1
1197440 891.1
1197450 889.4
1197460 886.0
1197470 886.0
1197480 883.3
1197490 882.4
1197500 882.4
1197510 882.0
1197520 882.0
1197530 881.4
1197540 881.4
1197550 877.7
1197560 872.0
1197570 872.0
1197580 869.6
1197590 872.8
1197600 872.8
1197610 877.8
1197620 876.4
1197630 876.4
1197640 870.4
1197650 864.5
1197660 864.5
1197670 859.2
1197680 855.1
1197690 855.1
1197700 851.4
1197710 847.9
1197720 847.9
1197730 844.5
1197740 841.4
1197750 841.4
1197760 839.3
1197770 838.4
1197780 838.4
1197790 838.7
1197800 839.4
1197810 839.8
1197820 839.8
1197830 839.2
1197840 837.7
1197850 837.7
1197860 837.5
1197870 837.6
1197880 837.6
1197890 837.6
1197900 835.8
1197910 835.8
1197920 830.6
1197930 824.8
1197940 824.8
1197950 820.1
1197960 818.4
1197970 819.2
1197980 816.3
1197990 814.4
1198000 814.4
1198010 813.9
1198020 813.9
1198030 813.9
1198040 813.9
1198050 813.7
1198060 813.7
1198070 813.4
1198080 813.0
1198090 812.5
1198100 812.5
1198110 812.0
1198120 811.2
1198130 811.2
1198140 810.1
1198150 809.2
1198160 809.2
1198170 808.1
1198180 807.5
1198190 807.5
1198200 807.7
1198210 807.3
1198220 807.3
1198230 807.4
1198240 810.0
1198250 810.0
1198260 810.4
1198270 810.3
1198280 810.3
1198290 810.4
1198300 810.0
1198310 810.0
1198320 809.5
1198330 809.1
1198340 808.7
1198350 808.7
1198360 808.2
1198370 807.5
1198380 807.5
1198390 807.1
1198400 807.0
1198410 807.0
1198420 806.1
1198430 805.6
1198440 805.6
1198450 805.6
1198460 805.6
1198470 805.6
1198480 805.5
1198490 805.9
1198500 805.9
1198510 806.6
1198520 807.2
1198530 807.2
1198540 806.7
1198550 805.6
1198560 805.6
1198570 804.3
1198580 803.1
1198590 803.1
1198600 802.1
1198610 801.6
1198620 801.4
1198630 801.4
1198640 801.0
1198650 800.7
1198660 800.7
1198670 800.7
1198680 800.2
1198690 800.2
1198700 799.9
1198710 799.8
1198720 799.8
1198730 799.1
1198740 798.4
1198750 798.4
1198760 797.7
1198770 797.1
1198780 797.1
1198790 796.5
1198800 795.8
1198810 795.8
1198820 795.3
1198830 794.9
1198840 794.9
1198850 794.4
1198860 794.2
1198870 794.0
1198880 794.0
1198890 793.8
1198900 793.1
1198910 793.1
1198920 792.9
1198930 792.7
1198940 792.7
1198950 792.6
1198960 792.4
1198970 792.4
1198980 792.2
1198990 792.1
1199000 792.1
1199010 792.1
1199020 791.6
1199030 791.6
1199040 791.7
1199050 791.7
1199060 791.7
1199070 791.5
1199080 791.2
1199090 791.2
1199100 790.9
1199110 790.6
1199120 790.6
1199130 790.2
1199140 789.9
1199150 789.6
1199160 789.6
1199170 789.4
1199180 789.3
1199190 789.3
1199200 789.1
1199210 788.9
1199220 788.9
1199230 788.9
1199240 789.1
1199250 789.1
1199260 789.1
1199270 789.2
1199280 789.2
1199290 789.2
1199300 789.1
1199310 789.0
1199320 788.7
1199330 787.8
1199340 787.8
1199350 787.1
1199360 787.5
1199370 787.5
1199380 787.5
1199390 787.2
1199400 786.7
1199410 786.7
1199420 786.1
1199430 785.6
1199440 785.6
1199450 785.1
1199460 784.7
1199470 784.7
1199480 784.3
1199490 783.9
1199500 783.9
1199510 783.5
1199520 783.2
1199530 783.2
1199540 783.0
1199550 782.7
1199560 782.7
1199570 782.3
1199580 781.9
1199590 781.9
1199600 781.5
1199610 781.1
1199620 781.1
1199630 780.9
1199640 780.8
1199650 780.8
1199660 780.7
1199670 780.6
1199680 780.6
1199690 780.6
1199700 780.4
1199710 780.2
1199720 780.2
1199730 780.0
1199740 779.6
1199750 779.6
1199760 779.7
1199770 779.9
1199780 779.9
1199790 780.0
1199800 780.1
1199810 780.1
1199820 780.2
1199830 780.3
1199840 780.3
1199850 780.5
1199860 780.5
1199870 780.5
1199880 780.6
1199890 780.5
1199900 780.5
1199910 780.6
1199920 780.6
1199930 780.5
1199940 780.5
1199950 780.4
1199960 780.5
1199970 780.5
1199980 780.6
1199990 780.7
