1180000 1851.2
1180010 1862.9
1180020 1872.9
1180030 1872.9
1180040 1877.1
1180050 1880.3
1180060 1880.3
1180070 1890.0
1180080 1897.6
1180090 1897.6
1180100 1910.7
1180110 1921.7
1180120 1921.7
1180130 1931.3
1180140 1943.1
1180150 1948.4
1180160 1951.3
1180170 1954.4
1180180 1954.4
1180190 1958.6
1180200 1962.7
1180210 1965.1
1180220 1965.1
1180230 1966.9
1180240 1968.5
1180250 1968.5
1180260 1974.6
1180270 1978.5
1180280 1978.5
1180290 1983.1
1180300 1989.1
1180310 1989.1
1180320 1993.6
1180330 1999.4
1180340 1999.4
1180350 2006.6
1180360 2010.1
1180370 2010.1
1180380 2017.6
1180390 2030.3
1180400 2030.3
1180410 2039.3
1180420 2046.1
1180430 2046.1
1180440 2051.0
1180450 2054.0
1180460 2054.0
1180470 2055.5
1180480 2057.1
1180490 2052.5
1180500 2052.5
1180510 2047.2
1180520 2061.1
1180530 2061.1
1180540 2079.8
1180550 2093.2
1180560 2093.2
1180570 2104.8
1180580 2113.6
1180590 2113.6
1180600 2120.5
1180610 2128.6
1180620 2128.6
1180630 2139.1
1180640 2147.0
1180650 2147.0
1180660 2154.1
1180670 2161.6
1180680 2161.6
1180690 2168.0
1180700 2174.1
1180710 2174.1
1180720 2179.2
1180730 2186.3
1180740 2186.3
1180750 2191.4
1180760 2194.0
1180770 2199.1
1180780 2199.1
1180790 2205.3
1180800 2212.8
1180810 2212.8
1180820 2222.1
1180830 2230.3
1180840 2230.3
1180850 2234.2
1180860 2236.4
1180870 2236.4
1180880 2237.9
1180890 2238.2
1180900 2238.2
1180910 2236.3
1180920 2230.5
1180930 2230.5
1180940 2221.0
1180950 2213.8
1180960 2213.8
1180970 2209.5
1180980 2215.2
1180990 2222.2
1181000 2227.5
1181010 2235.3
1181020 2233.3
1181030 2233.3
1181040 2228.0
1181050 2219.5
1181060 2219.5
1181070 2203.7
1181080 2193.7
1181090 2193.7
1181100 2186.1
1181110 2188.5
1181120 2188.5
1181130 2190.8
1181140 2186.8
1181150 2186.8
1181160 2190.0
1181170 2201.0
1181180 2201.0
1181190 2213.8
1181200 2234.0
1181210 2234.0
1181220 2235.1
1181230 2241.1
1181240 2241.1
1181250 2245.0
1181260 2242.5
1181270 2242.5
1181280 2244.6
1181290 2246.6
1181300 2256.0
1181310 2256.0
1181320 2270.7
1181330 2267.9
1181340 2267.9
1181350 2257.8
1181360 2257.3
1181370 2257.3
1181380 2269.7
1181390 2280.1
1181400 2280.1
1181410 2296.6
1181420 2310.1
1181430 2310.1
1181440 2318.9
1181450 2322.7
1181460 2322.7
1181470 2329.9
1181480 2339.5
1181490 2339.5
1181500 2347.2
1181510 2352.0
1181520 2352.0
1181530 2354.7
1181540 2353.2
1181550 2346.1
1181560 2346.1
1181570 2335.9
1181580 2327.1
1181590 2327.1
1181600 2318.9
1181610 2311.9
1181620 2311.9
1181630 2307.1
1181640 2301.7
1181650 2301.7
1181660 2297.6
1181670 2301.9
1181680 2301.9
1181690 2321.7
1181700 2339.9
1181710 2339.9
1181720 2343.4
1181730 2348.5
1181740 2348.5
1181750 2362.3
1181760 2369.6
1181770 2369.6
1181780 2368.0
1181790 2373.9
1181800 2373.9
1181810 2377.3
1181820 2376.5
1181830 2360.6
1181840 2360.6
1181850 2347.1
1181860 2324.9
1181870 2324.9
1181880 2308.3
1181890 2297.2
1181900 2297.2
1181910 2275.1
1181920 2261.1
1181930 2261.1
1181940 2255.5
1181950 2244.7
1181960 2244.7
1181970 2235.0
1181980 2222.6
1181990 2222.6
1182000 2207.1
1182010 2201.4
1182020 2201.4
1182030 2203.9
1182040 2189.8
1182050 2189.8
1182060 2167.2
1182070 2150.9
1182080 2118.8
1182090 2118.8
1182100 2088.6
1182110 2070.0
1182120 2070.0
1182130 2055.9
1182140 2046.2
1182150 2046.2
1182160 2037.7
1182170 2029.5
1182180 2029.5
1182190 2020.7
1182200 2011.5
1182210 2011.5
1182220 2003.3
1182230 1995.7
1182240 1995.7
1182250 1988.2
1182260 1977.5
1182270 1977.5
1182280 1963.0
1182290 1951.4
1182300 1951.4
1182310 1942.8
1182320 1931.8
1182330 1931.8
1182340 1922.8
1182350 1915.2
1182360 1906.5
1182370 1906.5
1182380 1893.8
1182390 1883.4
1182400 1883.4
1182410 1877.5
1182420 1874.4
1182430 1874.4
1182440 1873.3
1182450 1871.3
1182460 1871.3
1182470 1866.2
1182480 1862.1
1182490 1862.1
1182500 1857.2
1182510 1843.5
1182520 1843.5
1182530 1836.0
1182540 1832.0
1182550 1832.0
1182560 1826.0
1182570 1812.0
1182580 1812.0
1182590 1801.7
1182600 1797.1
1182610 1792.2
1182620 1792.2
1182630 1787.7
1182640 1783.7
1182650 1783.7
1182660 1779.1
1182670 1780.1
1182680 1780.1
1182690 1776.1
1182700 1772.2
1182710 1772.2
1182720 1767.7
1182730 1763.2
1182740 1763.2
1182750 1758.2
1182760 1753.0
1182770 1753.0
1182780 1747.6
1182790 1742.9
1182800 1742.9
1182810 1738.5
1182820 1733.9
1182830 1733.9
1182840 1729.3
1182850 1724.5
1182860 1724.5
1182870 1717.5
1182880 1709.9
1182890 1702.8
1182900 1702.8
1182910 1698.9
1182920 1698.4
1182930 1698.4
1182940 1696.7
1182950 1695.5
1182960 1695.5
1182970 1695.8
1182980 1695.3
1182990 1695.3
1183000 1693.4
1183010 1691.5
1183020 1691.5
1183030 1690.1
1183040 1687.4
1183050 1687.4
1183060 1685.9
1183070 1687.1
1183080 1687.1
1183090 1685.6
1183100 1685.9
1183110 1685.9
1183120 1685.3
1183130 1687.0
1183140 1687.0
1183150 1688.2
1183160 1690.4
1183170 1695.3
1183180 1695.3
1183190 1701.9
1183200 1708.5
1183210 1708.5
1183220 1715.0
1183230 1721.4
1183240 1721.4
1183250 1731.6
1183260 1748.8
1183270 1748.8
1183280 1767.3
1183290 1784.7
1183300 1784.7
1183310 1799.0
1183320 1820.5
1183330 1820.5
1183340 1840.1
1183350 1854.4
1183360 1854.4
1183370 1866.3
1183380 1873.2
1183390 1873.2
1183400 1876.1
1183410 1880.1
1183420 1887.0
1183430 1887.0
1183440 1895.1
1183450 1902.3
1183460 1902.3
1183470 1908.3
1183480 1913.6
1183490 1913.6
1183500 1919.0
1183510 1924.3
1183520 1923.9
1183530 1930.9
1183540 1938.7
1183550 1938.7
1183560 1947.2
1183570 1955.4
1183580 1955.4
1183590 1966.0
1183600 1977.4
1183610 1977.4
1183620 1985.0
1183630 1991.3
1183640 1991.3
1183650 1995.6
1183660 2000.2
1183670 2000.2
1183680 2004.1
1183690 2008.1
1183700 2012.2
1183710 2012.2
1183720 2016.7
1183730 2020.8
1183740 2020.8
1183750 2024.5
1183760 2028.6
1183770 2028.6
1183780 2032.3
1183790 2037.2
1183800 2037.2
1183810 2042.1
1183820 2045.8
1183830 2045.8
1183840 2048.1
1183850 2052.3
1183860 2052.3
1183870 2059.7
1183880 2065.4
1183890 2065.4
1183900 2070.1
1183910 2074.3
1183920 2074.3
1183930 2076.9
1183940 2069.8
1183950 2068.4
1183960 2068.4
1183970 2068.5
1183980 2071.3
1183990 2071.3
1184000 2075.5
1184010 2079.3
1184020 2079.3
1184030 2084.7
1184040 2092.3
1184050 2092.3
1184060 2100.1
1184070 2110.0
1184080 2110.0
1184090 2122.7
1184100 2137.3
1184110 2137.3
1184120 2150.9
1184130 2161.6
1184140 2161.6
1184150 2173.3
1184160 2184.1
1184170 2184.1
1184180 2194.8
1184190 2204.9
1184200 2204.9
1184210 2215.1
1184220 2227.4
1184230 2239.5
1184240 2239.5
1184250 2250.0
1184260 2261.8
1184270 2261.8
1184280 2269.2
1184290 2274.2
1184300 2274.2
1184310 2272.2
1184320 2272.2
1184330 2272.2
1184340 2278.5
1184350 2283.9
1184360 2283.9
1184370 2284.2
1184380 2288.2
1184390 2288.2
1184400 2294.4
1184410 2297.0
1184420 2297.0
1184430 2299.0
1184440 2304.8
1184450 2304.8
1184460 2308.6
1184470 2319.1
1184480 2336.0
1184490 2336.0
1184500 2355.1
1184510 2369.3
1184520 2369.3
1184530 2376.6
1184540 2372.1
1184550 2372.1
1184560 2364.2
1184570 2359.4
1184580 2359.4
1184590 2360.1
1184600 2365.0
1184610 2365.0
1184620 2368.2
1184630 2371.7
1184640 2371.7
1184650 2378.3
1184660 2388.7
1184670 2388.7
1184680 2399.7
1184690 2412.8
1184700 2412.8
1184710 2429.0
1184720 2449.2
1184730 2449.2
1184740 2463.6
1184750 2466.0
1184760 2458.1
1184770 2458.1
1184780 2439.2
1184790 2423.6
1184800 2423.6
1184810 2421.6
1184820 2426.9
1184830 2426.9
1184840 2423.2
1184850 2413.7
1184860 2413.7
1184870 2407.6
1184880 2406.9
1184890 2406.9
1184900 2407.0
1184910 2407.7
1184920 2407.7
1184930 2411.7
1184940 2417.0
1184950 2417.0
1184960 2420.7
1184970 2423.5
1184980 2423.5
1184990 2426.2
1185000 2429.5
1185010 2429.5
1185020 2435.7
1185030 2439.3
1185040 2442.8
1185050 2442.8
1185060 2447.7
1185070 2454.4
1185080 2454.4
1185090 2460.1
1185100 2466.0
1185110 2466.0
1185120 2472.0
1185130 2477.6
1185140 2477.6
1185150 2484.6
1185160 2495.6
1185170 2495.6
1185180 2503.6
1185190 2506.7
1185200 2506.7
1185210 2508.9
1185220 2515.2
1185230 2515.2
1185240 2522.2
1185250 2528.7
1185260 2528.7
1185270 2535.1
1185280 2541.2
1185290 2548.0
1185300 2548.0
1185310 2554.7
1185320 2563.3
1185330 2563.3
1185340 2572.7
1185350 2581.3
1185360 2581.3
1185370 2588.4
1185380 2595.7
1185390 2595.7
1185400 2603.0
1185410 2611.3
1185420 2611.3
1185430 2619.2
1185440 2627.7
1185450 2627.7
1185460 2637.5
1185470 2647.0
1185480 2647.0
1185490 2654.1
1185500 2661.4
1185510 2661.4
1185520 2668.5
1185530 2675.6
1185540 2675.6
1185550 2683.1
1185560 2690.5
1185570 2697.3
1185580 2697.3
1185590 2703.8
1185600 2710.5
1185610 2710.5
1185620 2717.4
1185630 2724.0
1185640 2725.2
1185650 2731.7
1185660 2737.5
1185670 2737.5
1185680 2745.3
1185690 2751.1
1185700 2751.1
1185710 2756.1
1185720 2761.4
1185730 2761.4
1185740 2765.7
1185750 2765.0
1185760 2765.0
1185770 2753.3
1185780 2739.7
1185790 2739.7
1185800 2726.3
1185810 2714.0
1185820 2703.5
1185830 2703.5
1185840 2696.6
1185850 2688.9
1185860 2688.9
1185870 2679.4
1185880 2670.4
1185890 2670.4
1185900 2662.5
1185910 2654.9
1185920 2654.9
1185930 2647.5
1185940 2641.3
1185950 2641.3
1185960 2632.8
1185970 2622.0
1185980 2622.0
1185990 2611.1
1186000 2603.8
1186010 2603.8
1186020 2597.5
1186030 2591.5
1186040 2591.5
1186050 2585.8
1186060 2579.9
1186070 2582.1
1186080 2576.8
1186090 2571.9
1186100 2566.1
1186110 2566.1
1186120 2560.0
1186130 2554.3
1186140 2554.3
1186150 2548.9
1186160 2543.2
1186170 2543.2
1186180 2537.5
1186190 2532.1
1186200 2532.1
1186210 2526.9
1186220 2521.5
1186230 2521.5
1186240 2515.6
1186250 2509.2
1186260 2509.2
1186270 2502.0
1186280 2494.0
1186290 2494.0
1186300 2486.9
1186310 2481.0
1186320 2481.0
1186330 2475.4
1186340 2469.8
1186350 2464.2
1186360 2464.2
1186370 2458.9
1186380 2452.1
1186390 2452.1
1186400 2440.6
1186410 2428.0
1186420 2428.0
1186430 2419.3
1186440 2412.6
1186450 2412.6
1186460 2403.5
1186470 2396.2
1186480 2396.2
1186490 2401.6
1186500 2396.8
1186510 2396.8
1186520 2391.1
1186530 2384.0
1186540 2384.0
1186550 2377.2
1186560 2370.0
1186570 2370.0
1186580 2362.5
1186590 2355.0
1186600 2355.0
1186610 2349.1
1186620 2344.0
1186630 2339.0
1186640 2339.0
1186650 2334.1
1186660 2329.9
1186670 2329.9
1186680 2326.3
1186690 2323.2
1186700 2323.2
1186710 2320.3
1186720 2316.8
1186730 2316.8
1186740 2313.6
1186750 2310.9
1186760 2310.9
1186770 2307.9
1186780 2305.3
1186790 2305.3
1186800 2302.9
1186810 2300.7
1186820 2300.7
1186830 2299.0
1186840 2298.5
1186850 2298.5
1186860 2299.0
1186870 2300.3
1186880 2302.6
1186890 2302.6
1186900 2305.9
1186910 2309.8
1186920 2304.7
1186930 2308.1
1186940 2313.2
1186950 2313.2
1186960 2320.5
1186970 2320.8
1186980 2320.8
1186990 2319.4
1187000 2315.4
1187010 2315.4
1187020 2309.0
1187030 2305.6
1187040 2305.6
1187050 2303.6
1187060 2299.4
1187070 2299.4
1187080 2296.3
1187090 2286.7
1187100 2286.7
1187110 2274.1
1187120 2262.6
1187130 2262.6
1187140 2253.6
1187150 2247.6
1187160 2241.2
1187170 2241.2
1187180 2237.9
1187190 2236.5
1187200 2236.5
1187210 2230.5
1187220 2222.9
1187230 2222.9
1187240 2215.4
1187250 2206.3
1187260 2206.3
1187270 2198.2
1187280 2191.5
1187290 2191.5
1187300 2179.5
1187310 2167.7
1187320 2167.7
1187330 2161.4
1187340 2153.7
1187350 2161.0
1187360 2152.8
1187370 2145.4
1187380 2145.4
1187390 2135.6
1187400 2124.1
1187410 2124.1
1187420 2118.3
1187430 2113.3
1187440 2107.5
1187450 2107.5
1187460 2102.0
1187470 2096.8
1187480 2096.8
1187490 2092.0
1187500 2088.4
1187510 2088.4
1187520 2085.5
1187530 2083.0
1187540 2083.0
1187550 2082.7
1187560 2083.6
1187570 2083.6
1187580 2085.1
1187590 2082.1
1187600 2082.1
1187610 2076.5
1187620 2069.3
1187630 2069.3
1187640 2062.3
1187650 2056.3
1187660 2056.3
1187670 2050.7
1187680 2047.0
1187690 2044.7
1187700 2044.7
1187710 2044.5
1187720 2044.6
1187730 2044.6
1187740 2043.0
1187750 2043.4
1187760 2043.4
1187770 2043.8
1187780 2039.0
1187790 2039.0
1187800 2039.2
1187810 2041.6
1187820 2041.6
1187830 2045.4
1187840 2047.5
1187850 2047.5
1187860 2045.7
1187870 2044.6
1187880 2044.6
1187890 2045.1
1187900 2047.3
1187910 2047.3
1187920 2049.3
1187930 2050.2
1187940 2050.2
1187950 2048.4
1187960 2049.3
1187970 2051.2
1187980 2051.2
1187990 2055.8
1188000 2062.8
1188010 2062.8
1188020 2065.9
1188030 2066.5
1188040 2066.5
1188050 2070.0
1188060 2074.0
1188070 2074.0
1188080 2077.8
1188090 2081.9
1188100 2081.9
1188110 2086.1
1188120 2089.3
1188130 2089.3
1188140 2090.0
1188150 2090.9
1188160 2090.9
1188170 2091.5
1188180 2094.4
1188190 2094.4
1188200 2099.9
1188210 2095.2
1188220 2097.8
1188230 2097.8
1188240 2101.4
1188250 2102.8
1188260 2102.8
1188270 2106.9
1188280 2113.2
1188290 2113.2
1188300 2118.3
1188310 2123.0
1188320 2123.0
1188330 2127.2
1188340 2129.6
1188350 2129.6
1188360 2131.7
1188370 2133.6
1188380 2133.6
1188390 2137.8
1188400 2143.0
1188410 2143.0
1188420 2149.9
1188430 2158.5
1188440 2158.5
1188450 2165.1
1188460 2172.1
1188470 2172.1
1188480 2178.3
1188490 2185.5
1188500 2192.1
1188510 2192.1
1188520 2199.3
1188530 2205.7
1188540 2205.7
1188550 2214.0
1188560 2224.0
1188570 2224.0
1188580 2229.4
1188590 2231.3
1188600 2231.3
1188610 2233.5
1188620 2242.8
1188630 2242.8
1188640 2257.5
1188650 2260.9
1188660 2260.9
1188670 2251.7
1188680 2241.2
1188690 2241.2
1188700 2237.6
1188710 2234.9
1188720 2234.9
1188730 2235.7
1188740 2236.2
1188750 2240.1
1188760 2240.1
1188770 2242.9
1188780 2244.3
1188790 2244.3
1188800 2244.4
1188810 2245.8
1188820 2245.8
1188830 2253.7
1188840 2252.6
1188850 2252.6
1188860 2252.8
1188870 2255.4
1188880 2255.4
1188890 2259.5
1188900 2268.4
1188910 2268.4
1188920 2279.4
1188930 2287.2
1188940 2287.2
1188950 2289.7
1188960 2288.7
1188970 2288.7
1188980 2288.5
1188990 2288.7
1189000 2288.7
1189010 2291.9
1189020 2291.5
1189030 2285.2
1189040 2285.2
1189050 2280.0
1189060 2277.0
1189070 2270.0
1189080 2265.5
1189090 2260.3
1189100 2260.3
1189110 2256.3
1189120 2253.1
1189130 2253.1
1189140 2245.9
1189150 2237.6
1189160 2237.6
1189170 2241.5
1189180 2242.5
1189190 2242.5
1189200 2240.8
1189210 2237.2
1189220 2237.2
1189230 2234.9
1189240 2239.8
1189250 2239.8
1189260 2248.4
1189270 2256.6
1189280 2256.6
1189290 2261.6
1189300 2269.0
1189310 2277.2
1189320 2277.2
1189330 2274.3
1189340 2274.0
1189350 2274.0
1189360 2286.0
1189370 2298.0
1189380 2298.0
1189390 2299.4
1189400 2304.8
1189410 2304.8
1189420 2312.4
1189430 2315.2
1189440 2315.2
1189450 2336.9
1189460 2346.9
1189470 2346.9
1189480 2347.6
1189490 2349.3
1189500 2334.9
1189510 2327.9
1189520 2324.6
1189530 2324.6
1189540 2336.4
1189550 2333.2
1189560 2328.6
1189570 2328.6
1189580 2328.2
1189590 2322.9
1189600 2322.9
1189610 2306.8
1189620 2304.2
1189630 2304.2
1189640 2315.0
1189650 2323.3
1189660 2323.3
1189670 2317.6
1189680 2307.5
1189690 2307.5
1189700 2300.2
1189710 2304.6
1189720 2304.6
1189730 2313.9
1189740 2323.0
1189750 2323.0
1189760 2337.0
1189770 2362.4
1189780 2362.4
1189790 2365.6
1189800 2344.1
1189810 2344.1
1189820 2335.1
1189830 2336.8
1189840 2338.1
1189850 2338.1
1189860 2337.0
1189870 2336.8
1189880 2336.8
1189890 2334.9
1189900 2326.6
1189910 2326.6
1189920 2320.0
1189930 2308.0
1189940 2308.0
1189950 2308.4
1189960 2306.4
1189970 2306.4
1189980 2303.4
1189990 2302.7
1190000 2302.7
1190010 2302.3
1190020 2300.3
1190030 2300.3
1190040 2297.7
1190050 2292.9
1190060 2292.9
1190070 2287.6
1190080 2286.9
1190090 2289.6
1190100 2289.6
1190110 2293.8
1190120 2290.7
1190130 2290.7
1190140 2289.5
1190150 2290.7
1190160 2290.7
1190170 2293.2
1190180 2299.1
1190190 2299.1
1190200 2302.6
1190210 2305.6
1190220 2305.6
1190230 2307.8
1190240 2307.2
1190250 2307.2
1190260 2309.0
1190270 2310.6
1190280 2310.6
1190290 2311.9
1190300 2314.2
1190310 2314.2
1190320 2316.1
1190330 2316.9
1190340 2316.9
1190350 2315.7
1190360 2306.4
1190370 2302.6
1190380 2302.6
1190390 2297.8
1190400 2292.4
1190410 2292.4
1190420 2286.9
1190430 2281.7
1190440 2281.7
1190450 2277.7
1190460 2273.8
1190470 2273.8
1190480 2268.0
1190490 2262.1
1190500 2262.1
1190510 2257.1
1190520 2252.4
1190530 2252.4
1190540 2248.2
1190550 2243.7
1190560 2243.7
1190570 2239.6
1190580 2235.4
1190590 2235.4
1190600 2231.1
1190610 2226.6
1190620 2222.2
1190630 2222.2
1190640 2217.9
1190650 2212.9
1190660 2212.9
1190670 2208.7
1190680 2204.2
1190690 2204.2
1190700 2199.4
1190710 2194.9
1190720 2194.9
1190730 2191.2
1190740 2188.0
1190750 2188.0
1190760 2184.4
1190770 2181.0
1190780 2181.0
1190790 2172.5
1190800 2169.6
1190810 2169.6
1190820 2166.4
1190830 2163.2
1190840 2163.2
1190850 2158.7
1190860 2155.0
1190870 2155.0
1190880 2150.0
1190890 2144.8
1190900 2139.0
1190910 2139.0
1190920 2132.3
1190930 2125.1
1190940 2125.1
1190950 2117.4
1190960 2110.1
1190970 2110.1
1190980 2102.4
1190990 2094.7
1191000 2094.7
1191010 2087.9
1191020 2080.9
1191030 2080.9
1191040 2073.7
1191050 2067.8
1191060 2067.8
1191070 2060.0
1191080 2051.0
1191090 2051.0
1191100 2043.1
1191110 2036.6
1191120 2036.6
1191130 2029.8
1191140 2022.2
1191150 2015.8
1191160 2015.8
1191170 2008.4
1191180 2000.7
1191190 2000.7
1191200 1993.1
1191210 1985.5
1191220 1985.5
1191230 1982.2
1191240 1974.9
1191250 1974.9
1191260 1968.1
1191270 1960.5
1191280 1960.5
1191290 1953.1
1191300 1943.8
1191310 1943.8
1191320 1936.6
1191330 1930.5
1191340 1930.5
1191350 1925.1
1191360 1919.2
1191370 1919.2
1191380 1912.8
1191390 1905.9
1191400 1905.9
1191410 1898.1
1191420 1890.9
1191430 1884.8
1191440 1884.8
1191450 1877.9
1191460 1871.8
1191470 1871.8
1191480 1865.2
1191490 1859.6
1191500 1859.6
1191510 1854.3
1191520 1848.3
1191530 1848.3
1191540 1842.6
1191550 1839.9
1191560 1839.9
1191570 1833.7
1191580 1826.5
1191590 1826.5
1191600 1818.8
1191610 1806.4
1191620 1806.4
1191630 1798.2
1191640 1795.3
1191650 1795.3
1191660 1801.8
1191670 1800.1
1191680 1797.3
1191690 1797.3
1191700 1791.9
1191710 1779.0
1191720 1779.0
1191730 1768.0
1191740 1759.3
1191750 1759.3
1191760 1750.3
1191770 1742.7
1191780 1742.7
1191790 1735.9
1191800 1727.5
1191810 1727.5
1191820 1719.2
1191830 1711.2
1191840 1711.2
1191850 1703.7
1191860 1696.7
1191870 1696.7
1191880 1690.1
1191890 1683.5
1191900 1683.5
1191910 1678.4
1191920 1677.8
1191930 1677.8
1191940 1679.5
1191950 1677.7
1191960 1674.3
1191970 1674.3
1191980 1671.0
1191990 1669.8
1192000 1669.8
1192010 1667.7
1192020 1664.2
1192030 1664.2
1192040 1659.2
1192050 1656.5
1192060 1656.5
1192070 1652.5
1192080 1648.3
1192090 1648.3
1192100 1640.1
1192110 1640.6
1192120 1640.6
1192130 1636.9
1192140 1633.7
1192150 1633.7
1192160 1636.4
1192170 1638.6
1192180 1638.6
1192190 1640.5
1192200 1641.4
1192210 1643.2
1192220 1643.2
1192230 1647.2
1192240 1650.6
1192250 1650.6
1192260 1652.7
1192270 1654.3
1192280 1654.3
1192290 1655.2
1192300 1654.0
1192310 1654.0
1192320 1652.3
1192330 1652.7
1192340 1652.7
1192350 1652.7
1192360 1650.5
1192370 1650.5
1192380 1648.0
1192390 1645.6
1192400 1645.6
1192410 1642.3
1192420 1638.6
1192430 1638.6
1192440 1635.1
1192450 1631.1
1192460 1631.1
1192470 1626.6
1192480 1622.2
1192490 1618.3
1192500 1618.3
1192510 1613.5
1192520 1610.0
1192530 1605.7
1192540 1601.7
1192550 1595.6
1192560 1595.6
1192570 1592.0
1192580 1594.5
1192590 1594.5
1192600 1593.0
1192610 1589.7
1192620 1589.7
1192630 1586.3
1192640 1582.0
1192650 1582.0
1192660 1574.6
1192670 1568.2
1192680 1568.2
1192690 1563.5
1192700 1558.9
1192710 1558.9
1192720 1554.7
1192730 1551.0
1192740 1551.0
1192750 1549.2
1192760 1547.8
1192770 1545.1
1192780 1545.1
1192790 1541.8
1192800 1538.1
1192810 1538.1
1192820 1534.4
1192830 1530.5
1192840 1530.5
1192850 1526.1
1192860 1521.4
1192870 1521.4
1192880 1516.8
1192890 1513.0
1192900 1513.0
1192910 1510.2
1192920 1507.1
1192930 1507.1
1192940 1503.7
1192950 1501.2
1192960 1501.2
1192970 1494.9
1192980 1492.8
1192990 1492.8
1193000 1487.3
1193010 1480.6
1193020 1476.4
1193030 1476.4
1193040 1473.6
1193050 1470.9
1193060 1470.9
1193070 1467.6
1193080 1463.2
1193090 1463.2
1193100 1457.2
1193110 1450.4
1193120 1450.4
1193130 1442.8
1193140 1435.5
1193150 1435.5
1193160 1430.1
1193170 1426.5
1193180 1426.5
1193190 1424.0
1193200 1422.2
1193210 1422.2
1193220 1421.6
1193230 1420.1
1193240 1420.1
1193250 1414.8
1193260 1409.5
1193270 1409.5
1193280 1406.1
1193290 1404.0
1193300 1404.7
1193310 1404.7
1193320 1407.7
1193330 1410.1
1193340 1410.1
1193350 1410.5
1193360 1408.0
1193370 1408.0
1193380 1405.0
1193390 1402.1
1193400 1400.2
1193410 1397.2
1193420 1394.0
1193430 1394.0
1193440 1390.3
1193450 1386.4
1193460 1386.4
1193470 1382.7
1193480 1379.4
1193490 1379.4
1193500 1376.8
1193510 1374.7
1193520 1374.7
1193530 1372.6
1193540 1370.2
1193550 1367.0
1193560 1367.0
1193570 1363.6
1193580 1360.6
1193590 1360.6
1193600 1357.7
1193610 1354.8
1193620 1354.8
1193630 1351.9
1193640 1349.1
1193650 1349.1
1193660 1346.3
1193670 1343.5
1193680 1343.5
1193690 1341.1
1193700 1338.1
1193710 1338.1
1193720 1334.6
1193730 1330.0
1193740 1330.0
1193750 1325.2
1193760 1320.0
1193770 1320.0
1193780 1313.9
1193790 1307.2
1193800 1307.2
1193810 1300.3
1193820 1293.2
1193830 1286.8
1193840 1290.0
1193850 1283.2
1193860 1276.8
1193870 1276.8
1193880 1271.4
1193890 1268.1
1193900 1268.1
1193910 1266.1
1193920 1265.9
1193930 1265.9
1193940 1266.5
1193950 1268.0
1193960 1268.0
1193970 1269.9
1193980 1270.5
1193990 1270.5
1194000 1266.9
1194010 1262.2
1194020 1262.2
1194030 1257.3
1194040 1252.2
1194050 1252.2
1194060 1247.6
1194070 1243.7
1194080 1240.3
1194090 1240.3
1194100 1236.5
1194110 1232.0
1194120 1232.0
1194130 1227.9
1194140 1224.9
1194150 1224.9
1194160 1220.9
1194170 1215.9
1194180 1215.9
1194190 1210.9
1194200 1208.0
1194210 1208.0
1194220 1206.4
1194230 1205.4
1194240 1205.4
1194250 1205.3
1194260 1203.8
1194270 1203.8
1194280 1198.7
1194290 1198.6
1194300 1198.6
1194310 1197.9
1194320 1196.2
1194330 1196.2
1194340 1193.7
1194350 1190.9
1194360 1187.7
1194370 1187.7
1194380 1184.8
1194390 1181.7
1194400 1181.7
1194410 1177.8
1194420 1172.8
1194430 1172.8
1194440 1170.1
1194450 1167.6
1194460 1167.6
1194470 1166.1
1194480 1164.4
1194490 1164.4
1194500 1162.2
1194510 1159.7
1194520 1159.7
1194530 1157.2
1194540 1154.6
1194550 1154.6
1194560 1152.0
1194570 1149.5
1194580 1149.5
1194590 1146.9
1194600 1144.4
1194610 1141.8
1194620 1141.8
1194630 1139.3
1194640 1137.2
1194650 1137.2
1194660 1135.2
1194670 1133.4
1194680 1133.4
1194690 1132.1
1194700 1130.7
1194710 1130.7
1194720 1127.9
1194730 1126.2
1194740 1126.2
1194750 1125.1
1194760 1123.1
1194770 1123.1
1194780 1121.4
1194790 1119.5
1194800 1119.5
1194810 1118.0
1194820 1116.6
1194830 1116.6
1194840 1115.1
1194850 1113.4
1194860 1113.4
1194870 1112.0
1194880 1110.5
1194890 1108.9
1194900 1108.9
1194910 1107.5
1194920 1106.3
1194930 1106.3
1194940 1105.0
1194950 1103.8
1194960 1103.8
1194970 1102.7
1194980 1100.4
1194990 1100.4
1195000 1097.7
1195010 1096.4
1195020 1096.4
1195030 1094.7
1195040 1092.8
1195050 1092.8
1195060 1091.2
1195070 1089.7
1195080 1089.7
1195090 1088.4
1195100 1086.9
1195110 1086.9
1195120 1085.2
1195130 1084.3
1195140 1083.7
1195150 1084.6
1195160 1084.1
1195170 1083.6
1195180 1083.6
1195190 1082.9
1195200 1081.7
1195210 1081.7
1195220 1080.6
1195230 1079.2
1195240 1079.2
1195250 1078.1
1195260 1077.0
1195270 1077.0
1195280 1075.3
1195290 1073.4
1195300 1073.4
1195310 1072.0
1195320 1070.6
1195330 1070.6
1195340 1069.7
1195350 1068.9
1195360 1068.9
1195370 1067.0
1195380 1064.9
1195390 1064.9
1195400 1063.2
1195410 1062.0
1195420 1061.0
1195430 1061.0
1195440 1060.1
1195450 1059.2
1195460 1059.2
1195470 1058.2
1195480 1056.9
1195490 1056.9
1195500 1056.2
1195510 1055.6
1195520 1055.6
1195530 1055.8
1195540 1056.5
1195550 1056.5
1195560 1056.4
1195570 1055.5
1195580 1055.5
1195590 1053.7
1195600 1053.3
1195610 1053.3
1195620 1053.2
1195630 1053.3
1195640 1053.3
1195650 1052.4
1195660 1051.4
1195670 1050.8
1195680 1050.8
1195690 1050.0
1195700 1049.0
1195710 1049.0
1195720 1047.5
1195730 1046.4
1195740 1046.4
1195750 1045.6
1195760 1042.2
1195770 1042.2
1195780 1039.9
1195790 1043.4
1195800 1043.4
1195810 1044.7
1195820 1043.6
1195830 1043.6
1195840 1042.4
1195850 1041.2
1195860 1041.2
1195870 1039.7
1195880 1038.0
1195890 1038.0
1195900 1036.1
1195910 1034.2
1195920 1034.2
1195930 1032.7
1195940 1031.7
1195950 1030.8
1195960 1030.8
1195970 1029.9
1195980 1028.8
1195990 1028.8
1196000 1027.6
1196010 1026.5
1196020 1026.5
1196030 1025.8
1196040 1025.0
1196050 1025.0
1196060 1024.8
1196070 1024.6
1196080 1024.6
1196090 1024.2
1196100 1023.3
1196110 1023.3
1196120 1022.5
1196130 1021.9
1196140 1021.9
1196150 1020.5
1196160 1018.4
1196170 1018.4
1196180 1017.0
1196190 1015.8
1196200 1015.5
1196210 1015.5
1196220 1014.5
1196230 1011.9
1196240 1011.9
1196250 1011.3
1196260 1011.5
1196270 1011.5
1196280 1009.4
1196290 1007.5
1196300 1007.5
1196310 1006.6
1196320 1005.9
1196330 1005.9
1196340 1005.4
1196350 1005.2
1196360 1005.2
1196370 1005.2
1196380 1005.3
1196390 1005.3
1196400 1005.3
1196410 1005.3
1196420 1005.3
1196430 1005.9
1196440 1006.8
1196450 1006.8
1196460 1007.2
1196470 1007.3
1196480 1007.3
1196490 1007.3
1196500 1005.0
1196510 999.4
1196520 999.4
1196530 993.8
1196540 988.4
1196550 988.4
1196560 982.8
1196570 976.9
1196580 976.9
1196590 972.2
1196600 968.0
1196610 968.0
1196620 964.7
1196630 960.9
1196640 960.9
1196650 957.6
1196660 957.7
1196670 957.7
1196680 959.2
1196690 961.4
1196700 961.4
1196710 965.1
1196720 965.2
1196730 962.2
1196740 962.2
1196750 956.5
1196760 952.4
1196770 952.4
1196780 949.1
1196790 946.2
1196800 946.2
1196810 944.0
1196820 941.5
1196830 941.5
1196840 938.5
1196850 935.3
1196860 935.3
1196870 932.0
1196880 928.6
1196890 928.6
1196900 924.9
1196910 921.4
1196920 922.4
1196930 918.1
1196940 913.7
1196950 913.7
1196960 909.2
1196970 905.0
1196980 905.0
1196990 900.9
1197000 896.7
1197010 892.5
1197020 892.5
1197030 888.5
1197040 884.8
1197050 884.8
1197060 881.1
1197070 877.3
1197080 877.3
1197090 873.5
1197100 870.1
1197110 870.1
1197120 866.6
1197130 863.1
1197140 863.1
1197150 859.3
1197160 855.9
1197170 855.9
1197180 852.9
1197190 850.5
1197200 850.5
1197210 848.7
1197220 847.2
1197230 847.2
1197240 846.1
1197250 845.4
1197260 845.4
1197270 844.6
1197280 843.2
1197290 841.6
1197300 841.6
1197310 839.6
1197320 838.5
1197330 838.5
1197340 837.7
1197350 836.6
1197360 836.6
1197370 834.9
1197380 834.0
1197390 834.0
1197400 834.8
1197410 834.7
1197420 834.7
1197430 836.6
1197440 839.5
1197450 839.5
1197460 842.1
1197470 845.6
1197480 845.6
1197490 850.6
1197500 855.3
1197510 855.3
1197520 858.6
1197530 861.2
1197540 863.3
1197550 863.3
1197560 867.3
1197570 871.9
1197580 871.9
1197590 874.0
1197600 873.0
1197610 873.0
1197620 870.4
1197630 870.7
1197640 870.7
1197650 871.3
1197660 871.1
1197670 871.1
1197680 869.3
1197690 869.9
1197700 869.9
1197710 874.4
1197720 877.1
1197730 877.1
1197740 878.3
1197750 876.6
1197760 876.6
1197770 872.6
1197780 872.3
1197790 872.3
1197800 876.5
1197810 877.0
1197820 880.5
1197830 880.5
1197840 882.3
1197850 882.1
1197860 882.1
1197870 884.3
1197880 888.6
1197890 888.6
1197900 894.2
1197910 900.0
1197920 900.0
1197930 906.3
1197940 911.1
1197950 911.1
1197960 911.8
1197970 912.1
1197980 912.1
1197990 911.7
1198000 911.2
1198010 911.2
1198020 910.6
1198030 909.6
1198040 909.6
1198050 908.4
1198060 907.2
1198070 904.7
1198080 904.7
1198090 900.4
1198100 894.1
1198110 894.1
1198120 888.0
1198130 882.3
1198140 882.3
1198150 876.5
1198160 871.7
1198170 871.7
1198180 868.3
1198190 867.0
1198200 867.0
1198210 865.2
1198220 864.0
1198230 864.0
1198240 863.6
1198250 861.0
1198260 861.0
1198270 861.2
1198280 862.7
1198290 862.7
1198300 863.3
1198310 860.2
1198320 860.2
1198330 855.7
1198340 852.6
1198350 851.1
1198360 851.1
1198370 847.1
1198380 845.4
1198390 845.4
1198400 844.0
1198410 841.6
1198420 841.6
1198430 839.9
1198440 838.3
1198450 838.3
1198460 835.0
1198470 832.0
1198480 832.0
1198490 830.6
1198500 830.2
1198510 830.2
1198520 829.5
1198530 828.5
1198540 828.5
1198550 827.4
1198560 826.9
1198570 826.9
1198580 826.6
1198590 826.4
1198600 825.6
1198610 825.6
1198620 824.7
1198630 824.1
1198640 824.1
1198650 822.1
1198660 821.0
1198670 821.0
1198680 820.2
1198690 818.3
1198700 817.9
1198710 816.5
1198720 815.6
1198730 815.6
1198740 814.9
1198750 813.3
1198760 813.3
1198770 811.5
1198780 810.6
1198790 810.6
1198800 809.6
1198810 808.8
1198820 808.8
1198830 808.2
1198840 807.6
1198850 807.6
1198860 806.9
1198870 806.9
1198880 806.8
1198890 806.8
1198900 805.1
1198910 804.3
1198920 804.3
1198930 803.8
1198940 803.3
1198950 803.3
1198960 802.9
1198970 802.5
1198980 802.5
1198990 802.1
1199000 801.8
1199010 801.8
1199020 801.6
1199030 801.5
1199040 801.5
1199050 801.3
1199060 800.5
1199070 800.5
1199080 799.5
1199090 799.1
1199100 799.1
1199110 798.9
1199120 798.7
1199130 798.5
1199140 797.7
1199150 797.0
1199160 796.5
1199170 796.5
1199180 796.0
1199190 795.3
1199200 795.3
1199210 794.5
1199220 793.8
1199230 793.8
1199240 793.3
1199250 792.7
1199260 792.7
1199270 792.2
1199280 791.5
1199290 791.5
1199300 790.8
1199310 790.4
1199320 790.4
1199330 790.0
1199340 789.7
1199350 789.7
1199360 789.2
1199370 788.4
1199380 788.4
1199390 787.6
1199400 786.9
1199410 786.5
1199420 786.5
1199430 786.1
1199440 785.8
1199450 785.8
1199460 785.7
1199470 785.6
1199480 785.6
1199490 785.4
1199500 785.2
1199510 785.2
1199520 785.0
1199530 784.8
1199540 784.8
1199550 784.7
1199560 784.6
1199570 784.6
1199580 784.4
1199590 784.1
1199600 784.1
1199610 783.8
1199620 783.6
1199630 783.6
1199640 783.5
1199650 783.3
1199660 783.1
1199670 783.1
1199680 783.1
1199690 783.0
1199700 783.0
1199710 782.9
1199720 782.8
1199730 782.8
1199740 782.7
1199750 782.6
1199760 782.6
1199770 782.5
1199780 782.3
1199790 782.3
1199800 782.2
1199810 782.1
1199820 782.1
1199830 782.0
1199840 782.0
1199850 782.0
1199860 782.0
1199870 781.9
1199880 781.9
1199890 782.0
1199900 782.1
1199910 782.1
1199920 781.8
1199930 781.7
1199940 781.8
1199950 781.8
1199960 781.8
1199970 781.8
1199980 781.8
1199990 781.9
