1180000 1593.9
1180010 1602.8
1180020 1612.6
1180030 1612.6
1180040 1627.4
1180050 1641.3
1180060 1641.3
1180070 1646.8
1180080 1651.5
1180090 1651.5
1180100 1658.9
1180110 1666.1
1180120 1666.1
1180130 1671.9
1180140 1677.3
1180150 1677.3
1180160 1683.8
1180170 1690.3
1180180 1698.2
1180190 1698.2
1180200 1705.7
1180210 1711.5
1180220 1711.5
1180230 1718.6
1180240 1727.6
1180250 1732.6
1180260 1739.7
1180270 1749.9
1180280 1749.9
1180290 1757.6
1180300 1767.2
1180310 1767.2
1180320 1779.1
1180330 1789.9
1180340 1789.9
1180350 1797.9
1180360 1803.3
1180370 1803.3
1180380 1808.9
1180390 1814.8
1180400 1814.8
1180410 1821.2
1180420 1829.0
1180430 1829.0
1180440 1835.3
1180450 1839.8
1180460 1845.6
1180470 1845.6
1180480 1852.6
1180490 1859.7
1180500 1859.7
1180510 1867.7
1180520 1875.4
1180530 1875.4
1180540 1882.6
1180550 1890.1
1180560 1890.1
1180570 1900.5
1180580 1908.2
1180590 1908.2
1180600 1913.3
1180610 1920.1
1180620 1920.1
1180630 1927.4
1180640 1931.5
1180650 1931.5
1180660 1937.2
1180670 1944.0
1180680 1944.0
1180690 1950.9
1180700 1957.5
1180710 1964.6
1180720 1964.6
1180730 1972.8
1180740 1979.5
1180750 1979.5
1180760 1985.1
1180770 1990.9
1180780 1990.9
1180790 1997.1
1180800 2003.9
1180810 2003.9
1180820 2010.4
1180830 2016.9
1180840 2016.9
1180850 2023.5
1180860 2031.3
1180870 2031.3
1180880 2040.8
1180890 2050.9
1180900 2050.9
1180910 2059.8
1180920 2068.9
1180930 2068.9
1180940 2075.3
1180950 2082.8
1180960 2082.8
1180970 2097.1
1180980 2115.0
1180990 2125.2
1181000 2125.2
1181010 2127.2
1181020 2125.2
1181030 2125.2
1181040 2125.4
1181050 2131.6
1181060 2131.6
1181070 2137.2
1181080 2143.2
1181090 2131.0
1181100 2137.9
1181110 2150.2
1181120 2150.2
1181130 2163.7
1181140 2169.7
1181150 2169.7
1181160 2182.2
1181170 2190.6
1181180 2190.6
1181190 2194.7
1181200 2200.5
1181210 2200.5
1181220 2206.5
1181230 2212.4
1181240 2220.3
1181250 2220.3
1181260 2231.8
1181270 2242.0
1181280 2242.0
1181290 2239.5
1181300 2235.7
1181310 2235.7
1181320 2230.9
1181330 2220.3
1181340 2220.3
1181350 2209.6
1181360 2201.9
1181370 2201.9
1181380 2193.0
1181390 2180.1
1181400 2180.1
1181410 2172.9
1181420 2167.3
1181430 2167.3
1181440 2163.4
1181450 2158.5
1181460 2158.5
1181470 2149.3
1181480 2138.0
1181490 2138.0
1181500 2131.2
1181510 2139.4
1181520 2134.4
1181530 2134.4
1181540 2129.7
1181550 2118.6
1181560 2118.6
1181570 2108.9
1181580 2100.6
1181590 2100.6
1181600 2096.2
1181610 2092.1
1181620 2092.1
1181630 2088.4
1181640 2087.8
1181650 2087.8
1181660 2086.7
1181670 2085.2
1181680 2085.2
1181690 2085.4
1181700 2086.4
1181710 2086.4
1181720 2083.2
1181730 2075.6
1181740 2075.6
1181750 2065.9
1181760 2057.8
1181770 2057.8
1181780 2051.0
1181790 2042.3
1181800 2032.3
1181810 2032.3
1181820 2017.7
1181830 2003.6
1181840 2003.6
1181850 1993.0
1181860 1983.3
1181870 1983.3
1181880 1972.2
1181890 1970.5
1181900 1970.5
1181910 1966.3
1181920 1957.7
1181930 1939.0
1181940 1931.1
1181950 1923.8
1181960 1923.8
1181970 1915.8
1181980 1908.9
1181990 1908.9
1182000 1903.6
1182010 1898.5
1182020 1898.5
1182030 1893.4
1182040 1884.6
1182050 1877.2
1182060 1877.2
1182070 1869.4
1182080 1860.2
1182090 1860.2
1182100 1851.6
1182110 1842.1
1182120 1842.1
1182130 1834.5
1182140 1826.6
1182150 1826.6
1182160 1817.2
1182170 1808.9
1182180 1808.9
1182190 1802.6
1182200 1800.2
1182210 1800.2
1182220 1798.0
1182230 1794.7
1182240 1794.7
1182250 1789.6
1182260 1783.4
1182270 1783.4
1182280 1777.0
1182290 1770.8
1182300 1770.8
1182310 1764.6
1182320 1758.5
1182330 1752.2
1182340 1752.2
1182350 1748.3
1182360 1742.2
1182370 1742.2
1182380 1736.0
1182390 1729.8
1182400 1729.8
1182410 1723.7
1182420 1717.5
1182430 1717.5
1182440 1711.8
1182450 1706.4
1182460 1706.4
1182470 1700.8
1182480 1695.4
1182490 1695.4
1182500 1689.6
1182510 1683.5
1182520 1683.5
1182530 1677.4
1182540 1671.1
1182550 1671.1
1182560 1664.8
1182570 1658.8
1182580 1658.8
1182590 1653.8
1182600 1648.6
1182610 1642.3
1182620 1642.3
1182630 1636.4
1182640 1631.0
1182650 1631.0
1182660 1625.1
1182670 1618.3
1182680 1618.3
1182690 1611.3
1182700 1604.6
1182710 1604.6
1182720 1598.9
1182730 1597.6
1182740 1597.6
1182750 1597.7
1182760 1597.0
1182770 1598.4
1182780 1598.9
1182790 1601.3
1182800 1601.3
1182810 1602.2
1182820 1605.0
1182830 1605.0
1182840 1611.5
1182850 1618.2
1182860 1623.9
1182870 1623.9
1182880 1628.8
1182890 1634.1
1182900 1634.1
1182910 1639.5
1182920 1645.3
1182930 1645.3
1182940 1651.0
1182950 1656.5
1182960 1656.5
1182970 1661.5
1182980 1666.8
1182990 1666.8
1183000 1672.4
1183010 1677.6
1183020 1677.6
1183030 1682.7
1183040 1688.2
1183050 1688.2
1183060 1693.7
1183070 1699.2
1183080 1699.2
1183090 1704.6
1183100 1710.3
1183110 1710.3
1183120 1715.9
1183130 1721.6
1183140 1727.1
1183150 1727.1
1183160 1732.9
1183170 1739.8
1183180 1739.8
1183190 1747.1
1183200 1753.7
1183210 1753.7
1183220 1760.1
1183230 1768.7
1183240 1768.7
1183250 1780.9
1183260 1791.9
1183270 1791.9
1183280 1802.8
1183290 1810.8
1183300 1810.8
1183310 1817.8
1183320 1825.0
1183330 1825.0
1183340 1831.5
1183350 1839.1
1183360 1839.1
1183370 1847.3
1183380 1855.7
1183390 1865.4
1183400 1865.4
1183410 1873.4
1183420 1881.1
1183430 1881.1
1183440 1888.9
1183450 1895.6
1183460 1895.6
1183470 1902.8
1183480 1910.4
1183490 1910.4
1183500 1924.7
1183510 1940.9
1183520 1940.9
1183530 1953.0
1183540 1964.6
1183550 1964.6
1183560 1971.1
1183570 1977.5
1183580 1977.5
1183590 1984.8
1183600 1992.3
1183610 1988.4
1183620 1994.7
1183630 2000.9
1183640 2000.9
1183650 2006.7
1183660 2011.8
1183670 2014.9
1183680 2014.9
1183690 2019.5
1183700 2023.7
1183710 2023.7
1183720 2030.7
1183730 2040.9
1183740 2040.9
1183750 2082.1
1183760 2112.8
1183770 2112.8
1183780 2128.1
1183790 2136.5
1183800 2136.5
1183810 2144.4
1183820 2152.2
1183830 2152.2
1183840 2159.6
1183850 2168.5
1183860 2168.5
1183870 2183.6
1183880 2202.9
1183890 2202.9
1183900 2204.4
1183910 2205.1
1183920 2205.1
1183930 2213.9
1183940 2218.8
1183950 2222.5
1183960 2222.5
1183970 2226.6
1183980 2232.5
1183990 2232.5
1184000 2235.9
1184010 2240.2
1184020 2240.2
1184030 2245.5
1184040 2265.4
1184050 2265.4
1184060 2295.4
1184070 2321.7
1184080 2321.7
1184090 2335.3
1184100 2346.3
1184110 2346.3
1184120 2360.8
1184130 2376.8
1184140 2376.8
1184150 2387.8
1184160 2397.0
1184170 2397.0
1184180 2404.6
1184190 2411.4
1184200 2417.6
1184210 2417.6
1184220 2420.3
1184230 2427.3
1184240 2427.3
1184250 2426.9
1184260 2431.3
1184270 2431.3
1184280 2440.8
1184290 2440.6
1184300 2440.6
1184310 2444.7
1184320 2455.6
1184330 2455.6
1184340 2468.3
1184350 2477.8
1184360 2477.8
1184370 2483.7
1184380 2488.7
1184390 2488.7
1184400 2493.8
1184410 2501.2
1184420 2501.2
1184430 2507.8
1184440 2512.7
1184450 2512.7
1184460 2510.2
1184470 2523.4
1184480 2514.2
1184490 2514.2
1184500 2494.7
1184510 2469.4
1184520 2469.4
1184530 2449.2
1184540 2430.4
1184550 2430.4
1184560 2411.7
1184570 2398.2
1184580 2398.2
1184590 2392.3
1184600 2390.4
1184610 2390.4
1184620 2387.0
1184630 2386.0
1184640 2386.0
1184650 2388.2
1184660 2384.3
1184670 2384.3
1184680 2378.6
1184690 2373.6
1184700 2373.6
1184710 2369.9
1184720 2370.0
1184730 2372.3
1184740 2372.3
1184750 2382.0
1184760 2383.5
1184770 2383.5
1184780 2379.9
1184790 2375.1
1184800 2375.1
1184810 2371.9
1184820 2371.8
1184830 2371.8
1184840 2377.8
1184850 2379.9
1184860 2379.9
1184870 2375.9
1184880 2371.2
1184890 2371.2
1184900 2362.4
1184910 2360.7
1184920 2360.7
1184930 2363.6
1184940 2366.0
1184950 2366.0
1184960 2356.1
1184970 2347.5
1184980 2347.5
1184990 2344.8
1185000 2341.3
1185010 2340.6
1185020 2340.6
1185030 2341.7
1185040 2343.2
1185050 2343.2
1185060 2342.6
1185070 2340.4
1185080 2340.4
1185090 2338.3
1185100 2337.2
1185110 2337.2
1185120 2336.5
1185130 2336.1
1185140 2336.1
1185150 2335.0
1185160 2335.9
1185170 2335.9
1185180 2336.2
1185190 2335.5
1185200 2335.5
1185210 2335.2
1185220 2336.0
1185230 2336.0
1185240 2336.6
1185250 2336.7
1185260 2336.7
1185270 2336.7
1185280 2340.5
1185290 2345.2
1185300 2345.2
1185310 2354.7
1185320 2358.8
1185330 2358.8
1185340 2361.4
1185350 2361.4
1185360 2361.4
1185370 2362.2
1185380 2362.7
1185390 2362.7
1185400 2361.4
1185410 2360.1
1185420 2360.1
1185430 2361.2
1185440 2362.1
1185450 2362.1
1185460 2362.5
1185470 2362.4
1185480 2362.4
1185490 2361.0
1185500 2361.6
1185510 2361.6
1185520 2364.5
1185530 2368.3
1185540 2370.5
1185550 2370.5
1185560 2374.0
1185570 2376.8
1185580 2376.8
1185590 2378.5
1185600 2377.6
1185610 2377.6
1185620 2377.8
1185630 2382.8
1185640 2382.8
1185650 2402.5
1185660 2418.0
1185670 2418.0
1185680 2427.8
1185690 2434.1
1185700 2434.1
1185710 2435.1
1185720 2436.4
1185730 2436.4
1185740 2445.8
1185750 2447.6
1185760 2447.6
1185770 2447.4
1185780 2450.0
1185790 2450.0
1185800 2451.7
1185810 2456.9
1185820 2467.3
1185830 2467.3
1185840 2478.5
1185850 2486.4
1185860 2486.4
1185870 2498.1
1185880 2499.6
1185890 2499.6
1185900 2502.3
1185910 2505.3
1185920 2505.3
1185930 2510.1
1185940 2513.4
1185950 2513.4
1185960 2516.4
1185970 2515.5
1185980 2515.5
1185990 2507.5
1186000 2502.3
1186010 2502.3
1186020 2499.1
1186030 2510.0
1186040 2510.0
1186050 2528.6
1186060 2548.1
1186070 2555.1
1186080 2555.1
1186090 2542.5
1186100 2528.2
1186110 2528.2
1186120 2508.2
1186130 2491.2
1186140 2491.2
1186150 2483.4
1186160 2473.4
1186170 2473.4
1186180 2472.2
1186190 2468.5
1186200 2468.5
1186210 2460.5
1186220 2450.7
1186230 2450.7
1186240 2440.0
1186250 2426.3
1186260 2426.3
1186270 2408.2
1186280 2395.3
1186290 2395.3
1186300 2388.3
1186310 2381.2
1186320 2381.2
1186330 2374.3
1186340 2367.2
1186350 2360.0
1186360 2360.0
1186370 2353.0
1186380 2345.9
1186390 2345.9
1186400 2339.1
1186410 2333.0
1186420 2333.0
1186430 2327.3
1186440 2321.7
1186450 2321.7
1186460 2316.0
1186470 2310.3
1186480 2310.3
1186490 2305.1
1186500 2301.0
1186510 2301.0
1186520 2297.2
1186530 2293.5
1186540 2293.5
1186550 2289.9
1186560 2287.5
1186570 2287.5
1186580 2286.2
1186590 2278.5
1186600 2278.5
1186610 2277.2
1186620 2275.6
1186630 2274.1
1186640 2274.1
1186650 2271.7
1186660 2269.3
1186670 2269.3
1186680 2267.8
1186690 2266.9
1186700 2266.9
1186710 2264.7
1186720 2263.6
1186730 2263.6
1186740 2261.0
1186750 2259.6
1186760 2259.6
1186770 2259.2
1186780 2259.0
1186790 2259.0
1186800 2259.3
1186810 2261.3
1186820 2261.3
1186830 2264.0
1186840 2265.4
1186850 2265.4
1186860 2266.4
1186870 2267.1
1186880 2266.6
1186890 2266.6
1186900 2269.0
1186910 2270.4
1186920 2270.4
1186930 2271.9
1186940 2273.4
1186950 2273.4
1186960 2273.6
1186970 2274.2
1186980 2274.2
1186990 2275.0
1187000 2276.6
1187010 2276.6
1187020 2273.2
1187030 2274.8
1187040 2274.8
1187050 2276.5
1187060 2278.5
1187070 2278.5
1187080 2279.4
1187090 2280.0
1187100 2280.0
1187110 2280.2
1187120 2280.5
1187130 2280.5
1187140 2281.0
1187150 2281.0
1187160 2281.0
1187170 2281.0
1187180 2281.2
1187190 2281.0
1187200 2281.0
1187210 2279.1
1187220 2277.8
1187230 2277.8
1187240 2277.9
1187250 2279.5
1187260 2279.5
1187270 2281.7
1187280 2282.4
1187290 2282.4
1187300 2283.4
1187310 2284.4
1187320 2284.4
1187330 2285.5
1187340 2286.8
1187350 2286.8
1187360 2287.8
1187370 2288.9
1187380 2288.9
1187390 2291.4
1187400 2295.8
1187410 2295.8
1187420 2301.3
1187430 2314.6
1187440 2328.3
1187450 2328.3
1187460 2346.6
1187470 2353.8
1187480 2353.8
1187490 2362.6
1187500 2371.9
1187510 2371.9
1187520 2375.8
1187530 2372.7
1187540 2372.7
1187550 2365.4
1187560 2359.7
1187570 2359.7
1187580 2363.2
1187590 2381.4
1187600 2381.4
1187610 2391.0
1187620 2400.2
1187630 2400.2
1187640 2417.5
1187650 2444.5
1187660 2444.5
1187670 2466.1
1187680 2479.8
1187690 2491.0
1187700 2491.0
1187710 2498.2
1187720 2495.3
1187730 2495.3
1187740 2493.7
1187750 2499.1
1187760 2499.1
1187770 2505.9
1187780 2511.1
1187790 2511.1
1187800 2511.3
1187810 2514.3
1187820 2514.3
1187830 2520.6
1187840 2524.2
1187850 2524.2
1187860 2516.8
1187870 2492.7
1187880 2492.7
1187890 2483.4
1187900 2474.6
1187910 2474.6
1187920 2461.5
1187930 2451.9
1187940 2451.9
1187950 2434.4
1187960 2409.0
1187970 2396.9
1187980 2396.9
1187990 2394.1
1188000 2391.2
1188010 2391.2
1188020 2389.0
1188030 2386.5
1188040 2386.5
1188050 2385.1
1188060 2384.6
1188070 2384.6
1188080 2384.2
1188090 2384.6
1188100 2384.6
1188110 2386.6
1188120 2389.8
1188130 2389.8
1188140 2391.8
1188150 2394.7
1188160 2394.7
1188170 2403.4
1188180 2417.3
1188190 2417.3
1188200 2434.0
1188210 2445.1
1188220 2459.0
1188230 2459.0
1188240 2472.6
1188250 2490.0
1188260 2490.0
1188270 2501.4
1188280 2516.0
1188290 2516.0
1188300 2501.1
1188310 2505.7
1188320 2505.7
1188330 2509.8
1188340 2520.6
1188350 2520.6
1188360 2544.5
1188370 2549.9
1188380 2549.9
1188390 2553.7
1188400 2558.7
1188410 2558.7
1188420 2562.5
1188430 2571.8
1188440 2571.8
1188450 2584.3
1188460 2605.0
1188470 2605.0
1188480 2607.6
1188490 2629.4
1188500 2637.0
1188510 2637.0
1188520 2646.4
1188530 2643.9
1188540 2643.9
1188550 2640.4
1188560 2643.5
1188570 2643.5
1188580 2655.0
1188590 2667.9
1188600 2667.9
1188610 2681.1
1188620 2689.4
1188630 2689.4
1188640 2700.8
1188650 2705.3
1188660 2705.3
1188670 2707.8
1188680 2710.0
1188690 2710.0
1188700 2709.7
1188710 2709.3
1188720 2709.3
1188730 2701.0
1188740 2698.6
1188750 2698.6
1188760 2697.4
1188770 2699.5
1188780 2707.0
1188790 2707.0
1188800 2708.4
1188810 2699.1
1188820 2699.1
1188830 2688.3
1188840 2681.7
1188850 2681.7
1188860 2675.0
1188870 2666.9
1188880 2666.9
1188890 2655.2
1188900 2642.8
1188910 2642.8
1188920 2630.4
1188930 2616.8
1188940 2616.8
1188950 2603.2
1188960 2590.5
1188970 2590.5
1188980 2580.3
1188990 2572.0
1189000 2572.0
1189010 2560.5
1189020 2549.1
1189030 2540.8
1189040 2540.8
1189050 2531.7
1189060 2518.3
1189070 2518.3
1189080 2506.3
1189090 2497.1
1189100 2497.1
1189110 2491.2
1189120 2489.2
1189130 2489.2
1189140 2485.4
1189150 2478.5
1189160 2493.9
1189170 2479.7
1189180 2472.6
1189190 2472.6
1189200 2468.2
1189210 2467.4
1189220 2467.4
1189230 2467.3
1189240 2464.1
1189250 2464.1
1189260 2455.6
1189270 2445.2
1189280 2445.2
1189290 2437.0
1189300 2431.2
1189310 2428.3
1189320 2428.3
1189330 2427.8
1189340 2424.6
1189350 2424.6
1189360 2420.8
1189370 2419.6
1189380 2419.6
1189390 2418.0
1189400 2413.3
1189410 2413.3
1189420 2408.1
1189430 2405.8
1189440 2405.8
1189450 2401.1
1189460 2395.1
1189470 2395.1
1189480 2387.6
1189490 2380.5
1189500 2380.5
1189510 2373.3
1189520 2366.5
1189530 2366.5
1189540 2367.5
1189550 2363.7
1189560 2354.8
1189570 2354.8
1189580 2336.3
1189590 2328.7
1189600 2328.7
1189610 2314.5
1189620 2312.6
1189630 2312.6
1189640 2311.1
1189650 2300.7
1189660 2300.7
1189670 2280.3
1189680 2257.9
1189690 2257.9
1189700 2242.4
1189710 2221.6
1189720 2221.6
1189730 2208.6
1189740 2201.9
1189750 2201.9
1189760 2198.8
1189770 2196.2
1189780 2196.2
1189790 2197.9
1189800 2200.5
1189810 2200.5
1189820 2203.0
1189830 2204.3
1189840 2205.3
1189850 2205.3
1189860 2206.5
1189870 2207.4
1189880 2207.4
1189890 2208.0
1189900 2207.6
1189910 2207.6
1189920 2206.0
1189930 2204.4
1189940 2204.4
1189950 2203.1
1189960 2202.2
1189970 2202.2
1189980 2200.9
1189990 2198.0
1190000 2198.0
1190010 2195.1
1190020 2192.8
1190030 2198.7
1190040 2197.4
1190050 2195.8
1190060 2195.8
1190070 2193.1
1190080 2191.0
1190090 2191.0
1190100 2189.9
1190110 2188.8
1190120 2188.4
1190130 2188.4
1190140 2188.3
1190150 2188.9
1190160 2188.9
1190170 2190.0
1190180 2190.9
1190190 2190.9
1190200 2191.7
1190210 2192.2
1190220 2192.2
1190230 2192.7
1190240 2193.5
1190250 2193.5
1190260 2195.1
1190270 2196.5
1190280 2196.5
1190290 2196.6
1190300 2193.9
1190310 2193.9
1190320 2193.7
1190330 2196.0
1190340 2196.0
1190350 2198.6
1190360 2205.1
1190370 2217.3
1190380 2217.3
1190390 2230.0
1190400 2234.2
1190410 2234.2
1190420 2232.7
1190430 2236.3
1190440 2236.3
1190450 2243.2
1190460 2250.6
1190470 2250.6
1190480 2249.4
1190490 2249.8
1190500 2249.8
1190510 2244.3
1190520 2238.9
1190530 2238.9
1190540 2236.1
1190550 2235.5
1190560 2235.5
1190570 2233.9
1190580 2227.3
1190590 2227.3
1190600 2219.1
1190610 2209.2
1190620 2209.2
1190630 2195.5
1190640 2180.0
1190650 2173.1
1190660 2173.1
1190670 2172.8
1190680 2168.7
1190690 2168.7
1190700 2168.3
1190710 2162.7
1190720 2162.7
1190730 2155.4
1190740 2152.5
1190750 2152.5
1190760 2148.5
1190770 2145.5
1190780 2145.5
1190790 2145.6
1190800 2146.1
1190810 2146.1
1190820 2141.0
1190830 2133.6
1190840 2133.6
1190850 2125.6
1190860 2118.7
1190870 2118.7
1190880 2110.5
1190890 2116.9
1190900 2119.7
1190910 2119.7
1190920 2120.6
1190930 2114.0
1190940 2114.0
1190950 2104.5
1190960 2101.0
1190970 2101.0
1190980 2103.8
1190990 2106.6
1191000 2106.6
1191010 2111.1
1191020 2115.5
1191030 2115.5
1191040 2118.0
1191050 2120.7
1191060 2120.7
1191070 2116.8
1191080 2104.2
1191090 2104.2
1191100 2090.2
1191110 2085.0
1191120 2085.0
1191130 2077.4
1191140 2072.6
1191150 2072.6
1191160 2070.6
1191170 2069.1
1191180 2071.8
1191190 2071.8
1191200 2078.3
1191210 2083.6
1191220 2083.6
1191230 2092.5
1191240 2099.2
1191250 2099.2
1191260 2099.3
1191270 2099.0
1191280 2099.0
1191290 2102.6
1191300 2105.2
1191310 2105.2
1191320 2110.6
1191330 2111.5
1191340 2111.5
1191350 2113.3
1191360 2114.3
1191370 2114.3
1191380 2115.0
1191390 2114.6
1191400 2114.6
1191410 2113.3
1191420 2113.3
1191430 2113.3
1191440 2112.8
1191450 2111.4
1191460 2110.0
1191470 2110.0
1191480 2108.1
1191490 2107.3
1191500 2107.3
1191510 2107.5
1191520 2108.3
1191530 2108.3
1191540 2111.8
1191550 2111.7
1191560 2111.7
1191570 2109.8
1191580 2110.0
1191590 2110.0
1191600 2113.1
1191610 2118.0
1191620 2118.0
1191630 2122.6
1191640 2128.1
1191650 2128.1
1191660 2134.4
1191670 2139.2
1191680 2139.2
1191690 2124.2
1191700 2120.0
1191710 2126.1
1191720 2126.1
1191730 2128.5
1191740 2125.6
1191750 2125.6
1191760 2121.3
1191770 2113.5
1191780 2113.5
1191790 2108.0
1191800 2103.3
1191810 2103.3
1191820 2100.0
1191830 2097.4
1191840 2097.4
1191850 2100.4
1191860 2106.7
1191870 2106.7
1191880 2101.6
1191890 2092.0
1191900 2092.0
1191910 2089.4
1191920 2089.9
1191930 2089.9
1191940 2089.4
1191950 2085.0
1191960 2085.0
1191970 2078.1
1191980 2076.2
1191990 2082.8
1192000 2082.8
1192010 2089.4
1192020 2096.8
1192030 2096.8
1192040 2098.3
1192050 2089.6
1192060 2089.6
1192070 2079.8
1192080 2079.7
1192090 2079.7
1192100 2085.2
1192110 2091.6
1192120 2091.6
1192130 2096.9
1192140 2095.4
1192150 2095.4
1192160 2090.9
1192170 2086.0
1192180 2086.0
1192190 2074.8
1192200 2070.2
1192210 2070.2
1192220 2065.0
1192230 2060.4
1192240 2055.6
1192250 2055.6
1192260 2050.0
1192270 2044.7
1192280 2044.7
1192290 2040.0
1192300 2035.2
1192310 2035.2
1192320 2030.2
1192330 2024.6
1192340 2024.6
1192350 2018.6
1192360 2012.0
1192370 2012.0
1192380 2005.9
1192390 1999.8
1192400 1999.8
1192410 1992.7
1192420 1983.6
1192430 1983.6
1192440 1974.1
1192450 1965.4
1192460 1965.4
1192470 1956.5
1192480 1947.6
1192490 1947.6
1192500 1939.8
1192510 1932.4
1192520 1925.3
1192530 1925.3
1192540 1917.6
1192550 1910.6
1192560 1910.6
1192570 1901.8
1192580 1892.0
1192590 1892.0
1192600 1883.4
1192610 1875.4
1192620 1875.4
1192630 1867.3
1192640 1859.7
1192650 1859.7
1192660 1853.8
1192670 1847.4
1192680 1847.4
1192690 1842.7
1192700 1836.5
1192710 1836.5
1192720 1829.4
1192730 1821.0
1192740 1821.0
1192750 1813.8
1192760 1810.8
1192770 1808.3
1192780 1808.3
1192790 1812.3
1192800 1809.5
1192810 1809.5
1192820 1801.7
1192830 1791.1
1192840 1791.1
1192850 1783.9
1192860 1781.1
1192870 1781.1
1192880 1777.6
1192890 1777.0
1192900 1777.0
1192910 1783.1
1192920 1783.7
1192930 1783.7
1192940 1780.1
1192950 1776.2
1192960 1776.2
1192970 1773.7
1192980 1771.9
1192990 1771.9
1193000 1769.5
1193010 1765.5
1193020 1765.5
1193030 1761.4
1193040 1756.8
1193050 1751.9
1193060 1745.6
1193070 1740.5
1193080 1735.4
1193090 1735.4
1193100 1729.3
1193110 1722.4
1193120 1722.4
1193130 1716.2
1193140 1710.1
1193150 1710.1
1193160 1703.7
1193170 1699.0
1193180 1699.0
1193190 1695.3
1193200 1691.5
1193210 1691.5
1193220 1687.4
1193230 1682.4
1193240 1682.4
1193250 1678.2
1193260 1674.2
1193270 1674.2
1193280 1669.7
1193290 1664.4
1193300 1664.4
1193310 1659.5
1193320 1655.5
1193330 1652.6
1193340 1652.6
1193350 1649.6
1193360 1646.6
1193370 1646.6
1193380 1642.4
1193390 1636.6
1193400 1636.6
1193410 1632.3
1193420 1625.5
1193430 1625.5
1193440 1619.4
1193450 1620.9
1193460 1620.9
1193470 1617.0
1193480 1610.3
1193490 1610.3
1193500 1599.1
1193510 1591.0
1193520 1591.0
1193530 1584.2
1193540 1578.2
1193550 1578.2
1193560 1574.0
1193570 1571.7
1193580 1570.8
1193590 1570.8
1193600 1569.0
1193610 1566.0
1193620 1566.0
1193630 1562.5
1193640 1557.8
1193650 1557.8
1193660 1553.2
1193670 1549.9
1193680 1549.9
1193690 1545.2
1193700 1538.5
1193710 1538.5
1193720 1529.8
1193730 1519.6
1193740 1519.6
1193750 1512.7
1193760 1509.5
1193770 1509.5
1193780 1507.3
1193790 1503.4
1193800 1503.4
1193810 1495.9
1193820 1491.0
1193830 1491.0
1193840 1489.6
1193850 1491.7
1193860 1489.3
1193870 1489.3
1193880 1485.8
1193890 1481.4
1193900 1481.4
1193910 1477.0
1193920 1473.4
1193930 1473.4
1193940 1463.8
1193950 1460.9
1193960 1460.9
1193970 1458.0
1193980 1453.3
1193990 1453.3
1194000 1447.5
1194010 1442.4
1194020 1442.4
1194030 1440.4
1194040 1439.8
1194050 1439.8
1194060 1436.5
1194070 1432.0
1194080 1432.0
1194090 1427.9
1194100 1424.2
1194110 1420.8
1194120 1420.8
1194130 1417.5
1194140 1414.2
1194150 1414.2
1194160 1411.6
1194170 1409.0
1194180 1409.0
1194190 1406.1
1194200 1402.6
1194210 1402.6
1194220 1399.1
1194230 1396.0
1194240 1396.0
1194250 1392.0
1194260 1388.8
1194270 1388.8
1194280 1385.4
1194290 1382.6
1194300 1382.6
1194310 1380.7
1194320 1378.4
1194330 1378.4
1194340 1374.8
1194350 1373.0
1194360 1373.0
1194370 1372.2
1194380 1362.4
1194390 1359.0
1194400 1359.0
1194410 1356.1
1194420 1353.1
1194430 1353.1
1194440 1351.7
1194450 1348.5
1194460 1348.5
1194470 1346.1
1194480 1342.2
1194490 1342.2
1194500 1337.5
1194510 1332.9
1194520 1332.9
1194530 1326.8
1194540 1321.0
1194550 1321.0
1194560 1316.0
1194570 1310.5
1194580 1310.5
1194590 1304.9
1194600 1301.1
1194610 1301.1
1194620 1298.0
1194630 1295.8
1194640 1295.8
1194650 1292.4
1194660 1288.0
1194670 1284.3
1194680 1284.3
1194690 1281.5
1194700 1279.6
1194710 1279.6
1194720 1278.0
1194730 1276.4
1194740 1276.4
1194750 1274.6
1194760 1272.5
1194770 1272.5
1194780 1270.0
1194790 1266.6
1194800 1266.6
1194810 1264.4
1194820 1258.1
1194830 1258.1
1194840 1254.2
1194850 1250.2
1194860 1250.2
1194870 1244.4
1194880 1236.7
1194890 1236.7
1194900 1232.6
1194910 1228.3
1194920 1221.9
1194930 1221.9
1194940 1216.3
1194950 1211.1
1194960 1211.1
1194970 1206.4
1194980 1202.5
1194990 1202.5
1195000 1199.6
1195010 1196.2
1195020 1196.2
1195030 1192.6
1195040 1188.9
1195050 1188.9
1195060 1184.9
1195070 1181.4
1195080 1181.4
1195090 1178.2
1195100 1174.1
1195110 1174.1
1195120 1167.9
1195130 1160.9
1195140 1160.9
1195150 1156.1
1195160 1152.3
1195170 1152.3
1195180 1149.5
1195190 1147.4
1195200 1143.0
1195210 1143.0
1195220 1140.3
1195230 1140.2
1195240 1140.2
1195250 1140.0
1195260 1133.9
1195270 1133.9
1195280 1133.3
1195290 1131.9
1195300 1131.9
1195310 1129.9
1195320 1127.0
1195330 1127.0
1195340 1124.2
1195350 1121.6
1195360 1121.6
1195370 1119.1
1195380 1117.0
1195390 1117.0
1195400 1115.4
1195410 1114.6
1195420 1114.6
1195430 1113.4
1195440 1111.3
1195450 1109.1
1195460 1109.1
1195470 1107.4
1195480 1106.5
1195490 1106.5
1195500 1105.3
1195510 1104.3
1195520 1104.3
1195530 1103.5
1195540 1102.3
1195550 1102.3
1195560 1101.0
1195570 1099.9
1195580 1099.9
1195590 1098.5
1195600 1097.1
1195610 1097.1
1195620 1095.8
1195630 1094.6
1195640 1094.6
1195650 1093.5
1195660 1092.6
1195670 1092.6
1195680 1091.7
1195690 1090.9
1195700 1089.7
1195710 1088.9
1195720 1087.9
1195730 1087.1
1195740 1087.1
1195750 1086.4
1195760 1085.3
1195770 1085.3
1195780 1084.2
1195790 1083.2
1195800 1083.2
1195810 1082.2
1195820 1081.1
1195830 1081.1
1195840 1079.9
1195850 1078.7
1195860 1078.7
1195870 1077.6
1195880 1076.5
1195890 1076.5
1195900 1075.2
1195910 1074.0
1195920 1074.0
1195930 1072.9
1195940 1071.6
1195950 1071.6
1195960 1070.6
1195970 1069.2
1195980 1067.8
1195990 1067.8
1196000 1066.7
1196010 1065.8
1196020 1065.8
1196030 1064.9
1196040 1063.9
1196050 1063.9
1196060 1062.8
1196070 1061.4
1196080 1061.4
1196090 1060.3
1196100 1059.2
1196110 1059.2
1196120 1058.1
1196130 1057.3
1196140 1056.4
1196150 1055.5
1196160 1054.5
1196170 1054.5
1196180 1053.6
1196190 1052.7
1196200 1052.7
1196210 1051.8
1196220 1050.9
1196230 1050.9
1196240 1050.0
1196250 1049.1
1196260 1048.3
1196270 1048.3
1196280 1047.5
1196290 1046.6
1196300 1046.6
1196310 1045.7
1196320 1045.1
1196330 1045.1
1196340 1044.4
1196350 1043.8
1196360 1043.8
1196370 1043.4
1196380 1042.6
1196390 1042.6
1196400 1039.6
1196410 1035.9
1196420 1035.9
1196430 1032.1
1196440 1026.0
1196450 1026.0
1196460 1020.1
1196470 1015.0
1196480 1015.0
1196490 1009.3
1196500 1003.9
1196510 1003.9
1196520 999.0
1196530 993.1
1196540 987.9
1196550 987.9
1196560 983.8
1196570 981.2
1196580 985.0
1196590 982.7
1196600 981.3
1196610 981.3
1196620 979.7
1196630 975.3
1196640 975.3
1196650 963.4
1196660 950.4
1196670 950.4
1196680 937.3
1196690 920.5
1196700 920.5
1196710 911.3
1196720 907.8
1196730 907.8
1196740 895.8
1196750 893.7
1196760 893.7
1196770 896.5
1196780 906.9
1196790 918.9
1196800 918.9
1196810 935.5
1196820 949.4
1196830 949.4
1196840 958.8
1196850 966.4
1196860 966.4
1196870 972.9
1196880 980.3
1196890 980.3
1196900 988.5
1196910 996.3
1196920 996.3
1196930 1001.3
1196940 1001.9
1196950 1001.9
1196960 1002.5
1196970 998.3
1196980 998.3
1196990 993.1
1197000 990.3
1197010 990.3
1197020 989.6
1197030 992.7
1197040 992.7
1197050 993.7
1197060 987.8
1197070 980.9
1197080 980.9
1197090 974.7
1197100 970.5
1197110 970.5
1197120 968.8
1197130 966.6
1197140 966.6
1197150 961.3
1197160 955.5
1197170 955.5
1197180 950.9
1197190 947.4
1197200 947.4
1197210 942.7
1197220 937.1
1197230 937.1
1197240 934.3
1197250 931.2
1197260 931.2
1197270 926.5
1197280 926.5
1197290 926.5
1197300 928.4
1197310 928.9
1197320 930.2
1197330 930.2
1197340 933.4
1197350 938.9
1197360 938.9
1197370 943.8
1197380 946.9
1197390 946.9
1197400 948.6
1197410 949.9
1197420 949.9
1197430 953.4
1197440 956.9
1197450 956.9
1197460 960.4
1197470 962.4
1197480 962.4
1197490 966.0
1197500 970.2
1197510 970.2
1197520 975.0
1197530 979.7
1197540 979.7
1197550 983.9
1197560 987.9
1197570 987.9
1197580 992.1
1197590 997.9
1197600 1005.4
1197610 1005.4
1197620 1013.7
1197630 1022.3
1197640 1022.3
1197650 1030.5
1197660 1035.1
1197670 1035.1
1197680 1035.7
1197690 1035.4
1197700 1035.4
1197710 1034.2
1197720 1032.6
1197730 1032.6
1197740 1030.9
1197750 1029.2
1197760 1029.2
1197770 1028.2
1197780 1027.2
1197790 1027.2
1197800 1026.4
1197810 1025.1
1197820 1025.1
1197830 1024.3
1197840 1023.3
1197850 1021.4
1197860 1021.4
1197870 1020.0
1197880 1018.7
1197890 1018.7
1197900 1017.8
1197910 1015.2
1197920 1015.2
1197930 1014.3
1197940 1013.2
1197950 1013.2
1197960 1011.9
1197970 1010.1
1197980 1010.1
1197990 1010.6
1198000 1010.9
1198010 1010.9
1198020 1009.0
1198030 1007.1
1198040 1007.1
1198050 1005.7
1198060 1004.3
1198070 1004.3
1198080 1003.8
1198090 1003.6
1198100 1003.6
1198110 1003.5
1198120 1003.2
1198130 1002.9
1198140 1002.9
1198150 1002.2
1198160 1001.0
1198170 1001.0
1198180 999.2
1198190 997.9
1198200 997.9
1198210 996.4
1198220 995.9
1198230 995.9
1198240 996.0
1198250 996.6
1198260 996.6
1198270 997.5
1198280 997.9
1198290 997.9
1198300 998.5
1198310 998.3
1198320 998.3
1198330 997.4
1198340 995.7
1198350 991.8
1198360 988.7
1198370 983.8
1198380 983.8
1198390 979.2
1198400 976.0
1198410 974.4
1198420 974.4
1198430 972.7
1198440 970.5
1198450 970.5
1198460 969.4
1198470 968.8
1198480 968.8
1198490 968.4
1198500 968.7
1198510 968.7
1198520 968.7
1198530 968.3
1198540 968.3
1198550 966.7
1198560 964.4
1198570 964.4
1198580 961.6
1198590 959.5
1198600 959.5
1198610 959.6
1198620 960.6
1198630 960.6
1198640 960.2
1198650 958.1
1198660 955.6
1198670 955.6
1198680 954.2
1198690 953.0
1198700 953.0
1198710 952.5
1198720 952.3
1198730 952.3
1198740 951.6
1198750 951.0
1198760 951.0
1198770 950.1
1198780 949.2
1198790 949.2
1198800 944.5
1198810 944.3
1198820 944.3
1198830 944.0
1198840 943.7
1198850 943.7
1198860 942.7
1198870 942.3
1198880 942.3
1198890 941.5
1198900 940.3
1198910 940.3
1198920 939.0
1198930 938.9
1198940 939.4
1198950 939.4
1198960 940.5
1198970 941.7
1198980 941.7
1198990 940.5
1199000 936.1
1199010 936.1
1199020 931.0
1199030 925.4
1199040 925.4
1199050 921.9
1199060 920.8
1199070 920.8
1199080 919.1
1199090 916.4
1199100 916.4
1199110 914.2
1199120 913.3
1199130 913.3
1199140 913.3
1199150 913.2
1199160 913.2
1199170 911.4
1199180 909.0
1199190 908.2
1199200 908.2
1199210 909.8
1199220 909.7
1199230 909.7
1199240 908.8
1199250 903.9
1199260 903.9
1199270 903.5
1199280 905.1
1199290 905.1
1199300 907.3
1199310 909.2
1199320 909.2
1199330 907.3
1199340 906.1
1199350 906.1
1199360 904.6
1199370 899.3
1199380 899.3
1199390 895.8
1199400 895.1
1199410 895.1
1199420 896.9
1199430 897.3
1199440 897.3
1199450 894.2
1199460 898.2
1199470 901.1
1199480 901.1
1199490 902.1
1199500 900.9
1199510 900.9
1199520 899.2
1199530 897.9
1199540 897.9
1199550 898.2
1199560 900.5
1199570 900.5
1199580 902.6
1199590 903.4
1199600 903.4
1199610 903.8
1199620 904.8
1199630 904.8
1199640 906.0
1199650 905.6
1199660 905.6
1199670 902.4
1199680 897.5
1199690 900.0
1199700 895.5
1199710 892.0
1199720 888.0
1199730 888.0
1199740 887.4
1199750 890.1
1199760 890.1
1199770 892.3
1199780 892.5
1199790 892.5
1199800 890.6
1199810 889.4
1199820 889.4
1199830 887.7
1199840 886.8
1199850 886.8
1199860 885.4
1199870 883.3
1199880 883.3
1199890 879.5
1199900 875.6
1199910 875.6
1199920 871.6
1199930 867.9
1199940 867.9
1199950 865.0
1199960 862.2
1199970 862.2
1199980 859.3
1199990 856.5
