1180000 1504.1
1180010 1508.9
1180020 1508.9
1180030 1514.5
1180040 1520.2
1180050 1520.2
1180060 1523.4
1180070 1526.0
1180080 1526.0
1180090 1531.0
1180100 1543.0
1180110 1566.3
1180120 1566.3
1180130 1572.1
1180140 1577.1
1180150 1577.1
1180160 1580.0
1180170 1585.7
1180180 1585.7
1180190 1592.7
1180200 1601.2
1180210 1601.2
1180220 1608.9
1180230 1617.2
1180240 1617.2
1180250 1626.0
1180260 1634.1
1180270 1634.1
1180280 1643.6
1180290 1652.5
1180300 1652.5
1180310 1659.8
1180320 1666.1
1180330 1666.1
1180340 1669.7
1180350 1674.9
1180360 1682.6
1180370 1682.6
1180380 1689.8
1180390 1697.6
1180400 1697.6
1180410 1707.8
1180420 1717.7
1180430 1717.7
1180440 1727.4
1180450 1740.6
1180460 1740.6
1180470 1748.3
1180480 1752.8
1180490 1752.8
1180500 1760.3
1180510 1771.9
1180520 1771.9
1180530 1787.7
1180540 1796.2
1180550 1796.2
1180560 1802.8
1180570 1808.9
1180580 1808.9
1180590 1817.4
1180600 1830.8
1180610 1830.8
1180620 1847.4
1180630 1857.7
1180640 1865.5
1180650 1865.5
1180660 1871.9
1180670 1878.2
1180680 1878.2
1180690 1886.2
1180700 1893.8
1180710 1893.8
1180720 1899.7
1180730 1904.5
1180740 1904.5
1180750 1911.7
1180760 1917.9
1180770 1917.9
1180780 1924.4
1180790 1930.9
1180800 1930.9
1180810 1936.4
1180820 1943.4
1180830 1943.4
1180840 1949.2
1180850 1954.1
1180860 1954.1
1180870 1956.6
1180880 1958.1
1180890 1958.1
1180900 1964.7
1180910 1968.4
1180920 1972.9
1180930 1972.9
1180940 1985.0
1180950 1992.9
1180960 1992.9
1180970 1998.6
1180980 2002.9
1180990 2002.9
1181000 2002.5
1181010 2004.2
1181020 2004.2
1181030 2009.1
1181040 2015.7
1181050 2015.7
1181060 2025.3
1181070 2035.5
1181080 2035.5
1181090 2044.5
1181100 2054.3
1181110 2054.3
1181120 2062.6
1181130 2070.0
1181140 2070.0
1181150 2078.3
1181160 2088.6
1181170 2097.9
1181180 2097.9
1181190 2105.6
1181200 2113.0
1181210 2113.0
1181220 2119.8
1181230 2126.2
1181240 2126.2
1181250 2126.2
1181260 2127.6
1181270 2127.6
1181280 2130.4
1181290 2130.3
1181300 2130.3
1181310 2126.2
1181320 2120.4
1181330 2120.4
1181340 2114.9
1181350 2111.4
1181360 2113.3
1181370 2107.7
1181380 2097.6
1181390 2097.6
1181400 2088.7
1181410 2081.2
1181420 2081.2
1181430 2073.3
1181440 2065.6
1181450 2057.1
1181460 2057.1
1181470 2047.0
1181480 2036.7
1181490 2036.7
1181500 2026.1
1181510 2016.8
1181520 2016.8
1181530 2008.3
1181540 2000.6
1181550 2000.6
1181560 1992.3
1181570 1984.9
1181580 1984.9
1181590 1977.6
1181600 1968.9
1181610 1968.9
1181620 1959.8
1181630 1951.3
1181640 1951.3
1181650 1944.4
1181660 1937.5
1181670 1937.5
1181680 1930.3
1181690 1923.0
1181700 1923.0
1181710 1915.0
1181720 1907.1
1181730 1899.3
1181740 1899.3
1181750 1891.6
1181760 1884.3
1181770 1884.3
1181780 1878.7
1181790 1871.5
1181800 1871.5
1181810 1864.6
1181820 1858.1
1181830 1858.1
1181840 1851.8
1181850 1844.9
1181860 1844.9
1181870 1837.7
1181880 1830.5
1181890 1830.5
1181900 1822.4
1181910 1814.4
1181920 1814.4
1181930 1807.8
1181940 1802.7
1181950 1802.7
1181960 1801.0
1181970 1801.5
1181980 1802.9
1181990 1802.9
1182000 1801.4
1182010 1799.4
1182020 1799.4
1182030 1797.7
1182040 1792.6
1182050 1792.6
1182060 1779.7
1182070 1771.4
1182080 1771.4
1182090 1765.2
1182100 1759.1
1182110 1759.1
1182120 1753.6
1182130 1747.5
1182140 1747.5
1182150 1740.7
1182160 1734.8
1182170 1734.8
1182180 1728.9
1182190 1722.6
1182200 1725.8
1182210 1721.0
1182220 1716.5
1182230 1716.5
1182240 1711.8
1182250 1706.5
1182260 1701.2
1182270 1701.2
1182280 1695.9
1182290 1691.0
1182300 1691.0
1182310 1686.2
1182320 1680.7
1182330 1680.7
1182340 1674.3
1182350 1667.9
1182360 1667.9
1182370 1661.8
1182380 1655.9
1182390 1655.9
1182400 1651.5
1182410 1648.5
1182420 1648.5
1182430 1644.4
1182440 1639.6
1182450 1639.6
1182460 1635.4
1182470 1631.0
1182480 1631.0
1182490 1626.8
1182500 1623.4
1182510 1619.9
1182520 1619.9
1182530 1616.0
1182540 1611.8
1182550 1611.8
1182560 1607.9
1182570 1603.9
1182580 1603.9
1182590 1599.7
1182600 1593.5
1182610 1593.5
1182620 1587.2
1182630 1583.5
1182640 1583.5
1182650 1576.9
1182660 1574.1
1182670 1574.1
1182680 1575.0
1182690 1575.5
1182700 1575.5
1182710 1575.2
1182720 1576.2
1182730 1576.2
1182740 1582.6
1182750 1591.5
1182760 1591.5
1182770 1599.5
1182780 1606.4
1182790 1612.0
1182800 1612.0
1182810 1616.8
1182820 1622.7
1182830 1622.7
1182840 1629.5
1182850 1636.0
1182860 1636.0
1182870 1642.2
1182880 1648.2
1182890 1648.2
1182900 1654.1
1182910 1660.0
1182920 1660.0
1182930 1666.1
1182940 1671.9
1182950 1671.9
1182960 1677.7
1182970 1683.2
1182980 1683.2
1182990 1689.1
1183000 1694.1
1183010 1694.1
1183020 1695.5
1183030 1696.0
1183040 1696.0
1183050 1697.7
1183060 1702.3
1183070 1709.5
1183080 1709.5
1183090 1715.8
1183100 1722.3
1183110 1722.3
1183120 1730.0
1183130 1739.5
1183140 1739.5
1183150 1746.9
1183160 1751.9
1183170 1751.9
1183180 1757.7
1183190 1763.8
1183200 1763.8
1183210 1770.4
1183220 1782.2
1183230 1782.2
1183240 1796.8
1183250 1805.2
1183260 1805.2
1183270 1812.2
1183280 1821.4
1183290 1821.4
1183300 1830.8
1183310 1843.2
1183320 1856.4
1183330 1856.4
1183340 1862.4
1183350 1869.8
1183360 1869.8
1183370 1879.6
1183380 1891.3
1183390 1891.3
1183400 1914.4
1183410 1926.2
1183420 1926.2
1183430 1934.7
1183440 1946.1
1183450 1946.1
1183460 1958.2
1183470 1971.5
1183480 1971.5
1183490 1975.4
1183500 1983.6
1183510 1983.6
1183520 1990.9
1183530 1997.7
1183540 1997.7
1183550 2007.1
1183560 2014.1
1183570 2014.1
1183580 2022.7
1183590 2038.5
1183600 2052.7
1183610 2052.7
1183620 2059.0
1183630 2060.8
1183640 2060.8
1183650 2066.0
1183660 2071.7
1183670 2071.7
1183680 2078.9
1183690 2085.1
1183700 2085.1
1183710 2094.5
1183720 2107.2
1183730 2107.2
1183740 2116.9
1183750 2125.7
1183760 2125.7
1183770 2137.7
1183780 2149.2
1183790 2149.2
1183800 2161.1
1183810 2170.7
1183820 2170.7
1183830 2174.7
1183840 2178.0
1183850 2178.0
1183860 2183.9
1183870 2189.5
1183880 2197.4
1183890 2196.5
1183900 2207.0
1183910 2209.3
1183920 2209.3
1183930 2209.7
1183940 2209.4
1183950 2209.4
1183960 2212.6
1183970 2218.9
1183980 2218.9
1183990 2238.5
1184000 2250.4
1184010 2250.4
1184020 2254.2
1184030 2260.3
1184040 2260.3
1184050 2265.1
1184060 2267.5
1184070 2267.5
1184080 2270.8
1184090 2278.5
1184100 2278.5
1184110 2284.4
1184120 2287.4
1184130 2291.2
1184140 2291.2
1184150 2295.7
1184160 2298.7
1184170 2298.7
1184180 2305.6
1184190 2318.8
1184200 2318.8
1184210 2331.4
1184220 2339.4
1184230 2339.4
1184240 2352.6
1184250 2377.5
1184260 2377.5
1184270 2386.0
1184280 2396.8
1184290 2396.8
1184300 2411.9
1184310 2425.5
1184320 2431.5
1184330 2441.1
1184340 2449.7
1184350 2449.7
1184360 2449.6
1184370 2437.2
1184380 2437.2
1184390 2423.6
1184400 2411.6
1184410 2399.7
1184420 2399.7
1184430 2386.4
1184440 2372.0
1184450 2372.0
1184460 2360.4
1184470 2348.6
1184480 2348.6
1184490 2334.0
1184500 2319.0
1184510 2319.0
1184520 2302.6
1184530 2279.3
1184540 2279.3
1184550 2271.4
1184560 2265.5
1184570 2265.5
1184580 2259.6
1184590 2254.2
1184600 2254.2
1184610 2247.1
1184620 2237.9
1184630 2237.9
1184640 2233.0
1184650 2230.6
1184660 2229.4
1184670 2229.4
1184680 2227.1
1184690 2223.9
1184700 2223.9
1184710 2220.2
1184720 2217.9
1184730 2217.9
1184740 2220.9
1184750 2219.0
1184760 2219.0
1184770 2216.4
1184780 2213.5
1184790 2213.5
1184800 2210.5
1184810 2207.7
1184820 2207.7
1184830 2205.1
1184840 2202.7
1184850 2202.7
1184860 2200.5
1184870 2199.9
1184880 2199.9
1184890 2199.9
1184900 2199.9
1184910 2199.9
1184920 2200.1
1184930 2200.1
1184940 2200.1
1184950 2200.1
1184960 2200.0
1184970 2199.8
1184980 2199.8
1184990 2199.7
1185000 2199.4
1185010 2199.4
1185020 2199.5
1185030 2200.0
1185040 2200.0
1185050 2201.2
1185060 2202.9
1185070 2202.9
1185080 2204.4
1185090 2206.2
1185100 2206.2
1185110 2207.1
1185120 2207.5
1185130 2207.5
1185140 2207.9
1185150 2208.4
1185160 2208.4
1185170 2213.9
1185180 2214.2
1185190 2214.2
1185200 2214.6
1185210 2214.8
1185220 2215.6
1185230 2215.6
1185240 2216.5
1185250 2217.8
1185260 2217.8
1185270 2219.2
1185280 2220.6
1185290 2220.6
1185300 2222.9
1185310 2224.9
1185320 2224.9
1185330 2226.5
1185340 2227.8
1185350 2227.8
1185360 2229.7
1185370 2231.4
1185380 2231.4
1185390 2233.3
1185400 2234.0
1185410 2234.0
1185420 2236.8
1185430 2239.4
1185440 2239.4
1185450 2241.8
1185460 2242.8
1185470 2243.4
1185480 2243.4
1185490 2244.1
1185500 2245.4
1185510 2245.4
1185520 2248.1
1185530 2249.7
1185540 2249.7
1185550 2250.7
1185560 2251.4
1185570 2251.4
1185580 2251.8
1185590 2257.3
1185600 2257.3
1185610 2258.3
1185620 2259.8
1185630 2259.8
1185640 2260.6
1185650 2260.8
1185660 2260.8
1185670 2260.2
1185680 2259.2
1185690 2259.2
1185700 2259.6
1185710 2261.7
1185720 2261.7
1185730 2266.6
1185740 2271.5
1185750 2275.7
1185760 2275.7
1185770 2279.3
1185780 2282.5
1185790 2282.5
1185800 2285.4
1185810 2288.3
1185820 2288.3
1185830 2291.6
1185840 2294.4
1185850 2294.4
1185860 2296.8
1185870 2300.2
1185880 2300.2
1185890 2302.6
1185900 2305.0
1185910 2305.0
1185920 2307.3
1185930 2309.9
1185940 2309.9
1185950 2312.1
1185960 2313.5
1185970 2313.5
1185980 2314.8
1185990 2315.3
1186000 2315.3
1186010 2315.6
1186020 2324.3
1186030 2325.0
1186040 2325.0
1186050 2329.2
1186060 2333.0
1186070 2333.0
1186080 2336.0
1186090 2339.7
1186100 2339.7
1186110 2345.7
1186120 2353.3
1186130 2353.3
1186140 2361.6
1186150 2371.4
1186160 2371.4
1186170 2380.9
1186180 2389.9
1186190 2389.9
1186200 2399.2
1186210 2407.6
1186220 2407.6
1186230 2414.9
1186240 2427.7
1186250 2427.7
1186260 2436.2
1186270 2440.4
1186280 2445.0
1186290 2445.0
1186300 2449.3
1186310 2455.0
1186320 2455.0
1186330 2461.1
1186340 2467.4
1186350 2467.4
1186360 2473.4
1186370 2478.9
1186380 2478.9
1186390 2483.8
1186400 2489.1
1186410 2489.1
1186420 2493.5
1186430 2496.7
1186440 2494.1
1186450 2496.4
1186460 2495.3
1186470 2495.3
1186480 2486.8
1186490 2484.7
1186500 2484.7
1186510 2485.8
1186520 2479.0
1186530 2479.0
1186540 2452.3
1186550 2436.9
1186560 2433.5
1186570 2433.5
1186580 2435.4
1186590 2438.3
1186600 2438.3
1186610 2438.5
1186620 2443.3
1186630 2443.3
1186640 2451.6
1186650 2467.8
1186660 2467.8
1186670 2483.0
1186680 2489.4
1186690 2489.4
1186700 2482.7
1186710 2475.7
1186720 2475.7
1186730 2460.0
1186740 2446.4
1186750 2446.4
1186760 2445.7
1186770 2459.2
1186780 2459.2
1186790 2464.9
1186800 2477.5
1186810 2478.2
1186820 2478.2
1186830 2482.1
1186840 2485.3
1186850 2485.3
1186860 2485.2
1186870 2464.5
1186880 2464.5
1186890 2460.5
1186900 2451.5
1186910 2451.5
1186920 2447.2
1186930 2446.5
1186940 2446.5
1186950 2447.1
1186960 2447.1
1186970 2447.1
1186980 2451.4
1186990 2458.4
1187000 2458.4
1187010 2456.6
1187020 2455.2
1187030 2455.2
1187040 2452.8
1187050 2450.5
1187060 2450.5
1187070 2448.5
1187080 2446.6
1187090 2443.6
1187100 2443.6
1187110 2439.9
1187120 2438.8
1187130 2438.8
1187140 2447.5
1187150 2462.0
1187160 2462.0
1187170 2474.2
1187180 2477.1
1187190 2477.1
1187200 2476.3
1187210 2475.0
1187220 2475.0
1187230 2482.5
1187240 2504.3
1187250 2504.3
1187260 2522.8
1187270 2539.5
1187280 2539.5
1187290 2544.6
1187300 2537.8
1187310 2537.8
1187320 2539.9
1187330 2551.9
1187340 2551.9
1187350 2557.5
1187360 2551.8
1187370 2547.9
1187380 2547.9
1187390 2546.9
1187400 2542.6
1187410 2542.6
1187420 2543.3
1187430 2549.3
1187440 2549.3
1187450 2543.9
1187460 2537.7
1187470 2537.7
1187480 2534.5
1187490 2531.6
1187500 2531.6
1187510 2528.3
1187520 2526.7
1187530 2526.7
1187540 2528.1
1187550 2533.5
1187560 2533.5
1187570 2546.2
1187580 2561.6
1187590 2561.6
1187600 2574.0
1187610 2585.1
1187620 2594.0
1187630 2594.0
1187640 2600.6
1187650 2603.9
1187660 2603.9
1187670 2602.6
1187680 2606.9
1187690 2606.9
1187700 2605.8
1187710 2606.2
1187720 2606.2
1187730 2606.0
1187740 2616.2
1187750 2616.2
1187760 2624.1
1187770 2623.2
1187780 2623.2
1187790 2616.5
1187800 2611.6
1187810 2611.6
1187820 2609.5
1187830 2604.8
1187840 2604.8
1187850 2590.5
1187860 2577.7
1187870 2577.7
1187880 2572.4
1187890 2565.5
1187900 2562.2
1187910 2562.2
1187920 2554.8
1187930 2543.3
1187940 2543.3
1187950 2542.6
1187960 2543.4
1187970 2543.4
1187980 2540.1
1187990 2536.1
1188000 2536.1
1188010 2536.2
1188020 2534.6
1188030 2534.6
1188040 2525.3
1188050 2527.1
1188060 2527.1
1188070 2530.9
1188080 2526.5
1188090 2526.5
1188100 2527.1
1188110 2535.9
1188120 2535.9
1188130 2545.2
1188140 2552.5
1188150 2552.5
1188160 2544.2
1188170 2541.6
1188180 2536.7
1188190 2536.7
1188200 2536.4
1188210 2541.4
1188220 2541.4
1188230 2546.6
1188240 2556.4
1188250 2556.4
1188260 2566.2
1188270 2574.9
1188280 2574.9
1188290 2579.8
1188300 2583.3
1188310 2583.3
1188320 2590.3
1188330 2596.0
1188340 2596.0
1188350 2603.5
1188360 2604.0
1188370 2604.0
1188380 2594.8
1188390 2579.4
1188400 2579.4
1188410 2563.7
1188420 2550.2
1188430 2541.8
1188440 2541.8
1188450 2535.7
1188460 2525.6
1188470 2525.6
1188480 2517.9
1188490 2510.7
1188500 2510.7
1188510 2503.6
1188520 2496.5
1188530 2496.5
1188540 2489.4
1188550 2482.2
1188560 2482.2
1188570 2474.9
1188580 2467.6
1188590 2469.9
1188600 2462.2
1188610 2454.7
1188620 2454.7
1188630 2447.4
1188640 2440.3
1188650 2440.3
1188660 2433.1
1188670 2426.1
1188680 2426.1
1188690 2419.4
1188700 2413.3
1188710 2407.6
1188720 2407.6
1188730 2401.6
1188740 2395.3
1188750 2395.3
1188760 2388.9
1188770 2382.5
1188780 2382.5
1188790 2375.9
1188800 2369.1
1188810 2369.1
1188820 2362.3
1188830 2356.5
1188840 2356.5
1188850 2349.0
1188860 2342.4
1188870 2342.4
1188880 2336.0
1188890 2329.2
1188900 2329.2
1188910 2322.2
1188920 2315.4
1188930 2315.4
1188940 2309.3
1188950 2303.0
1188960 2296.4
1188970 2296.4
1188980 2289.8
1188990 2283.6
1189000 2283.6
1189010 2277.0
1189020 2274.8
1189030 2274.8
1189040 2264.4
1189050 2258.2
1189060 2258.2
1189070 2253.3
1189080 2248.0
1189090 2248.0
1189100 2241.9
1189110 2236.6
1189120 2236.6
1189130 2232.5
1189140 2228.3
1189150 2228.3
1189160 2223.9
1189170 2219.4
1189180 2219.4
1189190 2215.0
1189200 2210.6
1189210 2210.6
1189220 2206.2
1189230 2202.1
1189240 2197.8
1189250 2197.8
1189260 2194.2
1189270 2192.3
1189280 2192.3
1189290 2190.9
1189300 2188.6
1189310 2188.6
1189320 2185.0
1189330 2184.2
1189340 2184.2
1189350 2187.0
1189360 2191.3
1189370 2191.3
1189380 2195.4
1189390 2197.8
1189400 2197.8
1189410 2200.2
1189420 2202.4
1189430 2202.4
1189440 2204.4
1189450 2210.2
1189460 2210.2
1189470 2210.9
1189480 2210.6
1189490 2210.6
1189500 2210.0
1189510 2208.9
1189520 2207.4
1189530 2207.4
1189540 2205.2
1189550 2202.6
1189560 2202.6
1189570 2199.2
1189580 2195.8
1189590 2195.8
1189600 2192.4
1189610 2188.7
1189620 2188.7
1189630 2184.8
1189640 2180.8
1189650 2180.8
1189660 2176.8
1189670 2173.6
1189680 2173.6
1189690 2171.1
1189700 2168.8
1189710 2168.8
1189720 2167.2
1189730 2165.7
1189740 2165.7
1189750 2165.3
1189760 2164.9
1189770 2164.2
1189780 2164.2
1189790 2162.5
1189800 2162.0
1189810 2162.0
1189820 2163.1
1189830 2163.2
1189840 2163.2
1189850 2162.7
1189860 2161.5
1189870 2161.5
1189880 2154.8
1189890 2152.4
1189900 2152.4
1189910 2151.2
1189920 2151.8
1189930 2151.8
1189940 2151.8
1189950 2148.7
1189960 2148.7
1189970 2144.5
1189980 2140.1
1189990 2140.1
1190000 2135.2
1190010 2130.7
1190020 2130.7
1190030 2127.1
1190040 2122.6
1190050 2117.7
1190060 2117.7
1190070 2112.7
1190080 2109.1
1190090 2109.1
1190100 2107.0
1190110 2104.0
1190120 2104.0
1190130 2100.5
1190140 2097.5
1190150 2097.5
1190160 2092.9
1190170 2087.7
1190180 2087.7
1190190 2083.0
1190200 2077.7
1190210 2077.7
1190220 2071.2
1190230 2065.9
1190240 2065.9
1190250 2064.5
1190260 2063.2
1190270 2063.2
1190280 2061.6
1190290 2060.1
1190300 2060.1
1190310 2064.1
1190320 2062.9
1190330 2060.6
1190340 2060.6
1190350 2057.2
1190360 2052.3
1190370 2052.3
1190380 2047.5
1190390 2044.5
1190400 2044.5
1190410 2041.8
1190420 2039.0
1190430 2039.0
1190440 2036.1
1190450 2032.9
1190460 2032.9
1190470 2028.8
1190480 2025.0
1190490 2025.0
1190500 2021.1
1190510 2016.7
1190520 2016.7
1190530 2011.4
1190540 2006.3
1190550 2006.3
1190560 2001.6
1190570 1997.0
1190580 1992.0
1190590 1992.0
1190600 1986.6
1190610 1981.8
1190620 1981.8
1190630 1976.8
1190640 1971.6
1190650 1971.6
1190660 1967.0
1190670 1962.6
1190680 1962.6
1190690 1960.3
1190700 1959.3
1190710 1959.3
1190720 1956.7
1190730 1953.7
1190740 1953.7
1190750 1954.8
1190760 1951.8
1190770 1951.8
1190780 1948.4
1190790 1944.8
1190800 1944.8
1190810 1941.4
1190820 1939.1
1190830 1939.1
1190840 1936.9
1190850 1933.8
1190860 1930.7
1190870 1930.7
1190880 1927.8
1190890 1925.5
1190900 1925.5
1190910 1924.7
1190920 1924.5
1190930 1924.5
1190940 1924.0
1190950 1923.3
1190960 1923.3
1190970 1923.1
1190980 1921.6
1190990 1921.6
1191000 1919.2
1191010 1917.6
1191020 1917.6
1191030 1915.9
1191040 1913.6
1191050 1913.6
1191060 1911.1
1191070 1909.5
1191080 1909.5
1191090 1907.6
1191100 1906.7
1191110 1905.4
1191120 1905.4
1191130 1904.1
1191140 1902.5
1191150 1902.5
1191160 1901.4
1191170 1901.4
1191180 1907.9
1191190 1907.0
1191200 1905.0
1191210 1905.0
1191220 1902.5
1191230 1900.2
1191240 1900.2
1191250 1900.4
1191260 1899.0
1191270 1899.0
1191280 1898.7
1191290 1902.5
1191300 1902.5
1191310 1909.5
1191320 1915.9
1191330 1915.9
1191340 1918.6
1191350 1918.1
1191360 1918.1
1191370 1914.0
1191380 1912.6
1191390 1909.9
1191400 1909.9
1191410 1907.0
1191420 1910.7
1191430 1910.7
1191440 1918.8
1191450 1922.1
1191460 1922.1
1191470 1918.0
1191480 1914.1
1191490 1914.1
1191500 1913.3
1191510 1916.9
1191520 1916.9
1191530 1917.8
1191540 1916.8
1191550 1916.8
1191560 1919.8
1191570 1929.3
1191580 1929.3
1191590 1939.5
1191600 1945.8
1191610 1950.7
1191620 1957.7
1191630 1959.1
1191640 1959.1
1191650 1961.7
1191660 1962.3
1191670 1960.8
1191680 1960.8
1191690 1959.3
1191700 1960.9
1191710 1960.9
1191720 1965.9
1191730 1969.7
1191740 1969.7
1191750 1976.7
1191760 1978.9
1191770 1978.9
1191780 1972.9
1191790 1969.2
1191800 1969.2
1191810 1970.5
1191820 1967.5
1191830 1967.5
1191840 1966.0
1191850 1966.7
1191860 1966.7
1191870 1964.8
1191880 1969.0
1191890 1969.0
1191900 1981.4
1191910 1992.2
1191920 2001.9
1191930 2001.9
1191940 2011.8
1191950 2017.1
1191960 2017.1
1191970 2019.8
1191980 2034.0
1191990 2034.0
1192000 2050.8
1192010 2068.4
1192020 2068.4
1192030 2061.0
1192040 2050.3
1192050 2059.9
1192060 2064.2
1192070 2064.8
1192080 2064.8
1192090 2068.6
1192100 2077.7
1192110 2077.7
1192120 2081.1
1192130 2083.6
1192140 2083.6
1192150 2089.1
1192160 2089.9
1192170 2089.9
1192180 2089.3
1192190 2089.2
1192200 2088.5
1192210 2088.5
1192220 2087.1
1192230 2085.7
1192240 2085.7
1192250 2086.3
1192260 2086.3
1192270 2086.3
1192280 2084.3
1192290 2080.3
1192300 2080.3
1192310 2075.0
1192320 2067.3
1192330 2067.3
1192340 2058.7
1192350 2053.3
1192360 2053.3
1192370 2049.3
1192380 2044.8
1192390 2044.8
1192400 2039.8
1192410 2035.1
1192420 2035.1
1192430 2031.6
1192440 2028.3
1192450 2024.9
1192460 2024.9
1192470 2021.8
1192480 2013.0
1192490 2013.0
1192500 2010.3
1192510 2007.2
1192520 2007.2
1192530 2004.4
1192540 2001.3
1192550 2001.3
1192560 1997.9
1192570 1994.5
1192580 1994.5
1192590 1992.3
1192600 1990.6
1192610 1990.6
1192620 1987.9
1192630 1984.9
1192640 1984.9
1192650 1981.4
1192660 1977.1
1192670 1977.1
1192680 1974.4
1192690 1972.0
1192700 1972.0
1192710 1969.2
1192720 1966.0
1192730 1962.7
1192740 1962.7
1192750 1960.3
1192760 1957.8
1192770 1957.8
1192780 1954.9
1192790 1950.2
1192800 1950.2
1192810 1946.0
1192820 1942.6
1192830 1942.6
1192840 1939.5
1192850 1936.7
1192860 1936.7
1192870 1934.6
1192880 1931.8
1192890 1931.8
1192900 1928.5
1192910 1925.3
1192920 1921.2
1192930 1918.8
1192940 1915.2
1192950 1915.2
1192960 1910.7
1192970 1907.1
1192980 1907.1
1192990 1902.5
1193000 1897.7
1193010 1892.8
1193020 1892.8
1193030 1888.2
1193040 1884.2
1193050 1884.2
1193060 1879.8
1193070 1874.2
1193080 1874.2
1193090 1868.4
1193100 1863.3
1193110 1863.3
1193120 1858.3
1193130 1853.5
1193140 1853.5
1193150 1850.0
1193160 1847.3
1193170 1847.3
1193180 1844.2
1193190 1840.4
1193200 1840.4
1193210 1836.6
1193220 1831.7
1193230 1831.7
1193240 1826.8
1193250 1822.4
1193260 1818.1
1193270 1818.1
1193280 1812.7
1193290 1807.6
1193300 1807.6
1193310 1802.2
1193320 1796.4
1193330 1796.4
1193340 1790.0
1193350 1779.0
1193360 1779.0
1193370 1776.5
1193380 1771.0
1193390 1771.0
1193400 1763.5
1193410 1758.4
1193420 1758.4
1193430 1755.1
1193440 1750.9
1193450 1750.9
1193460 1747.6
1193470 1743.5
1193480 1743.5
1193490 1738.9
1193500 1733.4
1193510 1733.4
1193520 1727.7
1193530 1722.4
1193540 1718.3
1193550 1718.3
1193560 1713.5
1193570 1705.2
1193580 1705.2
1193590 1694.9
1193600 1684.0
1193610 1684.0
1193620 1675.6
1193630 1668.3
1193640 1668.3
1193650 1662.8
1193660 1659.5
1193670 1659.5
1193680 1656.1
1193690 1653.0
1193700 1653.0
1193710 1650.3
1193720 1650.6
1193730 1650.6
1193740 1649.6
1193750 1647.1
1193760 1647.1
1193770 1643.2
1193780 1638.6
1193790 1628.1
1193800 1628.1
1193810 1623.1
1193820 1617.7
1193830 1617.7
1193840 1610.7
1193850 1604.4
1193860 1604.4
1193870 1600.2
1193880 1596.7
1193890 1596.7
1193900 1594.5
1193910 1598.2
1193920 1598.2
1193930 1601.6
1193940 1601.3
1193950 1601.3
1193960 1598.7
1193970 1594.6
1193980 1594.6
1193990 1590.5
1194000 1582.4
1194010 1582.4
1194020 1572.3
1194030 1567.1
1194040 1567.1
1194050 1564.1
1194060 1559.1
1194070 1556.2
1194080 1556.2
1194090 1555.9
1194100 1555.2
1194110 1555.2
1194120 1552.8
1194130 1548.6
1194140 1548.6
1194150 1542.6
1194160 1537.4
1194170 1537.4
1194180 1532.0
1194190 1526.9
1194200 1526.9
1194210 1522.3
1194220 1518.0
1194230 1511.3
1194240 1507.4
1194250 1504.1
1194260 1504.1
1194270 1500.9
1194280 1497.8
1194290 1497.8
1194300 1495.5
1194310 1492.6
1194320 1492.6
1194330 1488.8
1194340 1483.3
1194350 1476.7
1194360 1476.7
1194370 1472.0
1194380 1468.6
1194390 1468.6
1194400 1464.6
1194410 1460.3
1194420 1460.3
1194430 1456.4
1194440 1451.9
1194450 1451.9
1194460 1447.3
1194470 1443.4
1194480 1443.4
1194490 1441.2
1194500 1440.3
1194510 1440.3
1194520 1438.3
1194530 1435.0
1194540 1435.0
1194550 1430.3
1194560 1424.9
1194570 1424.9
1194580 1419.0
1194590 1414.3
1194600 1410.8
1194610 1410.8
1194620 1407.6
1194630 1404.8
1194640 1404.8
1194650 1401.4
1194660 1397.9
1194670 1391.5
1194680 1388.2
1194690 1385.2
1194700 1385.2
1194710 1382.5
1194720 1379.8
1194730 1379.8
1194740 1376.9
1194750 1373.5
1194760 1373.5
1194770 1369.9
1194780 1367.1
1194790 1367.1
1194800 1363.9
1194810 1359.5
1194820 1359.5
1194830 1353.4
1194840 1347.3
1194850 1347.3
1194860 1340.9
1194870 1335.2
1194880 1329.6
1194890 1329.6
1194900 1323.1
1194910 1317.2
1194920 1317.2
1194930 1313.0
1194940 1308.2
1194950 1308.2
1194960 1302.2
1194970 1296.5
1194980 1296.5
1194990 1290.7
1195000 1284.4
1195010 1284.4
1195020 1278.2
1195030 1272.7
1195040 1272.7
1195050 1266.9
1195060 1261.5
1195070 1261.5
1195080 1256.1
1195090 1250.3
1195100 1250.3
1195110 1241.5
1195120 1235.5
1195130 1229.2
1195140 1229.2
1195150 1222.3
1195160 1215.3
1195170 1215.3
1195180 1211.1
1195190 1208.7
1195200 1208.7
1195210 1206.3
1195220 1201.8
1195230 1201.8
1195240 1195.0
1195250 1187.7
1195260 1187.7
1195270 1181.7
1195280 1177.9
1195290 1177.9
1195300 1175.4
1195310 1173.5
1195320 1173.5
1195330 1172.3
1195340 1171.5
1195350 1171.5
1195360 1170.9
1195370 1169.1
1195380 1169.1
1195390 1167.4
1195400 1166.2
1195410 1162.6
1195420 1162.6
1195430 1158.9
1195440 1154.7
1195450 1154.7
1195460 1149.7
1195470 1145.1
1195480 1145.1
1195490 1141.7
1195500 1139.1
1195510 1139.1
1195520 1136.8
1195530 1135.0
1195540 1135.0
1195550 1132.1
1195560 1130.0
1195570 1130.0
1195580 1128.0
1195590 1126.1
1195600 1126.1
1195610 1124.3
1195620 1122.7
1195630 1122.7
1195640 1120.9
1195650 1119.2
1195660 1119.2
1195670 1117.3
1195680 1115.4
1195690 1113.9
1195700 1113.9
1195710 1112.2
1195720 1110.4
1195730 1110.4
1195740 1108.5
1195750 1107.1
1195760 1107.1
1195770 1105.6
1195780 1103.7
1195790 1103.7
1195800 1101.9
1195810 1100.2
1195820 1100.2
1195830 1098.5
1195840 1096.9
1195850 1096.9
1195860 1095.3
1195870 1093.7
1195880 1093.7
1195890 1092.0
1195900 1090.4
1195910 1090.4
1195920 1088.7
1195930 1087.1
1195940 1085.3
1195950 1085.3
1195960 1084.2
1195970 1082.4
1195980 1082.4
1195990 1080.6
1196000 1079.1
1196010 1079.1
1196020 1077.5
1196030 1076.0
1196040 1076.0
1196050 1074.4
1196060 1072.9
1196070 1072.9
1196080 1071.4
1196090 1070.0
1196100 1070.0
1196110 1068.6
1196120 1067.1
1196130 1067.1
1196140 1065.6
1196150 1064.0
1196160 1064.0
1196170 1062.3
1196180 1060.9
1196190 1060.9
1196200 1059.4
1196210 1057.9
1196220 1055.6
1196230 1055.6
1196240 1053.0
1196250 1049.9
1196260 1049.9
1196270 1046.4
1196280 1043.3
1196290 1043.3
1196300 1039.6
1196310 1034.4
1196320 1034.4
1196330 1026.7
1196340 1021.0
1196350 1021.0
1196360 1018.5
1196370 1015.6
1196380 1015.6
1196390 1011.9
1196400 1008.2
1196410 1008.2
1196420 1005.7
1196430 1002.4
1196440 1002.4
1196450 1000.3
1196460 995.8
1196470 990.3
1196480 990.3
1196490 986.2
1196500 981.8
1196510 981.8
1196520 972.4
1196530 960.0
1196540 960.0
1196550 948.3
1196560 940.5
1196570 940.5
1196580 944.4
1196590 965.1
1196600 965.1
1196610 991.8
1196620 997.9
1196630 997.9
1196640 1000.0
1196650 1002.2
1196660 1002.2
1196670 1007.7
1196680 1013.1
1196690 1013.1
1196700 1013.5
1196710 1013.0
1196720 1013.0
1196730 1016.4
1196740 1019.7
1196750 1023.1
1196760 1023.1
1196770 1026.6
1196780 1027.8
1196790 1027.8
1196800 1027.6
1196810 1031.3
1196820 1031.3
1196830 1034.8
1196840 1037.2
1196850 1037.2
1196860 1039.1
1196870 1035.6
1196880 1035.6
1196890 1036.4
1196900 1037.2
1196910 1037.2
1196920 1037.7
1196930 1037.0
1196940 1037.0
1196950 1037.4
1196960 1038.4
1196970 1038.4
1196980 1039.0
1196990 1038.4
1197000 1038.4
1197010 1033.6
1197020 1024.5
1197030 1016.1
1197040 1016.1
1197050 1008.0
1197060 1000.4
1197070 1000.4
1197080 993.5
1197090 987.5
1197100 987.5
1197110 983.4
1197120 980.4
1197130 980.4
1197140 978.0
1197150 975.1
1197160 975.1
1197170 972.6
1197180 971.6
1197190 971.6
1197200 973.1
1197210 977.4
1197220 977.4
1197230 983.5
1197240 989.9
1197250 989.9
1197260 995.5
1197270 1000.5
1197280 1005.9
1197290 1005.9
1197300 1010.6
1197310 1008.9
1197320 1004.9
1197330 999.7
1197340 995.2
1197350 995.2
1197360 992.0
1197370 990.2
1197380 990.2
1197390 991.9
1197400 997.1
1197410 997.1
1197420 1001.0
1197430 999.6
1197440 999.6
1197450 995.1
1197460 992.5
1197470 992.5
1197480 994.4
1197490 996.7
1197500 996.7
1197510 996.6
1197520 995.8
1197530 995.8
1197540 996.5
1197550 999.3
1197560 1003.6
1197570 1003.6
1197580 1008.6
1197590 1013.2
1197600 1013.2
1197610 1018.9
1197620 1025.7
1197630 1025.7
1197640 1031.2
1197650 1033.6
1197660 1033.6
1197670 1036.1
1197680 1040.0
1197690 1040.0
1197700 1044.4
1197710 1048.6
1197720 1048.6
1197730 1049.9
1197740 1050.3
1197750 1050.3
1197760 1050.1
1197770 1050.5
1197780 1050.5
1197790 1051.0
1197800 1051.6
1197810 1052.2
1197820 1052.2
1197830 1052.7
1197840 1053.1
1197850 1053.1
1197860 1053.0
1197870 1052.6
1197880 1052.6
1197890 1052.1
1197900 1050.6
1197910 1050.6
1197920 1049.1
1197930 1047.8
1197940 1047.8
1197950 1046.5
1197960 1044.8
1197970 1044.8
1197980 1042.9
1197990 1041.5
1198000 1041.5
1198010 1039.4
1198020 1038.4
1198030 1038.4
1198040 1037.6
1198050 1037.2
1198060 1037.2
1198070 1037.5
1198080 1038.3
1198090 1039.3
1198100 1039.3
1198110 1040.3
1198120 1040.8
1198130 1040.8
1198140 1041.1
1198150 1041.2
1198160 1041.2
1198170 1041.1
1198180 1040.8
1198190 1040.8
1198200 1040.3
1198210 1038.3
1198220 1038.3
1198230 1037.5
1198240 1036.9
1198250 1036.9
1198260 1036.5
1198270 1035.6
1198280 1035.6
1198290 1034.9
1198300 1033.5
1198310 1033.5
1198320 1030.6
1198330 1026.4
1198340 1026.4
1198350 1021.7
1198360 1016.8
1198370 1013.7
1198380 1013.7
1198390 1015.3
1198400 1020.0
1198410 1020.0
1198420 1025.3
1198430 1028.5
1198440 1028.5
1198450 1028.4
1198460 1027.3
1198470 1027.3
1198480 1026.3
1198490 1026.0
1198500 1026.0
1198510 1025.9
1198520 1023.6
1198530 1023.6
1198540 1020.6
1198550 1017.0
1198560 1017.0
1198570 1012.2
1198580 1006.5
1198590 1006.5
1198600 1001.0
1198610 995.4
1198620 991.4
1198630 991.4
1198640 989.4
1198650 986.3
1198660 986.3
1198670 985.9
1198680 985.6
1198690 985.6
1198700 985.1
1198710 985.5
1198720 985.5
1198730 986.2
1198740 987.4
1198750 987.4
1198760 988.6
1198770 989.6
1198780 989.6
1198790 990.2
1198800 990.7
1198810 990.7
1198820 991.2
1198830 991.5
1198840 991.5
1198850 991.6
1198860 991.7
1198870 991.7
1198880 991.8
1198890 991.5
1198900 990.4
1198910 990.4
1198920 989.3
1198930 988.6
1198940 988.6
1198950 988.0
1198960 987.5
1198970 987.5
1198980 987.1
1198990 986.6
1199000 986.6
1199010 986.3
1199020 986.0
1199030 986.0
1199040 985.1
1199050 983.9
1199060 983.9
1199070 982.8
1199080 982.2
1199090 982.2
1199100 980.3
1199110 979.3
1199120 979.3
1199130 978.8
1199140 978.2
1199150 978.3
1199160 978.3
1199170 979.3
1199180 980.4
1199190 980.4
1199200 981.4
1199210 982.0
1199220 982.0
1199230 982.0
1199240 980.3
1199250 980.3
1199260 977.4
1199270 975.8
1199280 975.8
1199290 975.3
1199300 975.3
1199310 975.3
1199320 975.2
1199330 974.9
1199340 974.9
1199350 974.6
1199360 973.1
1199370 973.1
1199380 969.4
1199390 965.4
1199400 965.4
1199410 961.4
1199420 956.8
1199430 951.9
1199440 951.9
1199450 952.1
1199460 954.9
1199470 954.9
1199480 958.9
1199490 962.5
1199500 962.5
1199510 963.6
1199520 963.9
1199530 963.9
1199540 957.3
1199550 956.9
1199560 956.9
1199570 956.7
1199580 955.1
1199590 955.1
1199600 955.0
1199610 955.2
1199620 955.2
1199630 957.8
1199640 958.2
1199650 958.2
1199660 956.4
1199670 952.7
1199680 952.7
1199690 949.6
1199700 946.3
1199710 944.4
1199720 944.4
1199730 944.9
1199740 945.8
1199750 945.8
1199760 944.9
1199770 944.7
1199780 944.7
1199790 946.4
1199800 949.3
1199810 949.3
1199820 953.0
1199830 956.8
1199840 956.8
1199850 959.0
1199860 958.4
1199870 958.4
1199880 957.7
1199890 957.1
1199900 957.1
1199910 956.2
1199920 955.0
1199930 955.0
1199940 953.5
1199950 952.6
1199960 951.7
1199970 951.7
1199980 950.8
1199990 947.0
