1180000 1381.5
1180010 1379.3
1180020 1377.4
1180030 1375.2
1180040 1375.2
1180050 1370.3
1180060 1364.8
1180070 1364.8
1180080 1363.9
1180090 1365.4
1180100 1365.4
1180110 1368.8
1180120 1372.5
1180130 1372.5
1180140 1377.4
1180150 1380.8
1180160 1380.8
1180170 1384.5
1180180 1388.3
1180190 1388.3
1180200 1391.9
1180210 1395.6
1180220 1395.6
1180230 1399.6
1180240 1403.5
1180250 1403.5
1180260 1409.2
1180270 1416.4
1180280 1423.1
1180290 1423.1
1180300 1427.8
1180310 1432.1
1180320 1432.1
1180330 1436.4
1180340 1439.9
1180350 1439.9
1180360 1446.5
1180370 1450.2
1180380 1450.2
1180390 1454.8
1180400 1459.5
1180410 1459.5
1180420 1464.2
1180430 1469.7
1180440 1469.7
1180450 1475.1
1180460 1480.7
1180470 1480.7
1180480 1486.3
1180490 1491.3
1180500 1491.3
1180510 1496.1
1180520 1500.7
1180530 1500.7
1180540 1505.2
1180550 1509.6
1180560 1514.2
1180570 1514.2
1180580 1518.6
1180590 1523.3
1180600 1523.3
1180610 1529.0
1180620 1535.3
1180630 1535.3
1180640 1541.5
1180650 1547.4
1180660 1547.4
1180670 1553.4
1180680 1559.0
1180690 1559.0
1180700 1564.4
1180710 1569.0
1180720 1569.0
1180730 1571.8
1180740 1573.6
1180750 1573.6
1180760 1575.1
1180770 1578.0
1180780 1583.3
1180790 1588.7
1180800 1596.8
1180810 1596.8
1180820 1603.7
1180830 1614.6
1180840 1636.5
1180850 1636.5
1180860 1653.7
1180870 1673.3
1180880 1673.3
1180890 1683.3
1180900 1689.6
1180910 1689.6
1180920 1695.0
1180930 1700.1
1180940 1700.1
1180950 1705.4
1180960 1709.8
1180970 1709.8
1180980 1713.7
1180990 1718.2
1181000 1718.2
1181010 1720.8
1181020 1715.3
1181030 1715.3
1181040 1706.9
1181050 1704.6
1181060 1704.6
1181070 1708.4
1181080 1713.1
1181090 1717.0
1181100 1717.0
1181110 1719.9
1181120 1721.2
1181130 1721.2
1181140 1720.0
1181150 1718.6
1181160 1718.6
1181170 1717.3
1181180 1712.8
1181190 1712.8
1181200 1707.4
1181210 1711.5
1181220 1711.5
1181230 1713.7
1181240 1709.0
1181250 1709.0
1181260 1701.6
1181270 1689.6
1181280 1689.6
1181290 1672.2
1181300 1661.5
1181310 1661.5
1181320 1668.5
1181330 1673.2
1181340 1673.2
1181350 1667.3
1181360 1659.3
1181370 1651.7
1181380 1651.7
1181390 1642.5
1181400 1630.7
1181410 1630.7
1181420 1622.6
1181430 1615.8
1181440 1615.8
1181450 1609.2
1181460 1600.6
1181470 1600.6
1181480 1588.6
1181490 1580.9
1181500 1580.9
1181510 1589.8
1181520 1601.9
1181530 1601.9
1181540 1603.4
1181550 1601.6
1181560 1601.6
1181570 1597.8
1181580 1594.3
1181590 1594.3
1181600 1591.8
1181610 1586.3
1181620 1594.5
1181630 1589.5
1181640 1584.9
1181650 1580.7
1181660 1580.7
1181670 1577.2
1181680 1572.3
1181690 1572.3
1181700 1567.3
1181710 1561.9
1181720 1561.9
1181730 1556.0
1181740 1546.7
1181750 1546.7
1181760 1538.2
1181770 1530.8
1181780 1530.8
1181790 1529.8
1181800 1526.6
1181810 1526.6
1181820 1522.9
1181830 1519.2
1181840 1519.2
1181850 1519.1
1181860 1522.8
1181870 1522.8
1181880 1524.9
1181890 1521.6
1181900 1519.8
1181910 1519.8
1181920 1523.8
1181930 1529.7
1181940 1529.7
1181950 1536.2
1181960 1542.3
1181970 1542.3
1181980 1547.5
1181990 1552.4
1182000 1552.4
1182010 1555.4
1182020 1555.8
1182030 1555.8
1182040 1562.3
1182050 1561.8
1182060 1561.8
1182070 1560.3
1182080 1557.0
1182090 1557.0
1182100 1551.9
1182110 1545.8
1182120 1545.8
1182130 1536.9
1182140 1529.7
1182150 1529.7
1182160 1525.1
1182170 1520.2
1182180 1514.6
1182190 1514.6
1182200 1510.3
1182210 1507.9
1182220 1507.9
1182230 1507.0
1182240 1508.6
1182250 1508.6
1182260 1510.1
1182270 1511.6
1182280 1511.6
1182290 1513.1
1182300 1514.4
1182310 1514.4
1182320 1516.0
1182330 1517.4
1182340 1517.4
1182350 1519.1
1182360 1520.2
1182370 1520.2
1182380 1523.1
1182390 1527.1
1182400 1527.1
1182410 1532.9
1182420 1539.4
1182430 1539.4
1182440 1544.1
1182450 1549.0
1182460 1550.1
1182470 1550.1
1182480 1556.0
1182490 1562.3
1182500 1562.3
1182510 1568.8
1182520 1575.4
1182530 1575.4
1182540 1583.2
1182550 1591.0
1182560 1591.0
1182570 1598.2
1182580 1606.9
1182590 1606.9
1182600 1618.2
1182610 1624.6
1182620 1624.6
1182630 1629.3
1182640 1634.1
1182650 1634.1
1182660 1639.1
1182670 1644.0
1182680 1644.0
1182690 1649.0
1182700 1654.1
1182710 1659.2
1182720 1659.2
1182730 1664.1
1182740 1668.8
1182750 1668.8
1182760 1673.7
1182770 1678.8
1182780 1678.8
1182790 1683.8
1182800 1688.8
1182810 1688.8
1182820 1694.2
1182830 1699.5
1182840 1699.5
1182850 1704.5
1182860 1709.2
1182870 1709.2
1182880 1714.3
1182890 1712.9
1182900 1712.9
1182910 1718.0
1182920 1723.2
1182930 1723.2
1182940 1728.5
1182950 1733.7
1182960 1733.7
1182970 1739.0
1182980 1744.2
1182990 1749.9
1183000 1749.9
1183010 1755.9
1183020 1762.0
1183030 1762.0
1183040 1768.2
1183050 1774.6
1183060 1774.6
1183070 1781.0
1183080 1788.0
1183090 1788.0
1183100 1794.6
1183110 1801.3
1183120 1801.3
1183130 1807.6
1183140 1814.2
1183150 1814.2
1183160 1820.6
1183170 1826.6
1183180 1826.6
1183190 1831.4
1183200 1841.4
1183210 1841.4
1183220 1863.9
1183230 1873.9
1183240 1873.9
1183250 1879.7
1183260 1878.2
1183270 1884.7
1183280 1884.7
1183290 1898.0
1183300 1908.8
1183310 1902.0
1183320 1904.0
1183330 1905.5
1183340 1905.5
1183350 1912.8
1183360 1916.3
1183370 1916.3
1183380 1919.8
1183390 1924.1
1183400 1924.1
1183410 1929.5
1183420 1935.0
1183430 1935.0
1183440 1940.2
1183450 1946.9
1183460 1946.9
1183470 1952.5
1183480 1957.6
1183490 1957.6
1183500 1963.4
1183510 1969.5
1183520 1980.1
1183530 1980.1
1183540 1995.4
1183550 2010.6
1183560 2010.6
1183570 2022.4
1183580 2027.1
1183590 2027.1
1183600 2037.8
1183610 2050.7
1183620 2050.7
1183630 2055.4
1183640 2061.2
1183650 2061.2
1183660 2074.3
1183670 2082.7
1183680 2082.7
1183690 2086.6
1183700 2090.2
1183710 2090.2
1183720 2092.6
1183730 2102.9
1183740 2102.9
1183750 2106.8
1183760 2110.4
1183770 2110.4
1183780 2115.8
1183790 2116.9
1183800 2118.9
1183810 2118.9
1183820 2120.3
1183830 2123.9
1183840 2123.9
1183850 2128.7
1183860 2130.6
1183870 2130.6
1183880 2131.2
1183890 2138.1
1183900 2138.1
1183910 2142.3
1183920 2141.0
1183930 2141.0
1183940 2141.5
1183950 2147.1
1183960 2147.1
1183970 2150.4
1183980 2148.3
1183990 2148.3
1184000 2155.5
1184010 2163.2
1184020 2163.2
1184030 2166.3
1184040 2170.0
1184050 2170.0
1184060 2173.3
1184070 2176.1
1184080 2183.9
1184090 2183.9
1184100 2190.0
1184110 2195.1
1184120 2195.1
1184130 2196.5
1184140 2205.1
1184150 2205.1
1184160 2220.4
1184170 2230.7
1184180 2230.7
1184190 2239.6
1184200 2245.3
1184210 2245.3
1184220 2252.2
1184230 2258.1
1184240 2258.1
1184250 2269.4
1184260 2273.9
1184270 2273.9
1184280 2276.0
1184290 2270.1
1184300 2270.1
1184310 2259.9
1184320 2233.7
1184330 2213.0
1184340 2213.0
1184350 2203.5
1184360 2200.7
1184370 2200.7
1184380 2199.1
1184390 2184.7
1184400 2184.7
1184410 2164.4
1184420 2154.8
1184430 2154.8
1184440 2150.8
1184450 2143.6
1184460 2143.6
1184470 2134.2
1184480 2128.9
1184490 2128.9
1184500 2122.7
1184510 2115.8
1184520 2115.8
1184530 2110.2
1184540 2104.0
1184550 2104.0
1184560 2097.4
1184570 2091.0
1184580 2090.8
1184590 2085.2
1184600 2080.0
1184610 2075.9
1184620 2075.9
1184630 2073.6
1184640 2071.1
1184650 2071.1
1184660 2069.0
1184670 2066.9
1184680 2066.9
1184690 2066.1
1184700 2066.8
1184710 2066.8
1184720 2067.4
1184730 2066.4
1184740 2066.4
1184750 2064.0
1184760 2060.8
1184770 2060.8
1184780 2059.0
1184790 2060.5
1184800 2060.5
1184810 2063.2
1184820 2067.0
1184830 2067.0
1184840 2068.5
1184850 2065.9
1184860 2065.9
1184870 2061.8
1184880 2057.7
1184890 2053.3
1184900 2053.3
1184910 2049.4
1184920 2048.3
1184930 2048.3
1184940 2048.8
1184950 2049.4
1184960 2049.4
1184970 2050.3
1184980 2050.9
1184990 2050.9
1185000 2053.0
1185010 2054.2
1185020 2054.2
1185030 2056.6
1185040 2059.3
1185050 2059.3
1185060 2061.5
1185070 2064.2
1185080 2064.2
1185090 2066.7
1185100 2068.1
1185110 2068.1
1185120 2069.2
1185130 2070.3
1185140 2070.8
1185150 2070.8
1185160 2070.3
1185170 2070.0
1185180 2070.0
1185190 2071.6
1185200 2073.2
1185210 2073.2
1185220 2077.8
1185230 2084.8
1185240 2084.8
1185250 2092.6
1185260 2103.3
1185270 2103.3
1185280 2114.7
1185290 2123.8
1185300 2123.8
1185310 2130.2
1185320 2130.0
1185330 2130.0
1185340 2124.6
1185350 2118.2
1185360 2118.2
1185370 2111.7
1185380 2106.4
1185390 2106.4
1185400 2102.4
1185410 2102.2
1185420 2101.4
1185430 2106.2
1185440 2108.0
1185450 2111.7
1185460 2111.7
1185470 2111.6
1185480 2108.7
1185490 2108.7
1185500 2108.5
1185510 2111.1
1185520 2111.1
1185530 2115.9
1185540 2121.3
1185550 2121.3
1185560 2125.2
1185570 2128.9
1185580 2128.9
1185590 2132.2
1185600 2132.8
1185610 2132.8
1185620 2132.9
1185630 2135.4
1185640 2135.4
1185650 2137.7
1185660 2137.3
1185670 2137.3
1185680 2136.7
1185690 2137.0
1185700 2134.8
1185710 2134.8
1185720 2130.7
1185730 2132.1
1185740 2132.1
1185750 2136.8
1185760 2138.5
1185770 2138.5
1185780 2138.6
1185790 2138.2
1185800 2138.2
1185810 2138.9
1185820 2140.6
1185830 2140.6
1185840 2141.2
1185850 2143.6
1185860 2143.6
1185870 2143.4
1185880 2144.1
1185890 2144.1
1185900 2145.3
1185910 2146.8
1185920 2146.8
1185930 2148.1
1185940 2150.6
1185950 2154.1
1185960 2154.1
1185970 2158.5
1185980 2163.3
1185990 2163.3
1186000 2168.2
1186010 2173.3
1186020 2173.3
1186030 2178.6
1186040 2183.6
1186050 2183.6
1186060 2188.7
1186070 2193.9
1186080 2193.9
1186090 2199.0
1186100 2204.5
1186110 2204.5
1186120 2210.5
1186130 2216.6
1186140 2216.6
1186150 2222.3
1186160 2229.6
1186170 2229.6
1186180 2248.9
1186190 2265.4
1186200 2265.4
1186210 2278.6
1186220 2292.4
1186230 2307.7
1186240 2307.7
1186250 2315.4
1186260 2324.3
1186270 2324.3
1186280 2335.4
1186290 2350.8
1186300 2350.8
1186310 2357.1
1186320 2361.9
1186330 2361.9
1186340 2367.1
1186350 2365.3
1186360 2365.3
1186370 2351.8
1186380 2336.5
1186390 2336.5
1186400 2324.9
1186410 2311.8
1186420 2311.8
1186430 2294.8
1186440 2278.3
1186450 2278.3
1186460 2268.5
1186470 2261.4
1186480 2261.4
1186490 2253.8
1186500 2246.9
1186510 2240.1
1186520 2240.1
1186530 2232.9
1186540 2226.7
1186550 2226.7
1186560 2221.7
1186570 2217.7
1186580 2217.7
1186590 2213.8
1186600 2209.6
1186610 2209.6
1186620 2204.2
1186630 2198.6
1186640 2198.6
1186650 2194.1
1186660 2191.5
1186670 2191.5
1186680 2188.1
1186690 2184.8
1186700 2184.8
1186710 2187.3
1186720 2185.2
1186730 2185.2
1186740 2184.4
1186750 2183.4
1186760 2182.4
1186770 2182.4
1186780 2182.0
1186790 2179.6
1186800 2179.6
1186810 2178.2
1186820 2178.0
1186830 2178.0
1186840 2177.9
1186850 2176.8
1186860 2176.8
1186870 2175.6
1186880 2174.6
1186890 2174.6
1186900 2173.3
1186910 2170.4
1186920 2170.4
1186930 2167.6
1186940 2165.3
1186950 2165.3
1186960 2163.5
1186970 2162.0
1186980 2162.0
1186990 2159.8
1187000 2156.7
1187010 2156.7
1187020 2153.4
1187030 2149.9
1187040 2147.9
1187050 2147.9
1187060 2150.6
1187070 2155.1
1187080 2155.1
1187090 2158.5
1187100 2156.2
1187110 2156.2
1187120 2156.4
1187130 2154.9
1187140 2166.0
1187150 2168.5
1187160 2169.1
1187170 2169.1
1187180 2167.7
1187190 2172.2
1187200 2172.2
1187210 2172.6
1187220 2175.4
1187230 2175.4
1187240 2181.4
1187250 2187.5
1187260 2187.5
1187270 2192.2
1187280 2194.5
1187290 2194.5
1187300 2196.2
1187310 2198.1
1187320 2199.8
1187330 2199.8
1187340 2202.8
1187350 2206.0
1187360 2206.0
1187370 2207.8
1187380 2209.4
1187390 2209.4
1187400 2212.0
1187410 2215.9
1187420 2215.9
1187430 2221.4
1187440 2228.8
1187450 2228.8
1187460 2234.9
1187470 2234.2
1187480 2234.2
1187490 2234.8
1187500 2234.2
1187510 2234.2
1187520 2230.8
1187530 2231.6
1187540 2231.6
1187550 2238.8
1187560 2252.0
1187570 2260.8
1187580 2260.8
1187590 2273.1
1187600 2279.3
1187610 2279.3
1187620 2285.1
1187630 2287.8
1187640 2287.8
1187650 2291.2
1187660 2294.9
1187670 2294.9
1187680 2297.8
1187690 2299.7
1187700 2299.7
1187710 2303.3
1187720 2312.0
1187730 2312.0
1187740 2313.2
1187750 2303.0
1187760 2303.0
1187770 2294.7
1187780 2288.1
1187790 2288.1
1187800 2287.3
1187810 2286.8
1187820 2286.8
1187830 2282.3
1187840 2288.1
1187850 2297.2
1187860 2297.2
1187870 2306.9
1187880 2314.1
1187890 2314.1
1187900 2316.9
1187910 2311.2
1187920 2311.2
1187930 2307.5
1187940 2305.1
1187950 2305.1
1187960 2303.1
1187970 2308.1
1187980 2308.1
1187990 2325.5
1188000 2329.8
1188010 2329.8
1188020 2329.7
1188030 2337.3
1188040 2337.3
1188050 2347.7
1188060 2354.0
1188070 2354.0
1188080 2360.1
1188090 2371.3
1188100 2371.3
1188110 2385.8
1188120 2385.2
1188130 2374.9
1188140 2374.9
1188150 2372.6
1188160 2375.9
1188170 2375.9
1188180 2377.0
1188190 2388.7
1188200 2388.7
1188210 2401.2
1188220 2407.4
1188230 2407.4
1188240 2408.2
1188250 2410.9
1188260 2410.9
1188270 2415.4
1188280 2421.6
1188290 2421.6
1188300 2423.3
1188310 2423.8
1188320 2423.8
1188330 2422.6
1188340 2423.9
1188350 2423.9
1188360 2422.6
1188370 2420.9
1188380 2423.9
1188390 2423.9
1188400 2419.8
1188410 2416.1
1188420 2430.8
1188430 2428.2
1188440 2427.0
1188450 2427.0
1188460 2433.2
1188470 2437.6
1188480 2437.6
1188490 2438.9
1188500 2442.9
1188510 2442.9
1188520 2443.6
1188530 2439.5
1188540 2439.5
1188550 2438.4
1188560 2436.9
1188570 2436.9
1188580 2429.0
1188590 2421.2
1188600 2421.2
1188610 2413.2
1188620 2401.4
1188630 2401.4
1188640 2391.8
1188650 2383.3
1188660 2378.0
1188670 2378.0
1188680 2366.9
1188690 2357.1
1188700 2357.1
1188710 2349.7
1188720 2344.8
1188730 2344.8
1188740 2340.3
1188750 2336.3
1188760 2336.3
1188770 2333.1
1188780 2330.7
1188790 2330.7
1188800 2327.3
1188810 2323.8
1188820 2323.8
1188830 2324.1
1188840 2327.6
1188850 2316.5
1188860 2312.7
1188870 2308.1
1188880 2308.1
1188890 2307.3
1188900 2304.5
1188910 2304.5
1188920 2302.8
1188930 2300.7
1188940 2299.3
1188950 2299.3
1188960 2296.4
1188970 2294.7
1188980 2294.7
1188990 2296.8
1189000 2293.3
1189010 2293.3
1189020 2289.1
1189030 2288.0
1189040 2288.0
1189050 2287.4
1189060 2286.5
1189070 2286.5
1189080 2281.9
1189090 2280.3
1189100 2280.3
1189110 2280.2
1189120 2277.8
1189130 2277.8
1189140 2273.1
1189150 2268.0
1189160 2268.0
1189170 2264.0
1189180 2261.1
1189190 2258.0
1189200 2258.0
1189210 2258.4
1189220 2259.5
1189230 2259.5
1189240 2260.4
1189250 2259.6
1189260 2259.6
1189270 2256.9
1189280 2247.2
1189290 2247.2
1189300 2243.8
1189310 2240.3
1189320 2240.3
1189330 2238.6
1189340 2237.5
1189350 2237.5
1189360 2235.2
1189370 2231.5
1189380 2231.5
1189390 2226.4
1189400 2222.9
1189410 2222.9
1189420 2220.4
1189430 2217.5
1189440 2217.5
1189450 2215.7
1189460 2214.6
1189470 2212.2
1189480 2212.2
1189490 2208.8
1189500 2204.8
1189510 2204.8
1189520 2200.1
1189530 2195.4
1189540 2195.4
1189550 2191.4
1189560 2187.6
1189570 2187.6
1189580 2183.6
1189590 2179.1
1189600 2179.1
1189610 2175.1
1189620 2170.9
1189630 2170.9
1189640 2166.8
1189650 2162.9
1189660 2162.9
1189670 2158.7
1189680 2153.5
1189690 2153.5
1189700 2150.0
1189710 2141.8
1189720 2141.8
1189730 2139.9
1189740 2138.2
1189750 2136.4
1189760 2136.4
1189770 2134.5
1189780 2132.6
1189790 2132.6
1189800 2130.4
1189810 2130.1
1189820 2130.1
1189830 2130.0
1189840 2129.6
1189850 2129.6
1189860 2129.5
1189870 2128.7
1189880 2128.7
1189890 2128.0
1189900 2127.8
1189910 2127.8
1189920 2126.9
1189930 2125.7
1189940 2125.7
1189950 2124.5
1189960 2123.4
1189970 2123.4
1189980 2122.2
1189990 2119.5
1190000 2116.7
1190010 2116.7
1190020 2114.6
1190030 2111.7
1190040 2111.7
1190050 2108.2
1190060 2105.8
1190070 2105.8
1190080 2103.3
1190090 2101.9
1190100 2101.9
1190110 2098.0
1190120 2092.2
1190130 2092.2
1190140 2085.9
1190150 2080.6
1190160 2080.6
1190170 2073.6
1190180 2067.2
1190190 2067.2
1190200 2061.5
1190210 2056.2
1190220 2056.2
1190230 2051.3
1190240 2047.6
1190250 2047.6
1190260 2045.5
1190270 2043.3
1190280 2041.5
1190290 2041.5
1190300 2039.6
1190310 2037.1
1190320 2037.1
1190330 2035.8
1190340 2034.0
1190350 2034.0
1190360 2032.1
1190370 2030.8
1190380 2030.8
1190390 2028.3
1190400 2026.1
1190410 2026.1
1190420 2023.0
1190430 2019.2
1190440 2019.2
1190450 2015.3
1190460 2011.4
1190470 2011.4
1190480 2008.2
1190490 2003.9
1190500 2003.9
1190510 1999.1
1190520 1995.3
1190530 1995.3
1190540 1991.2
1190550 1987.3
1190560 1984.0
1190570 1984.0
1190580 1976.4
1190590 1972.1
1190600 1972.1
1190610 1968.0
1190620 1966.9
1190630 1966.9
1190640 1968.5
1190650 1967.1
1190660 1967.1
1190670 1964.4
1190680 1960.9
1190690 1960.9
1190700 1956.3
1190710 1951.4
1190720 1951.4
1190730 1946.3
1190740 1941.5
1190750 1941.5
1190760 1937.0
1190770 1933.8
1190780 1933.8
1190790 1931.7
1190800 1929.0
1190810 1925.2
1190820 1925.2
1190830 1919.7
1190840 1913.0
1190850 1913.0
1190860 1906.5
1190870 1901.2
1190880 1901.2
1190890 1895.5
1190900 1890.5
1190910 1890.5
1190920 1884.3
1190930 1878.1
1190940 1878.1
1190950 1872.5
1190960 1867.3
1190970 1867.3
1190980 1862.0
1190990 1856.7
1191000 1856.7
1191010 1850.3
1191020 1844.8
1191030 1844.8
1191040 1838.6
1191050 1831.8
1191060 1831.8
1191070 1824.7
1191080 1817.0
1191090 1811.5
1191100 1811.5
1191110 1805.9
1191120 1800.2
1191130 1800.2
1191140 1793.3
1191150 1785.6
1191160 1785.6
1191170 1778.6
1191180 1772.5
1191190 1772.5
1191200 1766.5
1191210 1760.2
1191220 1760.2
1191230 1753.4
1191240 1746.6
1191250 1746.6
1191260 1740.0
1191270 1734.5
1191280 1734.5
1191290 1729.6
1191300 1723.8
1191310 1723.8
1191320 1717.6
1191330 1712.5
1191340 1709.2
1191350 1709.2
1191360 1705.7
1191370 1701.3
1191380 1701.3
1191390 1698.9
1191400 1698.8
1191410 1698.8
1191420 1699.7
1191430 1696.2
1191440 1696.2
1191450 1691.1
1191460 1688.0
1191470 1688.0
1191480 1685.8
1191490 1683.8
1191500 1683.8
1191510 1682.4
1191520 1682.2
1191530 1682.2
1191540 1680.3
1191550 1679.2
1191560 1679.2
1191570 1679.8
1191580 1681.3
1191590 1681.3
1191600 1681.2
1191610 1681.3
1191620 1681.7
1191630 1681.7
1191640 1683.3
1191650 1684.4
1191660 1684.4
1191670 1685.1
1191680 1687.0
1191690 1687.0
1191700 1689.7
1191710 1692.8
1191720 1692.8
1191730 1695.1
1191740 1696.4
1191750 1696.4
1191760 1698.0
1191770 1699.8
1191780 1699.8
1191790 1701.4
1191800 1702.7
1191810 1702.7
1191820 1703.3
1191830 1706.0
1191840 1706.0
1191850 1708.9
1191860 1712.0
1191870 1712.0
1191880 1720.6
1191890 1722.5
1191900 1723.9
1191910 1723.9
1191920 1724.6
1191930 1722.1
1191940 1722.1
1191950 1720.8
1191960 1731.5
1191970 1731.5
1191980 1741.2
1191990 1748.1
1192000 1748.1
1192010 1753.9
1192020 1755.5
1192030 1755.5
1192040 1756.7
1192050 1759.3
1192060 1759.3
1192070 1763.7
1192080 1772.9
1192090 1772.9
1192100 1780.7
1192110 1776.2
1192120 1776.2
1192130 1764.4
1192140 1753.8
1192150 1743.7
1192160 1743.7
1192170 1739.8
1192180 1747.9
1192190 1747.9
1192200 1758.7
1192210 1766.4
1192220 1766.4
1192230 1770.7
1192240 1767.4
1192250 1767.4
1192260 1768.1
1192270 1768.7
1192280 1768.7
1192290 1772.1
1192300 1772.7
1192310 1772.7
1192320 1776.3
1192330 1772.7
1192340 1772.7
1192350 1771.9
1192360 1770.0
1192370 1770.0
1192380 1765.2
1192390 1760.0
1192400 1760.0
1192410 1755.4
1192420 1751.0
1192430 1744.8
1192440 1744.8
1192450 1740.8
1192460 1740.5
1192470 1740.5
1192480 1739.9
1192490 1739.3
1192500 1739.3
1192510 1742.6
1192520 1748.9
1192530 1748.9
1192540 1753.0
1192550 1751.4
1192560 1751.4
1192570 1748.9
1192580 1745.3
1192590 1745.3
1192600 1741.9
1192610 1738.7
1192620 1738.7
1192630 1735.7
1192640 1732.2
1192650 1732.2
1192660 1728.3
1192670 1724.1
1192680 1724.1
1192690 1719.6
1192700 1715.1
1192710 1708.0
1192720 1708.0
1192730 1703.4
1192740 1700.1
1192750 1707.3
1192760 1702.9
1192770 1698.1
1192780 1698.1
1192790 1694.8
1192800 1692.1
1192810 1692.1
1192820 1689.3
1192830 1684.5
1192840 1684.5
1192850 1680.0
1192860 1676.0
1192870 1676.0
1192880 1670.1
1192890 1663.5
1192900 1663.5
1192910 1659.7
1192920 1656.9
1192930 1656.9
1192940 1650.1
1192950 1640.0
1192960 1636.4
1192970 1636.4
1192980 1642.2
1192990 1647.3
1193000 1647.3
1193010 1650.3
1193020 1650.2
1193030 1650.2
1193040 1650.8
1193050 1648.9
1193060 1648.9
1193070 1645.2
1193080 1643.6
1193090 1643.6
1193100 1646.7
1193110 1645.4
1193120 1645.4
1193130 1645.4
1193140 1644.9
1193150 1644.9
1193160 1645.7
1193170 1647.6
1193180 1647.6
1193190 1654.4
1193200 1653.8
1193210 1653.8
1193220 1652.8
1193230 1651.4
1193240 1648.8
1193250 1648.8
1193260 1644.7
1193270 1642.0
1193280 1642.0
1193290 1640.7
1193300 1637.9
1193310 1637.9
1193320 1636.0
1193330 1634.8
1193340 1634.8
1193350 1632.5
1193360 1631.5
1193370 1631.5
1193380 1628.5
1193390 1624.2
1193400 1624.2
1193410 1621.9
1193420 1620.7
1193430 1620.7
1193440 1619.1
1193450 1619.2
1193460 1619.2
1193470 1618.2
1193480 1617.9
1193490 1617.9
1193500 1617.9
1193510 1617.6
1193520 1617.2
1193530 1617.2
1193540 1616.4
1193550 1615.4
1193560 1615.4
1193570 1615.4
1193580 1615.3
1193590 1615.3
1193600 1614.5
1193610 1614.5
1193620 1614.5
1193630 1621.3
1193640 1621.1
1193650 1621.1
1193660 1620.8
1193670 1620.4
1193680 1620.4
1193690 1619.9
1193700 1619.1
1193710 1619.1
1193720 1618.7
1193730 1618.3
1193740 1618.3
1193750 1616.4
1193760 1614.7
1193770 1616.8
1193780 1616.8
1193790 1619.1
1193800 1621.2
1193810 1621.2
1193820 1622.2
1193830 1623.2
1193840 1623.2
1193850 1623.5
1193860 1623.5
1193870 1623.5
1193880 1622.5
1193890 1621.5
1193900 1621.5
1193910 1623.6
1193920 1625.9
1193930 1625.9
1193940 1627.5
1193950 1629.6
1193960 1629.6
1193970 1632.3
1193980 1634.5
1193990 1634.5
1194000 1636.6
1194010 1638.1
1194020 1638.1
1194030 1639.6
1194040 1641.3
1194050 1643.5
1194060 1651.2
1194070 1653.5
1194080 1654.9
1194090 1654.9
1194100 1656.6
1194110 1656.1
1194120 1656.1
1194130 1656.5
1194140 1658.4
1194150 1658.4
1194160 1660.5
1194170 1660.2
1194180 1660.2
1194190 1660.5
1194200 1661.7
1194210 1661.7
1194220 1663.3
1194230 1665.1
1194240 1665.1
1194250 1667.2
1194260 1670.0
1194270 1670.0
1194280 1671.8
1194290 1671.1
1194300 1668.3
1194310 1668.3
1194320 1665.3
1194330 1662.5
1194340 1662.5
1194350 1658.2
1194360 1652.3
1194370 1652.3
1194380 1645.3
1194390 1637.1
1194400 1637.1
1194410 1629.6
1194420 1623.4
1194430 1623.4
1194440 1618.0
1194450 1613.0
1194460 1613.0
1194470 1607.0
1194480 1599.8
1194490 1599.8
1194500 1595.5
1194510 1593.6
1194520 1593.6
1194530 1587.8
1194540 1580.5
1194550 1580.5
1194560 1572.8
1194570 1565.2
1194580 1557.9
1194590 1557.9
1194600 1550.7
1194610 1544.1
1194620 1544.1
1194630 1537.6
1194640 1530.4
1194650 1530.4
1194660 1523.4
1194670 1516.5
1194680 1516.5
1194690 1509.3
1194700 1501.9
1194710 1501.9
1194720 1494.4
1194730 1487.0
1194740 1487.0
1194750 1479.8
1194760 1473.0
1194770 1473.0
1194780 1465.8
1194790 1458.6
1194800 1458.6
1194810 1451.7
1194820 1444.9
1194830 1444.9
1194840 1438.1
1194850 1431.4
1194860 1424.9
1194870 1424.9
1194880 1418.6
1194890 1412.9
1194900 1412.9
1194910 1407.5
1194920 1402.7
1194930 1402.7
1194940 1390.9
1194950 1387.4
1194960 1387.4
1194970 1385.4
1194980 1382.2
1194990 1382.2
1195000 1378.2
1195010 1373.9
1195020 1373.9
1195030 1368.8
1195040 1363.6
1195050 1363.6
1195060 1360.4
1195070 1356.9
1195080 1356.9
1195090 1352.5
1195100 1347.3
1195110 1341.8
1195120 1341.8
1195130 1335.4
1195140 1330.2
1195150 1330.2
1195160 1325.5
1195170 1319.4
1195180 1319.4
1195190 1313.6
1195200 1308.9
1195210 1308.9
1195220 1305.2
1195230 1301.7
1195240 1301.7
1195250 1297.2
1195260 1290.8
1195270 1290.8
1195280 1285.6
1195290 1281.5
1195300 1281.5
1195310 1276.5
1195320 1271.4
1195330 1271.4
1195340 1267.5
1195350 1262.8
1195360 1262.8
1195370 1257.6
1195380 1250.4
1195390 1247.0
1195400 1247.0
1195410 1243.5
1195420 1238.0
1195430 1238.0
1195440 1234.6
1195450 1230.3
1195460 1230.3
1195470 1226.4
1195480 1220.3
1195490 1220.3
1195500 1216.0
1195510 1213.0
1195520 1213.0
1195530 1210.3
1195540 1206.5
1195550 1206.5
1195560 1202.1
1195570 1196.8
1195580 1196.8
1195590 1191.9
1195600 1188.1
1195610 1188.1
1195620 1183.5
1195630 1177.6
1195640 1177.6
1195650 1170.4
1195660 1164.7
1195670 1160.3
1195680 1160.3
1195690 1156.7
1195700 1152.7
1195710 1152.7
1195720 1147.9
1195730 1143.7
1195740 1143.7
1195750 1140.7
1195760 1137.4
1195770 1137.4
1195780 1134.9
1195790 1132.6
1195800 1132.6
1195810 1130.4
1195820 1125.5
1195830 1125.5
1195840 1124.2
1195850 1121.4
1195860 1121.4
1195870 1118.5
1195880 1116.5
1195890 1116.5
1195900 1114.3
1195910 1111.6
1195920 1109.0
1195930 1109.0
1195940 1106.7
1195950 1105.2
1195960 1105.2
1195970 1104.5
1195980 1103.5
1195990 1103.5
1196000 1101.3
1196010 1099.4
1196020 1099.4
1196030 1097.1
1196040 1094.3
1196050 1094.3
1196060 1092.3
1196070 1090.3
1196080 1090.3
1196090 1089.3
1196100 1089.9
1196110 1089.9
1196120 1093.3
1196130 1097.1
1196140 1097.1
1196150 1101.3
1196160 1103.8
1196170 1103.8
1196180 1100.5
1196190 1094.9
1196200 1089.1
1196210 1089.1
1196220 1084.1
1196230 1081.7
1196240 1081.7
1196250 1081.5
1196260 1079.4
1196270 1079.4
1196280 1074.4
1196290 1069.8
1196300 1069.8
1196310 1067.4
1196320 1065.0
1196330 1065.0
1196340 1063.2
1196350 1060.0
1196360 1060.0
1196370 1058.3
1196380 1056.1
1196390 1056.1
1196400 1048.4
1196410 1029.2
1196420 1029.2
1196430 1000.6
1196440 994.4
1196450 997.8
1196460 997.8
1196470 1003.7
1196480 1009.7
1196490 1009.7
1196500 1018.7
1196510 1038.5
1196520 1038.5
1196530 1046.1
1196540 1049.9
1196550 1049.9
1196560 1056.3
1196570 1061.0
1196580 1061.0
1196590 1062.7
1196600 1065.9
1196610 1065.9
1196620 1070.7
1196630 1075.6
1196640 1075.6
1196650 1080.8
1196660 1086.3
1196670 1086.3
1196680 1089.5
1196690 1089.0
1196700 1089.0
1196710 1086.7
1196720 1084.6
1196730 1084.0
1196740 1084.0
1196750 1084.3
1196760 1083.6
1196770 1083.6
1196780 1082.3
1196790 1080.8
1196800 1080.8
1196810 1081.4
1196820 1083.2
1196830 1083.2
1196840 1085.0
1196850 1085.6
1196860 1085.6
1196870 1085.4
1196880 1084.7
1196890 1084.7
1196900 1084.6
1196910 1084.9
1196920 1084.9
1196930 1084.7
1196940 1084.3
1196950 1084.3
1196960 1083.8
1196970 1083.1
1196980 1083.1
1196990 1082.5
1197000 1082.2
1197010 1081.7
1197020 1081.7
1197030 1081.2
1197040 1080.2
1197050 1080.2
1197060 1080.5
1197070 1082.9
1197080 1082.9
1197090 1083.9
1197100 1084.1
1197110 1084.1
1197120 1084.2
1197130 1084.2
1197140 1084.2
1197150 1082.7
1197160 1082.1
1197170 1082.1
1197180 1081.5
1197190 1081.0
1197200 1081.0
1197210 1080.4
1197220 1079.8
1197230 1079.8
1197240 1079.1
1197250 1078.7
1197260 1078.8
1197270 1078.8
1197280 1079.1
1197290 1079.2
1197300 1079.2
1197310 1077.7
1197320 1075.6
1197330 1075.6
1197340 1074.0
1197350 1072.4
1197360 1072.4
1197370 1071.0
1197380 1070.3
1197390 1070.3
1197400 1069.1
1197410 1067.8
1197420 1067.8
1197430 1066.8
1197440 1065.9
1197450 1065.9
1197460 1065.2
1197470 1064.5
1197480 1064.5
1197490 1063.9
1197500 1063.5
1197510 1063.5
1197520 1063.2
1197530 1062.9
1197540 1062.6
1197550 1062.6
1197560 1062.3
1197570 1062.1
1197580 1062.1
1197590 1061.4
1197600 1061.3
1197610 1061.3
1197620 1061.1
1197630 1061.0
1197640 1061.0
1197650 1060.9
1197660 1060.8
1197670 1060.8
1197680 1060.7
1197690 1060.4
1197700 1060.4
1197710 1060.1
1197720 1059.9
1197730 1059.9
1197740 1059.2
1197750 1058.2
1197760 1058.2
1197770 1057.3
1197780 1057.2
1197790 1057.2
1197800 1057.1
1197810 1055.9
1197820 1053.9
1197830 1053.9
1197840 1052.4
1197850 1051.8
1197860 1051.8
1197870 1050.9
1197880 1051.5
1197890 1051.5
1197900 1053.1
1197910 1053.2
1197920 1053.2
1197930 1053.1
1197940 1052.4
1197950 1052.4
1197960 1052.0
1197970 1051.6
1197980 1051.6
1197990 1051.3
1198000 1051.3
1198010 1051.3
1198020 1051.1
1198030 1050.8
1198040 1049.6
1198050 1049.4
1198060 1049.0
1198070 1048.7
1198080 1048.7
1198090 1048.4
1198100 1048.3
1198110 1048.3
1198120 1048.0
1198130 1047.7
1198140 1047.7
1198150 1047.7
1198160 1047.6
1198170 1047.6
1198180 1047.4
1198190 1047.0
1198200 1047.0
1198210 1046.8
1198220 1046.8
1198230 1046.8
1198240 1046.8
1198250 1046.8
1198260 1046.8
1198270 1046.8
1198280 1046.9
1198290 1046.9
1198300 1047.0
1198310 1047.0
1198320 1047.0
1198330 1046.5
1198340 1046.1
1198350 1044.5
1198360 1044.5
1198370 1044.0
1198380 1044.3
1198390 1044.3
1198400 1044.0
1198410 1043.4
1198420 1043.4
1198430 1043.2
1198440 1043.1
1198450 1043.1
1198460 1043.0
1198470 1043.0
1198480 1041.5
1198490 1041.7
1198500 1041.3
1198510 1041.3
1198520 1041.2
1198530 1040.9
1198540 1040.9
1198550 1041.0
1198560 1041.1
1198570 1041.1
1198580 1040.2
1198590 1040.0
1198600 1040.0
1198610 1040.3
1198620 1040.4
1198630 1039.6
1198640 1039.6
1198650 1038.7
1198660 1038.1
1198670 1038.1
1198680 1037.6
1198690 1037.4
1198700 1037.4
1198710 1037.1
1198720 1036.1
1198730 1036.1
1198740 1035.1
1198750 1034.5
1198760 1034.5
1198770 1033.4
1198780 1032.4
1198790 1032.4
1198800 1031.7
1198810 1030.4
1198820 1030.4
1198830 1029.5
1198840 1028.8
1198850 1028.8
1198860 1028.1
1198870 1027.4
1198880 1026.6
1198890 1026.6
1198900 1025.7
1198910 1024.6
1198920 1024.6
1198930 1023.0
1198940 1022.0
1198950 1022.0
1198960 1021.2
1198970 1020.5
1198980 1020.5
1198990 1019.9
1199000 1019.1
1199010 1019.1
1199020 1018.2
1199030 1017.6
1199040 1017.6
1199050 1016.9
1199060 1016.5
1199070 1016.5
1199080 1016.4
1199090 1015.5
1199100 1015.5
1199110 1014.8
1199120 1014.6
1199130 1014.6
1199140 1014.1
1199150 1013.9
1199160 1014.1
1199170 1014.1
1199180 1013.5
1199190 1012.7
1199200 1012.7
1199210 1011.8
1199220 1010.9
1199230 1010.9
1199240 1010.3
1199250 1011.1
1199260 1011.1
1199270 1012.1
1199280 1010.1
1199290 1010.1
1199300 1009.9
1199310 1009.8
1199320 1009.8
1199330 1009.6
1199340 1009.6
1199350 1009.6
1199360 1009.8
1199370 1009.0
1199380 1009.0
1199390 1009.3
1199400 1009.6
1199410 1009.9
1199420 1009.9
1199430 1010.2
1199440 1010.6
1199450 1010.6
1199460 1011.0
1199470 1011.5
1199480 1011.5
1199490 1012.5
1199500 1014.1
1199510 1014.1
1199520 1015.3
1199530 1015.8
1199540 1015.8
1199550 1016.3
1199560 1016.9
1199570 1016.9
1199580 1017.1
1199590 1016.9
1199600 1016.9
1199610 1016.5
1199620 1015.9
1199630 1015.9
1199640 1014.2
1199650 1012.6
1199660 1012.6
1199670 1012.4
1199680 1012.8
1199690 1013.0
1199700 1013.0
1199710 1013.0
1199720 1013.0
1199730 1013.0
1199740 1012.9
1199750 1012.9
1199760 1012.9
1199770 1012.8
1199780 1012.5
1199790 1012.5
1199800 1012.2
1199810 1012.2
1199820 1011.5
1199830 1011.7
1199840 1011.7
1199850 1011.7
1199860 1010.8
1199870 1010.1
1199880 1010.1
1199890 1010.0
1199900 1011.2
1199910 1011.2
1199920 1011.8
1199930 1012.0
1199940 1012.0
1199950 1012.0
1199960 1012.3
1199970 1012.4
1199980 1012.4
1199990 1013.5
