1180000 1378.5
1180010 1376.6
1180020 1374.4
1180030 1374.4
1180040 1373.6
1180050 1372.9
1180060 1372.9
1180070 1372.1
1180080 1366.4
1180090 1366.4
1180100 1360.5
1180110 1356.4
1180120 1356.4
1180130 1352.0
1180140 1350.1
1180150 1350.1
1180160 1350.4
1180170 1350.5
1180180 1350.5
1180190 1351.2
1180200 1351.8
1180210 1351.8
1180220 1355.6
1180230 1362.7
1180240 1366.9
1180250 1366.9
1180260 1370.2
1180270 1373.4
1180280 1373.4
1180290 1376.7
1180300 1379.6
1180310 1379.6
1180320 1382.7
1180330 1386.4
1180340 1386.4
1180350 1390.0
1180360 1393.9
1180370 1393.9
1180380 1398.2
1180390 1402.6
1180400 1402.6
1180410 1406.9
1180420 1410.8
1180430 1410.8
1180440 1414.6
1180450 1417.8
1180460 1417.8
1180470 1420.8
1180480 1424.1
1180490 1427.5
1180500 1430.9
1180510 1433.9
1180520 1437.2
1180530 1437.2
1180540 1440.6
1180550 1443.9
1180560 1443.9
1180570 1447.4
1180580 1450.6
1180590 1450.6
1180600 1453.2
1180610 1455.5
1180620 1455.5
1180630 1457.8
1180640 1461.5
1180650 1461.5
1180660 1465.0
1180670 1468.6
1180680 1468.6
1180690 1472.4
1180700 1476.6
1180710 1476.6
1180720 1481.9
1180730 1487.0
1180740 1487.0
1180750 1491.3
1180760 1493.9
1180770 1493.9
1180780 1496.9
1180790 1502.1
1180800 1509.1
1180810 1509.1
1180820 1517.1
1180830 1524.8
1180840 1524.8
1180850 1532.5
1180860 1541.3
1180870 1541.3
1180880 1546.6
1180890 1550.2
1180900 1550.2
1180910 1560.0
1180920 1563.7
1180930 1563.7
1180940 1566.8
1180950 1565.7
1180960 1565.7
1180970 1562.8
1180980 1563.5
1180990 1563.5
1181000 1568.0
1181010 1570.3
1181020 1570.3
1181030 1568.6
1181040 1567.0
1181050 1567.0
1181060 1567.8
1181070 1564.4
1181080 1551.4
1181090 1551.4
1181100 1539.9
1181110 1532.3
1181120 1532.3
1181130 1526.3
1181140 1522.2
1181150 1522.2
1181160 1517.3
1181170 1509.5
1181180 1509.5
1181190 1502.1
1181200 1496.1
1181210 1496.1
1181220 1487.6
1181230 1477.7
1181240 1477.7
1181250 1469.7
1181260 1469.0
1181270 1469.0
1181280 1469.8
1181290 1468.8
1181300 1468.8
1181310 1465.8
1181320 1462.9
1181330 1469.3
1181340 1469.3
1181350 1470.8
1181360 1467.0
1181370 1467.0
1181380 1461.9
1181390 1465.7
1181400 1465.7
1181410 1465.7
1181420 1464.0
1181430 1464.0
1181440 1463.5
1181450 1466.6
1181460 1466.6
1181470 1468.7
1181480 1465.4
1181490 1465.4
1181500 1461.2
1181510 1463.0
1181520 1463.0
1181530 1466.4
1181540 1470.2
1181550 1470.2
1181560 1462.8
1181570 1454.2
1181580 1454.2
1181590 1450.6
1181600 1446.8
1181610 1444.8
1181620 1444.8
1181630 1444.9
1181640 1446.2
1181650 1446.2
1181660 1447.5
1181670 1452.2
1181680 1452.2
1181690 1462.5
1181700 1467.4
1181710 1467.4
1181720 1470.2
1181730 1470.1
1181740 1470.1
1181750 1475.2
1181760 1484.4
1181770 1484.4
1181780 1491.3
1181790 1496.8
1181800 1496.8
1181810 1502.4
1181820 1508.9
1181830 1508.9
1181840 1515.6
1181850 1522.7
1181860 1522.7
1181870 1531.2
1181880 1539.0
1181890 1539.6
1181900 1539.6
1181910 1537.7
1181920 1535.7
1181930 1535.7
1181940 1534.6
1181950 1534.5
1181960 1534.5
1181970 1534.4
1181980 1535.4
1181990 1535.4
1182000 1536.8
1182010 1538.6
1182020 1538.6
1182030 1541.4
1182040 1544.8
1182050 1544.8
1182060 1547.9
1182070 1551.4
1182080 1551.4
1182090 1553.6
1182100 1553.8
1182110 1553.8
1182120 1554.0
1182130 1554.5
1182140 1555.4
1182150 1555.4
1182160 1556.3
1182170 1557.4
1182180 1557.4
1182190 1559.1
1182200 1560.1
1182210 1560.1
1182220 1560.2
1182230 1560.5
1182240 1560.5
1182250 1561.2
1182260 1562.3
1182270 1562.3
1182280 1563.9
1182290 1565.8
1182300 1565.8
1182310 1567.8
1182320 1569.7
1182330 1569.7
1182340 1572.0
1182350 1574.2
1182360 1574.2
1182370 1576.2
1182380 1579.0
1182390 1579.0
1182400 1580.9
1182410 1582.0
1182420 1585.4
1182430 1585.4
1182440 1589.3
1182450 1593.6
1182460 1593.6
1182470 1598.8
1182480 1603.6
1182490 1603.6
1182500 1607.7
1182510 1611.4
1182520 1611.4
1182530 1613.6
1182540 1614.9
1182550 1614.9
1182560 1616.5
1182570 1619.7
1182580 1619.7
1182590 1626.4
1182600 1634.4
1182610 1634.4
1182620 1642.7
1182630 1650.1
1182640 1650.1
1182650 1655.4
1182660 1660.1
1182670 1660.1
1182680 1665.1
1182690 1670.2
1182700 1676.4
1182710 1676.4
1182720 1683.8
1182730 1691.0
1182740 1691.0
1182750 1698.5
1182760 1706.0
1182770 1706.0
1182780 1714.2
1182790 1721.8
1182800 1721.8
1182810 1728.8
1182820 1736.2
1182830 1736.2
1182840 1743.5
1182850 1751.4
1182860 1751.4
1182870 1758.2
1182880 1763.4
1182890 1763.4
1182900 1768.5
1182910 1775.6
1182920 1775.6
1182930 1785.0
1182940 1792.4
1182950 1797.1
1182960 1797.1
1182970 1800.6
1182980 1803.6
1182990 1803.6
1183000 1806.3
1183010 1808.8
1183020 1812.4
1183030 1815.5
1183040 1819.6
1183050 1819.6
1183060 1824.2
1183070 1829.5
1183080 1829.5
1183090 1835.7
1183100 1841.4
1183110 1841.4
1183120 1842.7
1183130 1844.0
1183140 1844.0
1183150 1846.5
1183160 1848.4
1183170 1848.4
1183180 1850.7
1183190 1854.4
1183200 1854.4
1183210 1857.1
1183220 1859.6
1183230 1860.3
1183240 1860.3
1183250 1861.0
1183260 1863.6
1183270 1863.6
1183280 1857.1
1183290 1853.7
1183300 1853.7
1183310 1859.2
1183320 1856.3
1183330 1856.3
1183340 1857.1
1183350 1863.6
1183360 1863.6
1183370 1871.9
1183380 1876.4
1183390 1876.4
1183400 1877.5
1183410 1877.5
1183420 1877.5
1183430 1874.7
1183440 1884.8
1183450 1884.8
1183460 1871.4
1183470 1861.8
1183480 1861.8
1183490 1860.9
1183500 1860.0
1183510 1863.9
1183520 1863.9
1183530 1865.3
1183540 1865.4
1183550 1865.4
1183560 1865.4
1183570 1871.9
1183580 1871.9
1183590 1879.6
1183600 1881.9
1183610 1881.9
1183620 1878.0
1183630 1869.0
1183640 1869.0
1183650 1870.3
1183660 1878.2
1183670 1878.2
1183680 1887.4
1183690 1897.5
1183700 1897.5
1183710 1914.9
1183720 1927.8
1183730 1927.8
1183740 1932.9
1183750 1939.4
1183760 1955.6
1183770 1955.6
1183780 1963.3
1183790 1968.5
1183800 1968.5
1183810 1978.4
1183820 1986.1
1183830 1986.1
1183840 1991.2
1183850 1997.3
1183860 1997.4
1183870 2004.9
1183880 2013.0
1183890 2013.0
1183900 2022.1
1183910 2030.3
1183920 2030.3
1183930 2038.8
1183940 2046.8
1183950 2046.8
1183960 2049.0
1183970 2055.5
1183980 2055.5
1183990 2064.7
1184000 2070.6
1184010 2070.6
1184020 2075.7
1184030 2083.8
1184040 2091.8
1184050 2091.8
1184060 2094.4
1184070 2097.3
1184080 2097.3
1184090 2098.6
1184100 2092.3
1184110 2092.3
1184120 2080.9
1184130 2080.4
1184140 2080.4
1184150 2095.0
1184160 2102.5
1184170 2102.5
1184180 2098.8
1184190 2097.5
1184200 2097.5
1184210 2100.2
1184220 2099.0
1184230 2099.0
1184240 2102.9
1184250 2104.0
1184260 2104.0
1184270 2097.6
1184280 2093.4
1184290 2104.2
1184300 2106.6
1184310 2111.9
1184320 2115.1
1184330 2115.1
1184340 2116.2
1184350 2120.6
1184360 2120.6
1184370 2122.9
1184380 2119.0
1184390 2119.0
1184400 2101.5
1184410 2093.1
1184420 2093.1
1184430 2094.3
1184440 2092.1
1184450 2092.1
1184460 2080.0
1184470 2069.9
1184480 2069.9
1184490 2058.1
1184500 2046.2
1184510 2046.2
1184520 2035.4
1184530 2030.7
1184540 2030.7
1184550 2028.6
1184560 2024.9
1184570 2021.0
1184580 2021.0
1184590 2017.0
1184600 2013.2
1184610 2013.2
1184620 2009.7
1184630 2006.7
1184640 2006.7
1184650 2003.1
1184660 1999.2
1184670 1999.2
1184680 1995.7
1184690 1992.7
1184700 1992.7
1184710 1993.3
1184720 1993.8
1184730 1993.8
1184740 1994.1
1184750 1993.9
1184760 1993.9
1184770 1994.3
1184780 1994.8
1184790 1994.8
1184800 1995.8
1184810 1997.5
1184820 1997.5
1184830 1999.5
1184840 2001.7
1184850 2003.7
1184860 2003.7
1184870 2005.2
1184880 2006.7
1184890 2006.7
1184900 2007.4
1184910 2008.7
1184920 2008.7
1184930 2010.5
1184940 2012.4
1184950 2012.4
1184960 2013.4
1184970 2014.6
1184980 2014.6
1184990 2015.6
1185000 2016.4
1185010 2016.4
1185020 2017.4
1185030 2018.2
1185040 2018.2
1185050 2017.6
1185060 2020.1
1185070 2020.1
1185080 2024.5
1185090 2026.9
1185100 2026.9
1185110 2030.1
1185120 2035.4
1185130 2041.5
1185140 2041.5
1185150 2048.6
1185160 2055.8
1185170 2055.8
1185180 2063.0
1185190 2071.5
1185200 2071.5
1185210 2081.8
1185220 2092.4
1185230 2092.4
1185240 2098.9
1185250 2102.4
1185260 2102.4
1185270 2098.6
1185280 2090.9
1185290 2090.9
1185300 2083.9
1185310 2077.5
1185320 2077.5
1185330 2072.2
1185340 2068.3
1185350 2068.3
1185360 2065.9
1185370 2063.4
1185380 2060.9
1185390 2060.9
1185400 2059.8
1185410 2058.6
1185420 2058.6
1185430 2057.5
1185440 2056.4
1185450 2056.4
1185460 2056.9
1185470 2056.5
1185480 2056.5
1185490 2055.4
1185500 2052.8
1185510 2052.8
1185520 2051.7
1185530 2051.1
1185540 2051.1
1185550 2052.5
1185560 2059.8
1185570 2059.8
1185580 2063.1
1185590 2068.5
1185600 2068.5
1185610 2072.2
1185620 2076.6
1185630 2076.6
1185640 2079.2
1185650 2077.7
1185660 2073.7
1185670 2073.7
1185680 2068.8
1185690 2065.1
1185700 2065.1
1185710 2060.8
1185720 2057.2
1185730 2057.2
1185740 2054.4
1185750 2053.5
1185760 2053.5
1185770 2054.7
1185780 2056.7
1185790 2056.7
1185800 2056.6
1185810 2055.5
1185820 2055.5
1185830 2057.4
1185840 2059.7
1185850 2059.7
1185860 2063.8
1185870 2068.6
1185880 2068.6
1185890 2074.0
1185900 2080.1
1185910 2080.1
1185920 2087.1
1185930 2094.0
1185940 2099.7
1185950 2099.7
1185960 2104.7
1185970 2109.7
1185980 2109.7
1185990 2116.9
1186000 2122.1
1186010 2122.1
1186020 2127.3
1186030 2132.1
1186040 2132.1
1186050 2137.3
1186060 2142.9
1186070 2142.9
1186080 2148.8
1186090 2155.2
1186100 2155.2
1186110 2161.8
1186120 2168.5
1186130 2168.5
1186140 2175.2
1186150 2182.0
1186160 2182.0
1186170 2188.7
1186180 2195.2
1186190 2201.4
1186200 2201.4
1186210 2207.6
1186220 2214.1
1186230 2214.1
1186240 2220.6
1186250 2228.5
1186260 2228.5
1186270 2236.9
1186280 2244.5
1186290 2244.5
1186300 2252.2
1186310 2262.5
1186320 2262.5
1186330 2271.2
1186340 2269.8
1186350 2269.8
1186360 2262.0
1186370 2254.0
1186380 2254.0
1186390 2245.0
1186400 2236.2
1186410 2235.4
1186420 2226.9
1186430 2218.6
1186440 2218.6
1186450 2211.3
1186460 2205.9
1186470 2198.2
1186480 2198.2
1186490 2190.9
1186500 2184.2
1186510 2184.2
1186520 2177.5
1186530 2171.3
1186540 2171.3
1186550 2165.0
1186560 2158.4
1186570 2158.4
1186580 2151.6
1186590 2144.7
1186600 2144.7
1186610 2137.8
1186620 2130.9
1186630 2130.9
1186640 2124.2
1186650 2117.6
1186660 2117.6
1186670 2111.2
1186680 2105.1
1186690 2105.1
1186700 2099.3
1186710 2093.8
1186720 2093.8
1186730 2088.5
1186740 2083.3
1186750 2077.9
1186760 2077.9
1186770 2073.0
1186780 2068.7
1186790 2068.7
1186800 2064.7
1186810 2061.1
1186820 2061.1
1186830 2058.2
1186840 2059.9
1186850 2059.9
1186860 2057.4
1186870 2054.8
1186880 2054.8
1186890 2053.2
1186900 2050.9
1186910 2050.9
1186920 2048.5
1186930 2046.2
1186940 2046.2
1186950 2044.2
1186960 2042.4
1186970 2042.4
1186980 2041.2
1186990 2040.2
1187000 2039.5
1187010 2039.5
1187020 2038.5
1187030 2037.2
1187040 2037.2
1187050 2037.9
1187060 2039.9
1187070 2039.9
1187080 2042.0
1187090 2043.4
1187100 2043.4
1187110 2045.0
1187120 2047.0
1187130 2047.0
1187140 2050.1
1187150 2053.9
1187160 2053.9
1187170 2057.6
1187180 2060.6
1187190 2060.6
1187200 2063.3
1187210 2065.7
1187220 2065.7
1187230 2068.0
1187240 2070.3
1187250 2070.3
1187260 2072.3
1187270 2079.2
1187280 2080.9
1187290 2080.9
1187300 2082.8
1187310 2084.7
1187320 2084.7
1187330 2087.1
1187340 2088.8
1187350 2088.8
1187360 2087.1
1187370 2090.2
1187380 2090.2
1187390 2096.8
1187400 2102.2
1187410 2102.2
1187420 2105.1
1187430 2104.4
1187440 2104.4
1187450 2103.0
1187460 2104.2
1187470 2104.2
1187480 2103.2
1187490 2103.8
1187500 2103.8
1187510 2112.0
1187520 2119.1
1187530 2119.1
1187540 2121.4
1187550 2122.7
1187560 2125.1
1187570 2125.1
1187580 2125.0
1187590 2121.2
1187600 2121.2
1187610 2118.6
1187620 2125.3
1187630 2125.3
1187640 2130.3
1187650 2128.3
1187660 2128.3
1187670 2125.1
1187680 2121.7
1187690 2121.7
1187700 2131.0
1187710 2126.5
1187720 2126.5
1187730 2125.6
1187740 2128.9
1187750 2128.9
1187760 2134.1
1187770 2138.3
1187780 2138.3
1187790 2139.7
1187800 2139.2
1187810 2140.9
1187820 2140.9
1187830 2140.9
1187840 2140.3
1187850 2140.3
1187860 2140.6
1187870 2143.0
1187880 2143.0
1187890 2145.7
1187900 2148.6
1187910 2148.6
1187920 2150.9
1187930 2152.0
1187940 2152.0
1187950 2152.5
1187960 2153.9
1187970 2153.9
1187980 2155.9
1187990 2159.1
1188000 2159.1
1188010 2162.6
1188020 2164.8
1188030 2164.8
1188040 2165.8
1188050 2162.9
1188060 2162.9
1188070 2161.8
1188080 2165.3
1188090 2167.6
1188100 2167.6
1188110 2170.2
1188120 2179.5
1188130 2179.5
1188140 2183.1
1188150 2184.8
1188160 2184.8
1188170 2184.1
1188180 2182.3
1188190 2182.3
1188200 2181.8
1188210 2182.0
1188220 2182.0
1188230 2180.0
1188240 2182.2
1188250 2182.2
1188260 2185.5
1188270 2187.4
1188280 2187.4
1188290 2189.8
1188300 2192.8
1188310 2192.8
1188320 2193.2
1188330 2192.8
1188340 2192.8
1188350 2193.1
1188360 2198.3
1188370 2201.7
1188380 2201.7
1188390 2206.6
1188400 2213.2
1188410 2213.2
1188420 2220.2
1188430 2226.1
1188440 2226.1
1188450 2234.0
1188460 2237.9
1188470 2237.9
1188480 2231.9
1188490 2233.6
1188500 2233.6
1188510 2246.0
1188520 2258.4
1188530 2258.4
1188540 2273.0
1188550 2272.9
1188560 2272.9
1188570 2281.5
1188580 2292.0
1188590 2292.0
1188600 2296.5
1188610 2292.1
1188620 2282.3
1188630 2282.3
1188640 2273.0
1188650 2267.8
1188660 2267.8
1188670 2269.6
1188680 2272.8
1188690 2272.8
1188700 2272.7
1188710 2264.0
1188720 2264.0
1188730 2257.7
1188740 2261.7
1188750 2261.7
1188760 2268.8
1188770 2273.6
1188780 2273.6
1188790 2287.0
1188800 2303.3
1188810 2303.3
1188820 2306.2
1188830 2303.2
1188840 2303.2
1188850 2297.4
1188860 2289.9
1188870 2289.9
1188880 2287.5
1188890 2281.9
1188900 2276.5
1188910 2276.5
1188920 2272.4
1188930 2270.7
1188940 2270.7
1188950 2272.8
1188960 2281.1
1188970 2281.1
1188980 2298.3
1188990 2303.9
1189000 2303.9
1189010 2304.8
1189020 2304.1
1189030 2304.1
1189040 2307.6
1189050 2309.1
1189060 2309.1
1189070 2312.0
1189080 2318.8
1189090 2318.8
1189100 2321.1
1189110 2317.1
1189120 2317.1
1189130 2309.6
1189140 2312.3
1189150 2312.3
1189160 2320.9
1189170 2327.3
1189180 2330.2
1189190 2330.2
1189200 2328.3
1189210 2321.2
1189220 2321.2
1189230 2313.9
1189240 2306.3
1189250 2306.3
1189260 2299.7
1189270 2294.9
1189280 2294.9
1189290 2296.7
1189300 2305.4
1189310 2305.4
1189320 2311.5
1189330 2308.5
1189340 2308.5
1189350 2304.6
1189360 2311.2
1189370 2311.2
1189380 2319.3
1189390 2323.8
1189400 2323.8
1189410 2326.2
1189420 2343.4
1189430 2344.3
1189440 2344.3
1189450 2346.5
1189460 2353.1
1189470 2353.1
1189480 2366.8
1189490 2378.9
1189500 2378.9
1189510 2374.1
1189520 2367.9
1189530 2367.9
1189540 2362.3
1189550 2357.9
1189560 2357.9
1189570 2353.8
1189580 2349.7
1189590 2349.7
1189600 2344.9
1189610 2338.4
1189620 2338.4
1189630 2330.7
1189640 2328.2
1189650 2328.2
1189660 2334.1
1189670 2327.9
1189680 2327.9
1189690 2319.2
1189700 2317.7
1189710 2319.6
1189720 2319.6
1189730 2313.0
1189740 2307.5
1189750 2307.5
1189760 2308.5
1189770 2304.2
1189780 2304.2
1189790 2294.4
1189800 2286.1
1189810 2286.1
1189820 2282.5
1189830 2281.8
1189840 2281.8
1189850 2272.8
1189860 2272.1
1189870 2272.1
1189880 2268.5
1189890 2261.8
1189900 2261.8
1189910 2259.5
1189920 2260.7
1189930 2260.7
1189940 2265.3
1189950 2274.9
1189960 2274.9
1189970 2283.8
1189980 2281.6
1189990 2272.9
1190000 2272.9
1190010 2269.9
1190020 2270.5
1190030 2270.5
1190040 2275.0
1190050 2285.6
1190060 2285.6
1190070 2290.5
1190080 2287.6
1190090 2287.6
1190100 2289.5
1190110 2279.7
1190120 2279.7
1190130 2268.4
1190140 2264.2
1190150 2264.2
1190160 2257.9
1190170 2239.8
1190180 2239.8
1190190 2224.9
1190200 2212.9
1190210 2212.9
1190220 2208.7
1190230 2203.2
1190240 2203.2
1190250 2194.4
1190260 2184.0
1190270 2174.3
1190280 2169.6
1190290 2162.2
1190300 2158.7
1190310 2158.7
1190320 2163.4
1190330 2162.3
1190340 2162.3
1190350 2157.6
1190360 2150.8
1190370 2150.8
1190380 2145.2
1190390 2142.2
1190400 2142.2
1190410 2139.5
1190420 2137.8
1190430 2137.8
1190440 2140.8
1190450 2149.5
1190460 2149.5
1190470 2147.1
1190480 2145.7
1190490 2145.7
1190500 2144.4
1190510 2137.9
1190520 2132.6
1190530 2132.6
1190540 2135.4
1190550 2125.6
1190560 2125.6
1190570 2105.6
1190580 2081.7
1190590 2081.7
1190600 2076.1
1190610 2071.7
1190620 2071.7
1190630 2064.7
1190640 2049.4
1190650 2049.4
1190660 2033.0
1190670 2028.5
1190680 2028.5
1190690 2029.4
1190700 2027.5
1190710 2018.1
1190720 2015.7
1190730 2012.3
1190740 2012.3
1190750 2005.6
1190760 1996.3
1190770 1996.3
1190780 1994.3
1190790 1999.0
1190800 1998.4
1190810 1998.4
1190820 1994.7
1190830 1987.4
1190840 1987.4
1190850 1979.6
1190860 1970.5
1190870 1970.5
1190880 1962.3
1190890 1956.2
1190900 1956.2
1190910 1950.3
1190920 1944.3
1190930 1944.3
1190940 1936.8
1190950 1927.9
1190960 1927.9
1190970 1916.8
1190980 1910.9
1190990 1910.9
1191000 1907.1
1191010 1903.3
1191020 1903.3
1191030 1900.0
1191040 1896.1
1191050 1896.1
1191060 1889.8
1191070 1882.3
1191080 1874.5
1191090 1874.5
1191100 1863.8
1191110 1854.7
1191120 1854.7
1191130 1845.1
1191140 1834.9
1191150 1823.6
1191160 1813.6
1191170 1806.1
1191180 1806.1
1191190 1800.2
1191200 1793.8
1191210 1793.8
1191220 1787.1
1191230 1780.0
1191240 1780.0
1191250 1770.6
1191260 1760.7
1191270 1760.7
1191280 1752.8
1191290 1745.6
1191300 1745.6
1191310 1736.5
1191320 1727.2
1191330 1721.1
1191340 1721.1
1191350 1713.9
1191360 1707.1
1191370 1707.1
1191380 1700.6
1191390 1693.9
1191400 1693.9
1191410 1686.8
1191420 1679.9
1191430 1679.9
1191440 1673.8
1191450 1668.0
1191460 1668.0
1191470 1663.0
1191480 1659.0
1191490 1659.0
1191500 1656.0
1191510 1652.8
1191520 1652.8
1191530 1649.9
1191540 1647.0
1191550 1647.0
1191560 1644.3
1191570 1642.3
1191580 1644.1
1191590 1641.0
1191600 1638.5
1191610 1636.6
1191620 1636.6
1191630 1633.1
1191640 1628.5
1191650 1628.5
1191660 1624.6
1191670 1621.5
1191680 1621.5
1191690 1618.3
1191700 1615.4
1191710 1615.4
1191720 1612.8
1191730 1610.9
1191740 1610.9
1191750 1608.4
1191760 1605.5
1191770 1605.5
1191780 1602.0
1191790 1599.0
1191800 1599.0
1191810 1597.9
1191820 1598.2
1191830 1598.2
1191840 1597.5
1191850 1597.9
1191860 1596.0
1191870 1596.0
1191880 1592.2
1191890 1589.9
1191900 1589.9
1191910 1587.4
1191920 1584.5
1191930 1584.5
1191940 1581.0
1191950 1578.0
1191960 1578.0
1191970 1575.8
1191980 1573.9
1191990 1573.9
1192000 1571.9
1192010 1578.0
1192020 1578.0
1192030 1575.5
1192040 1573.6
1192050 1573.6
1192060 1571.3
1192070 1568.3
1192080 1568.3
1192090 1567.0
1192100 1566.2
1192110 1566.2
1192120 1564.8
1192130 1562.5
1192140 1560.2
1192150 1560.2
1192160 1555.3
1192170 1553.7
1192180 1553.7
1192190 1558.7
1192200 1560.1
1192210 1560.1
1192220 1561.7
1192230 1564.5
1192240 1564.5
1192250 1567.7
1192260 1571.1
1192270 1571.1
1192280 1575.8
1192290 1579.5
1192300 1579.5
1192310 1581.5
1192320 1582.8
1192330 1582.8
1192340 1586.6
1192350 1590.3
1192360 1590.3
1192370 1591.4
1192380 1591.5
1192390 1591.5
1192400 1590.1
1192410 1590.0
1192420 1588.0
1192430 1588.0
1192440 1587.9
1192450 1599.3
1192460 1599.3
1192470 1595.0
1192480 1591.2
1192490 1591.2
1192500 1590.5
1192510 1591.1
1192520 1591.1
1192530 1590.7
1192540 1590.0
1192550 1590.0
1192560 1588.9
1192570 1587.1
1192580 1587.1
1192590 1585.4
1192600 1583.2
1192610 1583.2
1192620 1580.6
1192630 1577.9
1192640 1577.9
1192650 1575.4
1192660 1572.8
1192670 1570.3
1192680 1570.3
1192690 1566.4
1192700 1563.6
1192710 1563.6
1192720 1560.4
1192730 1557.9
1192740 1557.9
1192750 1555.9
1192760 1552.7
1192770 1552.7
1192780 1549.6
1192790 1546.1
1192800 1546.1
1192810 1543.0
1192820 1539.4
1192830 1539.4
1192840 1536.4
1192850 1532.9
1192860 1532.9
1192870 1530.8
1192880 1528.8
1192890 1530.2
1192900 1523.9
1192910 1517.8
1192920 1517.8
1192930 1512.4
1192940 1503.7
1192950 1496.4
1192960 1496.4
1192970 1490.4
1192980 1484.3
1192990 1484.3
1193000 1487.8
1193010 1497.0
1193020 1497.0
1193030 1504.8
1193040 1503.1
1193050 1503.1
1193060 1497.9
1193070 1494.9
1193080 1494.9
1193090 1503.4
1193100 1511.5
1193110 1511.5
1193120 1513.3
1193130 1514.1
1193140 1514.1
1193150 1514.0
1193160 1512.9
1193170 1512.9
1193180 1511.2
1193190 1509.3
1193200 1509.3
1193210 1507.5
1193220 1505.7
1193230 1503.8
1193240 1503.8
1193250 1501.6
1193260 1500.0
1193270 1500.0
1193280 1497.1
1193290 1494.6
1193300 1494.6
1193310 1492.7
1193320 1495.8
1193330 1495.8
1193340 1493.4
1193350 1491.5
1193360 1491.5
1193370 1489.0
1193380 1486.4
1193390 1486.4
1193400 1484.5
1193410 1483.4
1193420 1483.4
1193430 1482.8
1193440 1482.3
1193450 1482.3
1193460 1480.7
1193470 1478.4
1193480 1478.1
1193490 1478.1
1193500 1476.9
1193510 1476.9
1193520 1476.9
1193530 1476.1
1193540 1474.1
1193550 1474.1
1193560 1474.2
1193570 1473.0
1193580 1473.0
1193590 1471.6
1193600 1471.3
1193610 1471.3
1193620 1470.7
1193630 1471.0
1193640 1471.0
1193650 1471.9
1193660 1472.5
1193670 1472.5
1193680 1474.0
1193690 1473.8
1193700 1473.8
1193710 1474.9
1193720 1473.5
1193730 1473.5
1193740 1473.3
1193750 1473.2
1193760 1481.5
1193770 1481.5
1193780 1483.6
1193790 1484.3
1193800 1484.3
1193810 1485.8
1193820 1487.1
1193830 1487.1
1193840 1485.6
1193850 1484.4
1193860 1484.4
1193870 1484.1
1193880 1482.0
1193890 1482.0
1193900 1484.0
1193910 1485.1
1193920 1485.1
1193930 1488.8
1193940 1492.2
1193950 1492.2
1193960 1495.5
1193970 1498.5
1193980 1498.5
1193990 1500.8
1194000 1502.7
1194010 1502.7
1194020 1504.2
1194030 1506.0
1194040 1507.7
1194050 1507.7
1194060 1509.5
1194070 1510.7
1194080 1510.7
1194090 1511.9
1194100 1512.5
1194110 1512.5
1194120 1514.0
1194130 1514.4
1194140 1514.4
1194150 1513.9
1194160 1515.4
1194170 1515.4
1194180 1517.2
1194190 1518.1
1194200 1524.7
1194210 1523.5
1194220 1524.0
1194230 1524.0
1194240 1528.0
1194250 1532.7
1194260 1532.7
1194270 1538.1
1194280 1542.8
1194290 1545.3
1194300 1545.3
1194310 1546.3
1194320 1546.9
1194330 1546.9
1194340 1547.3
1194350 1548.4
1194360 1548.4
1194370 1549.4
1194380 1549.4
1194390 1549.4
1194400 1549.8
1194410 1550.1
1194420 1550.1
1194430 1549.6
1194440 1548.5
1194450 1548.5
1194460 1546.7
1194470 1543.3
1194480 1543.3
1194490 1539.7
1194500 1540.6
1194510 1540.6
1194520 1542.7
1194530 1543.2
1194540 1543.2
1194550 1542.7
1194560 1540.7
1194570 1537.8
1194580 1537.8
1194590 1533.4
1194600 1527.7
1194610 1527.7
1194620 1521.0
1194630 1514.8
1194640 1517.7
1194650 1511.9
1194660 1506.0
1194670 1506.0
1194680 1500.7
1194690 1496.8
1194700 1496.8
1194710 1499.2
1194720 1501.1
1194730 1501.1
1194740 1499.1
1194750 1494.9
1194760 1494.9
1194770 1490.4
1194780 1486.8
1194790 1486.8
1194800 1482.8
1194810 1478.5
1194820 1478.5
1194830 1474.4
1194840 1470.1
1194850 1465.9
1194860 1465.9
1194870 1462.0
1194880 1458.7
1194890 1458.7
1194900 1455.9
1194910 1452.3
1194920 1452.3
1194930 1447.1
1194940 1442.0
1194950 1442.0
1194960 1439.0
1194970 1434.8
1194980 1434.8
1194990 1431.7
1195000 1432.5
1195010 1432.5
1195020 1433.3
1195030 1430.7
1195040 1430.7
1195050 1427.3
1195060 1423.7
1195070 1423.7
1195080 1420.3
1195090 1415.0
1195100 1410.2
1195110 1410.2
1195120 1407.1
1195130 1404.4
1195140 1404.4
1195150 1400.8
1195160 1396.3
1195170 1396.3
1195180 1392.7
1195190 1388.3
1195200 1388.3
1195210 1383.2
1195220 1379.3
1195230 1379.3
1195240 1375.3
1195250 1371.3
1195260 1371.3
1195270 1367.1
1195280 1361.0
1195290 1361.0
1195300 1354.1
1195310 1347.2
1195320 1347.2
1195330 1340.8
1195340 1333.1
1195350 1333.1
1195360 1325.6
1195370 1319.7
1195380 1314.5
1195390 1314.5
1195400 1309.7
1195410 1305.1
1195420 1305.1
1195430 1299.9
1195440 1295.1
1195450 1295.1
1195460 1290.4
1195470 1284.1
1195480 1284.1
1195490 1277.1
1195500 1270.6
1195510 1270.6
1195520 1269.0
1195530 1270.9
1195540 1270.9
1195550 1269.8
1195560 1267.5
1195570 1267.5
1195580 1264.4
1195590 1260.4
1195600 1260.4
1195610 1255.6
1195620 1249.6
1195630 1249.6
1195640 1242.7
1195650 1239.3
1195660 1234.2
1195670 1234.2
1195680 1230.7
1195690 1227.9
1195700 1227.9
1195710 1225.1
1195720 1221.5
1195730 1221.5
1195740 1218.1
1195750 1215.0
1195760 1215.0
1195770 1211.5
1195780 1207.8
1195790 1207.8
1195800 1204.4
1195810 1201.2
1195820 1201.2
1195830 1196.4
1195840 1192.5
1195850 1192.5
1195860 1190.0
1195870 1185.6
1195880 1185.6
1195890 1180.4
1195900 1175.4
1195910 1170.4
1195920 1170.4
1195930 1165.5
1195940 1161.5
1195950 1161.5
1195960 1153.7
1195970 1150.6
1195980 1150.6
1195990 1147.7
1196000 1146.2
1196010 1146.2
1196020 1144.8
1196030 1145.7
1196040 1145.7
1196050 1145.9
1196060 1146.2
1196070 1146.2
1196080 1145.4
1196090 1144.3
1196100 1144.3
1196110 1141.0
1196120 1134.4
1196130 1134.4
1196140 1127.4
1196150 1120.3
1196160 1120.3
1196170 1113.1
1196180 1106.0
1196190 1099.2
1196200 1099.2
1196210 1091.9
1196220 1082.9
1196230 1082.9
1196240 1072.2
1196250 1061.1
1196260 1061.1
1196270 1051.6
1196280 1046.1
1196290 1046.1
1196300 1033.0
1196310 1021.8
1196320 1021.8
1196330 1017.8
1196340 1026.4
1196350 1026.4
1196360 1050.1
1196370 1063.6
1196380 1063.6
1196390 1073.1
1196400 1083.7
1196410 1083.7
1196420 1091.0
1196430 1096.5
1196440 1096.5
1196450 1102.7
1196460 1109.2
1196470 1114.9
1196480 1114.9
1196490 1118.7
1196500 1121.0
1196510 1121.0
1196520 1123.0
1196530 1125.3
1196540 1125.3
1196550 1125.9
1196560 1125.4
1196570 1125.4
1196580 1124.8
1196590 1123.3
1196600 1123.3
1196610 1118.8
1196620 1114.4
1196630 1114.4
1196640 1113.1
1196650 1113.2
1196660 1113.2
1196670 1113.2
1196680 1112.8
1196690 1112.8
1196700 1113.7
1196710 1115.7
1196720 1115.5
1196730 1115.5
1196740 1114.4
1196750 1112.2
1196760 1112.2
1196770 1110.1
1196780 1108.8
1196790 1108.8
1196800 1108.4
1196810 1108.3
1196820 1108.3
1196830 1108.6
1196840 1108.0
1196850 1108.0
1196860 1108.8
1196870 1109.1
1196880 1109.1
1196890 1109.3
1196900 1109.8
1196910 1109.8
1196920 1110.0
1196930 1110.4
1196940 1110.4
1196950 1110.8
1196960 1111.1
1196970 1111.1
1196980 1111.4
1196990 1111.7
1197000 1112.4
1197010 1112.4
1197020 1113.3
1197030 1112.9
1197040 1112.9
1197050 1112.7
1197060 1112.8
1197070 1112.8
1197080 1112.8
1197090 1111.5
1197100 1111.5
1197110 1111.9
1197120 1112.0
1197130 1112.0
1197140 1111.3
1197150 1110.3
1197160 1110.3
1197170 1108.6
1197180 1108.0
1197190 1108.0
1197200 1107.9
1197210 1108.0
1197220 1108.0
1197230 1107.2
1197240 1107.4
1197250 1106.8
1197260 1106.8
1197270 1106.1
1197280 1105.7
1197290 1103.7
1197300 1103.4
1197310 1102.9
1197320 1102.9
1197330 1102.2
1197340 1101.5
1197350 1101.5
1197360 1100.7
1197370 1099.7
1197380 1099.7
1197390 1098.3
1197400 1097.1
1197410 1097.1
1197420 1096.2
1197430 1095.5
1197440 1095.5
1197450 1094.4
1197460 1093.6
1197470 1093.6
1197480 1092.4
1197490 1091.7
1197500 1091.7
1197510 1091.0
1197520 1090.5
1197530 1090.6
1197540 1090.6
1197550 1090.2
1197560 1090.5
1197570 1090.5
1197580 1091.6
1197590 1091.9
1197600 1091.9
1197610 1091.7
1197620 1091.5
1197630 1091.5
1197640 1090.5
1197650 1089.6
1197660 1089.6
1197670 1090.4
1197680 1089.9
1197690 1089.9
1197700 1089.4
1197710 1088.4
1197720 1088.4
1197730 1086.0
1197740 1084.7
1197750 1084.7
1197760 1083.0
1197770 1081.6
1197780 1081.6
1197790 1080.4
1197800 1079.2
1197810 1078.0
1197820 1078.0
1197830 1076.6
1197840 1075.9
1197850 1075.9
1197860 1076.3
1197870 1076.6
1197880 1076.6
1197890 1076.4
1197900 1076.6
1197910 1076.6
1197920 1077.6
1197930 1077.2
1197940 1077.2
1197950 1076.4
1197960 1076.8
1197970 1076.8
1197980 1076.6
1197990 1075.8
1198000 1075.8
1198010 1076.1
1198020 1076.0
1198030 1076.0
1198040 1075.7
1198050 1076.0
1198060 1075.7
1198070 1075.7
1198080 1075.4
1198090 1075.7
1198100 1075.7
1198110 1076.1
1198120 1076.4
1198130 1076.4
1198140 1076.8
1198150 1077.1
1198160 1077.1
1198170 1075.0
1198180 1074.3
1198190 1074.3
1198200 1074.2
1198210 1073.4
1198220 1073.4
1198230 1072.5
1198240 1072.5
1198250 1072.5
1198260 1073.0
1198270 1073.9
1198280 1073.9
1198290 1074.6
1198300 1075.2
1198310 1075.2
1198320 1075.4
1198330 1075.2
1198340 1076.3
1198350 1076.3
1198360 1077.1
1198370 1076.6
1198380 1076.6
1198390 1076.6
1198400 1076.6
1198410 1076.6
1198420 1076.0
1198430 1076.1
1198440 1076.1
1198450 1075.9
1198460 1075.4
1198470 1075.4
1198480 1074.7
1198490 1074.4
1198500 1074.4
1198510 1073.6
1198520 1073.5
1198530 1073.5
1198540 1074.9
1198550 1074.3
1198560 1074.3
1198570 1073.2
1198580 1072.2
1198590 1072.2
1198600 1071.1
1198610 1070.2
1198620 1067.7
1198630 1067.7
1198640 1066.8
1198650 1067.0
1198660 1067.0
1198670 1067.1
1198680 1066.9
1198690 1066.9
1198700 1066.2
1198710 1064.9
1198720 1064.9
1198730 1063.1
1198740 1061.5
1198750 1061.5
1198760 1060.5
1198770 1058.9
1198780 1058.9
1198790 1057.1
1198800 1055.7
1198810 1055.7
1198820 1054.0
1198830 1052.8
1198840 1052.8
1198850 1052.2
1198860 1051.7
1198870 1052.5
1198880 1052.5
1198890 1052.4
1198900 1051.5
1198910 1051.5
1198920 1050.5
1198930 1049.8
1198940 1049.8
1198950 1049.8
1198960 1049.8
1198970 1049.8
1198980 1049.3
1198990 1049.1
1199000 1049.1
1199010 1048.8
1199020 1047.8
1199030 1047.8
1199040 1047.0
1199050 1046.2
1199060 1046.2
1199070 1043.8
1199080 1043.5
1199090 1043.5
1199100 1043.6
1199110 1042.8
1199120 1042.8
1199130 1042.2
1199140 1041.2
1199150 1040.2
1199160 1040.2
1199170 1040.1
1199180 1038.6
1199190 1038.6
1199200 1037.8
1199210 1037.1
1199220 1037.1
1199230 1036.3
1199240 1035.7
1199250 1035.7
1199260 1035.3
1199270 1035.1
1199280 1035.1
1199290 1035.3
1199300 1036.2
1199310 1036.2
1199320 1036.4
1199330 1036.5
1199340 1036.5
1199350 1036.3
1199360 1036.0
1199370 1036.0
1199380 1036.0
1199390 1036.1
1199400 1036.1
1199410 1036.3
1199420 1036.6
1199430 1036.8
1199440 1036.8
1199450 1036.9
1199460 1037.0
1199470 1037.0
1199480 1037.2
1199490 1037.4
1199500 1037.4
1199510 1036.2
1199520 1036.8
1199530 1036.8
1199540 1037.2
1199550 1037.5
1199560 1037.5
1199570 1037.7
1199580 1038.1
1199590 1038.1
1199600 1038.3
1199610 1038.2
1199620 1038.2
1199630 1037.3
1199640 1036.3
1199650 1036.3
1199660 1035.7
1199670 1035.3
1199680 1035.1
1199690 1035.1
1199700 1035.0
1199710 1034.9
1199720 1034.9
1199730 1034.8
1199740 1034.7
1199750 1034.7
1199760 1034.6
1199770 1034.5
1199780 1034.5
1199790 1034.3
1199800 1034.0
1199810 1034.0
1199820 1033.5
1199830 1033.0
1199840 1033.0
1199850 1032.6
1199860 1032.4
1199870 1032.4
1199880 1031.7
1199890 1031.0
1199900 1031.0
1199910 1030.6
1199920 1030.4
1199930 1030.4
1199940 1030.3
1199950 1030.3
1199960 1029.5
1199970 1029.5
1199980 1029.6
1199990 1029.7
