1180000 1338.6
1180010 1333.6
1180020 1328.4
1180030 1328.4
1180040 1322.4
1180050 1316.9
1180060 1316.9
1180070 1312.9
1180080 1306.9
1180090 1306.9
1180100 1300.2
1180110 1298.2
1180120 1298.2
1180130 1298.7
1180140 1298.8
1180150 1298.8
1180160 1298.8
1180170 1298.8
1180180 1298.8
1180190 1298.8
1180200 1300.1
1180210 1300.1
1180220 1304.7
1180230 1304.1
1180240 1306.9
1180250 1306.9
1180260 1309.0
1180270 1311.9
1180280 1311.9
1180290 1317.1
1180300 1322.0
1180310 1322.0
1180320 1327.4
1180330 1333.0
1180340 1333.0
1180350 1338.9
1180360 1345.0
1180370 1345.0
1180380 1351.8
1180390 1356.8
1180400 1356.8
1180410 1361.1
1180420 1365.4
1180430 1365.4
1180440 1369.4
1180450 1373.5
1180460 1373.5
1180470 1378.6
1180480 1384.5
1180490 1384.5
1180500 1386.6
1180510 1392.1
1180520 1397.4
1180530 1397.4
1180540 1402.6
1180550 1408.1
1180560 1408.1
1180570 1414.0
1180580 1420.2
1180590 1420.2
1180600 1426.5
1180610 1432.9
1180620 1432.9
1180630 1438.8
1180640 1444.3
1180650 1443.9
1180660 1450.0
1180670 1456.4
1180680 1456.4
1180690 1462.7
1180700 1469.2
1180710 1469.2
1180720 1475.5
1180730 1481.9
1180740 1481.9
1180750 1488.5
1180760 1495.0
1180770 1501.0
1180780 1501.0
1180790 1506.7
1180800 1511.8
1180810 1511.8
1180820 1516.9
1180830 1522.7
1180840 1522.7
1180850 1529.3
1180860 1536.1
1180870 1536.1
1180880 1543.7
1180890 1550.7
1180900 1550.7
1180910 1558.2
1180920 1568.0
1180930 1568.0
1180940 1577.1
1180950 1583.1
1180960 1583.1
1180970 1593.8
1180980 1610.4
1180990 1610.4
1181000 1624.0
1181010 1640.9
1181020 1640.9
1181030 1662.9
1181040 1673.8
1181050 1680.4
1181060 1680.4
1181070 1684.7
1181080 1696.4
1181090 1696.4
1181100 1706.7
1181110 1715.2
1181120 1715.2
1181130 1722.2
1181140 1729.7
1181150 1729.7
1181160 1736.6
1181170 1742.3
1181180 1742.3
1181190 1749.4
1181200 1758.0
1181210 1758.0
1181220 1766.0
1181230 1771.5
1181240 1771.5
1181250 1776.6
1181260 1782.1
1181270 1782.1
1181280 1785.8
1181290 1790.1
1181300 1790.1
1181310 1791.2
1181320 1788.9
1181330 1782.6
1181340 1782.6
1181350 1778.0
1181360 1775.7
1181370 1775.7
1181380 1777.9
1181390 1775.4
1181400 1775.4
1181410 1766.7
1181420 1770.2
1181430 1770.2
1181440 1771.4
1181450 1773.1
1181460 1773.1
1181470 1776.6
1181480 1779.6
1181490 1769.2
1181500 1772.0
1181510 1780.2
1181520 1780.2
1181530 1785.2
1181540 1787.3
1181550 1787.3
1181560 1791.1
1181570 1796.3
1181580 1796.3
1181590 1796.3
1181600 1797.0
1181610 1797.2
1181620 1797.2
1181630 1795.3
1181640 1792.7
1181650 1792.7
1181660 1791.8
1181670 1789.6
1181680 1789.6
1181690 1786.2
1181700 1781.7
1181710 1781.7
1181720 1781.2
1181730 1782.7
1181740 1782.7
1181750 1786.8
1181760 1792.1
1181770 1792.1
1181780 1796.7
1181790 1801.6
1181800 1801.6
1181810 1807.9
1181820 1814.7
1181830 1814.7
1181840 1820.5
1181850 1826.6
1181860 1833.3
1181870 1833.3
1181880 1839.9
1181890 1846.3
1181900 1846.3
1181910 1855.7
1181920 1862.7
1181930 1862.7
1181940 1869.8
1181950 1876.6
1181960 1876.6
1181970 1883.1
1181980 1889.4
1181990 1889.4
1182000 1896.0
1182010 1902.1
1182020 1902.1
1182030 1907.5
1182040 1912.6
1182050 1912.6
1182060 1917.9
1182070 1923.5
1182080 1923.5
1182090 1929.6
1182100 1935.6
1182110 1935.6
1182120 1942.4
1182130 1949.0
1182140 1954.3
1182150 1954.3
1182160 1958.2
1182170 1961.0
1182180 1961.0
1182190 1962.8
1182200 1964.5
1182210 1964.5
1182220 1967.1
1182230 1970.2
1182240 1970.2
1182250 1973.2
1182260 1976.2
1182270 1976.2
1182280 1979.5
1182290 1982.6
1182300 1982.6
1182310 1985.5
1182320 1988.9
1182330 1982.0
1182340 1985.3
1182350 1988.3
1182360 1988.3
1182370 1991.2
1182380 1993.8
1182390 1993.8
1182400 1995.7
1182410 1997.5
1182420 1999.3
1182430 1999.3
1182440 2000.7
1182450 2002.7
1182460 2002.7
1182470 2005.1
1182480 2007.1
1182490 2007.1
1182500 2009.4
1182510 2010.9
1182520 2010.9
1182530 2012.5
1182540 2014.8
1182550 2014.8
1182560 2018.1
1182570 2020.5
1182580 2020.5
1182590 2022.8
1182600 2025.2
1182610 2025.2
1182620 2027.0
1182630 2028.5
1182640 2028.5
1182650 2029.8
1182660 2030.9
1182670 2030.9
1182680 2032.2
1182690 2034.3
1182700 2037.0
1182710 2037.0
1182720 2040.6
1182730 2044.6
1182740 2044.6
1182750 2049.2
1182760 2048.1
1182770 2048.1
1182780 2053.3
1182790 2058.1
1182800 2058.1
1182810 2062.4
1182820 2066.5
1182830 2066.5
1182840 2070.6
1182850 2074.7
1182860 2074.7
1182870 2079.2
1182880 2084.8
1182890 2084.8
1182900 2091.8
1182910 2097.5
1182920 2097.5
1182930 2099.9
1182940 2101.7
1182950 2101.7
1182960 2103.9
1182970 2106.4
1182980 2109.2
1182990 2109.2
1183000 2110.8
1183010 2112.1
1183020 2112.1
1183030 2114.0
1183040 2114.8
1183050 2114.8
1183060 2110.5
1183070 2106.4
1183080 2106.4
1183090 2104.3
1183100 2103.8
1183110 2103.8
1183120 2106.0
1183130 2110.0
1183140 2110.0
1183150 2107.9
1183160 2104.2
1183170 2104.2
1183180 2101.0
1183190 2107.6
1183200 2107.6
1183210 2113.1
1183220 2115.9
1183230 2115.4
1183240 2115.4
1183250 2111.9
1183260 2106.5
1183270 2106.5
1183280 2101.7
1183290 2098.5
1183300 2098.5
1183310 2097.4
1183320 2098.5
1183330 2098.5
1183340 2100.4
1183350 2103.3
1183360 2103.3
1183370 2106.4
1183380 2108.3
1183390 2108.3
1183400 2109.9
1183410 2111.3
1183420 2111.3
1183430 2112.4
1183440 2113.9
1183450 2113.9
1183460 2115.6
1183470 2116.1
1183480 2116.1
1183490 2115.1
1183500 2113.1
1183510 2107.6
1183520 2107.6
1183530 2100.3
1183540 2097.1
1183550 2097.1
1183560 2097.8
1183570 2091.3
1183580 2091.3
1183590 2085.1
1183600 2074.5
1183610 2074.5
1183620 2074.1
1183630 2075.1
1183640 2075.1
1183650 2075.9
1183660 2075.9
1183670 2075.9
1183680 2075.1
1183690 2071.3
1183700 2071.3
1183710 2067.2
1183720 2063.5
1183730 2063.5
1183740 2059.1
1183750 2054.8
1183760 2054.8
1183770 2049.8
1183780 2047.2
1183790 2047.8
1183800 2047.8
1183810 2048.4
1183820 2049.1
1183830 2049.1
1183840 2048.3
1183850 2047.6
1183860 2047.6
1183870 2044.9
1183880 2042.6
1183890 2042.6
1183900 2041.9
1183910 2040.3
1183920 2040.3
1183930 2036.3
1183940 2031.9
1183950 2031.9
1183960 2028.8
1183970 2027.1
1183980 2027.1
1183990 2025.0
1184000 2023.1
1184010 2023.1
1184020 2016.9
1184030 2018.0
1184040 2018.0
1184050 2016.7
1184060 2013.8
1184070 2014.3
1184080 2014.3
1184090 2016.4
1184100 2019.8
1184110 2019.8
1184120 2024.1
1184130 2026.1
1184140 2026.1
1184150 2023.8
1184160 2024.1
1184170 2024.1
1184180 2026.8
1184190 2029.7
1184200 2029.7
1184210 2032.6
1184220 2035.7
1184230 2035.7
1184240 2038.2
1184250 2039.7
1184260 2039.7
1184270 2040.5
1184280 2036.9
1184290 2036.9
1184300 2032.3
1184310 2027.9
1184320 2027.2
1184330 2027.2
1184340 2026.5
1184350 2023.8
1184360 2023.8
1184370 2020.3
1184380 2017.4
1184390 2017.4
1184400 2017.0
1184410 2015.8
1184420 2015.8
1184430 2016.5
1184440 2014.8
1184450 2007.8
1184460 2006.4
1184470 2006.3
1184480 2006.3
1184490 2005.7
1184500 2004.6
1184510 2004.6
1184520 2002.4
1184530 2000.1
1184540 2000.1
1184550 1997.2
1184560 1993.4
1184570 1993.4
1184580 1988.7
1184590 1989.6
1184600 1996.7
1184610 1996.7
1184620 1998.3
1184630 2000.3
1184640 2000.3
1184650 2002.6
1184660 2003.1
1184670 2003.1
1184680 1997.5
1184690 1998.7
1184700 1998.7
1184710 2005.0
1184720 2006.5
1184730 2006.5
1184740 2007.6
1184750 2007.4
1184760 2007.4
1184770 2004.5
1184780 2000.8
1184790 2000.8
1184800 1997.3
1184810 1995.5
1184820 1995.5
1184830 1993.2
1184840 1994.1
1184850 1994.1
1184860 1999.8
1184870 1994.0
1184880 1991.2
1184890 1991.2
1184900 1992.2
1184910 1996.0
1184920 1996.0
1184930 1999.3
1184940 2002.8
1184950 2002.8
1184960 2005.4
1184970 2006.6
1184980 2006.6
1184990 2006.9
1185000 2008.6
1185010 2008.6
1185020 2009.9
1185030 2010.9
1185040 2010.9
1185050 2011.2
1185060 2010.8
1185070 2010.8
1185080 2010.2
1185090 2009.6
1185100 2009.6
1185110 2008.6
1185120 2008.3
1185130 2008.3
1185140 2009.1
1185150 2008.7
1185160 2008.3
1185170 2008.3
1185180 2008.3
1185190 2007.9
1185200 2007.9
1185210 2006.8
1185220 2005.3
1185230 2005.3
1185240 2004.4
1185250 2005.2
1185260 2005.2
1185270 2005.0
1185280 2003.4
1185290 2003.4
1185300 1997.0
1185310 1995.5
1185320 1995.5
1185330 1994.7
1185340 1993.3
1185350 1993.3
1185360 1992.4
1185370 1991.3
1185380 1991.3
1185390 1990.3
1185400 1989.0
1185410 1988.6
1185420 1988.6
1185430 1989.0
1185440 1989.1
1185450 1989.1
1185460 1985.7
1185470 1981.2
1185480 1981.2
1185490 1979.1
1185500 1985.6
1185510 1985.6
1185520 1982.6
1185530 1978.8
1185540 1978.8
1185550 1980.5
1185560 1972.3
1185570 1972.3
1185580 1970.2
1185590 1974.7
1185600 1974.7
1185610 1980.2
1185620 1984.3
1185630 1984.3
1185640 1986.8
1185650 1987.3
1185660 1987.3
1185670 1986.1
1185680 1986.8
1185690 1988.7
1185700 1988.7
1185710 1987.7
1185720 1982.8
1185730 1982.8
1185740 1987.9
1185750 1992.4
1185760 1992.4
1185770 1994.3
1185780 1994.6
1185790 1994.6
1185800 1994.9
1185810 1995.1
1185820 1995.1
1185830 1994.6
1185840 1994.5
1185850 1994.5
1185860 1992.6
1185870 1990.8
1185880 1990.8
1185890 1989.3
1185900 1987.4
1185910 1987.4
1185920 1988.1
1185930 1988.4
1185940 1988.4
1185950 1988.1
1185960 1991.3
1185970 1994.2
1185980 1994.2
1185990 1996.1
1186000 1998.2
1186010 1998.2
1186020 1999.5
1186030 1999.9
1186040 1999.9
1186050 2000.4
1186060 2001.5
1186070 2001.5
1186080 2003.4
1186090 2004.4
1186100 2004.4
1186110 2004.5
1186120 2003.2
1186130 2003.2
1186140 2003.0
1186150 1997.6
1186160 1997.6
1186170 1997.0
1186180 1995.7
1186190 1995.7
1186200 1996.4
1186210 1998.0
1186220 1998.0
1186230 1999.3
1186240 1999.6
1186250 1998.3
1186260 1998.3
1186270 1997.2
1186280 1996.7
1186290 1996.7
1186300 1995.3
1186310 1993.0
1186320 1993.0
1186330 1990.1
1186340 1988.1
1186350 1988.1
1186360 1986.0
1186370 1983.5
1186380 1983.5
1186390 1982.5
1186400 1980.9
1186410 1980.9
1186420 1979.2
1186430 1978.2
1186440 1978.2
1186450 1978.0
1186460 1978.0
1186470 1978.0
1186480 1977.2
1186490 1977.1
1186500 1977.1
1186510 1975.6
1186520 1973.6
1186530 1973.4
1186540 1973.4
1186550 1972.8
1186560 1971.3
1186570 1971.3
1186580 1962.7
1186590 1963.1
1186600 1963.1
1186610 1965.3
1186620 1966.6
1186630 1966.6
1186640 1967.3
1186650 1968.7
1186660 1968.7
1186670 1969.8
1186680 1970.9
1186690 1970.9
1186700 1970.3
1186710 1969.0
1186720 1969.0
1186730 1966.7
1186740 1964.3
1186750 1964.3
1186760 1961.9
1186770 1960.8
1186780 1960.5
1186790 1960.5
1186800 1958.0
1186810 1954.8
1186820 1954.8
1186830 1954.1
1186840 1955.6
1186850 1955.6
1186860 1955.1
1186870 1953.6
1186880 1953.6
1186890 1954.0
1186900 1954.7
1186910 1954.7
1186920 1955.4
1186930 1955.2
1186940 1955.2
1186950 1955.1
1186960 1955.4
1186970 1955.4
1186980 1955.5
1186990 1953.9
1187000 1946.7
1187010 1943.7
1187020 1941.9
1187030 1941.9
1187040 1941.1
1187050 1942.0
1187060 1941.6
1187070 1941.6
1187080 1939.7
1187090 1935.3
1187100 1935.3
1187110 1933.1
1187120 1933.1
1187130 1933.1
1187140 1934.9
1187150 1935.1
1187160 1935.1
1187170 1935.4
1187180 1935.4
1187190 1935.4
1187200 1934.2
1187210 1932.2
1187220 1932.2
1187230 1930.9
1187240 1931.0
1187250 1931.0
1187260 1929.9
1187270 1928.8
1187280 1928.8
1187290 1927.1
1187300 1925.8
1187310 1925.8
1187320 1923.9
1187330 1921.8
1187340 1920.5
1187350 1920.5
1187360 1919.1
1187370 1917.1
1187380 1917.1
1187390 1915.8
1187400 1913.4
1187410 1913.4
1187420 1908.8
1187430 1899.0
1187440 1899.0
1187450 1899.7
1187460 1900.2
1187470 1900.2
1187480 1898.8
1187490 1896.4
1187500 1896.4
1187510 1892.9
1187520 1887.3
1187530 1887.3
1187540 1882.3
1187550 1879.0
1187560 1879.0
1187570 1874.7
1187580 1870.6
1187590 1870.6
1187600 1866.6
1187610 1863.0
1187620 1860.6
1187630 1860.6
1187640 1859.8
1187650 1858.8
1187660 1858.8
1187670 1859.9
1187680 1863.2
1187690 1863.2
1187700 1864.6
1187710 1865.0
1187720 1865.0
1187730 1864.3
1187740 1863.3
1187750 1863.3
1187760 1862.2
1187770 1858.7
1187780 1858.7
1187790 1853.0
1187800 1846.9
1187810 1846.9
1187820 1842.2
1187830 1838.3
1187840 1838.3
1187850 1837.1
1187860 1831.2
1187870 1832.3
1187880 1832.3
1187890 1833.6
1187900 1833.9
1187910 1833.9
1187920 1833.3
1187930 1830.3
1187940 1830.3
1187950 1827.5
1187960 1824.3
1187970 1824.3
1187980 1821.3
1187990 1817.6
1188000 1817.6
1188010 1813.8
1188020 1810.4
1188030 1810.4
1188040 1808.7
1188050 1808.7
1188060 1808.7
1188070 1807.9
1188080 1806.6
1188090 1806.6
1188100 1805.0
1188110 1803.2
1188120 1803.2
1188130 1802.1
1188140 1802.0
1188150 1802.1
1188160 1802.1
1188170 1802.2
1188180 1801.8
1188190 1801.8
1188200 1801.0
1188210 1801.0
1188220 1801.0
1188230 1800.1
1188240 1799.1
1188250 1799.1
1188260 1797.3
1188270 1795.8
1188280 1795.8
1188290 1789.5
1188300 1787.6
1188310 1787.6
1188320 1785.9
1188330 1786.0
1188340 1786.0
1188350 1787.0
1188360 1786.8
1188370 1786.8
1188380 1786.3
1188390 1785.9
1188400 1785.9
1188410 1785.7
1188420 1785.3
1188430 1784.2
1188440 1784.2
1188450 1783.5
1188460 1780.9
1188470 1780.9
1188480 1778.7
1188490 1776.8
1188500 1776.8
1188510 1775.9
1188520 1777.6
1188530 1777.6
1188540 1782.8
1188550 1777.9
1188560 1777.9
1188570 1772.6
1188580 1769.5
1188590 1769.5
1188600 1766.3
1188610 1762.9
1188620 1762.9
1188630 1759.1
1188640 1755.5
1188650 1755.5
1188660 1752.9
1188670 1750.0
1188680 1750.0
1188690 1747.6
1188700 1744.7
1188710 1744.3
1188720 1740.2
1188730 1740.1
1188740 1739.6
1188750 1739.6
1188760 1738.8
1188770 1737.4
1188780 1737.4
1188790 1734.7
1188800 1732.2
1188810 1732.2
1188820 1730.1
1188830 1728.5
1188840 1728.5
1188850 1726.1
1188860 1723.2
1188870 1723.2
1188880 1720.9
1188890 1718.7
1188900 1718.7
1188910 1716.9
1188920 1715.1
1188930 1715.1
1188940 1713.6
1188950 1712.0
1188960 1709.3
1188970 1709.3
1188980 1708.1
1188990 1707.9
1189000 1707.9
1189010 1707.9
1189020 1705.0
1189030 1705.0
1189040 1705.3
1189050 1704.2
1189060 1704.2
1189070 1701.7
1189080 1699.0
1189090 1699.0
1189100 1695.5
1189110 1693.8
1189120 1693.8
1189130 1691.7
1189140 1687.3
1189150 1686.9
1189160 1684.1
1189170 1680.2
1189180 1680.2
1189190 1676.6
1189200 1673.5
1189210 1673.5
1189220 1670.5
1189230 1667.6
1189240 1665.2
1189250 1665.2
1189260 1662.7
1189270 1660.2
1189280 1660.2
1189290 1657.5
1189300 1655.4
1189310 1655.4
1189320 1653.6
1189330 1651.9
1189340 1651.9
1189350 1650.1
1189360 1648.9
1189370 1648.9
1189380 1647.3
1189390 1645.5
1189400 1645.5
1189410 1644.2
1189420 1643.0
1189430 1643.0
1189440 1641.4
1189450 1640.1
1189460 1640.1
1189470 1638.2
1189480 1636.5
1189490 1636.5
1189500 1634.4
1189510 1632.6
1189520 1630.7
1189530 1630.7
1189540 1628.9
1189550 1627.3
1189560 1627.3
1189570 1625.3
1189580 1624.0
1189590 1624.0
1189600 1622.9
1189610 1621.7
1189620 1621.7
1189630 1620.9
1189640 1620.1
1189650 1620.1
1189660 1619.3
1189670 1618.5
1189680 1618.5
1189690 1617.9
1189700 1617.4
1189710 1617.4
1189720 1617.0
1189730 1616.7
1189740 1616.7
1189750 1616.3
1189760 1616.0
1189770 1616.0
1189780 1615.7
1189790 1615.1
1189800 1614.7
1189810 1614.7
1189820 1614.5
1189830 1614.7
1189840 1614.7
1189850 1614.7
1189860 1614.5
1189870 1614.5
1189880 1613.9
1189890 1613.8
1189900 1613.8
1189910 1612.9
1189920 1612.7
1189930 1612.7
1189940 1612.1
1189950 1611.1
1189960 1611.1
1189970 1610.0
1189980 1608.6
1189990 1608.6
1190000 1607.3
1190010 1605.4
1190020 1605.4
1190030 1604.3
1190040 1603.1
1190050 1603.1
1190060 1601.8
1190070 1600.7
1190080 1600.0
1190090 1600.0
1190100 1599.0
1190110 1598.1
1190120 1598.1
1190130 1597.1
1190140 1595.4
1190150 1595.4
1190160 1594.2
1190170 1592.5
1190180 1592.5
1190190 1590.8
1190200 1589.3
1190210 1589.3
1190220 1587.7
1190230 1586.5
1190240 1586.5
1190250 1585.2
1190260 1584.1
1190270 1584.1
1190280 1583.3
1190290 1582.6
1190300 1582.6
1190310 1581.7
1190320 1580.4
1190330 1579.5
1190340 1579.5
1190350 1579.2
1190360 1578.9
1190370 1578.9
1190380 1578.2
1190390 1577.5
1190400 1577.5
1190410 1577.4
1190420 1577.8
1190430 1577.8
1190440 1577.2
1190450 1575.9
1190460 1575.9
1190470 1575.4
1190480 1573.5
1190490 1573.5
1190500 1572.3
1190510 1572.1
1190520 1572.1
1190530 1571.7
1190540 1571.7
1190550 1571.7
1190560 1573.2
1190570 1575.7
1190580 1575.7
1190590 1577.4
1190600 1579.4
1190610 1581.5
1190620 1581.5
1190630 1583.5
1190640 1585.2
1190650 1585.2
1190660 1587.0
1190670 1589.2
1190680 1589.2
1190690 1592.4
1190700 1594.8
1190710 1594.8
1190720 1595.0
1190730 1595.4
1190740 1595.4
1190750 1596.5
1190760 1597.9
1190770 1597.9
1190780 1599.2
1190790 1599.3
1190800 1599.3
1190810 1599.6
1190820 1599.6
1190830 1599.6
1190840 1599.6
1190850 1598.5
1190860 1598.5
1190870 1598.2
1190880 1594.6
1190890 1595.6
1190900 1595.6
1190910 1593.6
1190920 1592.3
1190930 1592.3
1190940 1593.5
1190950 1595.8
1190960 1595.8
1190970 1598.4
1190980 1600.6
1190990 1600.6
1191000 1602.4
1191010 1604.3
1191020 1604.3
1191030 1605.8
1191040 1606.5
1191050 1606.5
1191060 1605.5
1191070 1605.7
1191080 1605.7
1191090 1606.8
1191100 1606.3
1191110 1606.3
1191120 1606.7
1191130 1607.6
1191140 1607.6
1191150 1609.4
1191160 1610.7
1191170 1617.5
1191180 1617.5
1191190 1624.9
1191200 1630.9
1191210 1630.9
1191220 1632.9
1191230 1630.5
1191240 1630.5
1191250 1627.0
1191260 1627.8
1191270 1627.8
1191280 1629.8
1191290 1625.3
1191300 1625.3
1191310 1627.3
1191320 1630.7
1191330 1630.7
1191340 1628.7
1191350 1630.0
1191360 1630.0
1191370 1632.3
1191380 1637.1
1191390 1637.1
1191400 1642.5
1191410 1648.3
1191420 1651.9
1191430 1651.9
1191440 1655.1
1191450 1655.7
1191460 1655.7
1191470 1654.9
1191480 1658.0
1191490 1658.0
1191500 1659.4
1191510 1660.2
1191520 1660.2
1191530 1662.5
1191540 1663.5
1191550 1663.5
1191560 1664.5
1191570 1667.8
1191580 1667.8
1191590 1671.9
1191600 1676.0
1191610 1676.0
1191620 1680.2
1191630 1686.3
1191640 1686.3
1191650 1694.0
1191660 1701.1
1191670 1701.1
1191680 1708.6
1191690 1714.3
1191700 1719.6
1191710 1719.6
1191720 1730.1
1191730 1745.8
1191740 1745.8
1191750 1760.1
1191760 1768.6
1191770 1768.6
1191780 1775.8
1191790 1784.5
1191800 1784.5
1191810 1796.7
1191820 1808.6
1191830 1808.6
1191840 1826.8
1191850 1845.8
1191860 1845.8
1191870 1851.1
1191880 1855.9
1191890 1855.9
1191900 1857.8
1191910 1858.3
1191920 1858.3
1191930 1860.0
1191940 1861.1
1191950 1861.1
1191960 1866.2
1191970 1875.8
1191980 1876.3
1191990 1876.3
1192000 1874.4
1192010 1873.9
1192020 1873.9
1192030 1873.3
1192040 1874.7
1192050 1874.7
1192060 1878.0
1192070 1883.7
1192080 1883.7
1192090 1896.5
1192100 1899.8
1192110 1899.8
1192120 1888.8
1192130 1873.9
1192140 1873.9
1192150 1857.9
1192160 1864.8
1192170 1864.8
1192180 1874.5
1192190 1884.9
1192200 1884.9
1192210 1895.3
1192220 1902.1
1192230 1902.1
1192240 1902.0
1192250 1896.2
1192260 1894.4
1192270 1894.4
1192280 1903.6
1192290 1923.3
1192300 1923.3
1192310 1939.7
1192320 1946.7
1192330 1946.7
1192340 1948.3
1192350 1944.5
1192360 1944.5
1192370 1936.6
1192380 1930.9
1192390 1930.9
1192400 1923.1
1192410 1910.0
1192420 1910.0
1192430 1902.1
1192440 1903.4
1192450 1903.4
1192460 1918.7
1192470 1945.4
1192480 1945.4
1192490 1959.0
1192500 1951.1
1192510 1942.8
1192520 1942.8
1192530 1940.7
1192540 1953.5
1192550 1953.5
1192560 1955.5
1192570 1957.0
1192580 1957.0
1192590 1960.8
1192600 1966.1
1192610 1966.1
1192620 1964.3
1192630 1970.3
1192640 1970.3
1192650 1972.3
1192660 1967.2
1192670 1967.2
1192680 1964.6
1192690 1966.9
1192700 1966.9
1192710 1969.0
1192720 1964.8
1192730 1964.8
1192740 1957.3
1192750 1952.4
1192760 1952.4
1192770 1949.8
1192780 1952.5
1192790 1952.0
1192800 1952.0
1192810 1948.0
1192820 1945.3
1192830 1945.3
1192840 1940.7
1192850 1934.7
1192860 1934.7
1192870 1927.7
1192880 1920.9
1192890 1920.9
1192900 1914.1
1192910 1912.0
1192920 1912.0
1192930 1917.1
1192940 1921.5
1192950 1921.5
1192960 1922.9
1192970 1916.8
1192980 1916.8
1192990 1905.6
1193000 1898.8
1193010 1898.8
1193020 1897.1
1193030 1898.4
1193040 1898.4
1193050 1900.6
1193060 1890.8
1193070 1883.3
1193080 1883.3
1193090 1870.9
1193100 1855.6
1193110 1855.6
1193120 1845.8
1193130 1837.5
1193140 1837.5
1193150 1830.3
1193160 1822.9
1193170 1822.9
1193180 1815.2
1193190 1806.4
1193200 1806.4
1193210 1796.5
1193220 1787.7
1193230 1787.7
1193240 1782.2
1193250 1776.5
1193260 1776.5
1193270 1769.3
1193280 1762.6
1193290 1762.6
1193300 1755.4
1193310 1748.0
1193320 1748.0
1193330 1739.9
1193340 1730.0
1193350 1717.2
1193360 1717.2
1193370 1703.3
1193380 1692.8
1193390 1692.8
1193400 1682.2
1193410 1671.5
1193420 1671.5
1193430 1662.3
1193440 1652.8
1193450 1652.8
1193460 1629.6
1193470 1608.2
1193480 1608.2
1193490 1612.9
1193500 1605.5
1193510 1605.5
1193520 1590.1
1193530 1576.1
1193540 1576.1
1193550 1566.2
1193560 1558.8
1193570 1558.8
1193580 1549.6
1193590 1540.9
1193600 1534.4
1193610 1534.4
1193620 1529.0
1193630 1522.8
1193640 1522.8
1193650 1516.3
1193660 1510.9
1193670 1510.9
1193680 1507.8
1193690 1504.3
1193700 1504.3
1193710 1499.7
1193720 1494.4
1193730 1494.4
1193740 1488.5
1193750 1482.3
1193760 1482.3
1193770 1475.8
1193780 1468.9
1193790 1468.9
1193800 1461.9
1193810 1455.4
1193820 1455.4
1193830 1448.8
1193840 1442.4
1193850 1442.4
1193860 1436.8
1193870 1430.5
1193880 1423.7
1193890 1423.7
1193900 1416.7
1193910 1408.9
1193920 1408.9
1193930 1399.8
1193940 1393.0
1193950 1393.0
1193960 1386.2
1193970 1379.6
1193980 1379.6
1193990 1372.7
1194000 1366.9
1194010 1366.9
1194020 1362.1
1194030 1356.8
1194040 1356.8
1194050 1349.3
1194060 1340.9
1194070 1340.9
1194080 1333.2
1194090 1325.1
1194100 1325.1
1194110 1317.5
1194120 1308.0
1194130 1308.0
1194140 1300.7
1194150 1293.1
1194160 1283.6
1194170 1283.6
1194180 1274.4
1194190 1265.1
1194200 1265.1
1194210 1246.3
1194220 1242.0
1194230 1242.0
1194240 1249.5
1194250 1257.9
1194260 1257.9
1194270 1267.0
1194280 1279.3
1194290 1279.3
1194300 1292.9
1194310 1308.8
1194320 1308.8
1194330 1318.9
1194340 1328.3
1194350 1328.3
1194360 1336.1
1194370 1340.8
1194380 1340.8
1194390 1349.2
1194400 1357.3
1194410 1357.3
1194420 1364.9
1194430 1372.8
1194440 1380.2
1194450 1380.2
1194460 1387.3
1194470 1394.7
1194480 1394.7
1194490 1401.4
1194500 1408.1
1194510 1408.1
1194520 1415.0
1194530 1421.9
1194540 1421.9
1194550 1430.0
1194560 1438.1
1194570 1438.1
1194580 1448.4
1194590 1462.2
1194600 1462.2
1194610 1471.0
1194620 1477.4
1194630 1477.4
1194640 1482.1
1194650 1487.1
1194660 1487.1
1194670 1492.6
1194680 1497.9
1194690 1502.8
1194700 1502.8
1194710 1507.2
1194720 1512.5
1194730 1512.5
1194740 1519.0
1194750 1523.8
1194760 1523.8
1194770 1528.1
1194780 1531.9
1194790 1531.9
1194800 1535.4
1194810 1531.7
1194820 1531.7
1194830 1535.6
1194840 1539.3
1194850 1539.3
1194860 1542.8
1194870 1547.8
1194880 1547.8
1194890 1551.1
1194900 1554.3
1194910 1554.3
1194920 1556.7
1194930 1557.7
1194940 1557.7
1194950 1558.0
1194960 1558.2
1194970 1556.6
1194980 1556.6
1194990 1554.2
1195000 1551.1
1195010 1551.1
1195020 1547.0
1195030 1543.8
1195040 1543.8
1195050 1540.4
1195060 1537.7
1195070 1537.7
1195080 1538.1
1195090 1538.5
1195100 1538.5
1195110 1539.2
1195120 1539.0
1195130 1539.0
1195140 1537.5
1195150 1537.3
1195160 1537.3
1195170 1537.7
1195180 1536.6
1195190 1536.6
1195200 1536.6
1195210 1539.4
1195220 1539.4
1195230 1539.8
1195240 1536.5
1195250 1529.6
1195260 1529.6
1195270 1531.0
1195280 1530.9
1195290 1530.9
1195300 1531.3
1195310 1536.0
1195320 1536.0
1195330 1542.5
1195340 1544.1
1195350 1544.1
1195360 1544.6
1195370 1545.7
1195380 1545.7
1195390 1547.0
1195400 1548.3
1195410 1548.3
1195420 1549.6
1195430 1549.3
1195440 1549.3
1195450 1546.1
1195460 1541.7
1195470 1541.7
1195480 1537.2
1195490 1531.5
1195500 1531.5
1195510 1524.8
1195520 1518.8
1195530 1513.1
1195540 1513.1
1195550 1507.8
1195560 1500.9
1195570 1500.9
1195580 1485.6
1195590 1484.7
1195600 1484.7
1195610 1490.7
1195620 1488.4
1195630 1488.4
1195640 1484.6
1195650 1481.3
1195660 1481.3
1195670 1495.2
1195680 1499.0
1195690 1490.4
1195700 1492.0
1195710 1492.9
1195720 1492.9
1195730 1488.1
1195740 1490.5
1195750 1490.5
1195760 1498.9
1195770 1511.9
1195780 1520.2
1195790 1520.2
1195800 1525.0
1195810 1528.9
1195820 1528.9
1195830 1528.2
1195840 1528.8
1195850 1528.8
1195860 1535.1
1195870 1545.9
1195880 1545.9
1195890 1558.7
1195900 1566.7
1195910 1566.7
1195920 1571.1
1195930 1574.8
1195940 1574.8
1195950 1577.1
1195960 1576.9
1195970 1576.9
1195980 1576.1
1195990 1576.4
1196000 1576.4
1196010 1577.1
1196020 1577.5
1196030 1577.5
1196040 1575.6
1196050 1572.4
1196060 1570.0
1196070 1570.0
1196080 1568.6
1196090 1567.8
1196100 1567.8
1196110 1562.5
1196120 1563.0
1196130 1558.1
1196140 1569.0
1196150 1571.5
1196160 1571.5
1196170 1574.1
1196180 1580.6
1196190 1580.6
1196200 1585.2
1196210 1587.4
1196220 1587.4
1196230 1588.5
1196240 1588.7
1196250 1588.7
1196260 1588.0
1196270 1586.9
1196280 1586.9
1196290 1584.0
1196300 1581.2
1196310 1581.2
1196320 1578.7
1196330 1574.2
1196340 1568.9
1196350 1568.9
1196360 1562.7
1196370 1557.0
1196380 1557.0
1196390 1552.8
1196400 1549.2
1196410 1549.2
1196420 1541.9
1196430 1538.6
1196440 1538.6
1196450 1539.4
1196460 1537.5
1196470 1537.5
1196480 1524.6
1196490 1511.4
1196500 1511.4
1196510 1505.2
1196520 1505.1
1196530 1505.1
1196540 1518.7
1196550 1535.3
1196560 1535.3
1196570 1543.9
1196580 1553.3
1196590 1553.3
1196600 1562.8
1196610 1570.9
1196620 1574.9
1196630 1574.9
1196640 1579.4
1196650 1584.0
1196660 1584.0
1196670 1587.5
1196680 1588.3
1196690 1588.3
1196700 1587.2
1196710 1586.7
1196720 1586.7
1196730 1589.7
1196740 1592.0
1196750 1592.0
1196760 1592.2
1196770 1591.7
1196780 1591.7
1196790 1590.9
1196800 1589.8
1196810 1589.8
1196820 1589.2
1196830 1590.4
1196840 1590.4
1196850 1594.1
1196860 1598.0
1196870 1602.1
1196880 1602.1
1196890 1605.4
1196900 1608.0
1196910 1608.0
1196920 1611.7
1196930 1615.5
1196940 1615.5
1196950 1618.1
1196960 1619.2
1196970 1619.2
1196980 1619.5
1196990 1619.0
1197000 1619.0
1197010 1617.8
1197020 1610.4
1197030 1610.4
1197040 1608.6
1197050 1608.3
1197060 1608.3
1197070 1608.1
1197080 1608.2
1197090 1608.2
1197100 1608.0
1197110 1606.0
1197120 1606.0
1197130 1600.9
1197140 1594.2
1197150 1584.7
1197160 1584.7
1197170 1573.5
1197180 1565.8
1197190 1565.8
1197200 1560.6
1197210 1555.8
1197220 1555.8
1197230 1555.2
1197240 1557.8
1197250 1557.8
1197260 1559.4
1197270 1557.9
1197280 1557.9
1197290 1556.4
1197300 1555.1
1197310 1555.1
1197320 1555.8
1197330 1560.1
1197340 1560.1
1197350 1565.3
1197360 1570.6
1197370 1570.6
1197380 1570.3
1197390 1568.7
1197400 1568.7
1197410 1565.4
1197420 1561.0
1197430 1557.8
1197440 1557.8
1197450 1554.8
1197460 1546.8
1197470 1546.8
1197480 1544.8
1197490 1542.4
1197500 1542.4
1197510 1540.3
1197520 1538.5
1197530 1538.5
1197540 1536.0
1197550 1532.3
1197560 1532.3
1197570 1528.1
1197580 1525.2
1197590 1525.2
1197600 1523.9
1197610 1523.4
1197620 1523.4
1197630 1522.4
1197640 1521.3
1197650 1521.3
1197660 1519.7
1197670 1517.7
1197680 1517.7
1197690 1514.7
1197700 1511.6
1197710 1508.2
1197720 1508.2
1197730 1503.0
1197740 1499.1
1197750 1499.1
1197760 1500.4
1197770 1501.5
1197780 1501.5
1197790 1501.5
1197800 1500.2
1197810 1500.2
1197820 1497.4
1197830 1491.4
1197840 1491.4
1197850 1483.5
1197860 1475.8
1197870 1475.8
1197880 1468.3
1197890 1460.1
1197900 1461.6
1197910 1451.7
1197920 1443.4
1197930 1443.4
1197940 1434.7
1197950 1427.0
1197960 1422.6
1197970 1422.6
1197980 1421.4
1197990 1419.9
1198000 1419.9
1198010 1417.5
1198020 1415.9
1198030 1415.9
1198040 1415.1
1198050 1416.3
1198060 1416.3
1198070 1419.8
1198080 1424.2
1198090 1424.2
1198100 1425.7
1198110 1424.6
1198120 1424.6
1198130 1424.6
1198140 1429.9
1198150 1429.9
1198160 1431.8
1198170 1425.4
1198180 1425.4
1198190 1418.6
1198200 1412.9
1198210 1412.9
1198220 1412.6
1198230 1413.1
1198240 1414.7
1198250 1414.7
1198260 1417.1
1198270 1420.1
1198280 1420.1
1198290 1423.9
1198300 1428.5
1198310 1428.5
1198320 1433.3
1198330 1431.9
1198340 1431.9
1198350 1421.1
1198360 1415.1
1198370 1415.1
1198380 1410.9
1198390 1407.2
1198400 1407.2
1198410 1404.2
1198420 1402.4
1198430 1402.4
1198440 1399.8
1198450 1396.8
1198460 1396.8
1198470 1393.0
1198480 1389.0
1198490 1389.0
1198500 1385.0
1198510 1382.6
1198520 1380.1
1198530 1380.1
1198540 1377.4
1198550 1377.8
1198560 1377.8
1198570 1379.8
1198580 1380.4
1198590 1380.4
1198600 1378.4
1198610 1371.9
1198620 1371.9
1198630 1370.5
1198640 1373.6
1198650 1373.6
1198660 1377.9
1198670 1383.8
1198680 1383.8
1198690 1389.6
1198700 1396.1
1198710 1396.1
1198720 1403.1
1198730 1409.9
1198740 1409.9
1198750 1408.9
1198760 1403.0
1198770 1403.0
1198780 1398.2
1198790 1389.5
1198800 1385.5
1198810 1385.5
1198820 1383.9
1198830 1383.0
1198840 1383.0
1198850 1383.1
1198860 1386.0
1198870 1386.0
1198880 1390.3
1198890 1395.0
1198900 1395.0
1198910 1400.2
1198920 1405.0
1198930 1405.0
1198940 1409.7
1198950 1413.8
1198960 1413.8
1198970 1415.8
1198980 1414.8
1198990 1414.8
1199000 1410.9
1199010 1409.6
1199020 1409.6
1199030 1408.4
1199040 1404.0
1199050 1399.3
1199060 1399.3
1199070 1400.8
1199080 1404.4
1199090 1404.4
1199100 1405.4
1199110 1399.9
1199120 1399.9
1199130 1393.1
1199140 1386.8
1199150 1386.8
1199160 1382.7
1199170 1381.8
1199180 1381.8
1199190 1382.9
1199200 1384.1
1199210 1384.1
1199220 1385.2
1199230 1383.8
1199240 1375.6
1199250 1367.6
1199260 1355.7
1199270 1355.7
1199280 1360.0
1199290 1370.4
1199300 1370.4
1199310 1388.8
1199320 1393.7
1199330 1394.8
1199340 1394.8
1199350 1394.8
1199360 1392.2
1199370 1392.2
1199380 1388.1
1199390 1385.1
1199400 1385.1
1199410 1381.8
1199420 1380.4
1199430 1380.4
1199440 1384.7
1199450 1389.6
1199460 1389.6
1199470 1394.8
1199480 1397.6
1199490 1397.6
1199500 1397.9
1199510 1395.9
1199520 1395.9
1199530 1395.2
1199540 1394.4
1199550 1394.4
1199560 1394.0
1199570 1392.0
1199580 1392.0
1199590 1388.5
1199600 1386.2
1199610 1384.1
1199620 1384.1
1199630 1381.9
1199640 1380.3
1199650 1380.3
1199660 1378.1
1199670 1377.5
1199680 1377.5
1199690 1371.9
1199700 1372.5
1199710 1372.5
1199720 1374.8
1199730 1377.3
1199740 1377.3
1199750 1379.4
1199760 1385.5
1199770 1385.5
1199780 1399.2
1199790 1401.2
1199800 1401.2
1199810 1398.2
1199820 1397.9
1199830 1397.9
1199840 1398.1
1199850 1399.7
1199860 1399.7
1199870 1401.0
1199880 1400.7
1199890 1402.0
1199900 1402.0
1199910 1404.5
1199920 1406.0
1199930 1406.0
1199940 1406.5
1199950 1405.0
1199960 1405.0
1199970 1405.0
1199980 1407.1
1199990 1407.1
