1180000 1390.5
1180010 1390.5
1180020 1392.1
1180030 1396.0
1180040 1396.0
1180050 1400.7
1180060 1405.7
1180070 1405.7
1180080 1408.3
1180090 1410.0
1180100 1410.0
1180110 1409.1
1180120 1406.8
1180130 1406.8
1180140 1404.4
1180150 1402.4
1180160 1402.4
1180170 1404.0
1180180 1404.3
1180190 1404.3
1180200 1404.8
1180210 1406.7
1180220 1406.7
1180230 1408.9
1180240 1411.0
1180250 1411.0
1180260 1412.4
1180270 1413.9
1180280 1415.1
1180290 1415.1
1180300 1415.4
1180310 1415.2
1180320 1415.2
1180330 1414.3
1180340 1412.7
1180350 1412.7
1180360 1410.9
1180370 1409.5
1180380 1409.5
1180390 1407.9
1180400 1407.0
1180410 1407.0
1180420 1404.8
1180430 1402.6
1180440 1402.6
1180450 1401.7
1180460 1401.4
1180470 1401.4
1180480 1402.7
1180490 1404.0
1180500 1404.0
1180510 1403.8
1180520 1404.5
1180530 1404.5
1180540 1404.0
1180550 1402.7
1180560 1401.8
1180570 1396.0
1180580 1394.4
1180590 1390.5
1180600 1390.5
1180610 1386.1
1180620 1382.1
1180630 1382.1
1180640 1378.2
1180650 1376.3
1180660 1376.3
1180670 1375.5
1180680 1372.2
1180690 1372.2
1180700 1374.8
1180710 1378.7
1180720 1378.7
1180730 1382.1
1180740 1387.3
1180750 1387.3
1180760 1390.6
1180770 1391.1
1180780 1391.1
1180790 1394.8
1180800 1401.0
1180810 1404.9
1180820 1404.9
1180830 1407.3
1180840 1410.2
1180850 1410.2
1180860 1414.8
1180870 1418.3
1180880 1418.3
1180890 1419.4
1180900 1420.7
1180910 1420.7
1180920 1423.7
1180930 1427.2
1180940 1427.2
1180950 1431.9
1180960 1435.3
1180970 1435.3
1180980 1437.9
1180990 1434.1
1181000 1434.1
1181010 1432.3
1181020 1429.3
1181030 1429.3
1181040 1432.0
1181050 1438.6
1181060 1438.6
1181070 1443.5
1181080 1445.9
1181090 1448.3
1181100 1448.3
1181110 1450.7
1181120 1453.5
1181130 1453.5
1181140 1455.4
1181150 1456.1
1181160 1456.1
1181170 1458.5
1181180 1460.1
1181190 1460.1
1181200 1459.7
1181210 1460.3
1181220 1460.3
1181230 1462.2
1181240 1464.0
1181250 1464.0
1181260 1466.1
1181270 1467.6
1181280 1467.6
1181290 1468.4
1181300 1470.1
1181310 1470.1
1181320 1472.5
1181330 1475.5
1181340 1475.5
1181350 1479.8
1181360 1481.7
1181370 1481.8
1181380 1481.8
1181390 1480.2
1181400 1480.3
1181410 1472.7
1181420 1474.2
1181430 1475.6
1181440 1475.6
1181450 1475.4
1181460 1474.7
1181470 1474.7
1181480 1474.3
1181490 1473.9
1181500 1473.9
1181510 1472.8
1181520 1472.5
1181530 1472.5
1181540 1473.0
1181550 1473.1
1181560 1473.1
1181570 1473.8
1181580 1475.3
1181590 1475.3
1181600 1473.8
1181610 1473.7
1181620 1473.7
1181630 1475.4
1181640 1476.3
1181650 1477.0
1181660 1477.0
1181670 1478.6
1181680 1478.7
1181690 1478.7
1181700 1478.1
1181710 1477.9
1181720 1477.9
1181730 1477.7
1181740 1476.7
1181750 1476.7
1181760 1475.1
1181770 1474.5
1181780 1474.5
1181790 1481.1
1181800 1484.1
1181810 1484.1
1181820 1485.3
1181830 1480.4
1181840 1480.4
1181850 1480.0
1181860 1479.9
1181870 1479.9
1181880 1479.6
1181890 1479.0
1181900 1479.0
1181910 1478.4
1181920 1479.2
1181930 1479.1
1181940 1479.1
1181950 1477.7
1181960 1477.0
1181970 1477.0
1181980 1476.1
1181990 1477.9
1182000 1477.9
1182010 1479.8
1182020 1480.4
1182030 1480.4
1182040 1478.3
1182050 1476.3
1182060 1476.3
1182070 1474.4
1182080 1472.9
1182090 1472.9
1182100 1474.8
1182110 1476.2
1182120 1476.2
1182130 1476.9
1182140 1477.8
1182150 1477.8
1182160 1478.3
1182170 1478.1
1182180 1478.1
1182190 1477.4
1182200 1477.1
1182210 1474.9
1182220 1474.9
1182230 1471.1
1182240 1469.4
1182250 1463.4
1182260 1462.9
1182270 1463.7
1182280 1463.7
1182290 1462.9
1182300 1461.2
1182310 1461.2
1182320 1457.4
1182330 1453.4
1182340 1453.4
1182350 1449.6
1182360 1449.3
1182370 1449.3
1182380 1449.4
1182390 1450.9
1182400 1450.9
1182410 1452.0
1182420 1453.5
1182430 1453.5
1182440 1454.6
1182450 1456.0
1182460 1456.0
1182470 1457.1
1182480 1457.7
1182490 1458.6
1182500 1458.6
1182510 1458.0
1182520 1456.2
1182530 1456.2
1182540 1456.3
1182550 1454.9
1182560 1454.9
1182570 1454.2
1182580 1451.3
1182590 1451.3
1182600 1447.8
1182610 1446.3
1182620 1446.3
1182630 1446.6
1182640 1447.2
1182650 1447.2
1182660 1447.7
1182670 1450.2
1182680 1450.2
1182690 1453.6
1182700 1457.4
1182710 1457.4
1182720 1461.5
1182730 1464.0
1182740 1464.0
1182750 1466.2
1182760 1468.9
1182770 1473.9
1182780 1473.9
1182790 1480.4
1182800 1485.3
1182810 1485.3
1182820 1493.0
1182830 1496.9
1182840 1496.9
1182850 1498.1
1182860 1496.4
1182870 1496.4
1182880 1502.8
1182890 1507.0
1182900 1507.0
1182910 1510.8
1182920 1516.0
1182930 1516.0
1182940 1519.6
1182950 1520.8
1182960 1520.8
1182970 1520.6
1182980 1522.6
1182990 1522.6
1183000 1522.1
1183010 1518.3
1183020 1514.1
1183030 1514.1
1183040 1510.6
1183050 1511.9
1183060 1511.9
1183070 1516.6
1183080 1520.6
1183090 1520.6
1183100 1530.1
1183110 1533.1
1183120 1533.1
1183130 1535.3
1183140 1541.2
1183150 1541.2
1183160 1550.2
1183170 1557.1
1183180 1557.1
1183190 1562.9
1183200 1568.3
1183210 1568.3
1183220 1573.8
1183230 1577.9
1183240 1577.9
1183250 1581.7
1183260 1584.9
1183270 1584.9
1183280 1585.1
1183290 1591.8
1183300 1598.7
1183310 1598.7
1183320 1605.9
1183330 1611.0
1183340 1611.0
1183350 1612.7
1183360 1615.4
1183370 1615.4
1183380 1616.1
1183390 1617.2
1183400 1617.2
1183410 1623.5
1183420 1626.3
1183430 1626.3
1183440 1627.9
1183450 1629.8
1183460 1629.8
1183470 1634.1
1183480 1636.0
1183490 1636.0
1183500 1637.0
1183510 1638.5
1183520 1644.3
1183530 1644.6
1183540 1646.1
1183550 1646.1
1183560 1650.2
1183570 1650.8
1183580 1649.2
1183590 1649.2
1183600 1644.6
1183610 1634.7
1183620 1634.7
1183630 1627.1
1183640 1628.9
1183650 1628.9
1183660 1637.6
1183670 1648.1
1183680 1648.1
1183690 1656.0
1183700 1660.5
1183710 1660.5
1183720 1665.4
1183730 1671.7
1183740 1671.7
1183750 1678.5
1183760 1685.2
1183770 1685.2
1183780 1692.8
1183790 1700.3
1183800 1700.3
1183810 1706.9
1183820 1711.4
1183830 1711.4
1183840 1714.0
1183850 1718.9
1183860 1726.4
1183870 1726.4
1183880 1733.2
1183890 1738.3
1183900 1738.3
1183910 1743.1
1183920 1747.7
1183930 1747.7
1183940 1755.0
1183950 1759.6
1183960 1759.6
1183970 1764.5
1183980 1769.0
1183990 1769.0
1184000 1773.5
1184010 1777.4
1184020 1777.4
1184030 1781.0
1184040 1783.7
1184050 1783.7
1184060 1785.4
1184070 1785.8
1184080 1785.8
1184090 1787.4
1184100 1788.7
1184110 1788.7
1184120 1788.1
1184130 1791.0
1184140 1790.2
1184150 1790.2
1184160 1796.6
1184170 1803.7
1184180 1803.7
1184190 1803.4
1184200 1808.4
1184210 1808.4
1184220 1811.5
1184230 1811.3
1184240 1811.3
1184250 1808.2
1184260 1800.8
1184270 1800.8
1184280 1795.9
1184290 1794.8
1184300 1794.8
1184310 1799.3
1184320 1804.1
1184330 1804.1
1184340 1806.4
1184350 1801.9
1184360 1801.9
1184370 1805.3
1184380 1805.1
1184390 1805.1
1184400 1803.0
1184410 1808.8
1184420 1815.6
1184430 1815.6
1184440 1817.1
1184450 1821.6
1184460 1821.6
1184470 1825.6
1184480 1829.8
1184490 1829.8
1184500 1831.7
1184510 1824.5
1184520 1824.5
1184530 1819.6
1184540 1821.3
1184550 1821.3
1184560 1825.6
1184570 1824.7
1184580 1824.7
1184590 1818.6
1184600 1820.8
1184610 1820.8
1184620 1818.9
1184630 1816.7
1184640 1816.7
1184650 1824.0
1184660 1823.3
1184670 1823.3
1184680 1823.5
1184690 1823.6
1184700 1816.7
1184710 1816.7
1184720 1806.7
1184730 1801.7
1184740 1801.7
1184750 1806.4
1184760 1804.7
1184770 1804.7
1184780 1807.4
1184790 1803.3
1184800 1803.3
1184810 1783.6
1184820 1783.5
1184830 1783.5
1184840 1785.0
1184850 1785.3
1184860 1785.3
1184870 1780.7
1184880 1773.8
1184890 1773.8
1184900 1763.0
1184910 1754.6
1184920 1754.6
1184930 1760.3
1184940 1764.4
1184950 1764.4
1184960 1761.0
1184970 1760.1
1184980 1761.9
1184990 1761.9
1185000 1760.8
1185010 1756.1
1185020 1756.1
1185030 1752.6
1185040 1750.3
1185050 1750.3
1185060 1754.5
1185070 1761.5
1185080 1761.5
1185090 1768.4
1185100 1775.7
1185110 1775.7
1185120 1780.9
1185130 1779.7
1185140 1779.7
1185150 1777.4
1185160 1775.4
1185170 1775.4
1185180 1773.6
1185190 1771.4
1185200 1771.4
1185210 1768.9
1185220 1767.2
1185230 1767.2
1185240 1759.3
1185250 1753.3
1185260 1750.8
1185270 1750.8
1185280 1752.3
1185290 1754.9
1185300 1754.9
1185310 1754.0
1185320 1751.8
1185330 1751.8
1185340 1749.7
1185350 1749.1
1185360 1749.1
1185370 1748.1
1185380 1746.3
1185390 1746.3
1185400 1743.7
1185410 1742.1
1185420 1742.1
1185430 1741.9
1185440 1741.3
1185450 1741.3
1185460 1740.1
1185470 1739.0
1185480 1739.0
1185490 1737.3
1185500 1736.2
1185510 1736.3
1185520 1736.3
1185530 1734.1
1185540 1732.8
1185550 1732.8
1185560 1732.5
1185570 1730.4
1185580 1730.4
1185590 1728.7
1185600 1727.0
1185610 1727.0
1185620 1725.9
1185630 1725.3
1185640 1733.2
1185650 1733.1
1185660 1730.3
1185670 1730.3
1185680 1726.5
1185690 1722.4
1185700 1722.4
1185710 1721.1
1185720 1723.0
1185730 1723.0
1185740 1724.0
1185750 1722.2
1185760 1722.2
1185770 1719.0
1185780 1719.0
1185790 1717.8
1185800 1717.8
1185810 1716.5
1185820 1715.6
1185830 1715.6
1185840 1714.6
1185850 1715.3
1185860 1715.3
1185870 1716.8
1185880 1721.1
1185890 1721.1
1185900 1724.7
1185910 1726.9
1185920 1726.9
1185930 1728.8
1185940 1731.3
1185950 1731.3
1185960 1733.9
1185970 1736.4
1185980 1736.4
1185990 1739.0
1186000 1741.5
1186010 1741.5
1186020 1743.4
1186030 1745.6
1186040 1745.6
1186050 1747.7
1186060 1749.0
1186070 1756.4
1186080 1756.4
1186090 1757.8
1186100 1758.7
1186110 1758.7
1186120 1759.6
1186130 1760.7
1186140 1760.7
1186150 1762.0
1186160 1763.1
1186170 1763.1
1186180 1763.8
1186190 1764.8
1186200 1764.8
1186210 1765.7
1186220 1766.7
1186230 1766.7
1186240 1767.6
1186250 1767.8
1186260 1767.8
1186270 1767.8
1186280 1767.4
1186290 1767.4
1186300 1766.9
1186310 1767.0
1186320 1767.0
1186330 1768.2
1186340 1769.4
1186350 1769.3
1186360 1769.3
1186370 1769.1
1186380 1770.0
1186390 1770.0
1186400 1771.2
1186410 1773.1
1186420 1773.1
1186430 1774.7
1186440 1776.5
1186450 1776.5
1186460 1778.2
1186470 1775.8
1186480 1775.8
1186490 1778.8
1186500 1780.2
1186510 1780.2
1186520 1782.6
1186530 1786.2
1186540 1786.2
1186550 1788.8
1186560 1790.1
1186570 1790.1
1186580 1792.8
1186590 1796.2
1186600 1796.2
1186610 1799.7
1186620 1803.8
1186630 1807.9
1186640 1807.9
1186650 1811.7
1186660 1816.0
1186670 1816.0
1186680 1820.5
1186690 1824.2
1186700 1824.2
1186710 1828.2
1186720 1834.7
1186730 1834.7
1186740 1842.8
1186750 1850.2
1186760 1850.2
1186770 1856.4
1186780 1862.2
1186790 1862.2
1186800 1866.8
1186810 1871.6
1186820 1871.6
1186830 1878.4
1186840 1888.9
1186850 1888.9
1186860 1896.7
1186870 1902.8
1186880 1902.8
1186890 1908.0
1186900 1911.5
1186910 1914.0
1186920 1923.0
1186930 1926.8
1186940 1931.1
1186950 1931.1
1186960 1934.0
1186970 1936.2
1186980 1936.2
1186990 1938.5
1187000 1940.2
1187010 1940.2
1187020 1941.5
1187030 1944.0
1187040 1944.0
1187050 1947.4
1187060 1952.2
1187070 1952.2
1187080 1958.4
1187090 1964.9
1187100 1964.9
1187110 1971.0
1187120 1976.0
1187130 1976.0
1187140 1978.9
1187150 1980.2
1187160 1980.2
1187170 1980.6
1187180 1980.9
1187190 1981.7
1187200 1981.7
1187210 1979.4
1187220 1977.3
1187230 1977.3
1187240 1976.4
1187250 1976.1
1187260 1976.1
1187270 1977.4
1187280 1978.7
1187290 1978.7
1187300 1980.6
1187310 1982.6
1187320 1982.6
1187330 1984.2
1187340 1986.1
1187350 1989.0
1187360 1993.2
1187370 1996.3
1187380 1996.3
1187390 1999.8
1187400 2004.6
1187410 2004.6
1187420 2010.5
1187430 2017.1
1187440 2023.6
1187450 2023.6
1187460 2028.6
1187470 2031.8
1187480 2031.8
1187490 2032.5
1187500 2032.9
1187510 2032.9
1187520 2034.8
1187530 2037.0
1187540 2037.0
1187550 2039.2
1187560 2043.5
1187570 2043.5
1187580 2044.6
1187590 2044.5
1187600 2044.5
1187610 2044.2
1187620 2042.6
1187630 2042.6
1187640 2039.6
1187650 2036.1
1187660 2036.1
1187670 2031.8
1187680 2027.3
1187690 2027.3
1187700 2023.0
1187710 2019.6
1187720 2016.8
1187730 2016.8
1187740 2014.4
1187750 2012.3
1187760 2012.3
1187770 2010.7
1187780 2007.3
1187790 2007.3
1187800 2007.6
1187810 2008.6
1187820 2008.6
1187830 2009.7
1187840 2011.7
1187850 2011.7
1187860 2013.8
1187870 2015.6
1187880 2015.6
1187890 2017.6
1187900 2019.4
1187910 2019.4
1187920 2020.6
1187930 2021.8
1187940 2021.8
1187950 2024.1
1187960 2027.1
1187970 2027.1
1187980 2028.2
1187990 2025.2
1188000 2022.3
1188010 2022.3
1188020 2024.8
1188030 2029.0
1188040 2029.0
1188050 2032.7
1188060 2036.0
1188070 2036.0
1188080 2040.3
1188090 2042.8
1188100 2042.8
1188110 2044.5
1188120 2046.8
1188130 2046.8
1188140 2047.9
1188150 2049.1
1188160 2049.1
1188170 2050.6
1188180 2052.7
1188190 2052.7
1188200 2054.1
1188210 2058.2
1188220 2058.2
1188230 2060.1
1188240 2062.7
1188250 2062.7
1188260 2065.8
1188270 2068.9
1188280 2071.8
1188290 2071.8
1188300 2075.0
1188310 2077.7
1188320 2077.7
1188330 2080.4
1188340 2082.6
1188350 2082.6
1188360 2086.3
1188370 2092.5
1188380 2092.5
1188390 2098.9
1188400 2105.3
1188410 2105.3
1188420 2111.6
1188430 2118.2
1188440 2118.2
1188450 2125.0
1188460 2131.8
1188470 2131.8
1188480 2138.3
1188490 2144.3
1188500 2144.3
1188510 2150.2
1188520 2155.9
1188530 2155.9
1188540 2160.9
1188550 2164.9
1188560 2169.3
1188570 2169.3
1188580 2171.7
1188590 2178.2
1188600 2178.2
1188610 2181.1
1188620 2179.2
1188630 2179.2
1188640 2193.1
1188650 2198.9
1188660 2198.9
1188670 2213.8
1188680 2231.9
1188690 2231.9
1188700 2246.7
1188710 2252.6
1188720 2252.6
1188730 2258.5
1188740 2265.3
1188750 2265.3
1188760 2267.2
1188770 2265.3
1188780 2265.3
1188790 2262.6
1188800 2263.8
1188810 2263.8
1188820 2288.3
1188830 2334.5
1188840 2340.3
1188850 2340.3
1188860 2349.0
1188870 2372.0
1188880 2372.0
1188890 2396.6
1188900 2418.2
1188910 2418.2
1188920 2429.2
1188930 2441.2
1188940 2441.2
1188950 2452.2
1188960 2463.4
1188970 2463.4
1188980 2485.0
1188990 2492.6
1189000 2492.6
1189010 2492.0
1189020 2493.2
1189030 2493.2
1189040 2498.4
1189050 2503.4
1189060 2503.4
1189070 2510.4
1189080 2516.9
1189090 2516.9
1189100 2510.6
1189110 2509.4
1189120 2505.6
1189130 2505.6
1189140 2500.8
1189150 2501.7
1189160 2501.7
1189170 2493.6
1189180 2481.0
1189190 2481.0
1189200 2468.9
1189210 2454.9
1189220 2454.9
1189230 2450.4
1189240 2452.9
1189250 2452.9
1189260 2459.6
1189270 2448.0
1189280 2448.0
1189290 2431.9
1189300 2423.8
1189310 2423.8
1189320 2421.5
1189330 2418.5
1189340 2418.5
1189350 2416.2
1189360 2414.2
1189370 2414.2
1189380 2399.8
1189390 2386.2
1189400 2383.9
1189410 2383.9
1189420 2381.5
1189430 2377.5
1189440 2377.5
1189450 2377.9
1189460 2379.1
1189470 2379.1
1189480 2381.1
1189490 2374.3
1189500 2368.9
1189510 2359.8
1189520 2353.6
1189530 2353.6
1189540 2350.5
1189550 2349.1
1189560 2349.1
1189570 2344.5
1189580 2338.8
1189590 2338.8
1189600 2331.4
1189610 2325.6
1189620 2325.6
1189630 2319.5
1189640 2314.2
1189650 2314.2
1189660 2310.2
1189670 2305.8
1189680 2303.1
1189690 2303.1
1189700 2299.7
1189710 2296.3
1189720 2296.3
1189730 2297.1
1189740 2293.6
1189750 2293.6
1189760 2287.4
1189770 2283.4
1189780 2283.4
1189790 2277.5
1189800 2278.9
1189810 2278.9
1189820 2276.6
1189830 2270.6
1189840 2270.6
1189850 2264.7
1189860 2260.8
1189870 2260.8
1189880 2258.5
1189890 2260.4
1189900 2260.4
1189910 2261.2
1189920 2261.1
1189930 2243.9
1189940 2243.9
1189950 2234.9
1189960 2226.9
1189970 2226.9
1189980 2217.8
1189990 2209.6
1190000 2209.6
1190010 2206.6
1190020 2209.2
1190030 2209.2
1190040 2209.3
1190050 2208.9
1190060 2208.9
1190070 2207.5
1190080 2202.3
1190090 2202.3
1190100 2196.2
1190110 2190.2
1190120 2190.2
1190130 2185.6
1190140 2181.6
1190150 2181.6
1190160 2177.3
1190170 2172.0
1190180 2172.0
1190190 2167.5
1190200 2164.7
1190210 2162.4
1190220 2162.4
1190230 2159.3
1190240 2157.0
1190250 2157.0
1190260 2155.4
1190270 2153.8
1190280 2153.8
1190290 2152.5
1190300 2151.5
1190310 2151.5
1190320 2149.3
1190330 2148.0
1190340 2148.0
1190350 2149.3
1190360 2149.6
1190370 2143.1
1190380 2143.0
1190390 2144.6
1190400 2144.6
1190410 2143.7
1190420 2140.9
1190430 2140.9
1190440 2138.2
1190450 2137.0
1190460 2137.0
1190470 2131.3
1190480 2131.5
1190490 2137.8
1190500 2137.8
1190510 2146.0
1190520 2150.8
1190530 2150.8
1190540 2157.0
1190550 2166.7
1190560 2166.7
1190570 2173.2
1190580 2174.6
1190590 2174.6
1190600 2174.7
1190610 2176.6
1190620 2176.6
1190630 2170.0
1190640 2161.6
1190650 2161.6
1190660 2155.5
1190670 2151.8
1190680 2151.8
1190690 2148.5
1190700 2146.0
1190710 2146.0
1190720 2141.6
1190730 2140.4
1190740 2140.4
1190750 2137.5
1190760 2134.0
1190770 2131.1
1190780 2131.1
1190790 2125.9
1190800 2110.3
1190810 2110.3
1190820 2107.0
1190830 2102.2
1190840 2102.2
1190850 2096.0
1190860 2088.7
1190870 2088.7
1190880 2081.3
1190890 2080.4
1190900 2080.4
1190910 2079.3
1190920 2073.3
1190930 2073.3
1190940 2066.9
1190950 2060.9
1190960 2060.9
1190970 2056.0
1190980 2051.2
1190990 2051.2
1191000 2046.4
1191010 2041.6
1191020 2041.6
1191030 2037.1
1191040 2034.4
1191050 2032.1
1191060 2032.1
1191070 2027.5
1191080 2022.8
1191090 2022.8
1191100 2018.3
1191110 2014.1
1191120 2014.1
1191130 2009.4
1191140 2007.6
1191150 2007.6
1191160 2006.5
1191170 2002.0
1191180 2002.0
1191190 1993.7
1191200 1984.9
1191210 1984.9
1191220 1978.4
1191230 1976.1
1191240 1976.1
1191250 1968.9
1191260 1962.4
1191270 1962.4
1191280 1958.1
1191290 1959.5
1191300 1959.5
1191310 1961.6
1191320 1961.4
1191330 1958.4
1191340 1958.4
1191350 1954.5
1191360 1950.6
1191370 1950.6
1191380 1949.7
1191390 1948.0
1191400 1948.0
1191410 1946.1
1191420 1944.7
1191430 1944.7
1191440 1942.9
1191450 1942.5
1191460 1942.5
1191470 1943.3
1191480 1944.1
1191490 1944.1
1191500 1944.0
1191510 1943.4
1191520 1943.4
1191530 1942.2
1191540 1941.8
1191550 1941.8
1191560 1941.1
1191570 1937.6
1191580 1937.6
1191590 1934.7
1191600 1931.9
1191610 1928.8
1191620 1928.8
1191630 1925.3
1191640 1922.3
1191650 1922.3
1191660 1920.8
1191670 1916.3
1191680 1916.3
1191690 1916.8
1191700 1916.6
1191710 1916.6
1191720 1915.8
1191730 1915.3
1191740 1915.3
1191750 1917.9
1191760 1918.9
1191770 1918.9
1191780 1918.1
1191790 1917.9
1191800 1917.9
1191810 1919.5
1191820 1919.8
1191830 1919.8
1191840 1919.0
1191850 1917.6
1191860 1916.3
1191870 1916.3
1191880 1916.3
1191890 1919.1
1191900 1919.1
1191910 1921.9
1191920 1924.9
1191930 1924.9
1191940 1928.1
1191950 1927.1
1191960 1927.1
1191970 1922.6
1191980 1917.7
1191990 1917.7
1192000 1914.4
1192010 1917.7
1192020 1917.7
1192030 1921.0
1192040 1918.9
1192050 1918.9
1192060 1918.1
1192070 1920.9
1192080 1920.9
1192090 1921.0
1192100 1908.2
1192110 1908.2
1192120 1903.2
1192130 1896.9
1192140 1893.6
1192150 1893.6
1192160 1888.4
1192170 1883.0
1192180 1883.0
1192190 1880.1
1192200 1880.9
1192210 1880.9
1192220 1879.3
1192230 1876.1
1192240 1876.1
1192250 1873.2
1192260 1870.4
1192270 1870.4
1192280 1866.9
1192290 1865.0
1192300 1865.0
1192310 1869.8
1192320 1871.2
1192330 1871.2
1192340 1869.0
1192350 1868.0
1192360 1868.0
1192370 1865.2
1192380 1863.0
1192390 1863.0
1192400 1859.6
1192410 1854.7
1192420 1849.9
1192430 1849.9
1192440 1846.4
1192450 1844.4
1192460 1844.4
1192470 1841.8
1192480 1836.9
1192490 1836.9
1192500 1833.4
1192510 1834.3
1192520 1834.3
1192530 1837.1
1192540 1832.8
1192550 1832.8
1192560 1833.7
1192570 1832.0
1192580 1832.0
1192590 1830.6
1192600 1831.0
1192610 1831.0
1192620 1829.8
1192630 1829.2
1192640 1829.2
1192650 1830.8
1192660 1831.3
1192670 1831.3
1192680 1831.7
1192690 1833.4
1192700 1832.3
1192710 1832.3
1192720 1829.8
1192730 1827.3
1192740 1827.3
1192750 1824.3
1192760 1821.5
1192770 1821.5
1192780 1818.6
1192790 1816.3
1192800 1816.3
1192810 1813.3
1192820 1810.2
1192830 1810.2
1192840 1807.3
1192850 1804.8
1192860 1804.8
1192870 1801.1
1192880 1797.0
1192890 1797.0
1192900 1792.6
1192910 1787.0
1192920 1787.0
1192930 1781.3
1192940 1775.7
1192950 1775.7
1192960 1770.8
1192970 1750.1
1192980 1745.4
1192990 1745.4
1193000 1748.1
1193010 1747.8
1193020 1747.8
1193030 1742.7
1193040 1738.3
1193050 1738.3
1193060 1734.4
1193070 1731.5
1193080 1731.5
1193090 1727.7
1193100 1722.8
1193110 1722.8
1193120 1718.7
1193130 1713.1
1193140 1713.1
1193150 1709.6
1193160 1707.5
1193170 1707.5
1193180 1705.2
1193190 1700.7
1193200 1700.7
1193210 1694.7
1193220 1690.0
1193230 1690.0
1193240 1686.3
1193250 1683.9
1193260 1680.9
1193270 1680.9
1193280 1676.6
1193290 1672.1
1193300 1672.1
1193310 1666.7
1193320 1659.0
1193330 1659.0
1193340 1650.5
1193350 1642.2
1193360 1642.2
1193370 1635.1
1193380 1634.9
1193390 1634.9
1193400 1638.2
1193410 1636.2
1193420 1636.2
1193430 1641.5
1193440 1641.7
1193450 1641.7
1193460 1641.4
1193470 1642.2
1193480 1642.2
1193490 1642.6
1193500 1639.6
1193510 1639.6
1193520 1634.3
1193530 1628.3
1193540 1622.2
1193550 1622.2
1193560 1619.1
1193570 1611.4
1193580 1611.4
1193590 1604.2
1193600 1597.0
1193610 1597.0
1193620 1589.3
1193630 1582.4
1193640 1582.4
1193650 1580.9
1193660 1581.0
1193670 1581.0
1193680 1581.6
1193690 1583.0
1193700 1583.0
1193710 1587.9
1193720 1597.9
1193730 1597.9
1193740 1607.8
1193750 1611.8
1193760 1611.8
1193770 1613.3
1193780 1614.9
1193790 1616.4
1193800 1616.4
1193810 1617.0
1193820 1614.0
1193830 1614.0
1193840 1610.0
1193850 1594.2
1193860 1594.2
1193870 1590.2
1193880 1587.2
1193890 1587.2
1193900 1584.8
1193910 1581.8
1193920 1581.8
1193930 1578.8
1193940 1574.7
1193950 1574.7
1193960 1570.3
1193970 1566.0
1193980 1566.0
1193990 1562.4
1194000 1557.6
1194010 1557.6
1194020 1552.5
1194030 1544.0
1194040 1544.0
1194050 1533.1
1194060 1523.7
1194070 1518.6
1194080 1518.6
1194090 1519.0
1194100 1524.0
1194110 1524.0
1194120 1528.6
1194130 1540.1
1194140 1540.1
1194150 1546.1
1194160 1548.2
1194170 1548.2
1194180 1548.7
1194190 1546.7
1194200 1546.7
1194210 1549.2
1194220 1548.4
1194230 1548.4
1194240 1548.0
1194250 1550.5
1194260 1550.5
1194270 1547.5
1194280 1543.1
1194290 1533.6
1194300 1530.5
1194310 1525.4
1194320 1525.4
1194330 1520.9
1194340 1516.1
1194350 1512.8
1194360 1512.8
1194370 1513.7
1194380 1518.5
1194390 1518.5
1194400 1515.9
1194410 1510.5
1194420 1510.5
1194430 1506.4
1194440 1504.4
1194450 1504.4
1194460 1504.7
1194470 1506.0
1194480 1506.0
1194490 1506.3
1194500 1507.0
1194510 1507.0
1194520 1509.0
1194530 1511.0
1194540 1511.0
1194550 1512.5
1194560 1513.1
1194570 1513.1
1194580 1511.1
1194590 1512.0
1194600 1512.0
1194610 1516.3
1194620 1521.9
1194630 1527.0
1194640 1527.0
1194650 1531.8
1194660 1536.5
1194670 1536.5
1194680 1541.2
1194690 1545.8
1194700 1545.8
1194710 1550.7
1194720 1555.8
1194730 1558.7
1194740 1564.0
1194750 1569.4
1194760 1569.4
1194770 1575.1
1194780 1580.9
1194790 1580.9
1194800 1586.5
1194810 1591.8
1194820 1591.8
1194830 1596.9
1194840 1601.9
1194850 1601.9
1194860 1607.1
1194870 1612.4
1194880 1612.4
1194890 1618.0
1194900 1624.0
1194910 1630.0
1194920 1630.0
1194930 1635.9
1194940 1641.5
1194950 1641.5
1194960 1647.0
1194970 1652.4
1194980 1652.4
1194990 1658.1
1195000 1664.3
1195010 1664.3
1195020 1669.4
1195030 1673.7
1195040 1673.7
1195050 1679.3
1195060 1684.6
1195070 1684.6
1195080 1688.9
1195090 1691.7
1195100 1691.7
1195110 1695.0
1195120 1700.9
1195130 1700.9
1195140 1706.0
1195150 1707.9
1195160 1707.9
1195170 1721.3
1195180 1721.5
1195190 1721.5
1195200 1721.5
1195210 1726.1
1195220 1734.3
1195230 1734.3
1195240 1737.8
1195250 1742.2
1195260 1742.2
1195270 1750.9
1195280 1761.0
1195290 1761.0
1195300 1765.0
1195310 1772.4
1195320 1772.4
1195330 1790.1
1195340 1817.0
1195350 1817.0
1195360 1815.3
1195370 1820.1
1195380 1820.1
1195390 1855.7
1195400 1876.7
1195410 1876.7
1195420 1886.4
1195430 1880.3
1195440 1880.3
1195450 1864.7
1195460 1861.8
1195470 1857.1
1195480 1857.1
1195490 1853.7
1195500 1857.0
1195510 1857.0
1195520 1864.3
1195530 1871.7
1195540 1871.7
1195550 1875.1
1195560 1879.9
1195570 1879.9
1195580 1885.1
1195590 1891.5
1195600 1891.5
1195610 1900.9
1195620 1907.6
1195630 1907.6
1195640 1915.4
1195650 1921.8
1195660 1921.8
1195670 1926.9
1195680 1931.2
1195690 1931.2
1195700 1935.4
1195710 1937.8
1195720 1939.6
1195730 1939.6
1195740 1945.4
1195750 1956.7
1195760 1956.7
1195770 1968.9
1195780 1978.7
1195790 1978.7
1195800 1987.0
1195810 1990.1
1195820 1990.1
1195830 1994.8
1195840 1998.3
1195850 1998.3
1195860 2001.4
1195870 2012.5
1195880 2012.5
1195890 2026.6
1195900 2038.8
1195910 2038.8
1195920 2062.5
1195930 2084.3
1195940 2084.3
1195950 2097.4
1195960 2106.3
1195970 2106.3
1195980 2108.5
1195990 2117.6
1196000 2133.3
1196010 2133.3
1196020 2149.1
1196030 2157.1
1196040 2157.1
1196050 2168.9
1196060 2174.5
1196070 2174.5
1196080 2180.6
1196090 2188.6
1196100 2188.6
1196110 2198.6
1196120 2205.9
1196130 2205.9
1196140 2211.2
1196150 2220.5
1196160 2220.5
1196170 2228.4
1196180 2238.9
1196190 2238.9
1196200 2247.8
1196210 2253.9
1196220 2253.9
1196230 2260.0
1196240 2266.8
1196250 2266.8
1196260 2273.7
1196270 2279.5
1196280 2283.7
1196290 2283.7
1196300 2287.0
1196310 2290.3
1196320 2290.3
1196330 2293.4
1196340 2296.3
1196350 2296.3
1196360 2295.7
1196370 2289.1
1196380 2289.1
1196390 2283.4
1196400 2278.5
1196410 2278.5
1196420 2272.6
1196430 2268.0
1196440 2268.0
1196450 2266.2
1196460 2267.0
1196470 2267.0
1196480 2266.0
1196490 2255.3
1196500 2255.3
1196510 2249.7
1196520 2243.8
1196530 2243.8
1196540 2239.8
1196550 2242.4
1196560 2241.5
1196570 2241.5
1196580 2236.8
1196590 2240.1
1196600 2240.1
1196610 2246.2
1196620 2249.8
1196630 2249.8
1196640 2249.2
1196650 2248.1
1196660 2248.1
1196670 2253.9
1196680 2263.9
1196690 2263.9
1196700 2275.4
1196710 2282.6
1196720 2282.6
1196730 2285.5
1196740 2282.5
1196750 2282.5
1196760 2278.3
1196770 2273.8
1196780 2273.8
1196790 2268.0
1196800 2262.3
1196810 2262.3
1196820 2256.2
1196830 2253.0
1196840 2251.8
1196850 2251.8
1196860 2259.8
1196870 2260.0
1196880 2260.0
1196890 2262.6
1196900 2258.9
1196910 2258.9
1196920 2257.4
1196930 2254.3
1196940 2254.3
1196950 2262.0
1196960 2267.0
1196970 2267.0
1196980 2267.9
1196990 2266.9
1197000 2266.9
1197010 2263.2
1197020 2263.2
1197030 2263.2
1197040 2271.6
1197050 2278.2
1197060 2278.2
1197070 2286.7
1197080 2295.9
1197090 2295.9
1197100 2299.2
1197110 2294.0
1197120 2289.4
1197130 2289.4
1197140 2283.3
1197150 2273.2
1197160 2273.2
1197170 2266.8
1197180 2261.3
1197190 2261.3
1197200 2241.3
1197210 2228.2
1197220 2228.2
1197230 2227.1
1197240 2234.3
1197250 2234.3
1197260 2241.0
1197270 2246.9
1197280 2246.9
1197290 2250.4
1197300 2252.9
1197310 2252.9
1197320 2245.6
1197330 2243.7
1197340 2243.7
1197350 2243.7
1197360 2238.8
1197370 2238.8
1197380 2227.2
1197390 2225.7
1197400 2229.5
1197410 2229.5
1197420 2230.2
1197430 2224.5
1197440 2224.5
1197450 2217.1
1197460 2219.8
1197470 2219.8
1197480 2225.1
1197490 2234.8
1197500 2234.8
1197510 2243.4
1197520 2248.8
1197530 2248.8
1197540 2250.2
1197550 2256.4
1197560 2256.4
1197570 2261.9
1197580 2267.1
1197590 2267.1
1197600 2259.0
1197610 2253.7
1197620 2253.7
1197630 2252.9
1197640 2252.4
1197650 2249.9
1197660 2249.9
1197670 2240.5
1197680 2244.8
1197690 2244.8
1197700 2254.8
1197710 2258.4
1197720 2258.4
1197730 2256.5
1197740 2248.4
1197750 2248.4
1197760 2243.2
1197770 2241.8
1197780 2241.8
1197790 2234.8
1197800 2231.9
1197810 2231.9
1197820 2219.7
1197830 2215.0
1197840 2215.0
1197850 2208.5
1197860 2202.6
1197870 2202.6
1197880 2194.9
1197890 2192.1
1197900 2192.1
1197910 2193.4
1197920 2199.7
1197930 2216.4
1197940 2216.4
1197950 2226.4
1197960 2240.5
1197970 2240.5
1197980 2253.3
1197990 2257.8
1198000 2257.8
1198010 2261.6
1198020 2263.8
1198030 2263.8
1198040 2259.4
1198050 2255.7
1198060 2255.7
1198070 2252.2
1198080 2242.6
1198090 2242.6
1198100 2231.7
1198110 2220.8
1198120 2220.8
1198130 2209.7
1198140 2198.6
1198150 2198.6
1198160 2195.2
1198170 2199.4
1198180 2199.4
1198190 2202.9
1198200 2200.5
1198210 2196.3
1198220 2196.3
1198230 2188.9
1198240 2189.4
1198250 2189.4
1198260 2188.1
1198270 2192.1
1198280 2192.1
1198290 2192.5
1198300 2192.4
1198310 2192.4
1198320 2192.7
1198330 2191.5
1198340 2191.5
1198350 2185.9
1198360 2180.9
1198370 2180.9
1198380 2178.6
1198390 2186.2
1198400 2186.2
1198410 2197.5
1198420 2205.0
1198430 2205.0
1198440 2208.7
1198450 2209.5
1198460 2209.5
1198470 2217.0
1198480 2230.8
1198490 2240.7
1198500 2240.7
1198510 2242.6
1198520 2242.7
1198530 2242.7
1198540 2240.6
1198550 2246.9
1198560 2246.9
1198570 2256.7
1198580 2264.4
1198590 2264.4
1198600 2268.2
1198610 2262.9
1198620 2262.9
1198630 2254.7
1198640 2246.8
1198650 2246.8
1198660 2238.0
1198670 2223.7
1198680 2223.7
1198690 2215.5
1198700 2216.6
1198710 2207.1
1198720 2210.0
1198730 2212.5
1198740 2212.5
1198750 2214.6
1198760 2214.3
1198770 2212.0
1198780 2212.0
1198790 2206.2
1198800 2197.2
1198810 2197.2
1198820 2182.2
1198830 2168.3
1198840 2168.3
1198850 2165.6
1198860 2171.0
1198870 2171.0
1198880 2167.8
1198890 2163.0
1198900 2163.0
1198910 2164.5
1198920 2169.8
1198930 2169.8
1198940 2174.4
1198950 2172.5
1198960 2172.5
1198970 2172.3
1198980 2170.7
1198990 2170.7
1199000 2170.3
1199010 2164.3
1199020 2164.3
1199030 2159.2
1199040 2160.6
1199050 2162.9
1199060 2162.9
1199070 2165.1
1199080 2172.9
1199090 2172.9
1199100 2181.8
1199110 2189.5
1199120 2189.5
1199130 2195.0
1199140 2198.5
1199150 2198.5
1199160 2192.7
1199170 2195.4
1199180 2195.4
1199190 2196.7
1199200 2198.8
1199210 2198.8
1199220 2195.9
1199230 2192.2
1199240 2192.2
1199250 2187.2
1199260 2184.2
1199270 2184.2
1199280 2184.4
1199290 2183.4
1199300 2183.4
1199310 2183.3
1199320 2184.5
1199330 2186.6
1199340 2186.6
1199350 2186.6
1199360 2183.9
1199370 2183.9
1199380 2179.5
1199390 2172.6
1199400 2172.6
1199410 2170.7
1199420 2166.7
1199430 2166.7
1199440 2165.8
1199450 2168.7
1199460 2168.7
1199470 2170.0
1199480 2168.7
1199490 2168.7
1199500 2168.1
1199510 2167.3
1199520 2167.3
1199530 2167.7
1199540 2168.5
1199550 2168.5
1199560 2167.5
1199570 2163.0
1199580 2159.3
1199590 2159.3
1199600 2150.6
1199610 2151.3
1199620 2151.3
1199630 2150.8
1199640 2148.3
1199650 2148.3
1199660 2144.5
1199670 2138.9
1199680 2138.9
1199690 2131.6
1199700 2126.3
1199710 2126.3
1199720 2122.1
1199730 2118.4
1199740 2118.4
1199750 2112.8
1199760 2106.1
1199770 2106.1
1199780 2099.3
1199790 2091.5
1199800 2091.5
1199810 2086.0
1199820 2082.2
1199830 2082.2
1199840 2078.0
1199850 2074.3
1199860 2071.4
1199870 2071.4
1199880 2067.9
1199890 2063.7
1199900 2063.7
1199910 2058.7
1199920 2055.2
1199930 2055.2
1199940 2051.2
1199950 2047.1
1199960 2047.1
1199970 2043.6
1199980 2040.3
1199990 2040.3
