1180000 1638.1
1180010 1641.8
1180020 1647.3
1180030 1647.3
1180040 1653.1
1180050 1658.6
1180060 1664.1
1180070 1664.1
1180080 1669.7
1180090 1677.2
1180100 1677.2
1180110 1684.7
1180120 1692.1
1180130 1692.1
1180140 1698.8
1180150 1705.5
1180160 1705.5
1180170 1710.5
1180180 1714.9
1180190 1714.9
1180200 1720.3
1180210 1724.9
1180220 1724.9
1180230 1728.5
1180240 1732.7
1180250 1732.7
1180260 1738.3
1180270 1743.7
1180280 1743.7
1180290 1748.8
1180300 1754.1
1180310 1756.7
1180320 1762.1
1180330 1766.4
1180340 1770.3
1180350 1770.3
1180360 1775.7
1180370 1782.7
1180380 1782.7
1180390 1788.7
1180400 1794.4
1180410 1794.4
1180420 1799.6
1180430 1804.7
1180440 1804.7
1180450 1809.2
1180460 1812.4
1180470 1812.4
1180480 1815.5
1180490 1818.8
1180500 1818.8
1180510 1826.0
1180520 1832.9
1180530 1832.9
1180540 1839.9
1180550 1845.4
1180560 1845.4
1180570 1851.0
1180580 1856.8
1180590 1856.8
1180600 1861.8
1180610 1867.6
1180620 1873.3
1180630 1873.3
1180640 1878.1
1180650 1881.4
1180660 1881.4
1180670 1882.6
1180680 1883.5
1180690 1883.5
1180700 1886.0
1180710 1889.5
1180720 1889.5
1180730 1902.8
1180740 1908.4
1180750 1908.4
1180760 1912.8
1180770 1916.9
1180780 1916.9
1180790 1924.3
1180800 1929.6
1180810 1929.6
1180820 1932.9
1180830 1937.9
1180840 1937.9
1180850 1943.3
1180860 1947.5
1180870 1947.5
1180880 1951.8
1180890 1956.3
1180900 1962.6
1180910 1962.6
1180920 1968.6
1180930 1973.4
1180940 1973.4
1180950 1981.9
1180960 1991.1
1180970 1991.1
1180980 2000.3
1180990 2010.3
1181000 2010.3
1181010 2020.0
1181020 2028.4
1181030 2028.4
1181040 2035.4
1181050 2042.0
1181060 2042.0
1181070 2048.4
1181080 2055.9
1181090 2055.9
1181100 2063.3
1181110 2070.6
1181120 2070.6
1181130 2077.9
1181140 2085.0
1181150 2086.9
1181160 2093.8
1181170 2101.4
1181180 2109.4
1181190 2109.4
1181200 2117.4
1181210 2125.0
1181220 2125.0
1181230 2133.5
1181240 2143.8
1181250 2143.8
1181260 2154.8
1181270 2163.8
1181280 2163.8
1181290 2165.0
1181300 2169.3
1181310 2169.3
1181320 2173.6
1181330 2179.3
1181340 2179.3
1181350 2184.8
1181360 2189.8
1181370 2189.8
1181380 2195.8
1181390 2202.3
1181400 2202.3
1181410 2209.1
1181420 2215.6
1181430 2215.6
1181440 2222.5
1181450 2230.4
1181460 2237.7
1181470 2237.7
1181480 2244.8
1181490 2252.1
1181500 2252.1
1181510 2258.9
1181520 2265.6
1181530 2265.6
1181540 2272.4
1181550 2279.1
1181560 2279.1
1181570 2287.8
1181580 2292.5
1181590 2292.5
1181600 2296.4
1181610 2299.8
1181620 2299.8
1181630 2302.6
1181640 2305.9
1181650 2305.9
1181660 2309.6
1181670 2311.3
1181680 2311.3
1181690 2309.1
1181700 2304.5
1181710 2304.5
1181720 2299.1
1181730 2293.7
1181740 2289.2
1181750 2289.2
1181760 2285.0
1181770 2280.3
1181780 2280.3
1181790 2275.3
1181800 2270.9
1181810 2270.9
1181820 2266.7
1181830 2261.9
1181840 2261.9
1181850 2256.9
1181860 2251.6
1181870 2251.6
1181880 2245.3
1181890 2238.5
1181900 2238.5
1181910 2230.7
1181920 2221.9
1181930 2221.9
1181940 2213.9
1181950 2207.3
1181960 2207.3
1181970 2201.3
1181980 2195.1
1181990 2194.0
1182000 2187.5
1182010 2180.6
1182020 2172.9
1182030 2172.9
1182040 2165.1
1182050 2157.9
1182060 2157.9
1182070 2153.3
1182080 2149.7
1182090 2149.7
1182100 2145.3
1182110 2141.4
1182120 2141.4
1182130 2138.4
1182140 2136.0
1182150 2136.0
1182160 2133.1
1182170 2130.7
1182180 2130.7
1182190 2129.5
1182200 2127.5
1182210 2127.5
1182220 2123.3
1182230 2116.4
1182240 2116.4
1182250 2108.1
1182260 2101.4
1182270 2101.4
1182280 2095.1
1182290 2089.6
1182300 2083.8
1182310 2083.8
1182320 2078.5
1182330 2073.3
1182340 2073.3
1182350 2068.8
1182360 2065.8
1182370 2065.8
1182380 2062.8
1182390 2055.7
1182400 2055.7
1182410 2053.4
1182420 2050.9
1182430 2050.9
1182440 2046.0
1182450 2042.6
1182460 2042.6
1182470 2039.6
1182480 2036.5
1182490 2036.5
1182500 2035.1
1182510 2033.8
1182520 2033.8
1182530 2032.8
1182540 2033.9
1182550 2033.9
1182560 2033.7
1182570 2035.6
1182580 2038.3
1182590 2038.3
1182600 2038.7
1182610 2037.0
1182620 2037.0
1182630 2033.5
1182640 2031.2
1182650 2031.2
1182660 2028.4
1182670 2027.3
1182680 2027.3
1182690 2027.2
1182700 2027.2
1182710 2027.2
1182720 2029.8
1182730 2032.3
1182740 2032.3
1182750 2033.7
1182760 2037.9
1182770 2037.9
1182780 2042.9
1182790 2048.1
1182800 2048.1
1182810 2054.2
1182820 2060.3
1182830 2063.7
1182840 2070.1
1182850 2076.7
1182860 2084.2
1182870 2084.2
1182880 2091.3
1182890 2098.0
1182900 2098.0
1182910 2104.8
1182920 2111.5
1182930 2111.5
1182940 2118.7
1182950 2126.9
1182960 2126.9
1182970 2134.9
1182980 2142.6
1182990 2142.6
1183000 2150.2
1183010 2157.5
1183020 2157.5
1183030 2164.9
1183040 2172.2
1183050 2172.2
1183060 2178.6
1183070 2181.2
1183080 2181.2
1183090 2179.2
1183100 2166.2
1183110 2166.2
1183120 2152.8
1183130 2143.8
1183140 2136.4
1183150 2136.4
1183160 2129.2
1183170 2124.7
1183180 2124.7
1183190 2118.5
1183200 2111.3
1183210 2111.3
1183220 2107.1
1183230 2102.1
1183240 2102.1
1183250 2088.6
1183260 2083.1
1183270 2083.1
1183280 2081.8
1183290 2081.7
1183300 2081.7
1183310 2078.3
1183320 2078.3
1183330 2078.3
1183340 2076.0
1183350 2073.6
1183360 2073.6
1183370 2072.6
1183380 2068.5
1183390 2068.5
1183400 2061.4
1183410 2056.1
1183420 2053.1
1183430 2053.1
1183440 2048.9
1183450 2042.5
1183460 2042.5
1183470 2034.9
1183480 2025.6
1183490 2025.6
1183500 2017.7
1183510 2010.0
1183520 2010.0
1183530 2002.8
1183540 1997.9
1183550 1997.9
1183560 1990.8
1183570 1984.2
1183580 1984.2
1183590 1976.6
1183600 1971.7
1183610 1971.7
1183620 1968.7
1183630 1965.1
1183640 1965.1
1183650 1961.2
1183660 1957.8
1183670 1957.8
1183680 1948.5
1183690 1945.5
1183700 1941.8
1183710 1941.8
1183720 1936.1
1183730 1931.2
1183740 1931.2
1183750 1927.6
1183760 1923.6
1183770 1923.6
1183780 1920.4
1183790 1923.7
1183800 1923.7
1183810 1926.4
1183820 1928.7
1183830 1928.7
1183840 1931.8
1183850 1934.6
1183860 1934.6
1183870 1937.6
1183880 1941.7
1183890 1941.7
1183900 1946.2
1183910 1949.8
1183920 1949.8
1183930 1954.1
1183940 1959.8
1183950 1959.8
1183960 1965.9
1183970 1969.3
1183980 1971.9
1183990 1971.9
1184000 1976.0
1184010 1980.5
1184020 1980.5
1184030 1985.4
1184040 1991.9
1184050 1991.9
1184060 2000.8
1184070 2012.4
1184080 2012.4
1184090 2025.2
1184100 2029.9
1184110 2029.9
1184120 2034.0
1184130 2037.5
1184140 2037.5
1184150 2041.2
1184160 2045.0
1184170 2045.0
1184180 2048.8
1184190 2052.5
1184200 2052.5
1184210 2055.8
1184220 2058.2
1184230 2058.2
1184240 2060.2
1184250 2060.9
1184260 2061.2
1184270 2061.2
1184280 2061.4
1184290 2066.0
1184300 2066.0
1184310 2073.8
1184320 2081.2
1184330 2081.2
1184340 2086.6
1184350 2090.8
1184360 2090.8
1184370 2095.0
1184380 2099.8
1184390 2099.8
1184400 2104.5
1184410 2109.2
1184420 2109.2
1184430 2114.2
1184440 2119.4
1184450 2119.4
1184460 2124.7
1184470 2130.9
1184480 2130.9
1184490 2137.5
1184500 2144.6
1184510 2144.6
1184520 2153.3
1184530 2160.3
1184540 2167.6
1184550 2167.6
1184560 2175.1
1184570 2182.4
1184580 2182.4
1184590 2189.5
1184600 2197.3
1184610 2197.3
1184620 2204.9
1184630 2211.9
1184640 2211.9
1184650 2218.8
1184660 2225.5
1184670 2225.5
1184680 2232.3
1184690 2238.5
1184700 2238.5
1184710 2238.7
1184720 2231.9
1184730 2231.9
1184740 2223.1
1184750 2214.9
1184760 2214.9
1184770 2206.8
1184780 2198.6
1184790 2198.6
1184800 2190.0
1184810 2180.5
1184820 2171.4
1184830 2171.4
1184840 2162.1
1184850 2153.0
1184860 2153.0
1184870 2143.3
1184880 2135.5
1184890 2135.5
1184900 2128.0
1184910 2120.1
1184920 2120.1
1184930 2112.4
1184940 2105.7
1184950 2105.0
1184960 2097.7
1184970 2090.1
1184980 2090.1
1184990 2082.9
1185000 2075.5
1185010 2075.5
1185020 2068.0
1185030 2062.0
1185040 2062.0
1185050 2058.0
1185060 2053.8
1185070 2053.8
1185080 2048.6
1185090 2042.9
1185100 2036.7
1185110 2036.7
1185120 2031.0
1185130 2025.4
1185140 2025.4
1185150 2020.4
1185160 2015.2
1185170 2015.2
1185180 2010.0
1185190 2005.7
1185200 2005.7
1185210 2001.7
1185220 1998.2
1185230 1998.2
1185240 1994.7
1185250 1991.5
1185260 1991.5
1185270 1989.1
1185280 1987.6
1185290 1987.6
1185300 1986.0
1185310 1985.1
1185320 1985.1
1185330 1985.2
1185340 1985.6
1185350 1985.6
1185360 1986.1
1185370 1992.8
1185380 1992.4
1185390 1992.4
1185400 1991.2
1185410 1990.2
1185420 1990.2
1185430 1989.3
1185440 1988.1
1185450 1988.1
1185460 1987.5
1185470 1985.7
1185480 1985.7
1185490 1984.4
1185500 1983.6
1185510 1983.6
1185520 1986.1
1185530 1984.6
1185540 1984.6
1185550 1983.1
1185560 1979.6
1185570 1979.6
1185580 1976.6
1185590 1974.6
1185600 1974.6
1185610 1972.3
1185620 1970.7
1185630 1970.7
1185640 1966.5
1185650 1962.5
1185660 1959.4
1185670 1959.4
1185680 1958.9
1185690 1958.0
1185700 1958.0
1185710 1955.9
1185720 1957.0
1185730 1957.0
1185740 1957.5
1185750 1955.4
1185760 1955.4
1185770 1952.6
1185780 1950.9
1185790 1950.9
1185800 1955.6
1185810 1955.1
1185820 1955.1
1185830 1955.6
1185840 1952.3
1185850 1952.3
1185860 1950.9
1185870 1950.1
1185880 1950.1
1185890 1952.0
1185900 1951.1
1185910 1951.1
1185920 1948.1
1185930 1947.2
1185940 1948.9
1185950 1948.9
1185960 1949.0
1185970 1949.2
1185980 1949.2
1185990 1948.9
1186000 1951.1
1186010 1951.1
1186020 1948.5
1186030 1945.0
1186040 1945.0
1186050 1941.2
1186060 1940.7
1186070 1940.7
1186080 1941.7
1186090 1939.8
1186100 1939.8
1186110 1935.7
1186120 1937.3
1186130 1937.3
1186140 1938.4
1186150 1937.8
1186160 1937.8
1186170 1936.7
1186180 1936.4
1186190 1936.4
1186200 1936.1
1186210 1935.6
1186220 1935.4
1186230 1941.6
1186240 1941.7
1186250 1940.8
1186260 1940.8
1186270 1941.1
1186280 1941.3
1186290 1941.3
1186300 1939.7
1186310 1939.0
1186320 1939.0
1186330 1938.5
1186340 1938.3
1186350 1938.3
1186360 1937.4
1186370 1936.8
1186380 1936.8
1186390 1936.5
1186400 1936.0
1186410 1936.0
1186420 1934.2
1186430 1931.7
1186440 1931.7
1186450 1930.5
1186460 1929.9
1186470 1929.9
1186480 1929.2
1186490 1927.8
1186500 1926.0
1186510 1926.0
1186520 1924.0
1186530 1921.6
1186540 1921.6
1186550 1918.6
1186560 1915.6
1186570 1915.6
1186580 1913.1
1186590 1911.4
1186600 1911.4
1186610 1910.3
1186620 1909.2
1186630 1909.2
1186640 1908.8
1186650 1904.8
1186660 1904.8
1186670 1903.8
1186680 1903.6
1186690 1903.6
1186700 1902.4
1186710 1899.7
1186720 1899.7
1186730 1897.9
1186740 1894.0
1186750 1894.0
1186760 1886.2
1186770 1878.1
1186780 1871.9
1186790 1871.9
1186800 1864.8
1186810 1853.1
1186820 1853.1
1186830 1842.5
1186840 1834.4
1186850 1834.4
1186860 1826.9
1186870 1820.8
1186880 1820.8
1186890 1814.7
1186900 1809.2
1186910 1809.2
1186920 1803.4
1186930 1797.8
1186940 1797.8
1186950 1793.1
1186960 1787.5
1186970 1787.5
1186980 1781.5
1186990 1775.5
1187000 1775.5
1187010 1770.4
1187020 1767.4
1187030 1767.4
1187040 1768.3
1187050 1772.6
1187060 1774.8
1187070 1774.8
1187080 1780.6
1187090 1783.6
1187100 1783.6
1187110 1786.6
1187120 1790.2
1187130 1790.2
1187140 1793.9
1187150 1795.3
1187160 1795.3
1187170 1797.4
1187180 1803.4
1187190 1803.4
1187200 1808.9
1187210 1813.8
1187220 1813.8
1187230 1818.0
1187240 1822.8
1187250 1822.8
1187260 1828.1
1187270 1833.1
1187280 1833.1
1187290 1838.1
1187300 1843.7
1187310 1843.7
1187320 1849.4
1187330 1855.1
1187340 1860.4
1187350 1860.4
1187360 1866.0
1187370 1873.2
1187380 1873.2
1187390 1880.6
1187400 1888.1
1187410 1888.1
1187420 1897.2
1187430 1907.1
1187440 1907.1
1187450 1919.6
1187460 1935.0
1187470 1935.0
1187480 1943.9
1187490 1954.0
1187500 1954.0
1187510 1982.9
1187520 2005.1
1187530 2005.1
1187540 2014.8
1187550 2024.7
1187560 2024.7
1187570 2040.8
1187580 2055.6
1187590 2055.6
1187600 2066.3
1187610 2074.5
1187620 2082.3
1187630 2082.3
1187640 2083.5
1187650 2080.0
1187660 2080.0
1187670 2074.9
1187680 2070.0
1187690 2070.0
1187700 2065.9
1187710 2061.4
1187720 2061.4
1187730 2055.5
1187740 2048.2
1187750 2048.2
1187760 2040.6
1187770 2033.4
1187780 2033.4
1187790 2026.5
1187800 2019.9
1187810 2019.9
1187820 2013.8
1187830 2007.4
1187840 2007.4
1187850 2000.5
1187860 1993.3
1187870 1993.3
1187880 1985.5
1187890 1976.6
1187900 1966.5
1187910 1966.5
1187920 1955.8
1187930 1946.3
1187940 1943.4
1187950 1935.1
1187960 1929.4
1187970 1929.4
1187980 1924.5
1187990 1916.8
1188000 1916.8
1188010 1910.9
1188020 1906.1
1188030 1906.1
1188040 1901.9
1188050 1897.6
1188060 1897.6
1188070 1893.1
1188080 1888.1
1188090 1888.1
1188100 1883.7
1188110 1881.9
1188120 1881.9
1188130 1880.4
1188140 1876.5
1188150 1876.5
1188160 1873.6
1188170 1870.2
1188180 1865.6
1188190 1865.6
1188200 1860.2
1188210 1855.9
1188220 1855.9
1188230 1851.2
1188240 1846.6
1188250 1846.6
1188260 1842.5
1188270 1838.7
1188280 1838.7
1188290 1836.0
1188300 1835.1
1188310 1835.1
1188320 1834.3
1188330 1834.8
1188340 1834.8
1188350 1835.2
1188360 1834.0
1188370 1837.4
1188380 1835.6
1188390 1834.6
1188400 1834.6
1188410 1831.1
1188420 1825.3
1188430 1825.3
1188440 1818.9
1188450 1812.6
1188460 1808.3
1188470 1808.3
1188480 1805.2
1188490 1803.1
1188500 1803.1
1188510 1800.6
1188520 1796.9
1188530 1796.9
1188540 1792.4
1188550 1787.2
1188560 1787.2
1188570 1781.5
1188580 1776.5
1188590 1776.5
1188600 1771.6
1188610 1767.0
1188620 1767.0
1188630 1761.8
1188640 1756.4
1188650 1756.4
1188660 1752.6
1188670 1749.3
1188680 1749.3
1188690 1744.7
1188700 1740.0
1188710 1740.0
1188720 1735.8
1188730 1732.8
1188740 1730.5
1188750 1730.5
1188760 1728.3
1188770 1726.1
1188780 1726.1
1188790 1723.4
1188800 1723.1
1188810 1723.1
1188820 1722.2
1188830 1720.9
1188840 1720.9
1188850 1719.6
1188860 1719.9
1188870 1719.9
1188880 1721.0
1188890 1722.2
1188900 1722.2
1188910 1723.3
1188920 1725.4
1188930 1725.4
1188940 1727.9
1188950 1730.4
1188960 1730.4
1188970 1733.0
1188980 1736.1
1188990 1736.1
1189000 1739.2
1189010 1742.5
1189020 1745.8
1189030 1745.8
1189040 1749.2
1189050 1752.8
1189060 1752.8
1189070 1756.7
1189080 1760.9
1189090 1760.9
1189100 1765.4
1189110 1769.7
1189120 1769.7
1189130 1773.6
1189140 1777.6
1189150 1777.6
1189160 1781.8
1189170 1786.1
1189180 1786.1
1189190 1790.6
1189200 1795.0
1189210 1795.0
1189220 1799.0
1189230 1806.3
1189240 1806.3
1189250 1810.7
1189260 1815.1
1189270 1815.1
1189280 1819.4
1189290 1823.6
1189300 1827.5
1189310 1827.5
1189320 1831.1
1189330 1834.3
1189340 1834.3
1189350 1836.5
1189360 1837.4
1189370 1837.4
1189380 1839.2
1189390 1843.5
1189400 1843.5
1189410 1849.9
1189420 1856.9
1189430 1856.9
1189440 1871.5
1189450 1886.3
1189460 1886.3
1189470 1889.7
1189480 1894.3
1189490 1894.3
1189500 1901.7
1189510 1909.0
1189520 1909.0
1189530 1919.7
1189540 1936.9
1189550 1936.9
1189560 1947.6
1189570 1953.6
1189580 1959.5
1189590 1959.5
1189600 1965.0
1189610 1969.7
1189620 1969.7
1189630 1976.0
1189640 1983.1
1189650 1983.1
1189660 1997.5
1189670 2005.1
1189680 2005.1
1189690 2010.4
1189700 2017.0
1189710 2017.0
1189720 2019.8
1189730 2017.9
1189740 2017.9
1189750 2012.5
1189760 2007.6
1189770 2007.6
1189780 2003.7
1189790 2001.8
1189800 2001.8
1189810 2002.4
1189820 2004.1
1189830 2004.1
1189840 2004.5
1189850 2005.6
1189860 2012.9
1189870 2012.9
1189880 2019.6
1189890 2022.0
1189900 2022.0
1189910 2027.4
1189920 2033.3
1189930 2033.3
1189940 2038.7
1189950 2045.1
1189960 2045.1
1189970 2050.9
1189980 2051.1
1189990 2051.1
1190000 2055.9
1190010 2065.0
1190020 2065.0
1190030 2072.4
1190040 2081.1
1190050 2081.1
1190060 2091.8
1190070 2103.7
1190080 2103.7
1190090 2122.3
1190100 2126.0
1190110 2126.0
1190120 2126.2
1190130 2124.1
1190140 2131.3
1190150 2131.3
1190160 2141.3
1190170 2151.9
1190180 2151.9
1190190 2160.8
1190200 2168.4
1190210 2168.4
1190220 2175.4
1190230 2180.8
1190240 2180.8
1190250 2188.6
1190260 2200.4
1190270 2200.4
1190280 2204.6
1190290 2209.3
1190300 2209.3
1190310 2215.2
1190320 2219.8
1190330 2219.8
1190340 2222.5
1190350 2229.0
1190360 2229.0
1190370 2236.2
1190380 2242.8
1190390 2242.8
1190400 2249.0
1190410 2252.4
1190420 2255.4
1190430 2255.4
1190440 2262.7
1190450 2270.5
1190460 2270.5
1190470 2278.3
1190480 2283.1
1190490 2283.1
1190500 2275.1
1190510 2266.0
1190520 2266.0
1190530 2261.3
1190540 2250.5
1190550 2250.5
1190560 2241.3
1190570 2234.6
1190580 2234.6
1190590 2228.4
1190600 2218.8
1190610 2218.8
1190620 2208.7
1190630 2200.2
1190640 2200.2
1190650 2192.3
1190660 2183.8
1190670 2183.8
1190680 2180.0
1190690 2175.6
1190700 2163.4
1190710 2163.4
1190720 2154.8
1190730 2146.5
1190740 2146.5
1190750 2139.9
1190760 2131.2
1190770 2131.2
1190780 2123.3
1190790 2112.6
1190800 2112.6
1190810 2080.1
1190820 2060.4
1190830 2060.4
1190840 2052.1
1190850 2046.0
1190860 2046.0
1190870 2039.1
1190880 2029.3
1190890 2029.3
1190900 2021.2
1190910 2012.6
1190920 2012.6
1190930 2004.5
1190940 1996.0
1190950 1996.0
1190960 1986.9
1190970 1981.0
1190980 1974.8
1190990 1974.8
1191000 1968.5
1191010 1962.2
1191020 1962.2
1191030 1955.6
1191040 1949.4
1191050 1949.4
1191060 1943.0
1191070 1936.8
1191080 1936.8
1191090 1930.7
1191100 1925.0
1191110 1925.0
1191120 1919.9
1191130 1914.9
1191140 1914.9
1191150 1910.2
1191160 1905.4
1191170 1905.4
1191180 1900.8
1191190 1896.6
1191200 1896.6
1191210 1892.3
1191220 1887.9
1191230 1887.9
1191240 1883.7
1191250 1879.4
1191260 1875.3
1191270 1875.3
1191280 1871.2
1191290 1866.9
1191300 1866.9
1191310 1862.1
1191320 1857.1
1191330 1857.1
1191340 1852.6
1191350 1848.2
1191360 1848.2
1191370 1844.0
1191380 1840.4
1191390 1837.9
1191400 1834.6
1191410 1831.4
1191420 1831.4
1191430 1827.8
1191440 1823.7
1191450 1823.7
1191460 1819.7
1191470 1815.8
1191480 1815.8
1191490 1812.0
1191500 1808.2
1191510 1808.2
1191520 1804.4
1191530 1800.7
1191540 1797.2
1191550 1797.2
1191560 1794.1
1191570 1791.2
1191580 1791.2
1191590 1787.9
1191600 1784.4
1191610 1784.4
1191620 1780.8
1191630 1777.6
1191640 1777.6
1191650 1775.0
1191660 1772.4
1191670 1772.4
1191680 1769.4
1191690 1766.3
1191700 1766.3
1191710 1762.9
1191720 1759.6
1191730 1759.6
1191740 1756.1
1191750 1752.3
1191760 1752.3
1191770 1749.4
1191780 1746.6
1191790 1746.6
1191800 1744.4
1191810 1740.5
1191820 1736.8
1191830 1736.4
1191840 1733.0
1191850 1730.6
1191860 1730.6
1191870 1730.0
1191880 1729.2
1191890 1729.2
1191900 1728.3
1191910 1726.9
1191920 1726.9
1191930 1724.2
1191940 1721.2
1191950 1721.2
1191960 1719.5
1191970 1718.7
1191980 1718.7
1191990 1718.2
1192000 1716.8
1192010 1716.8
1192020 1715.4
1192030 1714.3
1192040 1714.3
1192050 1713.6
1192060 1712.8
1192070 1712.8
1192080 1711.2
1192090 1709.9
1192100 1709.3
1192110 1709.3
1192120 1708.6
1192130 1708.4
1192140 1708.4
1192150 1707.8
1192160 1710.2
1192170 1710.2
1192180 1713.3
1192190 1716.2
1192200 1716.2
1192210 1719.3
1192220 1722.6
1192230 1722.6
1192240 1725.9
1192250 1730.0
1192260 1730.0
1192270 1737.1
1192280 1740.7
1192290 1740.7
1192300 1744.3
1192310 1748.2
1192320 1748.2
1192330 1752.5
1192340 1756.6
1192350 1756.6
1192360 1760.9
1192370 1765.6
1192380 1770.4
1192390 1770.4
1192400 1775.4
1192410 1780.6
1192420 1780.6
1192430 1786.2
1192440 1792.0
1192450 1792.0
1192460 1797.8
1192470 1803.4
1192480 1803.4
1192490 1809.0
1192500 1814.6
1192510 1814.6
1192520 1820.0
1192530 1825.2
1192540 1825.2
1192550 1830.5
1192560 1835.7
1192570 1835.7
1192580 1841.0
1192590 1846.1
1192600 1846.1
1192610 1851.1
1192620 1856.2
1192630 1856.2
1192640 1861.4
1192650 1866.6
1192660 1871.6
1192670 1871.6
1192680 1876.3
1192690 1880.9
1192700 1885.3
1192710 1889.9
1192720 1894.2
1192730 1894.2
1192740 1898.9
1192750 1904.5
1192760 1904.5
1192770 1910.3
1192780 1916.0
1192790 1916.0
1192800 1921.5
1192810 1926.8
1192820 1926.8
1192830 1931.7
1192840 1936.1
1192850 1936.1
1192860 1939.9
1192870 1943.5
1192880 1943.5
1192890 1946.8
1192900 1949.4
1192910 1949.4
1192920 1951.7
1192930 1955.2
1192940 1960.6
1192950 1960.6
1192960 1966.7
1192970 1972.8
1192980 1972.8
1192990 1979.0
1193000 1985.5
1193010 1985.5
1193020 1992.1
1193030 1998.6
1193040 1998.6
1193050 2005.2
1193060 2011.8
1193070 2011.8
1193080 2018.3
1193090 2024.8
1193100 2024.8
1193110 2031.6
1193120 2038.6
1193130 2038.6
1193140 2048.3
1193150 2054.7
1193160 2054.7
1193170 2060.8
1193180 2066.7
1193190 2066.7
1193200 2072.2
1193210 2077.2
1193220 2081.6
1193230 2081.6
1193240 2085.0
1193250 2086.6
1193260 2086.6
1193270 2091.4
1193280 2097.3
1193290 2097.3
1193300 2102.4
1193310 2106.6
1193320 2106.6
1193330 2121.5
1193340 2138.1
1193350 2138.1
1193360 2151.9
1193370 2178.7
1193380 2178.7
1193390 2219.5
1193400 2253.0
1193410 2253.0
1193420 2272.2
1193430 2282.2
1193440 2282.2
1193450 2291.7
1193460 2301.5
1193470 2301.5
1193480 2311.4
1193490 2320.4
1193500 2335.4
1193510 2335.4
1193520 2349.7
1193530 2357.9
1193540 2357.9
1193550 2355.2
1193560 2350.7
1193570 2350.7
1193580 2354.5
1193590 2350.6
1193600 2350.6
1193610 2342.9
1193620 2334.5
1193630 2334.5
1193640 2329.3
1193650 2324.0
1193660 2324.0
1193670 2325.5
1193680 2342.7
1193690 2342.7
1193700 2350.1
1193710 2355.8
1193720 2355.8
1193730 2353.4
1193740 2349.5
1193750 2349.5
1193760 2349.0
1193770 2344.2
1193780 2333.6
1193790 2333.6
1193800 2325.7
1193810 2323.0
1193820 2323.0
1193830 2330.1
1193840 2339.0
1193850 2339.0
1193860 2332.6
1193870 2325.9
1193880 2325.9
1193890 2318.2
1193900 2311.1
1193910 2311.1
1193920 2302.8
1193930 2295.9
1193940 2295.9
1193950 2295.5
1193960 2296.0
1193970 2296.0
1193980 2292.7
1193990 2294.8
1194000 2294.8
1194010 2307.3
1194020 2323.9
1194030 2323.9
1194040 2344.6
1194050 2360.4
1194060 2373.4
1194070 2373.4
1194080 2386.8
1194090 2399.5
1194100 2399.5
1194110 2416.4
1194120 2434.9
1194130 2434.9
1194140 2438.9
1194150 2441.6
1194160 2441.6
1194170 2440.8
1194180 2438.7
1194190 2438.7
1194200 2443.4
1194210 2447.3
1194220 2447.3
1194230 2450.7
1194240 2456.0
1194250 2456.0
1194260 2462.4
1194270 2462.7
1194280 2462.7
1194290 2462.6
1194300 2461.3
1194310 2461.3
1194320 2455.2
1194330 2454.5
1194340 2455.5
1194350 2455.5
1194360 2469.2
1194370 2483.7
1194380 2483.7
1194390 2494.7
1194400 2510.7
1194410 2510.7
1194420 2523.3
1194430 2530.4
1194440 2530.4
1194450 2558.7
1194460 2558.2
1194470 2558.2
1194480 2554.6
1194490 2548.2
1194500 2548.2
1194510 2540.2
1194520 2534.1
1194530 2534.1
1194540 2536.2
1194550 2545.0
1194560 2545.0
1194570 2561.0
1194580 2586.5
1194590 2586.5
1194600 2604.2
1194610 2612.3
1194620 2612.1
1194630 2612.1
1194640 2614.3
1194650 2618.9
1194660 2618.9
1194670 2618.1
1194680 2620.5
1194690 2620.5
1194700 2623.8
1194710 2626.0
1194720 2626.0
1194730 2627.4
1194740 2627.5
1194750 2627.5
1194760 2629.6
1194770 2632.0
1194780 2632.0
1194790 2630.7
1194800 2629.3
1194810 2629.3
1194820 2625.9
1194830 2621.3
1194840 2621.3
1194850 2618.4
1194860 2619.0
1194870 2619.0
1194880 2620.1
1194890 2606.9
1194900 2599.9
1194910 2599.9
1194920 2597.1
1194930 2598.0
1194940 2598.0
1194950 2598.3
1194960 2598.6
1194970 2598.6
1194980 2590.3
1194990 2578.8
1195000 2578.8
1195010 2571.3
1195020 2561.2
1195030 2561.2
1195040 2542.9
1195050 2535.0
1195060 2535.0
1195070 2531.2
1195080 2524.8
1195090 2524.8
1195100 2519.6
1195110 2509.3
1195120 2509.3
1195130 2496.6
1195140 2484.7
1195150 2484.7
1195160 2475.1
1195170 2466.2
1195180 2454.4
1195190 2454.4
1195200 2445.0
1195210 2435.6
1195220 2435.6
1195230 2429.3
1195240 2427.5
1195250 2427.5
1195260 2430.7
1195270 2429.0
1195280 2429.0
1195290 2426.6
1195300 2425.0
1195310 2425.0
1195320 2425.0
1195330 2431.0
1195340 2431.0
1195350 2425.5
1195360 2415.4
1195370 2415.4
1195380 2404.7
1195390 2398.0
1195400 2398.0
1195410 2390.3
1195420 2386.3
1195430 2386.3
1195440 2381.4
1195450 2374.7
1195460 2366.5
1195470 2366.5
1195480 2360.2
1195490 2350.8
1195500 2350.8
1195510 2341.6
1195520 2342.2
1195530 2342.2
1195540 2351.6
1195550 2356.5
1195560 2356.5
1195570 2357.4
1195580 2365.7
1195590 2365.7
1195600 2366.4
1195610 2373.1
1195620 2373.1
1195630 2390.7
1195640 2397.4
1195650 2397.4
1195660 2392.7
1195670 2380.4
1195680 2380.4
1195690 2369.4
1195700 2360.8
1195710 2360.8
1195720 2353.3
1195730 2348.3
1195740 2359.3
1195750 2359.3
1195760 2368.0
1195770 2371.5
1195780 2371.5
1195790 2364.2
1195800 2360.2
1195810 2360.2
1195820 2352.5
1195830 2348.1
1195840 2348.1
1195850 2346.2
1195860 2353.3
1195870 2353.3
1195880 2365.1
1195890 2378.3
1195900 2378.3
1195910 2390.3
1195920 2402.6
1195930 2402.6
1195940 2406.1
1195950 2409.2
1195960 2409.2
1195970 2416.7
1195980 2418.2
1195990 2418.2
1196000 2428.4
1196010 2438.2
1196020 2440.4
1196030 2440.4
1196040 2436.8
1196050 2435.3
1196060 2435.3
1196070 2430.4
1196080 2425.9
1196090 2425.9
1196100 2424.9
1196110 2426.8
1196120 2426.8
1196130 2427.6
1196140 2427.3
1196150 2427.3
1196160 2427.3
1196170 2427.4
1196180 2427.4
1196190 2426.5
1196200 2417.3
1196210 2414.7
1196220 2403.0
1196230 2392.9
1196240 2392.9
1196250 2385.1
1196260 2381.6
1196270 2381.6
1196280 2382.0
1196290 2380.3
1196300 2373.9
1196310 2373.9
1196320 2366.8
1196330 2357.7
1196340 2357.7
1196350 2352.8
1196360 2345.4
1196370 2345.4
1196380 2336.9
1196390 2328.3
1196400 2328.3
1196410 2316.5
1196420 2309.2
1196430 2309.2
1196440 2308.4
1196450 2306.7
1196460 2306.7
1196470 2305.2
1196480 2306.7
1196490 2306.7
1196500 2305.5
1196510 2298.3
1196520 2298.3
1196530 2289.5
1196540 2286.1
1196550 2286.1
1196560 2287.8
1196570 2288.5
1196580 2278.8
1196590 2278.8
1196600 2270.5
1196610 2268.6
1196620 2268.6
1196630 2266.5
1196640 2259.6
1196650 2259.6
1196660 2242.4
1196670 2234.6
1196680 2234.6
1196690 2229.7
1196700 2222.4
1196710 2222.4
1196720 2216.3
1196730 2213.7
1196740 2213.7
1196750 2208.9
1196760 2202.3
1196770 2202.3
1196780 2196.1
1196790 2190.9
1196800 2190.9
1196810 2185.1
1196820 2179.6
1196830 2179.6
1196840 2173.0
1196850 2167.0
1196860 2161.4
1196870 2161.4
1196880 2157.8
1196890 2156.0
1196900 2156.0
1196910 2152.5
1196920 2149.1
1196930 2149.1
1196940 2144.8
1196950 2139.8
1196960 2139.8
1196970 2134.3
1196980 2131.2
1196990 2131.2
1197000 2128.5
1197010 2126.9
1197020 2126.9
1197030 2124.6
1197040 2120.9
1197050 2120.9
1197060 2117.2
1197070 2113.7
1197080 2113.7
1197090 2109.6
1197100 2103.8
1197110 2103.8
1197120 2101.7
1197130 2096.9
1197140 2090.5
1197150 2090.5
1197160 2083.4
1197170 2081.2
1197180 2081.2
1197190 2078.2
1197200 2074.1
1197210 2074.1
1197220 2068.9
1197230 2067.9
1197240 2067.9
1197250 2067.3
1197260 2064.8
1197270 2064.8
1197280 2059.8
1197290 2052.6
1197300 2052.6
1197310 2045.8
1197320 2041.6
1197330 2041.6
1197340 2037.6
1197350 2031.3
1197360 2031.3
1197370 2022.5
1197380 2013.5
1197390 2013.5
1197400 2002.3
1197410 1987.4
1197420 1972.7
1197430 1972.7
1197440 1961.0
1197450 1950.1
1197460 1950.1
1197470 1940.1
1197480 1930.2
1197490 1930.2
1197500 1920.9
1197510 1911.0
1197520 1911.0
1197530 1899.9
1197540 1891.6
1197550 1891.6
1197560 1883.8
1197570 1874.2
1197580 1874.2
1197590 1862.4
1197600 1847.9
1197610 1847.9
1197620 1838.3
1197630 1829.1
1197640 1829.1
1197650 1817.2
1197660 1806.0
1197670 1806.0
1197680 1800.0
1197690 1796.4
1197700 1792.4
1197710 1792.4
1197720 1789.0
1197730 1785.4
1197740 1785.4
1197750 1782.6
1197760 1780.0
1197770 1780.0
1197780 1776.9
1197790 1773.1
1197800 1773.1
1197810 1769.0
1197820 1764.6
1197830 1764.6
1197840 1763.1
1197850 1760.5
1197860 1760.5
1197870 1757.1
1197880 1753.2
1197890 1753.2
1197900 1748.7
1197910 1745.2
1197920 1745.2
1197930 1742.2
1197940 1738.9
1197950 1738.9
1197960 1735.2
1197970 1741.7
1197980 1746.8
1197990 1750.9
1198000 1755.7
1198010 1760.3
1198020 1760.3
1198030 1765.1
1198040 1769.9
1198050 1769.9
1198060 1774.4
1198070 1779.4
1198080 1779.4
1198090 1784.5
1198100 1789.3
1198110 1789.3
1198120 1793.8
1198130 1801.2
1198140 1801.2
1198150 1809.5
1198160 1813.8
1198170 1813.8
1198180 1821.4
1198190 1830.3
1198200 1830.3
1198210 1839.3
1198220 1847.7
1198230 1847.7
1198240 1857.4
1198250 1868.1
1198260 1877.3
1198270 1877.3
1198280 1890.2
1198290 1902.2
1198300 1902.2
1198310 1910.6
1198320 1916.3
1198330 1916.3
1198340 1920.7
1198350 1925.7
1198360 1925.7
1198370 1932.2
1198380 1939.1
1198390 1939.1
1198400 1945.8
1198410 1954.8
1198420 1954.8
1198430 1977.3
1198440 1975.1
1198450 1975.1
1198460 1978.6
1198470 1989.2
1198480 1989.2
1198490 2007.5
1198500 2024.9
1198510 2024.9
1198520 2039.3
1198530 2052.0
1198540 2062.7
1198550 2062.7
1198560 2068.2
1198570 2074.8
1198580 2074.8
1198590 2078.8
1198600 2082.0
1198610 2082.0
1198620 2079.1
1198630 2077.8
1198640 2077.8
1198650 2083.5
1198660 2091.2
1198670 2091.2
1198680 2099.0
1198690 2106.2
1198700 2106.2
1198710 2112.9
1198720 2118.7
1198730 2118.7
1198740 2122.6
1198750 2124.7
1198760 2124.7
1198770 2125.0
1198780 2124.5
1198790 2124.5
1198800 2123.3
1198810 2121.3
1198820 2117.4
1198830 2117.4
1198840 2112.4
1198850 2108.1
1198860 2108.1
1198870 2103.8
1198880 2096.0
1198890 2096.0
1198900 2094.7
1198910 2092.3
1198920 2092.3
1198930 2088.8
1198940 2085.0
1198950 2085.0
1198960 2081.8
1198970 2078.7
1198980 2078.7
1198990 2074.9
1199000 2072.9
1199010 2072.9
1199020 2073.3
1199030 2072.3
1199040 2072.3
1199050 2069.6
1199060 2065.3
1199070 2065.3
1199080 2061.2
1199090 2057.1
1199100 2053.0
1199110 2053.0
1199120 2048.7
1199130 2045.2
1199140 2045.2
1199150 2042.6
1199160 2042.3
1199170 2042.3
1199180 2043.3
1199190 2044.0
1199200 2044.0
1199210 2044.8
1199220 2043.8
1199230 2043.8
1199240 2043.3
1199250 2043.7
1199260 2043.7
1199270 2047.0
1199280 2050.3
1199290 2050.3
1199300 2054.1
1199310 2052.9
1199320 2043.6
1199330 2042.2
1199340 2043.2
1199350 2043.2
1199360 2046.3
1199370 2049.9
1199380 2053.7
1199390 2053.7
1199400 2057.5
1199410 2057.0
1199420 2057.0
1199430 2053.1
1199440 2048.8
1199450 2048.8
1199460 2043.6
1199470 2037.6
1199480 2037.6
1199490 2027.2
1199500 2017.2
1199510 2017.2
1199520 2012.8
1199530 2001.8
1199540 2001.8
1199550 1979.5
1199560 1970.5
1199570 1970.5
1199580 1977.0
1199590 1964.4
1199600 1964.4
1199610 1945.5
1199620 1933.3
1199630 1933.3
1199640 1922.2
1199650 1919.9
1199660 1918.4
1199670 1918.4
1199680 1916.3
1199690 1913.6
1199700 1913.6
1199710 1909.9
1199720 1905.5
1199730 1905.5
1199740 1901.0
1199750 1895.6
1199760 1895.6
1199770 1886.1
1199780 1879.7
1199790 1879.7
1199800 1873.3
1199810 1867.3
1199820 1867.3
1199830 1863.2
1199840 1860.1
1199850 1860.1
1199860 1857.4
1199870 1856.5
1199880 1856.5
1199890 1856.4
1199900 1856.0
1199910 1856.0
1199920 1854.9
1199930 1852.9
1199940 1850.0
1199950 1850.0
1199960 1846.2
1199970 1844.5
1199980 1844.5
1199990 1842.9
