1180000 1968.4
1180010 1977.7
1180020 1985.8
1180030 1992.8
1180040 1992.8
1180050 1998.7
1180060 2004.5
1180070 2004.5
1180080 2012.9
1180090 2023.2
1180100 2023.2
1180110 2032.3
1180120 2040.6
1180130 2040.6
1180140 2048.6
1180150 2058.2
1180160 2058.2
1180170 2069.6
1180180 2081.1
1180190 2081.1
1180200 2090.5
1180210 2096.7
1180220 2096.7
1180230 2101.4
1180240 2105.9
1180250 2105.9
1180260 2110.2
1180270 2114.4
1180280 2114.4
1180290 2118.3
1180300 2115.1
1180310 2118.4
1180320 2118.4
1180330 2121.1
1180340 2123.5
1180350 2123.5
1180360 2125.2
1180370 2124.2
1180380 2124.2
1180390 2119.1
1180400 2117.1
1180410 2117.1
1180420 2116.6
1180430 2116.4
1180440 2116.4
1180450 2121.0
1180460 2125.9
1180470 2125.9
1180480 2130.1
1180490 2135.9
1180500 2135.9
1180510 2142.9
1180520 2151.2
1180530 2151.2
1180540 2159.8
1180550 2168.6
1180560 2168.6
1180570 2179.3
1180580 2191.7
1180590 2201.8
1180600 2201.8
1180610 2202.2
1180620 2200.2
1180630 2200.2
1180640 2198.5
1180650 2197.1
1180660 2197.1
1180670 2199.8
1180680 2206.0
1180690 2206.0
1180700 2209.5
1180710 2209.0
1180720 2216.9
1180730 2216.3
1180740 2215.0
1180750 2215.0
1180760 2215.5
1180770 2220.4
1180780 2220.4
1180790 2224.0
1180800 2228.2
1180810 2228.2
1180820 2233.4
1180830 2238.6
1180840 2238.6
1180850 2244.8
1180860 2251.9
1180870 2258.3
1180880 2258.3
1180890 2262.2
1180900 2255.2
1180910 2255.2
1180920 2245.5
1180930 2234.3
1180940 2234.3
1180950 2223.3
1180960 2213.2
1180970 2213.2
1180980 2204.0
1180990 2194.7
1181000 2194.7
1181010 2188.7
1181020 2181.7
1181030 2181.7
1181040 2173.1
1181050 2164.3
1181060 2164.3
1181070 2156.3
1181080 2148.6
1181090 2148.6
1181100 2140.5
1181110 2132.8
1181120 2132.8
1181130 2124.4
1181140 2116.2
1181150 2108.5
1181160 2108.5
1181170 2100.4
1181180 2091.3
1181190 2091.3
1181200 2083.0
1181210 2076.7
1181220 2076.7
1181230 2071.3
1181240 2064.9
1181250 2064.9
1181260 2058.7
1181270 2052.5
1181280 2052.5
1181290 2045.9
1181300 2038.4
1181310 2038.4
1181320 2030.6
1181330 2023.6
1181340 2023.6
1181350 2016.7
1181360 2010.0
1181370 2010.0
1181380 2005.1
1181390 1999.6
1181400 1999.6
1181410 1992.9
1181420 1986.6
1181430 1983.6
1181440 1983.6
1181450 1982.6
1181460 1978.9
1181470 1978.9
1181480 1972.8
1181490 1965.7
1181500 1965.7
1181510 1959.5
1181520 1953.5
1181530 1953.5
1181540 1944.2
1181550 1934.5
1181560 1935.6
1181570 1926.6
1181580 1908.6
1181590 1908.6
1181600 1886.1
1181610 1872.2
1181620 1872.2
1181630 1860.0
1181640 1840.5
1181650 1840.5
1181660 1826.9
1181670 1819.6
1181680 1819.6
1181690 1813.5
1181700 1809.4
1181710 1809.4
1181720 1801.5
1181730 1793.9
1181740 1787.9
1181750 1787.9
1181760 1781.0
1181770 1771.9
1181780 1771.9
1181790 1761.7
1181800 1754.6
1181810 1754.6
1181820 1748.5
1181830 1742.5
1181840 1742.5
1181850 1736.5
1181860 1730.8
1181870 1730.8
1181880 1725.3
1181890 1720.0
1181900 1720.0
1181910 1715.5
1181920 1711.8
1181930 1711.8
1181940 1708.6
1181950 1706.0
1181960 1706.0
1181970 1704.0
1181980 1702.8
1181990 1702.8
1182000 1699.8
1182010 1697.2
1182020 1694.3
1182030 1694.3
1182040 1690.6
1182050 1687.2
1182060 1687.2
1182070 1683.3
1182080 1678.5
1182090 1678.5
1182100 1673.2
1182110 1670.0
1182120 1670.0
1182130 1666.9
1182140 1663.2
1182150 1663.2
1182160 1659.1
1182170 1655.1
1182180 1655.1
1182190 1651.7
1182200 1647.8
1182210 1647.8
1182220 1643.7
1182230 1638.9
1182240 1638.9
1182250 1636.4
1182260 1639.0
1182270 1639.0
1182280 1641.7
1182290 1640.6
1182300 1641.7
1182310 1641.7
1182320 1644.6
1182330 1648.0
1182340 1648.0
1182350 1652.0
1182360 1655.2
1182370 1655.2
1182380 1658.5
1182390 1662.2
1182400 1664.9
1182410 1668.4
1182420 1672.3
1182430 1672.3
1182440 1677.2
1182450 1682.2
1182460 1682.2
1182470 1687.7
1182480 1692.3
1182490 1692.3
1182500 1697.3
1182510 1704.3
1182520 1704.3
1182530 1712.2
1182540 1721.2
1182550 1721.2
1182560 1729.7
1182570 1735.9
1182580 1743.4
1182590 1743.4
1182600 1751.7
1182610 1758.9
1182620 1758.9
1182630 1765.4
1182640 1771.5
1182650 1771.5
1182660 1777.6
1182670 1783.1
1182680 1783.1
1182690 1788.6
1182700 1794.2
1182710 1794.2
1182720 1799.2
1182730 1801.3
1182740 1801.3
1182750 1801.4
1182760 1803.7
1182770 1803.7
1182780 1808.6
1182790 1814.8
1182800 1814.8
1182810 1822.0
1182820 1828.8
1182830 1830.6
1182840 1838.5
1182850 1848.8
1182860 1859.3
1182870 1859.3
1182880 1868.7
1182890 1879.0
1182900 1879.0
1182910 1888.1
1182920 1896.8
1182930 1896.8
1182940 1907.1
1182950 1914.6
1182960 1914.6
1182970 1922.0
1182980 1929.1
1182990 1929.1
1183000 1935.6
1183010 1942.5
1183020 1942.5
1183030 1950.1
1183040 1958.9
1183050 1958.9
1183060 1965.5
1183070 1972.5
1183080 1972.5
1183090 1979.7
1183100 1985.8
1183110 1985.8
1183120 1991.9
1183130 1999.0
1183140 2003.2
1183150 2003.2
1183160 2007.3
1183170 2009.0
1183180 2009.0
1183190 2011.9
1183200 2015.9
1183210 2015.9
1183220 2020.7
1183230 2027.8
1183240 2027.8
1183250 2038.2
1183260 2045.2
1183270 2045.2
1183280 2052.2
1183290 2060.0
1183300 2060.0
1183310 2066.9
1183320 2073.5
1183330 2073.5
1183340 2080.0
1183350 2085.9
1183360 2085.9
1183370 2091.6
1183380 2097.4
1183390 2097.4
1183400 2102.6
1183410 2100.0
1183420 2085.0
1183430 2085.0
1183440 2072.8
1183450 2070.9
1183460 2070.9
1183470 2063.6
1183480 2065.4
1183490 2065.4
1183500 2075.9
1183510 2085.2
1183520 2085.2
1183530 2081.1
1183540 2070.0
1183550 2070.0
1183560 2063.1
1183570 2064.7
1183580 2064.7
1183590 2066.1
1183600 2067.7
1183610 2067.7
1183620 2067.9
1183630 2066.5
1183640 2066.5
1183650 2065.1
1183660 2066.0
1183670 2071.7
1183680 2074.9
1183690 2079.3
1183700 2083.2
1183710 2083.2
1183720 2086.9
1183730 2090.9
1183740 2090.9
1183750 2095.0
1183760 2099.0
1183770 2099.0
1183780 2102.8
1183790 2106.0
1183800 2106.0
1183810 2109.1
1183820 2113.0
1183830 2113.0
1183840 2121.3
1183850 2125.6
1183860 2125.6
1183870 2129.9
1183880 2134.1
1183890 2134.1
1183900 2138.8
1183910 2143.8
1183920 2143.8
1183930 2148.5
1183940 2152.5
1183950 2152.5
1183960 2157.4
1183970 2164.3
1183980 2170.4
1183990 2170.4
1184000 2175.0
1184010 2179.3
1184020 2179.3
1184030 2183.3
1184040 2186.0
1184050 2186.0
1184060 2188.9
1184070 2192.4
1184080 2192.4
1184090 2198.1
1184100 2207.8
1184110 2207.8
1184120 2214.2
1184130 2223.4
1184140 2223.4
1184150 2235.0
1184160 2244.5
1184170 2244.5
1184180 2253.3
1184190 2271.5
1184200 2271.5
1184210 2271.8
1184220 2262.8
1184230 2262.8
1184240 2263.9
1184250 2267.4
1184260 2279.3
1184270 2279.3
1184280 2299.0
1184290 2309.1
1184300 2309.1
1184310 2318.7
1184320 2329.0
1184330 2329.0
1184340 2336.5
1184350 2344.5
1184360 2344.5
1184370 2349.6
1184380 2355.7
1184390 2355.7
1184400 2359.5
1184410 2358.7
1184420 2358.7
1184430 2349.7
1184440 2343.0
1184450 2343.0
1184460 2339.1
1184470 2344.0
1184480 2344.0
1184490 2349.0
1184500 2354.8
1184510 2354.8
1184520 2365.6
1184530 2372.2
1184540 2372.2
1184550 2381.1
1184560 2390.4
1184570 2395.6
1184580 2395.6
1184590 2397.6
1184600 2393.0
1184610 2393.0
1184620 2384.8
1184630 2378.8
1184640 2378.8
1184650 2370.2
1184660 2359.0
1184670 2359.0
1184680 2345.2
1184690 2336.4
1184700 2336.4
1184710 2330.4
1184720 2333.8
1184730 2333.8
1184740 2323.9
1184750 2308.3
1184760 2308.3
1184770 2296.8
1184780 2288.9
1184790 2288.9
1184800 2275.3
1184810 2270.7
1184820 2270.7
1184830 2271.6
1184840 2270.3
1184850 2267.4
1184860 2267.4
1184870 2259.4
1184880 2252.1
1184890 2252.1
1184900 2246.7
1184910 2242.4
1184920 2242.4
1184930 2233.1
1184940 2248.1
1184950 2248.1
1184960 2237.1
1184970 2225.0
1184980 2225.0
1184990 2213.1
1185000 2198.9
1185010 2198.9
1185020 2177.4
1185030 2160.7
1185040 2160.7
1185050 2154.7
1185060 2151.7
1185070 2151.7
1185080 2146.5
1185090 2144.3
1185100 2144.3
1185110 2142.1
1185120 2140.2
1185130 2140.5
1185140 2140.5
1185150 2141.8
1185160 2141.5
1185170 2141.5
1185180 2141.4
1185190 2142.1
1185200 2142.1
1185210 2143.4
1185220 2145.5
1185230 2145.5
1185240 2148.6
1185250 2150.5
1185260 2150.5
1185270 2150.2
1185280 2151.0
1185290 2151.0
1185300 2153.4
1185310 2154.2
1185320 2154.2
1185330 2155.0
1185340 2155.1
1185350 2155.1
1185360 2156.6
1185370 2167.7
1185380 2167.7
1185390 2174.5
1185400 2180.4
1185410 2185.1
1185420 2185.1
1185430 2189.7
1185440 2195.0
1185450 2195.0
1185460 2201.3
1185470 2206.4
1185480 2206.4
1185490 2208.1
1185500 2209.7
1185510 2209.7
1185520 2211.2
1185530 2211.7
1185540 2211.7
1185550 2212.3
1185560 2213.6
1185570 2213.6
1185580 2213.5
1185590 2212.4
1185600 2212.4
1185610 2213.4
1185620 2213.9
1185630 2213.9
1185640 2212.4
1185650 2209.1
1185660 2209.1
1185670 2207.2
1185680 2198.6
1185690 2191.3
1185700 2191.3
1185710 2187.7
1185720 2191.7
1185730 2191.7
1185740 2200.6
1185750 2204.4
1185760 2204.4
1185770 2207.1
1185780 2207.0
1185790 2207.0
1185800 2209.7
1185810 2208.3
1185820 2208.3
1185830 2205.7
1185840 2201.7
1185850 2201.7
1185860 2196.8
1185870 2190.8
1185880 2190.8
1185890 2186.1
1185900 2182.2
1185910 2182.2
1185920 2180.9
1185930 2179.9
1185940 2179.9
1185950 2178.8
1185960 2177.8
1185970 2175.1
1185980 2175.1
1185990 2167.3
1186000 2159.0
1186010 2159.0
1186020 2152.9
1186030 2147.5
1186040 2147.5
1186050 2141.2
1186060 2135.9
1186070 2135.9
1186080 2130.0
1186090 2125.0
1186100 2125.0
1186110 2121.5
1186120 2116.8
1186130 2116.8
1186140 2111.4
1186150 2108.5
1186160 2108.5
1186170 2105.5
1186180 2101.3
1186190 2101.3
1186200 2096.1
1186210 2097.7
1186220 2088.3
1186230 2085.6
1186240 2083.8
1186250 2082.3
1186260 2082.3
1186270 2082.8
1186280 2081.2
1186290 2081.2
1186300 2071.5
1186310 2060.7
1186320 2060.7
1186330 2051.2
1186340 2043.5
1186350 2043.5
1186360 2033.4
1186370 2025.1
1186380 2025.1
1186390 2017.7
1186400 2009.4
1186410 2009.4
1186420 2001.1
1186430 1992.8
1186440 1992.8
1186450 1984.7
1186460 1976.8
1186470 1976.8
1186480 1968.9
1186490 1961.5
1186500 1961.5
1186510 1954.8
1186520 1948.2
1186530 1941.9
1186540 1941.9
1186550 1935.6
1186560 1930.0
1186570 1930.0
1186580 1925.0
1186590 1920.8
1186600 1920.8
1186610 1916.5
1186620 1912.4
1186630 1912.4
1186640 1911.6
1186650 1903.5
1186660 1903.5
1186670 1900.3
1186680 1896.3
1186690 1896.3
1186700 1889.6
1186710 1881.9
1186720 1881.9
1186730 1875.4
1186740 1872.3
1186750 1872.3
1186760 1864.5
1186770 1854.0
1186780 1854.0
1186790 1844.2
1186800 1835.3
1186810 1826.7
1186820 1826.7
1186830 1819.1
1186840 1810.0
1186850 1810.0
1186860 1800.2
1186870 1788.9
1186880 1788.9
1186890 1782.7
1186900 1783.5
1186910 1783.5
1186920 1784.0
1186930 1782.1
1186940 1782.1
1186950 1779.5
1186960 1776.8
1186970 1776.8
1186980 1773.3
1186990 1769.4
1187000 1769.4
1187010 1764.9
1187020 1760.0
1187030 1760.0
1187040 1755.5
1187050 1750.6
1187060 1750.6
1187070 1742.6
1187080 1729.7
1187090 1729.7
1187100 1722.2
1187110 1714.9
1187120 1707.5
1187130 1707.5
1187140 1701.1
1187150 1694.2
1187160 1694.2
1187170 1688.4
1187180 1681.8
1187190 1681.8
1187200 1674.1
1187210 1667.8
1187220 1667.8
1187230 1661.9
1187240 1655.6
1187250 1655.6
1187260 1649.4
1187270 1643.4
1187280 1643.4
1187290 1637.9
1187300 1632.6
1187310 1632.6
1187320 1627.8
1187330 1623.9
1187340 1623.9
1187350 1619.7
1187360 1614.8
1187370 1614.8
1187380 1609.7
1187390 1605.0
1187400 1599.6
1187410 1599.6
1187420 1593.9
1187430 1589.1
1187440 1589.1
1187450 1584.7
1187460 1580.4
1187470 1580.4
1187480 1576.2
1187490 1572.1
1187500 1572.1
1187510 1564.0
1187520 1559.9
1187530 1559.9
1187540 1555.6
1187550 1550.8
1187560 1550.8
1187570 1545.3
1187580 1539.2
1187590 1539.2
1187600 1533.4
1187610 1527.5
1187620 1527.5
1187630 1521.3
1187640 1515.4
1187650 1515.4
1187660 1509.2
1187670 1502.8
1187680 1497.0
1187690 1497.0
1187700 1490.3
1187710 1487.4
1187720 1487.4
1187730 1487.8
1187740 1489.9
1187750 1489.9
1187760 1492.9
1187770 1496.9
1187780 1496.9
1187790 1501.6
1187800 1506.6
1187810 1506.6
1187820 1508.0
1187830 1507.6
1187840 1507.6
1187850 1508.6
1187860 1511.4
1187870 1511.4
1187880 1513.8
1187890 1515.9
1187900 1515.9
1187910 1515.8
1187920 1515.4
1187930 1515.4
1187940 1519.3
1187950 1520.8
1187960 1522.0
1187970 1522.0
1187980 1522.1
1187990 1522.5
1188000 1522.5
1188010 1522.4
1188020 1522.9
1188030 1522.9
1188040 1523.4
1188050 1521.8
1188060 1521.8
1188070 1520.5
1188080 1520.2
1188090 1520.2
1188100 1519.9
1188110 1520.2
1188120 1520.2
1188130 1520.0
1188140 1521.9
1188150 1521.9
1188160 1524.3
1188170 1526.2
1188180 1526.2
1188190 1528.1
1188200 1529.5
1188210 1529.5
1188220 1529.5
1188230 1530.3
1188240 1531.0
1188250 1531.0
1188260 1530.7
1188270 1531.1
1188280 1531.1
1188290 1525.1
1188300 1516.6
1188310 1516.6
1188320 1508.0
1188330 1502.2
1188340 1502.2
1188350 1504.4
1188360 1509.2
1188370 1514.2
1188380 1520.6
1188390 1529.0
1188400 1529.0
1188410 1532.6
1188420 1529.4
1188430 1529.4
1188440 1525.6
1188450 1522.0
1188460 1522.0
1188470 1516.1
1188480 1509.5
1188490 1509.5
1188500 1513.8
1188510 1518.5
1188520 1522.8
1188530 1522.8
1188540 1527.3
1188550 1527.1
1188560 1527.1
1188570 1521.3
1188580 1514.0
1188590 1514.0
1188600 1514.2
1188610 1517.4
1188620 1517.4
1188630 1520.4
1188640 1520.6
1188650 1520.6
1188660 1519.9
1188670 1518.1
1188680 1518.1
1188690 1516.8
1188700 1516.4
1188710 1516.4
1188720 1516.8
1188730 1514.6
1188740 1514.6
1188750 1509.1
1188760 1503.4
1188770 1503.4
1188780 1499.5
1188790 1498.9
1188800 1501.7
1188810 1501.7
1188820 1502.0
1188830 1502.7
1188840 1502.7
1188850 1502.6
1188860 1501.9
1188870 1501.9
1188880 1502.7
1188890 1502.9
1188900 1502.9
1188910 1502.2
1188920 1500.1
1188930 1500.1
1188940 1497.8
1188950 1501.5
1188960 1501.5
1188970 1506.7
1188980 1513.2
1188990 1513.2
1189000 1520.0
1189010 1525.0
1189020 1525.0
1189030 1531.6
1189040 1538.4
1189050 1538.4
1189060 1545.8
1189070 1552.8
1189080 1559.5
1189090 1559.5
1189100 1566.4
1189110 1573.6
1189120 1573.6
1189130 1580.0
1189140 1586.7
1189150 1586.7
1189160 1594.9
1189170 1602.1
1189180 1602.1
1189190 1606.8
1189200 1612.9
1189210 1612.9
1189220 1620.9
1189230 1625.9
1189240 1625.9
1189250 1632.3
1189260 1638.8
1189270 1638.8
1189280 1645.0
1189290 1650.7
1189300 1650.7
1189310 1657.8
1189320 1664.9
1189330 1664.9
1189340 1671.5
1189350 1678.8
1189360 1686.7
1189370 1686.7
1189380 1694.4
1189390 1700.8
1189400 1700.8
1189410 1707.4
1189420 1714.2
1189430 1714.2
1189440 1721.3
1189450 1728.9
1189460 1728.9
1189470 1736.3
1189480 1743.7
1189490 1743.7
1189500 1750.6
1189510 1756.5
1189520 1756.5
1189530 1763.6
1189540 1770.9
1189550 1770.9
1189560 1777.7
1189570 1784.4
1189580 1784.4
1189590 1791.5
1189600 1798.5
1189610 1798.5
1189620 1805.1
1189630 1811.8
1189640 1818.8
1189650 1818.8
1189660 1819.9
1189670 1827.3
1189680 1827.3
1189690 1835.3
1189700 1842.8
1189710 1842.8
1189720 1849.1
1189730 1850.4
1189740 1850.4
1189750 1846.2
1189760 1841.5
1189770 1841.5
1189780 1836.0
1189790 1827.4
1189800 1827.4
1189810 1818.3
1189820 1822.4
1189830 1822.4
1189840 1843.1
1189850 1858.5
1189860 1858.5
1189870 1876.6
1189880 1894.6
1189890 1894.6
1189900 1904.9
1189910 1915.4
1189920 1915.4
1189930 1925.1
1189940 1935.3
1189950 1944.4
1189960 1944.4
1189970 1953.1
1189980 1963.4
1189990 1963.4
1190000 1974.7
1190010 1982.5
1190020 1982.5
1190030 1988.0
1190040 1992.5
1190050 1992.5
1190060 1997.6
1190070 2002.3
1190080 2002.3
1190090 2014.9
1190100 2022.8
1190110 2022.8
1190120 2031.4
1190130 2039.8
1190140 2039.8
1190150 2048.3
1190160 2054.8
1190170 2054.8
1190180 2060.6
1190190 2067.6
1190200 2067.6
1190210 2075.9
1190220 2081.4
1190230 2085.5
1190240 2085.5
1190250 2093.7
1190260 2100.2
1190270 2100.2
1190280 2105.6
1190290 2109.5
1190300 2109.5
1190310 2113.6
1190320 2120.2
1190330 2120.2
1190340 2127.2
1190350 2132.5
1190360 2132.5
1190370 2134.1
1190380 2137.7
1190390 2137.7
1190400 2140.2
1190410 2146.2
1190420 2146.2
1190430 2154.4
1190440 2162.4
1190450 2162.4
1190460 2171.5
1190470 2181.3
1190480 2181.3
1190490 2190.5
1190500 2200.2
1190510 2209.7
1190520 2202.7
1190530 2215.7
1190540 2226.0
1190550 2226.0
1190560 2235.2
1190570 2243.8
1190580 2243.8
1190590 2251.9
1190600 2259.5
1190610 2259.5
1190620 2266.7
1190630 2273.0
1190640 2273.0
1190650 2270.0
1190660 2267.7
1190670 2267.7
1190680 2260.3
1190690 2259.8
1190700 2259.8
1190710 2262.6
1190720 2268.5
1190730 2268.5
1190740 2260.6
1190750 2244.4
1190760 2244.4
1190770 2230.8
1190780 2232.2
1190790 2226.9
1190800 2226.9
1190810 2216.2
1190820 2205.6
1190830 2205.6
1190840 2194.5
1190850 2186.4
1190860 2186.4
1190870 2179.0
1190880 2173.1
1190890 2173.1
1190900 2156.8
1190910 2151.6
1190920 2151.6
1190930 2158.0
1190940 2159.1
1190950 2159.1
1190960 2139.0
1190970 2136.8
1190980 2136.8
1190990 2126.7
1191000 2115.6
1191010 2115.6
1191020 2103.5
1191030 2095.3
1191040 2095.3
1191050 2082.3
1191060 2075.9
1191070 2071.3
1191080 2071.3
1191090 2075.6
1191100 2079.9
1191110 2079.9
1191120 2074.1
1191130 2064.3
1191140 2064.3
1191150 2052.9
1191160 2054.5
1191170 2054.5
1191180 2058.4
1191190 2053.7
1191200 2053.7
1191210 2047.7
1191220 2042.8
1191230 2042.8
1191240 2033.7
1191250 2020.7
1191260 2020.7
1191270 2013.5
1191280 2008.5
1191290 2008.5
1191300 2003.5
1191310 1999.3
1191320 1999.3
1191330 1994.9
1191340 1991.4
1191350 1987.2
1191360 1987.2
1191370 1980.8
1191380 1974.7
1191390 1969.0
1191400 1969.2
1191410 1967.7
1191420 1967.7
1191430 1964.8
1191440 1960.3
1191450 1960.3
1191460 1955.9
1191470 1952.2
1191480 1952.2
1191490 1947.9
1191500 1942.8
1191510 1942.8
1191520 1939.1
1191530 1933.9
1191540 1933.9
1191550 1929.1
1191560 1923.9
1191570 1923.9
1191580 1918.4
1191590 1913.0
1191600 1913.0
1191610 1907.8
1191620 1903.0
1191630 1898.5
1191640 1898.5
1191650 1893.9
1191660 1889.3
1191670 1889.3
1191680 1884.3
1191690 1879.2
1191700 1879.2
1191710 1874.2
1191720 1868.5
1191730 1868.5
1191740 1864.6
1191750 1860.8
1191760 1860.8
1191770 1855.2
1191780 1849.1
1191790 1849.1
1191800 1842.1
1191810 1833.1
1191820 1833.1
1191830 1827.6
1191840 1819.6
1191850 1819.6
1191860 1812.4
1191870 1807.0
1191880 1807.0
1191890 1803.7
1191900 1800.9
1191910 1797.4
1191920 1797.4
1191930 1797.2
1191940 1798.6
1191950 1798.6
1191960 1797.4
1191970 1797.2
1191980 1797.2
1191990 1795.4
1192000 1792.3
1192010 1792.3
1192020 1790.0
1192030 1787.8
1192040 1787.8
1192050 1786.7
1192060 1786.5
1192070 1786.5
1192080 1784.5
1192090 1782.1
1192100 1782.1
1192110 1780.7
1192120 1779.5
1192130 1779.5
1192140 1775.6
1192150 1772.4
1192160 1772.4
1192170 1770.2
1192180 1769.3
1192190 1767.0
1192200 1767.0
1192210 1764.7
1192220 1763.1
1192230 1763.1
1192240 1761.6
1192250 1760.3
1192260 1752.5
1192270 1751.9
1192280 1749.2
1192290 1749.2
1192300 1745.7
1192310 1740.3
1192320 1740.3
1192330 1733.1
1192340 1725.8
1192350 1725.8
1192360 1719.5
1192370 1713.9
1192380 1713.9
1192390 1707.6
1192400 1701.5
1192410 1701.5
1192420 1696.5
1192430 1690.6
1192440 1690.6
1192450 1683.1
1192460 1674.8
1192470 1669.0
1192480 1669.0
1192490 1664.7
1192500 1661.0
1192510 1661.0
1192520 1658.0
1192530 1651.8
1192540 1651.8
1192550 1645.0
1192560 1638.7
1192570 1638.7
1192580 1633.3
1192590 1627.9
1192600 1627.9
1192610 1622.5
1192620 1617.4
1192630 1617.4
1192640 1612.6
1192650 1608.0
1192660 1608.0
1192670 1603.5
1192680 1599.4
1192690 1599.4
1192700 1592.7
1192710 1588.4
1192720 1588.4
1192730 1584.0
1192740 1579.9
1192750 1576.3
1192760 1576.3
1192770 1573.7
1192780 1572.1
1192790 1572.1
1192800 1570.7
1192810 1569.6
1192820 1569.6
1192830 1568.6
1192840 1567.3
1192850 1567.3
1192860 1566.3
1192870 1565.6
1192880 1565.6
1192890 1564.8
1192900 1563.8
1192910 1563.8
1192920 1562.2
1192930 1560.7
1192940 1560.7
1192950 1559.6
1192960 1558.1
1192970 1558.1
1192980 1556.5
1192990 1554.9
1193000 1554.9
1193010 1553.8
1193020 1552.5
1193030 1552.5
1193040 1551.0
1193050 1549.8
1193060 1548.3
1193070 1548.3
1193080 1546.8
1193090 1545.1
1193100 1545.1
1193110 1543.1
1193120 1543.2
1193130 1543.2
1193140 1549.0
1193150 1551.2
1193160 1551.2
1193170 1552.8
1193180 1555.3
1193190 1555.3
1193200 1558.3
1193210 1561.7
1193220 1561.7
1193230 1564.5
1193240 1567.7
1193250 1567.7
1193260 1571.1
1193270 1574.3
1193280 1574.3
1193290 1576.9
1193300 1578.9
1193310 1578.9
1193320 1582.4
1193330 1586.1
1193340 1590.4
1193350 1590.4
1193360 1595.2
1193370 1599.3
1193380 1599.3
1193390 1603.2
1193400 1608.5
1193410 1608.5
1193420 1614.1
1193430 1621.0
1193440 1621.0
1193450 1627.9
1193460 1634.1
1193470 1634.1
1193480 1639.3
1193490 1645.4
1193500 1645.4
1193510 1653.7
1193520 1662.0
1193530 1662.0
1193540 1669.0
1193550 1674.2
1193560 1674.2
1193570 1683.1
1193580 1689.0
1193590 1689.0
1193600 1695.7
1193610 1701.7
1193620 1706.5
1193630 1706.5
1193640 1711.1
1193650 1716.6
1193660 1716.6
1193670 1722.9
1193680 1729.2
1193690 1729.2
1193700 1735.2
1193710 1738.1
1193720 1738.1
1193730 1739.9
1193740 1741.5
1193750 1741.5
1193760 1742.5
1193770 1743.5
1193780 1743.5
1193790 1744.1
1193800 1744.7
1193810 1744.7
1193820 1745.9
1193830 1746.9
1193840 1746.9
1193850 1746.5
1193860 1745.0
1193870 1745.0
1193880 1743.5
1193890 1742.3
1193900 1741.2
1193910 1741.2
1193920 1739.7
1193930 1738.3
1193940 1738.3
1193950 1736.9
1193960 1736.7
1193970 1736.7
1193980 1736.6
1193990 1734.6
1194000 1734.6
1194010 1733.6
1194020 1734.5
1194030 1734.5
1194040 1736.6
1194050 1734.3
1194060 1734.3
1194070 1729.2
1194080 1723.6
1194090 1723.6
1194100 1717.5
1194110 1712.5
1194120 1712.5
1194130 1707.6
1194140 1704.1
1194150 1704.1
1194160 1703.7
1194170 1703.7
1194180 1703.1
1194190 1703.1
1194200 1701.5
1194210 1700.5
1194220 1700.5
1194230 1700.4
1194240 1700.4
1194250 1700.4
1194260 1700.3
1194270 1700.4
1194280 1700.4
1194290 1701.4
1194300 1703.8
1194310 1703.8
1194320 1708.5
1194330 1712.1
1194340 1712.1
1194350 1715.9
1194360 1719.6
1194370 1719.6
1194380 1721.6
1194390 1721.6
1194400 1721.6
1194410 1719.7
1194420 1717.3
1194430 1717.3
1194440 1714.9
1194450 1718.2
1194460 1718.8
1194470 1718.8
1194480 1722.6
1194490 1727.2
1194500 1727.2
1194510 1732.1
1194520 1737.3
1194530 1737.3
1194540 1742.2
1194550 1747.1
1194560 1747.1
1194570 1751.2
1194580 1755.7
1194590 1755.7
1194600 1762.6
1194610 1769.4
1194620 1769.4
1194630 1774.2
1194640 1779.4
1194650 1779.4
1194660 1781.5
1194670 1781.9
1194680 1781.9
1194690 1783.7
1194700 1784.6
1194710 1784.6
1194720 1785.2
1194730 1787.6
1194740 1789.3
1194750 1789.3
1194760 1791.0
1194770 1792.5
1194780 1792.5
1194790 1793.7
1194800 1794.5
1194810 1794.5
1194820 1795.3
1194830 1795.6
1194840 1795.6
1194850 1796.1
1194860 1795.3
1194870 1795.3
1194880 1794.7
1194890 1801.2
1194900 1801.2
1194910 1800.1
1194920 1800.4
1194930 1800.4
1194940 1800.0
1194950 1798.4
1194960 1798.4
1194970 1797.0
1194980 1795.6
1194990 1795.6
1195000 1793.9
1195010 1792.2
1195020 1790.0
1195030 1790.0
1195040 1789.0
1195050 1789.2
1195060 1789.2
1195070 1789.0
1195080 1788.7
1195090 1788.7
1195100 1788.1
1195110 1785.7
1195120 1785.7
1195130 1782.8
1195140 1779.7
1195150 1779.7
1195160 1777.3
1195170 1776.0
1195180 1776.0
1195190 1775.7
1195200 1775.1
1195210 1775.1
1195220 1774.5
1195230 1773.7
1195240 1773.7
1195250 1772.9
1195260 1772.1
1195270 1772.1
1195280 1771.9
1195290 1772.0
1195300 1771.3
1195310 1771.3
1195320 1769.1
1195330 1772.8
1195340 1772.8
1195350 1771.6
1195360 1770.9
1195370 1770.9
1195380 1769.7
1195390 1768.4
1195400 1768.4
1195410 1767.4
1195420 1766.0
1195430 1766.0
1195440 1764.0
1195450 1762.0
1195460 1762.0
1195470 1760.1
1195480 1757.3
1195490 1757.3
1195500 1754.8
1195510 1752.7
1195520 1752.7
1195530 1750.6
1195540 1747.8
1195550 1747.8
1195560 1744.4
1195570 1741.0
1195580 1737.3
1195590 1737.3
1195600 1735.2
1195610 1732.9
1195620 1732.9
1195630 1728.2
1195640 1723.6
1195650 1723.6
1195660 1718.7
1195670 1714.1
1195680 1714.1
1195690 1710.5
1195700 1706.6
1195710 1706.6
1195720 1704.5
1195730 1704.2
1195740 1704.2
1195750 1706.2
1195760 1708.4
1195770 1714.1
1195780 1716.7
1195790 1719.3
1195800 1719.3
1195810 1721.7
1195820 1723.2
1195830 1723.2
1195840 1725.7
1195850 1727.8
1195860 1729.1
1195870 1729.1
1195880 1730.0
1195890 1730.1
1195900 1730.1
1195910 1730.0
1195920 1729.4
1195930 1729.4
1195940 1727.9
1195950 1725.2
1195960 1725.2
1195970 1722.0
1195980 1717.2
1195990 1717.2
1196000 1711.7
1196010 1708.9
1196020 1708.9
1196030 1708.2
1196040 1708.6
1196050 1708.6
1196060 1706.7
1196070 1703.3
1196080 1703.3
1196090 1702.7
1196100 1703.6
1196110 1703.6
1196120 1704.7
1196130 1705.5
1196140 1705.5
1196150 1706.0
1196160 1706.2
1196170 1705.4
1196180 1705.4
1196190 1704.4
1196200 1702.6
1196210 1703.9
1196220 1701.3
1196230 1699.6
1196240 1699.6
1196250 1697.3
1196260 1694.6
1196270 1694.6
1196280 1692.0
1196290 1690.0
1196300 1690.0
1196310 1688.5
1196320 1686.8
1196330 1686.8
1196340 1688.7
1196350 1690.8
1196360 1690.8
1196370 1691.2
1196380 1691.4
1196390 1691.4
1196400 1692.3
1196410 1692.4
1196420 1692.4
1196430 1692.1
1196440 1691.4
1196450 1690.7
1196460 1690.7
1196470 1690.3
1196480 1689.8
1196490 1689.8
1196500 1690.1
1196510 1689.9
1196520 1689.9
1196530 1689.1
1196540 1687.8
1196550 1687.8
1196560 1686.2
1196570 1684.5
1196580 1684.5
1196590 1683.6
1196600 1682.2
1196610 1682.2
1196620 1681.5
1196630 1680.6
1196640 1680.6
1196650 1681.8
1196660 1681.1
1196670 1681.1
1196680 1680.1
1196690 1678.0
1196700 1678.0
1196710 1677.0
1196720 1675.7
1196730 1674.0
1196740 1674.0
1196750 1671.7
1196760 1669.2
1196770 1669.2
1196780 1666.6
1196790 1664.1
1196800 1664.1
1196810 1661.6
1196820 1659.6
1196830 1659.6
1196840 1657.5
1196850 1655.9
1196860 1655.9
1196870 1654.3
1196880 1652.2
1196890 1652.2
1196900 1650.7
1196910 1649.1
1196920 1649.1
1196930 1647.1
1196940 1645.2
1196950 1645.2
1196960 1643.3
1196970 1641.5
1196980 1641.5
1196990 1640.0
1197000 1639.3
1197010 1637.7
1197020 1637.7
1197030 1635.5
1197040 1633.3
1197050 1633.3
1197060 1631.3
1197070 1629.5
1197080 1629.5
1197090 1628.0
1197100 1631.6
1197110 1631.6
1197120 1630.4
1197130 1629.3
1197140 1629.3
1197150 1628.6
1197160 1627.6
1197170 1627.6
1197180 1626.1
1197190 1625.0
1197200 1625.0
1197210 1624.1
1197220 1623.8
1197230 1623.8
1197240 1623.6
1197250 1622.5
1197260 1622.5
1197270 1620.8
1197280 1619.9
1197290 1618.8
1197300 1618.8
1197310 1618.0
1197320 1617.3
1197330 1617.3
1197340 1616.4
1197350 1614.7
1197360 1614.7
1197370 1612.4
1197380 1610.4
1197390 1610.4
1197400 1609.5
1197410 1608.1
1197420 1608.1
1197430 1606.8
1197440 1606.5
1197450 1606.5
1197460 1606.0
1197470 1606.6
1197480 1606.6
1197490 1606.5
1197500 1606.2
1197510 1606.2
1197520 1607.1
1197530 1607.3
1197540 1607.8
1197550 1608.6
1197560 1608.5
1197570 1607.9
1197580 1607.9
1197590 1607.6
1197600 1606.5
1197610 1606.5
1197620 1604.7
1197630 1603.0
1197640 1603.0
1197650 1600.6
1197660 1600.2
1197670 1600.2
1197680 1600.2
1197690 1599.7
1197700 1599.7
1197710 1599.5
1197720 1600.0
1197730 1600.0
1197740 1600.2
1197750 1598.0
1197760 1598.0
1197770 1593.2
1197780 1587.9
1197790 1587.9
1197800 1582.6
1197810 1577.3
1197820 1577.3
1197830 1571.4
1197840 1564.8
1197850 1558.0
1197860 1558.0
1197870 1550.3
1197880 1544.2
1197890 1544.2
1197900 1538.3
1197910 1532.0
1197920 1532.0
1197930 1528.4
1197940 1528.4
1197950 1528.4
1197960 1533.0
1197970 1539.4
1197980 1539.4
1197990 1544.7
1198000 1547.1
1198010 1547.1
1198020 1549.6
1198030 1553.2
1198040 1553.2
1198050 1557.3
1198060 1560.9
1198070 1560.9
1198080 1562.8
1198090 1565.0
1198100 1565.0
1198110 1568.8
1198120 1573.1
1198130 1577.6
1198140 1577.6
1198150 1582.8
1198160 1588.6
1198170 1588.6
1198180 1594.6
1198190 1600.9
1198200 1600.9
1198210 1606.8
1198220 1612.8
1198230 1612.8
1198240 1618.5
1198250 1623.9
1198260 1623.9
1198270 1628.5
1198280 1632.0
1198290 1632.0
1198300 1634.4
1198310 1636.3
1198320 1636.3
1198330 1638.1
1198340 1640.0
1198350 1640.0
1198360 1642.0
1198370 1643.5
1198380 1643.5
1198390 1644.2
1198400 1645.1
1198410 1646.0
1198420 1646.0
1198430 1650.8
1198440 1651.5
1198450 1651.5
1198460 1652.1
1198470 1652.5
1198480 1652.5
1198490 1652.9
1198500 1653.2
1198510 1653.2
1198520 1653.4
1198530 1654.0
1198540 1654.0
1198550 1654.6
1198560 1655.2
1198570 1655.2
1198580 1656.0
1198590 1656.8
1198600 1656.8
1198610 1657.5
1198620 1658.2
1198630 1658.2
1198640 1658.5
1198650 1658.8
1198660 1658.8
1198670 1659.5
1198680 1660.1
1198690 1660.9
1198700 1660.9
1198710 1661.9
1198720 1662.2
1198730 1662.2
1198740 1662.1
1198750 1663.8
1198760 1663.8
1198770 1664.6
1198780 1665.6
1198790 1665.6
1198800 1666.2
1198810 1666.2
1198820 1666.2
1198830 1664.6
1198840 1664.4
1198850 1664.4
1198860 1664.7
1198870 1665.1
1198880 1669.8
1198890 1670.2
1198900 1670.6
1198910 1670.6
1198920 1671.0
1198930 1670.1
1198940 1670.1
1198950 1666.0
1198960 1665.6
1198970 1669.2
1198980 1669.2
1198990 1671.6
1199000 1672.5
1199010 1672.5
1199020 1673.1
1199030 1673.7
1199040 1673.7
1199050 1673.8
1199060 1674.0
1199070 1674.0
1199080 1674.1
1199090 1674.3
1199100 1674.3
1199110 1674.6
1199120 1674.4
1199130 1674.4
1199140 1674.9
1199150 1675.4
1199160 1675.4
1199170 1675.7
1199180 1675.7
1199190 1675.7
1199200 1675.5
1199210 1675.7
1199220 1675.7
1199230 1676.6
1199240 1677.1
1199250 1677.0
1199260 1677.0
1199270 1677.7
1199280 1677.9
1199290 1677.9
1199300 1677.3
1199310 1676.0
1199320 1680.9
1199330 1681.6
1199340 1682.9
1199350 1682.9
1199360 1684.0
1199370 1682.2
1199380 1682.2
1199390 1681.9
1199400 1685.4
1199410 1685.4
1199420 1689.4
1199430 1694.0
1199440 1694.0
1199450 1699.2
1199460 1704.2
1199470 1704.2
1199480 1707.8
1199490 1710.7
1199500 1710.7
1199510 1713.0
1199520 1714.6
1199530 1716.2
1199540 1716.2
1199550 1717.8
1199560 1718.9
1199570 1718.9
1199580 1719.2
1199590 1720.6
1199600 1720.6
1199610 1719.9
1199620 1719.2
1199630 1719.2
1199640 1720.4
1199650 1719.6
1199660 1719.6
1199670 1719.1
1199680 1719.7
1199690 1719.7
1199700 1719.1
1199710 1719.7
1199720 1719.7
1199730 1720.1
1199740 1722.0
1199750 1722.0
1199760 1723.0
1199770 1730.5
1199780 1730.5
1199790 1731.0
1199800 1730.9
1199810 1730.9
1199820 1729.9
1199830 1725.1
1199840 1722.5
1199850 1722.5
1199860 1726.3
1199870 1728.6
1199880 1728.6
1199890 1731.2
1199900 1734.3
1199910 1734.3
1199920 1738.3
1199930 1741.5
1199940 1741.5
1199950 1743.6
1199960 1745.2
1199970 1745.2
1199980 1746.4
1199990 1747.2
