1180000 2073.8
1180010 2080.2
1180020 2085.9
1180030 2085.9
1180040 2093.2
1180050 2101.0
1180060 2101.0
1180070 2106.7
1180080 2107.2
1180090 2107.2
1180100 2104.4
1180110 2100.3
1180120 2100.3
1180130 2096.8
1180140 2103.6
1180150 2103.6
1180160 2099.4
1180170 2094.3
1180180 2094.3
1180190 2089.7
1180200 2084.9
1180210 2084.9
1180220 2080.2
1180230 2077.2
1180240 2077.2
1180250 2074.2
1180260 2072.0
1180270 2072.0
1180280 2068.7
1180290 2065.5
1180300 2065.2
1180310 2065.2
1180320 2064.9
1180330 2065.3
1180340 2065.3
1180350 2064.4
1180360 2063.2
1180370 2063.2
1180380 2063.2
1180390 2063.7
1180400 2063.7
1180410 2063.4
1180420 2062.7
1180430 2062.7
1180440 2062.0
1180450 2061.6
1180460 2061.6
1180470 2063.7
1180480 2068.8
1180490 2068.8
1180500 2069.4
1180510 2066.5
1180520 2066.5
1180530 2070.4
1180540 2078.9
1180550 2078.9
1180560 2086.3
1180570 2090.3
1180580 2093.8
1180590 2093.8
1180600 2098.6
1180610 2102.7
1180620 2102.7
1180630 2107.2
1180640 2113.1
1180650 2113.1
1180660 2119.9
1180670 2127.6
1180680 2127.6
1180690 2136.0
1180700 2144.6
1180710 2144.6
1180720 2152.5
1180730 2159.1
1180740 2159.1
1180750 2165.4
1180760 2171.8
1180770 2171.8
1180780 2178.2
1180790 2185.3
1180800 2185.3
1180810 2193.1
1180820 2200.6
1180830 2200.6
1180840 2207.4
1180850 2213.9
1180860 2219.4
1180870 2219.4
1180880 2224.7
1180890 2229.9
1180900 2229.9
1180910 2229.4
1180920 2220.6
1180930 2220.6
1180940 2211.4
1180950 2203.0
1180960 2203.0
1180970 2194.6
1180980 2184.8
1180990 2184.8
1181000 2175.7
1181010 2166.7
1181020 2166.7
1181030 2159.3
1181040 2152.2
1181050 2152.2
1181060 2144.8
1181070 2138.1
1181080 2138.1
1181090 2131.2
1181100 2123.6
1181110 2123.6
1181120 2115.6
1181130 2107.5
1181140 2099.3
1181150 2099.3
1181160 2091.1
1181170 2082.5
1181180 2082.5
1181190 2074.1
1181200 2064.9
1181210 2064.9
1181220 2055.1
1181230 2044.9
1181240 2044.9
1181250 2031.4
1181260 2020.9
1181270 2020.9
1181280 2009.3
1181290 1997.8
1181300 1997.8
1181310 1987.9
1181320 1976.1
1181330 1976.1
1181340 1967.9
1181350 1960.0
1181360 1960.0
1181370 1952.1
1181380 1943.6
1181390 1943.6
1181400 1942.3
1181410 1938.2
1181420 1932.3
1181430 1932.3
1181440 1928.9
1181450 1928.2
1181460 1928.2
1181470 1928.8
1181480 1928.3
1181490 1928.3
1181500 1912.3
1181510 1894.5
1181520 1894.5
1181530 1883.3
1181540 1873.9
1181550 1873.9
1181560 1863.9
1181570 1856.1
1181580 1856.1
1181590 1850.5
1181600 1844.0
1181610 1844.0
1181620 1831.9
1181630 1820.2
1181640 1820.2
1181650 1812.0
1181660 1804.7
1181670 1804.7
1181680 1797.4
1181690 1791.0
1181700 1784.9
1181710 1784.9
1181720 1779.3
1181730 1772.8
1181740 1772.8
1181750 1765.5
1181760 1759.1
1181770 1759.1
1181780 1752.9
1181790 1746.6
1181800 1746.6
1181810 1740.2
1181820 1735.2
1181830 1735.2
1181840 1728.0
1181850 1721.9
1181860 1721.9
1181870 1715.8
1181880 1711.3
1181890 1711.3
1181900 1706.6
1181910 1701.9
1181920 1701.9
1181930 1697.6
1181940 1693.4
1181950 1693.4
1181960 1688.3
1181970 1682.4
1181980 1676.6
1181990 1676.6
1182000 1672.5
1182010 1669.1
1182020 1669.1
1182030 1665.8
1182040 1661.0
1182050 1661.0
1182060 1655.5
1182070 1650.6
1182080 1650.6
1182090 1645.4
1182100 1639.9
1182110 1639.9
1182120 1636.4
1182130 1633.7
1182140 1633.7
1182150 1631.3
1182160 1628.8
1182170 1628.8
1182180 1626.6
1182190 1624.9
1182200 1624.9
1182210 1623.1
1182220 1620.8
1182230 1620.8
1182240 1620.5
1182250 1618.6
1182260 1618.6
1182270 1616.8
1182280 1614.6
1182290 1608.5
1182300 1608.5
1182310 1601.5
1182320 1600.9
1182330 1600.9
1182340 1604.3
1182350 1611.1
1182360 1611.1
1182370 1615.2
1182380 1618.4
1182390 1618.4
1182400 1622.3
1182410 1625.8
1182420 1625.8
1182430 1629.2
1182440 1632.9
1182450 1632.9
1182460 1637.1
1182470 1640.9
1182480 1640.9
1182490 1644.6
1182500 1650.1
1182510 1650.1
1182520 1654.7
1182530 1660.0
1182540 1660.0
1182550 1667.9
1182560 1675.1
1182570 1681.9
1182580 1681.9
1182590 1689.4
1182600 1696.7
1182610 1696.7
1182620 1702.0
1182630 1707.1
1182640 1707.1
1182650 1713.1
1182660 1725.5
1182670 1725.5
1182680 1730.9
1182690 1737.7
1182700 1737.7
1182710 1744.3
1182720 1750.6
1182730 1750.6
1182740 1754.6
1182750 1758.1
1182760 1758.1
1182770 1765.0
1182780 1773.4
1182790 1773.4
1182800 1779.8
1182810 1785.1
1182820 1785.1
1182830 1789.9
1182840 1794.6
1182850 1801.4
1182860 1801.4
1182870 1811.1
1182880 1819.6
1182890 1819.6
1182900 1826.5
1182910 1832.9
1182920 1832.9
1182930 1839.4
1182940 1845.9
1182950 1845.9
1182960 1852.1
1182970 1857.7
1182980 1857.7
1182990 1863.1
1183000 1867.8
1183010 1867.8
1183020 1870.8
1183030 1871.1
1183040 1871.1
1183050 1870.8
1183060 1871.3
1183070 1871.3
1183080 1872.1
1183090 1879.9
1183100 1879.9
1183110 1881.3
1183120 1887.0
1183130 1894.5
1183140 1894.5
1183150 1901.7
1183160 1909.5
1183170 1909.5
1183180 1917.2
1183190 1922.0
1183200 1922.0
1183210 1929.2
1183220 1937.5
1183230 1937.5
1183240 1941.9
1183250 1942.0
1183260 1942.0
1183270 1927.3
1183280 1908.9
1183290 1908.9
1183300 1900.9
1183310 1902.3
1183320 1902.3
1183330 1904.5
1183340 1907.9
1183350 1907.9
1183360 1911.4
1183370 1914.1
1183380 1914.1
1183390 1917.7
1183400 1920.7
1183410 1923.0
1183420 1923.0
1183430 1925.5
1183440 1928.4
1183450 1928.4
1183460 1931.2
1183470 1934.2
1183480 1934.2
1183490 1937.3
1183500 1939.1
1183510 1944.4
1183520 1946.4
1183530 1948.1
1183540 1948.1
1183550 1949.4
1183560 1951.5
1183570 1951.5
1183580 1954.6
1183590 1958.1
1183600 1958.1
1183610 1962.1
1183620 1966.3
1183630 1966.3
1183640 1970.0
1183650 1973.9
1183660 1973.9
1183670 1977.9
1183680 1981.5
1183690 1985.5
1183700 1985.5
1183710 1989.9
1183720 1994.4
1183730 1994.4
1183740 1998.5
1183750 2002.3
1183760 2002.3
1183770 2006.0
1183780 2010.5
1183790 2010.5
1183800 2014.7
1183810 2019.0
1183820 2019.0
1183830 2023.1
1183840 2026.9
1183850 2026.9
1183860 2031.0
1183870 2035.6
1183880 2035.6
1183890 2040.9
1183900 2046.9
1183910 2046.9
1183920 2051.6
1183930 2060.3
1183940 2060.3
1183950 2065.1
1183960 2069.0
1183970 2073.0
1183980 2073.0
1183990 2077.7
1184000 2082.6
1184010 2082.6
1184020 2087.6
1184030 2091.9
1184040 2091.9
1184050 2095.5
1184060 2099.0
1184070 2099.0
1184080 2103.2
1184090 2109.5
1184100 2109.5
1184110 2115.4
1184120 2120.9
1184130 2120.9
1184140 2126.5
1184150 2132.4
1184160 2132.4
1184170 2137.9
1184180 2142.4
1184190 2142.4
1184200 2147.1
1184210 2151.5
1184220 2151.5
1184230 2158.1
1184240 2169.3
1184250 2177.9
1184260 2177.9
1184270 2188.6
1184280 2198.7
1184290 2198.7
1184300 2205.7
1184310 2213.9
1184320 2213.9
1184330 2222.7
1184340 2231.7
1184350 2231.7
1184360 2236.7
1184370 2245.4
1184380 2245.4
1184390 2254.6
1184400 2263.2
1184410 2263.2
1184420 2271.2
1184430 2279.3
1184440 2279.3
1184450 2287.3
1184460 2290.9
1184470 2290.9
1184480 2280.2
1184490 2266.1
1184500 2266.1
1184510 2253.3
1184520 2241.4
1184530 2241.4
1184540 2231.2
1184550 2221.0
1184560 2217.9
1184570 2217.9
1184580 2211.4
1184590 2194.6
1184600 2194.6
1184610 2186.6
1184620 2176.0
1184630 2176.0
1184640 2154.9
1184650 2141.4
1184660 2141.4
1184670 2132.4
1184680 2125.5
1184690 2125.5
1184700 2118.2
1184710 2109.8
1184720 2109.8
1184730 2102.2
1184740 2097.8
1184750 2097.8
1184760 2093.2
1184770 2088.2
1184780 2091.8
1184790 2087.1
1184800 2083.3
1184810 2083.3
1184820 2079.6
1184830 2075.9
1184840 2072.6
1184850 2072.6
1184860 2070.1
1184870 2069.0
1184880 2069.0
1184890 2066.9
1184900 2065.4
1184910 2065.4
1184920 2064.2
1184930 2062.9
1184940 2062.9
1184950 2061.8
1184960 2060.1
1184970 2060.1
1184980 2058.5
1184990 2056.7
1185000 2056.7
1185010 2054.4
1185020 2051.8
1185030 2051.8
1185040 2048.5
1185050 2046.6
1185060 2046.6
1185070 2045.0
1185080 2043.2
1185090 2043.2
1185100 2041.6
1185110 2039.8
1185120 2038.8
1185130 2038.8
1185140 2036.6
1185150 2033.2
1185160 2033.2
1185170 2031.3
1185180 2025.5
1185190 2025.5
1185200 2022.2
1185210 2025.9
1185220 2025.9
1185230 2024.3
1185240 2023.0
1185250 2023.0
1185260 2020.8
1185270 2019.3
1185280 2019.3
1185290 2017.3
1185300 2016.2
1185310 2016.2
1185320 2014.3
1185330 2009.9
1185340 2009.9
1185350 2008.9
1185360 2006.0
1185370 2006.0
1185380 2003.5
1185390 2001.4
1185400 1997.2
1185410 1997.2
1185420 1992.8
1185430 1993.7
1185440 1993.7
1185450 1994.5
1185460 1994.3
1185470 1994.3
1185480 1997.0
1185490 1998.6
1185500 1998.6
1185510 1999.5
1185520 2000.9
1185530 2000.9
1185540 1999.5
1185550 1999.0
1185560 1999.0
1185570 2002.0
1185580 2005.1
1185590 2005.1
1185600 2007.7
1185610 2008.6
1185620 2008.6
1185630 2016.7
1185640 2018.6
1185650 2018.6
1185660 2019.3
1185670 2019.6
1185680 2021.9
1185690 2021.9
1185700 2023.6
1185710 2025.5
1185720 2025.5
1185730 2026.4
1185740 2026.3
1185750 2026.3
1185760 2028.7
1185770 2029.5
1185780 2029.5
1185790 2031.6
1185800 2034.6
1185810 2034.6
1185820 2039.4
1185830 2045.8
1185840 2045.8
1185850 2051.5
1185860 2054.4
1185870 2054.4
1185880 2056.2
1185890 2059.6
1185900 2059.6
1185910 2060.4
1185920 2060.4
1185930 2060.4
1185940 2062.3
1185950 2064.1
1185960 2066.9
1185970 2066.9
1185980 2070.0
1185990 2072.9
1186000 2072.9
1186010 2079.3
1186020 2090.3
1186030 2090.3
1186040 2094.6
1186050 2101.8
1186060 2112.3
1186070 2116.1
1186080 2120.8
1186090 2120.8
1186100 2130.8
1186110 2137.4
1186120 2137.4
1186130 2142.4
1186140 2148.3
1186150 2148.3
1186160 2154.7
1186170 2161.3
1186180 2161.3
1186190 2162.2
1186200 2155.3
1186210 2155.3
1186220 2153.2
1186230 2156.7
1186240 2158.1
1186250 2158.1
1186260 2153.4
1186270 2142.5
1186280 2142.5
1186290 2127.1
1186300 2117.8
1186310 2117.8
1186320 2112.9
1186330 2116.1
1186340 2116.1
1186350 2119.1
1186360 2115.0
1186370 2115.0
1186380 2110.9
1186390 2109.2
1186400 2109.2
1186410 2107.4
1186420 2104.4
1186430 2104.4
1186440 2102.8
1186450 2103.0
1186460 2103.0
1186470 2100.8
1186480 2091.8
1186490 2089.1
1186500 2079.1
1186510 2070.0
1186520 2061.4
1186530 2061.4
1186540 2051.1
1186550 2044.6
1186560 2044.6
1186570 2036.2
1186580 2033.3
1186590 2033.3
1186600 2023.9
1186610 2013.6
1186620 2013.6
1186630 2005.6
1186640 1991.2
1186650 1991.2
1186660 1964.9
1186670 1954.9
1186680 1954.9
1186690 1948.5
1186700 1942.6
1186710 1942.6
1186720 1937.8
1186730 1933.0
1186740 1933.0
1186750 1928.0
1186760 1922.7
1186770 1922.7
1186780 1917.8
1186790 1913.1
1186800 1913.1
1186810 1908.5
1186820 1903.1
1186830 1897.2
1186840 1897.2
1186850 1892.4
1186860 1887.7
1186870 1887.7
1186880 1882.9
1186890 1877.0
1186900 1877.0
1186910 1864.0
1186920 1856.8
1186930 1856.8
1186940 1850.3
1186950 1844.1
1186960 1844.1
1186970 1837.8
1186980 1831.3
1186990 1831.3
1187000 1824.6
1187010 1819.4
1187020 1819.4
1187030 1816.0
1187040 1812.9
1187050 1812.9
1187060 1808.2
1187070 1800.6
1187080 1800.6
1187090 1793.2
1187100 1786.1
1187110 1778.8
1187120 1778.8
1187130 1771.9
1187140 1765.5
1187150 1765.5
1187160 1758.7
1187170 1750.0
1187180 1750.0
1187190 1741.5
1187200 1735.1
1187210 1735.1
1187220 1731.0
1187230 1726.7
1187240 1726.7
1187250 1721.5
1187260 1715.7
1187270 1715.7
1187280 1708.3
1187290 1701.3
1187300 1701.3
1187310 1694.9
1187320 1689.0
1187330 1689.0
1187340 1677.8
1187350 1671.0
1187360 1671.0
1187370 1666.0
1187380 1659.8
1187390 1652.8
1187400 1652.8
1187410 1648.4
1187420 1644.6
1187430 1644.6
1187440 1638.9
1187450 1632.4
1187460 1632.4
1187470 1624.6
1187480 1615.6
1187490 1615.6
1187500 1607.5
1187510 1601.4
1187520 1601.4
1187530 1594.6
1187540 1587.7
1187550 1587.7
1187560 1580.8
1187570 1574.1
1187580 1574.1
1187590 1567.2
1187600 1560.6
1187610 1560.6
1187620 1553.4
1187630 1545.2
1187640 1545.2
1187650 1538.6
1187660 1532.5
1187670 1527.7
1187680 1527.7
1187690 1524.0
1187700 1519.9
1187710 1519.9
1187720 1515.4
1187730 1511.1
1187740 1511.1
1187750 1506.7
1187760 1502.1
1187770 1499.8
1187780 1495.3
1187790 1491.0
1187800 1491.0
1187810 1486.7
1187820 1482.5
1187830 1482.5
1187840 1478.3
1187850 1474.6
1187860 1474.6
1187870 1471.1
1187880 1467.5
1187890 1467.5
1187900 1463.5
1187910 1459.1
1187920 1459.1
1187930 1453.8
1187940 1445.9
1187950 1442.0
1187960 1442.0
1187970 1442.8
1187980 1447.0
1187990 1447.0
1188000 1449.9
1188010 1451.7
1188020 1451.7
1188030 1454.5
1188040 1454.5
1188050 1454.5
1188060 1453.8
1188070 1453.4
1188080 1453.4
1188090 1450.9
1188100 1452.5
1188110 1452.5
1188120 1453.1
1188130 1454.2
1188140 1454.2
1188150 1452.5
1188160 1452.7
1188170 1452.7
1188180 1455.2
1188190 1454.8
1188200 1461.2
1188210 1464.3
1188220 1463.5
1188230 1457.5
1188240 1457.5
1188250 1451.9
1188260 1448.2
1188270 1448.2
1188280 1443.1
1188290 1438.7
1188300 1438.7
1188310 1438.5
1188320 1440.7
1188330 1440.7
1188340 1438.8
1188350 1436.1
1188360 1436.1
1188370 1434.5
1188380 1431.3
1188390 1431.3
1188400 1427.9
1188410 1427.6
1188420 1427.6
1188430 1428.7
1188440 1429.6
1188450 1429.6
1188460 1431.7
1188470 1436.1
1188480 1436.1
1188490 1442.4
1188500 1448.6
1188510 1452.6
1188520 1452.6
1188530 1454.6
1188540 1455.8
1188550 1455.8
1188560 1457.3
1188570 1459.2
1188580 1459.2
1188590 1462.6
1188600 1466.5
1188610 1466.5
1188620 1471.1
1188630 1475.0
1188640 1475.0
1188650 1480.7
1188660 1485.1
1188670 1485.1
1188680 1485.1
1188690 1485.9
1188700 1485.9
1188710 1491.8
1188720 1499.1
1188730 1499.1
1188740 1503.7
1188750 1505.7
1188760 1505.7
1188770 1509.7
1188780 1513.2
1188790 1516.7
1188800 1516.7
1188810 1520.7
1188820 1525.0
1188830 1525.0
1188840 1529.3
1188850 1534.1
1188860 1534.1
1188870 1538.7
1188880 1543.9
1188890 1543.9
1188900 1549.6
1188910 1554.9
1188920 1554.9
1188930 1559.6
1188940 1564.5
1188950 1564.5
1188960 1570.5
1188970 1577.0
1188980 1577.0
1188990 1583.8
1189000 1590.2
1189010 1590.2
1189020 1596.1
1189030 1601.6
1189040 1601.6
1189050 1606.8
1189060 1607.9
1189070 1613.6
1189080 1613.6
1189090 1619.9
1189100 1626.3
1189110 1626.3
1189120 1632.9
1189130 1639.5
1189140 1639.5
1189150 1647.0
1189160 1654.7
1189170 1654.7
1189180 1662.1
1189190 1670.1
1189200 1670.1
1189210 1679.1
1189220 1687.2
1189230 1687.2
1189240 1693.8
1189250 1699.9
1189260 1699.9
1189270 1704.4
1189280 1702.7
1189290 1702.7
1189300 1702.2
1189310 1706.5
1189320 1706.5
1189330 1714.2
1189340 1722.7
1189350 1722.7
1189360 1731.6
1189370 1739.8
1189380 1746.3
1189390 1746.3
1189400 1753.4
1189410 1761.5
1189420 1761.5
1189430 1768.7
1189440 1775.6
1189450 1775.6
1189460 1782.5
1189470 1789.8
1189480 1789.8
1189490 1795.1
1189500 1801.6
1189510 1801.6
1189520 1808.3
1189530 1815.4
1189540 1815.4
1189550 1823.5
1189560 1831.6
1189570 1831.6
1189580 1837.8
1189590 1843.2
1189600 1843.2
1189610 1845.8
1189620 1848.2
1189630 1848.2
1189640 1855.5
1189650 1862.3
1189660 1867.6
1189670 1867.6
1189680 1873.5
1189690 1879.3
1189700 1879.3
1189710 1885.1
1189720 1891.1
1189730 1891.1
1189740 1897.1
1189750 1903.0
1189760 1903.0
1189770 1908.9
1189780 1914.5
1189790 1914.5
1189800 1920.3
1189810 1924.7
1189820 1924.7
1189830 1931.0
1189840 1937.2
1189850 1937.2
1189860 1942.8
1189870 1949.5
1189880 1949.5
1189890 1955.3
1189900 1961.6
1189910 1961.6
1189920 1967.7
1189930 1965.6
1189940 1966.3
1189950 1966.3
1189960 1965.9
1189970 1970.2
1189980 1970.2
1189990 1974.4
1190000 1978.1
1190010 1978.1
1190020 1986.6
1190030 1993.5
1190040 1993.5
1190050 2000.7
1190060 2011.8
1190070 2011.8
1190080 2019.8
1190090 2029.4
1190100 2029.4
1190110 2035.5
1190120 2041.5
1190130 2041.5
1190140 2044.2
1190150 2047.6
1190160 2047.6
1190170 2060.8
1190180 2068.7
1190190 2068.7
1190200 2077.7
1190210 2093.1
1190220 2105.2
1190230 2105.2
1190240 2109.7
1190250 2112.9
1190260 2112.9
1190270 2117.7
1190280 2123.5
1190290 2123.5
1190300 2129.6
1190310 2134.8
1190320 2134.8
1190330 2140.3
1190340 2146.9
1190350 2146.9
1190360 2151.1
1190370 2159.8
1190380 2159.8
1190390 2167.3
1190400 2175.8
1190410 2175.8
1190420 2183.1
1190430 2189.4
1190440 2189.4
1190450 2195.9
1190460 2202.4
1190470 2202.4
1190480 2208.3
1190490 2211.5
1190500 2218.2
1190510 2218.2
1190520 2226.1
1190530 2234.3
1190540 2234.3
1190550 2241.7
1190560 2249.4
1190570 2249.4
1190580 2258.0
1190590 2266.9
1190600 2266.9
1190610 2275.5
1190620 2283.8
1190630 2283.8
1190640 2292.3
1190650 2300.1
1190660 2300.1
1190670 2307.0
1190680 2313.8
1190690 2313.8
1190700 2320.9
1190710 2328.1
1190720 2328.1
1190730 2334.9
1190740 2342.0
1190750 2342.0
1190760 2348.1
1190770 2345.1
1190780 2339.0
1190790 2346.5
1190800 2341.3
1190810 2334.8
1190820 2334.8
1190830 2329.6
1190840 2323.6
1190850 2323.6
1190860 2318.2
1190870 2317.9
1190880 2317.9
1190890 2311.6
1190900 2301.1
1190910 2301.1
1190920 2292.9
1190930 2281.7
1190940 2281.7
1190950 2270.9
1190960 2258.0
1190970 2258.0
1190980 2249.7
1190990 2242.9
1191000 2242.9
1191010 2236.3
1191020 2231.5
1191030 2231.5
1191040 2231.6
1191050 2226.1
1191060 2225.2
1191070 2225.2
1191080 2226.3
1191090 2217.4
1191100 2217.4
1191110 2206.4
1191120 2194.9
1191130 2194.9
1191140 2182.7
1191150 2170.0
1191160 2170.0
1191170 2158.3
1191180 2149.6
1191190 2149.6
1191200 2141.9
1191210 2131.2
1191220 2130.5
1191230 2118.4
1191240 2106.6
1191250 2106.6
1191260 2095.4
1191270 2093.8
1191280 2093.8
1191290 2095.4
1191300 2099.6
1191310 2099.6
1191320 2109.9
1191330 2117.5
1191340 2109.6
1191350 2109.6
1191360 2101.8
1191370 2092.4
1191380 2092.4
1191390 2082.1
1191400 2071.8
1191410 2071.8
1191420 2063.3
1191430 2061.9
1191440 2061.9
1191450 2050.2
1191460 2039.0
1191470 2039.0
1191480 2040.1
1191490 2038.9
1191500 2038.9
1191510 2036.4
1191520 2033.8
1191530 2033.8
1191540 2026.5
1191550 2019.1
1191560 2019.1
1191570 2012.2
1191580 2005.8
1191590 2005.8
1191600 1996.4
1191610 1986.8
1191620 1986.8
1191630 1970.0
1191640 1946.7
1191650 1942.1
1191660 1935.7
1191670 1943.7
1191680 1948.0
1191690 1948.0
1191700 1943.1
1191710 1930.9
1191720 1930.9
1191730 1917.7
1191740 1910.6
1191750 1910.6
1191760 1906.7
1191770 1901.1
1191780 1901.1
1191790 1894.7
1191800 1891.1
1191810 1891.1
1191820 1887.5
1191830 1884.3
1191840 1884.3
1191850 1879.5
1191860 1873.3
1191870 1873.3
1191880 1868.2
1191890 1862.2
1191900 1862.2
1191910 1857.0
1191920 1855.2
1191930 1853.2
1191940 1853.2
1191950 1850.5
1191960 1847.1
1191970 1847.1
1191980 1843.7
1191990 1840.7
1192000 1840.7
1192010 1836.9
1192020 1832.3
1192030 1832.3
1192040 1827.5
1192050 1822.4
1192060 1822.4
1192070 1817.8
1192080 1813.0
1192090 1810.5
1192100 1805.5
1192110 1800.7
1192120 1800.7
1192130 1796.0
1192140 1791.4
1192150 1791.4
1192160 1786.8
1192170 1782.0
1192180 1782.0
1192190 1777.3
1192200 1772.6
1192210 1767.8
1192220 1767.8
1192230 1762.8
1192240 1758.0
1192250 1758.0
1192260 1753.3
1192270 1748.6
1192280 1748.6
1192290 1744.3
1192300 1740.2
1192310 1740.2
1192320 1735.7
1192330 1731.2
1192340 1731.2
1192350 1727.1
1192360 1722.5
1192370 1722.5
1192380 1717.7
1192390 1712.9
1192400 1712.9
1192410 1708.6
1192420 1704.6
1192430 1704.6
1192440 1700.8
1192450 1696.9
1192460 1696.9
1192470 1693.0
1192480 1688.5
1192490 1685.0
1192500 1685.0
1192510 1682.4
1192520 1679.7
1192530 1687.5
1192540 1684.0
1192550 1680.1
1192560 1680.1
1192570 1676.1
1192580 1672.3
1192590 1672.3
1192600 1668.0
1192610 1664.3
1192620 1664.3
1192630 1661.7
1192640 1659.2
1192650 1659.2
1192660 1656.6
1192670 1651.5
1192680 1651.5
1192690 1645.0
1192700 1638.6
1192710 1638.6
1192720 1631.8
1192730 1624.6
1192740 1624.6
1192750 1618.3
1192760 1617.5
1192770 1615.3
1192780 1615.3
1192790 1611.8
1192800 1608.9
1192810 1608.9
1192820 1605.7
1192830 1603.1
1192840 1603.1
1192850 1600.0
1192860 1597.1
1192870 1597.1
1192880 1594.4
1192890 1592.1
1192900 1592.1
1192910 1590.4
1192920 1588.4
1192930 1588.4
1192940 1585.9
1192950 1583.1
1192960 1583.1
1192970 1580.5
1192980 1578.5
1192990 1578.5
1193000 1576.2
1193010 1573.9
1193020 1573.9
1193030 1571.5
1193040 1569.3
1193050 1567.0
1193060 1567.0
1193070 1564.9
1193080 1562.6
1193090 1562.6
1193100 1560.4
1193110 1558.5
1193120 1558.5
1193130 1556.3
1193140 1553.9
1193150 1553.9
1193160 1551.7
1193170 1549.7
1193180 1549.7
1193190 1548.0
1193200 1546.2
1193210 1546.2
1193220 1544.5
1193230 1542.8
1193240 1542.8
1193250 1540.9
1193260 1539.3
1193270 1539.3
1193280 1537.5
1193290 1535.9
1193300 1535.9
1193310 1534.2
1193320 1532.6
1193330 1529.6
1193340 1529.6
1193350 1525.5
1193360 1523.8
1193370 1523.8
1193380 1526.7
1193390 1533.0
1193400 1539.1
1193410 1544.9
1193420 1551.2
1193430 1551.2
1193440 1557.7
1193450 1563.3
1193460 1563.3
1193470 1564.4
1193480 1568.2
1193490 1568.2
1193500 1572.9
1193510 1577.1
1193520 1577.1
1193530 1581.3
1193540 1582.2
1193550 1582.2
1193560 1585.0
1193570 1589.1
1193580 1589.1
1193590 1596.4
1193600 1603.2
1193610 1610.1
1193620 1610.1
1193630 1615.5
1193640 1614.8
1193650 1614.8
1193660 1613.5
1193670 1611.7
1193680 1611.7
1193690 1613.2
1193700 1616.0
1193710 1616.0
1193720 1620.5
1193730 1627.1
1193740 1627.1
1193750 1628.3
1193760 1626.1
1193770 1626.1
1193780 1623.9
1193790 1627.2
1193800 1627.2
1193810 1624.2
1193820 1624.1
1193830 1624.1
1193840 1630.2
1193850 1625.1
1193860 1625.1
1193870 1617.9
1193880 1615.8
1193890 1615.7
1193900 1615.7
1193910 1619.9
1193920 1626.6
1193930 1626.6
1193940 1624.5
1193950 1623.1
1193960 1623.1
1193970 1624.8
1193980 1621.6
1193990 1621.6
1194000 1620.4
1194010 1623.0
1194020 1623.0
1194030 1620.7
1194040 1620.0
1194050 1620.0
1194060 1621.0
1194070 1618.2
1194080 1618.2
1194090 1615.5
1194100 1616.8
1194110 1616.8
1194120 1616.7
1194130 1616.0
1194140 1616.0
1194150 1614.7
1194160 1613.6
1194170 1613.6
1194180 1613.0
1194190 1612.0
1194200 1612.2
1194210 1612.2
1194220 1616.4
1194230 1616.1
1194240 1616.1
1194250 1614.4
1194260 1616.4
1194270 1616.4
1194280 1619.4
1194290 1619.5
1194300 1619.5
1194310 1627.6
1194320 1633.0
1194330 1633.0
1194340 1633.9
1194350 1633.3
1194360 1633.3
1194370 1633.0
1194380 1631.5
1194390 1631.5
1194400 1633.4
1194410 1635.4
1194420 1635.4
1194430 1636.4
1194440 1636.6
1194450 1636.6
1194460 1637.4
1194470 1639.8
1194480 1639.5
1194490 1639.5
1194500 1638.6
1194510 1640.3
1194520 1640.3
1194530 1642.1
1194540 1643.1
1194550 1643.1
1194560 1646.2
1194570 1649.2
1194580 1649.2
1194590 1651.4
1194600 1653.0
1194610 1653.0
1194620 1654.2
1194630 1655.7
1194640 1655.7
1194650 1657.5
1194660 1660.2
1194670 1660.2
1194680 1663.2
1194690 1665.7
1194700 1665.7
1194710 1668.3
1194720 1677.3
1194730 1677.3
1194740 1679.4
1194750 1682.8
1194760 1687.6
1194770 1687.6
1194780 1693.4
1194790 1698.3
1194800 1698.3
1194810 1701.6
1194820 1703.4
1194830 1703.4
1194840 1704.5
1194850 1705.2
1194860 1705.2
1194870 1704.2
1194880 1701.8
1194890 1701.8
1194900 1699.2
1194910 1698.0
1194920 1698.0
1194930 1696.7
1194940 1695.8
1194950 1695.8
1194960 1695.1
1194970 1694.9
1194980 1694.9
1194990 1695.1
1195000 1694.7
1195010 1694.7
1195020 1693.6
1195030 1693.6
1195040 1694.4
1195050 1694.4
1195060 1694.7
1195070 1695.7
1195080 1695.7
1195090 1697.7
1195100 1700.9
1195110 1700.9
1195120 1703.2
1195130 1704.0
1195140 1704.0
1195150 1704.6
1195160 1700.8
1195170 1700.8
1195180 1699.7
1195190 1700.0
1195200 1700.0
1195210 1700.8
1195220 1701.5
1195230 1701.5
1195240 1701.5
1195250 1701.7
1195260 1701.7
1195270 1701.3
1195280 1699.9
1195290 1699.9
1195300 1697.5
1195310 1694.6
1195320 1693.3
1195330 1693.3
1195340 1694.4
1195350 1695.7
1195360 1695.7
1195370 1695.7
1195380 1694.4
1195390 1694.4
1195400 1693.0
1195410 1693.0
1195420 1693.0
1195430 1693.8
1195440 1694.5
1195450 1694.5
1195460 1694.5
1195470 1693.2
1195480 1693.2
1195490 1691.8
1195500 1689.8
1195510 1689.8
1195520 1686.8
1195530 1684.2
1195540 1684.2
1195550 1683.2
1195560 1682.4
1195570 1682.4
1195580 1682.8
1195590 1683.6
1195600 1687.3
1195610 1687.3
1195620 1686.5
1195630 1686.0
1195640 1686.0
1195650 1685.1
1195660 1684.6
1195670 1684.6
1195680 1685.2
1195690 1684.8
1195700 1684.8
1195710 1682.8
1195720 1680.7
1195730 1680.7
1195740 1676.9
1195750 1671.8
1195760 1671.8
1195770 1668.1
1195780 1665.1
1195790 1665.1
1195800 1662.6
1195810 1659.9
1195820 1659.9
1195830 1657.2
1195840 1655.3
1195850 1655.3
1195860 1653.1
1195870 1650.7
1195880 1650.0
1195890 1650.0
1195900 1648.5
1195910 1647.7
1195920 1647.7
1195930 1646.0
1195940 1645.9
1195950 1645.9
1195960 1647.0
1195970 1646.7
1195980 1646.7
1195990 1646.1
1196000 1643.4
1196010 1643.4
1196020 1640.5
1196030 1639.9
1196040 1642.7
1196050 1643.7
1196060 1644.1
1196070 1644.1
1196080 1644.0
1196090 1643.2
1196100 1643.2
1196110 1641.4
1196120 1640.0
1196130 1640.0
1196140 1640.2
1196150 1640.4
1196160 1639.2
1196170 1639.2
1196180 1637.1
1196190 1636.2
1196200 1636.2
1196210 1635.4
1196220 1633.8
1196230 1633.8
1196240 1630.3
1196250 1629.6
1196260 1629.6
1196270 1631.8
1196280 1634.5
1196290 1634.5
1196300 1637.2
1196310 1639.8
1196320 1639.8
1196330 1641.3
1196340 1643.2
1196350 1643.2
1196360 1646.0
1196370 1647.3
1196380 1647.3
1196390 1643.7
1196400 1637.4
1196410 1637.4
1196420 1631.2
1196430 1625.8
1196440 1622.8
1196450 1622.8
1196460 1623.2
1196470 1623.9
1196480 1627.2
1196490 1626.1
1196500 1624.3
1196510 1624.3
1196520 1622.5
1196530 1621.2
1196540 1621.2
1196550 1619.4
1196560 1616.5
1196570 1616.5
1196580 1614.3
1196590 1613.0
1196600 1613.0
1196610 1611.7
1196620 1609.8
1196630 1609.8
1196640 1606.8
1196650 1603.6
1196660 1603.6
1196670 1602.2
1196680 1602.6
1196690 1602.6
1196700 1602.1
1196710 1600.9
1196720 1598.4
1196730 1598.4
1196740 1596.0
1196750 1594.8
1196760 1594.8
1196770 1593.8
1196780 1592.9
1196790 1592.9
1196800 1592.0
1196810 1591.4
1196820 1591.4
1196830 1590.8
1196840 1589.7
1196850 1589.7
1196860 1588.7
1196870 1587.2
1196880 1587.2
1196890 1585.7
1196900 1583.4
1196910 1583.4
1196920 1581.3
1196930 1582.4
1196940 1582.4
1196950 1582.0
1196960 1581.4
1196970 1581.4
1196980 1580.9
1196990 1580.2
1197000 1580.2
1197010 1579.0
1197020 1577.5
1197030 1575.2
1197040 1575.2
1197050 1574.1
1197060 1573.7
1197070 1573.7
1197080 1573.7
1197090 1572.6
1197100 1572.6
1197110 1570.8
1197120 1569.8
1197130 1569.8
1197140 1568.6
1197150 1567.2
1197160 1567.2
1197170 1565.6
1197180 1563.9
1197190 1563.9
1197200 1562.7
1197210 1561.6
1197220 1561.6
1197230 1560.6
1197240 1559.4
1197250 1559.4
1197260 1557.2
1197270 1555.8
1197280 1555.8
1197290 1554.8
1197300 1554.9
1197310 1554.6
1197320 1554.6
1197330 1553.4
1197340 1553.0
1197350 1553.0
1197360 1552.7
1197370 1553.6
1197380 1553.6
1197390 1552.6
1197400 1552.1
1197410 1552.1
1197420 1551.2
1197430 1550.2
1197440 1550.2
1197450 1549.4
1197460 1548.5
1197470 1548.5
1197480 1547.3
1197490 1546.1
1197500 1546.1
1197510 1545.1
1197520 1544.5
1197530 1544.5
1197540 1544.1
1197550 1543.5
1197560 1543.5
1197570 1542.7
1197580 1542.9
1197590 1543.9
1197600 1543.9
1197610 1546.0
1197620 1549.0
1197630 1549.0
1197640 1549.8
1197650 1550.2
1197660 1550.2
1197670 1550.5
1197680 1550.5
1197690 1550.5
1197700 1550.0
1197710 1546.9
1197720 1546.9
1197730 1543.3
1197740 1544.0
1197750 1544.0
1197760 1546.7
1197770 1547.5
1197780 1547.5
1197790 1546.6
1197800 1545.0
1197810 1548.8
1197820 1545.0
1197830 1537.7
1197840 1537.7
1197850 1532.3
1197860 1527.8
1197870 1523.8
1197880 1523.8
1197890 1519.4
1197900 1515.4
1197910 1515.4
1197920 1511.5
1197930 1506.7
1197940 1506.7
1197950 1502.5
1197960 1504.6
1197970 1504.6
1197980 1510.9
1197990 1516.5
1198000 1516.5
1198010 1521.3
1198020 1526.2
1198030 1526.2
1198040 1530.9
1198050 1535.7
1198060 1535.7
1198070 1540.4
1198080 1545.2
1198090 1545.2
1198100 1548.8
1198110 1547.6
1198120 1547.6
1198130 1547.8
1198140 1550.7
1198150 1553.4
1198160 1553.4
1198170 1554.8
1198180 1554.8
1198190 1554.8
1198200 1554.7
1198210 1555.5
1198220 1555.5
1198230 1555.6
1198240 1555.6
1198250 1555.6
1198260 1558.5
1198270 1558.7
1198280 1558.7
1198290 1561.6
1198300 1562.6
1198310 1562.6
1198320 1563.7
1198330 1564.2
1198340 1564.2
1198350 1564.4
1198360 1564.6
1198370 1564.6
1198380 1565.0
1198390 1566.2
1198400 1566.2
1198410 1568.2
1198420 1571.4
1198430 1573.7
1198440 1573.7
1198450 1574.1
1198460 1571.7
1198470 1571.7
1198480 1568.5
1198490 1567.3
1198500 1567.3
1198510 1569.6
1198520 1571.3
1198530 1571.3
1198540 1569.9
1198550 1568.0
1198560 1568.0
1198570 1571.0
1198580 1573.2
1198590 1573.2
1198600 1571.6
1198610 1569.4
1198620 1569.4
1198630 1570.8
1198640 1572.2
1198650 1572.2
1198660 1571.8
1198670 1570.3
1198680 1570.3
1198690 1570.3
1198700 1571.7
1198710 1576.8
1198720 1576.8
1198730 1576.3
1198740 1576.9
1198750 1576.9
1198760 1577.9
1198770 1577.7
1198780 1577.7
1198790 1576.7
1198800 1576.1
1198810 1576.1
1198820 1576.0
1198830 1576.4
1198840 1576.4
1198850 1576.4
1198860 1575.7
1198870 1575.7
1198880 1575.4
1198890 1575.3
1198900 1575.3
1198910 1573.1
1198920 1573.8
1198930 1573.8
1198940 1575.9
1198950 1577.3
1198960 1577.3
1198970 1578.3
1198980 1578.6
1198990 1578.3
1199000 1578.3
1199010 1578.0
1199020 1578.0
1199030 1578.0
1199040 1577.9
1199050 1577.9
1199060 1577.9
1199070 1577.6
1199080 1576.5
1199090 1576.5
1199100 1577.6
1199110 1577.8
1199120 1577.8
1199130 1577.1
1199140 1575.7
1199150 1580.8
1199160 1579.8
1199170 1581.0
1199180 1581.0
1199190 1580.7
1199200 1580.2
1199210 1580.2
1199220 1580.7
1199230 1579.9
1199240 1579.9
1199250 1579.9
1199260 1580.0
1199270 1578.8
1199280 1578.8
1199290 1580.0
1199300 1580.6
1199310 1580.6
1199320 1580.8
1199330 1580.3
1199340 1580.3
1199350 1580.2
1199360 1581.3
1199370 1581.3
1199380 1581.4
1199390 1580.3
1199400 1580.3
1199410 1578.4
1199420 1577.7
1199430 1577.7
1199440 1577.9
1199450 1578.4
1199460 1578.4
1199470 1578.5
1199480 1578.3
1199490 1578.3
1199500 1578.1
1199510 1578.0
1199520 1578.0
1199530 1578.5
1199540 1579.0
1199550 1579.1
1199560 1579.1
1199570 1579.4
1199580 1579.9
1199590 1579.9
1199600 1585.6
1199610 1585.7
1199620 1585.7
1199630 1585.3
1199640 1585.5
1199650 1585.5
1199660 1584.7
1199670 1583.5
1199680 1583.5
1199690 1585.0
1199700 1587.3
1199710 1587.3
1199720 1588.4
1199730 1589.3
1199740 1589.3
1199750 1589.6
1199760 1589.1
1199770 1589.1
1199780 1588.9
1199790 1588.6
1199800 1588.6
1199810 1589.9
1199820 1590.7
1199830 1590.7
1199840 1590.7
1199850 1591.9
1199860 1593.4
1199870 1593.4
1199880 1594.7
1199890 1595.3
1199900 1595.3
1199910 1595.8
1199920 1597.0
1199930 1597.0
1199940 1597.5
1199950 1597.9
1199960 1597.9
1199970 1598.1
1199980 1597.9
1199990 1597.9
