1180000 2012.5
1180010 2012.5
1180020 2008.3
1180030 1999.7
1180040 1999.7
1180050 1998.5
1180060 1994.7
1180070 1994.7
1180080 1991.0
1180090 1986.2
1180100 1986.2
1180110 1980.8
1180120 1975.5
1180130 1975.5
1180140 1971.5
1180150 1968.1
1180160 1964.5
1180170 1964.5
1180180 1960.6
1180190 1957.0
1180200 1957.0
1180210 1952.5
1180220 1949.4
1180230 1949.4
1180240 1946.9
1180250 1943.6
1180260 1943.6
1180270 1943.9
1180280 1941.3
1180290 1941.3
1180300 1941.0
1180310 1939.7
1180320 1939.7
1180330 1939.1
1180340 1938.8
1180350 1938.8
1180360 1937.4
1180370 1936.5
1180380 1936.5
1180390 1935.9
1180400 1933.9
1180410 1933.9
1180420 1930.3
1180430 1926.8
1180440 1923.0
1180450 1917.3
1180460 1913.1
1180470 1909.3
1180480 1909.3
1180490 1904.7
1180500 1899.1
1180510 1899.1
1180520 1892.1
1180530 1884.5
1180540 1884.5
1180550 1877.4
1180560 1869.3
1180570 1869.3
1180580 1860.8
1180590 1852.6
1180600 1852.6
1180610 1844.3
1180620 1837.3
1180630 1837.3
1180640 1830.4
1180650 1824.4
1180660 1824.4
1180670 1818.0
1180680 1811.4
1180690 1811.4
1180700 1805.3
1180710 1798.8
1180720 1798.8
1180730 1792.6
1180740 1789.2
1180750 1783.5
1180760 1783.5
1180770 1774.7
1180780 1766.6
1180790 1766.6
1180800 1759.4
1180810 1753.0
1180820 1753.0
1180830 1746.8
1180840 1740.3
1180850 1740.3
1180860 1734.3
1180870 1730.6
1180880 1730.6
1180890 1725.2
1180900 1719.7
1180910 1719.7
1180920 1714.2
1180930 1708.7
1180940 1708.7
1180950 1703.4
1180960 1701.3
1180970 1701.3
1180980 1706.3
1180990 1712.2
1181000 1712.2
1181010 1718.0
1181020 1724.3
1181030 1731.9
1181040 1731.9
1181050 1740.2
1181060 1747.0
1181070 1747.0
1181080 1753.5
1181090 1761.9
1181100 1761.9
1181110 1770.5
1181120 1777.6
1181130 1777.6
1181140 1783.6
1181150 1789.3
1181160 1789.3
1181170 1795.8
1181180 1802.2
1181190 1802.2
1181200 1808.3
1181210 1814.3
1181220 1814.3
1181230 1820.4
1181240 1827.2
1181250 1827.2
1181260 1834.2
1181270 1841.8
1181280 1841.8
1181290 1851.1
1181300 1860.1
1181310 1870.6
1181320 1870.6
1181330 1881.7
1181340 1892.7
1181350 1892.7
1181360 1899.6
1181370 1898.6
1181380 1898.6
1181390 1894.5
1181400 1889.7
1181410 1889.7
1181420 1884.4
1181430 1879.0
1181440 1879.0
1181450 1872.1
1181460 1863.4
1181470 1863.4
1181480 1852.2
1181490 1840.7
1181500 1840.7
1181510 1830.1
1181520 1820.7
1181530 1820.7
1181540 1811.7
1181550 1803.5
1181560 1803.5
1181570 1795.5
1181580 1786.8
1181590 1778.9
1181600 1778.9
1181610 1772.2
1181620 1766.1
1181630 1766.1
1181640 1760.3
1181650 1754.6
1181660 1754.6
1181670 1746.7
1181680 1738.6
1181690 1738.6
1181700 1731.0
1181710 1722.4
1181720 1722.4
1181730 1715.4
1181740 1707.9
1181750 1707.9
1181760 1701.4
1181770 1694.3
1181780 1694.3
1181790 1685.9
1181800 1677.6
1181810 1677.6
1181820 1671.2
1181830 1666.4
1181840 1666.4
1181850 1660.8
1181860 1651.9
1181870 1651.9
1181880 1642.4
1181890 1631.9
1181900 1620.1
1181910 1620.1
1181920 1611.9
1181930 1604.8
1181940 1604.8
1181950 1597.1
1181960 1588.5
1181970 1588.5
1181980 1580.4
1181990 1572.2
1182000 1572.2
1182010 1564.5
1182020 1557.7
1182030 1557.7
1182040 1551.4
1182050 1545.3
1182060 1545.3
1182070 1539.7
1182080 1537.7
1182090 1537.7
1182100 1536.6
1182110 1534.3
1182120 1534.3
1182130 1524.9
1182140 1520.3
1182150 1520.3
1182160 1516.3
1182170 1513.4
1182180 1509.6
1182190 1509.6
1182200 1505.2
1182210 1500.6
1182220 1500.6
1182230 1495.5
1182240 1489.9
1182250 1489.9
1182260 1484.7
1182270 1480.5
1182280 1480.5
1182290 1476.7
1182300 1473.4
1182310 1473.4
1182320 1470.5
1182330 1468.0
1182340 1468.0
1182350 1466.6
1182360 1465.2
1182370 1465.2
1182380 1463.9
1182390 1463.0
1182400 1463.0
1182410 1461.8
1182420 1460.6
1182430 1460.6
1182440 1459.4
1182450 1456.0
1182460 1448.4
1182470 1448.4
1182480 1444.2
1182490 1441.6
1182500 1441.6
1182510 1438.9
1182520 1435.5
1182530 1435.5
1182540 1431.1
1182550 1422.4
1182560 1422.4
1182570 1419.5
1182580 1421.8
1182590 1421.8
1182600 1425.2
1182610 1430.4
1182620 1430.4
1182630 1435.5
1182640 1438.0
1182650 1438.0
1182660 1440.5
1182670 1445.2
1182680 1445.2
1182690 1450.4
1182700 1456.3
1182710 1456.3
1182720 1461.8
1182730 1467.5
1182740 1472.5
1182750 1472.5
1182760 1478.0
1182770 1482.5
1182780 1482.5
1182790 1487.4
1182800 1493.0
1182810 1493.0
1182820 1499.6
1182830 1507.9
1182840 1507.9
1182850 1515.5
1182860 1522.5
1182870 1522.5
1182880 1530.3
1182890 1538.4
1182900 1538.4
1182910 1547.6
1182920 1556.4
1182930 1556.4
1182940 1561.3
1182950 1566.3
1182960 1566.3
1182970 1578.1
1182980 1582.8
1182990 1582.8
1183000 1588.1
1183010 1592.7
1183020 1597.3
1183030 1597.3
1183040 1603.6
1183050 1609.4
1183060 1609.4
1183070 1609.5
1183080 1605.9
1183090 1605.9
1183100 1602.2
1183110 1599.2
1183120 1599.2
1183130 1597.5
1183140 1599.3
1183150 1599.3
1183160 1603.3
1183170 1603.2
1183180 1603.2
1183190 1600.7
1183200 1600.7
1183210 1600.7
1183220 1600.5
1183230 1600.4
1183240 1600.4
1183250 1599.0
1183260 1595.9
1183270 1595.9
1183280 1593.6
1183290 1593.3
1183300 1593.3
1183310 1592.6
1183320 1595.7
1183330 1600.9
1183340 1600.9
1183350 1604.9
1183360 1607.6
1183370 1607.6
1183380 1606.3
1183390 1607.9
1183400 1618.1
1183410 1618.7
1183420 1619.3
1183430 1619.3
1183440 1626.4
1183450 1634.5
1183460 1634.5
1183470 1642.2
1183480 1650.5
1183490 1650.5
1183500 1657.8
1183510 1664.3
1183520 1664.3
1183530 1670.7
1183540 1679.8
1183550 1679.8
1183560 1689.5
1183570 1698.0
1183580 1698.0
1183590 1707.1
1183600 1714.4
1183610 1719.2
1183620 1719.2
1183630 1722.6
1183640 1725.6
1183650 1725.6
1183660 1729.8
1183670 1734.7
1183680 1734.7
1183690 1740.2
1183700 1746.8
1183710 1746.8
1183720 1754.1
1183730 1761.4
1183740 1761.4
1183750 1767.5
1183760 1774.0
1183770 1774.0
1183780 1781.8
1183790 1790.0
1183800 1790.0
1183810 1798.1
1183820 1802.9
1183830 1802.9
1183840 1811.1
1183850 1817.8
1183860 1817.8
1183870 1824.5
1183880 1830.3
1183890 1834.9
1183900 1834.9
1183910 1839.3
1183920 1844.0
1183930 1844.0
1183940 1846.1
1183950 1845.5
1183960 1845.5
1183970 1847.2
1183980 1850.1
1183990 1850.1
1184000 1854.4
1184010 1859.2
1184020 1859.2
1184030 1864.5
1184040 1870.2
1184050 1870.2
1184060 1875.9
1184070 1881.6
1184080 1881.6
1184090 1888.2
1184100 1896.2
1184110 1896.2
1184120 1905.0
1184130 1914.0
1184140 1914.0
1184150 1922.8
1184160 1931.2
1184170 1939.7
1184180 1939.7
1184190 1948.5
1184200 1956.7
1184210 1956.7
1184220 1963.2
1184230 1969.2
1184240 1970.3
1184250 1977.8
1184260 1984.4
1184270 1984.4
1184280 1989.1
1184290 1992.6
1184300 1992.6
1184310 1995.7
1184320 1999.5
1184330 1999.5
1184340 2004.2
1184350 2010.9
1184360 2010.9
1184370 2018.1
1184380 2025.5
1184390 2025.5
1184400 2033.3
1184410 2040.7
1184420 2040.7
1184430 2047.5
1184440 2056.0
1184450 2056.0
1184460 2066.5
1184470 2077.2
1184480 2085.9
1184490 2085.9
1184500 2093.3
1184510 2100.9
1184520 2100.9
1184530 2103.8
1184540 2100.2
1184550 2100.2
1184560 2085.4
1184570 2068.2
1184580 2068.2
1184590 2060.2
1184600 2053.9
1184610 2053.9
1184620 2046.8
1184630 2041.8
1184640 2041.8
1184650 2037.2
1184660 2032.5
1184670 2038.6
1184680 2034.0
1184690 2028.8
1184700 2028.8
1184710 2022.9
1184720 2018.4
1184730 2018.4
1184740 2014.8
1184750 2010.8
1184760 2007.7
1184770 2007.7
1184780 1996.6
1184790 1983.9
1184800 1983.9
1184810 1978.0
1184820 1973.9
1184830 1973.9
1184840 1970.0
1184850 1966.5
1184860 1966.5
1184870 1962.7
1184880 1958.4
1184890 1958.4
1184900 1953.1
1184910 1947.5
1184920 1947.5
1184930 1941.4
1184940 1935.8
1184950 1935.8
1184960 1930.7
1184970 1925.0
1184980 1925.0
1184990 1920.2
1185000 1915.7
1185010 1915.7
1185020 1912.0
1185030 1909.0
1185040 1906.9
1185050 1906.9
1185060 1906.3
1185070 1906.7
1185080 1906.7
1185090 1914.6
1185100 1915.5
1185110 1915.5
1185120 1915.9
1185130 1911.9
1185140 1911.9
1185150 1904.6
1185160 1894.7
1185170 1894.7
1185180 1884.4
1185190 1872.6
1185200 1872.6
1185210 1861.1
1185220 1851.5
1185230 1851.5
1185240 1841.6
1185250 1832.9
1185260 1832.9
1185270 1821.9
1185280 1811.6
1185290 1811.6
1185300 1803.2
1185310 1794.9
1185320 1786.6
1185330 1786.6
1185340 1777.5
1185350 1769.4
1185360 1769.4
1185370 1761.1
1185380 1753.4
1185390 1753.4
1185400 1746.5
1185410 1740.4
1185420 1740.4
1185430 1734.5
1185440 1728.0
1185450 1728.0
1185460 1721.6
1185470 1715.2
1185480 1715.2
1185490 1708.9
1185500 1702.8
1185510 1702.8
1185520 1698.1
1185530 1693.0
1185540 1693.0
1185550 1688.3
1185560 1683.8
1185570 1683.8
1185580 1679.6
1185590 1676.2
1185600 1672.6
1185610 1672.6
1185620 1668.9
1185630 1666.0
1185640 1666.0
1185650 1664.7
1185660 1664.0
1185670 1664.0
1185680 1663.8
1185690 1662.9
1185700 1662.9
1185710 1660.3
1185720 1662.2
1185730 1662.2
1185740 1664.9
1185750 1665.6
1185760 1665.6
1185770 1665.1
1185780 1666.3
1185790 1666.3
1185800 1669.2
1185810 1672.1
1185820 1672.1
1185830 1675.9
1185840 1679.9
1185850 1679.9
1185860 1684.6
1185870 1688.9
1185880 1688.9
1185890 1692.1
1185900 1695.7
1185910 1695.6
1185920 1695.6
1185930 1692.8
1185940 1689.0
1185950 1694.3
1185960 1689.8
1185970 1685.7
1185980 1685.7
1185990 1680.8
1186000 1675.8
1186010 1675.8
1186020 1674.7
1186030 1674.8
1186040 1674.8
1186050 1673.0
1186060 1672.5
1186070 1672.5
1186080 1672.7
1186090 1672.8
1186100 1672.8
1186110 1672.0
1186120 1673.2
1186130 1673.2
1186140 1673.6
1186150 1679.2
1186160 1679.2
1186170 1683.9
1186180 1689.7
1186190 1698.3
1186200 1698.3
1186210 1708.7
1186220 1714.3
1186230 1714.3
1186240 1719.8
1186250 1728.3
1186260 1728.3
1186270 1735.9
1186280 1740.7
1186290 1740.7
1186300 1747.3
1186310 1753.6
1186320 1753.6
1186330 1759.5
1186340 1765.4
1186350 1765.4
1186360 1770.7
1186370 1781.6
1186380 1781.6
1186390 1787.1
1186400 1792.7
1186410 1792.7
1186420 1799.4
1186430 1805.9
1186440 1805.9
1186450 1811.2
1186460 1816.4
1186470 1818.8
1186480 1818.8
1186490 1823.1
1186500 1829.8
1186510 1829.8
1186520 1834.9
1186530 1841.3
1186540 1841.3
1186550 1850.0
1186560 1857.1
1186570 1857.1
1186580 1864.2
1186590 1871.2
1186600 1871.2
1186610 1880.6
1186620 1890.1
1186630 1890.1
1186640 1895.6
1186650 1901.2
1186660 1901.2
1186670 1906.5
1186680 1902.7
1186690 1902.7
1186700 1893.4
1186710 1885.3
1186720 1885.3
1186730 1873.7
1186740 1864.4
1186750 1857.7
1186760 1857.7
1186770 1852.2
1186780 1847.3
1186790 1847.3
1186800 1846.4
1186810 1842.0
1186820 1842.0
1186830 1836.5
1186840 1830.0
1186850 1830.0
1186860 1823.5
1186870 1818.8
1186880 1818.8
1186890 1814.3
1186900 1810.2
1186910 1810.2
1186920 1805.9
1186930 1801.0
1186940 1801.0
1186950 1795.6
1186960 1790.8
1186970 1790.8
1186980 1786.1
1186990 1780.3
1187000 1780.3
1187010 1771.4
1187020 1763.5
1187030 1757.7
1187040 1757.7
1187050 1752.7
1187060 1747.0
1187070 1747.0
1187080 1742.0
1187090 1735.5
1187100 1735.5
1187110 1727.1
1187120 1720.7
1187130 1720.7
1187140 1716.8
1187150 1714.6
1187160 1714.6
1187170 1708.2
1187180 1699.7
1187190 1699.7
1187200 1692.0
1187210 1683.1
1187220 1683.1
1187230 1680.5
1187240 1674.2
1187250 1674.2
1187260 1667.8
1187270 1661.5
1187280 1661.5
1187290 1654.6
1187300 1646.9
1187310 1646.9
1187320 1638.6
1187330 1631.6
1187340 1625.7
1187350 1625.7
1187360 1619.0
1187370 1611.8
1187380 1611.8
1187390 1606.5
1187400 1601.8
1187410 1601.8
1187420 1595.4
1187430 1588.4
1187440 1588.4
1187450 1583.4
1187460 1576.8
1187470 1576.8
1187480 1568.6
1187490 1561.4
1187500 1561.4
1187510 1554.2
1187520 1546.8
1187530 1546.8
1187540 1539.4
1187550 1531.5
1187560 1531.5
1187570 1523.5
1187580 1517.0
1187590 1517.0
1187600 1510.2
1187610 1502.8
1187620 1497.6
1187630 1497.6
1187640 1494.3
1187650 1491.3
1187660 1494.7
1187670 1489.7
1187680 1484.9
1187690 1484.9
1187700 1480.2
1187710 1475.4
1187720 1475.4
1187730 1470.1
1187740 1463.8
1187750 1463.8
1187760 1455.9
1187770 1448.0
1187780 1448.0
1187790 1442.1
1187800 1437.5
1187810 1437.5
1187820 1432.9
1187830 1428.3
1187840 1428.3
1187850 1423.6
1187860 1418.7
1187870 1418.7
1187880 1413.8
1187890 1408.8
1187900 1403.5
1187910 1403.5
1187920 1397.6
1187930 1390.4
1187940 1390.4
1187950 1384.2
1187960 1378.7
1187970 1378.7
1187980 1374.2
1187990 1370.3
1188000 1370.3
1188010 1366.8
1188020 1363.8
1188030 1363.8
1188040 1360.7
1188050 1357.4
1188060 1357.4
1188070 1353.2
1188080 1347.9
1188090 1348.6
1188100 1345.2
1188110 1343.0
1188120 1343.0
1188130 1343.3
1188140 1346.1
1188150 1346.1
1188160 1352.9
1188170 1359.7
1188180 1364.5
1188190 1364.5
1188200 1368.7
1188210 1373.6
1188220 1373.6
1188230 1378.2
1188240 1383.2
1188250 1383.2
1188260 1388.2
1188270 1393.2
1188280 1393.2
1188290 1398.5
1188300 1404.8
1188310 1404.8
1188320 1411.2
1188330 1417.3
1188340 1417.3
1188350 1423.6
1188360 1428.4
1188370 1428.4
1188380 1432.2
1188390 1437.1
1188400 1437.1
1188410 1443.9
1188420 1452.7
1188430 1452.7
1188440 1460.4
1188450 1467.2
1188460 1467.2
1188470 1474.5
1188480 1481.7
1188490 1488.7
1188500 1488.7
1188510 1495.8
1188520 1504.5
1188530 1504.5
1188540 1513.0
1188550 1521.2
1188560 1521.2
1188570 1527.7
1188580 1534.0
1188590 1534.0
1188600 1540.3
1188610 1547.3
1188620 1547.3
1188630 1555.8
1188640 1564.0
1188650 1564.0
1188660 1573.3
1188670 1582.6
1188680 1582.6
1188690 1594.4
1188700 1605.3
1188710 1605.3
1188720 1613.9
1188730 1624.4
1188740 1624.4
1188750 1633.5
1188760 1641.8
1188770 1651.0
1188780 1651.0
1188790 1661.5
1188800 1673.7
1188810 1673.7
1188820 1686.3
1188830 1693.9
1188840 1693.9
1188850 1700.2
1188860 1707.2
1188870 1707.2
1188880 1714.5
1188890 1721.2
1188900 1721.2
1188910 1727.9
1188920 1735.2
1188930 1735.2
1188940 1743.0
1188950 1747.2
1188960 1747.2
1188970 1756.4
1188980 1766.5
1188990 1766.5
1189000 1776.2
1189010 1783.4
1189020 1783.4
1189030 1789.6
1189040 1795.8
1189050 1800.0
1189060 1800.0
1189070 1805.0
1189080 1812.6
1189090 1812.6
1189100 1820.0
1189110 1828.2
1189120 1828.2
1189130 1835.3
1189140 1842.3
1189150 1842.3
1189160 1849.6
1189170 1858.0
1189180 1858.0
1189190 1866.1
1189200 1875.0
1189210 1875.0
1189220 1888.6
1189230 1902.6
1189240 1902.6
1189250 1910.2
1189260 1921.0
1189270 1921.0
1189280 1930.0
1189290 1937.4
1189300 1937.4
1189310 1947.2
1189320 1954.4
1189330 1959.7
1189340 1959.7
1189350 1964.5
1189360 1969.3
1189370 1969.3
1189380 1969.3
1189390 1979.4
1189400 1979.4
1189410 1989.5
1189420 2000.1
1189430 2000.1
1189440 2008.8
1189450 2017.4
1189460 2017.4
1189470 2024.8
1189480 2032.4
1189490 2032.4
1189500 2040.7
1189510 2048.9
1189520 2048.9
1189530 2055.8
1189540 2060.9
1189550 2060.9
1189560 2062.5
1189570 2063.6
1189580 2063.6
1189590 2061.4
1189600 2060.6
1189610 2061.0
1189620 2061.0
1189630 2063.4
1189640 2065.3
1189650 2065.3
1189660 2068.4
1189670 2071.7
1189680 2071.7
1189690 2072.9
1189700 2072.0
1189710 2072.0
1189720 2073.2
1189730 2078.4
1189740 2078.4
1189750 2084.5
1189760 2088.2
1189770 2088.2
1189780 2091.4
1189790 2097.8
1189800 2097.8
1189810 2099.1
1189820 2102.8
1189830 2102.8
1189840 2106.1
1189850 2108.5
1189860 2108.5
1189870 2110.5
1189880 2112.4
1189890 2112.4
1189900 2114.0
1189910 2114.8
1189920 2115.2
1189930 2115.2
1189940 2118.0
1189950 2120.1
1189960 2120.1
1189970 2122.4
1189980 2124.0
1189990 2124.0
1190000 2126.3
1190010 2128.3
1190020 2128.3
1190030 2129.2
1190040 2129.8
1190050 2129.8
1190060 2130.3
1190070 2130.1
1190080 2130.1
1190090 2132.4
1190100 2134.3
1190110 2134.3
1190120 2136.6
1190130 2139.7
1190140 2139.7
1190150 2143.0
1190160 2146.1
1190170 2146.1
1190180 2149.3
1190190 2152.5
1190200 2155.3
1190210 2155.3
1190220 2158.9
1190230 2162.2
1190240 2162.2
1190250 2159.4
1190260 2162.5
1190270 2162.5
1190280 2165.4
1190290 2168.2
1190300 2168.2
1190310 2171.4
1190320 2174.5
1190330 2174.5
1190340 2177.7
1190350 2180.9
1190360 2180.9
1190370 2183.0
1190380 2185.3
1190390 2185.3
1190400 2187.6
1190410 2189.5
1190420 2189.5
1190430 2190.6
1190440 2189.7
1190450 2189.7
1190460 2189.6
1190470 2191.1
1190480 2191.3
1190490 2191.3
1190500 2186.7
1190510 2179.4
1190520 2179.4
1190530 2171.5
1190540 2163.1
1190550 2163.1
1190560 2155.0
1190570 2149.6
1190580 2149.6
1190590 2146.7
1190600 2142.0
1190610 2142.0
1190620 2136.7
1190630 2132.4
1190640 2132.4
1190650 2128.7
1190660 2123.0
1190670 2123.0
1190680 2116.8
1190690 2111.1
1190700 2111.1
1190710 2104.5
1190720 2098.4
1190730 2098.4
1190740 2091.8
1190750 2085.8
1190760 2080.7
1190770 2080.7
1190780 2076.4
1190790 2071.4
1190800 2071.4
1190810 2065.6
1190820 2058.1
1190830 2058.1
1190840 2049.5
1190850 2041.2
1190860 2041.2
1190870 2035.1
1190880 2030.5
1190890 2030.5
1190900 2025.4
1190910 2021.0
1190920 2021.0
1190930 2018.4
1190940 2016.9
1190950 2016.9
1190960 2015.0
1190970 2014.2
1190980 2014.2
1190990 2012.7
1191000 2011.8
1191010 2011.8
1191020 2011.3
1191030 2009.2
1191040 2007.7
1191050 2007.7
1191060 2006.8
1191070 2006.9
1191080 2006.9
1191090 2006.3
1191100 2005.4
1191110 2010.8
1191120 2010.4
1191130 2009.9
1191140 2009.9
1191150 2009.4
1191160 2009.5
1191170 2009.5
1191180 2008.2
1191190 2004.8
1191200 2004.8
1191210 2003.0
1191220 2002.1
1191230 2002.1
1191240 2000.6
1191250 1999.6
1191260 1999.6
1191270 1998.8
1191280 1997.6
1191290 1997.6
1191300 1997.0
1191310 1996.0
1191320 1996.0
1191330 1996.2
1191340 1999.1
1191350 2003.0
1191360 2003.0
1191370 2001.9
1191380 1997.2
1191390 1997.2
1191400 1995.2
1191410 1996.2
1191420 1996.2
1191430 1993.7
1191440 1992.2
1191450 1992.2
1191460 1991.5
1191470 1989.3
1191480 1989.3
1191490 1986.0
1191500 1983.4
1191510 1983.4
1191520 1983.4
1191530 1983.1
1191540 1983.1
1191550 1990.9
1191560 1994.5
1191570 1994.5
1191580 1991.4
1191590 1992.0
1191600 1992.0
1191610 1997.6
1191620 2000.1
1191630 1999.3
1191640 1999.3
1191650 1994.1
1191660 1987.4
1191670 1987.4
1191680 1978.5
1191690 1969.8
1191700 1969.8
1191710 1956.4
1191720 1943.7
1191730 1943.7
1191740 1935.7
1191750 1933.1
1191760 1933.1
1191770 1931.3
1191780 1925.1
1191790 1925.1
1191800 1916.4
1191810 1910.3
1191820 1910.3
1191830 1906.0
1191840 1900.3
1191850 1900.3
1191860 1894.7
1191870 1888.6
1191880 1888.6
1191890 1883.3
1191900 1878.6
1191910 1874.4
1191920 1874.4
1191930 1871.8
1191940 1870.8
1191950 1870.8
1191960 1872.2
1191970 1874.9
1191980 1886.1
1191990 1888.4
1192000 1883.5
1192010 1883.5
1192020 1879.5
1192030 1876.6
1192040 1876.6
1192050 1874.1
1192060 1872.2
1192070 1872.2
1192080 1869.7
1192090 1866.9
1192100 1866.9
1192110 1864.0
1192120 1861.2
1192130 1861.2
1192140 1858.3
1192150 1854.1
1192160 1854.1
1192170 1847.9
1192180 1841.6
1192190 1834.9
1192200 1834.9
1192210 1828.9
1192220 1823.2
1192230 1823.2
1192240 1818.1
1192250 1812.5
1192260 1812.5
1192270 1807.6
1192280 1806.4
1192290 1806.4
1192300 1806.5
1192310 1805.1
1192320 1805.1
1192330 1802.3
1192340 1799.0
1192350 1799.0
1192360 1795.3
1192370 1790.9
1192380 1790.9
1192390 1786.3
1192400 1781.8
1192410 1781.8
1192420 1773.0
1192430 1768.2
1192440 1768.2
1192450 1766.0
1192460 1766.3
1192470 1764.4
1192480 1764.4
1192490 1763.1
1192500 1762.9
1192510 1762.9
1192520 1760.9
1192530 1758.8
1192540 1758.8
1192550 1756.3
1192560 1753.6
1192570 1753.6
1192580 1751.0
1192590 1748.8
1192600 1748.8
1192610 1746.5
1192620 1743.5
1192630 1743.5
1192640 1738.1
1192650 1731.0
1192660 1731.0
1192670 1723.6
1192680 1716.5
1192690 1716.5
1192700 1709.2
1192710 1701.9
1192720 1701.9
1192730 1694.9
1192740 1687.9
1192750 1687.9
1192760 1680.9
1192770 1674.1
1192780 1666.7
1192790 1666.7
1192800 1660.2
1192810 1653.3
1192820 1653.3
1192830 1646.4
1192840 1639.2
1192850 1639.3
1192860 1632.6
1192870 1626.0
1192880 1626.0
1192890 1619.5
1192900 1612.9
1192910 1612.9
1192920 1606.2
1192930 1599.7
1192940 1599.7
1192950 1593.0
1192960 1586.6
1192970 1586.6
1192980 1580.2
1192990 1573.7
1193000 1573.7
1193010 1567.2
1193020 1560.9
1193030 1560.9
1193040 1554.9
1193050 1548.9
1193060 1543.0
1193070 1543.0
1193080 1537.3
1193090 1531.6
1193100 1531.6
1193110 1525.9
1193120 1520.1
1193130 1520.1
1193140 1514.6
1193150 1509.4
1193160 1509.4
1193170 1504.6
1193180 1500.2
1193190 1500.2
1193200 1496.1
1193210 1492.1
1193220 1492.1
1193230 1488.2
1193240 1485.3
1193250 1485.3
1193260 1484.0
1193270 1483.4
1193280 1483.4
1193290 1483.4
1193300 1483.2
1193310 1483.2
1193320 1483.0
1193330 1482.9
1193340 1482.8
1193350 1482.8
1193360 1482.7
1193370 1482.7
1193380 1482.7
1193390 1482.7
1193400 1482.5
1193410 1482.5
1193420 1482.3
1193430 1481.9
1193440 1481.9
1193450 1481.7
1193460 1481.5
1193470 1481.5
1193480 1481.4
1193490 1481.8
1193500 1481.8
1193510 1482.8
1193520 1483.2
1193530 1483.2
1193540 1483.5
1193550 1484.9
1193560 1484.9
1193570 1487.4
1193580 1490.7
1193590 1490.7
1193600 1496.3
1193610 1503.0
1193620 1510.1
1193630 1510.1
1193640 1516.1
1193650 1521.3
1193660 1521.3
1193670 1526.5
1193680 1531.5
1193690 1531.5
1193700 1536.3
1193710 1541.2
1193720 1541.2
1193730 1549.1
1193740 1555.9
1193750 1555.9
1193760 1562.3
1193770 1568.5
1193780 1568.5
1193790 1576.2
1193800 1583.9
1193810 1583.9
1193820 1591.1
1193830 1598.7
1193840 1598.7
1193850 1606.1
1193860 1612.5
1193870 1612.5
1193880 1619.3
1193890 1630.5
1193900 1643.3
1193910 1643.3
1193920 1653.1
1193930 1663.9
1193940 1663.9
1193950 1676.2
1193960 1686.1
1193970 1686.1
1193980 1696.4
1193990 1706.9
1194000 1706.9
1194010 1711.2
1194020 1711.5
1194030 1711.5
1194040 1729.6
1194050 1752.0
1194060 1752.0
1194070 1764.3
1194080 1773.2
1194090 1773.2
1194100 1790.2
1194110 1812.1
1194120 1812.1
1194130 1824.3
1194140 1833.2
1194150 1833.2
1194160 1838.5
1194170 1844.2
1194180 1844.2
1194190 1848.3
1194200 1852.0
1194210 1854.0
1194220 1854.0
1194230 1856.9
1194240 1861.7
1194250 1861.7
1194260 1864.0
1194270 1868.0
1194280 1868.0
1194290 1873.7
1194300 1878.1
1194310 1878.1
1194320 1883.0
1194330 1887.9
1194340 1887.9
1194350 1890.7
1194360 1892.6
1194370 1892.6
1194380 1893.2
1194390 1893.2
1194400 1893.2
1194410 1893.4
1194420 1895.1
1194430 1895.1
1194440 1899.1
1194450 1905.2
1194460 1905.2
1194470 1911.1
1194480 1915.1
1194490 1916.3
1194500 1916.3
1194510 1915.1
1194520 1916.4
1194530 1916.4
1194540 1921.6
1194550 1926.4
1194560 1926.4
1194570 1928.8
1194580 1929.2
1194590 1929.2
1194600 1930.3
1194610 1933.4
1194620 1933.4
1194630 1935.9
1194640 1936.5
1194650 1936.5
1194660 1936.8
1194670 1938.5
1194680 1938.5
1194690 1940.0
1194700 1939.9
1194710 1939.9
1194720 1937.5
1194730 1932.0
1194740 1932.0
1194750 1929.5
1194760 1927.4
1194770 1924.4
1194780 1924.4
1194790 1922.8
1194800 1921.6
1194810 1921.6
1194820 1923.8
1194830 1927.5
1194840 1927.5
1194850 1928.7
1194860 1927.8
1194870 1927.8
1194880 1930.0
1194890 1934.6
1194900 1934.6
1194910 1936.4
1194920 1937.5
1194930 1937.5
1194940 1937.7
1194950 1935.6
1194960 1935.6
1194970 1934.0
1194980 1933.8
1194990 1933.8
1195000 1935.8
1195010 1939.0
1195020 1939.0
1195030 1941.2
1195040 1943.0
1195050 1941.6
1195060 1941.6
1195070 1945.0
1195080 1947.5
1195090 1947.5
1195100 1950.2
1195110 1952.6
1195120 1952.6
1195130 1953.1
1195140 1952.6
1195150 1952.6
1195160 1952.7
1195170 1951.9
1195180 1951.9
1195190 1950.0
1195200 1950.7
1195210 1950.7
1195220 1951.7
1195230 1950.9
1195240 1950.9
1195250 1950.9
1195260 1950.7
1195270 1950.7
1195280 1949.3
1195290 1949.2
1195300 1949.2
1195310 1950.4
1195320 1954.4
1195330 1956.6
1195340 1956.6
1195350 1955.7
1195360 1954.7
1195370 1954.7
1195380 1954.6
1195390 1955.7
1195400 1955.7
1195410 1955.9
1195420 1954.3
1195430 1954.3
1195440 1954.9
1195450 1955.0
1195460 1955.0
1195470 1957.6
1195480 1961.9
1195490 1961.0
1195500 1962.9
1195510 1963.0
1195520 1963.0
1195530 1961.0
1195540 1960.2
1195550 1960.2
1195560 1961.0
1195570 1961.2
1195580 1961.2
1195590 1960.4
1195600 1959.8
1195610 1959.8
1195620 1960.4
1195630 1960.4
1195640 1960.0
1195650 1960.0
1195660 1958.8
1195670 1957.2
1195680 1957.2
1195690 1955.6
1195700 1954.6
1195710 1954.6
1195720 1954.9
1195730 1955.5
1195740 1955.5
1195750 1954.4
1195760 1952.1
1195770 1952.1
1195780 1949.2
1195790 1947.8
1195800 1947.8
1195810 1946.5
1195820 1944.2
1195830 1944.2
1195840 1941.0
1195850 1938.8
1195860 1938.8
1195870 1932.8
1195880 1923.9
1195890 1923.9
1195900 1926.5
1195910 1933.6
1195920 1935.7
1195930 1926.2
1195940 1926.7
1195950 1931.0
1195960 1931.0
1195970 1935.8
1195980 1937.4
1195990 1937.4
1196000 1935.8
1196010 1932.3
1196020 1932.3
1196030 1932.8
1196040 1932.6
1196050 1932.6
1196060 1933.4
1196070 1933.1
1196080 1933.1
1196090 1933.2
1196100 1936.8
1196110 1936.8
1196120 1943.5
1196130 1949.3
1196140 1949.3
1196150 1952.7
1196160 1953.5
1196170 1953.5
1196180 1950.8
1196190 1948.6
1196200 1945.1
1196210 1945.1
1196220 1943.5
1196230 1944.7
1196240 1944.7
1196250 1943.3
1196260 1942.0
1196270 1942.0
1196280 1941.1
1196290 1938.4
1196300 1938.4
1196310 1935.2
1196320 1936.0
1196330 1936.0
1196340 1936.5
1196350 1937.6
1196360 1937.6
1196370 1931.8
1196380 1931.2
1196390 1931.2
1196400 1929.9
1196410 1928.1
1196420 1928.1
1196430 1926.3
1196440 1926.3
1196450 1926.3
1196460 1925.4
1196470 1922.0
1196480 1915.9
1196490 1915.9
1196500 1911.4
1196510 1910.0
1196520 1910.0
1196530 1912.8
1196540 1915.6
1196550 1915.6
1196560 1917.4
1196570 1918.0
1196580 1918.0
1196590 1917.9
1196600 1917.2
1196610 1917.2
1196620 1915.8
1196630 1913.3
1196640 1913.3
1196650 1909.2
1196660 1904.1
1196670 1904.1
1196680 1897.0
1196690 1889.5
1196700 1889.5
1196710 1886.6
1196720 1883.8
1196730 1883.8
1196740 1885.5
1196750 1889.9
1196760 1892.9
1196770 1892.9
1196780 1892.0
1196790 1889.2
1196800 1889.2
1196810 1889.3
1196820 1895.3
1196830 1895.3
1196840 1900.2
1196850 1902.8
1196860 1902.8
1196870 1907.1
1196880 1914.4
1196890 1914.4
1196900 1920.5
1196910 1929.7
1196920 1929.7
1196930 1934.9
1196940 1934.9
1196950 1934.9
1196960 1935.9
1196970 1937.5
1196980 1937.5
1196990 1938.2
1197000 1935.6
1197010 1935.6
1197020 1926.3
1197030 1914.2
1197040 1914.2
1197050 1899.4
1197060 1894.6
1197070 1899.6
1197080 1899.6
1197090 1908.2
1197100 1919.3
1197110 1919.3
1197120 1935.2
1197130 1946.3
1197140 1946.3
1197150 1957.5
1197160 1963.7
1197170 1963.7
1197180 1967.9
1197190 1970.8
1197200 1970.8
1197210 1974.5
1197220 1978.5
1197230 1978.5
1197240 1981.7
1197250 1983.6
1197260 1977.1
1197270 1977.4
1197280 1977.2
1197290 1977.2
1197300 1978.1
1197310 1978.9
1197320 1978.9
1197330 1980.4
1197340 1981.1
1197350 1981.0
1197360 1981.0
1197370 1978.2
1197380 1980.7
1197390 1980.7
1197400 1983.2
1197410 1984.6
1197420 1984.6
1197430 1986.1
1197440 1985.3
1197450 1985.3
1197460 1984.1
1197470 1985.9
1197480 1985.9
1197490 1986.3
1197500 1986.7
1197510 1986.7
1197520 1989.6
1197530 1991.2
1197540 1991.2
1197550 1991.3
1197560 1993.3
1197570 1993.3
1197580 1993.0
1197590 1992.5
1197600 1992.5
1197610 1989.8
1197620 1990.3
1197630 1990.7
1197640 1990.7
1197650 1990.0
1197660 1988.4
1197670 1988.4
1197680 1987.5
1197690 1986.7
1197700 1979.0
1197710 1973.7
1197720 1972.4
1197730 1972.4
1197740 1973.5
1197750 1972.9
1197760 1972.9
1197770 1974.4
1197780 1975.0
1197790 1975.0
1197800 1975.0
1197810 1977.0
1197820 1977.0
1197830 1975.8
1197840 1974.1
1197850 1974.1
1197860 1972.1
1197870 1969.2
1197880 1969.2
1197890 1966.6
1197900 1966.0
1197910 1965.8
1197920 1965.8
1197930 1966.0
1197940 1967.0
1197950 1967.0
1197960 1966.7
1197970 1964.9
1197980 1964.9
1197990 1962.1
1198000 1960.0
1198010 1960.0
1198020 1957.0
1198030 1952.9
1198040 1952.9
1198050 1947.5
1198060 1941.6
1198070 1941.6
1198080 1937.6
1198090 1936.1
1198100 1936.1
1198110 1933.1
1198120 1926.7
1198130 1926.7
1198140 1912.8
1198150 1909.0
1198160 1909.0
1198170 1901.6
1198180 1892.0
1198190 1881.6
1198200 1881.6
1198210 1870.9
1198220 1862.0
1198230 1862.0
1198240 1852.9
1198250 1849.0
1198260 1849.0
1198270 1849.0
1198280 1853.0
1198290 1853.0
1198300 1858.8
1198310 1864.2
1198320 1864.2
1198330 1869.0
1198340 1873.7
1198350 1873.7
1198360 1874.4
1198370 1870.7
1198380 1870.7
1198390 1877.3
1198400 1888.9
1198410 1888.9
1198420 1894.7
1198430 1896.0
1198440 1896.0
1198450 1896.9
1198460 1898.6
1198470 1902.0
1198480 1902.0
1198490 1904.0
1198500 1905.1
1198510 1905.1
1198520 1904.4
1198530 1899.9
1198540 1899.9
1198550 1897.1
1198560 1893.5
1198570 1893.5
1198580 1889.3
1198590 1879.8
1198600 1879.8
1198610 1875.9
1198620 1873.6
1198630 1873.6
1198640 1873.0
1198650 1873.0
1198660 1873.0
1198670 1871.8
1198680 1869.2
1198690 1869.2
1198700 1867.6
1198710 1868.6
1198720 1868.6
1198730 1870.1
1198740 1869.0
1198750 1869.0
1198760 1867.3
1198770 1864.8
1198780 1861.9
1198790 1861.9
1198800 1857.8
1198810 1853.3
1198820 1853.3
1198830 1849.1
1198840 1845.4
1198850 1845.4
1198860 1841.6
1198870 1832.8
1198880 1832.8
1198890 1824.7
1198900 1816.1
1198910 1816.1
1198920 1798.0
1198930 1785.4
1198940 1785.4
1198950 1777.7
1198960 1769.4
1198970 1769.4
1198980 1761.8
1198990 1759.6
1199000 1759.6
1199010 1761.7
1199020 1758.0
1199030 1758.0
1199040 1749.6
1199050 1753.9
1199060 1747.1
1199070 1747.1
1199080 1735.7
1199090 1722.2
1199100 1722.2
1199110 1713.1
1199120 1708.2
1199130 1708.2
1199140 1710.7
1199150 1712.1
1199160 1712.1
1199170 1703.6
1199180 1694.8
1199190 1694.8
1199200 1688.4
1199210 1693.6
1199220 1693.6
1199230 1702.9
1199240 1708.3
1199250 1708.3
1199260 1713.0
1199270 1711.7
1199280 1711.7
1199290 1709.9
1199300 1707.4
1199310 1707.4
1199320 1704.2
1199330 1699.8
1199340 1696.1
1199350 1696.1
1199360 1687.6
1199370 1686.2
1199380 1686.2
1199390 1689.5
1199400 1695.0
1199410 1695.0
1199420 1704.2
1199430 1711.6
1199440 1711.6
1199450 1717.2
1199460 1720.3
1199470 1720.3
1199480 1719.7
1199490 1722.2
1199500 1722.2
1199510 1725.0
1199520 1732.5
1199530 1732.5
1199540 1740.0
1199550 1742.2
1199560 1742.2
1199570 1744.1
1199580 1745.2
1199590 1745.2
1199600 1745.6
1199610 1744.8
1199620 1743.0
1199630 1743.0
1199640 1743.3
1199650 1742.5
1199660 1742.5
1199670 1740.7
1199680 1738.0
1199690 1738.0
1199700 1733.9
1199710 1731.2
1199720 1731.2
1199730 1728.8
1199740 1726.6
1199750 1726.6
1199760 1726.1
1199770 1726.4
1199780 1726.4
1199790 1725.0
1199800 1723.2
1199810 1723.2
1199820 1722.4
1199830 1719.6
1199840 1719.6
1199850 1717.3
1199860 1716.0
1199870 1716.0
1199880 1713.4
1199890 1710.7
1199900 1707.7
1199910 1707.7
1199920 1704.0
1199930 1692.4
1199940 1692.4
1199950 1690.0
1199960 1687.0
1199970 1687.0
1199980 1682.6
1199990 1677.3
