1180000 1936.4
1180010 1954.5
1180020 1964.2
1180030 1964.2
1180040 1970.3
1180050 1976.1
1180060 1976.1
1180070 1981.6
1180080 1986.4
1180090 1986.4
1180100 1991.3
1180110 1998.4
1180120 1998.4
1180130 2006.5
1180140 2017.3
1180150 2017.3
1180160 2023.4
1180170 2029.0
1180180 2029.0
1180190 2037.4
1180200 2041.5
1180210 2041.5
1180220 2039.8
1180230 2050.3
1180240 2055.7
1180250 2055.7
1180260 2061.6
1180270 2071.6
1180280 2071.6
1180290 2080.6
1180300 2088.8
1180310 2088.8
1180320 2097.0
1180330 2106.1
1180340 2106.1
1180350 2116.0
1180360 2131.3
1180370 2131.3
1180380 2135.7
1180390 2128.4
1180400 2128.4
1180410 2119.0
1180420 2101.3
1180430 2101.3
1180440 2084.9
1180450 2072.8
1180460 2072.8
1180470 2068.1
1180480 2062.3
1180490 2062.3
1180500 2054.8
1180510 2040.4
1180520 2031.4
1180530 2031.4
1180540 2018.9
1180550 2001.8
1180560 2001.8
1180570 1991.3
1180580 1979.8
1180590 1979.8
1180600 1969.6
1180610 1959.3
1180620 1959.3
1180630 1949.8
1180640 1951.0
1180650 1951.0
1180660 1941.6
1180670 1937.7
1180680 1937.7
1180690 1932.0
1180700 1926.2
1180710 1926.2
1180720 1920.3
1180730 1914.7
1180740 1914.7
1180750 1909.4
1180760 1904.5
1180770 1904.5
1180780 1899.5
1180790 1894.6
1180800 1894.6
1180810 1889.3
1180820 1884.6
1180830 1880.3
1180840 1880.3
1180850 1876.5
1180860 1875.1
1180870 1875.1
1180880 1872.0
1180890 1868.5
1180900 1868.5
1180910 1865.7
1180920 1863.7
1180930 1863.7
1180940 1862.2
1180950 1859.9
1180960 1859.9
1180970 1856.5
1180980 1852.7
1180990 1852.7
1181000 1849.0
1181010 1845.2
1181020 1845.2
1181030 1841.8
1181040 1839.9
1181050 1839.9
1181060 1844.2
1181070 1840.8
1181080 1840.8
1181090 1842.9
1181100 1851.0
1181110 1861.1
1181120 1861.1
1181130 1870.6
1181140 1878.9
1181150 1878.9
1181160 1887.1
1181170 1895.5
1181180 1895.5
1181190 1902.6
1181200 1909.3
1181210 1909.3
1181220 1916.0
1181230 1922.9
1181240 1922.9
1181250 1927.0
1181260 1926.2
1181270 1926.2
1181280 1928.4
1181290 1933.4
1181300 1933.4
1181310 1932.7
1181320 1927.1
1181330 1927.1
1181340 1924.6
1181350 1927.9
1181360 1927.9
1181370 1929.4
1181380 1926.5
1181390 1926.5
1181400 1924.7
1181410 1924.0
1181420 1927.4
1181430 1927.4
1181440 1926.1
1181450 1925.0
1181460 1925.0
1181470 1922.2
1181480 1932.5
1181490 1932.5
1181500 1930.1
1181510 1931.5
1181520 1931.5
1181530 1939.1
1181540 1947.2
1181550 1947.2
1181560 1944.3
1181570 1937.7
1181580 1937.7
1181590 1930.3
1181600 1923.7
1181610 1923.7
1181620 1920.8
1181630 1920.2
1181640 1920.2
1181650 1919.8
1181660 1915.6
1181670 1915.6
1181680 1911.0
1181690 1914.5
1181700 1917.4
1181710 1917.4
1181720 1917.0
1181730 1916.9
1181740 1916.9
1181750 1919.3
1181760 1921.1
1181770 1921.1
1181780 1925.0
1181790 1923.4
1181800 1923.4
1181810 1916.7
1181820 1915.0
1181830 1915.0
1181840 1923.6
1181850 1929.3
1181860 1929.3
1181870 1929.8
1181880 1928.4
1181890 1928.4
1181900 1937.1
1181910 1934.9
1181920 1934.9
1181930 1934.6
1181940 1936.7
1181950 1936.7
1181960 1941.4
1181970 1944.6
1181980 1944.6
1181990 1947.4
1182000 1948.5
1182010 1947.3
1182020 1947.3
1182030 1944.0
1182040 1941.7
1182050 1941.7
1182060 1938.6
1182070 1933.8
1182080 1933.8
1182090 1926.6
1182100 1917.6
1182110 1917.6
1182120 1908.0
1182130 1899.3
1182140 1899.3
1182150 1892.5
1182160 1884.8
1182170 1884.8
1182180 1876.8
1182190 1867.6
1182200 1867.6
1182210 1856.8
1182220 1851.8
1182230 1851.8
1182240 1846.4
1182250 1835.9
1182260 1835.9
1182270 1824.3
1182280 1816.7
1182290 1811.8
1182300 1811.8
1182310 1811.0
1182320 1814.8
1182330 1814.8
1182340 1800.9
1182350 1787.2
1182360 1787.2
1182370 1777.7
1182380 1772.0
1182390 1772.0
1182400 1768.4
1182410 1770.1
1182420 1770.1
1182430 1770.9
1182440 1765.8
1182450 1765.8
1182460 1762.8
1182470 1759.7
1182480 1759.7
1182490 1756.0
1182500 1750.4
1182510 1750.4
1182520 1740.4
1182530 1731.3
1182540 1731.3
1182550 1727.2
1182560 1722.3
1182570 1722.3
1182580 1716.1
1182590 1714.0
1182600 1711.1
1182610 1711.1
1182620 1703.8
1182630 1694.6
1182640 1694.6
1182650 1686.6
1182660 1676.4
1182670 1676.4
1182680 1663.4
1182690 1654.5
1182700 1654.5
1182710 1645.9
1182720 1639.9
1182730 1639.9
1182740 1642.6
1182750 1637.3
1182760 1637.3
1182770 1630.2
1182780 1625.4
1182790 1625.4
1182800 1623.0
1182810 1618.6
1182820 1618.6
1182830 1612.9
1182840 1608.0
1182850 1608.0
1182860 1602.2
1182870 1595.6
1182880 1589.7
1182890 1589.7
1182900 1580.3
1182910 1567.0
1182920 1567.0
1182930 1554.6
1182940 1543.7
1182950 1543.7
1182960 1528.4
1182970 1516.3
1182980 1516.3
1182990 1508.3
1183000 1499.9
1183010 1499.9
1183020 1491.9
1183030 1483.5
1183040 1483.5
1183050 1476.9
1183060 1469.5
1183070 1469.5
1183080 1460.7
1183090 1450.7
1183100 1450.7
1183110 1440.6
1183120 1431.7
1183130 1431.7
1183140 1422.4
1183150 1413.8
1183160 1419.2
1183170 1411.6
1183180 1403.5
1183190 1396.0
1183200 1396.0
1183210 1389.3
1183220 1385.0
1183230 1385.0
1183240 1380.4
1183250 1374.3
1183260 1374.3
1183270 1368.0
1183280 1361.7
1183290 1361.7
1183300 1355.9
1183310 1350.7
1183320 1350.7
1183330 1345.3
1183340 1339.6
1183350 1339.6
1183360 1333.5
1183370 1327.3
1183380 1327.3
1183390 1321.9
1183400 1316.2
1183410 1316.2
1183420 1310.2
1183430 1304.3
1183440 1304.3
1183450 1298.6
1183460 1293.1
1183470 1287.5
1183480 1287.5
1183490 1282.0
1183500 1276.4
1183510 1276.4
1183520 1270.7
1183530 1265.1
1183540 1265.1
1183550 1259.9
1183560 1254.9
1183570 1254.9
1183580 1250.3
1183590 1245.1
1183600 1245.1
1183610 1240.5
1183620 1236.1
1183630 1236.1
1183640 1231.3
1183650 1225.8
1183660 1225.8
1183670 1220.4
1183680 1215.8
1183690 1215.8
1183700 1210.5
1183710 1205.9
1183720 1205.9
1183730 1201.6
1183740 1197.8
1183750 1193.9
1183760 1193.9
1183770 1191.1
1183780 1186.7
1183790 1186.7
1183800 1183.3
1183810 1179.4
1183820 1179.4
1183830 1174.7
1183840 1169.1
1183850 1169.1
1183860 1165.3
1183870 1163.3
1183880 1163.3
1183890 1160.3
1183900 1154.1
1183910 1154.1
1183920 1149.2
1183930 1148.5
1183940 1148.5
1183950 1150.8
1183960 1154.0
1183970 1154.0
1183980 1156.4
1183990 1157.1
1184000 1157.1
1184010 1157.6
1184020 1159.6
1184030 1159.6
1184040 1162.3
1184050 1165.2
1184060 1167.7
1184070 1167.7
1184080 1170.6
1184090 1175.6
1184100 1175.6
1184110 1181.4
1184120 1186.4
1184130 1186.4
1184140 1191.1
1184150 1196.4
1184160 1196.4
1184170 1201.3
1184180 1205.4
1184190 1205.4
1184200 1209.0
1184210 1212.9
1184220 1212.9
1184230 1216.8
1184240 1220.1
1184250 1220.1
1184260 1223.1
1184270 1226.7
1184280 1226.7
1184290 1230.3
1184300 1233.8
1184310 1233.8
1184320 1236.9
1184330 1239.2
1184340 1241.6
1184350 1241.6
1184360 1244.2
1184370 1246.7
1184380 1246.7
1184390 1249.6
1184400 1252.7
1184410 1252.7
1184420 1255.8
1184430 1258.9
1184440 1255.4
1184450 1258.3
1184460 1260.8
1184470 1260.8
1184480 1263.4
1184490 1264.2
1184500 1264.2
1184510 1263.3
1184520 1262.4
1184530 1262.4
1184540 1261.3
1184550 1258.8
1184560 1258.8
1184570 1260.8
1184580 1267.8
1184590 1267.8
1184600 1273.0
1184610 1276.4
1184620 1276.4
1184630 1279.4
1184640 1282.6
1184650 1286.1
1184660 1286.1
1184670 1289.5
1184680 1293.2
1184690 1293.2
1184700 1296.1
1184710 1298.7
1184720 1298.7
1184730 1300.5
1184740 1302.8
1184750 1302.8
1184760 1306.3
1184770 1308.7
1184780 1308.7
1184790 1310.1
1184800 1312.0
1184810 1312.0
1184820 1314.0
1184830 1315.0
1184840 1315.0
1184850 1315.6
1184860 1311.0
1184870 1311.0
1184880 1314.0
1184890 1317.5
1184900 1317.5
1184910 1320.2
1184920 1321.7
1184930 1322.8
1184940 1322.8
1184950 1324.3
1184960 1327.2
1184970 1327.2
1184980 1329.8
1184990 1334.1
1185000 1334.1
1185010 1338.1
1185020 1341.1
1185030 1341.1
1185040 1343.3
1185050 1345.8
1185060 1345.8
1185070 1347.3
1185080 1347.0
1185090 1347.0
1185100 1346.4
1185110 1346.1
1185120 1346.1
1185130 1348.5
1185140 1350.5
1185150 1350.5
1185160 1351.2
1185170 1351.7
1185180 1351.7
1185190 1351.8
1185200 1351.7
1185210 1351.7
1185220 1351.5
1185230 1351.1
1185240 1350.4
1185250 1350.4
1185260 1350.2
1185270 1351.4
1185280 1351.4
1185290 1346.7
1185300 1348.0
1185310 1348.0
1185320 1346.8
1185330 1346.3
1185340 1346.3
1185350 1345.1
1185360 1344.6
1185370 1344.6
1185380 1346.7
1185390 1349.5
1185400 1349.5
1185410 1354.3
1185420 1359.4
1185430 1359.4
1185440 1361.8
1185450 1362.6
1185460 1362.6
1185470 1362.9
1185480 1364.8
1185490 1364.8
1185500 1367.4
1185510 1369.7
1185520 1372.1
1185530 1372.1
1185540 1375.4
1185550 1379.6
1185560 1379.6
1185570 1384.4
1185580 1388.3
1185590 1388.3
1185600 1389.4
1185610 1386.9
1185620 1386.9
1185630 1381.7
1185640 1375.5
1185650 1375.5
1185660 1374.1
1185670 1376.5
1185680 1376.5
1185690 1380.2
1185700 1384.9
1185710 1379.0
1185720 1381.4
1185730 1381.9
1185740 1381.9
1185750 1380.6
1185760 1379.7
1185770 1379.7
1185780 1382.6
1185790 1388.4
1185800 1388.4
1185810 1394.3
1185820 1399.3
1185830 1402.7
1185840 1402.7
1185850 1404.7
1185860 1404.0
1185870 1404.0
1185880 1402.2
1185890 1400.4
1185900 1400.4
1185910 1397.6
1185920 1396.4
1185930 1396.4
1185940 1392.9
1185950 1389.2
1185960 1389.2
1185970 1386.0
1185980 1382.8
1185990 1382.8
1186000 1381.5
1186010 1380.5
1186020 1380.5
1186030 1380.6
1186040 1383.1
1186050 1383.1
1186060 1386.5
1186070 1385.7
1186080 1385.7
1186090 1382.3
1186100 1380.1
1186110 1379.3
1186120 1379.3
1186130 1380.8
1186140 1376.5
1186150 1376.5
1186160 1372.7
1186170 1366.6
1186180 1366.6
1186190 1363.6
1186200 1363.1
1186210 1363.1
1186220 1362.2
1186230 1361.0
1186240 1361.0
1186250 1359.2
1186260 1357.2
1186270 1357.2
1186280 1355.0
1186290 1351.1
1186300 1351.1
1186310 1347.0
1186320 1346.3
1186330 1346.3
1186340 1347.7
1186350 1346.8
1186360 1346.8
1186370 1345.7
1186380 1344.1
1186390 1344.1
1186400 1342.5
1186410 1340.9
1186420 1340.4
1186430 1340.4
1186440 1341.2
1186450 1342.2
1186460 1342.2
1186470 1342.7
1186480 1343.1
1186490 1343.1
1186500 1343.0
1186510 1342.8
1186520 1342.8
1186530 1342.6
1186540 1342.9
1186550 1342.9
1186560 1343.3
1186570 1339.8
1186580 1339.8
1186590 1338.9
1186600 1336.5
1186610 1336.5
1186620 1334.7
1186630 1334.5
1186640 1334.5
1186650 1334.5
1186660 1334.5
1186670 1334.5
1186680 1334.4
1186690 1333.8
1186700 1332.8
1186710 1332.8
1186720 1331.1
1186730 1328.1
1186740 1328.1
1186750 1324.6
1186760 1320.9
1186770 1320.9
1186780 1317.7
1186790 1314.7
1186800 1314.7
1186810 1312.2
1186820 1309.9
1186830 1309.9
1186840 1307.7
1186850 1305.3
1186860 1305.3
1186870 1303.4
1186880 1301.9
1186890 1301.9
1186900 1301.2
1186910 1300.8
1186920 1300.8
1186930 1300.4
1186940 1300.5
1186950 1300.5
1186960 1300.1
1186970 1299.3
1186980 1299.3
1186990 1298.0
1187000 1295.2
1187010 1294.3
1187020 1294.3
1187030 1293.3
1187040 1292.3
1187050 1292.3
1187060 1291.3
1187070 1290.4
1187080 1290.4
1187090 1289.5
1187100 1288.5
1187110 1288.5
1187120 1287.2
1187130 1285.7
1187140 1285.7
1187150 1284.6
1187160 1283.7
1187170 1283.7
1187180 1283.0
1187190 1282.3
1187200 1282.3
1187210 1281.7
1187220 1280.8
1187230 1280.8
1187240 1280.4
1187250 1280.3
1187260 1280.3
1187270 1280.2
1187280 1280.0
1187290 1279.7
1187300 1279.7
1187310 1279.5
1187320 1279.6
1187330 1279.6
1187340 1279.4
1187350 1278.4
1187360 1278.4
1187370 1275.1
1187380 1273.0
1187390 1273.0
1187400 1273.9
1187410 1274.9
1187420 1274.9
1187430 1274.7
1187440 1274.1
1187450 1274.1
1187460 1270.9
1187470 1268.4
1187480 1268.4
1187490 1268.2
1187500 1269.8
1187510 1269.8
1187520 1275.8
1187530 1281.6
1187540 1281.6
1187550 1287.9
1187560 1294.2
1187570 1294.2
1187580 1299.8
1187590 1301.6
1187600 1301.6
1187610 1301.6
1187620 1303.2
1187630 1304.3
1187640 1304.3
1187650 1305.4
1187660 1307.8
1187670 1307.8
1187680 1313.1
1187690 1316.2
1187700 1316.2
1187710 1315.2
1187720 1313.7
1187730 1313.7
1187740 1314.1
1187750 1313.9
1187760 1313.9
1187770 1314.8
1187780 1315.8
1187790 1315.8
1187800 1316.6
1187810 1318.0
1187820 1318.0
1187830 1319.7
1187840 1322.6
1187850 1323.8
1187860 1326.1
1187870 1328.9
1187880 1331.7
1187890 1331.7
1187900 1334.6
1187910 1337.3
1187920 1337.3
1187930 1340.1
1187940 1342.9
1187950 1342.9
1187960 1345.4
1187970 1347.4
1187980 1347.4
1187990 1349.5
1188000 1352.7
1188010 1352.7
1188020 1355.4
1188030 1358.5
1188040 1358.5
1188050 1361.9
1188060 1365.0
1188070 1365.0
1188080 1367.7
1188090 1370.4
1188100 1370.4
1188110 1373.9
1188120 1378.1
1188130 1378.1
1188140 1382.3
1188150 1385.2
1188160 1385.2
1188170 1388.0
1188180 1391.9
1188190 1396.6
1188200 1396.6
1188210 1400.8
1188220 1404.6
1188230 1404.6
1188240 1408.9
1188250 1413.2
1188260 1413.2
1188270 1417.3
1188280 1423.3
1188290 1423.3
1188300 1427.8
1188310 1431.2
1188320 1431.2
1188330 1435.4
1188340 1439.1
1188350 1439.1
1188360 1442.6
1188370 1446.8
1188380 1446.8
1188390 1450.6
1188400 1454.7
1188410 1454.7
1188420 1459.2
1188430 1463.0
1188440 1463.0
1188450 1466.6
1188460 1470.3
1188470 1473.8
1188480 1473.8
1188490 1477.4
1188500 1479.7
1188510 1479.7
1188520 1482.8
1188530 1486.8
1188540 1486.8
1188550 1490.7
1188560 1494.4
1188570 1494.4
1188580 1498.2
1188590 1501.6
1188600 1501.6
1188610 1504.8
1188620 1508.6
1188630 1508.6
1188640 1511.5
1188650 1512.5
1188660 1512.5
1188670 1514.2
1188680 1515.5
1188690 1515.5
1188700 1516.7
1188710 1517.7
1188720 1523.2
1188730 1524.3
1188740 1524.9
1188750 1524.9
1188760 1525.5
1188770 1528.9
1188780 1533.6
1188790 1533.6
1188800 1538.5
1188810 1543.8
1188820 1543.8
1188830 1548.6
1188840 1553.4
1188850 1553.4
1188860 1558.0
1188870 1561.7
1188880 1561.7
1188890 1563.5
1188900 1565.6
1188910 1565.6
1188920 1567.9
1188930 1572.8
1188940 1572.8
1188950 1577.8
1188960 1582.0
1188970 1582.0
1188980 1587.3
1188990 1593.1
1189000 1593.1
1189010 1598.5
1189020 1603.5
1189030 1603.5
1189040 1608.1
1189050 1611.8
1189060 1614.1
1189070 1614.1
1189080 1619.3
1189090 1622.8
1189100 1622.8
1189110 1626.0
1189120 1630.3
1189130 1630.3
1189140 1634.6
1189150 1645.8
1189160 1645.8
1189170 1649.1
1189180 1651.8
1189190 1651.8
1189200 1654.0
1189210 1657.5
1189220 1657.5
1189230 1661.4
1189240 1668.1
1189250 1668.1
1189260 1677.0
1189270 1688.2
1189280 1688.2
1189290 1696.3
1189300 1697.6
1189310 1697.6
1189320 1697.6
1189330 1703.7
1189340 1703.7
1189350 1711.1
1189360 1720.1
1189370 1725.6
1189380 1725.6
1189390 1729.6
1189400 1734.3
1189410 1734.3
1189420 1741.2
1189430 1750.7
1189440 1750.7
1189450 1759.6
1189460 1768.8
1189470 1768.8
1189480 1779.1
1189490 1789.3
1189500 1789.3
1189510 1795.3
1189520 1798.1
1189530 1798.1
1189540 1801.8
1189550 1806.4
1189560 1806.4
1189570 1807.4
1189580 1808.7
1189590 1808.7
1189600 1806.1
1189610 1802.9
1189620 1802.9
1189630 1798.9
1189640 1794.7
1189650 1790.0
1189660 1790.0
1189670 1782.7
1189680 1774.2
1189690 1774.2
1189700 1766.8
1189710 1759.5
1189720 1759.5
1189730 1752.2
1189740 1744.3
1189750 1744.3
1189760 1737.6
1189770 1732.0
1189780 1732.0
1189790 1727.3
1189800 1722.7
1189810 1722.7
1189820 1718.5
1189830 1713.4
1189840 1713.4
1189850 1708.9
1189860 1706.3
1189870 1706.3
1189880 1703.5
1189890 1699.9
1189900 1699.9
1189910 1694.1
1189920 1688.3
1189930 1688.3
1189940 1677.2
1189950 1666.7
1189960 1658.4
1189970 1658.4
1189980 1653.6
1189990 1655.7
1190000 1655.7
1190010 1662.2
1190020 1666.4
1190030 1666.4
1190040 1670.6
1190050 1674.5
1190060 1674.5
1190070 1677.2
1190080 1680.6
1190090 1680.6
1190100 1684.4
1190110 1688.3
1190120 1688.3
1190130 1692.8
1190140 1697.6
1190150 1697.6
1190160 1702.5
1190170 1707.6
1190180 1707.6
1190190 1712.8
1190200 1717.6
1190210 1717.6
1190220 1722.9
1190230 1727.7
1190240 1732.0
1190250 1732.0
1190260 1737.0
1190270 1742.5
1190280 1742.5
1190290 1748.1
1190300 1753.5
1190310 1753.5
1190320 1758.7
1190330 1763.6
1190340 1763.6
1190350 1767.3
1190360 1775.0
1190370 1775.0
1190380 1788.5
1190390 1796.9
1190400 1796.9
1190410 1802.0
1190420 1809.1
1190430 1809.1
1190440 1813.3
1190450 1820.3
1190460 1820.3
1190470 1827.9
1190480 1837.6
1190490 1837.6
1190500 1847.0
1190510 1853.2
1190520 1857.9
1190530 1857.9
1190540 1866.5
1190550 1875.9
1190560 1875.9
1190570 1882.2
1190580 1889.7
1190590 1889.7
1190600 1898.8
1190610 1908.9
1190620 1908.9
1190630 1917.1
1190640 1923.2
1190650 1923.2
1190660 1928.4
1190670 1931.3
1190680 1931.3
1190690 1933.7
1190700 1938.8
1190710 1938.8
1190720 1942.5
1190730 1949.9
1190740 1949.9
1190750 1959.7
1190760 1970.1
1190770 1970.1
1190780 1986.1
1190790 1998.8
1190800 1998.8
1190810 2013.1
1190820 2024.0
1190830 2030.4
1190840 2030.4
1190850 2037.0
1190860 2043.9
1190870 2043.9
1190880 2050.6
1190890 2064.5
1190900 2064.5
1190910 2073.2
1190920 2079.7
1190930 2079.7
1190940 2087.6
1190950 2095.6
1190960 2095.6
1190970 2102.5
1190980 2109.7
1190990 2109.7
1191000 2118.9
1191010 2123.8
1191020 2123.8
1191030 2127.1
1191040 2134.2
1191050 2134.2
1191060 2145.3
1191070 2149.8
1191080 2149.8
1191090 2153.3
1191100 2160.0
1191110 2168.0
1191120 2168.0
1191130 2175.3
1191140 2181.7
1191150 2181.7
1191160 2187.2
1191170 2193.3
1191180 2193.3
1191190 2199.2
1191200 2204.4
1191210 2204.4
1191220 2209.1
1191230 2213.0
1191240 2213.0
1191250 2213.9
1191260 2211.0
1191270 2211.0
1191280 2207.5
1191290 2203.5
1191300 2203.5
1191310 2195.6
1191320 2191.4
1191330 2191.4
1191340 2187.1
1191350 2182.9
1191360 2182.9
1191370 2179.1
1191380 2175.7
1191390 2175.7
1191400 2172.3
1191410 2168.7
1191420 2165.7
1191430 2165.7
1191440 2162.8
1191450 2159.8
1191460 2159.8
1191470 2157.2
1191480 2154.1
1191490 2154.1
1191500 2150.6
1191510 2147.7
1191520 2147.7
1191530 2145.1
1191540 2142.3
1191550 2142.3
1191560 2139.2
1191570 2136.5
1191580 2136.5
1191590 2134.3
1191600 2132.0
1191610 2132.0
1191620 2129.9
1191630 2128.2
1191640 2128.2
1191650 2126.5
1191660 2124.6
1191670 2124.6
1191680 2122.5
1191690 2120.0
1191700 2117.2
1191710 2117.2
1191720 2114.3
1191730 2111.3
1191740 2111.3
1191750 2104.3
1191760 2101.8
1191770 2101.8
1191780 2099.0
1191790 2095.8
1191800 2095.8
1191810 2092.1
1191820 2088.0
1191830 2088.0
1191840 2083.8
1191850 2078.8
1191860 2078.8
1191870 2073.1
1191880 2067.2
1191890 2067.2
1191900 2061.2
1191910 2054.6
1191920 2054.6
1191930 2048.5
1191940 2041.5
1191950 2041.5
1191960 2033.5
1191970 2028.0
1191980 2028.0
1191990 2025.1
1192000 2020.7
1192010 2012.0
1192020 2012.0
1192030 2005.8
1192040 2001.4
1192050 2001.4
1192060 1997.3
1192070 1994.9
1192080 1994.9
1192090 1991.8
1192100 1988.2
1192110 1988.2
1192120 1984.1
1192130 1980.8
1192140 1980.8
1192150 1976.6
1192160 1971.9
1192170 1971.9
1192180 1961.1
1192190 1951.6
1192200 1951.6
1192210 1945.2
1192220 1943.1
1192230 1943.1
1192240 1939.7
1192250 1936.2
1192260 1936.2
1192270 1932.3
1192280 1927.3
1192290 1921.5
1192300 1921.5
1192310 1917.5
1192320 1915.7
1192330 1915.7
1192340 1913.8
1192350 1910.6
1192360 1910.6
1192370 1908.7
1192380 1905.4
1192390 1905.4
1192400 1902.7
1192410 1899.5
1192420 1899.5
1192430 1896.2
1192440 1893.2
1192450 1893.2
1192460 1887.4
1192470 1879.5
1192480 1879.5
1192490 1873.4
1192500 1868.5
1192510 1868.5
1192520 1865.5
1192530 1864.9
1192540 1864.9
1192550 1865.0
1192560 1864.5
1192570 1864.5
1192580 1860.8
1192590 1855.9
1192600 1850.5
1192610 1850.5
1192620 1837.3
1192630 1839.8
1192640 1839.8
1192650 1842.5
1192660 1838.6
1192670 1838.6
1192680 1835.5
1192690 1833.2
1192700 1833.2
1192710 1831.1
1192720 1827.7
1192730 1827.7
1192740 1825.4
1192750 1824.3
1192760 1824.3
1192770 1824.0
1192780 1822.1
1192790 1822.1
1192800 1817.2
1192810 1813.5
1192820 1813.5
1192830 1809.4
1192840 1805.7
1192850 1805.7
1192860 1802.6
1192870 1797.3
1192880 1793.0
1192890 1793.0
1192900 1789.8
1192910 1782.6
1192920 1782.6
1192930 1774.1
1192940 1767.5
1192950 1767.5
1192960 1765.6
1192970 1765.0
1192980 1765.0
1192990 1766.3
1193000 1770.0
1193010 1770.0
1193020 1771.4
1193030 1770.0
1193040 1770.0
1193050 1766.4
1193060 1755.0
1193070 1755.0
1193080 1750.6
1193090 1746.3
1193100 1746.3
1193110 1738.8
1193120 1730.1
1193130 1730.1
1193140 1723.8
1193150 1715.8
1193160 1715.8
1193170 1706.9
1193180 1699.3
1193190 1690.8
1193200 1690.8
1193210 1683.7
1193220 1678.6
1193230 1678.6
1193240 1673.8
1193250 1667.1
1193260 1667.1
1193270 1654.6
1193280 1645.5
1193290 1645.5
1193300 1637.3
1193310 1630.2
1193320 1630.2
1193330 1623.7
1193340 1620.6
1193350 1620.6
1193360 1620.3
1193370 1617.9
1193380 1617.9
1193390 1613.8
1193400 1610.0
1193410 1610.0
1193420 1605.3
1193430 1598.7
1193440 1598.7
1193450 1591.3
1193460 1584.5
1193470 1578.3
1193480 1578.3
1193490 1568.0
1193500 1565.2
1193510 1565.2
1193520 1559.2
1193530 1551.9
1193540 1551.9
1193550 1543.7
1193560 1537.8
1193570 1537.8
1193580 1534.8
1193590 1532.2
1193600 1532.2
1193610 1528.1
1193620 1526.0
1193630 1526.0
1193640 1524.7
1193650 1521.5
1193660 1521.5
1193670 1516.2
1193680 1509.0
1193690 1509.0
1193700 1501.5
1193710 1495.9
1193720 1495.9
1193730 1491.4
1193740 1486.5
1193750 1486.5
1193760 1481.3
1193770 1475.8
1193780 1471.2
1193790 1471.2
1193800 1466.6
1193810 1461.3
1193820 1461.3
1193830 1456.6
1193840 1452.6
1193850 1452.6
1193860 1448.5
1193870 1443.8
1193880 1443.8
1193890 1438.7
1193900 1433.7
1193910 1433.7
1193920 1428.5
1193930 1420.8
1193940 1420.8
1193950 1414.8
1193960 1408.5
1193970 1408.5
1193980 1402.5
1193990 1399.4
1194000 1399.4
1194010 1398.1
1194020 1397.6
1194030 1397.6
1194040 1398.3
1194050 1399.2
1194060 1399.8
1194070 1399.8
1194080 1400.3
1194090 1400.1
1194100 1400.1
1194110 1398.9
1194120 1397.7
1194130 1397.7
1194140 1396.2
1194150 1394.3
1194160 1394.3
1194170 1392.6
1194180 1390.8
1194190 1390.8
1194200 1389.1
1194210 1387.7
1194220 1387.7
1194230 1386.7
1194240 1385.0
1194250 1385.0
1194260 1382.3
1194270 1379.2
1194280 1379.2
1194290 1376.4
1194300 1374.1
1194310 1374.1
1194320 1371.5
1194330 1369.3
1194340 1369.3
1194350 1367.7
1194360 1364.7
1194370 1359.2
1194380 1359.2
1194390 1353.6
1194400 1347.7
1194410 1347.7
1194420 1340.7
1194430 1333.3
1194440 1333.3
1194450 1325.3
1194460 1316.9
1194470 1316.9
1194480 1309.7
1194490 1307.3
1194500 1307.3
1194510 1306.5
1194520 1306.1
1194530 1306.1
1194540 1306.5
1194550 1308.9
1194560 1308.9
1194570 1311.0
1194580 1315.7
1194590 1315.7
1194600 1324.5
1194610 1334.2
1194620 1334.2
1194630 1341.6
1194640 1348.3
1194650 1353.6
1194660 1353.6
1194670 1358.0
1194680 1362.2
1194690 1362.2
1194700 1367.5
1194710 1372.5
1194720 1372.5
1194730 1376.2
1194740 1379.4
1194750 1379.4
1194760 1382.6
1194770 1385.9
1194780 1385.9
1194790 1389.0
1194800 1392.1
1194810 1391.5
1194820 1395.2
1194830 1399.6
1194840 1399.6
1194850 1403.9
1194860 1407.3
1194870 1407.3
1194880 1410.9
1194890 1415.1
1194900 1415.1
1194910 1420.1
1194920 1425.3
1194930 1432.0
1194940 1432.0
1194950 1439.7
1194960 1448.6
1194970 1448.6
1194980 1457.9
1194990 1464.6
1195000 1464.6
1195010 1471.0
1195020 1479.3
1195030 1479.3
1195040 1487.3
1195050 1494.4
1195060 1494.4
1195070 1500.7
1195080 1509.0
1195090 1509.0
1195100 1519.5
1195110 1518.4
1195120 1518.4
1195130 1513.0
1195140 1511.8
1195150 1511.8
1195160 1514.0
1195170 1517.5
1195180 1517.5
1195190 1521.2
1195200 1524.1
1195210 1524.1
1195220 1526.7
1195230 1529.7
1195240 1533.1
1195250 1539.7
1195260 1542.8
1195270 1545.9
1195280 1545.9
1195290 1548.7
1195300 1551.2
1195310 1551.2
1195320 1553.9
1195330 1556.8
1195340 1556.8
1195350 1560.0
1195360 1564.3
1195370 1564.3
1195380 1570.2
1195390 1576.1
1195400 1576.1
1195410 1584.8
1195420 1593.6
1195430 1593.6
1195440 1599.7
1195450 1604.4
1195460 1604.4
1195470 1610.9
1195480 1617.6
1195490 1617.6
1195500 1623.6
1195510 1629.3
1195520 1634.8
1195530 1634.8
1195540 1640.3
1195550 1645.2
1195560 1645.2
1195570 1650.4
1195580 1656.1
1195590 1656.1
1195600 1662.2
1195610 1668.2
1195620 1668.2
1195630 1675.6
1195640 1682.9
1195650 1682.9
1195660 1690.4
1195670 1699.0
1195680 1699.0
1195690 1710.1
1195700 1717.7
1195710 1717.7
1195720 1725.0
1195730 1731.4
1195740 1731.4
1195750 1738.9
1195760 1746.8
1195770 1746.8
1195780 1755.2
1195790 1763.0
1195800 1763.0
1195810 1771.4
1195820 1779.5
1195830 1788.0
1195840 1788.0
1195850 1796.3
1195860 1803.8
1195870 1803.8
1195880 1811.1
1195890 1815.9
1195900 1815.9
1195910 1814.2
1195920 1811.0
1195930 1811.0
1195940 1806.6
1195950 1803.1
1195960 1803.1
1195970 1801.6
1195980 1798.6
1195990 1798.6
1196000 1793.2
1196010 1787.9
1196020 1787.9
1196030 1781.5
1196040 1774.3
1196050 1774.3
1196060 1766.1
1196070 1755.0
1196080 1755.0
1196090 1747.3
1196100 1740.0
1196110 1733.2
1196120 1733.2
1196130 1727.0
1196140 1726.1
1196150 1726.1
1196160 1721.1
1196170 1716.5
1196180 1716.5
1196190 1712.2
1196200 1707.9
1196210 1707.9
1196220 1703.2
1196230 1698.4
1196240 1698.4
1196250 1693.3
1196260 1687.4
1196270 1687.4
1196280 1681.6
1196290 1676.3
1196300 1676.3
1196310 1671.6
1196320 1666.5
1196330 1666.5
1196340 1661.4
1196350 1656.7
1196360 1656.7
1196370 1652.2
1196380 1647.3
1196390 1647.3
1196400 1641.3
1196410 1635.8
1196420 1630.6
1196430 1630.6
1196440 1624.0
1196450 1614.7
1196460 1614.7
1196470 1605.4
1196480 1597.9
1196490 1597.9
1196500 1591.9
1196510 1586.5
1196520 1586.5
1196530 1581.2
1196540 1575.4
1196550 1575.4
1196560 1567.5
1196570 1557.2
1196580 1563.3
1196590 1551.1
1196600 1536.9
1196610 1536.9
1196620 1524.6
1196630 1512.6
1196640 1512.6
1196650 1498.9
1196660 1486.1
1196670 1486.1
1196680 1477.1
1196690 1472.5
1196700 1472.3
1196710 1472.3
1196720 1475.7
1196730 1481.4
1196740 1481.4
1196750 1484.8
1196760 1488.5
1196770 1488.5
1196780 1491.2
1196790 1491.5
1196800 1491.5
1196810 1494.4
1196820 1499.0
1196830 1499.0
1196840 1504.6
1196850 1509.7
1196860 1509.7
1196870 1513.3
1196880 1515.9
1196890 1515.9
1196900 1518.8
1196910 1523.7
1196920 1523.7
1196930 1529.3
1196940 1535.1
1196950 1535.1
1196960 1540.6
1196970 1545.9
1196980 1545.9
1196990 1551.2
1197000 1556.4
1197010 1561.4
1197020 1557.3
1197030 1561.9
1197040 1567.1
1197050 1567.1
1197060 1571.0
1197070 1575.5
1197080 1575.5
1197090 1580.4
1197100 1585.6
1197110 1585.6
1197120 1591.0
1197130 1596.4
1197140 1596.4
1197150 1602.5
1197160 1608.1
1197170 1608.1
1197180 1613.6
1197190 1619.5
1197200 1619.5
1197210 1624.9
1197220 1630.3
1197230 1630.3
1197240 1635.9
1197250 1641.5
1197260 1641.5
1197270 1647.8
1197280 1654.7
1197290 1661.7
1197300 1661.7
1197310 1667.6
1197320 1674.0
1197330 1674.0
1197340 1680.9
1197350 1688.2
1197360 1688.2
1197370 1696.6
1197380 1704.5
1197390 1704.5
1197400 1711.7
1197410 1719.2
1197420 1719.2
1197430 1725.9
1197440 1733.1
1197450 1733.1
1197460 1744.0
1197470 1749.4
1197480 1749.4
1197490 1756.9
1197500 1761.1
1197510 1761.1
1197520 1765.0
1197530 1768.8
1197540 1768.8
1197550 1773.5
1197560 1778.3
1197570 1778.3
1197580 1780.5
1197590 1783.6
1197600 1792.5
1197610 1792.5
1197620 1794.1
1197630 1795.0
1197640 1795.0
1197650 1796.2
1197660 1794.0
1197670 1794.0
1197680 1795.9
1197690 1794.9
1197700 1794.9
1197710 1794.2
1197720 1792.2
1197730 1792.2
1197740 1792.2
1197750 1796.6
1197760 1796.6
1197770 1801.8
1197780 1806.7
1197790 1806.7
1197800 1811.1
1197810 1818.6
1197820 1818.6
1197830 1825.1
1197840 1826.3
1197850 1826.3
1197860 1837.8
1197870 1853.8
1197880 1864.2
1197890 1864.2
1197900 1868.8
1197910 1860.5
1197920 1860.5
1197930 1865.2
1197940 1870.3
1197950 1870.3
1197960 1874.8
1197970 1879.6
1197980 1879.6
1197990 1885.0
1198000 1892.9
1198010 1892.9
1198020 1900.3
1198030 1909.6
1198040 1909.6
1198050 1921.9
1198060 1936.7
1198070 1936.7
1198080 1961.4
1198090 1984.7
1198100 1984.7
1198110 1994.9
1198120 2002.4
1198130 2002.4
1198140 2008.8
1198150 2014.5
1198160 2020.3
1198170 2020.3
1198180 2025.6
1198190 2035.9
1198200 2035.9
1198210 2044.7
1198220 2051.1
1198230 2051.1
1198240 2057.4
1198250 2064.0
1198260 2064.0
1198270 2072.0
1198280 2078.7
1198290 2078.7
1198300 2084.6
1198310 2090.4
1198320 2090.4
1198330 2097.0
1198340 2104.8
1198350 2107.8
1198360 2115.6
1198370 2122.9
1198380 2122.9
1198390 2129.8
1198400 2136.8
1198410 2136.8
1198420 2143.9
1198430 2151.1
1198440 2151.1
1198450 2158.0
1198460 2165.0
1198470 2172.2
1198480 2172.2
1198490 2179.2
1198500 2185.9
1198510 2185.9
1198520 2189.7
1198530 2179.2
1198540 2179.2
1198550 2169.7
1198560 2165.7
1198570 2165.7
1198580 2158.7
1198590 2148.9
1198600 2148.9
1198610 2138.7
1198620 2129.5
1198630 2129.5
1198640 2122.3
1198650 2118.8
1198660 2118.8
1198670 2109.3
1198680 2096.2
1198690 2096.2
1198700 2088.3
1198710 2084.1
1198720 2084.1
1198730 2079.9
1198740 2075.1
1198750 2070.8
1198760 2070.8
1198770 2066.9
1198780 2063.7
1198790 2063.7
1198800 2065.6
1198810 2066.6
1198820 2066.6
1198830 2067.5
1198840 2067.7
1198850 2067.7
1198860 2067.3
1198870 2067.4
1198880 2067.4
1198890 2066.6
1198900 2068.4
1198910 2068.4
1198920 2067.8
1198930 2069.6
1198940 2069.6
1198950 2075.4
1198960 2081.6
1198970 2081.6
1198980 2087.2
1198990 2093.2
1199000 2093.2
1199010 2102.4
1199020 2112.1
1199030 2112.1
1199040 2124.2
1199050 2137.8
1199060 2146.4
1199070 2146.4
1199080 2153.7
1199090 2157.6
1199100 2157.6
1199110 2160.3
1199120 2162.6
1199130 2162.6
1199140 2165.7
1199150 2171.3
1199160 2171.3
1199170 2178.4
1199180 2181.2
1199190 2181.2
1199200 2182.6
1199210 2185.3
1199220 2185.3
1199230 2186.4
1199240 2190.0
1199250 2190.0
1199260 2189.7
1199270 2189.0
1199280 2189.0
1199290 2187.8
1199300 2185.8
1199310 2185.8
1199320 2186.1
1199330 2187.3
1199340 2189.8
1199350 2189.8
1199360 2194.0
1199370 2197.8
1199380 2197.8
1199390 2200.8
1199400 2204.6
1199410 2204.6
1199420 2209.0
1199430 2213.3
1199440 2213.3
1199450 2218.7
1199460 2225.6
1199470 2225.6
1199480 2233.7
1199490 2245.5
1199500 2245.5
1199510 2256.7
1199520 2266.0
1199530 2266.0
1199540 2270.6
1199550 2274.7
1199560 2274.7
1199570 2282.9
1199580 2290.9
1199590 2290.9
1199600 2296.6
1199610 2296.2
1199620 2296.2
1199630 2295.5
1199640 2296.6
1199650 2300.5
1199660 2300.5
1199670 2307.8
1199680 2316.3
1199690 2316.9
1199700 2325.7
1199710 2333.6
1199720 2333.6
1199730 2340.0
1199740 2345.4
1199750 2345.4
1199760 2350.2
1199770 2354.8
1199780 2354.8
1199790 2359.3
1199800 2362.7
1199810 2362.7
1199820 2364.8
1199830 2361.5
1199840 2361.5
1199850 2352.3
1199860 2348.9
1199870 2348.9
1199880 2343.9
1199890 2339.8
1199900 2339.8
1199910 2333.8
1199920 2325.6
1199930 2317.3
1199940 2317.3
1199950 2308.3
1199960 2295.7
1199970 2295.7
1199980 2272.3
1199990 2257.3
