1180000 1239.3
1180010 1238.6
1180020 1239.8
1180030 1239.8
1180040 1239.1
1180050 1238.3
1180060 1237.9
1180070 1237.9
1180080 1237.4
1180090 1237.0
1180100 1237.0
1180110 1237.3
1180120 1237.2
1180130 1237.2
1180140 1237.4
1180150 1237.9
1180160 1237.9
1180170 1237.5
1180180 1236.9
1180190 1236.9
1180200 1236.8
1180210 1236.0
1180220 1236.0
1180230 1235.1
1180240 1234.8
1180250 1234.8
1180260 1234.8
1180270 1234.5
1180280 1234.5
1180290 1233.9
1180300 1234.0
1180310 1234.0
1180320 1234.1
1180330 1233.6
1180340 1233.6
1180350 1236.5
1180360 1235.4
1180370 1233.9
1180380 1233.9
1180390 1233.0
1180400 1231.8
1180410 1231.8
1180420 1230.5
1180430 1229.3
1180440 1229.3
1180450 1228.0
1180460 1226.9
1180470 1226.9
1180480 1225.9
1180490 1224.8
1180500 1224.8
1180510 1223.4
1180520 1222.0
1180530 1222.0
1180540 1220.8
1180550 1219.6
1180560 1219.6
1180570 1218.5
1180580 1217.1
1180590 1217.1
1180600 1212.0
1180610 1205.1
1180620 1205.1
1180630 1201.7
1180640 1202.2
1180650 1201.2
1180660 1201.2
1180670 1199.1
1180680 1197.9
1180690 1197.9
1180700 1196.3
1180710 1193.9
1180720 1193.9
1180730 1192.4
1180740 1191.8
1180750 1191.8
1180760 1191.3
1180770 1194.0
1180780 1194.0
1180790 1192.8
1180800 1191.8
1180810 1191.8
1180820 1190.2
1180830 1187.6
1180840 1187.6
1180850 1185.2
1180860 1183.0
1180870 1183.0
1180880 1181.8
1180890 1178.3
1180900 1178.3
1180910 1175.3
1180920 1176.6
1180930 1176.6
1180940 1174.9
1180950 1173.1
1180960 1171.2
1180970 1171.2
1180980 1169.0
1180990 1167.8
1181000 1167.8
1181010 1167.7
1181020 1167.8
1181030 1167.8
1181040 1167.7
1181050 1167.4
1181060 1167.4
1181070 1166.4
1181080 1165.2
1181090 1165.2
1181100 1163.3
1181110 1158.3
1181120 1158.3
1181130 1151.8
1181140 1147.2
1181150 1147.2
1181160 1147.5
1181170 1150.7
1181180 1150.7
1181190 1155.8
1181200 1163.5
1181210 1163.5
1181220 1164.9
1181230 1162.4
1181240 1162.4
1181250 1161.2
1181260 1159.6
1181270 1157.5
1181280 1157.5
1181290 1156.4
1181300 1154.9
1181310 1154.9
1181320 1153.3
1181330 1152.1
1181340 1152.1
1181350 1150.9
1181360 1149.6
1181370 1149.6
1181380 1147.9
1181390 1146.6
1181400 1146.6
1181410 1145.3
1181420 1142.9
1181430 1142.9
1181440 1141.6
1181450 1140.8
1181460 1140.8
1181470 1138.9
1181480 1137.8
1181490 1137.8
1181500 1136.4
1181510 1135.3
1181520 1135.3
1181530 1134.1
1181540 1132.8
1181550 1132.0
1181560 1132.0
1181570 1130.5
1181580 1129.5
1181590 1129.5
1181600 1124.1
1181610 1107.5
1181620 1107.5
1181630 1100.8
1181640 1098.4
1181650 1098.4
1181660 1093.6
1181670 1088.9
1181680 1088.9
1181690 1087.7
1181700 1082.6
1181710 1082.6
1181720 1080.3
1181730 1079.7
1181740 1079.7
1181750 1090.5
1181760 1102.2
1181770 1102.2
1181780 1108.9
1181790 1115.2
1181800 1115.2
1181810 1120.9
1181820 1125.6
1181830 1125.6
1181840 1125.0
1181850 1118.8
1181860 1111.7
1181870 1111.7
1181880 1107.2
1181890 1109.2
1181900 1109.2
1181910 1112.0
1181920 1114.0
1181930 1114.0
1181940 1116.3
1181950 1125.4
1181960 1125.4
1181970 1134.6
1181980 1144.2
1181990 1144.2
1182000 1150.8
1182010 1155.0
1182020 1155.0
1182030 1155.8
1182040 1160.2
1182050 1160.2
1182060 1164.0
1182070 1166.7
1182080 1166.7
1182090 1168.1
1182100 1170.6
1182110 1170.6
1182120 1173.9
1182130 1175.8
1182140 1179.7
1182150 1179.7
1182160 1184.3
1182170 1191.3
1182180 1191.3
1182190 1200.2
1182200 1208.3
1182210 1208.3
1182220 1215.7
1182230 1222.9
1182240 1222.9
1182250 1234.4
1182260 1244.6
1182270 1244.6
1182280 1250.4
1182290 1254.9
1182300 1254.9
1182310 1259.1
1182320 1263.7
1182330 1263.7
1182340 1267.9
1182350 1270.8
1182360 1270.8
1182370 1272.5
1182380 1273.1
1182390 1273.1
1182400 1275.4
1182410 1279.4
1182420 1279.4
1182430 1283.3
1182440 1287.5
1182450 1292.4
1182460 1289.7
1182470 1293.0
1182480 1294.5
1182490 1294.5
1182500 1293.0
1182510 1301.8
1182520 1301.8
1182530 1306.3
1182540 1308.1
1182550 1308.1
1182560 1311.5
1182570 1316.2
1182580 1316.2
1182590 1319.7
1182600 1323.6
1182610 1323.6
1182620 1327.9
1182630 1335.7
1182640 1335.7
1182650 1346.5
1182660 1354.4
1182670 1354.4
1182680 1361.2
1182690 1366.7
1182700 1366.7
1182710 1370.0
1182720 1371.7
1182730 1371.7
1182740 1372.3
1182750 1373.1
1182760 1375.5
1182770 1375.5
1182780 1378.1
1182790 1382.8
1182800 1382.8
1182810 1386.6
1182820 1388.5
1182830 1388.5
1182840 1390.2
1182850 1395.6
1182860 1395.6
1182870 1401.4
1182880 1398.1
1182890 1398.1
1182900 1403.6
1182910 1408.8
1182920 1408.8
1182930 1414.3
1182940 1420.1
1182950 1420.1
1182960 1425.3
1182970 1430.9
1182980 1430.9
1182990 1437.1
1183000 1443.7
1183010 1443.7
1183020 1448.8
1183030 1453.2
1183040 1456.1
1183050 1456.1
1183060 1458.8
1183070 1462.3
1183080 1462.3
1183090 1467.3
1183100 1473.2
1183110 1473.2
1183120 1477.8
1183130 1481.4
1183140 1481.4
1183150 1485.8
1183160 1489.2
1183170 1489.2
1183180 1491.6
1183190 1493.9
1183200 1493.9
1183210 1495.5
1183220 1496.8
1183230 1496.8
1183240 1498.4
1183250 1499.6
1183260 1499.6
1183270 1498.0
1183280 1495.8
1183290 1495.8
1183300 1490.4
1183310 1487.4
1183320 1487.4
1183330 1490.7
1183340 1497.5
1183350 1502.0
1183360 1502.0
1183370 1507.6
1183380 1514.1
1183390 1514.1
1183400 1520.0
1183410 1524.2
1183420 1524.2
1183430 1528.7
1183440 1533.4
1183450 1533.4
1183460 1540.1
1183470 1550.2
1183480 1550.2
1183490 1561.8
1183500 1567.8
1183510 1567.8
1183520 1570.6
1183530 1575.3
1183540 1575.3
1183550 1581.9
1183560 1590.2
1183570 1590.2
1183580 1594.4
1183590 1596.6
1183600 1596.6
1183610 1601.2
1183620 1608.8
1183630 1608.8
1183640 1615.6
1183650 1621.2
1183660 1629.1
1183670 1629.1
1183680 1638.4
1183690 1646.6
1183700 1646.6
1183710 1647.6
1183720 1652.2
1183730 1643.9
1183740 1651.8
1183750 1658.9
1183760 1658.9
1183770 1664.2
1183780 1668.4
1183790 1668.4
1183800 1673.6
1183810 1682.0
1183820 1682.0
1183830 1693.0
1183840 1704.2
1183850 1704.2
1183860 1713.6
1183870 1721.2
1183880 1721.2
1183890 1728.7
1183900 1736.6
1183910 1736.6
1183920 1745.5
1183930 1753.4
1183940 1760.5
1183950 1760.5
1183960 1765.9
1183970 1774.4
1183980 1774.4
1183990 1783.7
1184000 1789.4
1184010 1789.4
1184020 1793.8
1184030 1800.1
1184040 1800.1
1184050 1804.4
1184060 1807.7
1184070 1807.7
1184080 1811.9
1184090 1815.0
1184100 1815.0
1184110 1816.7
1184120 1817.7
1184130 1817.7
1184140 1811.7
1184150 1797.0
1184160 1797.0
1184170 1796.7
1184180 1797.0
1184190 1797.0
1184200 1798.2
1184210 1799.0
1184220 1799.0
1184230 1799.9
1184240 1800.0
1184250 1799.2
1184260 1799.2
1184270 1798.7
1184280 1800.2
1184290 1800.2
1184300 1800.7
1184310 1801.0
1184320 1801.0
1184330 1801.6
1184340 1801.4
1184350 1801.4
1184360 1800.4
1184370 1798.2
1184380 1798.2
1184390 1796.8
1184400 1797.5
1184410 1797.5
1184420 1798.6
1184430 1801.0
1184440 1801.0
1184450 1803.2
1184460 1800.6
1184470 1800.6
1184480 1794.0
1184490 1789.9
1184500 1789.9
1184510 1795.7
1184520 1804.7
1184530 1804.7
1184540 1814.2
1184550 1819.3
1184560 1823.7
1184570 1819.4
1184580 1823.5
1184590 1827.8
1184600 1827.8
1184610 1832.4
1184620 1837.2
1184630 1837.2
1184640 1840.0
1184650 1842.3
1184660 1842.3
1184670 1844.6
1184680 1846.1
1184690 1846.1
1184700 1848.5
1184710 1850.0
1184720 1850.0
1184730 1849.9
1184740 1854.0
1184750 1854.0
1184760 1859.7
1184770 1865.5
1184780 1865.5
1184790 1873.5
1184800 1880.8
1184810 1880.8
1184820 1887.8
1184830 1895.2
1184840 1903.0
1184850 1903.0
1184860 1909.9
1184870 1916.9
1184880 1916.9
1184890 1924.2
1184900 1932.0
1184910 1932.0
1184920 1940.0
1184930 1947.6
1184940 1947.6
1184950 1954.7
1184960 1961.5
1184970 1961.5
1184980 1968.0
1184990 1974.6
1185000 1977.2
1185010 1983.9
1185020 1990.5
1185030 1990.5
1185040 1997.8
1185050 2005.8
1185060 2005.8
1185070 2013.4
1185080 2021.3
1185090 2021.3
1185100 2031.2
1185110 2040.5
1185120 2040.5
1185130 2048.4
1185140 2056.3
1185150 2064.5
1185160 2064.5
1185170 2072.7
1185180 2080.2
1185190 2080.2
1185200 2087.4
1185210 2095.0
1185220 2095.0
1185230 2103.0
1185240 2111.0
1185250 2111.0
1185260 2116.3
1185270 2115.4
1185280 2115.4
1185290 2111.9
1185300 2108.6
1185310 2108.6
1185320 2103.9
1185330 2102.0
1185340 2102.0
1185350 2103.4
1185360 2107.1
1185370 2107.1
1185380 2109.8
1185390 2114.7
1185400 2114.7
1185410 2120.7
1185420 2124.8
1185430 2121.8
1185440 2121.8
1185450 2126.2
1185460 2130.6
1185470 2130.6
1185480 2135.6
1185490 2140.7
1185500 2140.7
1185510 2144.2
1185520 2144.8
1185530 2144.8
1185540 2147.8
1185550 2159.7
1185560 2159.7
1185570 2190.3
1185580 2199.2
1185590 2199.2
1185600 2194.8
1185610 2205.6
1185620 2205.6
1185630 2211.1
1185640 2210.5
1185650 2210.5
1185660 2210.8
1185670 2211.5
1185680 2211.5
1185690 2214.7
1185700 2219.5
1185710 2219.5
1185720 2224.9
1185730 2230.7
1185740 2237.2
1185750 2237.2
1185760 2244.3
1185770 2251.5
1185780 2251.5
1185790 2249.9
1185800 2239.1
1185810 2239.1
1185820 2228.5
1185830 2220.2
1185840 2220.2
1185850 2211.8
1185860 2203.9
1185870 2203.9
1185880 2197.2
1185890 2191.5
1185900 2191.5
1185910 2186.5
1185920 2181.6
1185930 2181.6
1185940 2174.4
1185950 2166.6
1185960 2166.6
1185970 2159.5
1185980 2149.0
1185990 2149.0
1186000 2132.8
1186010 2117.3
1186020 2117.3
1186030 2108.6
1186040 2100.0
1186050 2086.2
1186060 2086.2
1186070 2070.1
1186080 2051.5
1186090 2051.5
1186100 2038.3
1186110 2031.8
1186120 2031.8
1186130 2026.1
1186140 2020.7
1186150 2020.7
1186160 2014.8
1186170 2009.1
1186180 2009.1
1186190 2003.8
1186200 1998.0
1186210 1998.0
1186220 1992.1
1186230 1986.2
1186240 1986.2
1186250 1980.6
1186260 1975.0
1186270 1975.0
1186280 1970.3
1186290 1964.0
1186300 1964.0
1186310 1958.0
1186320 1952.4
1186330 1946.8
1186340 1946.8
1186350 1941.6
1186360 1936.4
1186370 1936.4
1186380 1931.3
1186390 1926.0
1186400 1926.0
1186410 1921.3
1186420 1918.0
1186430 1918.0
1186440 1915.5
1186450 1913.5
1186460 1913.5
1186470 1912.0
1186480 1910.7
1186490 1910.7
1186500 1909.2
1186510 1907.7
1186520 1907.7
1186530 1906.4
1186540 1907.1
1186550 1907.1
1186560 1908.7
1186570 1909.3
1186580 1909.3
1186590 1911.0
1186600 1912.5
1186610 1912.5
1186620 1914.8
1186630 1917.3
1186640 1918.3
1186650 1918.3
1186660 1920.1
1186670 1922.2
1186680 1922.2
1186690 1923.4
1186700 1925.2
1186710 1920.5
1186720 1924.8
1186730 1929.4
1186740 1929.4
1186750 1934.3
1186760 1939.0
1186770 1939.0
1186780 1943.2
1186790 1946.7
1186800 1946.7
1186810 1950.7
1186820 1954.8
1186830 1954.8
1186840 1958.2
1186850 1962.0
1186860 1962.0
1186870 1966.1
1186880 1970.3
1186890 1970.3
1186900 1975.3
1186910 1980.5
1186920 1980.5
1186930 1985.1
1186940 1988.8
1186950 1991.8
1186960 1991.8
1186970 1996.7
1186980 2003.5
1186990 2003.5
1187000 2010.4
1187010 2011.4
1187020 2011.4
1187030 2011.7
1187040 2013.8
1187050 2013.8
1187060 2016.2
1187070 2017.5
1187080 2017.5
1187090 2018.6
1187100 2019.9
1187110 2019.9
1187120 2020.9
1187130 2021.6
1187140 2015.1
1187150 2015.1
1187160 2013.9
1187170 2013.9
1187180 2012.3
1187190 2011.0
1187200 2011.0
1187210 2009.4
1187220 2008.0
1187230 2007.3
1187240 2007.3
1187250 2005.8
1187260 2003.8
1187270 2003.8
1187280 2000.9
1187290 1998.5
1187300 1998.5
1187310 1994.5
1187320 1989.9
1187330 1989.9
1187340 1985.4
1187350 1979.4
1187360 1979.4
1187370 1972.8
1187380 1965.5
1187390 1965.5
1187400 1958.2
1187410 1951.5
1187420 1951.5
1187430 1945.3
1187440 1939.5
1187450 1939.5
1187460 1933.8
1187470 1928.3
1187480 1928.3
1187490 1923.0
1187500 1918.4
1187510 1918.4
1187520 1914.0
1187530 1908.5
1187540 1903.4
1187550 1903.4
1187560 1898.0
1187570 1885.9
1187580 1885.9
1187590 1881.1
1187600 1879.1
1187610 1879.1
1187620 1877.1
1187630 1872.2
1187640 1872.2
1187650 1866.7
1187660 1861.5
1187670 1861.5
1187680 1855.2
1187690 1849.0
1187700 1849.0
1187710 1842.7
1187720 1836.4
1187730 1836.4
1187740 1830.2
1187750 1823.1
1187760 1823.1
1187770 1817.1
1187780 1811.9
1187790 1811.9
1187800 1806.3
1187810 1802.0
1187820 1797.2
1187830 1797.2
1187840 1792.9
1187850 1788.8
1187860 1788.8
1187870 1786.5
1187880 1782.6
1187890 1782.6
1187900 1779.3
1187910 1774.8
1187920 1774.8
1187930 1768.1
1187940 1765.4
1187950 1765.4
1187960 1764.7
1187970 1762.3
1187980 1762.3
1187990 1758.4
1188000 1748.7
1188010 1748.7
1188020 1741.6
1188030 1734.0
1188040 1734.0
1188050 1726.9
1188060 1719.3
1188070 1719.3
1188080 1712.4
1188090 1705.2
1188100 1705.2
1188110 1698.7
1188120 1693.0
1188130 1688.2
1188140 1688.2
1188150 1684.3
1188160 1680.9
1188170 1680.9
1188180 1677.4
1188190 1673.8
1188200 1673.8
1188210 1670.9
1188220 1668.1
1188230 1668.1
1188240 1665.2
1188250 1662.7
1188260 1662.7
1188270 1659.4
1188280 1655.6
1188290 1655.6
1188300 1650.7
1188310 1646.2
1188320 1646.2
1188330 1643.1
1188340 1639.9
1188350 1639.9
1188360 1635.3
1188370 1630.3
1188380 1630.3
1188390 1627.9
1188400 1625.3
1188410 1625.3
1188420 1622.8
1188430 1618.4
1188440 1615.8
1188450 1615.8
1188460 1612.6
1188470 1610.1
1188480 1610.1
1188490 1608.4
1188500 1606.8
1188510 1606.8
1188520 1605.2
1188530 1604.3
1188540 1604.3
1188550 1603.9
1188560 1602.7
1188570 1602.7
1188580 1600.6
1188590 1598.3
1188600 1598.3
1188610 1596.5
1188620 1594.4
1188630 1594.4
1188640 1591.8
1188650 1589.0
1188660 1589.0
1188670 1585.1
1188680 1582.9
1188690 1582.9
1188700 1581.4
1188710 1579.0
1188720 1576.8
1188730 1576.8
1188740 1574.7
1188750 1573.1
1188760 1573.1
1188770 1572.0
1188780 1571.2
1188790 1571.2
1188800 1568.8
1188810 1565.5
1188820 1565.5
1188830 1562.3
1188840 1559.6
1188850 1559.6
1188860 1549.4
1188870 1545.0
1188880 1545.0
1188890 1540.6
1188900 1538.4
1188910 1538.4
1188920 1537.4
1188930 1536.0
1188940 1536.0
1188950 1535.4
1188960 1531.4
1188970 1531.4
1188980 1525.9
1188990 1519.9
1189000 1519.9
1189010 1514.7
1189020 1512.4
1189030 1509.9
1189040 1509.9
1189050 1506.2
1189060 1501.0
1189070 1501.0
1189080 1496.5
1189090 1493.5
1189100 1493.5
1189110 1492.8
1189120 1493.0
1189130 1493.0
1189140 1493.6
1189150 1493.1
1189160 1493.1
1189170 1493.0
1189180 1492.2
1189190 1492.2
1189200 1490.6
1189210 1492.4
1189220 1492.4
1189230 1493.4
1189240 1491.7
1189250 1491.7
1189260 1491.4
1189270 1494.2
1189280 1494.2
1189290 1490.4
1189300 1491.6
1189310 1491.6
1189320 1492.9
1189330 1493.3
1189340 1492.9
1189350 1492.9
1189360 1492.3
1189370 1492.7
1189380 1492.7
1189390 1492.8
1189400 1493.9
1189410 1493.9
1189420 1494.5
1189430 1494.5
1189440 1494.5
1189450 1492.5
1189460 1490.3
1189470 1490.3
1189480 1487.7
1189490 1483.8
1189500 1483.8
1189510 1481.1
1189520 1479.2
1189530 1479.2
1189540 1474.7
1189550 1468.9
1189560 1468.9
1189570 1465.3
1189580 1463.8
1189590 1463.8
1189600 1463.0
1189610 1462.9
1189620 1463.1
1189630 1463.1
1189640 1464.0
1189650 1465.4
1189660 1465.4
1189670 1467.2
1189680 1469.4
1189690 1469.4
1189700 1471.6
1189710 1473.4
1189720 1466.6
1189730 1468.2
1189740 1469.2
1189750 1469.2
1189760 1469.6
1189770 1470.8
1189780 1470.8
1189790 1473.4
1189800 1476.8
1189810 1476.8
1189820 1480.6
1189830 1483.1
1189840 1483.1
1189850 1485.2
1189860 1487.5
1189870 1487.5
1189880 1489.4
1189890 1491.0
1189900 1491.0
1189910 1493.7
1189920 1496.0
1189930 1498.8
1189940 1498.8
1189950 1500.7
1189960 1503.0
1189970 1503.0
1189980 1507.1
1189990 1508.3
1190000 1508.3
1190010 1507.7
1190020 1507.8
1190030 1507.8
1190040 1508.4
1190050 1509.1
1190060 1509.1
1190070 1508.5
1190080 1506.0
1190090 1506.0
1190100 1505.0
1190110 1504.8
1190120 1504.8
1190130 1503.4
1190140 1500.6
1190150 1493.9
1190160 1490.7
1190170 1487.4
1190180 1487.4
1190190 1483.9
1190200 1480.0
1190210 1476.1
1190220 1476.1
1190230 1472.4
1190240 1468.8
1190250 1468.8
1190260 1464.9
1190270 1460.9
1190280 1460.9
1190290 1457.1
1190300 1453.1
1190310 1453.1
1190320 1448.4
1190330 1442.7
1190340 1442.7
1190350 1437.3
1190360 1431.8
1190370 1431.8
1190380 1426.1
1190390 1420.8
1190400 1420.8
1190410 1415.2
1190420 1409.3
1190430 1409.3
1190440 1403.7
1190450 1398.5
1190460 1398.5
1190470 1393.8
1190480 1388.8
1190490 1388.8
1190500 1383.6
1190510 1378.3
1190520 1373.4
1190530 1373.4
1190540 1368.7
1190550 1364.4
1190560 1364.4
1190570 1362.3
1190580 1360.9
1190590 1357.6
1190600 1356.7
1190610 1355.3
1190620 1355.3
1190630 1354.1
1190640 1353.2
1190650 1353.2
1190660 1351.8
1190670 1350.0
1190680 1350.0
1190690 1348.7
1190700 1347.9
1190710 1347.9
1190720 1348.4
1190730 1348.8
1190740 1348.8
1190750 1348.5
1190760 1348.2
1190770 1348.2
1190780 1348.8
1190790 1349.1
1190800 1349.1
1190810 1349.0
1190820 1349.0
1190830 1349.4
1190840 1349.4
1190850 1349.3
1190860 1349.4
1190870 1349.4
1190880 1348.7
1190890 1347.9
1190900 1347.9
1190910 1347.8
1190920 1347.8
1190930 1347.8
1190940 1347.4
1190950 1346.7
1190960 1346.7
1190970 1346.9
1190980 1347.3
1190990 1347.3
1191000 1348.0
1191010 1349.6
1191020 1352.1
1191030 1354.4
1191040 1356.7
1191050 1356.7
1191060 1359.8
1191070 1363.6
1191080 1363.6
1191090 1366.6
1191100 1369.2
1191110 1371.4
1191120 1371.4
1191130 1374.5
1191140 1378.2
1191150 1378.2
1191160 1382.5
1191170 1386.4
1191180 1386.4
1191190 1390.0
1191200 1393.5
1191210 1393.5
1191220 1396.7
1191230 1400.6
1191240 1400.6
1191250 1404.3
1191260 1407.9
1191270 1407.9
1191280 1411.0
1191290 1414.8
1191300 1414.8
1191310 1418.5
1191320 1421.6
1191330 1421.6
1191340 1424.2
1191350 1428.1
1191360 1428.1
1191370 1432.5
1191380 1437.0
1191390 1437.0
1191400 1441.0
1191410 1444.7
1191420 1447.7
1191430 1447.7
1191440 1450.4
1191450 1453.6
1191460 1458.8
1191470 1462.2
1191480 1466.2
1191490 1466.2
1191500 1470.8
1191510 1475.6
1191520 1475.6
1191530 1478.9
1191540 1481.6
1191550 1481.6
1191560 1484.9
1191570 1488.7
1191580 1488.7
1191590 1493.5
1191600 1498.5
1191610 1498.5
1191620 1504.2
1191630 1511.6
1191640 1511.6
1191650 1519.0
1191660 1524.5
1191670 1524.5
1191680 1528.6
1191690 1532.6
1191700 1532.6
1191710 1536.5
1191720 1539.7
1191730 1541.8
1191740 1541.8
1191750 1543.2
1191760 1543.5
1191770 1543.5
1191780 1544.1
1191790 1545.9
1191800 1545.9
1191810 1547.7
1191820 1547.3
1191830 1547.3
1191840 1549.4
1191850 1552.1
1191860 1552.1
1191870 1553.8
1191880 1555.2
1191890 1565.0
1191900 1567.4
1191910 1571.6
1191920 1571.6
1191930 1573.8
1191940 1574.1
1191950 1574.1
1191960 1574.5
1191970 1574.3
1191980 1574.3
1191990 1573.4
1192000 1572.0
1192010 1572.4
1192020 1572.4
1192030 1577.3
1192040 1579.1
1192050 1579.1
1192060 1577.7
1192070 1576.0
1192080 1576.0
1192090 1574.7
1192100 1574.3
1192110 1574.3
1192120 1574.5
1192130 1573.6
1192140 1573.6
1192150 1576.4
1192160 1577.7
1192170 1577.7
1192180 1579.4
1192190 1580.4
1192200 1580.4
1192210 1580.6
1192220 1581.7
1192230 1581.7
1192240 1584.6
1192250 1583.5
1192260 1583.5
1192270 1586.5
1192280 1591.3
1192290 1591.3
1192300 1594.1
1192310 1593.3
1192320 1593.3
1192330 1599.4
1192340 1600.2
1192350 1599.2
1192360 1599.2
1192370 1599.5
1192380 1601.5
1192390 1601.5
1192400 1604.3
1192410 1606.5
1192420 1606.5
1192430 1606.6
1192440 1606.7
1192450 1606.7
1192460 1606.7
1192470 1606.9
1192480 1606.9
1192490 1607.1
1192500 1608.5
1192510 1608.5
1192520 1609.9
1192530 1610.5
1192540 1610.5
1192550 1611.1
1192560 1612.9
1192570 1612.9
1192580 1615.7
1192590 1619.3
1192600 1621.2
1192610 1621.2
1192620 1624.5
1192630 1627.2
1192640 1627.2
1192650 1632.0
1192660 1636.5
1192670 1636.5
1192680 1636.3
1192690 1631.5
1192700 1631.5
1192710 1625.8
1192720 1619.1
1192730 1619.1
1192740 1611.6
1192750 1603.6
1192760 1603.6
1192770 1595.2
1192780 1588.8
1192790 1588.8
1192800 1582.8
1192810 1576.8
1192820 1576.8
1192830 1570.2
1192840 1564.1
1192850 1564.1
1192860 1558.9
1192870 1554.1
1192880 1554.1
1192890 1549.2
1192900 1544.4
1192910 1539.9
1192920 1539.9
1192930 1534.3
1192940 1536.8
1192950 1536.8
1192960 1539.7
1192970 1541.2
1192980 1541.2
1192990 1541.2
1193000 1542.6
1193010 1542.6
1193020 1545.9
1193030 1549.4
1193040 1549.4
1193050 1553.7
1193060 1558.6
1193070 1558.6
1193080 1563.7
1193090 1568.7
1193100 1568.7
1193110 1572.8
1193120 1576.8
1193130 1576.8
1193140 1578.4
1193150 1580.4
1193160 1580.4
1193170 1582.2
1193180 1583.6
1193190 1583.6
1193200 1588.4
1193210 1586.0
1193220 1589.4
1193230 1589.4
1193240 1589.4
1193250 1586.9
1193260 1586.9
1193270 1585.4
1193280 1583.6
1193290 1583.6
1193300 1581.8
1193310 1582.2
1193320 1582.2
1193330 1580.6
1193340 1578.7
1193350 1578.7
1193360 1577.2
1193370 1576.1
1193380 1576.1
1193390 1574.6
1193400 1573.1
1193410 1573.1
1193420 1571.4
1193430 1570.0
1193440 1570.0
1193450 1568.5
1193460 1567.0
1193470 1567.0
1193480 1567.3
1193490 1567.8
1193500 1567.2
1193510 1567.2
1193520 1565.7
1193530 1564.0
1193540 1564.0
1193550 1562.3
1193560 1560.1
1193570 1560.1
1193580 1557.8
1193590 1554.1
1193600 1554.1
1193610 1550.1
1193620 1547.0
1193630 1547.0
1193640 1549.3
1193650 1546.2
1193660 1546.2
1193670 1545.9
1193680 1549.0
1193690 1549.0
1193700 1551.4
1193710 1552.4
1193720 1552.4
1193730 1552.2
1193740 1551.0
1193750 1551.0
1193760 1548.7
1193770 1546.6
1193780 1546.6
1193790 1545.3
1193800 1543.0
1193810 1539.8
1193820 1539.8
1193830 1536.6
1193840 1533.1
1193850 1533.1
1193860 1528.0
1193870 1522.9
1193880 1522.9
1193890 1516.2
1193900 1508.8
1193910 1508.8
1193920 1502.0
1193930 1496.5
1193940 1496.5
1193950 1491.6
1193960 1486.8
1193970 1486.8
1193980 1482.7
1193990 1478.7
1194000 1478.7
1194010 1475.1
1194020 1471.1
1194030 1471.1
1194040 1465.9
1194050 1461.2
1194060 1461.2
1194070 1455.6
1194080 1450.6
1194090 1443.5
1194100 1443.5
1194110 1436.4
1194120 1428.6
1194130 1428.6
1194140 1419.5
1194150 1409.9
1194160 1409.9
1194170 1401.3
1194180 1393.4
1194190 1393.4
1194200 1385.5
1194210 1377.9
1194220 1377.9
1194230 1370.1
1194240 1363.3
1194250 1363.3
1194260 1355.3
1194270 1346.4
1194280 1346.4
1194290 1338.6
1194300 1332.4
1194310 1332.4
1194320 1329.3
1194330 1328.0
1194340 1328.0
1194350 1326.5
1194360 1323.7
1194370 1323.7
1194380 1324.2
1194390 1324.8
1194400 1321.3
1194410 1321.3
1194420 1316.2
1194430 1309.5
1194440 1309.5
1194450 1303.0
1194460 1297.9
1194470 1297.9
1194480 1293.0
1194490 1286.5
1194500 1286.5
1194510 1283.1
1194520 1289.8
1194530 1289.8
1194540 1291.4
1194550 1292.3
1194560 1292.3
1194570 1292.2
1194580 1289.4
1194590 1289.4
1194600 1282.1
1194610 1273.6
1194620 1273.6
1194630 1264.1
1194640 1255.6
1194650 1255.6
1194660 1248.5
1194670 1242.6
1194680 1242.6
1194690 1238.4
1194700 1237.6
1194710 1238.0
1194720 1238.0
1194730 1239.5
1194740 1252.1
1194750 1252.1
1194760 1265.4
1194770 1272.7
1194780 1272.7
1194790 1274.7
1194800 1278.4
1194810 1278.4
1194820 1283.2
1194830 1290.0
1194840 1290.0
1194850 1300.9
1194860 1307.0
1194870 1307.0
1194880 1313.0
1194890 1321.2
1194900 1321.2
1194910 1331.1
1194920 1339.4
1194930 1339.4
1194940 1344.7
1194950 1349.5
1194960 1341.8
1194970 1346.9
1194980 1352.5
1194990 1357.0
1195000 1357.0
1195010 1362.5
1195020 1367.8
1195030 1367.8
1195040 1372.1
1195050 1376.3
1195060 1376.3
1195070 1381.7
1195080 1387.1
1195090 1387.1
1195100 1391.1
1195110 1394.3
1195120 1394.3
1195130 1394.7
1195140 1395.7
1195150 1395.7
1195160 1399.6
1195170 1403.5
1195180 1403.5
1195190 1406.1
1195200 1406.4
1195210 1406.4
1195220 1406.8
1195230 1405.7
1195240 1405.7
1195250 1406.8
1195260 1414.1
1195270 1414.1
1195280 1421.0
1195290 1425.2
1195300 1428.2
1195310 1428.2
1195320 1433.1
1195330 1437.1
1195340 1437.1
1195350 1440.3
1195360 1442.8
1195370 1442.8
1195380 1446.5
1195390 1451.9
1195400 1446.9
1195410 1452.3
1195420 1455.2
1195430 1455.2
1195440 1457.2
1195450 1460.9
1195460 1460.9
1195470 1463.9
1195480 1465.2
1195490 1465.2
1195500 1461.6
1195510 1456.0
1195520 1456.0
1195530 1449.0
1195540 1444.9
1195550 1444.9
1195560 1448.4
1195570 1454.1
1195580 1454.1
1195590 1456.5
1195600 1460.2
1195610 1465.5
1195620 1465.5
1195630 1472.3
1195640 1478.7
1195650 1478.7
1195660 1485.0
1195670 1489.7
1195680 1489.7
1195690 1495.3
1195700 1503.7
1195710 1503.7
1195720 1507.1
1195730 1509.0
1195740 1509.0
1195750 1517.6
1195760 1531.3
1195770 1531.3
1195780 1543.4
1195790 1559.2
1195800 1559.2
1195810 1567.2
1195820 1565.8
1195830 1565.8
1195840 1564.7
1195850 1557.2
1195860 1557.2
1195870 1556.7
1195880 1566.9
1195890 1582.4
1195900 1582.4
1195910 1598.7
1195920 1625.0
1195930 1625.0
1195940 1636.2
1195950 1644.4
1195960 1644.4
1195970 1643.4
1195980 1635.4
1195990 1635.4
1196000 1637.3
1196010 1634.0
1196020 1634.0
1196030 1644.8
1196040 1665.6
1196050 1665.6
1196060 1680.1
1196070 1692.0
1196080 1692.0
1196090 1700.5
1196100 1707.4
1196110 1707.4
1196120 1713.9
1196130 1721.9
1196140 1721.9
1196150 1728.9
1196160 1735.6
1196170 1735.6
1196180 1742.1
1196190 1748.1
1196200 1754.3
1196210 1754.3
1196220 1760.7
1196230 1767.9
1196240 1767.9
1196250 1775.7
1196260 1788.1
1196270 1788.1
1196280 1796.3
1196290 1808.7
1196300 1808.7
1196310 1818.6
1196320 1825.6
1196330 1825.6
1196340 1833.7
1196350 1842.2
1196360 1842.2
1196370 1852.3
1196380 1863.8
1196390 1863.8
1196400 1868.7
1196410 1873.8
1196420 1873.8
1196430 1879.5
1196440 1884.6
1196450 1884.6
1196460 1889.9
1196470 1895.7
1196480 1901.8
1196490 1901.8
1196500 1908.4
1196510 1916.1
1196520 1916.1
1196530 1921.5
1196540 1925.7
1196550 1925.7
1196560 1930.6
1196570 1936.1
1196580 1936.1
1196590 1941.8
1196600 1947.2
1196610 1947.2
1196620 1953.0
1196630 1958.5
1196640 1958.5
1196650 1965.3
1196660 1973.3
1196670 1973.3
1196680 1981.0
1196690 1990.8
1196700 1990.8
1196710 1999.5
1196720 2007.6
1196730 2008.6
1196740 2015.8
1196750 2023.5
1196760 2023.5
1196770 2031.9
1196780 2040.4
1196790 2046.9
1196800 2046.9
1196810 2049.0
1196820 2050.7
1196830 2050.7
1196840 2054.7
1196850 2059.8
1196860 2059.8
1196870 2063.8
1196880 2066.9
1196890 2066.9
1196900 2071.4
1196910 2074.8
1196920 2074.8
1196930 2074.9
1196940 2072.1
1196950 2072.1
1196960 2069.1
1196970 2066.8
1196980 2066.8
1196990 2065.2
1197000 2063.9
1197010 2063.9
1197020 2061.0
1197030 2055.0
1197040 2055.0
1197050 2046.5
1197060 2037.8
1197070 2037.8
1197080 2030.1
1197090 2023.2
1197100 2015.7
1197110 2015.7
1197120 2008.1
1197130 2000.6
1197140 2000.6
1197150 1993.4
1197160 1986.8
1197170 1986.1
1197180 1979.4
1197190 1973.1
1197200 1973.1
1197210 1966.5
1197220 1959.9
1197230 1959.9
1197240 1953.6
1197250 1947.4
1197260 1947.4
1197270 1941.3
1197280 1935.2
1197290 1935.2
1197300 1929.4
1197310 1924.4
1197320 1924.4
1197330 1920.0
1197340 1916.1
1197350 1916.1
1197360 1913.8
1197370 1911.1
1197380 1907.1
1197390 1907.1
1197400 1903.5
1197410 1899.7
1197420 1899.7
1197430 1897.0
1197440 1891.2
1197450 1891.2
1197460 1884.9
1197470 1879.7
1197480 1879.7
1197490 1876.2
1197500 1868.7
1197510 1868.7
1197520 1861.0
1197530 1854.4
1197540 1854.4
1197550 1851.0
1197560 1851.3
1197570 1851.3
1197580 1849.7
1197590 1842.8
1197600 1842.8
1197610 1831.0
1197620 1824.6
1197630 1824.6
1197640 1827.4
1197650 1835.8
1197660 1835.8
1197670 1845.5
1197680 1850.2
1197690 1858.0
1197700 1858.0
1197710 1866.8
1197720 1876.5
1197730 1876.5
1197740 1884.5
1197750 1889.9
1197760 1889.9
1197770 1894.2
1197780 1896.7
1197790 1896.7
1197800 1895.6
1197810 1893.2
1197820 1893.2
1197830 1890.5
1197840 1887.7
1197850 1887.7
1197860 1885.6
1197870 1884.7
1197880 1884.7
1197890 1882.8
1197900 1876.3
1197910 1876.3
1197920 1874.5
1197930 1877.6
1197940 1877.6
1197950 1874.3
1197960 1873.9
1197970 1881.3
1197980 1881.3
1197990 1889.1
1198000 1895.0
1198010 1895.0
1198020 1901.5
1198030 1909.0
1198040 1909.0
1198050 1916.8
1198060 1922.7
1198070 1922.7
1198080 1930.3
1198090 1936.0
1198100 1936.0
1198110 1940.9
1198120 1944.0
1198130 1944.0
1198140 1946.3
1198150 1947.7
1198160 1947.7
1198170 1950.0
1198180 1954.8
1198190 1954.8
1198200 1962.3
1198210 1966.3
1198220 1966.3
1198230 1963.7
1198240 1968.1
1198250 1968.1
1198260 1973.7
1198270 1982.0
1198280 1993.9
1198290 1993.9
1198300 1999.1
1198310 2002.6
1198320 2002.6
1198330 2012.3
1198340 2022.2
1198350 2022.2
1198360 2031.9
1198370 2043.5
1198380 2043.5
1198390 2055.8
1198400 2064.3
1198410 2064.3
1198420 2070.8
1198430 2077.3
1198440 2077.3
1198450 2083.6
1198460 2090.4
1198470 2090.4
1198480 2098.8
1198490 2107.3
1198500 2105.4
1198510 2113.1
1198520 2120.0
1198530 2120.0
1198540 2124.3
1198550 2128.3
1198560 2128.3
1198570 2128.9
1198580 2127.7
1198590 2129.8
1198600 2129.8
1198610 2139.7
1198620 2149.9
1198630 2149.9
1198640 2164.3
1198650 2175.1
1198660 2175.1
1198670 2185.0
1198680 2195.0
1198690 2195.0
1198700 2204.5
1198710 2209.6
1198720 2209.6
1198730 2209.3
1198740 2217.8
1198750 2217.8
1198760 2229.5
1198770 2239.9
1198780 2239.9
1198790 2237.4
1198800 2235.7
1198810 2235.7
1198820 2236.6
1198830 2237.4
1198840 2237.4
1198850 2239.7
1198860 2241.0
1198870 2242.1
1198880 2242.1
1198890 2247.8
1198900 2254.2
1198910 2254.2
1198920 2261.2
1198930 2267.0
1198940 2267.0
1198950 2263.0
1198960 2269.4
1198970 2269.4
1198980 2277.0
1198990 2286.5
1199000 2286.5
1199010 2292.7
1199020 2298.8
1199030 2298.8
1199040 2291.1
1199050 2273.4
1199060 2273.4
1199070 2263.8
1199080 2255.0
1199090 2255.0
1199100 2248.6
1199110 2243.0
1199120 2243.0
1199130 2236.2
1199140 2227.0
1199150 2227.0
1199160 2215.1
1199170 2205.6
1199180 2196.9
1199190 2196.9
1199200 2186.5
1199210 2174.5
1199220 2174.5
1199230 2161.8
1199240 2151.8
1199250 2151.8
1199260 2145.4
1199270 2139.6
1199280 2139.6
1199290 2135.2
1199300 2131.1
1199310 2131.1
1199320 2128.4
1199330 2123.7
1199340 2123.7
1199350 2118.0
1199360 2111.0
1199370 2111.0
1199380 2104.9
1199390 2098.7
1199400 2116.7
1199410 2109.3
1199420 2102.2
1199430 2102.2
1199440 2097.8
1199450 2093.9
1199460 2089.2
1199470 2089.2
1199480 2083.0
1199490 2077.8
1199500 2077.8
1199510 2072.4
1199520 2064.8
1199530 2064.8
1199540 2057.3
1199550 2050.0
1199560 2050.0
1199570 2043.7
1199580 2039.3
1199590 2039.3
1199600 2035.9
1199610 2033.0
1199620 2033.0
1199630 2031.1
1199640 2028.1
1199650 2028.1
1199660 2026.6
1199670 2027.3
1199680 2027.3
1199690 2026.4
1199700 2028.4
1199710 2028.4
1199720 2034.1
1199730 2033.1
1199740 2033.1
1199750 2025.6
1199760 2020.5
1199770 2016.9
1199780 2016.9
1199790 2011.2
1199800 2005.2
1199810 2005.2
1199820 1999.1
1199830 1994.9
1199840 2010.7
1199850 2011.7
1199860 2010.6
1199870 2010.6
1199880 2009.8
1199890 2012.9
1199900 2012.9
1199910 2008.4
1199920 2001.1
1199930 2001.1
1199940 1987.4
1199950 1986.5
1199960 1986.5
1199970 1978.6
1199980 1967.2
1199990 1967.2
