1180000 1303.1
1180010 1303.1
1180020 1303.3
1180030 1306.0
1180040 1306.0
1180050 1309.3
1180060 1312.0
1180070 1312.0
1180080 1315.0
1180090 1316.6
1180100 1316.6
1180110 1318.5
1180120 1320.4
1180130 1320.4
1180140 1321.0
1180150 1323.3
1180160 1323.3
1180170 1327.5
1180180 1331.2
1180190 1331.2
1180200 1334.6
1180210 1338.1
1180220 1340.9
1180230 1340.9
1180240 1343.5
1180250 1345.2
1180260 1345.2
1180270 1345.7
1180280 1346.8
1180290 1346.8
1180300 1343.5
1180310 1345.6
1180320 1345.6
1180330 1346.0
1180340 1345.6
1180350 1345.6
1180360 1344.2
1180370 1348.1
1180380 1348.1
1180390 1352.3
1180400 1354.8
1180410 1354.8
1180420 1358.5
1180430 1362.0
1180440 1362.0
1180450 1364.5
1180460 1367.9
1180470 1367.9
1180480 1370.2
1180490 1371.5
1180500 1373.3
1180510 1373.3
1180520 1375.2
1180530 1377.5
1180540 1377.5
1180550 1379.1
1180560 1380.4
1180570 1380.4
1180580 1383.0
1180590 1389.1
1180600 1389.1
1180610 1393.7
1180620 1395.4
1180630 1395.4
1180640 1396.3
1180650 1394.6
1180660 1394.6
1180670 1393.7
1180680 1394.3
1180690 1394.3
1180700 1394.3
1180710 1391.5
1180720 1384.5
1180730 1386.5
1180740 1387.1
1180750 1387.1
1180760 1386.1
1180770 1383.5
1180780 1383.5
1180790 1381.0
1180800 1378.6
1180810 1376.4
1180820 1376.4
1180830 1372.7
1180840 1364.1
1180850 1364.1
1180860 1356.1
1180870 1350.8
1180880 1350.8
1180890 1340.5
1180900 1330.2
1180910 1330.2
1180920 1325.5
1180930 1323.8
1180940 1323.8
1180950 1325.4
1180960 1325.5
1180970 1325.5
1180980 1321.3
1180990 1318.0
1181000 1318.0
1181010 1314.5
1181020 1307.7
1181030 1307.7
1181040 1300.2
1181050 1296.4
1181060 1296.4
1181070 1296.2
1181080 1297.1
1181090 1297.1
1181100 1303.2
1181110 1311.5
1181120 1318.8
1181130 1318.8
1181140 1331.5
1181150 1337.9
1181160 1337.9
1181170 1344.1
1181180 1351.4
1181190 1351.4
1181200 1360.3
1181210 1370.6
1181220 1370.6
1181230 1380.7
1181240 1391.0
1181250 1391.0
1181260 1406.3
1181270 1428.5
1181280 1428.5
1181290 1441.8
1181300 1440.9
1181310 1440.9
1181320 1441.7
1181330 1450.6
1181340 1450.6
1181350 1459.0
1181360 1467.2
1181370 1467.2
1181380 1479.8
1181390 1487.1
1181400 1487.1
1181410 1492.0
1181420 1496.9
1181430 1501.7
1181440 1501.7
1181450 1507.4
1181460 1513.4
1181470 1513.4
1181480 1519.3
1181490 1524.8
1181500 1524.8
1181510 1530.1
1181520 1535.3
1181530 1535.3
1181540 1539.6
1181550 1543.6
1181560 1536.2
1181570 1540.9
1181580 1545.4
1181590 1545.4
1181600 1551.0
1181610 1555.5
1181620 1555.5
1181630 1559.8
1181640 1562.6
1181650 1562.6
1181660 1568.9
1181670 1571.3
1181680 1571.3
1181690 1572.5
1181700 1577.0
1181710 1577.4
1181720 1577.4
1181730 1581.4
1181740 1576.1
1181750 1576.1
1181760 1577.6
1181770 1583.5
1181780 1583.5
1181790 1585.2
1181800 1583.8
1181810 1583.8
1181820 1586.1
1181830 1586.1
1181840 1586.1
1181850 1589.8
1181860 1594.1
1181870 1594.1
1181880 1598.8
1181890 1603.6
1181900 1603.6
1181910 1609.0
1181920 1615.8
1181930 1615.8
1181940 1626.1
1181950 1638.3
1181960 1638.3
1181970 1649.8
1181980 1649.0
1181990 1649.0
1182000 1650.4
1182010 1650.4
1182020 1651.9
1182030 1651.9
1182040 1653.0
1182050 1654.3
1182060 1654.3
1182070 1655.6
1182080 1655.7
1182090 1655.7
1182100 1654.4
1182110 1651.8
1182120 1651.8
1182130 1649.3
1182140 1647.1
1182150 1647.1
1182160 1648.7
1182170 1648.2
1182180 1648.2
1182190 1647.5
1182200 1647.5
1182210 1647.5
1182220 1645.8
1182230 1635.5
1182240 1635.5
1182250 1632.7
1182260 1627.7
1182270 1627.7
1182280 1624.9
1182290 1632.1
1182300 1632.1
1182310 1636.1
1182320 1638.2
1182330 1637.5
1182340 1637.5
1182350 1647.5
1182360 1651.1
1182370 1651.1
1182380 1652.3
1182390 1656.1
1182400 1647.9
1182410 1646.9
1182420 1647.9
1182430 1647.9
1182440 1653.4
1182450 1658.6
1182460 1658.6
1182470 1662.3
1182480 1658.1
1182490 1658.1
1182500 1652.6
1182510 1649.4
1182520 1649.4
1182530 1645.7
1182540 1644.9
1182550 1644.9
1182560 1646.4
1182570 1648.4
1182580 1648.4
1182590 1650.4
1182600 1649.0
1182610 1649.0
1182620 1647.2
1182630 1652.5
1182640 1653.1
1182650 1653.1
1182660 1651.1
1182670 1656.2
1182680 1656.2
1182690 1662.8
1182700 1666.5
1182710 1666.5
1182720 1668.2
1182730 1670.7
1182740 1670.7
1182750 1674.6
1182760 1679.8
1182770 1679.8
1182780 1685.7
1182790 1690.8
1182800 1690.8
1182810 1697.5
1182820 1700.3
1182830 1700.3
1182840 1704.5
1182850 1708.3
1182860 1708.3
1182870 1711.6
1182880 1713.7
1182890 1713.7
1182900 1715.9
1182910 1718.5
1182920 1719.9
1182930 1719.9
1182940 1721.5
1182950 1724.7
1182960 1724.7
1182970 1725.2
1182980 1724.4
1182990 1724.4
1183000 1727.3
1183010 1730.2
1183020 1730.2
1183030 1732.7
1183040 1736.7
1183050 1736.7
1183060 1741.0
1183070 1741.3
1183080 1741.3
1183090 1738.2
1183100 1740.9
1183110 1740.9
1183120 1748.2
1183130 1755.2
1183140 1755.2
1183150 1762.7
1183160 1767.9
1183170 1767.9
1183180 1772.8
1183190 1776.9
1183200 1776.9
1183210 1777.3
1183220 1775.3
1183230 1777.1
1183240 1777.1
1183250 1782.0
1183260 1786.8
1183270 1786.8
1183280 1789.0
1183290 1793.4
1183300 1793.4
1183310 1799.7
1183320 1804.6
1183330 1804.6
1183340 1808.0
1183350 1811.3
1183360 1811.3
1183370 1812.4
1183380 1815.2
1183390 1815.2
1183400 1816.6
1183410 1820.8
1183420 1820.8
1183430 1824.5
1183440 1827.1
1183450 1827.1
1183460 1826.3
1183470 1825.0
1183480 1825.0
1183490 1826.5
1183500 1829.0
1183510 1829.0
1183520 1829.7
1183530 1836.4
1183540 1841.7
1183550 1841.7
1183560 1845.4
1183570 1845.7
1183580 1845.7
1183590 1847.5
1183600 1854.4
1183610 1854.4
1183620 1855.9
1183630 1853.0
1183640 1853.0
1183650 1855.4
1183660 1855.0
1183670 1843.1
1183680 1850.1
1183690 1858.9
1183700 1858.9
1183710 1856.9
1183720 1853.1
1183730 1853.1
1183740 1851.4
1183750 1856.4
1183760 1856.4
1183770 1863.1
1183780 1873.0
1183790 1873.0
1183800 1880.8
1183810 1882.9
1183820 1882.9
1183830 1886.2
1183840 1893.2
1183850 1901.1
1183860 1901.1
1183870 1908.6
1183880 1917.2
1183890 1917.2
1183900 1924.0
1183910 1932.8
1183920 1932.8
1183930 1941.8
1183940 1950.0
1183950 1950.0
1183960 1956.6
1183970 1963.1
1183980 1963.1
1183990 1970.3
1184000 1978.3
1184010 1978.3
1184020 1986.1
1184030 1993.8
1184040 1993.8
1184050 2001.5
1184060 2009.0
1184070 2009.0
1184080 2016.4
1184090 2024.8
1184100 2024.8
1184110 2032.4
1184120 2040.2
1184130 2047.9
1184140 2047.9
1184150 2055.8
1184160 2063.9
1184170 2063.9
1184180 2071.9
1184190 2079.6
1184200 2079.6
1184210 2086.9
1184220 2093.8
1184230 2093.8
1184240 2100.6
1184250 2104.7
1184260 2104.7
1184270 2101.6
1184280 2101.8
1184290 2101.8
1184300 2105.6
1184310 2101.0
1184320 2101.0
1184330 2087.1
1184340 2084.0
1184350 2084.0
1184360 2086.0
1184370 2068.1
1184380 2068.1
1184390 2059.6
1184400 2065.1
1184410 2065.1
1184420 2071.0
1184430 2070.0
1184440 2064.3
1184450 2064.3
1184460 2064.4
1184470 2065.0
1184480 2065.0
1184490 2063.4
1184500 2055.9
1184510 2055.9
1184520 2056.3
1184530 2038.7
1184540 2038.7
1184550 2021.9
1184560 1988.5
1184570 1988.5
1184580 1966.2
1184590 1956.4
1184600 1956.4
1184610 1949.9
1184620 1947.8
1184630 1947.8
1184640 1942.6
1184650 1930.0
1184660 1930.0
1184670 1919.7
1184680 1911.2
1184690 1911.2
1184700 1904.7
1184710 1898.4
1184720 1898.4
1184730 1892.7
1184740 1887.1
1184750 1879.8
1184760 1879.8
1184770 1875.0
1184780 1866.5
1184790 1866.5
1184800 1857.7
1184810 1850.6
1184820 1850.6
1184830 1845.0
1184840 1838.8
1184850 1838.8
1184860 1832.3
1184870 1826.2
1184880 1826.2
1184890 1820.6
1184900 1815.4
1184910 1815.4
1184920 1810.5
1184930 1806.0
1184940 1805.8
1184950 1802.3
1184960 1801.4
1184970 1801.4
1184980 1802.1
1184990 1802.1
1185000 1802.1
1185010 1802.4
1185020 1804.1
1185030 1806.4
1185040 1806.4
1185050 1808.4
1185060 1810.9
1185070 1810.9
1185080 1812.6
1185090 1813.6
1185100 1813.6
1185110 1814.8
1185120 1815.8
1185130 1815.8
1185140 1817.2
1185150 1818.7
1185160 1818.7
1185170 1819.9
1185180 1821.6
1185190 1821.6
1185200 1823.0
1185210 1823.6
1185220 1823.6
1185230 1824.3
1185240 1825.7
1185250 1825.7
1185260 1827.4
1185270 1828.8
1185280 1828.8
1185290 1830.0
1185300 1831.1
1185310 1831.1
1185320 1833.2
1185330 1834.7
1185340 1833.7
1185350 1833.7
1185360 1833.9
1185370 1840.2
1185380 1840.2
1185390 1841.4
1185400 1843.3
1185410 1843.3
1185420 1842.9
1185430 1841.6
1185440 1841.6
1185450 1841.2
1185460 1840.3
1185470 1840.3
1185480 1838.6
1185490 1838.1
1185500 1838.1
1185510 1838.1
1185520 1838.7
1185530 1838.7
1185540 1839.8
1185550 1840.6
1185560 1840.6
1185570 1841.9
1185580 1842.6
1185590 1842.6
1185600 1844.0
1185610 1846.8
1185620 1846.8
1185630 1850.5
1185640 1853.3
1185650 1855.5
1185660 1855.5
1185670 1858.3
1185680 1862.1
1185690 1862.1
1185700 1866.1
1185710 1870.3
1185720 1870.3
1185730 1874.7
1185740 1878.5
1185750 1878.5
1185760 1882.6
1185770 1887.4
1185780 1887.4
1185790 1896.9
1185800 1922.8
1185810 1922.8
1185820 1927.2
1185830 1920.9
1185840 1920.9
1185850 1932.9
1185860 1974.2
1185870 1974.2
1185880 1999.0
1185890 2014.8
1185900 2014.8
1185910 2024.6
1185920 2035.7
1185930 2035.7
1185940 2056.6
1185950 2077.2
1185960 2072.1
1185970 2072.1
1185980 2078.4
1185990 2086.5
1186000 2086.5
1186010 2086.2
1186020 2076.7
1186030 2076.7
1186040 2067.1
1186050 2057.8
1186060 2057.8
1186070 2049.8
1186080 2042.3
1186090 2042.3
1186100 2035.0
1186110 2028.1
1186120 2028.1
1186130 2020.9
1186140 2015.1
1186150 2015.1
1186160 2011.8
1186170 2009.4
1186180 2009.4
1186190 2007.7
1186200 2005.8
1186210 2005.8
1186220 2007.8
1186230 2005.8
1186240 2003.7
1186250 2003.7
1186260 2001.2
1186270 1998.7
1186280 1998.7
1186290 1996.2
1186300 1993.9
1186310 1993.9
1186320 1991.7
1186330 1989.3
1186340 1989.3
1186350 1986.5
1186360 1983.8
1186370 1983.8
1186380 1981.4
1186390 1979.8
1186400 1979.8
1186410 1977.9
1186420 1976.5
1186430 1976.5
1186440 1977.8
1186450 1980.6
1186460 1980.6
1186470 1985.0
1186480 1990.0
1186490 1990.0
1186500 1995.2
1186510 2000.4
1186520 2000.4
1186530 2006.1
1186540 2015.2
1186550 2026.0
1186560 2026.0
1186570 2037.3
1186580 2050.4
1186590 2050.4
1186600 2055.7
1186610 2058.9
1186620 2058.9
1186630 2068.5
1186640 2082.6
1186650 2086.2
1186660 2096.0
1186670 2111.5
1186680 2111.5
1186690 2118.0
1186700 2124.4
1186710 2124.4
1186720 2137.7
1186730 2149.6
1186740 2149.6
1186750 2163.1
1186760 2173.1
1186770 2173.1
1186780 2175.6
1186790 2178.4
1186800 2178.4
1186810 2181.4
1186820 2185.6
1186830 2185.6
1186840 2187.5
1186850 2185.3
1186860 2180.6
1186870 2180.6
1186880 2175.9
1186890 2171.0
1186900 2171.0
1186910 2167.2
1186920 2161.5
1186930 2161.5
1186940 2154.2
1186950 2149.4
1186960 2149.4
1186970 2144.2
1186980 2138.7
1186990 2138.7
1187000 2133.9
1187010 2127.4
1187020 2127.4
1187030 2121.1
1187040 2116.6
1187050 2116.6
1187060 2113.1
1187070 2109.3
1187080 2103.6
1187090 2099.7
1187100 2095.5
1187110 2095.5
1187120 2092.1
1187130 2089.3
1187140 2085.6
1187150 2085.6
1187160 2081.9
1187170 2078.2
1187180 2078.2
1187190 2074.5
1187200 2070.5
1187210 2070.5
1187220 2066.8
1187230 2063.3
1187240 2063.3
1187250 2059.3
1187260 2055.8
1187270 2055.8
1187280 2052.4
1187290 2049.1
1187300 2049.1
1187310 2045.4
1187320 2041.0
1187330 2041.0
1187340 2036.4
1187350 2032.3
1187360 2032.3
1187370 2030.0
1187380 2026.8
1187390 2026.8
1187400 2022.1
1187410 2017.8
1187420 2017.8
1187430 2013.1
1187440 2009.6
1187450 2005.6
1187460 2005.6
1187470 2000.8
1187480 1996.4
1187490 1996.4
1187500 1992.2
1187510 1985.3
1187520 1985.3
1187530 1981.0
1187540 1976.5
1187550 1976.5
1187560 1970.9
1187570 1965.4
1187580 1965.4
1187590 1960.5
1187600 1955.3
1187610 1955.3
1187620 1949.3
1187630 1943.3
1187640 1943.3
1187650 1937.6
1187660 1932.2
1187670 1932.2
1187680 1927.4
1187690 1921.4
1187700 1921.4
1187710 1914.9
1187720 1909.9
1187730 1909.9
1187740 1906.5
1187750 1902.9
1187760 1899.2
1187770 1899.2
1187780 1895.4
1187790 1891.8
1187800 1891.8
1187810 1887.5
1187820 1885.0
1187830 1885.0
1187840 1882.0
1187850 1880.4
1187860 1880.4
1187870 1879.6
1187880 1877.8
1187890 1877.8
1187900 1874.7
1187910 1869.2
1187920 1869.2
1187930 1862.7
1187940 1856.3
1187950 1856.3
1187960 1848.9
1187970 1841.9
1187980 1841.9
1187990 1835.6
1188000 1829.3
1188010 1829.3
1188020 1823.8
1188030 1819.2
1188040 1819.2
1188050 1815.9
1188060 1813.9
1188070 1812.5
1188080 1812.5
1188090 1810.5
1188100 1807.4
1188110 1807.4
1188120 1803.7
1188130 1799.8
1188140 1799.8
1188150 1795.5
1188160 1791.3
1188170 1791.3
1188180 1787.3
1188190 1784.6
1188200 1784.6
1188210 1783.0
1188220 1780.8
1188230 1780.8
1188240 1778.2
1188250 1775.9
1188260 1775.9
1188270 1773.8
1188280 1772.1
1188290 1772.1
1188300 1771.3
1188310 1770.9
1188320 1770.9
1188330 1771.4
1188340 1772.4
1188350 1773.8
1188360 1773.8
1188370 1776.2
1188380 1773.6
1188390 1773.6
1188400 1770.8
1188410 1769.6
1188420 1769.6
1188430 1769.4
1188440 1768.2
1188450 1768.2
1188460 1766.7
1188470 1765.8
1188480 1765.8
1188490 1765.8
1188500 1764.9
1188510 1764.9
1188520 1763.3
1188530 1760.7
1188540 1760.7
1188550 1758.4
1188560 1756.3
1188570 1756.3
1188580 1753.5
1188590 1751.1
1188600 1751.1
1188610 1749.3
1188620 1747.2
1188630 1747.2
1188640 1745.7
1188650 1744.9
1188660 1740.6
1188670 1740.6
1188680 1741.2
1188690 1744.5
1188700 1744.5
1188710 1747.4
1188720 1749.0
1188730 1749.0
1188740 1747.0
1188750 1743.7
1188760 1743.7
1188770 1743.9
1188780 1745.2
1188790 1745.2
1188800 1746.9
1188810 1746.6
1188820 1746.6
1188830 1746.8
1188840 1747.1
1188850 1747.1
1188860 1748.6
1188870 1749.8
1188880 1749.8
1188890 1752.0
1188900 1753.9
1188910 1753.9
1188920 1756.8
1188930 1759.4
1188940 1759.4
1188950 1759.9
1188960 1760.4
1188970 1760.4
1188980 1760.4
1188990 1759.2
1189000 1759.0
1189010 1759.0
1189020 1758.9
1189030 1757.8
1189040 1757.8
1189050 1757.0
1189060 1756.4
1189070 1756.4
1189080 1753.6
1189090 1751.1
1189100 1751.1
1189110 1753.4
1189120 1754.3
1189130 1754.3
1189140 1754.7
1189150 1754.0
1189160 1754.0
1189170 1753.5
1189180 1751.3
1189190 1751.3
1189200 1753.2
1189210 1757.0
1189220 1757.0
1189230 1769.1
1189240 1770.3
1189250 1772.7
1189260 1772.7
1189270 1775.6
1189280 1778.6
1189290 1778.6
1189300 1780.3
1189310 1782.7
1189320 1782.7
1189330 1785.2
1189340 1787.0
1189350 1787.0
1189360 1788.1
1189370 1788.6
1189380 1788.6
1189390 1789.8
1189400 1792.5
1189410 1792.5
1189420 1797.4
1189430 1803.7
1189440 1803.7
1189450 1806.9
1189460 1808.5
1189470 1808.5
1189480 1807.5
1189490 1805.1
1189500 1805.1
1189510 1803.7
1189520 1802.9
1189530 1802.9
1189540 1800.8
1189550 1798.4
1189560 1796.0
1189570 1796.0
1189580 1796.1
1189590 1797.8
1189600 1797.8
1189610 1799.9
1189620 1802.3
1189630 1802.3
1189640 1805.2
1189650 1808.2
1189660 1814.4
1189670 1818.1
1189680 1824.7
1189690 1824.7
1189700 1833.2
1189710 1842.5
1189720 1842.5
1189730 1852.5
1189740 1857.8
1189750 1857.8
1189760 1860.1
1189770 1862.1
1189780 1862.1
1189790 1863.8
1189800 1865.7
1189810 1865.7
1189820 1867.2
1189830 1868.2
1189840 1868.2
1189850 1869.0
1189860 1870.1
1189870 1871.1
1189880 1871.1
1189890 1871.4
1189900 1872.9
1189910 1872.9
1189920 1875.6
1189930 1877.5
1189940 1877.5
1189950 1879.5
1189960 1884.3
1189970 1884.3
1189980 1889.4
1189990 1891.8
1190000 1891.8
1190010 1892.9
1190020 1895.5
1190030 1895.5
1190040 1898.8
1190050 1902.3
1190060 1902.3
1190070 1907.0
1190080 1911.8
1190090 1911.8
1190100 1921.9
1190110 1922.8
1190120 1922.8
1190130 1920.6
1190140 1917.3
1190150 1917.3
1190160 1912.5
1190170 1906.4
1190180 1900.8
1190190 1900.8
1190200 1898.4
1190210 1898.7
1190220 1898.7
1190230 1898.9
1190240 1899.0
1190250 1899.0
1190260 1901.4
1190270 1904.4
1190280 1904.4
1190290 1903.3
1190300 1900.9
1190310 1900.9
1190320 1900.9
1190330 1901.7
1190340 1901.7
1190350 1896.6
1190360 1890.0
1190370 1890.0
1190380 1883.7
1190390 1877.6
1190400 1877.6
1190410 1871.6
1190420 1866.4
1190430 1866.4
1190440 1862.2
1190450 1854.8
1190460 1848.0
1190470 1848.0
1190480 1845.2
1190490 1841.9
1190500 1841.9
1190510 1837.9
1190520 1833.7
1190530 1825.6
1190540 1819.5
1190550 1814.1
1190560 1814.1
1190570 1809.3
1190580 1803.1
1190590 1803.1
1190600 1796.9
1190610 1791.9
1190620 1791.9
1190630 1787.1
1190640 1782.4
1190650 1782.4
1190660 1779.2
1190670 1777.0
1190680 1777.0
1190690 1774.1
1190700 1770.7
1190710 1770.7
1190720 1767.0
1190730 1763.5
1190740 1763.5
1190750 1760.0
1190760 1755.2
1190770 1748.9
1190780 1748.9
1190790 1743.8
1190800 1740.6
1190810 1740.6
1190820 1736.7
1190830 1732.0
1190840 1732.0
1190850 1726.1
1190860 1719.6
1190870 1719.6
1190880 1712.4
1190890 1704.8
1190900 1704.8
1190910 1696.8
1190920 1683.9
1190930 1683.9
1190940 1670.8
1190950 1660.9
1190960 1660.9
1190970 1648.8
1190980 1640.1
1190990 1640.1
1191000 1634.8
1191010 1630.2
1191020 1630.2
1191030 1623.9
1191040 1618.4
1191050 1618.4
1191060 1613.1
1191070 1610.3
1191080 1606.1
1191090 1606.1
1191100 1601.2
1191110 1595.9
1191120 1595.9
1191130 1591.9
1191140 1588.7
1191150 1588.7
1191160 1584.9
1191170 1580.6
1191180 1580.6
1191190 1575.9
1191200 1572.0
1191210 1572.0
1191220 1568.5
1191230 1565.1
1191240 1565.1
1191250 1562.3
1191260 1559.8
1191270 1559.8
1191280 1556.8
1191290 1554.6
1191300 1554.6
1191310 1553.4
1191320 1552.2
1191330 1552.2
1191340 1551.5
1191350 1551.7
1191360 1552.7
1191370 1552.7
1191380 1553.8
1191390 1555.1
1191400 1548.0
1191410 1550.2
1191420 1552.5
1191430 1552.5
1191440 1554.2
1191450 1556.2
1191460 1556.2
1191470 1559.3
1191480 1563.7
1191490 1563.7
1191500 1570.0
1191510 1577.4
1191520 1577.4
1191530 1582.5
1191540 1585.1
1191550 1585.1
1191560 1582.9
1191570 1580.3
1191580 1580.3
1191590 1577.2
1191600 1573.8
1191610 1573.8
1191620 1570.1
1191630 1566.5
1191640 1566.5
1191650 1563.1
1191660 1561.1
1191670 1558.3
1191680 1558.3
1191690 1555.2
1191700 1551.3
1191710 1551.3
1191720 1547.2
1191730 1543.5
1191740 1543.5
1191750 1539.7
1191760 1535.4
1191770 1535.4
1191780 1530.4
1191790 1524.8
1191800 1524.8
1191810 1519.0
1191820 1513.1
1191830 1513.1
1191840 1500.7
1191850 1494.7
1191860 1494.7
1191870 1489.9
1191880 1485.5
1191890 1485.5
1191900 1480.9
1191910 1475.2
1191920 1475.2
1191930 1469.5
1191940 1464.5
1191950 1464.5
1191960 1460.1
1191970 1456.2
1191980 1452.2
1191990 1452.2
1192000 1447.5
1192010 1439.8
1192020 1439.8
1192030 1432.0
1192040 1424.5
1192050 1424.5
1192060 1417.8
1192070 1411.6
1192080 1411.6
1192090 1405.7
1192100 1400.4
1192110 1400.4
1192120 1395.1
1192130 1390.0
1192140 1390.0
1192150 1385.3
1192160 1381.0
1192170 1381.0
1192180 1377.0
1192190 1373.4
1192200 1373.4
1192210 1369.9
1192220 1366.8
1192230 1366.8
1192240 1363.9
1192250 1360.7
1192260 1360.7
1192270 1353.0
1192280 1349.0
1192290 1344.8
1192300 1344.8
1192310 1340.5
1192320 1336.6
1192330 1336.6
1192340 1332.5
1192350 1328.7
1192360 1328.7
1192370 1324.7
1192380 1320.0
1192390 1320.0
1192400 1314.6
1192410 1308.6
1192420 1308.6
1192430 1302.4
1192440 1296.1
1192450 1296.1
1192460 1291.0
1192470 1287.3
1192480 1287.3
1192490 1281.7
1192500 1274.6
1192510 1274.6
1192520 1267.3
1192530 1260.7
1192540 1260.7
1192550 1254.3
1192560 1247.8
1192570 1241.3
1192580 1241.3
1192590 1236.8
1192600 1235.3
1192610 1235.3
1192620 1235.7
1192630 1239.9
1192640 1239.9
1192650 1248.1
1192660 1256.0
1192670 1256.0
1192680 1263.3
1192690 1270.1
1192700 1270.1
1192710 1278.2
1192720 1284.2
1192730 1284.2
1192740 1286.8
1192750 1289.5
1192760 1289.5
1192770 1292.9
1192780 1296.6
1192790 1296.6
1192800 1300.7
1192810 1304.7
1192820 1304.7
1192830 1308.1
1192840 1311.2
1192850 1311.2
1192860 1314.6
1192870 1318.1
1192880 1321.3
1192890 1321.3
1192900 1324.4
1192910 1327.4
1192920 1327.4
1192930 1329.9
1192940 1331.4
1192950 1331.4
1192960 1332.1
1192970 1332.9
1192980 1332.9
1192990 1332.8
1193000 1331.2
1193010 1331.2
1193020 1328.8
1193030 1325.3
1193040 1325.3
1193050 1321.5
1193060 1317.8
1193070 1317.8
1193080 1313.2
1193090 1308.9
1193100 1308.9
1193110 1305.7
1193120 1302.3
1193130 1302.3
1193140 1298.4
1193150 1301.5
1193160 1301.5
1193170 1300.4
1193180 1299.5
1193190 1299.1
1193200 1299.1
1193210 1297.5
1193220 1294.9
1193230 1294.9
1193240 1292.0
1193250 1290.7
1193260 1290.7
1193270 1290.5
1193280 1287.7
1193290 1287.7
1193300 1284.5
1193310 1281.5
1193320 1281.5
1193330 1278.4
1193340 1275.6
1193350 1275.6
1193360 1273.5
1193370 1271.3
1193380 1271.3
1193390 1270.8
1193400 1270.5
1193410 1270.5
1193420 1268.0
1193430 1264.8
1193440 1264.8
1193450 1262.2
1193460 1258.1
1193470 1253.1
1193480 1253.1
1193490 1246.0
1193500 1236.9
1193510 1236.9
1193520 1227.7
1193530 1219.1
1193540 1219.1
1193550 1211.1
1193560 1210.0
1193570 1210.0
1193580 1209.2
1193590 1209.4
1193600 1209.4
1193610 1209.8
1193620 1215.1
1193630 1215.1
1193640 1224.4
1193650 1233.7
1193660 1233.7
1193670 1242.5
1193680 1250.6
1193690 1250.6
1193700 1257.6
1193710 1261.6
1193720 1261.6
1193730 1264.5
1193740 1267.2
1193750 1267.2
1193760 1269.9
1193770 1273.1
1193780 1276.9
1193790 1276.9
1193800 1280.8
1193810 1285.5
1193820 1285.5
1193830 1289.1
1193840 1292.5
1193850 1292.5
1193860 1296.5
1193870 1299.6
1193880 1299.6
1193890 1301.7
1193900 1302.9
1193910 1302.9
1193920 1303.8
1193930 1304.7
1193940 1304.7
1193950 1305.5
1193960 1306.9
1193970 1306.9
1193980 1308.4
1193990 1309.5
1194000 1309.5
1194010 1309.5
1194020 1302.2
1194030 1302.2
1194040 1300.8
1194050 1299.0
1194060 1299.0
1194070 1297.4
1194080 1297.5
1194090 1300.3
1194100 1300.3
1194110 1305.2
1194120 1310.2
1194130 1310.2
1194140 1314.8
1194150 1318.5
1194160 1318.5
1194170 1321.8
1194180 1325.0
1194190 1325.0
1194200 1328.1
1194210 1331.2
1194220 1331.2
1194230 1334.9
1194240 1338.3
1194250 1338.3
1194260 1341.0
1194270 1344.0
1194280 1344.0
1194290 1345.6
1194300 1346.1
1194310 1346.1
1194320 1346.3
1194330 1347.5
1194340 1347.5
1194350 1349.2
1194360 1351.2
1194370 1351.2
1194380 1352.9
1194390 1354.0
1194400 1355.2
1194410 1355.2
1194420 1356.2
1194430 1357.1
1194440 1357.1
1194450 1357.9
1194460 1354.1
1194470 1354.1
1194480 1355.2
1194490 1356.3
1194500 1356.3
1194510 1356.6
1194520 1355.1
1194530 1355.1
1194540 1352.3
1194550 1348.0
1194560 1348.0
1194570 1343.5
1194580 1338.6
1194590 1338.6
1194600 1335.7
1194610 1337.1
1194620 1337.1
1194630 1340.8
1194640 1345.3
1194650 1345.3
1194660 1350.5
1194670 1353.5
1194680 1350.7
1194690 1350.7
1194700 1346.5
1194710 1344.4
1194720 1344.4
1194730 1344.2
1194740 1346.0
1194750 1346.0
1194760 1345.6
1194770 1345.7
1194780 1345.7
1194790 1346.2
1194800 1346.6
1194810 1346.6
1194820 1348.4
1194830 1352.8
1194840 1352.8
1194850 1357.4
1194860 1360.5
1194870 1360.5
1194880 1363.1
1194890 1365.7
1194900 1370.2
1194910 1374.5
1194920 1379.2
1194930 1379.2
1194940 1383.8
1194950 1387.3
1194960 1387.3
1194970 1388.9
1194980 1393.3
1194990 1399.0
1195000 1399.0
1195010 1403.5
1195020 1406.3
1195030 1406.3
1195040 1409.5
1195050 1413.8
1195060 1413.8
1195070 1418.6
1195080 1423.5
1195090 1423.5
1195100 1427.6
1195110 1430.7
1195120 1430.7
1195130 1434.1
1195140 1440.4
1195150 1440.4
1195160 1448.9
1195170 1456.5
1195180 1456.5
1195190 1461.9
1195200 1463.4
1195210 1463.4
1195220 1465.9
1195230 1470.4
1195240 1470.4
1195250 1474.9
1195260 1479.9
1195270 1479.9
1195280 1485.5
1195290 1491.8
1195300 1496.6
1195310 1496.6
1195320 1500.4
1195330 1503.3
1195340 1499.5
1195350 1502.6
1195360 1505.0
1195370 1505.0
1195380 1506.9
1195390 1510.3
1195400 1510.3
1195410 1514.5
1195420 1517.2
1195430 1517.2
1195440 1520.3
1195450 1523.9
1195460 1523.9
1195470 1527.4
1195480 1531.6
1195490 1531.6
1195500 1537.5
1195510 1544.1
1195520 1544.1
1195530 1550.3
1195540 1556.3
1195550 1556.3
1195560 1561.9
1195570 1566.8
1195580 1570.5
1195590 1570.5
1195600 1573.2
1195610 1578.0
1195620 1578.0
1195630 1583.1
1195640 1588.3
1195650 1588.3
1195660 1593.8
1195670 1598.6
1195680 1598.6
1195690 1603.1
1195700 1607.1
1195710 1607.1
1195720 1609.2
1195730 1612.1
1195740 1612.1
1195750 1616.4
1195760 1620.7
1195770 1620.7
1195780 1631.0
1195790 1635.5
1195800 1635.5
1195810 1640.4
1195820 1644.5
1195830 1644.5
1195840 1648.2
1195850 1653.4
1195860 1653.4
1195870 1658.7
1195880 1663.2
1195890 1668.1
1195900 1668.1
1195910 1672.4
1195920 1676.3
1195930 1676.3
1195940 1679.9
1195950 1684.7
1195960 1684.7
1195970 1690.3
1195980 1698.0
1195990 1698.0
1196000 1704.7
1196010 1709.6
1196020 1709.6
1196030 1713.2
1196040 1716.9
1196050 1716.9
1196060 1722.1
1196070 1728.5
1196080 1728.5
1196090 1731.3
1196100 1732.5
1196110 1732.5
1196120 1734.1
1196130 1736.0
1196140 1736.0
1196150 1736.8
1196160 1742.3
1196170 1742.3
1196180 1749.9
1196190 1757.8
1196200 1765.8
1196210 1765.8
1196220 1773.5
1196230 1778.1
1196240 1778.1
1196250 1782.2
1196260 1785.8
1196270 1785.8
1196280 1789.4
1196290 1793.1
1196300 1793.1
1196310 1797.3
1196320 1801.6
1196330 1801.6
1196340 1805.9
1196350 1810.3
1196360 1810.3
1196370 1815.0
1196380 1819.3
1196390 1819.3
1196400 1823.3
1196410 1827.7
1196420 1827.7
1196430 1831.5
1196440 1834.4
1196450 1834.4
1196460 1835.7
1196470 1837.6
1196480 1837.6
1196490 1840.4
1196500 1843.3
1196510 1847.9
1196520 1847.9
1196530 1854.8
1196540 1862.1
1196550 1862.1
1196560 1868.6
1196570 1873.1
1196580 1873.1
1196590 1876.1
1196600 1878.9
1196610 1878.9
1196620 1881.6
1196630 1888.0
1196640 1888.0
1196650 1895.8
1196660 1902.7
1196670 1904.4
1196680 1910.4
1196690 1916.9
1196700 1916.9
1196710 1923.0
1196720 1928.5
1196730 1928.5
1196740 1934.4
1196750 1939.8
1196760 1939.8
1196770 1945.1
1196780 1950.3
1196790 1955.6
1196800 1955.6
1196810 1961.3
1196820 1967.6
1196830 1967.6
1196840 1974.0
1196850 1980.4
1196860 1980.4
1196870 1986.8
1196880 1993.2
1196890 1993.2
1196900 1999.7
1196910 2006.3
1196920 2006.3
1196930 2012.8
1196940 2019.8
1196950 2019.8
1196960 2026.4
1196970 2030.1
1196980 2030.1
1196990 2027.0
1197000 2024.9
1197010 2024.9
1197020 2021.0
1197030 2014.9
1197040 2014.9
1197050 2007.3
1197060 2003.1
1197070 2003.1
1197080 1999.3
1197090 1990.6
1197100 1985.2
1197110 1996.3
1197120 1990.4
1197130 1983.2
1197140 1983.2
1197150 1977.1
1197160 1969.6
1197170 1969.6
1197180 1964.9
1197190 1961.6
1197200 1961.6
1197210 1958.8
1197220 1954.4
1197230 1954.4
1197240 1950.8
1197250 1950.3
1197260 1950.3
1197270 1948.2
1197280 1946.3
1197290 1946.3
1197300 1945.3
1197310 1942.2
1197320 1942.2
1197330 1935.8
1197340 1929.2
1197350 1929.2
1197360 1921.3
1197370 1912.3
1197380 1912.3
1197390 1901.2
1197400 1891.8
1197410 1885.3
1197420 1885.3
1197430 1879.1
1197440 1873.7
1197450 1873.7
1197460 1868.6
1197470 1864.0
1197480 1864.0
1197490 1860.9
1197500 1858.6
1197510 1858.6
1197520 1857.0
1197530 1856.8
1197540 1856.8
1197550 1856.8
1197560 1855.1
1197570 1855.1
1197580 1854.3
1197590 1851.7
1197600 1851.7
1197610 1848.6
1197620 1848.8
1197630 1848.8
1197640 1852.1
1197650 1851.6
1197660 1851.6
1197670 1848.5
1197680 1845.4
1197690 1842.1
1197700 1842.1
1197710 1839.2
1197720 1837.8
1197730 1837.8
1197740 1838.4
1197750 1839.1
1197760 1839.1
1197770 1836.9
1197780 1833.1
1197790 1833.1
1197800 1831.1
1197810 1831.1
1197820 1831.1
1197830 1832.3
1197840 1834.3
1197850 1834.3
1197860 1837.0
1197870 1839.5
1197880 1839.5
1197890 1840.8
1197900 1842.6
1197910 1842.6
1197920 1845.0
1197930 1846.5
1197940 1846.5
1197950 1847.4
1197960 1848.5
1197970 1848.5
1197980 1850.2
1197990 1852.6
1198000 1857.6
1198010 1857.6
1198020 1859.6
1198030 1861.6
1198040 1861.6
1198050 1863.5
1198060 1865.4
1198070 1865.4
1198080 1867.4
1198090 1869.6
1198100 1869.6
1198110 1872.7
1198120 1875.9
1198130 1875.9
1198140 1879.0
1198150 1881.3
1198160 1881.3
1198170 1883.9
1198180 1888.0
1198190 1888.0
1198200 1891.8
1198210 1895.4
1198220 1895.4
1198230 1898.8
1198240 1902.6
1198250 1902.6
1198260 1906.8
1198270 1910.9
1198280 1910.9
1198290 1915.8
1198300 1923.0
1198310 1930.7
1198320 1930.7
1198330 1937.8
1198340 1944.0
1198350 1944.0
1198360 1950.0
1198370 1956.2
1198380 1956.2
1198390 1962.0
1198400 1967.4
1198410 1967.4
1198420 1971.9
1198430 1976.1
1198440 1981.0
1198450 1986.1
1198460 1992.9
1198470 1992.9
1198480 1999.3
1198490 2002.4
1198500 2002.4
1198510 2002.7
1198520 2005.4
1198530 2005.4
1198540 2009.4
1198550 2014.0
1198560 2014.0
1198570 2018.7
1198580 2023.2
1198590 2027.3
1198600 2027.3
1198610 2031.8
1198620 2036.9
1198630 2036.9
1198640 2041.9
1198650 2046.7
1198660 2046.7
1198670 2051.4
1198680 2056.1
1198690 2056.1
1198700 2060.9
1198710 2066.1
1198720 2066.1
1198730 2071.4
1198740 2077.2
1198750 2077.2
1198760 2083.9
1198770 2095.1
1198780 2095.1
1198790 2108.3
1198800 2115.8
1198810 2115.8
1198820 2122.4
1198830 2128.7
1198840 2128.7
1198850 2137.3
1198860 2147.7
1198870 2147.7
1198880 2160.7
1198890 2173.8
1198900 2182.5
1198910 2182.5
1198920 2193.3
1198930 2198.7
1198940 2198.7
1198950 2205.9
1198960 2216.2
1198970 2216.2
1198980 2232.6
1198990 2238.7
1199000 2238.7
1199010 2241.5
1199020 2245.7
1199030 2245.7
1199040 2252.2
1199050 2259.3
1199060 2259.3
1199070 2267.1
1199080 2275.2
1199090 2275.2
1199100 2282.9
1199110 2290.7
1199120 2290.7
1199130 2298.4
1199140 2305.2
1199150 2305.2
1199160 2311.2
1199170 2312.2
1199180 2312.2
1199190 2305.1
1199200 2300.6
1199210 2298.0
1199220 2298.0
1199230 2296.5
1199240 2294.0
1199250 2294.0
1199260 2290.1
1199270 2285.9
1199280 2285.9
1199290 2287.1
1199300 2286.9
1199310 2286.9
1199320 2286.5
1199330 2283.3
1199340 2278.6
1199350 2276.8
1199360 2266.7
1199370 2266.7
1199380 2255.4
1199390 2247.0
1199400 2247.0
1199410 2239.9
1199420 2231.8
1199430 2231.8
1199440 2224.4
1199450 2217.5
1199460 2217.5
1199470 2210.6
1199480 2204.2
1199490 2204.2
1199500 2198.0
1199510 2191.9
1199520 2186.3
1199530 2186.3
1199540 2180.9
1199550 2175.7
1199560 2175.7
1199570 2170.3
1199580 2164.8
1199590 2164.8
1199600 2159.3
1199610 2153.7
1199620 2153.7
1199630 2148.3
1199640 2143.0
1199650 2143.0
1199660 2138.0
1199670 2133.3
1199680 2133.3
1199690 2128.6
1199700 2124.2
1199710 2124.2
1199720 2120.0
1199730 2116.3
1199740 2116.3
1199750 2113.3
1199760 2111.4
1199770 2111.4
1199780 2109.9
1199790 2108.1
1199800 2106.5
1199810 2106.5
1199820 2105.7
1199830 2105.7
1199840 2105.7
1199850 2106.6
1199860 2108.6
1199870 2108.6
1199880 2109.5
1199890 2105.9
1199900 2105.9
1199910 2100.5
1199920 2095.7
1199930 2095.7
1199940 2092.1
1199950 2091.3
1199960 2091.3
1199970 2092.9
1199980 2094.6
1199990 2094.6
