1180000 1839.5
1180010 1834.1
1180020 1834.1
1180030 1834.3
1180040 1836.0
1180050 1836.0
1180060 1833.9
1180070 1835.2
1180080 1835.2
1180090 1837.0
1180100 1837.1
1180110 1837.1
1180120 1836.3
1180130 1834.6
1180140 1834.6
1180150 1829.6
1180160 1827.5
1180170 1827.5
1180180 1828.8
1180190 1833.9
1180200 1833.9
1180210 1838.8
1180220 1842.1
1180230 1843.5
1180240 1843.5
1180250 1845.7
1180260 1846.9
1180270 1846.9
1180280 1848.3
1180290 1849.8
1180300 1849.8
1180310 1850.3
1180320 1850.4
1180330 1850.4
1180340 1850.0
1180350 1848.0
1180360 1848.0
1180370 1850.8
1180380 1850.9
1180390 1850.9
1180400 1850.2
1180410 1845.3
1180420 1845.3
1180430 1845.7
1180440 1842.4
1180450 1842.4
1180460 1837.4
1180470 1837.4
1180480 1837.4
1180490 1835.6
1180500 1832.6
1180510 1832.6
1180520 1830.2
1180530 1828.6
1180540 1826.6
1180550 1826.6
1180560 1824.9
1180570 1823.6
1180580 1823.6
1180590 1823.7
1180600 1822.8
1180610 1822.8
1180620 1819.6
1180630 1817.0
1180640 1817.0
1180650 1818.0
1180660 1817.7
1180670 1817.7
1180680 1817.4
1180690 1817.6
1180700 1817.6
1180710 1818.3
1180720 1817.2
1180730 1817.2
1180740 1813.6
1180750 1813.4
1180760 1813.4
1180770 1816.5
1180780 1816.8
1180790 1816.8
1180800 1816.9
1180810 1812.6
1180820 1812.6
1180830 1814.2
1180840 1822.3
1180850 1830.1
1180860 1830.1
1180870 1837.4
1180880 1844.4
1180890 1844.4
1180900 1851.4
1180910 1857.4
1180920 1857.4
1180930 1860.8
1180940 1864.0
1180950 1864.0
1180960 1866.5
1180970 1870.5
1180980 1870.5
1180990 1876.9
1181000 1882.5
1181010 1882.5
1181020 1888.6
1181030 1894.7
1181040 1894.7
1181050 1900.0
1181060 1904.7
1181070 1904.7
1181080 1908.9
1181090 1914.2
1181100 1914.2
1181110 1919.7
1181120 1925.5
1181130 1925.5
1181140 1932.4
1181150 1941.1
1181160 1951.3
1181170 1951.3
1181180 1957.5
1181190 1964.0
1181200 1964.0
1181210 1970.4
1181220 1977.6
1181230 1977.6
1181240 1983.8
1181250 1994.9
1181260 1994.9
1181270 2000.8
1181280 2010.1
1181290 2010.1
1181300 2012.3
1181310 2010.9
1181320 2010.9
1181330 2010.5
1181340 2013.0
1181350 2013.0
1181360 2016.1
1181370 2019.2
1181380 2019.2
1181390 2023.6
1181400 2026.4
1181410 2026.4
1181420 2026.8
1181430 2029.1
1181440 2029.1
1181450 2034.1
1181460 2041.7
1181470 2046.7
1181480 2046.7
1181490 2057.5
1181500 2070.1
1181510 2070.1
1181520 2079.0
1181530 2085.6
1181540 2085.6
1181550 2092.2
1181560 2095.8
1181570 2095.8
1181580 2095.4
1181590 2100.5
1181600 2100.5
1181610 2111.7
1181620 2122.6
1181630 2122.6
1181640 2131.9
1181650 2141.9
1181660 2141.9
1181670 2145.7
1181680 2146.4
1181690 2146.4
1181700 2148.9
1181710 2154.6
1181720 2154.6
1181730 2160.1
1181740 2163.7
1181750 2163.7
1181760 2163.2
1181770 2169.2
1181780 2172.3
1181790 2172.3
1181800 2166.8
1181810 2164.5
1181820 2164.5
1181830 2162.8
1181840 2147.4
1181850 2147.4
1181860 2119.2
1181870 2105.4
1181880 2105.4
1181890 2092.7
1181900 2083.7
1181910 2083.7
1181920 2068.2
1181930 2049.8
1181940 2049.8
1181950 2054.5
1181960 2062.9
1181970 2062.9
1181980 2075.8
1181990 2082.1
1182000 2082.1
1182010 2089.1
1182020 2086.7
1182030 2086.7
1182040 2062.6
1182050 2033.7
1182060 2016.1
1182070 2016.1
1182080 2001.8
1182090 1997.1
1182100 1997.1
1182110 1973.4
1182120 1973.7
1182130 1973.7
1182140 1972.3
1182150 1947.0
1182160 1947.0
1182170 1927.7
1182180 1924.7
1182190 1924.7
1182200 1921.3
1182210 1917.8
1182220 1917.8
1182230 1914.1
1182240 1910.4
1182250 1910.4
1182260 1905.6
1182270 1900.5
1182280 1900.5
1182290 1895.3
1182300 1889.5
1182310 1889.5
1182320 1883.6
1182330 1877.3
1182340 1877.3
1182350 1870.9
1182360 1864.5
1182370 1859.1
1182380 1859.1
1182390 1854.3
1182400 1849.2
1182410 1849.2
1182420 1844.0
1182430 1838.1
1182440 1838.1
1182450 1832.0
1182460 1826.6
1182470 1826.6
1182480 1822.3
1182490 1818.6
1182500 1818.6
1182510 1816.3
1182520 1818.2
1182530 1818.2
1182540 1814.2
1182550 1809.5
1182560 1809.5
1182570 1805.1
1182580 1800.9
1182590 1800.9
1182600 1797.2
1182610 1794.5
1182620 1794.5
1182630 1793.4
1182640 1792.6
1182650 1792.6
1182660 1792.3
1182670 1791.1
1182680 1790.1
1182690 1790.1
1182700 1788.0
1182710 1784.7
1182720 1784.7
1182730 1780.9
1182740 1776.9
1182750 1776.9
1182760 1773.5
1182770 1770.1
1182780 1770.1
1182790 1767.6
1182800 1765.3
1182810 1765.3
1182820 1763.1
1182830 1761.6
1182840 1761.6
1182850 1760.4
1182860 1759.3
1182870 1759.3
1182880 1761.7
1182890 1764.0
1182900 1764.0
1182910 1767.1
1182920 1766.4
1182930 1766.4
1182940 1782.0
1182950 1776.6
1182960 1776.6
1182970 1778.6
1182980 1784.5
1182990 1791.2
1183000 1791.2
1183010 1797.2
1183020 1795.2
1183030 1795.2
1183040 1785.0
1183050 1780.2
1183060 1780.2
1183070 1777.5
1183080 1767.0
1183090 1767.0
1183100 1749.0
1183110 1734.4
1183120 1734.4
1183130 1727.1
1183140 1722.0
1183150 1722.0
1183160 1716.1
1183170 1710.1
1183180 1710.1
1183190 1703.7
1183200 1697.0
1183210 1697.0
1183220 1691.7
1183230 1689.0
1183240 1689.0
1183250 1685.5
1183260 1680.2
1183270 1680.2
1183280 1675.2
1183290 1670.3
1183300 1666.6
1183310 1666.6
1183320 1666.8
1183330 1666.5
1183340 1666.5
1183350 1665.6
1183360 1666.7
1183370 1666.7
1183380 1664.5
1183390 1662.8
1183400 1662.8
1183410 1662.2
1183420 1663.9
1183430 1663.9
1183440 1666.1
1183450 1665.1
1183460 1665.1
1183470 1662.6
1183480 1658.5
1183490 1658.5
1183500 1655.8
1183510 1654.0
1183520 1654.0
1183530 1654.2
1183540 1651.9
1183550 1651.9
1183560 1646.8
1183570 1643.9
1183580 1643.9
1183590 1643.1
1183600 1642.7
1183610 1642.9
1183620 1642.9
1183630 1644.1
1183640 1646.9
1183650 1646.9
1183660 1649.9
1183670 1652.1
1183680 1652.1
1183690 1654.8
1183700 1657.6
1183710 1657.6
1183720 1660.5
1183730 1663.5
1183740 1663.5
1183750 1667.6
1183760 1671.5
1183770 1671.5
1183780 1674.9
1183790 1681.0
1183800 1681.0
1183810 1683.2
1183820 1685.3
1183830 1685.3
1183840 1687.6
1183850 1692.8
1183860 1692.8
1183870 1700.1
1183880 1706.6
1183890 1706.6
1183900 1717.1
1183910 1726.8
1183920 1740.8
1183930 1740.8
1183940 1757.5
1183950 1758.5
1183960 1758.5
1183970 1764.7
1183980 1774.8
1183990 1774.8
1184000 1789.5
1184010 1801.1
1184020 1801.1
1184030 1812.5
1184040 1822.3
1184050 1822.3
1184060 1830.8
1184070 1841.1
1184080 1841.1
1184090 1853.6
1184100 1861.6
1184110 1861.6
1184120 1866.7
1184130 1874.1
1184140 1874.1
1184150 1876.4
1184160 1884.2
1184170 1884.2
1184180 1894.1
1184190 1902.3
1184200 1911.4
1184210 1920.7
1184220 1929.8
1184230 1938.6
1184240 1938.6
1184250 1948.1
1184260 1958.0
1184270 1958.0
1184280 1963.6
1184290 1969.7
1184300 1969.7
1184310 1972.8
1184320 1975.9
1184330 1975.9
1184340 1975.8
1184350 1970.4
1184360 1970.4
1184370 1974.0
1184380 1982.0
1184390 1982.0
1184400 1987.1
1184410 1993.1
1184420 1993.1
1184430 1995.9
1184440 2005.4
1184450 2005.4
1184460 2016.5
1184470 2030.1
1184480 2030.1
1184490 2037.2
1184500 2043.3
1184510 2050.6
1184520 2050.6
1184530 2056.5
1184540 2055.2
1184550 2055.2
1184560 2071.8
1184570 2081.2
1184580 2081.2
1184590 2083.9
1184600 2070.3
1184610 2070.3
1184620 2047.2
1184630 2027.1
1184640 2009.5
1184650 1997.4
1184660 1980.2
1184670 1980.2
1184680 1965.1
1184690 1951.9
1184700 1951.9
1184710 1936.1
1184720 1932.7
1184730 1932.7
1184740 1929.6
1184750 1923.5
1184760 1923.5
1184770 1918.2
1184780 1911.1
1184790 1911.1
1184800 1903.0
1184810 1889.7
1184820 1877.0
1184830 1877.0
1184840 1871.6
1184850 1865.5
1184860 1865.5
1184870 1858.3
1184880 1851.4
1184890 1851.4
1184900 1840.3
1184910 1830.0
1184920 1830.0
1184930 1820.6
1184940 1810.1
1184950 1810.1
1184960 1785.1
1184970 1763.8
1184980 1763.8
1184990 1748.8
1185000 1739.3
1185010 1739.3
1185020 1731.4
1185030 1724.5
1185040 1724.5
1185050 1720.6
1185060 1743.3
1185070 1743.3
1185080 1716.6
1185090 1693.1
1185100 1693.1
1185110 1685.1
1185120 1676.8
1185130 1669.6
1185140 1669.6
1185150 1662.7
1185160 1655.6
1185170 1655.6
1185180 1648.5
1185190 1641.5
1185200 1641.5
1185210 1634.8
1185220 1627.6
1185230 1627.6
1185240 1620.4
1185250 1613.3
1185260 1613.3
1185270 1606.4
1185280 1599.7
1185290 1599.7
1185300 1593.1
1185310 1586.6
1185320 1586.6
1185330 1580.4
1185340 1574.1
1185350 1574.1
1185360 1567.9
1185370 1561.9
1185380 1561.9
1185390 1555.8
1185400 1549.7
1185410 1549.7
1185420 1543.2
1185430 1536.9
1185440 1530.9
1185450 1530.9
1185460 1525.1
1185470 1519.5
1185480 1519.5
1185490 1512.9
1185500 1507.1
1185510 1507.1
1185520 1501.2
1185530 1495.2
1185540 1495.2
1185550 1489.4
1185560 1483.9
1185570 1483.9
1185580 1478.5
1185590 1473.2
1185600 1473.2
1185610 1468.2
1185620 1463.2
1185630 1463.2
1185640 1458.1
1185650 1453.2
1185660 1453.2
1185670 1448.4
1185680 1443.7
1185690 1443.7
1185700 1438.7
1185710 1433.2
1185720 1433.2
1185730 1428.2
1185740 1423.4
1185750 1418.5
1185760 1418.5
1185770 1413.4
1185780 1408.1
1185790 1408.1
1185800 1401.8
1185810 1393.9
1185820 1393.9
1185830 1385.5
1185840 1381.1
1185850 1381.1
1185860 1384.1
1185870 1387.1
1185880 1387.1
1185890 1390.7
1185900 1389.6
1185910 1391.8
1185920 1385.9
1185930 1381.7
1185940 1381.7
1185950 1378.9
1185960 1380.2
1185970 1380.2
1185980 1387.0
1185990 1391.4
1186000 1391.4
1186010 1394.7
1186020 1396.9
1186030 1396.9
1186040 1399.6
1186050 1404.8
1186060 1411.8
1186070 1411.8
1186080 1421.6
1186090 1434.0
1186100 1434.0
1186110 1442.1
1186120 1448.5
1186130 1448.5
1186140 1454.8
1186150 1461.2
1186160 1461.2
1186170 1467.0
1186180 1472.9
1186190 1472.9
1186200 1478.6
1186210 1473.0
1186220 1473.0
1186230 1469.6
1186240 1469.9
1186250 1469.9
1186260 1474.1
1186270 1469.9
1186280 1469.9
1186290 1465.3
1186300 1471.0
1186310 1471.0
1186320 1476.6
1186330 1486.8
1186340 1502.1
1186350 1502.1
1186360 1516.1
1186370 1525.1
1186380 1525.1
1186390 1535.2
1186400 1547.1
1186410 1547.1
1186420 1553.7
1186430 1558.2
1186440 1558.2
1186450 1558.6
1186460 1562.5
1186470 1562.5
1186480 1565.4
1186490 1562.3
1186500 1562.3
1186510 1563.9
1186520 1576.6
1186530 1576.6
1186540 1585.4
1186550 1589.9
1186560 1589.9
1186570 1594.8
1186580 1601.6
1186590 1601.6
1186600 1602.7
1186610 1604.1
1186620 1604.1
1186630 1612.4
1186640 1613.9
1186650 1608.3
1186660 1608.3
1186670 1610.3
1186680 1613.9
1186690 1613.9
1186700 1616.1
1186710 1610.7
1186720 1610.7
1186730 1607.5
1186740 1607.5
1186750 1607.5
1186760 1612.6
1186770 1628.3
1186780 1628.3
1186790 1633.1
1186800 1638.6
1186810 1638.6
1186820 1647.7
1186830 1658.7
1186840 1658.7
1186850 1667.8
1186860 1676.8
1186870 1676.8
1186880 1686.4
1186890 1695.2
1186900 1695.2
1186910 1704.4
1186920 1711.2
1186930 1711.2
1186940 1715.8
1186950 1713.2
1186960 1715.0
1186970 1715.0
1186980 1725.4
1186990 1734.9
1187000 1734.9
1187010 1744.0
1187020 1752.2
1187030 1752.2
1187040 1760.7
1187050 1771.3
1187060 1771.3
1187070 1786.7
1187080 1802.3
1187090 1802.3
1187100 1808.5
1187110 1814.0
1187120 1814.0
1187130 1822.1
1187140 1831.2
1187150 1831.2
1187160 1838.6
1187170 1847.0
1187180 1847.0
1187190 1855.0
1187200 1860.1
1187210 1860.1
1187220 1868.4
1187230 1878.3
1187240 1878.3
1187250 1892.4
1187260 1898.0
1187270 1887.0
1187280 1887.0
1187290 1873.1
1187300 1863.9
1187310 1863.9
1187320 1855.1
1187330 1847.1
1187340 1847.1
1187350 1834.7
1187360 1826.2
1187370 1826.2
1187380 1817.0
1187390 1809.3
1187400 1809.3
1187410 1802.7
1187420 1796.8
1187430 1796.8
1187440 1792.7
1187450 1789.6
1187460 1789.6
1187470 1785.0
1187480 1783.4
1187490 1783.4
1187500 1783.5
1187510 1784.8
1187520 1784.8
1187530 1785.6
1187540 1786.4
1187550 1786.4
1187560 1787.5
1187570 1790.5
1187580 1794.4
1187590 1794.4
1187600 1795.8
1187610 1798.2
1187620 1798.2
1187630 1802.7
1187640 1807.0
1187650 1807.0
1187660 1811.8
1187670 1817.0
1187680 1817.0
1187690 1824.3
1187700 1834.9
1187710 1834.9
1187720 1843.5
1187730 1851.4
1187740 1851.4
1187750 1859.1
1187760 1873.3
1187770 1873.3
1187780 1888.3
1187790 1896.4
1187800 1896.4
1187810 1903.3
1187820 1910.1
1187830 1910.1
1187840 1917.1
1187850 1924.4
1187860 1924.4
1187870 1931.4
1187880 1937.3
1187890 1943.1
1187900 1943.1
1187910 1948.9
1187920 1955.0
1187930 1955.0
1187940 1961.1
1187950 1967.2
1187960 1967.2
1187970 1973.7
1187980 1980.2
1187990 1980.2
1188000 1987.1
1188010 1993.9
1188020 1993.9
1188030 2000.0
1188040 2005.9
1188050 2005.9
1188060 2011.5
1188070 2017.5
1188080 2017.5
1188090 2023.8
1188100 2030.7
1188110 2030.7
1188120 2038.1
1188130 2046.7
1188140 2046.7
1188150 2053.4
1188160 2058.1
1188170 2062.1
1188180 2062.1
1188190 2064.8
1188200 2067.4
1188210 2067.4
1188220 2070.1
1188230 2069.6
1188240 2069.6
1188250 2069.5
1188260 2068.1
1188270 2068.1
1188280 2063.3
1188290 2059.3
1188300 2059.3
1188310 2054.9
1188320 2050.9
1188330 2050.9
1188340 2048.4
1188350 2044.9
1188360 2044.9
1188370 2040.7
1188380 2037.2
1188390 2037.2
1188400 2033.5
1188410 2029.3
1188420 2029.3
1188430 2025.3
1188440 2021.2
1188450 2021.2
1188460 2016.7
1188470 2011.9
1188480 2007.4
1188490 2005.2
1188500 2000.8
1188510 1996.2
1188520 1996.2
1188530 1990.8
1188540 1984.4
1188550 1984.4
1188560 1974.5
1188570 1962.4
1188580 1962.4
1188590 1955.7
1188600 1955.1
1188610 1955.1
1188620 1953.5
1188630 1949.9
1188640 1949.9
1188650 1948.0
1188660 1947.9
1188670 1947.9
1188680 1945.2
1188690 1938.4
1188700 1938.4
1188710 1931.9
1188720 1926.2
1188730 1926.2
1188740 1921.3
1188750 1918.5
1188760 1918.5
1188770 1915.2
1188780 1910.7
1188790 1904.4
1188800 1904.4
1188810 1899.7
1188820 1895.7
1188830 1895.7
1188840 1892.4
1188850 1891.1
1188860 1891.1
1188870 1889.8
1188880 1887.7
1188890 1887.7
1188900 1885.0
1188910 1880.7
1188920 1875.1
1188930 1871.0
1188940 1867.3
1188950 1867.3
1188960 1867.3
1188970 1865.0
1188980 1865.0
1188990 1859.5
1189000 1854.3
1189010 1854.3
1189020 1854.0
1189030 1855.8
1189040 1855.8
1189050 1859.2
1189060 1860.9
1189070 1860.9
1189080 1861.0
1189090 1861.1
1189100 1860.4
1189110 1860.4
1189120 1858.0
1189130 1858.2
1189140 1858.2
1189150 1858.4
1189160 1858.0
1189170 1858.0
1189180 1857.0
1189190 1854.7
1189200 1854.7
1189210 1850.7
1189220 1846.1
1189230 1846.1
1189240 1840.5
1189250 1834.8
1189260 1834.8
1189270 1829.0
1189280 1822.9
1189290 1822.9
1189300 1815.8
1189310 1809.8
1189320 1809.8
1189330 1806.5
1189340 1804.6
1189350 1797.1
1189360 1796.5
1189370 1796.6
1189380 1796.6
1189390 1795.8
1189400 1794.5
1189410 1793.0
1189420 1793.0
1189430 1791.0
1189440 1788.9
1189450 1788.9
1189460 1786.2
1189470 1783.3
1189480 1783.3
1189490 1778.8
1189500 1772.6
1189510 1772.6
1189520 1765.4
1189530 1760.1
1189540 1760.1
1189550 1756.8
1189560 1754.4
1189570 1754.4
1189580 1751.3
1189590 1747.5
1189600 1747.5
1189610 1743.8
1189620 1740.6
1189630 1740.6
1189640 1738.9
1189650 1736.8
1189660 1736.8
1189670 1734.2
1189680 1731.3
1189690 1731.3
1189700 1728.1
1189710 1726.1
1189720 1724.4
1189730 1724.4
1189740 1722.2
1189750 1719.1
1189760 1719.1
1189770 1715.3
1189780 1706.8
1189790 1706.8
1189800 1703.4
1189810 1699.5
1189820 1699.5
1189830 1695.5
1189840 1691.9
1189850 1691.9
1189860 1688.0
1189870 1684.9
1189880 1684.9
1189890 1680.6
1189900 1676.0
1189910 1676.0
1189920 1671.3
1189930 1668.9
1189940 1668.9
1189950 1668.0
1189960 1664.9
1189970 1664.9
1189980 1662.8
1189990 1661.0
1190000 1661.0
1190010 1658.8
1190020 1656.4
1190030 1653.7
1190040 1653.7
1190050 1650.8
1190060 1648.1
1190070 1648.1
1190080 1645.9
1190090 1643.6
1190100 1643.6
1190110 1640.8
1190120 1637.7
1190130 1637.7
1190140 1635.7
1190150 1633.7
1190160 1633.7
1190170 1630.8
1190180 1627.9
1190190 1627.9
1190200 1625.6
1190210 1622.4
1190220 1617.1
1190230 1614.8
1190240 1611.6
1190250 1611.6
1190260 1607.5
1190270 1603.4
1190280 1603.4
1190290 1600.2
1190300 1597.5
1190310 1595.5
1190320 1595.5
1190330 1593.7
1190340 1591.5
1190350 1591.5
1190360 1588.7
1190370 1585.3
1190380 1585.3
1190390 1581.4
1190400 1577.1
1190410 1577.1
1190420 1572.7
1190430 1567.9
1190440 1567.9
1190450 1562.9
1190460 1557.3
1190470 1557.3
1190480 1551.3
1190490 1545.4
1190500 1545.4
1190510 1539.1
1190520 1531.9
1190530 1531.9
1190540 1524.8
1190550 1517.1
1190560 1517.1
1190570 1508.1
1190580 1498.5
1190590 1498.5
1190600 1490.2
1190610 1489.6
1190620 1490.9
1190630 1490.9
1190640 1491.7
1190650 1482.2
1190660 1482.2
1190670 1480.8
1190680 1479.8
1190690 1479.8
1190700 1480.1
1190710 1478.6
1190720 1478.6
1190730 1476.7
1190740 1475.8
1190750 1475.8
1190760 1473.4
1190770 1469.6
1190780 1469.6
1190790 1466.2
1190800 1462.3
1190810 1462.3
1190820 1457.4
1190830 1451.8
1190840 1451.8
1190850 1446.2
1190860 1440.8
1190870 1440.8
1190880 1435.9
1190890 1431.2
1190900 1431.2
1190910 1426.6
1190920 1424.6
1190930 1424.9
1190940 1424.9
1190950 1424.0
1190960 1421.7
1190970 1421.7
1190980 1418.6
1190990 1418.6
1191000 1418.6
1191010 1415.2
1191020 1410.9
1191030 1410.9
1191040 1406.5
1191050 1402.3
1191060 1402.3
1191070 1400.0
1191080 1399.1
1191090 1396.3
1191100 1395.9
1191110 1395.6
1191120 1395.6
1191130 1395.1
1191140 1394.4
1191150 1394.4
1191160 1393.9
1191170 1393.4
1191180 1393.4
1191190 1392.2
1191200 1390.9
1191210 1390.9
1191220 1389.3
1191230 1386.6
1191240 1383.4
1191250 1383.4
1191260 1380.5
1191270 1377.5
1191280 1377.5
1191290 1374.3
1191300 1370.7
1191310 1370.7
1191320 1367.2
1191330 1364.6
1191340 1364.6
1191350 1362.7
1191360 1359.7
1191370 1359.7
1191380 1356.0
1191390 1351.9
1191400 1351.9
1191410 1348.6
1191420 1346.5
1191430 1346.5
1191440 1345.4
1191450 1343.4
1191460 1343.4
1191470 1340.8
1191480 1338.4
1191490 1338.4
1191500 1335.7
1191510 1333.4
1191520 1332.1
1191530 1329.2
1191540 1325.9
1191550 1323.1
1191560 1323.1
1191570 1320.7
1191580 1318.8
1191590 1318.8
1191600 1316.9
1191610 1315.3
1191620 1315.3
1191630 1314.5
1191640 1313.7
1191650 1313.7
1191660 1311.8
1191670 1308.0
1191680 1308.0
1191690 1301.8
1191700 1295.0
1191710 1295.0
1191720 1289.2
1191730 1286.4
1191740 1286.4
1191750 1284.9
1191760 1282.0
1191770 1282.0
1191780 1279.6
1191790 1280.2
1191800 1280.2
1191810 1281.4
1191820 1277.9
1191830 1277.9
1191840 1272.6
1191850 1269.7
1191860 1271.4
1191870 1271.4
1191880 1271.7
1191890 1267.4
1191900 1267.4
1191910 1260.1
1191920 1255.3
1191930 1255.3
1191940 1251.4
1191950 1243.4
1191960 1241.3
1191970 1233.7
1191980 1229.6
1191990 1229.6
1192000 1228.4
1192010 1230.0
1192020 1230.0
1192030 1230.4
1192040 1225.9
1192050 1225.9
1192060 1223.3
1192070 1222.5
1192080 1222.5
1192090 1222.1
1192100 1221.1
1192110 1221.1
1192120 1220.5
1192130 1220.7
1192140 1219.3
1192150 1219.3
1192160 1216.5
1192170 1216.4
1192180 1216.4
1192190 1226.0
1192200 1239.8
1192210 1239.8
1192220 1239.3
1192230 1242.2
1192240 1242.2
1192250 1254.6
1192260 1263.8
1192270 1263.8
1192280 1270.5
1192290 1274.8
1192300 1274.8
1192310 1276.4
1192320 1275.6
1192330 1275.6
1192340 1275.5
1192350 1276.3
1192360 1276.3
1192370 1276.0
1192380 1275.5
1192390 1276.9
1192400 1277.8
1192410 1278.6
1192420 1278.6
1192430 1278.1
1192440 1275.7
1192450 1271.9
1192460 1271.9
1192470 1270.0
1192480 1267.5
1192490 1267.5
1192500 1262.3
1192510 1256.5
1192520 1256.5
1192530 1250.4
1192540 1244.4
1192550 1244.4
1192560 1237.0
1192570 1225.7
1192580 1225.7
1192590 1209.4
1192600 1194.6
1192610 1194.6
1192620 1180.1
1192630 1172.4
1192640 1172.4
1192650 1170.4
1192660 1168.5
1192670 1168.5
1192680 1168.8
1192690 1173.5
1192700 1173.5
1192710 1183.3
1192720 1194.1
1192730 1194.1
1192740 1200.3
1192750 1207.7
1192760 1216.8
1192770 1216.8
1192780 1223.4
1192790 1224.4
1192800 1224.4
1192810 1224.0
1192820 1223.3
1192830 1220.4
1192840 1219.8
1192850 1219.2
1192860 1219.2
1192870 1218.9
1192880 1218.6
1192890 1218.6
1192900 1218.5
1192910 1220.4
1192920 1220.4
1192930 1222.4
1192940 1224.2
1192950 1224.2
1192960 1226.2
1192970 1228.9
1192980 1228.9
1192990 1231.6
1193000 1234.8
1193010 1234.8
1193020 1238.4
1193030 1242.0
1193040 1242.0
1193050 1245.5
1193060 1249.4
1193070 1254.4
1193080 1254.4
1193090 1259.4
1193100 1262.1
1193110 1262.1
1193120 1264.7
1193130 1268.1
1193140 1268.1
1193150 1271.3
1193160 1274.9
1193170 1274.9
1193180 1278.6
1193190 1282.2
1193200 1282.2
1193210 1286.0
1193220 1289.5
1193230 1289.5
1193240 1292.8
1193250 1296.0
1193260 1296.0
1193270 1298.7
1193280 1303.3
1193290 1303.3
1193300 1307.8
1193310 1311.9
1193320 1311.9
1193330 1316.2
1193340 1320.5
1193350 1320.5
1193360 1324.9
1193370 1328.9
1193380 1332.9
1193390 1332.9
1193400 1336.8
1193410 1341.3
1193420 1341.3
1193430 1345.9
1193440 1349.7
1193450 1349.7
1193460 1353.5
1193470 1357.7
1193480 1357.7
1193490 1362.3
1193500 1365.7
1193510 1365.7
1193520 1368.6
1193530 1370.9
1193540 1370.9
1193550 1373.8
1193560 1377.0
1193570 1377.0
1193580 1380.3
1193590 1383.3
1193600 1383.3
1193610 1387.1
1193620 1392.5
1193630 1392.5
1193640 1398.0
1193650 1402.6
1193660 1402.6
1193670 1405.7
1193680 1407.1
1193690 1407.9
1193700 1407.9
1193710 1405.0
1193720 1405.6
1193730 1405.6
1193740 1405.9
1193750 1406.2
1193760 1406.2
1193770 1406.9
1193780 1406.2
1193790 1406.2
1193800 1403.8
1193810 1409.1
1193820 1409.1
1193830 1417.5
1193840 1423.8
1193850 1423.8
1193860 1427.8
1193870 1430.7
1193880 1430.7
1193890 1433.4
1193900 1436.9
1193910 1436.9
1193920 1441.7
1193930 1447.2
1193940 1447.2
1193950 1453.4
1193960 1459.5
1193970 1459.5
1193980 1463.7
1193990 1467.9
1194000 1473.3
1194010 1473.3
1194020 1479.9
1194030 1486.5
1194040 1486.5
1194050 1492.1
1194060 1497.1
1194070 1497.1
1194080 1502.5
1194090 1508.9
1194100 1508.9
1194110 1515.5
1194120 1522.0
1194130 1522.0
1194140 1530.9
1194150 1538.4
1194160 1538.4
1194170 1546.2
1194180 1553.6
1194190 1553.6
1194200 1561.2
1194210 1569.5
1194220 1569.5
1194230 1577.6
1194240 1586.5
1194250 1586.5
1194260 1599.5
1194270 1611.9
1194280 1621.3
1194290 1621.3
1194300 1627.0
1194310 1632.2
1194320 1632.2
1194330 1636.4
1194340 1640.2
1194350 1640.2
1194360 1644.9
1194370 1650.0
1194380 1650.0
1194390 1655.5
1194400 1661.0
1194410 1661.0
1194420 1666.6
1194430 1672.0
1194440 1672.0
1194450 1677.1
1194460 1679.9
1194470 1679.9
1194480 1679.0
1194490 1674.7
1194500 1674.7
1194510 1669.6
1194520 1664.3
1194530 1664.3
1194540 1659.4
1194550 1655.9
1194560 1655.9
1194570 1654.3
1194580 1650.9
1194590 1654.0
1194600 1654.0
1194610 1658.1
1194620 1662.6
1194630 1662.6
1194640 1666.5
1194650 1668.4
1194660 1668.4
1194670 1667.7
1194680 1666.3
1194690 1666.3
1194700 1664.2
1194710 1662.8
1194720 1662.8
1194730 1664.5
1194740 1667.4
1194750 1667.4
1194760 1671.1
1194770 1675.1
1194780 1675.1
1194790 1679.4
1194800 1683.6
1194810 1683.6
1194820 1686.9
1194830 1690.7
1194840 1690.7
1194850 1695.1
1194860 1700.2
1194870 1700.2
1194880 1706.4
1194890 1712.4
1194900 1718.5
1194910 1718.5
1194920 1724.0
1194930 1728.4
1194940 1728.4
1194950 1731.6
1194960 1733.2
1194970 1733.2
1194980 1732.7
1194990 1731.8
1195000 1731.8
1195010 1730.6
1195020 1722.9
1195030 1722.9
1195040 1721.9
1195050 1720.8
1195060 1720.8
1195070 1719.6
1195080 1718.7
1195090 1718.7
1195100 1718.9
1195110 1723.7
1195120 1723.7
1195130 1731.5
1195140 1739.2
1195150 1739.2
1195160 1746.9
1195170 1754.5
1195180 1754.5
1195190 1761.6
1195200 1768.7
1195210 1775.9
1195220 1775.9
1195230 1783.6
1195240 1791.7
1195250 1791.7
1195260 1800.2
1195270 1808.6
1195280 1808.6
1195290 1814.6
1195300 1817.2
1195310 1817.2
1195320 1816.3
1195330 1814.1
1195340 1814.1
1195350 1814.9
1195360 1815.8
1195370 1815.8
1195380 1815.8
1195390 1822.2
1195400 1822.2
1195410 1829.3
1195420 1835.2
1195430 1835.2
1195440 1841.3
1195450 1847.5
1195460 1847.5
1195470 1849.3
1195480 1855.1
1195490 1855.1
1195500 1857.2
1195510 1855.5
1195520 1856.2
1195530 1856.2
1195540 1860.7
1195550 1865.1
1195560 1865.1
1195570 1866.4
1195580 1871.6
1195590 1871.6
1195600 1878.3
1195610 1882.7
1195620 1882.7
1195630 1886.9
1195640 1890.9
1195650 1890.9
1195660 1894.1
1195670 1897.9
1195680 1897.9
1195690 1901.6
1195700 1905.1
1195710 1905.1
1195720 1909.2
1195730 1913.5
1195740 1913.5
1195750 1918.0
1195760 1922.2
1195770 1922.2
1195780 1926.3
1195790 1931.6
1195800 1931.6
1195810 1937.7
1195820 1944.6
1195830 1951.9
1195840 1951.9
1195850 1959.6
1195860 1967.2
1195870 1967.2
1195880 1974.6
1195890 1981.9
1195900 1981.9
1195910 1987.4
1195920 1994.5
1195930 1994.5
1195940 2000.9
1195950 2006.6
1195960 2006.6
1195970 2011.1
1195980 2012.7
1195990 2012.7
1196000 2007.8
1196010 1999.7
1196020 1999.7
1196030 1991.1
1196040 1982.2
1196050 1982.2
1196060 1973.3
1196070 1964.6
1196080 1964.6
1196090 1956.2
1196100 1947.9
1196110 1940.4
1196120 1940.4
1196130 1933.8
1196140 1927.7
1196150 1927.7
1196160 1921.6
1196170 1913.2
1196180 1913.2
1196190 1904.5
1196200 1896.5
1196210 1896.5
1196220 1888.5
1196230 1880.8
1196240 1880.8
1196250 1873.2
1196260 1866.7
1196270 1866.7
1196280 1860.8
1196290 1855.8
1196300 1855.8
1196310 1850.4
1196320 1845.0
1196330 1845.0
1196340 1839.4
1196350 1838.3
1196360 1838.3
1196370 1832.7
1196380 1826.1
1196390 1826.1
1196400 1818.7
1196410 1811.8
1196420 1804.6
1196430 1804.6
1196440 1797.3
1196450 1791.4
1196460 1791.4
1196470 1785.1
1196480 1778.9
1196490 1778.9
1196500 1773.8
1196510 1769.2
1196520 1769.2
1196530 1764.0
1196540 1758.0
1196550 1758.0
1196560 1752.8
1196570 1748.0
1196580 1748.0
1196590 1742.7
1196600 1736.7
1196610 1736.7
1196620 1730.8
1196630 1724.8
1196640 1724.8
1196650 1718.5
1196660 1711.9
1196670 1711.9
1196680 1704.6
1196690 1696.4
1196700 1696.4
1196710 1687.4
1196720 1677.9
1196730 1669.3
1196740 1669.3
1196750 1663.0
1196760 1658.5
1196770 1658.5
1196780 1654.5
1196790 1661.4
1196800 1661.4
1196810 1659.6
1196820 1657.2
1196830 1657.2
1196840 1655.2
1196850 1652.6
1196860 1652.6
1196870 1649.0
1196880 1643.0
1196890 1643.0
1196900 1633.3
1196910 1621.9
1196920 1621.9
1196930 1610.6
1196940 1599.6
1196950 1599.6
1196960 1590.5
1196970 1589.6
1196980 1589.6
1196990 1589.9
1197000 1589.8
1197010 1589.8
1197020 1589.8
1197030 1580.7
1197040 1570.4
1197050 1570.4
1197060 1559.8
1197070 1550.1
1197080 1550.1
1197090 1543.9
1197100 1540.2
1197110 1540.2
1197120 1541.3
1197130 1542.5
1197140 1542.5
1197150 1537.9
1197160 1532.1
1197170 1532.1
1197180 1526.6
1197190 1521.3
1197200 1521.3
1197210 1515.4
1197220 1509.8
1197230 1509.8
1197240 1509.5
1197250 1504.4
1197260 1504.4
1197270 1499.4
1197280 1492.3
1197290 1492.3
1197300 1491.4
1197310 1490.9
1197320 1490.9
1197330 1491.7
1197340 1491.2
1197350 1486.7
1197360 1486.7
1197370 1480.0
1197380 1473.4
1197390 1473.4
1197400 1466.7
1197410 1459.8
1197420 1459.8
1197430 1455.0
1197440 1460.5
1197450 1460.5
1197460 1468.6
1197470 1475.7
1197480 1475.7
1197490 1482.5
1197500 1488.6
1197510 1488.6
1197520 1494.9
1197530 1502.0
1197540 1502.0
1197550 1509.1
1197560 1515.5
1197570 1515.5
1197580 1521.3
1197590 1526.9
1197600 1526.9
1197610 1532.3
1197620 1537.7
1197630 1537.7
1197640 1543.1
1197650 1548.3
1197660 1554.1
1197670 1554.1
1197680 1559.2
1197690 1566.2
1197700 1566.2
1197710 1573.7
1197720 1581.0
1197730 1581.0
1197740 1587.7
1197750 1594.3
1197760 1594.3
1197770 1600.9
1197780 1607.7
1197790 1607.7
1197800 1614.7
1197810 1621.4
1197820 1621.4
1197830 1627.7
1197840 1634.3
1197850 1634.3
1197860 1641.1
1197870 1647.9
1197880 1647.9
1197890 1654.6
1197900 1661.1
1197910 1661.1
1197920 1667.9
1197930 1674.8
1197940 1681.6
1197950 1681.6
1197960 1688.2
1197970 1694.5
1197980 1694.5
1197990 1700.9
1198000 1707.4
1198010 1707.4
1198020 1713.8
1198030 1720.3
1198040 1720.3
1198050 1726.7
1198060 1733.9
1198070 1733.9
1198080 1742.7
1198090 1751.6
1198100 1751.6
1198110 1759.2
1198120 1766.3
1198130 1765.5
1198140 1774.0
1198150 1782.0
1198160 1782.0
1198170 1789.5
1198180 1796.9
1198190 1796.9
1198200 1804.1
1198210 1811.1
1198220 1811.1
1198230 1817.9
1198240 1824.7
1198250 1831.4
1198260 1831.4
1198270 1838.2
1198280 1845.2
1198290 1845.2
1198300 1852.1
1198310 1859.4
1198320 1859.4
1198330 1866.3
1198340 1873.1
1198350 1873.1
1198360 1879.4
1198370 1886.4
1198380 1886.4
1198390 1893.8
1198400 1901.0
1198410 1901.0
1198420 1908.1
1198430 1915.5
1198440 1915.5
1198450 1922.7
1198460 1929.5
1198470 1929.5
1198480 1936.6
1198490 1944.5
1198500 1944.5
1198510 1953.3
1198520 1961.3
1198530 1961.3
1198540 1969.2
1198550 1976.9
1198560 1984.3
1198570 1982.5
1198580 1989.8
1198590 1996.5
1198600 1996.5
1198610 2002.6
1198620 2006.6
1198630 2006.6
1198640 2004.2
1198650 1998.2
1198660 1998.2
1198670 1991.8
1198680 1985.4
1198690 1985.4
1198700 1978.8
1198710 1971.8
1198720 1971.8
1198730 1962.5
1198740 1950.0
1198750 1950.0
1198760 1940.9
1198770 1934.0
1198780 1934.0
1198790 1927.4
1198800 1921.1
1198810 1921.1
1198820 1913.9
1198830 1905.6
1198840 1905.6
1198850 1897.2
1198860 1889.6
1198870 1882.2
1198880 1882.2
1198890 1874.8
1198900 1867.5
1198910 1867.5
1198920 1860.6
1198930 1854.0
1198940 1854.0
1198950 1847.3
1198960 1840.2
1198970 1840.2
1198980 1833.0
1198990 1825.5
1199000 1825.5
1199010 1817.8
1199020 1809.4
1199030 1809.4
1199040 1801.6
1199050 1794.3
1199060 1794.3
1199070 1787.7
1199080 1781.0
1199090 1781.0
1199100 1774.6
1199110 1768.5
1199120 1768.5
1199130 1763.0
1199140 1757.5
1199150 1757.5
1199160 1752.1
1199170 1746.7
1199180 1742.2
1199190 1742.2
1199200 1736.8
1199210 1732.5
1199220 1732.5
1199230 1727.1
1199240 1721.8
1199250 1721.8
1199260 1716.5
1199270 1710.9
1199280 1710.9
1199290 1705.4
1199300 1699.6
1199310 1699.6
1199320 1694.3
1199330 1688.5
1199340 1688.5
1199350 1682.4
1199360 1676.9
1199370 1676.9
1199380 1672.2
1199390 1668.5
1199400 1668.5
1199410 1664.5
1199420 1662.4
1199430 1662.4
1199440 1661.1
1199450 1659.7
1199460 1663.1
1199470 1663.1
1199480 1663.2
1199490 1663.9
1199500 1663.9
1199510 1661.4
1199520 1658.0
1199530 1658.0
1199540 1659.4
1199550 1662.1
1199560 1662.1
1199570 1665.7
1199580 1669.4
1199590 1669.4
1199600 1673.1
1199610 1675.5
1199620 1675.5
1199630 1671.9
1199640 1665.5
1199650 1665.5
1199660 1659.3
1199670 1654.3
1199680 1654.3
1199690 1654.0
1199700 1657.3
1199710 1657.3
1199720 1659.8
1199730 1661.8
1199740 1661.8
1199750 1662.5
1199760 1664.0
1199770 1665.9
1199780 1665.9
1199790 1667.8
1199800 1670.4
1199810 1670.4
1199820 1673.6
1199830 1676.1
1199840 1676.1
1199850 1679.5
1199860 1683.9
1199870 1683.9
1199880 1689.4
1199890 1695.3
1199900 1695.3
1199910 1708.1
1199920 1713.4
1199930 1713.4
1199940 1719.3
1199950 1725.3
1199960 1725.3
1199970 1731.3
1199980 1737.2
1199990 1737.2
