1180000 2053.7
1180010 2060.7
1180020 2060.7
1180030 2060.0
1180040 2055.5
1180050 2055.5
1180060 2048.4
1180070 2041.5
1180080 2041.5
1180090 2036.2
1180100 2033.0
1180110 2033.0
1180120 2029.3
1180130 2027.3
1180140 2027.3
1180150 2027.7
1180160 2026.6
1180170 2026.6
1180180 2027.4
1180190 2031.7
1180200 2031.7
1180210 2034.9
1180220 2035.1
1180230 2035.1
1180240 2037.3
1180250 2039.8
1180260 2041.2
1180270 2041.2
1180280 2034.3
1180290 2031.9
1180300 2031.9
1180310 2028.4
1180320 2025.1
1180330 2025.1
1180340 2022.9
1180350 2020.8
1180360 2020.8
1180370 2021.8
1180380 2022.6
1180390 2022.6
1180400 2023.7
1180410 2023.7
1180420 2023.7
1180430 2023.2
1180440 2023.1
1180450 2023.1
1180460 2021.9
1180470 2019.1
1180480 2019.1
1180490 2016.9
1180500 2016.3
1180510 2016.3
1180520 2016.9
1180530 2018.4
1180540 2018.4
1180550 2019.4
1180560 2018.1
1180570 2015.8
1180580 2015.8
1180590 2014.0
1180600 2012.2
1180610 2012.2
1180620 2009.1
1180630 2004.3
1180640 2004.3
1180650 2000.8
1180660 1999.5
1180670 1999.5
1180680 2000.2
1180690 2001.8
1180700 1994.5
1180710 1995.4
1180720 1996.1
1180730 1996.1
1180740 1995.8
1180750 1993.9
1180760 1993.9
1180770 1992.6
1180780 1991.0
1180790 1991.0
1180800 1987.5
1180810 1983.4
1180820 1983.4
1180830 1978.3
1180840 1975.0
1180850 1975.0
1180860 1973.6
1180870 1972.5
1180880 1971.9
1180890 1971.9
1180900 1971.3
1180910 1970.3
1180920 1970.3
1180930 1969.2
1180940 1967.9
1180950 1967.9
1180960 1966.2
1180970 1966.3
1180980 1966.3
1180990 1965.0
1181000 1963.9
1181010 1963.9
1181020 1963.5
1181030 1962.3
1181040 1962.3
1181050 1961.0
1181060 1960.9
1181070 1960.9
1181080 1959.6
1181090 1958.3
1181100 1958.3
1181110 1951.9
1181120 1938.6
1181130 1938.6
1181140 1932.5
1181150 1929.5
1181160 1929.5
1181170 1924.3
1181180 1920.7
1181190 1921.2
1181200 1921.2
1181210 1928.3
1181220 1941.0
1181230 1941.0
1181240 1969.4
1181250 1981.9
1181260 1981.9
1181270 1991.3
1181280 2002.5
1181290 2002.5
1181300 2009.3
1181310 2016.6
1181320 2016.6
1181330 2022.2
1181340 2026.6
1181350 2026.6
1181360 2034.6
1181370 2044.7
1181380 2044.7
1181390 2052.2
1181400 2060.4
1181410 2060.4
1181420 2069.8
1181430 2079.7
1181440 2079.7
1181450 2088.6
1181460 2103.1
1181470 2103.1
1181480 2151.7
1181490 2190.4
1181500 2200.8
1181510 2200.8
1181520 2201.2
1181530 2195.0
1181540 2188.7
1181550 2192.6
1181560 2192.9
1181570 2192.9
1181580 2171.2
1181590 2152.0
1181600 2152.0
1181610 2134.8
1181620 2130.3
1181630 2130.3
1181640 2123.5
1181650 2116.0
1181660 2116.0
1181670 2112.0
1181680 2109.4
1181690 2109.4
1181700 2104.6
1181710 2066.9
1181720 2066.9
1181730 2032.7
1181740 2019.4
1181750 2019.4
1181760 2009.4
1181770 2001.9
1181780 1995.9
1181790 1995.9
1181800 1990.4
1181810 1984.6
1181820 1984.6
1181830 1978.8
1181840 1973.2
1181850 1973.2
1181860 1967.6
1181870 1962.0
1181880 1962.0
1181890 1956.6
1181900 1951.7
1181910 1951.7
1181920 1946.4
1181930 1941.3
1181940 1941.3
1181950 1935.9
1181960 1930.6
1181970 1930.6
1181980 1925.2
1181990 1920.0
1182000 1920.0
1182010 1914.9
1182020 1909.7
1182030 1909.7
1182040 1904.6
1182050 1899.6
1182060 1899.6
1182070 1894.9
1182080 1890.5
1182090 1886.0
1182100 1886.0
1182110 1881.4
1182120 1876.9
1182130 1876.9
1182140 1872.3
1182150 1867.8
1182160 1867.8
1182170 1863.3
1182180 1859.2
1182190 1859.2
1182200 1855.1
1182210 1851.3
1182220 1851.3
1182230 1847.5
1182240 1843.7
1182250 1843.7
1182260 1840.0
1182270 1836.8
1182280 1836.8
1182290 1833.8
1182300 1830.6
1182310 1830.6
1182320 1827.8
1182330 1825.1
1182340 1825.1
1182350 1822.9
1182360 1821.6
1182370 1821.6
1182380 1819.8
1182390 1814.8
1182400 1812.3
1182410 1812.3
1182420 1810.0
1182430 1809.1
1182440 1809.1
1182450 1806.6
1182460 1802.6
1182470 1802.6
1182480 1799.1
1182490 1796.9
1182500 1796.9
1182510 1795.0
1182520 1794.0
1182530 1794.0
1182540 1794.4
1182550 1796.8
1182560 1796.8
1182570 1797.6
1182580 1792.4
1182590 1792.4
1182600 1785.6
1182610 1778.9
1182620 1778.9
1182630 1773.5
1182640 1768.1
1182650 1768.1
1182660 1761.2
1182670 1754.0
1182680 1754.0
1182690 1746.8
1182700 1740.0
1182710 1733.3
1182720 1733.3
1182730 1725.6
1182740 1718.1
1182750 1718.1
1182760 1712.9
1182770 1707.5
1182780 1707.5
1182790 1701.2
1182800 1694.6
1182810 1692.6
1182820 1685.8
1182830 1679.1
1182840 1679.1
1182850 1672.8
1182860 1667.1
1182870 1667.1
1182880 1661.9
1182890 1656.2
1182900 1656.2
1182910 1651.9
1182920 1647.7
1182930 1647.7
1182940 1644.8
1182950 1640.9
1182960 1640.9
1182970 1635.3
1182980 1630.2
1182990 1630.2
1183000 1625.1
1183010 1624.2
1183020 1623.9
1183030 1623.9
1183040 1623.4
1183050 1622.3
1183060 1622.3
1183070 1621.1
1183080 1620.2
1183090 1620.2
1183100 1621.0
1183110 1618.8
1183120 1618.8
1183130 1611.8
1183140 1604.3
1183150 1604.3
1183160 1596.5
1183170 1592.4
1183180 1592.4
1183190 1593.7
1183200 1594.6
1183210 1594.6
1183220 1593.0
1183230 1596.0
1183240 1596.0
1183250 1591.2
1183260 1586.0
1183270 1586.0
1183280 1580.9
1183290 1575.7
1183300 1575.7
1183310 1570.1
1183320 1564.0
1183330 1559.0
1183340 1559.0
1183350 1555.5
1183360 1553.3
1183370 1553.3
1183380 1556.0
1183390 1556.8
1183400 1556.8
1183410 1554.3
1183420 1549.0
1183430 1549.0
1183440 1542.1
1183450 1536.9
1183460 1536.9
1183470 1536.1
1183480 1537.0
1183490 1537.0
1183500 1539.6
1183510 1543.4
1183520 1543.4
1183530 1547.5
1183540 1546.3
1183550 1546.3
1183560 1541.5
1183570 1536.9
1183580 1536.9
1183590 1535.2
1183600 1534.6
1183610 1534.6
1183620 1534.3
1183630 1535.0
1183640 1535.5
1183650 1535.5
1183660 1540.1
1183670 1540.9
1183680 1540.9
1183690 1542.6
1183700 1545.5
1183710 1545.5
1183720 1548.6
1183730 1551.6
1183740 1551.6
1183750 1553.4
1183760 1556.2
1183770 1556.2
1183780 1560.3
1183790 1563.3
1183800 1563.3
1183810 1565.4
1183820 1567.4
1183830 1567.4
1183840 1570.3
1183850 1572.9
1183860 1572.9
1183870 1575.6
1183880 1577.1
1183890 1577.1
1183900 1577.5
1183910 1578.2
1183920 1578.2
1183930 1579.5
1183940 1581.7
1183950 1585.1
1183960 1585.1
1183970 1589.8
1183980 1595.2
1183990 1595.2
1184000 1600.8
1184010 1606.1
1184020 1606.1
1184030 1612.8
1184040 1619.3
1184050 1619.3
1184060 1625.8
1184070 1632.7
1184080 1640.8
1184090 1650.0
1184100 1655.7
1184110 1655.7
1184120 1658.8
1184130 1661.7
1184140 1661.7
1184150 1662.6
1184160 1657.9
1184170 1657.9
1184180 1656.8
1184190 1661.9
1184200 1661.9
1184210 1672.4
1184220 1687.6
1184230 1687.6
1184240 1700.2
1184250 1712.8
1184260 1723.8
1184270 1723.8
1184280 1730.8
1184290 1736.0
1184300 1736.0
1184310 1736.9
1184320 1739.2
1184330 1739.2
1184340 1745.0
1184350 1753.4
1184360 1753.4
1184370 1763.7
1184380 1768.3
1184390 1768.3
1184400 1774.5
1184410 1785.3
1184420 1785.3
1184430 1797.1
1184440 1805.8
1184450 1805.8
1184460 1813.0
1184470 1818.4
1184480 1818.4
1184490 1822.2
1184500 1827.8
1184510 1833.6
1184520 1838.6
1184530 1845.6
1184540 1854.6
1184550 1854.6
1184560 1864.2
1184570 1873.2
1184580 1873.2
1184590 1879.4
1184600 1882.3
1184610 1882.3
1184620 1883.9
1184630 1886.2
1184640 1886.2
1184650 1890.6
1184660 1892.6
1184670 1892.6
1184680 1892.2
1184690 1893.6
1184700 1893.6
1184710 1892.9
1184720 1894.0
1184730 1894.0
1184740 1900.1
1184750 1905.8
1184760 1905.8
1184770 1905.6
1184780 1889.1
1184790 1889.1
1184800 1875.0
1184810 1874.9
1184820 1874.9
1184830 1860.7
1184840 1835.3
1184850 1818.3
1184860 1818.3
1184870 1807.5
1184880 1800.5
1184890 1800.5
1184900 1793.9
1184910 1788.3
1184920 1788.3
1184930 1776.9
1184940 1770.2
1184950 1770.2
1184960 1762.9
1184970 1754.7
1184980 1754.7
1184990 1747.7
1185000 1740.7
1185010 1740.7
1185020 1732.2
1185030 1721.0
1185040 1721.0
1185050 1708.8
1185060 1700.9
1185070 1700.9
1185080 1694.4
1185090 1687.1
1185100 1687.1
1185110 1680.3
1185120 1673.9
1185130 1673.9
1185140 1667.1
1185150 1659.7
1185160 1652.9
1185170 1652.9
1185180 1645.2
1185190 1638.0
1185200 1638.0
1185210 1630.6
1185220 1623.4
1185230 1623.4
1185240 1615.8
1185250 1607.7
1185260 1607.7
1185270 1600.1
1185280 1593.2
1185290 1593.2
1185300 1586.4
1185310 1580.4
1185320 1580.4
1185330 1574.7
1185340 1568.3
1185350 1568.3
1185360 1555.9
1185370 1550.2
1185380 1550.2
1185390 1543.8
1185400 1537.1
1185410 1537.1
1185420 1530.2
1185430 1523.3
1185440 1523.3
1185450 1516.3
1185460 1508.4
1185470 1502.0
1185480 1502.0
1185490 1498.1
1185500 1494.4
1185510 1494.4
1185520 1489.4
1185530 1483.6
1185540 1483.6
1185550 1477.7
1185560 1471.9
1185570 1471.9
1185580 1466.0
1185590 1460.2
1185600 1460.2
1185610 1454.2
1185620 1448.1
1185630 1448.1
1185640 1442.1
1185650 1436.1
1185660 1436.1
1185670 1430.2
1185680 1424.3
1185690 1424.3
1185700 1418.4
1185710 1412.6
1185720 1412.6
1185730 1406.8
1185740 1401.1
1185750 1401.1
1185760 1395.4
1185770 1389.5
1185780 1383.7
1185790 1383.7
1185800 1378.1
1185810 1372.9
1185820 1372.9
1185830 1367.2
1185840 1361.7
1185850 1361.7
1185860 1356.3
1185870 1350.6
1185880 1350.6
1185890 1344.6
1185900 1337.5
1185910 1337.5
1185920 1329.6
1185930 1321.8
1185940 1321.8
1185950 1314.3
1185960 1307.7
1185970 1307.7
1185980 1303.1
1185990 1301.8
1186000 1301.8
1186010 1300.1
1186020 1297.6
1186030 1297.6
1186040 1297.3
1186050 1298.8
1186060 1298.8
1186070 1299.9
1186080 1302.9
1186090 1306.1
1186100 1306.1
1186110 1309.3
1186120 1308.3
1186130 1308.3
1186140 1307.5
1186150 1308.3
1186160 1308.3
1186170 1310.4
1186180 1316.0
1186190 1316.0
1186200 1322.2
1186210 1329.3
1186220 1329.3
1186230 1334.2
1186240 1340.9
1186250 1340.9
1186260 1347.2
1186270 1352.8
1186280 1352.8
1186290 1357.2
1186300 1363.3
1186310 1363.3
1186320 1371.0
1186330 1377.8
1186340 1377.8
1186350 1384.0
1186360 1389.6
1186370 1389.6
1186380 1394.4
1186390 1399.6
1186400 1405.5
1186410 1405.5
1186420 1411.9
1186430 1419.7
1186440 1419.7
1186450 1427.2
1186460 1435.9
1186470 1435.9
1186480 1443.6
1186490 1449.7
1186500 1449.7
1186510 1457.4
1186520 1463.7
1186530 1463.7
1186540 1469.9
1186550 1476.4
1186560 1476.4
1186570 1483.6
1186580 1491.3
1186590 1491.3
1186600 1498.4
1186610 1504.7
1186620 1504.7
1186630 1511.0
1186640 1521.4
1186650 1521.4
1186660 1527.6
1186670 1533.2
1186680 1533.2
1186690 1537.9
1186700 1543.2
1186710 1550.1
1186720 1550.1
1186730 1556.5
1186740 1563.0
1186750 1563.0
1186760 1571.6
1186770 1578.5
1186780 1578.5
1186790 1586.0
1186800 1594.3
1186810 1594.3
1186820 1605.9
1186830 1620.4
1186840 1620.4
1186850 1627.8
1186860 1628.1
1186870 1628.1
1186880 1624.5
1186890 1625.6
1186900 1625.6
1186910 1629.1
1186920 1632.3
1186930 1632.3
1186940 1636.3
1186950 1639.8
1186960 1639.8
1186970 1642.5
1186980 1647.4
1186990 1652.6
1187000 1652.6
1187010 1657.3
1187020 1660.7
1187030 1660.7
1187040 1661.7
1187050 1661.6
1187060 1661.6
1187070 1667.1
1187080 1662.4
1187090 1662.4
1187100 1659.4
1187110 1668.8
1187120 1668.8
1187130 1673.6
1187140 1676.1
1187150 1676.1
1187160 1678.7
1187170 1677.4
1187180 1677.4
1187190 1674.9
1187200 1672.5
1187210 1672.5
1187220 1670.0
1187230 1669.0
1187240 1669.0
1187250 1668.6
1187260 1666.4
1187270 1666.4
1187280 1668.3
1187290 1670.2
1187300 1672.6
1187310 1672.6
1187320 1679.7
1187330 1685.1
1187340 1685.1
1187350 1690.0
1187360 1695.5
1187370 1695.5
1187380 1700.8
1187390 1707.7
1187400 1707.7
1187410 1714.6
1187420 1722.5
1187430 1722.5
1187440 1730.3
1187450 1738.4
1187460 1738.4
1187470 1746.9
1187480 1756.2
1187490 1756.2
1187500 1766.4
1187510 1773.8
1187520 1773.8
1187530 1781.2
1187540 1789.3
1187550 1789.3
1187560 1797.1
1187570 1804.9
1187580 1804.9
1187590 1812.1
1187600 1818.9
1187610 1826.0
1187620 1826.0
1187630 1833.5
1187640 1841.0
1187650 1841.0
1187660 1847.6
1187670 1854.4
1187680 1854.4
1187690 1861.1
1187700 1866.7
1187710 1866.7
1187720 1870.3
1187730 1872.8
1187740 1872.8
1187750 1876.6
1187760 1881.6
1187770 1881.6
1187780 1886.8
1187790 1891.8
1187800 1891.8
1187810 1896.6
1187820 1901.3
1187830 1901.3
1187840 1906.4
1187850 1911.7
1187860 1911.7
1187870 1916.9
1187880 1922.0
1187890 1922.0
1187900 1926.7
1187910 1932.8
1187920 1939.2
1187930 1934.8
1187940 1939.6
1187950 1944.3
1187960 1944.3
1187970 1947.5
1187980 1948.4
1187990 1948.4
1188000 1949.1
1188010 1952.0
1188020 1952.0
1188030 1957.8
1188040 1965.9
1188050 1965.9
1188060 1974.3
1188070 1984.1
1188080 1984.1
1188090 1992.5
1188100 1999.1
1188110 1999.1
1188120 2005.9
1188130 2013.7
1188140 2013.7
1188150 2020.3
1188160 2027.1
1188170 2027.1
1188180 2033.9
1188190 2040.6
1188200 2040.6
1188210 2047.1
1188220 2053.7
1188230 2059.9
1188240 2059.9
1188250 2065.9
1188260 2071.2
1188270 2071.2
1188280 2076.5
1188290 2082.1
1188300 2082.1
1188310 2086.8
1188320 2088.8
1188330 2088.8
1188340 2084.9
1188350 2081.1
1188360 2086.3
1188370 2083.2
1188380 2082.0
1188390 2082.0
1188400 2080.4
1188410 2078.3
1188420 2078.3
1188430 2076.3
1188440 2073.6
1188450 2073.6
1188460 2071.3
1188470 2068.4
1188480 2068.4
1188490 2065.9
1188500 2064.4
1188510 2064.4
1188520 2063.1
1188530 2060.1
1188540 2054.0
1188550 2054.0
1188560 2048.2
1188570 2042.9
1188580 2042.9
1188590 2038.5
1188600 2036.9
1188610 2036.9
1188620 2037.7
1188630 2039.1
1188640 2039.1
1188650 2040.1
1188660 2040.2
1188670 2040.2
1188680 2039.7
1188690 2037.8
1188700 2037.8
1188710 2034.6
1188720 2031.6
1188730 2031.6
1188740 2030.1
1188750 2028.4
1188760 2028.4
1188770 2026.3
1188780 2023.6
1188790 2027.4
1188800 2023.9
1188810 2020.7
1188820 2020.7
1188830 2017.5
1188840 2013.8
1188850 2010.9
1188860 2010.9
1188870 2008.6
1188880 2006.4
1188890 2006.4
1188900 2005.0
1188910 2004.6
1188920 2004.6
1188930 2002.6
1188940 1999.8
1188950 1999.8
1188960 1997.6
1188970 1994.9
1188980 1994.9
1188990 1991.5
1189000 1987.6
1189010 1987.6
1189020 1983.9
1189030 1981.2
1189040 1981.2
1189050 1978.9
1189060 1976.5
1189070 1976.5
1189080 1974.1
1189090 1971.8
1189100 1971.8
1189110 1969.6
1189120 1967.3
1189130 1967.3
1189140 1964.5
1189150 1962.3
1189160 1960.4
1189170 1960.4
1189180 1958.2
1189190 1955.7
1189200 1955.7
1189210 1952.5
1189220 1943.9
1189230 1943.9
1189240 1939.8
1189250 1935.5
1189260 1935.5
1189270 1931.3
1189280 1928.1
1189290 1928.1
1189300 1925.4
1189310 1923.3
1189320 1923.3
1189330 1921.3
1189340 1919.6
1189350 1919.6
1189360 1917.5
1189370 1915.0
1189380 1915.0
1189390 1912.3
1189400 1909.7
1189410 1909.7
1189420 1907.1
1189430 1903.6
1189440 1903.6
1189450 1899.7
1189460 1895.7
1189470 1892.3
1189480 1892.3
1189490 1887.9
1189500 1884.0
1189510 1884.0
1189520 1880.2
1189530 1876.5
1189540 1876.5
1189550 1872.9
1189560 1870.4
1189570 1870.4
1189580 1868.0
1189590 1865.3
1189600 1865.3
1189610 1862.5
1189620 1858.9
1189630 1858.9
1189640 1856.1
1189650 1855.3
1189660 1855.3
1189670 1853.1
1189680 1850.8
1189690 1850.8
1189700 1847.6
1189710 1843.3
1189720 1843.3
1189730 1838.3
1189740 1833.4
1189750 1829.4
1189760 1829.4
1189770 1825.8
1189780 1821.9
1189790 1821.9
1189800 1817.7
1189810 1813.3
1189820 1813.3
1189830 1808.7
1189840 1804.0
1189850 1804.0
1189860 1800.3
1189870 1798.3
1189880 1798.3
1189890 1795.1
1189900 1790.4
1189910 1790.4
1189920 1785.7
1189930 1782.2
1189940 1782.2
1189950 1779.2
1189960 1775.8
1189970 1775.8
1189980 1772.8
1189990 1770.5
1190000 1770.5
1190010 1768.1
1190020 1763.6
1190030 1763.6
1190040 1757.2
1190050 1750.7
1190060 1744.5
1190070 1744.5
1190080 1738.6
1190090 1728.5
1190100 1728.5
1190110 1723.5
1190120 1718.2
1190130 1718.2
1190140 1713.1
1190150 1708.5
1190160 1708.5
1190170 1705.2
1190180 1701.8
1190190 1701.8
1190200 1698.3
1190210 1693.4
1190220 1693.4
1190230 1687.0
1190240 1680.8
1190250 1680.8
1190260 1673.9
1190270 1668.2
1190280 1668.2
1190290 1662.8
1190300 1657.1
1190310 1657.1
1190320 1651.2
1190330 1644.0
1190340 1644.0
1190350 1635.7
1190360 1629.2
1190370 1628.1
1190380 1628.1
1190390 1635.2
1190400 1640.5
1190410 1640.5
1190420 1641.6
1190430 1640.8
1190440 1640.8
1190450 1639.7
1190460 1638.7
1190470 1638.7
1190480 1637.9
1190490 1636.4
1190500 1636.4
1190510 1635.6
1190520 1632.5
1190530 1632.5
1190540 1631.8
1190550 1629.9
1190560 1629.9
1190570 1625.9
1190580 1620.2
1190590 1620.2
1190600 1614.8
1190610 1610.1
1190620 1610.1
1190630 1606.1
1190640 1601.7
1190650 1601.7
1190660 1596.8
1190670 1592.1
1190680 1588.1
1190690 1588.1
1190700 1585.3
1190710 1583.0
1190720 1583.0
1190730 1580.1
1190740 1576.2
1190750 1576.2
1190760 1572.8
1190770 1570.3
1190780 1570.3
1190790 1570.2
1190800 1569.8
1190810 1569.8
1190820 1567.8
1190830 1565.9
1190840 1565.9
1190850 1564.3
1190860 1562.3
1190870 1562.3
1190880 1559.3
1190890 1555.0
1190900 1555.0
1190910 1551.0
1190920 1547.7
1190930 1547.7
1190940 1544.5
1190950 1538.3
1190960 1538.3
1190970 1533.1
1190980 1525.5
1190990 1517.4
1191000 1517.4
1191010 1510.0
1191020 1501.5
1191030 1501.5
1191040 1495.9
1191050 1490.8
1191060 1490.8
1191070 1486.0
1191080 1482.8
1191090 1482.8
1191100 1478.8
1191110 1475.3
1191120 1475.3
1191130 1472.4
1191140 1469.8
1191150 1469.8
1191160 1468.4
1191170 1466.2
1191180 1466.2
1191190 1463.0
1191200 1457.9
1191210 1457.9
1191220 1452.6
1191230 1448.0
1191240 1448.0
1191250 1445.9
1191260 1446.0
1191270 1446.0
1191280 1446.4
1191290 1446.0
1191300 1444.8
1191310 1444.8
1191320 1441.9
1191330 1438.9
1191340 1438.9
1191350 1436.9
1191360 1436.1
1191370 1436.1
1191380 1435.1
1191390 1427.5
1191400 1427.5
1191410 1423.7
1191420 1422.5
1191430 1422.5
1191440 1422.8
1191450 1420.5
1191460 1420.5
1191470 1419.1
1191480 1417.0
1191490 1417.0
1191500 1414.0
1191510 1410.6
1191520 1410.6
1191530 1408.2
1191540 1406.1
1191550 1406.1
1191560 1403.8
1191570 1401.4
1191580 1401.4
1191590 1399.0
1191600 1397.6
1191610 1396.6
1191620 1396.6
1191630 1395.9
1191640 1395.5
1191650 1395.5
1191660 1395.5
1191670 1395.9
1191680 1395.9
1191690 1396.1
1191700 1395.6
1191710 1395.6
1191720 1394.8
1191730 1393.7
1191740 1393.7
1191750 1392.5
1191760 1391.0
1191770 1391.0
1191780 1389.5
1191790 1387.9
1191800 1387.9
1191810 1387.0
1191820 1384.1
1191830 1384.1
1191840 1383.3
1191850 1381.7
1191860 1381.7
1191870 1381.2
1191880 1380.5
1191890 1380.5
1191900 1380.0
1191910 1379.4
1191920 1378.3
1191930 1378.3
1191940 1376.8
1191950 1376.0
1191960 1376.0
1191970 1375.0
1191980 1373.7
1191990 1373.7
1192000 1372.6
1192010 1371.4
1192020 1371.4
1192030 1369.8
1192040 1367.8
1192050 1367.8
1192060 1365.8
1192070 1363.5
1192080 1363.5
1192090 1357.8
1192100 1350.6
1192110 1350.6
1192120 1344.4
1192130 1339.2
1192140 1339.2
1192150 1334.2
1192160 1329.2
1192170 1329.2
1192180 1324.2
1192190 1319.4
1192200 1315.3
1192210 1315.3
1192220 1312.3
1192230 1310.3
1192240 1310.3
1192250 1308.1
1192260 1301.0
1192270 1301.0
1192280 1297.9
1192290 1295.4
1192300 1295.4
1192310 1293.4
1192320 1291.5
1192330 1291.5
1192340 1288.4
1192350 1283.5
1192360 1283.5
1192370 1278.9
1192380 1275.4
1192390 1275.4
1192400 1271.7
1192410 1267.9
1192420 1267.9
1192430 1264.1
1192440 1257.6
1192450 1257.6
1192460 1249.8
1192470 1243.0
1192480 1243.0
1192490 1237.1
1192500 1231.1
1192510 1225.0
1192520 1225.0
1192530 1220.0
1192540 1214.8
1192550 1214.8
1192560 1210.6
1192570 1208.1
1192580 1208.1
1192590 1205.9
1192600 1202.2
1192610 1202.2
1192620 1196.3
1192630 1189.9
1192640 1189.9
1192650 1182.5
1192660 1167.1
1192670 1167.1
1192680 1162.3
1192690 1162.6
1192700 1162.5
1192710 1164.2
1192720 1171.0
1192730 1171.0
1192740 1177.5
1192750 1185.4
1192760 1185.4
1192770 1195.1
1192780 1202.2
1192790 1202.2
1192800 1208.0
1192810 1213.2
1192820 1217.8
1192830 1217.8
1192840 1220.9
1192850 1222.0
1192860 1222.0
1192870 1223.1
1192880 1225.6
1192890 1225.6
1192900 1230.2
1192910 1236.0
1192920 1236.0
1192930 1242.5
1192940 1249.6
1192950 1249.6
1192960 1257.6
1192970 1266.3
1192980 1266.3
1192990 1275.1
1193000 1285.2
1193010 1285.2
1193020 1292.8
1193030 1298.2
1193040 1298.2
1193050 1301.7
1193060 1304.9
1193070 1304.9
1193080 1310.0
1193090 1313.5
1193100 1313.5
1193110 1314.9
1193120 1315.8
1193130 1314.7
1193140 1314.7
1193150 1318.3
1193160 1321.9
1193170 1321.9
1193180 1324.6
1193190 1326.7
1193200 1326.7
1193210 1327.9
1193220 1329.5
1193230 1329.5
1193240 1331.1
1193250 1331.6
1193260 1331.6
1193270 1332.3
1193280 1333.2
1193290 1333.2
1193300 1334.3
1193310 1334.9
1193320 1334.9
1193330 1335.8
1193340 1337.3
1193350 1337.3
1193360 1338.8
1193370 1340.1
1193380 1340.1
1193390 1341.7
1193400 1344.1
1193410 1344.1
1193420 1347.1
1193430 1351.4
1193440 1355.5
1193450 1355.5
1193460 1359.5
1193470 1363.5
1193480 1363.5
1193490 1367.0
1193500 1370.4
1193510 1370.4
1193520 1374.2
1193530 1378.0
1193540 1378.0
1193550 1382.1
1193560 1385.9
1193570 1385.6
1193580 1390.2
1193590 1395.1
1193600 1395.1
1193610 1400.7
1193620 1406.2
1193630 1406.2
1193640 1412.4
1193650 1418.9
1193660 1418.9
1193670 1425.4
1193680 1432.0
1193690 1432.0
1193700 1438.4
1193710 1444.5
1193720 1444.5
1193730 1451.4
1193740 1459.2
1193750 1467.9
1193760 1467.9
1193770 1477.2
1193780 1486.1
1193790 1486.1
1193800 1493.1
1193810 1498.6
1193820 1498.6
1193830 1503.1
1193840 1505.0
1193850 1505.0
1193860 1505.6
1193870 1506.6
1193880 1506.6
1193890 1507.4
1193900 1507.4
1193910 1507.4
1193920 1507.0
1193930 1506.7
1193940 1506.7
1193950 1506.8
1193960 1506.5
1193970 1506.5
1193980 1505.4
1193990 1506.0
1194000 1506.0
1194010 1506.7
1194020 1510.6
1194030 1510.6
1194040 1513.8
1194050 1516.0
1194060 1518.6
1194070 1518.6
1194080 1520.7
1194090 1522.2
1194100 1522.2
1194110 1523.7
1194120 1526.0
1194130 1526.0
1194140 1530.6
1194150 1535.6
1194160 1535.6
1194170 1540.8
1194180 1546.9
1194190 1546.9
1194200 1553.7
1194210 1559.9
1194220 1559.9
1194230 1565.4
1194240 1571.6
1194250 1571.6
1194260 1577.7
1194270 1583.0
1194280 1583.0
1194290 1586.8
1194300 1588.3
1194310 1588.3
1194320 1589.2
1194330 1589.9
1194340 1592.8
1194350 1592.8
1194360 1596.5
1194370 1599.5
1194380 1599.5
1194390 1602.6
1194400 1606.3
1194410 1606.3
1194420 1610.6
1194430 1615.5
1194440 1615.5
1194450 1622.8
1194460 1629.8
1194470 1629.8
1194480 1635.7
1194490 1641.1
1194500 1641.1
1194510 1647.2
1194520 1654.1
1194530 1654.1
1194540 1660.9
1194550 1667.2
1194560 1667.2
1194570 1673.9
1194580 1680.8
1194590 1680.8
1194600 1687.4
1194610 1694.2
1194620 1694.2
1194630 1701.4
1194640 1708.6
1194650 1716.1
1194660 1716.1
1194670 1724.3
1194680 1733.2
1194690 1733.2
1194700 1742.2
1194710 1751.0
1194720 1751.0
1194730 1760.2
1194740 1770.5
1194750 1770.5
1194760 1781.1
1194770 1788.6
1194780 1788.6
1194790 1794.8
1194800 1803.6
1194810 1803.6
1194820 1812.7
1194830 1820.1
1194840 1820.1
1194850 1825.2
1194860 1828.8
1194870 1828.8
1194880 1831.6
1194890 1830.7
1194900 1830.7
1194910 1834.3
1194920 1837.9
1194930 1837.9
1194940 1842.1
1194950 1846.2
1194960 1849.8
1194970 1849.8
1194980 1852.6
1194990 1854.9
1195000 1854.9
1195010 1857.0
1195020 1860.2
1195030 1860.2
1195040 1864.5
1195050 1869.6
1195060 1869.6
1195070 1874.8
1195080 1879.9
1195090 1879.9
1195100 1884.4
1195110 1889.0
1195120 1889.0
1195130 1894.1
1195140 1899.3
1195150 1899.3
1195160 1904.4
1195170 1909.2
1195180 1909.2
1195190 1914.3
1195200 1919.3
1195210 1919.3
1195220 1922.2
1195230 1922.4
1195240 1922.4
1195250 1924.4
1195260 1925.9
1195270 1929.3
1195280 1929.3
1195290 1934.3
1195300 1938.6
1195310 1938.6
1195320 1943.0
1195330 1938.3
1195340 1938.3
1195350 1940.5
1195360 1942.5
1195370 1942.5
1195380 1943.5
1195390 1945.8
1195400 1945.8
1195410 1948.4
1195420 1951.5
1195430 1951.5
1195440 1958.0
1195450 1966.8
1195460 1966.8
1195470 1976.4
1195480 1986.7
1195490 1986.7
1195500 1997.7
1195510 2007.7
1195520 2007.7
1195530 2016.5
1195540 2022.6
1195550 2022.6
1195560 2026.0
1195570 2025.6
1195580 2020.9
1195590 2020.9
1195600 2013.6
1195610 2007.0
1195620 2007.0
1195630 2000.8
1195640 1995.6
1195650 1995.6
1195660 1991.2
1195670 1987.2
1195680 1987.2
1195690 1983.6
1195700 1980.6
1195710 1980.6
1195720 1978.7
1195730 1978.1
1195740 1978.1
1195750 1979.0
1195760 1980.3
1195770 1986.6
1195780 1987.0
1195790 1987.5
1195800 1987.5
1195810 1987.7
1195820 1986.7
1195830 1986.7
1195840 1983.0
1195850 1975.7
1195860 1975.7
1195870 1968.2
1195880 1961.0
1195890 1953.8
1195900 1953.8
1195910 1945.6
1195920 1937.7
1195930 1937.7
1195940 1928.6
1195950 1915.5
1195960 1915.5
1195970 1901.0
1195980 1886.5
1195990 1886.5
1196000 1873.3
1196010 1862.5
1196020 1862.5
1196030 1853.5
1196040 1844.9
1196050 1844.9
1196060 1836.0
1196070 1827.0
1196080 1827.0
1196090 1819.5
1196100 1811.7
1196110 1811.7
1196120 1803.6
1196130 1796.6
1196140 1796.6
1196150 1794.8
1196160 1795.8
1196170 1795.8
1196180 1798.1
1196190 1801.4
1196200 1802.4
1196210 1814.5
1196220 1814.7
1196230 1815.5
1196240 1815.5
1196250 1817.2
1196260 1817.6
1196270 1817.6
1196280 1816.0
1196290 1812.8
1196300 1812.8
1196310 1809.2
1196320 1805.1
1196330 1805.1
1196340 1799.9
1196350 1794.4
1196360 1794.4
1196370 1788.3
1196380 1781.0
1196390 1781.0
1196400 1772.7
1196410 1764.8
1196420 1764.8
1196430 1757.3
1196440 1750.7
1196450 1750.7
1196460 1744.3
1196470 1737.6
1196480 1737.6
1196490 1731.0
1196500 1724.3
1196510 1717.4
1196520 1717.4
1196530 1710.6
1196540 1703.7
1196550 1703.7
1196560 1696.9
1196570 1689.7
1196580 1689.7
1196590 1682.7
1196600 1675.7
1196610 1675.7
1196620 1668.4
1196630 1661.7
1196640 1661.7
1196650 1655.5
1196660 1653.1
1196670 1653.1
1196680 1647.8
1196690 1642.6
1196700 1642.6
1196710 1636.0
1196720 1626.6
1196730 1626.6
1196740 1617.5
1196750 1610.4
1196760 1610.4
1196770 1603.9
1196780 1594.7
1196790 1583.4
1196800 1583.4
1196810 1575.4
1196820 1567.5
1196830 1567.5
1196840 1557.0
1196850 1548.7
1196860 1548.7
1196870 1540.5
1196880 1532.1
1196890 1532.1
1196900 1523.4
1196910 1517.2
1196920 1517.2
1196930 1513.9
1196940 1511.9
1196950 1511.9
1196960 1508.2
1196970 1503.8
1196980 1503.8
1196990 1497.8
1197000 1492.1
1197010 1492.1
1197020 1486.8
1197030 1482.0
1197040 1482.0
1197050 1475.9
1197060 1468.5
1197070 1468.5
1197080 1461.3
1197090 1454.8
1197100 1452.3
1197110 1452.3
1197120 1445.4
1197130 1439.6
1197140 1439.6
1197150 1436.6
1197160 1432.5
1197170 1432.5
1197180 1426.8
1197190 1421.5
1197200 1421.5
1197210 1417.1
1197220 1411.9
1197230 1411.9
1197240 1409.1
1197250 1407.5
1197260 1407.5
1197270 1402.1
1197280 1395.0
1197290 1395.0
1197300 1394.4
1197310 1398.9
1197320 1398.9
1197330 1403.3
1197340 1407.8
1197350 1407.8
1197360 1414.8
1197370 1423.0
1197380 1423.0
1197390 1431.7
1197400 1439.6
1197410 1446.6
1197420 1446.6
1197430 1452.5
1197440 1457.8
1197450 1457.8
1197460 1463.3
1197470 1469.7
1197480 1469.7
1197490 1476.7
1197500 1484.1
1197510 1484.1
1197520 1492.6
1197530 1501.4
1197540 1501.4
1197550 1507.5
1197560 1514.9
1197570 1514.9
1197580 1522.9
1197590 1532.2
1197600 1532.2
1197610 1540.6
1197620 1547.6
1197630 1547.6
1197640 1554.8
1197650 1561.5
1197660 1561.5
1197670 1568.1
1197680 1575.2
1197690 1575.2
1197700 1582.7
1197710 1589.9
1197720 1596.6
1197730 1596.6
1197740 1603.3
1197750 1609.9
1197760 1609.9
1197770 1616.7
1197780 1623.2
1197790 1623.2
1197800 1629.6
1197810 1636.2
1197820 1636.2
1197830 1643.1
1197840 1649.8
1197850 1649.8
1197860 1656.5
1197870 1663.2
1197880 1663.2
1197890 1670.1
1197900 1676.9
1197910 1676.9
1197920 1684.0
1197930 1690.9
1197940 1690.9
1197950 1697.3
1197960 1703.9
1197970 1703.9
1197980 1710.7
1197990 1717.2
1198000 1717.2
1198010 1723.5
1198020 1729.6
1198030 1736.4
1198040 1736.4
1198050 1743.6
1198060 1750.7
1198070 1750.7
1198080 1757.5
1198090 1764.5
1198100 1764.5
1198110 1771.4
1198120 1778.1
1198130 1778.1
1198140 1784.7
1198150 1791.3
1198160 1791.3
1198170 1797.7
1198180 1804.0
1198190 1804.0
1198200 1810.5
1198210 1817.1
1198220 1817.1
1198230 1824.0
1198240 1830.7
1198250 1830.7
1198260 1837.3
1198270 1843.8
1198280 1843.8
1198290 1850.5
1198300 1857.1
1198310 1857.1
1198320 1863.9
1198330 1870.8
1198340 1877.5
1198350 1877.5
1198360 1884.5
1198370 1891.4
1198380 1891.4
1198390 1898.7
1198400 1905.8
1198410 1905.8
1198420 1912.9
1198430 1920.5
1198440 1917.5
1198450 1925.0
1198460 1932.8
1198470 1932.8
1198480 1940.6
1198490 1948.0
1198500 1948.0
1198510 1955.1
1198520 1961.9
1198530 1961.9
1198540 1968.3
1198550 1974.2
1198560 1974.2
1198570 1979.4
1198580 1983.4
1198590 1983.4
1198600 1984.3
1198610 1978.8
1198620 1978.8
1198630 1972.1
1198640 1963.5
1198650 1953.9
1198660 1953.9
1198670 1944.8
1198680 1937.1
1198690 1937.1
1198700 1931.1
1198710 1925.5
1198720 1925.5
1198730 1919.7
1198740 1914.1
1198750 1914.1
1198760 1909.3
1198770 1903.5
1198780 1903.5
1198790 1897.1
1198800 1889.7
1198810 1889.7
1198820 1882.1
1198830 1874.4
1198840 1874.4
1198850 1867.1
1198860 1859.7
1198870 1859.7
1198880 1850.9
1198890 1843.6
1198900 1843.6
1198910 1836.4
1198920 1829.2
1198930 1822.5
1198940 1822.5
1198950 1815.6
1198960 1807.8
1198970 1807.8
1198980 1799.7
1198990 1791.9
1199000 1791.9
1199010 1784.7
1199020 1777.5
1199030 1777.5
1199040 1770.4
1199050 1762.9
1199060 1762.9
1199070 1756.4
1199080 1749.7
1199090 1749.7
1199100 1744.4
1199110 1738.9
1199120 1738.9
1199130 1733.2
1199140 1727.0
1199150 1727.0
1199160 1721.3
1199170 1717.9
1199180 1717.9
1199190 1714.2
1199200 1709.6
1199210 1709.6
1199220 1704.5
1199230 1698.2
1199240 1692.9
1199250 1692.9
1199260 1687.2
1199270 1682.1
1199280 1682.1
1199290 1676.1
1199300 1669.7
1199310 1669.7
1199320 1663.6
1199330 1653.3
1199340 1653.3
1199350 1645.2
1199360 1634.2
1199370 1634.2
1199380 1622.9
1199390 1613.2
1199400 1613.2
1199410 1604.1
1199420 1594.8
1199430 1594.8
1199440 1584.8
1199450 1577.0
1199460 1577.0
1199470 1576.9
1199480 1579.0
1199490 1579.0
1199500 1582.1
1199510 1585.1
1199520 1585.1
1199530 1588.1
1199540 1591.2
1199550 1589.9
1199560 1589.9
1199570 1589.4
1199580 1590.2
1199590 1590.2
1199600 1586.5
1199610 1581.9
1199620 1581.9
1199630 1577.1
1199640 1574.9
1199650 1574.9
1199660 1582.1
1199670 1589.4
1199680 1589.4
1199690 1594.0
1199700 1594.5
1199710 1594.5
1199720 1592.6
1199730 1591.7
1199740 1591.7
1199750 1591.4
1199760 1589.7
1199770 1589.7
1199780 1588.7
1199790 1582.2
1199800 1582.2
1199810 1575.2
1199820 1569.8
1199830 1569.8
1199840 1572.1
1199850 1574.6
1199860 1575.8
1199870 1575.8
1199880 1578.9
1199890 1582.5
1199900 1582.5
1199910 1586.5
1199920 1590.8
1199930 1590.8
1199940 1595.0
1199950 1599.7
1199960 1599.7
1199970 1605.2
1199980 1611.3
1199990 1611.3
