1180000 1823.7
1180010 1823.7
1180020 1816.4
1180030 1811.1
1180040 1810.2
1180050 1810.2
1180060 1811.1
1180070 1814.8
1180080 1814.8
1180090 1816.3
1180100 1816.9
1180110 1816.9
1180120 1817.2
1180130 1816.5
1180140 1816.5
1180150 1812.4
1180160 1810.4
1180170 1810.4
1180180 1813.3
1180190 1818.6
1180200 1818.6
1180210 1821.5
1180220 1823.4
1180230 1823.4
1180240 1826.1
1180250 1822.1
1180260 1822.1
1180270 1822.3
1180280 1823.3
1180290 1823.3
1180300 1824.9
1180310 1825.3
1180320 1825.3
1180330 1824.6
1180340 1827.2
1180350 1829.4
1180360 1829.4
1180370 1830.4
1180380 1830.3
1180390 1830.3
1180400 1830.8
1180410 1831.6
1180420 1831.6
1180430 1832.4
1180440 1831.9
1180450 1831.9
1180460 1829.4
1180470 1825.9
1180480 1825.9
1180490 1821.2
1180500 1819.9
1180510 1819.9
1180520 1817.8
1180530 1815.7
1180540 1815.7
1180550 1813.4
1180560 1811.2
1180570 1811.2
1180580 1809.4
1180590 1808.0
1180600 1808.0
1180610 1807.1
1180620 1804.9
1180630 1804.9
1180640 1803.1
1180650 1802.8
1180660 1803.5
1180670 1799.3
1180680 1799.3
1180690 1800.4
1180700 1800.4
1180710 1801.4
1180720 1797.3
1180730 1797.3
1180740 1794.6
1180750 1789.7
1180760 1789.7
1180770 1786.7
1180780 1797.4
1180790 1797.4
1180800 1807.1
1180810 1813.6
1180820 1813.6
1180830 1819.1
1180840 1822.7
1180850 1822.7
1180860 1826.8
1180870 1831.1
1180880 1831.1
1180890 1836.0
1180900 1841.8
1180910 1841.8
1180920 1844.9
1180930 1849.2
1180940 1849.2
1180950 1854.3
1180960 1859.6
1180970 1865.6
1180980 1865.6
1180990 1873.0
1181000 1880.1
1181010 1880.1
1181020 1885.2
1181030 1889.7
1181040 1889.7
1181050 1896.6
1181060 1902.7
1181070 1902.7
1181080 1907.9
1181090 1915.2
1181100 1915.2
1181110 1922.4
1181120 1930.7
1181130 1930.7
1181140 1940.1
1181150 1952.0
1181160 1952.0
1181170 1962.1
1181180 1970.9
1181190 1970.9
1181200 1979.3
1181210 1988.2
1181220 1988.2
1181230 1996.1
1181240 1999.6
1181250 1998.9
1181260 1998.9
1181270 1996.8
1181280 1993.5
1181290 1993.5
1181300 1992.3
1181310 1992.0
1181320 1992.0
1181330 1989.3
1181340 1991.3
1181350 1991.3
1181360 1998.7
1181370 2006.6
1181380 2006.6
1181390 2015.4
1181400 2024.9
1181410 2024.9
1181420 2033.2
1181430 2038.6
1181440 2038.6
1181450 2043.1
1181460 2049.3
1181470 2049.3
1181480 2055.3
1181490 2060.8
1181500 2060.8
1181510 2059.6
1181520 2062.3
1181530 2062.3
1181540 2064.0
1181550 2066.9
1181560 2077.4
1181570 2077.4
1181580 2088.7
1181590 2098.0
1181600 2098.0
1181610 2107.4
1181620 2124.9
1181630 2124.9
1181640 2134.2
1181650 2136.7
1181660 2136.7
1181670 2132.6
1181680 2125.1
1181690 2125.1
1181700 2123.6
1181710 2128.4
1181720 2128.4
1181730 2139.9
1181740 2140.6
1181750 2140.6
1181760 2140.7
1181770 2143.4
1181780 2143.4
1181790 2146.3
1181800 2144.2
1181810 2144.2
1181820 2141.3
1181830 2141.9
1181840 2141.9
1181850 2144.8
1181860 2146.8
1181870 2147.6
1181880 2147.6
1181890 2141.3
1181900 2131.0
1181910 2131.0
1181920 2123.5
1181930 2115.4
1181940 2115.4
1181950 2089.3
1181960 2100.2
1181970 2100.2
1181980 2112.4
1181990 2122.4
1182000 2122.4
1182010 2130.9
1182020 2136.5
1182030 2136.5
1182040 2117.3
1182050 2090.2
1182060 2090.2
1182070 2069.5
1182080 2053.7
1182090 2053.7
1182100 2044.6
1182110 2033.3
1182120 2033.3
1182130 2012.6
1182140 1995.9
1182150 1995.9
1182160 1990.4
1182170 1975.3
1182180 1948.3
1182190 1948.3
1182200 1940.7
1182210 1937.0
1182220 1937.0
1182230 1932.8
1182240 1927.5
1182250 1927.5
1182260 1921.1
1182270 1914.8
1182280 1914.8
1182290 1907.9
1182300 1900.6
1182310 1900.6
1182320 1893.4
1182330 1887.2
1182340 1887.2
1182350 1882.8
1182360 1882.5
1182370 1882.5
1182380 1875.4
1182390 1868.3
1182400 1868.3
1182410 1862.5
1182420 1857.3
1182430 1857.3
1182440 1853.1
1182450 1850.6
1182460 1850.6
1182470 1848.2
1182480 1845.1
1182490 1841.3
1182500 1841.3
1182510 1838.0
1182520 1835.0
1182530 1835.0
1182540 1828.7
1182550 1823.4
1182560 1823.4
1182570 1817.4
1182580 1813.8
1182590 1813.8
1182600 1813.2
1182610 1814.1
1182620 1814.1
1182630 1814.0
1182640 1813.2
1182650 1813.2
1182660 1811.7
1182670 1811.3
1182680 1811.3
1182690 1809.2
1182700 1805.6
1182710 1805.6
1182720 1800.7
1182730 1796.1
1182740 1796.1
1182750 1793.4
1182760 1790.8
1182770 1790.8
1182780 1794.8
1182790 1792.9
1182800 1790.3
1182810 1790.3
1182820 1789.0
1182830 1787.9
1182840 1787.9
1182850 1788.5
1182860 1793.6
1182870 1793.6
1182880 1806.2
1182890 1815.7
1182900 1815.7
1182910 1820.1
1182920 1821.7
1182930 1821.7
1182940 1820.5
1182950 1822.1
1182960 1822.1
1182970 1820.4
1182980 1817.3
1182990 1817.3
1183000 1812.4
1183010 1807.8
1183020 1807.8
1183030 1803.5
1183040 1798.5
1183050 1798.5
1183060 1791.9
1183070 1785.6
1183080 1785.6
1183090 1778.6
1183100 1769.4
1183110 1754.4
1183120 1754.4
1183130 1743.7
1183140 1737.1
1183150 1737.1
1183160 1730.1
1183170 1725.1
1183180 1725.1
1183190 1723.4
1183200 1725.6
1183210 1725.6
1183220 1719.9
1183230 1714.2
1183240 1714.2
1183250 1707.8
1183260 1701.3
1183270 1701.3
1183280 1696.7
1183290 1690.5
1183300 1690.5
1183310 1685.5
1183320 1683.6
1183330 1683.6
1183340 1681.9
1183350 1679.4
1183360 1679.4
1183370 1676.8
1183380 1674.5
1183390 1673.6
1183400 1673.6
1183410 1673.7
1183420 1674.2
1183430 1674.2
1183440 1676.2
1183450 1676.2
1183460 1676.2
1183470 1672.8
1183480 1669.3
1183490 1669.3
1183500 1665.4
1183510 1663.7
1183520 1663.7
1183530 1664.0
1183540 1662.9
1183550 1662.9
1183560 1659.6
1183570 1657.6
1183580 1657.6
1183590 1655.4
1183600 1654.3
1183610 1654.3
1183620 1655.5
1183630 1661.0
1183640 1661.0
1183650 1663.6
1183660 1666.3
1183670 1666.3
1183680 1668.7
1183690 1670.3
1183700 1672.5
1183710 1672.5
1183720 1675.6
1183730 1678.7
1183740 1678.7
1183750 1681.7
1183760 1685.4
1183770 1685.4
1183780 1689.3
1183790 1693.2
1183800 1693.2
1183810 1695.7
1183820 1697.9
1183830 1697.9
1183840 1702.8
1183850 1708.9
1183860 1708.9
1183870 1716.1
1183880 1725.2
1183890 1725.2
1183900 1733.5
1183910 1742.7
1183920 1742.7
1183930 1753.8
1183940 1768.1
1183950 1768.1
1183960 1778.0
1183970 1787.1
1183980 1787.1
1183990 1796.0
1184000 1804.0
1184010 1811.8
1184020 1811.8
1184030 1821.6
1184040 1832.5
1184050 1835.4
1184060 1842.5
1184070 1849.7
1184080 1849.7
1184090 1856.6
1184100 1861.6
1184110 1861.6
1184120 1865.9
1184130 1871.8
1184140 1871.8
1184150 1884.5
1184160 1900.8
1184170 1900.8
1184180 1910.3
1184190 1917.1
1184200 1917.1
1184210 1929.4
1184220 1948.8
1184230 1948.8
1184240 1961.7
1184250 1980.2
1184260 1980.2
1184270 1993.9
1184280 2000.8
1184290 2000.8
1184300 2006.2
1184310 2010.8
1184320 2016.5
1184330 2016.5
1184340 2019.9
1184350 2018.9
1184360 2018.9
1184370 2020.2
1184380 2026.2
1184390 2026.2
1184400 2028.0
1184410 2029.7
1184420 2029.7
1184430 2031.3
1184440 2031.3
1184450 2031.3
1184460 2024.8
1184470 2031.4
1184480 2039.3
1184490 2043.5
1184500 2052.8
1184510 2052.8
1184520 2060.8
1184530 2069.1
1184540 2069.1
1184550 2076.2
1184560 2083.2
1184570 2083.2
1184580 2090.1
1184590 2088.7
1184600 2088.7
1184610 2071.9
1184620 2051.2
1184630 2009.6
1184640 2009.6
1184650 1975.4
1184660 1962.7
1184670 1962.7
1184680 1944.6
1184690 1924.1
1184700 1924.1
1184710 1916.6
1184720 1911.7
1184730 1911.7
1184740 1906.7
1184750 1902.0
1184760 1902.0
1184770 1898.5
1184780 1894.3
1184790 1894.3
1184800 1887.1
1184810 1880.2
1184820 1880.2
1184830 1872.2
1184840 1863.1
1184850 1863.1
1184860 1853.9
1184870 1845.3
1184880 1845.3
1184890 1832.4
1184900 1820.4
1184910 1820.4
1184920 1811.5
1184930 1810.2
1184940 1806.9
1184950 1806.9
1184960 1798.6
1184970 1788.2
1184980 1788.2
1184990 1777.8
1185000 1766.2
1185010 1766.2
1185020 1755.9
1185030 1749.1
1185040 1749.1
1185050 1755.7
1185060 1752.3
1185070 1752.3
1185080 1743.6
1185090 1734.1
1185100 1734.1
1185110 1725.7
1185120 1717.2
1185130 1717.2
1185140 1708.0
1185150 1695.5
1185160 1695.5
1185170 1675.6
1185180 1664.3
1185190 1664.3
1185200 1659.7
1185210 1660.6
1185220 1660.6
1185230 1659.6
1185240 1649.5
1185250 1639.3
1185260 1639.3
1185270 1626.9
1185280 1610.9
1185290 1610.9
1185300 1597.9
1185310 1588.7
1185320 1588.7
1185330 1583.7
1185340 1575.6
1185350 1575.6
1185360 1567.4
1185370 1559.4
1185380 1559.4
1185390 1551.4
1185400 1545.8
1185410 1545.8
1185420 1540.8
1185430 1535.5
1185440 1535.5
1185450 1529.8
1185460 1524.9
1185470 1524.9
1185480 1519.9
1185490 1515.3
1185500 1515.3
1185510 1510.5
1185520 1506.2
1185530 1501.8
1185540 1501.8
1185550 1497.2
1185560 1492.1
1185570 1492.1
1185580 1486.8
1185590 1481.8
1185600 1481.8
1185610 1476.5
1185620 1471.0
1185630 1471.0
1185640 1465.7
1185650 1460.4
1185660 1460.4
1185670 1454.8
1185680 1449.1
1185690 1449.1
1185700 1443.5
1185710 1438.1
1185720 1438.1
1185730 1432.4
1185740 1426.6
1185750 1426.8
1185760 1421.3
1185770 1415.8
1185780 1415.8
1185790 1408.6
1185800 1400.2
1185810 1400.2
1185820 1397.0
1185830 1402.6
1185840 1403.3
1185850 1403.3
1185860 1404.2
1185870 1406.6
1185880 1406.6
1185890 1409.9
1185900 1408.7
1185910 1408.7
1185920 1403.0
1185930 1400.8
1185940 1400.8
1185950 1401.9
1185960 1400.3
1185970 1400.3
1185980 1400.2
1185990 1401.4
1186000 1401.4
1186010 1405.2
1186020 1411.0
1186030 1411.0
1186040 1416.7
1186050 1422.0
1186060 1422.0
1186070 1427.4
1186080 1432.9
1186090 1432.9
1186100 1438.0
1186110 1444.7
1186120 1444.7
1186130 1452.8
1186140 1461.7
1186150 1469.8
1186160 1469.8
1186170 1477.1
1186180 1486.8
1186190 1486.8
1186200 1493.7
1186210 1500.5
1186220 1500.5
1186230 1504.9
1186240 1495.4
1186250 1495.4
1186260 1493.8
1186270 1504.7
1186280 1504.7
1186290 1515.4
1186300 1523.0
1186310 1523.0
1186320 1526.8
1186330 1529.2
1186340 1529.2
1186350 1539.9
1186360 1548.2
1186370 1548.2
1186380 1554.2
1186390 1562.0
1186400 1562.0
1186410 1573.6
1186420 1584.8
1186430 1584.8
1186440 1596.4
1186450 1594.6
1186460 1597.5
1186470 1597.5
1186480 1599.3
1186490 1597.7
1186500 1597.7
1186510 1594.8
1186520 1597.5
1186530 1597.5
1186540 1606.7
1186550 1615.3
1186560 1615.3
1186570 1621.5
1186580 1628.6
1186590 1628.6
1186600 1632.1
1186610 1638.5
1186620 1638.5
1186630 1640.7
1186640 1642.6
1186650 1642.6
1186660 1645.7
1186670 1647.9
1186680 1647.9
1186690 1647.4
1186700 1647.1
1186710 1647.1
1186720 1647.9
1186730 1647.6
1186740 1647.6
1186750 1649.8
1186760 1650.7
1186770 1646.2
1186780 1646.2
1186790 1647.7
1186800 1661.3
1186810 1661.3
1186820 1669.1
1186830 1672.9
1186840 1672.9
1186850 1680.9
1186860 1690.6
1186870 1690.6
1186880 1698.5
1186890 1706.1
1186900 1706.1
1186910 1715.1
1186920 1723.8
1186930 1723.8
1186940 1730.3
1186950 1736.3
1186960 1736.3
1186970 1736.1
1186980 1731.5
1186990 1731.5
1187000 1740.7
1187010 1752.3
1187020 1752.3
1187030 1763.2
1187040 1777.0
1187050 1777.0
1187060 1786.5
1187070 1793.5
1187080 1799.0
1187090 1799.0
1187100 1804.7
1187110 1811.5
1187120 1811.5
1187130 1819.4
1187140 1827.7
1187150 1827.7
1187160 1835.6
1187170 1843.3
1187180 1843.3
1187190 1851.8
1187200 1859.8
1187210 1859.8
1187220 1868.2
1187230 1876.0
1187240 1876.0
1187250 1885.0
1187260 1894.7
1187270 1894.7
1187280 1901.2
1187290 1894.2
1187300 1894.2
1187310 1876.9
1187320 1864.2
1187330 1864.2
1187340 1854.4
1187350 1845.9
1187360 1837.4
1187370 1837.4
1187380 1828.8
1187390 1821.2
1187400 1821.2
1187410 1814.5
1187420 1809.7
1187430 1809.7
1187440 1804.8
1187450 1799.7
1187460 1799.7
1187470 1797.3
1187480 1794.9
1187490 1794.9
1187500 1794.3
1187510 1794.6
1187520 1794.6
1187530 1794.9
1187540 1796.3
1187550 1796.3
1187560 1797.4
1187570 1798.4
1187580 1798.4
1187590 1799.0
1187600 1800.3
1187610 1800.3
1187620 1802.5
1187630 1805.4
1187640 1805.4
1187650 1811.1
1187660 1818.4
1187670 1824.4
1187680 1824.4
1187690 1831.0
1187700 1843.0
1187710 1843.0
1187720 1852.2
1187730 1860.9
1187740 1860.9
1187750 1869.9
1187760 1880.7
1187770 1880.7
1187780 1888.8
1187790 1896.8
1187800 1896.8
1187810 1905.0
1187820 1911.5
1187830 1911.5
1187840 1918.6
1187850 1924.1
1187860 1924.1
1187870 1928.1
1187880 1933.3
1187890 1933.3
1187900 1943.1
1187910 1949.7
1187920 1949.7
1187930 1956.5
1187940 1963.2
1187950 1963.2
1187960 1970.0
1187970 1976.4
1187980 1982.6
1187990 1982.6
1188000 1988.8
1188010 1995.0
1188020 1995.0
1188030 2001.0
1188040 2006.3
1188050 2006.3
1188060 2011.6
1188070 2017.3
1188080 2017.3
1188090 2023.3
1188100 2029.4
1188110 2029.4
1188120 2035.6
1188130 2041.5
1188140 2041.5
1188150 2046.3
1188160 2049.7
1188170 2049.7
1188180 2052.8
1188190 2055.7
1188200 2055.7
1188210 2058.3
1188220 2060.5
1188230 2060.5
1188240 2064.4
1188250 2067.2
1188260 2067.2
1188270 2066.3
1188280 2062.3
1188290 2057.8
1188300 2057.8
1188310 2053.0
1188320 2048.6
1188330 2047.7
1188340 2043.6
1188350 2039.4
1188360 2039.4
1188370 2034.7
1188380 2029.8
1188390 2029.8
1188400 2024.4
1188410 2018.5
1188420 2018.5
1188430 2011.3
1188440 2002.1
1188450 2002.1
1188460 1994.9
1188470 1990.9
1188480 1990.9
1188490 1987.5
1188500 1984.9
1188510 1984.9
1188520 1979.7
1188530 1972.3
1188540 1972.3
1188550 1966.3
1188560 1958.5
1188570 1958.5
1188580 1951.6
1188590 1945.8
1188600 1938.6
1188610 1938.6
1188620 1931.4
1188630 1928.8
1188640 1928.8
1188650 1926.4
1188660 1924.8
1188670 1924.8
1188680 1923.5
1188690 1922.2
1188700 1922.2
1188710 1918.2
1188720 1912.2
1188730 1912.2
1188740 1907.2
1188750 1904.2
1188760 1898.1
1188770 1897.3
1188780 1895.1
1188790 1895.1
1188800 1891.0
1188810 1885.9
1188820 1885.9
1188830 1880.9
1188840 1877.6
1188850 1877.6
1188860 1875.1
1188870 1872.3
1188880 1872.3
1188890 1868.9
1188900 1864.7
1188910 1860.6
1188920 1860.6
1188930 1857.3
1188940 1852.8
1188950 1852.8
1188960 1849.6
1188970 1849.4
1188980 1849.4
1188990 1847.5
1189000 1842.9
1189010 1842.9
1189020 1838.6
1189030 1838.1
1189040 1838.1
1189050 1840.7
1189060 1843.7
1189070 1843.7
1189080 1845.7
1189090 1847.0
1189100 1847.0
1189110 1847.4
1189120 1846.1
1189130 1846.1
1189140 1845.0
1189150 1845.4
1189160 1845.4
1189170 1846.3
1189180 1846.8
1189190 1841.7
1189200 1840.8
1189210 1839.6
1189220 1838.2
1189230 1838.2
1189240 1835.9
1189250 1831.1
1189260 1831.1
1189270 1824.9
1189280 1818.4
1189290 1818.4
1189300 1811.6
1189310 1804.9
1189320 1804.9
1189330 1798.4
1189340 1791.8
1189350 1791.8
1189360 1785.2
1189370 1780.2
1189380 1780.2
1189390 1777.7
1189400 1777.8
1189410 1777.8
1189420 1778.0
1189430 1777.6
1189440 1777.6
1189450 1776.0
1189460 1774.1
1189470 1774.1
1189480 1771.6
1189490 1767.9
1189500 1764.2
1189510 1764.2
1189520 1759.4
1189530 1754.2
1189540 1754.2
1189550 1748.1
1189560 1741.0
1189570 1741.0
1189580 1734.8
1189590 1731.4
1189600 1731.4
1189610 1729.6
1189620 1721.7
1189630 1721.7
1189640 1718.4
1189650 1716.0
1189660 1716.0
1189670 1715.1
1189680 1712.9
1189690 1712.9
1189700 1710.6
1189710 1708.3
1189720 1708.3
1189730 1705.7
1189740 1703.5
1189750 1703.5
1189760 1701.0
1189770 1698.0
1189780 1698.0
1189790 1694.9
1189800 1691.6
1189810 1688.1
1189820 1688.1
1189830 1684.6
1189840 1681.1
1189850 1681.1
1189860 1677.4
1189870 1673.5
1189880 1673.5
1189890 1669.4
1189900 1665.4
1189910 1665.4
1189920 1661.5
1189930 1656.6
1189940 1656.6
1189950 1651.5
1189960 1649.1
1189970 1649.1
1189980 1648.1
1189990 1645.7
1190000 1645.7
1190010 1642.9
1190020 1640.5
1190030 1640.5
1190040 1638.2
1190050 1630.6
1190060 1630.6
1190070 1627.8
1190080 1625.4
1190090 1625.4
1190100 1622.2
1190110 1617.6
1190120 1613.3
1190130 1613.3
1190140 1610.6
1190150 1608.9
1190160 1608.9
1190170 1607.6
1190180 1606.0
1190190 1606.0
1190200 1604.2
1190210 1602.5
1190220 1602.5
1190230 1600.2
1190240 1596.8
1190250 1596.8
1190260 1592.3
1190270 1587.4
1190280 1587.4
1190290 1583.4
1190300 1580.7
1190310 1580.7
1190320 1578.0
1190330 1577.2
1190340 1577.2
1190350 1577.6
1190360 1577.8
1190370 1577.8
1190380 1576.9
1190390 1574.0
1190400 1574.0
1190410 1570.5
1190420 1566.6
1190430 1562.4
1190440 1562.4
1190450 1557.9
1190460 1553.3
1190470 1553.3
1190480 1548.9
1190490 1543.1
1190500 1543.1
1190510 1538.6
1190520 1533.9
1190530 1533.9
1190540 1529.4
1190550 1524.9
1190560 1524.9
1190570 1520.1
1190580 1514.7
1190590 1514.7
1190600 1508.5
1190610 1502.2
1190620 1502.2
1190630 1496.0
1190640 1489.4
1190650 1489.4
1190660 1481.9
1190670 1475.1
1190680 1475.1
1190690 1466.9
1190700 1459.1
1190710 1459.1
1190720 1456.0
1190730 1456.3
1190740 1456.3
1190750 1456.3
1190760 1456.7
1190770 1454.0
1190780 1454.0
1190790 1449.2
1190800 1446.2
1190810 1446.2
1190820 1443.5
1190830 1440.3
1190840 1440.3
1190850 1435.2
1190860 1430.1
1190870 1430.1
1190880 1425.1
1190890 1421.2
1190900 1421.2
1190910 1417.6
1190920 1412.3
1190930 1412.3
1190940 1410.0
1190950 1407.6
1190960 1407.6
1190970 1406.0
1190980 1404.3
1190990 1404.3
1191000 1401.9
1191010 1400.0
1191020 1400.0
1191030 1396.7
1191040 1393.7
1191050 1391.6
1191060 1391.6
1191070 1390.0
1191080 1388.8
1191090 1388.8
1191100 1388.1
1191110 1387.5
1191120 1387.5
1191130 1387.0
1191140 1386.4
1191150 1386.4
1191160 1385.6
1191170 1384.6
1191180 1384.6
1191190 1383.0
1191200 1381.3
1191210 1381.3
1191220 1379.8
1191230 1377.9
1191240 1377.9
1191250 1375.4
1191260 1372.7
1191270 1372.7
1191280 1369.7
1191290 1366.6
1191300 1366.6
1191310 1363.5
1191320 1360.5
1191330 1357.7
1191340 1357.7
1191350 1354.3
1191360 1348.4
1191370 1348.4
1191380 1345.4
1191390 1342.7
1191400 1342.7
1191410 1340.0
1191420 1337.9
1191430 1337.9
1191440 1336.4
1191450 1335.3
1191460 1335.3
1191470 1333.8
1191480 1330.9
1191490 1330.9
1191500 1328.7
1191510 1326.5
1191520 1326.5
1191530 1324.6
1191540 1322.6
1191550 1322.6
1191560 1320.5
1191570 1318.7
1191580 1318.7
1191590 1317.2
1191600 1315.9
1191610 1315.9
1191620 1314.4
1191630 1312.7
1191640 1310.7
1191650 1310.7
1191660 1307.6
1191670 1304.9
1191680 1304.9
1191690 1300.6
1191700 1295.3
1191710 1295.3
1191720 1290.6
1191730 1286.1
1191740 1286.1
1191750 1282.0
1191760 1276.1
1191770 1276.1
1191780 1270.3
1191790 1266.3
1191800 1266.3
1191810 1259.7
1191820 1257.1
1191830 1257.1
1191840 1254.8
1191850 1252.0
1191860 1252.0
1191870 1249.4
1191880 1245.9
1191890 1245.9
1191900 1244.3
1191910 1241.6
1191920 1241.6
1191930 1237.9
1191940 1234.5
1191950 1232.8
1191960 1232.8
1191970 1234.8
1191980 1240.4
1191990 1240.4
1192000 1249.1
1192010 1256.7
1192020 1256.7
1192030 1257.4
1192040 1251.9
1192050 1251.9
1192060 1246.7
1192070 1241.3
1192080 1241.3
1192090 1237.0
1192100 1233.7
1192110 1233.7
1192120 1232.4
1192130 1235.7
1192140 1235.7
1192150 1238.9
1192160 1244.2
1192170 1244.2
1192180 1249.0
1192190 1255.4
1192200 1255.4
1192210 1262.3
1192220 1268.8
1192230 1274.0
1192240 1278.6
1192250 1280.5
1192260 1281.3
1192270 1281.3
1192280 1282.1
1192290 1282.9
1192300 1282.9
1192310 1283.7
1192320 1284.2
1192330 1284.2
1192340 1283.8
1192350 1283.6
1192360 1283.6
1192370 1283.9
1192380 1284.1
1192390 1284.1
1192400 1283.9
1192410 1282.7
1192420 1282.7
1192430 1280.5
1192440 1277.0
1192450 1277.0
1192460 1273.1
1192470 1270.6
1192480 1270.6
1192490 1266.5
1192500 1260.3
1192510 1260.3
1192520 1253.6
1192530 1246.9
1192540 1246.9
1192550 1240.0
1192560 1233.1
1192570 1226.4
1192580 1226.4
1192590 1218.9
1192600 1209.3
1192610 1209.3
1192620 1199.9
1192630 1192.0
1192640 1192.0
1192650 1184.3
1192660 1175.2
1192670 1178.0
1192680 1170.0
1192690 1169.2
1192700 1169.2
1192710 1174.3
1192720 1184.3
1192730 1184.3
1192740 1192.7
1192750 1201.9
1192760 1201.9
1192770 1207.2
1192780 1210.4
1192790 1210.4
1192800 1211.5
1192810 1211.7
1192820 1211.7
1192830 1211.8
1192840 1212.1
1192850 1212.1
1192860 1211.6
1192870 1212.4
1192880 1214.8
1192890 1214.8
1192900 1217.7
1192910 1221.0
1192920 1221.0
1192930 1222.8
1192940 1224.1
1192950 1224.1
1192960 1225.7
1192970 1228.8
1192980 1228.8
1192990 1233.1
1193000 1237.2
1193010 1237.2
1193020 1240.6
1193030 1243.5
1193040 1243.5
1193050 1247.2
1193060 1250.9
1193070 1250.9
1193080 1254.3
1193090 1258.2
1193100 1258.1
1193110 1261.1
1193120 1262.6
1193130 1262.6
1193140 1265.8
1193150 1269.6
1193160 1273.5
1193170 1273.5
1193180 1277.0
1193190 1280.5
1193200 1280.5
1193210 1283.8
1193220 1287.7
1193230 1287.7
1193240 1292.1
1193250 1296.3
1193260 1296.3
1193270 1300.6
1193280 1305.5
1193290 1305.5
1193300 1310.3
1193310 1314.1
1193320 1314.1
1193330 1317.8
1193340 1322.1
1193350 1322.1
1193360 1326.7
1193370 1331.7
1193380 1331.7
1193390 1336.6
1193400 1342.0
1193410 1342.0
1193420 1347.2
1193430 1350.4
1193440 1350.4
1193450 1353.4
1193460 1356.5
1193470 1359.6
1193480 1359.6
1193490 1362.5
1193500 1365.3
1193510 1365.3
1193520 1367.1
1193530 1368.8
1193540 1368.1
1193550 1369.2
1193560 1370.9
1193570 1370.9
1193580 1373.7
1193590 1376.6
1193600 1376.6
1193610 1380.3
1193620 1384.2
1193630 1384.2
1193640 1388.0
1193650 1390.9
1193660 1390.9
1193670 1391.7
1193680 1391.9
1193690 1391.9
1193700 1393.1
1193710 1394.3
1193720 1394.3
1193730 1394.2
1193740 1394.4
1193750 1394.4
1193760 1391.9
1193770 1388.3
1193780 1391.9
1193790 1391.9
1193800 1403.0
1193810 1412.0
1193820 1412.0
1193830 1417.8
1193840 1420.7
1193850 1420.7
1193860 1422.5
1193870 1425.4
1193880 1425.4
1193890 1429.2
1193900 1434.2
1193910 1434.2
1193920 1439.8
1193930 1446.1
1193940 1446.1
1193950 1452.2
1193960 1457.8
1193970 1457.8
1193980 1464.0
1193990 1469.9
1194000 1469.9
1194010 1476.0
1194020 1482.2
1194030 1482.2
1194040 1488.5
1194050 1494.9
1194060 1494.9
1194070 1501.7
1194080 1508.3
1194090 1515.6
1194100 1515.6
1194110 1523.2
1194120 1530.8
1194130 1530.8
1194140 1537.8
1194150 1545.1
1194160 1545.1
1194170 1553.1
1194180 1561.6
1194190 1561.6
1194200 1571.1
1194210 1581.1
1194220 1581.1
1194230 1590.1
1194240 1596.9
1194250 1596.9
1194260 1603.0
1194270 1609.0
1194280 1609.0
1194290 1614.9
1194300 1620.0
1194310 1620.0
1194320 1624.5
1194330 1629.2
1194340 1629.2
1194350 1633.9
1194360 1637.7
1194370 1637.7
1194380 1641.0
1194390 1645.1
1194400 1649.7
1194410 1649.7
1194420 1650.0
1194430 1653.0
1194440 1653.0
1194450 1655.3
1194460 1657.2
1194470 1657.2
1194480 1658.3
1194490 1657.0
1194500 1657.0
1194510 1653.1
1194520 1650.0
1194530 1650.0
1194540 1646.1
1194550 1642.2
1194560 1642.2
1194570 1639.5
1194580 1638.2
1194590 1638.2
1194600 1639.8
1194610 1643.0
1194620 1643.0
1194630 1646.3
1194640 1648.6
1194650 1648.6
1194660 1648.8
1194670 1648.2
1194680 1648.2
1194690 1647.1
1194700 1646.2
1194710 1646.9
1194720 1646.9
1194730 1650.3
1194740 1654.7
1194750 1654.7
1194760 1658.7
1194770 1662.8
1194780 1662.8
1194790 1667.0
1194800 1671.0
1194810 1671.0
1194820 1675.3
1194830 1680.2
1194840 1680.2
1194850 1685.2
1194860 1687.5
1194870 1687.5
1194880 1692.8
1194890 1697.8
1194900 1697.8
1194910 1702.8
1194920 1706.7
1194930 1706.7
1194940 1708.5
1194950 1708.6
1194960 1708.6
1194970 1707.5
1194980 1706.3
1194990 1705.3
1195000 1705.3
1195010 1703.8
1195020 1701.9
1195030 1701.9
1195040 1699.7
1195050 1698.1
1195060 1698.1
1195070 1700.4
1195080 1707.6
1195090 1707.6
1195100 1714.5
1195110 1721.0
1195120 1721.0
1195130 1727.5
1195140 1734.7
1195150 1734.7
1195160 1742.0
1195170 1749.6
1195180 1749.6
1195190 1757.1
1195200 1764.9
1195210 1764.9
1195220 1773.3
1195230 1781.1
1195240 1781.1
1195250 1787.3
1195260 1791.1
1195270 1791.1
1195280 1792.4
1195290 1792.7
1195300 1786.0
1195310 1786.0
1195320 1787.3
1195330 1789.1
1195340 1789.1
1195350 1788.8
1195360 1792.1
1195370 1792.1
1195380 1798.7
1195390 1805.0
1195400 1805.0
1195410 1811.1
1195420 1817.2
1195430 1817.2
1195440 1822.8
1195450 1827.8
1195460 1827.8
1195470 1831.2
1195480 1832.6
1195490 1832.6
1195500 1833.1
1195510 1834.5
1195520 1834.5
1195530 1840.6
1195540 1842.8
1195550 1842.8
1195560 1845.4
1195570 1851.3
1195580 1851.3
1195590 1856.3
1195600 1860.4
1195610 1864.2
1195620 1864.2
1195630 1867.5
1195640 1870.6
1195650 1870.6
1195660 1874.3
1195670 1878.2
1195680 1878.2
1195690 1881.8
1195700 1885.8
1195710 1885.8
1195720 1890.0
1195730 1894.7
1195740 1889.5
1195750 1896.0
1195760 1903.6
1195770 1903.6
1195780 1911.6
1195790 1919.7
1195800 1919.7
1195810 1927.7
1195820 1935.6
1195830 1935.6
1195840 1944.0
1195850 1952.2
1195860 1952.2
1195870 1960.4
1195880 1968.9
1195890 1968.9
1195900 1977.0
1195910 1984.7
1195920 1992.1
1195930 1992.1
1195940 1998.8
1195950 2004.7
1195960 2004.7
1195970 2009.5
1195980 2011.6
1195990 2011.6
1196000 2006.9
1196010 2000.6
1196020 2000.6
1196030 1995.1
1196040 1989.3
1196050 1989.3
1196060 1981.9
1196070 1973.6
1196080 1973.6
1196090 1964.8
1196100 1956.1
1196110 1956.1
1196120 1948.0
1196130 1940.6
1196140 1940.6
1196150 1933.5
1196160 1925.8
1196170 1925.8
1196180 1914.6
1196190 1907.4
1196200 1907.4
1196210 1900.1
1196220 1893.3
1196230 1887.2
1196240 1887.2
1196250 1880.7
1196260 1873.8
1196270 1873.8
1196280 1867.0
1196290 1860.7
1196300 1860.7
1196310 1854.7
1196320 1848.9
1196330 1848.9
1196340 1842.5
1196350 1836.7
1196360 1836.7
1196370 1831.5
1196380 1826.6
1196390 1826.6
1196400 1823.1
1196410 1818.2
1196420 1818.2
1196430 1811.6
1196440 1804.0
1196450 1804.0
1196460 1797.4
1196470 1791.3
1196480 1791.3
1196490 1784.9
1196500 1778.6
1196510 1778.6
1196520 1772.1
1196530 1764.6
1196540 1757.3
1196550 1757.3
1196560 1750.2
1196570 1743.4
1196580 1743.4
1196590 1737.1
1196600 1731.0
1196610 1731.0
1196620 1724.0
1196630 1721.2
1196640 1721.2
1196650 1715.5
1196660 1712.4
1196670 1712.4
1196680 1709.5
1196690 1706.8
1196700 1706.8
1196710 1705.3
1196720 1703.8
1196730 1703.8
1196740 1701.6
1196750 1698.6
1196760 1698.6
1196770 1695.2
1196780 1691.7
1196790 1691.7
1196800 1687.7
1196810 1682.3
1196820 1676.6
1196830 1676.6
1196840 1670.8
1196850 1665.0
1196860 1665.0
1196870 1659.2
1196880 1652.9
1196890 1652.9
1196900 1644.7
1196910 1633.9
1196920 1633.9
1196930 1625.7
1196940 1624.7
1196950 1624.7
1196960 1622.9
1196970 1614.4
1196980 1614.4
1196990 1603.2
1197000 1592.5
1197010 1592.5
1197020 1583.2
1197030 1575.8
1197040 1575.8
1197050 1573.0
1197060 1574.7
1197070 1584.2
1197080 1580.9
1197090 1577.2
1197100 1577.2
1197110 1574.2
1197120 1570.1
1197130 1565.9
1197140 1565.9
1197150 1561.1
1197160 1555.1
1197170 1555.1
1197180 1549.1
1197190 1542.4
1197200 1542.4
1197210 1532.5
1197220 1523.1
1197230 1523.1
1197240 1518.2
1197250 1516.5
1197260 1516.5
1197270 1515.3
1197280 1515.7
1197290 1515.7
1197300 1513.9
1197310 1511.6
1197320 1511.6
1197330 1508.5
1197340 1505.0
1197350 1505.0
1197360 1499.0
1197370 1491.5
1197380 1491.5
1197390 1483.0
1197400 1475.4
1197410 1475.4
1197420 1472.1
1197430 1466.5
1197440 1461.6
1197450 1461.6
1197460 1467.6
1197470 1475.1
1197480 1475.1
1197490 1481.9
1197500 1488.4
1197510 1490.1
1197520 1497.5
1197530 1504.1
1197540 1504.1
1197550 1509.4
1197560 1512.6
1197570 1512.6
1197580 1516.2
1197590 1521.7
1197600 1521.7
1197610 1528.1
1197620 1534.9
1197630 1534.9
1197640 1542.0
1197650 1549.0
1197660 1549.0
1197670 1554.4
1197680 1558.1
1197690 1558.1
1197700 1561.2
1197710 1566.9
1197720 1566.9
1197730 1573.3
1197740 1580.2
1197750 1587.4
1197760 1587.4
1197770 1594.6
1197780 1601.9
1197790 1601.9
1197800 1608.8
1197810 1615.2
1197820 1615.2
1197830 1621.4
1197840 1627.7
1197850 1627.7
1197860 1634.1
1197870 1640.7
1197880 1640.7
1197890 1647.5
1197900 1654.6
1197910 1654.6
1197920 1661.6
1197930 1668.6
1197940 1668.6
1197950 1675.1
1197960 1680.7
1197970 1680.7
1197980 1687.7
1197990 1694.3
1198000 1694.3
1198010 1700.9
1198020 1707.6
1198030 1707.6
1198040 1714.0
1198050 1720.0
1198060 1725.9
1198070 1725.9
1198080 1732.5
1198090 1740.5
1198100 1740.5
1198110 1750.4
1198120 1759.4
1198130 1759.4
1198140 1767.1
1198150 1774.7
1198160 1774.7
1198170 1782.3
1198180 1789.7
1198190 1789.7
1198200 1796.9
1198210 1804.0
1198220 1804.0
1198230 1811.0
1198240 1817.9
1198250 1817.9
1198260 1824.7
1198270 1831.5
1198280 1831.5
1198290 1838.5
1198300 1845.3
1198310 1845.3
1198320 1852.3
1198330 1859.2
1198340 1859.2
1198350 1866.0
1198360 1873.2
1198370 1880.6
1198380 1880.6
1198390 1888.0
1198400 1893.8
1198410 1893.8
1198420 1900.9
1198430 1908.4
1198440 1908.4
1198450 1915.7
1198460 1923.3
1198470 1923.3
1198480 1931.1
1198490 1939.1
1198500 1939.1
1198510 1947.4
1198520 1955.8
1198530 1955.8
1198540 1963.8
1198550 1971.5
1198560 1971.5
1198570 1978.9
1198580 1985.8
1198590 1985.8
1198600 1992.3
1198610 1998.5
1198620 1998.5
1198630 2001.2
1198640 1995.9
1198650 1989.7
1198660 1989.7
1198670 1983.9
1198680 1977.2
1198690 1977.2
1198700 1969.9
1198710 1962.0
1198720 1962.0
1198730 1954.8
1198740 1947.7
1198750 1947.7
1198760 1940.8
1198770 1933.5
1198780 1933.5
1198790 1925.7
1198800 1917.9
1198810 1917.9
1198820 1911.4
1198830 1904.9
1198840 1904.9
1198850 1893.7
1198860 1888.2
1198870 1888.2
1198880 1881.9
1198890 1872.8
1198900 1872.8
1198910 1863.7
1198920 1855.4
1198930 1855.4
1198940 1846.7
1198950 1838.0
1198960 1828.7
1198970 1828.7
1198980 1821.5
1198990 1816.8
1199000 1816.8
1199010 1812.0
1199020 1807.0
1199030 1807.0
1199040 1801.6
1199050 1796.0
1199060 1796.0
1199070 1789.8
1199080 1783.7
1199090 1783.7
1199100 1777.8
1199110 1771.9
1199120 1771.9
1199130 1766.0
1199140 1760.4
1199150 1760.4
1199160 1755.0
1199170 1749.2
1199180 1749.2
1199190 1743.8
1199200 1738.4
1199210 1738.4
1199220 1732.9
1199230 1727.5
1199240 1727.5
1199250 1722.1
1199260 1716.7
1199270 1710.8
1199280 1710.8
1199290 1705.3
1199300 1699.3
1199310 1699.3
1199320 1693.2
1199330 1687.6
1199340 1687.6
1199350 1682.1
1199360 1677.1
1199370 1677.1
1199380 1673.8
1199390 1671.6
1199400 1671.6
1199410 1670.6
1199420 1669.6
1199430 1669.6
1199440 1670.9
1199450 1672.7
1199460 1672.7
1199470 1672.0
1199480 1671.1
1199490 1671.1
1199500 1671.2
1199510 1669.6
1199520 1669.6
1199530 1670.9
1199540 1672.0
1199550 1672.0
1199560 1674.5
1199570 1677.4
1199580 1680.2
1199590 1680.2
1199600 1680.5
1199610 1676.9
1199620 1676.9
1199630 1672.4
1199640 1670.9
1199650 1670.9
1199660 1666.5
1199670 1663.1
1199680 1663.1
1199690 1663.4
1199700 1665.7
1199710 1665.7
1199720 1668.4
1199730 1670.7
1199740 1674.8
1199750 1677.6
1199760 1681.7
1199770 1681.7
1199780 1684.3
1199790 1687.1
1199800 1687.1
1199810 1689.7
1199820 1694.0
1199830 1694.0
1199840 1697.5
1199850 1700.6
1199860 1700.6
1199870 1705.0
1199880 1710.1
1199890 1715.6
1199900 1715.6
1199910 1721.7
1199920 1728.6
1199930 1728.6
1199940 1735.6
1199950 1741.7
1199960 1741.7
1199970 1746.9
1199980 1749.5
1199990 1749.5
