1180000 1762.9
1180010 1761.9
1180020 1761.9
1180030 1759.8
1180040 1758.0
1180050 1758.0
1180060 1758.6
1180070 1756.8
1180080 1756.8
1180090 1754.3
1180100 1752.9
1180110 1752.9
1180120 1752.5
1180130 1752.8
1180140 1752.8
1180150 1753.8
1180160 1754.8
1180170 1754.8
1180180 1755.2
1180190 1755.3
1180200 1755.3
1180210 1755.6
1180220 1756.6
1180230 1756.6
1180240 1758.3
1180250 1760.7
1180260 1760.7
1180270 1764.4
1180280 1767.5
1180290 1767.5
1180300 1769.3
1180310 1770.1
1180320 1771.6
1180330 1775.5
1180340 1778.5
1180350 1783.7
1180360 1783.7
1180370 1790.2
1180380 1799.1
1180390 1799.1
1180400 1813.1
1180410 1819.7
1180420 1819.7
1180430 1825.7
1180440 1831.0
1180450 1831.0
1180460 1833.1
1180470 1833.1
1180480 1833.1
1180490 1832.0
1180500 1830.8
1180510 1830.8
1180520 1828.3
1180530 1825.2
1180540 1825.2
1180550 1822.9
1180560 1817.8
1180570 1817.8
1180580 1814.6
1180590 1813.6
1180600 1813.6
1180610 1813.5
1180620 1813.3
1180630 1811.9
1180640 1811.9
1180650 1812.6
1180660 1817.5
1180670 1817.5
1180680 1822.8
1180690 1828.0
1180700 1828.0
1180710 1834.2
1180720 1840.8
1180730 1840.8
1180740 1847.1
1180750 1852.2
1180760 1852.2
1180770 1858.7
1180780 1865.6
1180790 1865.6
1180800 1872.2
1180810 1878.6
1180820 1878.6
1180830 1885.0
1180840 1891.3
1180850 1891.3
1180860 1897.8
1180870 1904.1
1180880 1904.1
1180890 1910.5
1180900 1916.8
1180910 1916.8
1180920 1922.8
1180930 1928.2
1180940 1932.6
1180950 1932.6
1180960 1939.9
1180970 1951.5
1180980 1951.5
1180990 1969.5
1181000 1989.7
1181010 1989.7
1181020 2000.5
1181030 2006.4
1181040 2006.4
1181050 2011.9
1181060 2018.5
1181070 2018.5
1181080 2025.0
1181090 2031.8
1181100 2031.8
1181110 2038.3
1181120 2045.8
1181130 2045.8
1181140 2055.1
1181150 2064.3
1181160 2064.3
1181170 2071.2
1181180 2079.0
1181190 2079.0
1181200 2086.6
1181210 2094.8
1181220 2094.8
1181230 2103.0
1181240 2110.3
1181250 2116.8
1181260 2116.8
1181270 2123.7
1181280 2130.5
1181290 2130.5
1181300 2137.9
1181310 2146.0
1181320 2146.0
1181330 2154.4
1181340 2162.9
1181350 2162.9
1181360 2171.4
1181370 2178.1
1181380 2178.1
1181390 2185.3
1181400 2193.4
1181410 2193.4
1181420 2200.9
1181430 2208.5
1181440 2208.5
1181450 2210.9
1181460 2204.7
1181470 2204.7
1181480 2195.1
1181490 2186.3
1181500 2186.3
1181510 2175.2
1181520 2160.3
1181530 2160.3
1181540 2144.3
1181550 2120.6
1181560 2098.1
1181570 2098.1
1181580 2086.3
1181590 2077.9
1181600 2077.9
1181610 2063.5
1181620 2053.6
1181630 2053.6
1181640 2046.2
1181650 2039.2
1181660 2039.2
1181670 2032.6
1181680 2026.9
1181690 2026.9
1181700 2022.3
1181710 2012.6
1181720 2012.6
1181730 2002.5
1181740 1995.4
1181750 1995.4
1181760 1988.9
1181770 1982.7
1181780 1982.7
1181790 1976.5
1181800 1970.2
1181810 1970.2
1181820 1964.1
1181830 1958.6
1181840 1958.6
1181850 1952.6
1181860 1946.1
1181870 1939.6
1181880 1939.6
1181890 1933.0
1181900 1926.5
1181910 1926.5
1181920 1920.4
1181930 1914.7
1181940 1914.7
1181950 1909.4
1181960 1904.0
1181970 1904.0
1181980 1898.2
1181990 1892.1
1182000 1892.1
1182010 1883.0
1182020 1877.5
1182030 1877.5
1182040 1871.9
1182050 1866.3
1182060 1866.3
1182070 1860.6
1182080 1855.3
1182090 1855.3
1182100 1850.2
1182110 1845.5
1182120 1845.5
1182130 1841.4
1182140 1837.7
1182150 1837.7
1182160 1833.2
1182170 1827.7
1182180 1821.6
1182190 1821.6
1182200 1815.7
1182210 1809.5
1182220 1809.5
1182230 1803.7
1182240 1798.6
1182250 1798.6
1182260 1794.1
1182270 1789.5
1182280 1789.5
1182290 1784.8
1182300 1779.8
1182310 1779.8
1182320 1775.2
1182330 1771.2
1182340 1771.2
1182350 1767.6
1182360 1764.4
1182370 1764.4
1182380 1760.8
1182390 1757.2
1182400 1757.2
1182410 1753.7
1182420 1749.7
1182430 1749.7
1182440 1750.6
1182450 1745.1
1182460 1745.1
1182470 1739.2
1182480 1733.1
1182490 1726.6
1182500 1726.6
1182510 1720.5
1182520 1715.1
1182530 1715.1
1182540 1710.1
1182550 1705.1
1182560 1705.1
1182570 1700.4
1182580 1695.8
1182590 1695.8
1182600 1691.5
1182610 1687.1
1182620 1687.1
1182630 1682.9
1182640 1679.1
1182650 1679.1
1182660 1675.6
1182670 1672.1
1182680 1672.1
1182690 1668.7
1182700 1665.0
1182710 1665.0
1182720 1661.2
1182730 1654.9
1182740 1654.9
1182750 1647.1
1182760 1640.6
1182770 1640.6
1182780 1635.0
1182790 1630.3
1182800 1626.3
1182810 1626.3
1182820 1621.0
1182830 1615.5
1182840 1615.5
1182850 1611.7
1182860 1600.8
1182870 1600.8
1182880 1598.1
1182890 1595.7
1182900 1595.7
1182910 1591.5
1182920 1586.8
1182930 1586.8
1182940 1582.7
1182950 1578.8
1182960 1578.8
1182970 1575.1
1182980 1570.1
1182990 1570.1
1183000 1566.2
1183010 1562.7
1183020 1562.7
1183030 1557.9
1183040 1553.1
1183050 1553.1
1183060 1548.0
1183070 1542.7
1183080 1542.7
1183090 1536.3
1183100 1528.8
1183110 1519.5
1183120 1519.5
1183130 1513.0
1183140 1507.0
1183150 1507.0
1183160 1502.3
1183170 1498.3
1183180 1498.3
1183190 1490.3
1183200 1484.0
1183210 1484.0
1183220 1479.5
1183230 1473.2
1183240 1473.2
1183250 1469.1
1183260 1468.5
1183270 1468.5
1183280 1463.0
1183290 1461.8
1183300 1461.8
1183310 1460.9
1183320 1462.3
1183330 1462.3
1183340 1462.5
1183350 1462.0
1183360 1462.0
1183370 1461.8
1183380 1460.9
1183390 1460.9
1183400 1458.2
1183410 1454.7
1183420 1455.2
1183430 1455.2
1183440 1455.1
1183450 1453.6
1183460 1453.6
1183470 1453.1
1183480 1454.1
1183490 1454.1
1183500 1455.3
1183510 1456.2
1183520 1456.2
1183530 1456.0
1183540 1453.6
1183550 1453.6
1183560 1448.0
1183570 1442.1
1183580 1442.1
1183590 1439.1
1183600 1437.7
1183610 1437.7
1183620 1435.6
1183630 1434.0
1183640 1434.0
1183650 1432.5
1183660 1430.8
1183670 1430.8
1183680 1429.9
1183690 1429.9
1183700 1429.9
1183710 1421.3
1183720 1422.1
1183730 1421.8
1183740 1421.8
1183750 1421.5
1183760 1422.1
1183770 1422.1
1183780 1424.1
1183790 1424.8
1183800 1424.8
1183810 1424.5
1183820 1424.5
1183830 1424.5
1183840 1423.8
1183850 1424.1
1183860 1424.1
1183870 1424.9
1183880 1425.8
1183890 1425.8
1183900 1425.4
1183910 1424.0
1183920 1424.0
1183930 1423.6
1183940 1424.7
1183950 1424.7
1183960 1422.8
1183970 1420.3
1183980 1420.3
1183990 1418.7
1184000 1415.2
1184010 1415.2
1184020 1412.3
1184030 1408.3
1184040 1404.1
1184050 1404.1
1184060 1400.3
1184070 1396.2
1184080 1396.2
1184090 1391.8
1184100 1387.2
1184110 1387.2
1184120 1382.9
1184130 1371.9
1184140 1371.9
1184150 1368.1
1184160 1363.5
1184170 1363.5
1184180 1357.3
1184190 1350.4
1184200 1350.4
1184210 1342.4
1184220 1335.6
1184230 1335.6
1184240 1329.1
1184250 1321.8
1184260 1321.8
1184270 1324.8
1184280 1334.8
1184290 1334.8
1184300 1340.1
1184310 1340.2
1184320 1340.2
1184330 1340.5
1184340 1340.3
1184350 1338.9
1184360 1338.9
1184370 1336.2
1184380 1332.1
1184390 1332.1
1184400 1331.7
1184410 1331.5
1184420 1331.5
1184430 1329.4
1184440 1328.0
1184450 1328.0
1184460 1324.8
1184470 1322.4
1184480 1322.4
1184490 1319.1
1184500 1316.1
1184510 1316.1
1184520 1314.3
1184530 1312.8
1184540 1312.8
1184550 1303.1
1184560 1298.9
1184570 1298.9
1184580 1299.3
1184590 1299.6
1184600 1299.6
1184610 1296.9
1184620 1292.1
1184630 1292.1
1184640 1286.6
1184650 1281.6
1184660 1279.6
1184670 1279.6
1184680 1277.6
1184690 1273.9
1184700 1273.9
1184710 1270.4
1184720 1265.5
1184730 1265.5
1184740 1261.3
1184750 1257.7
1184760 1257.7
1184770 1253.7
1184780 1249.9
1184790 1249.9
1184800 1245.9
1184810 1241.6
1184820 1241.6
1184830 1238.3
1184840 1235.9
1184850 1235.9
1184860 1233.6
1184870 1229.2
1184880 1229.2
1184890 1222.5
1184900 1216.2
1184910 1216.2
1184920 1210.2
1184930 1206.0
1184940 1206.0
1184950 1202.9
1184960 1199.9
1184970 1196.2
1184980 1192.8
1184990 1187.4
1185000 1182.4
1185010 1182.4
1185020 1177.1
1185030 1174.9
1185040 1174.9
1185050 1175.6
1185060 1181.1
1185070 1181.1
1185080 1184.0
1185090 1178.1
1185100 1178.1
1185110 1170.5
1185120 1162.8
1185130 1162.8
1185140 1157.2
1185150 1154.1
1185160 1154.1
1185170 1153.6
1185180 1153.2
1185190 1153.2
1185200 1154.3
1185210 1158.2
1185220 1158.2
1185230 1165.8
1185240 1173.5
1185250 1173.5
1185260 1179.6
1185270 1182.2
1185280 1185.3
1185290 1185.3
1185300 1189.3
1185310 1195.4
1185320 1195.4
1185330 1201.2
1185340 1205.5
1185350 1205.5
1185360 1204.5
1185370 1208.6
1185380 1208.6
1185390 1212.4
1185400 1212.4
1185410 1217.7
1185420 1216.1
1185430 1218.2
1185440 1218.2
1185450 1218.5
1185460 1217.0
1185470 1217.0
1185480 1212.6
1185490 1207.7
1185500 1207.7
1185510 1201.8
1185520 1198.4
1185530 1198.4
1185540 1200.2
1185550 1205.0
1185560 1205.0
1185570 1209.9
1185580 1212.7
1185590 1213.9
1185600 1213.9
1185610 1213.3
1185620 1213.7
1185630 1213.7
1185640 1216.3
1185650 1218.4
1185660 1218.4
1185670 1219.5
1185680 1219.9
1185690 1219.9
1185700 1219.6
1185710 1217.6
1185720 1217.6
1185730 1214.5
1185740 1212.9
1185750 1212.9
1185760 1210.9
1185770 1208.2
1185780 1208.2
1185790 1204.9
1185800 1202.0
1185810 1202.0
1185820 1199.4
1185830 1202.5
1185840 1202.5
1185850 1199.6
1185860 1195.9
1185870 1195.9
1185880 1193.1
1185890 1190.1
1185900 1184.4
1185910 1184.4
1185920 1179.9
1185930 1176.4
1185940 1176.4
1185950 1172.3
1185960 1169.9
1185970 1169.9
1185980 1169.6
1185990 1168.9
1186000 1168.9
1186010 1167.9
1186020 1166.4
1186030 1166.4
1186040 1162.8
1186050 1156.8
1186060 1156.8
1186070 1149.7
1186080 1139.7
1186090 1139.7
1186100 1132.8
1186110 1128.2
1186120 1128.2
1186130 1132.7
1186140 1140.2
1186150 1140.2
1186160 1145.4
1186170 1149.1
1186180 1149.1
1186190 1156.4
1186200 1163.7
1186210 1170.6
1186220 1170.6
1186230 1177.1
1186240 1182.6
1186250 1182.6
1186260 1187.7
1186270 1192.5
1186280 1192.5
1186290 1196.8
1186300 1200.9
1186310 1200.9
1186320 1204.9
1186330 1209.7
1186340 1209.7
1186350 1214.8
1186360 1219.1
1186370 1219.1
1186380 1222.4
1186390 1226.4
1186400 1226.4
1186410 1231.6
1186420 1237.0
1186430 1237.0
1186440 1239.8
1186450 1243.3
1186460 1243.3
1186470 1248.2
1186480 1252.6
1186490 1252.6
1186500 1256.6
1186510 1260.0
1186520 1262.8
1186530 1262.8
1186540 1266.8
1186550 1273.9
1186560 1273.9
1186570 1280.9
1186580 1286.3
1186590 1286.3
1186600 1290.0
1186610 1293.9
1186620 1293.9
1186630 1299.6
1186640 1306.3
1186650 1306.3
1186660 1312.9
1186670 1319.6
1186680 1319.6
1186690 1331.3
1186700 1337.9
1186710 1337.9
1186720 1344.2
1186730 1350.5
1186740 1350.5
1186750 1356.7
1186760 1362.7
1186770 1362.7
1186780 1368.6
1186790 1374.5
1186800 1374.5
1186810 1380.3
1186820 1386.3
1186830 1392.1
1186840 1392.1
1186850 1397.8
1186860 1403.3
1186870 1403.3
1186880 1408.6
1186890 1413.8
1186900 1413.8
1186910 1419.4
1186920 1425.3
1186930 1425.3
1186940 1431.2
1186950 1437.1
1186960 1437.1
1186970 1443.0
1186980 1448.8
1186990 1448.8
1187000 1454.5
1187010 1460.1
1187020 1460.1
1187030 1466.6
1187040 1473.0
1187050 1473.0
1187060 1479.6
1187070 1486.3
1187080 1486.3
1187090 1492.4
1187100 1498.9
1187110 1498.9
1187120 1507.3
1187130 1513.6
1187140 1519.9
1187150 1519.9
1187160 1526.3
1187170 1533.0
1187180 1533.0
1187190 1539.7
1187200 1546.8
1187210 1546.8
1187220 1549.4
1187230 1550.8
1187240 1550.8
1187250 1557.5
1187260 1564.6
1187270 1564.6
1187280 1570.2
1187290 1575.6
1187300 1575.6
1187310 1584.0
1187320 1594.2
1187330 1594.2
1187340 1606.6
1187350 1615.3
1187360 1615.3
1187370 1622.2
1187380 1629.6
1187390 1629.6
1187400 1636.6
1187410 1642.4
1187420 1642.4
1187430 1649.9
1187440 1659.6
1187450 1669.5
1187460 1669.5
1187470 1678.1
1187480 1685.1
1187490 1685.1
1187500 1692.2
1187510 1700.3
1187520 1700.3
1187530 1707.6
1187540 1715.2
1187550 1714.3
1187560 1722.3
1187570 1729.1
1187580 1729.1
1187590 1735.8
1187600 1743.1
1187610 1743.1
1187620 1751.3
1187630 1760.0
1187640 1760.0
1187650 1767.6
1187660 1775.1
1187670 1775.1
1187680 1783.1
1187690 1790.5
1187700 1790.5
1187710 1798.1
1187720 1805.2
1187730 1805.2
1187740 1812.1
1187750 1818.4
1187760 1823.1
1187770 1823.1
1187780 1826.6
1187790 1833.4
1187800 1833.4
1187810 1838.7
1187820 1844.8
1187830 1844.8
1187840 1854.0
1187850 1862.6
1187860 1862.6
1187870 1872.1
1187880 1880.5
1187890 1880.5
1187900 1889.4
1187910 1899.2
1187920 1899.2
1187930 1905.9
1187940 1909.1
1187950 1909.1
1187960 1908.8
1187970 1904.1
1187980 1909.9
1187990 1905.1
1188000 1900.2
1188010 1900.2
1188020 1895.5
1188030 1890.2
1188040 1890.2
1188050 1885.1
1188060 1880.5
1188070 1875.6
1188080 1875.6
1188090 1871.1
1188100 1866.0
1188110 1866.0
1188120 1862.9
1188130 1861.8
1188140 1861.8
1188150 1861.4
1188160 1859.7
1188170 1859.7
1188180 1856.8
1188190 1852.9
1188200 1852.9
1188210 1848.7
1188220 1844.6
1188230 1844.6
1188240 1840.4
1188250 1835.8
1188260 1835.8
1188270 1831.0
1188280 1826.0
1188290 1826.0
1188300 1820.4
1188310 1814.6
1188320 1814.6
1188330 1808.9
1188340 1803.4
1188350 1803.4
1188360 1798.8
1188370 1798.0
1188380 1795.8
1188390 1795.8
1188400 1792.6
1188410 1801.3
1188420 1801.3
1188430 1802.2
1188440 1802.2
1188450 1802.2
1188460 1802.0
1188470 1802.2
1188480 1802.2
1188490 1802.6
1188500 1802.5
1188510 1802.5
1188520 1802.0
1188530 1800.7
1188540 1800.7
1188550 1798.2
1188560 1794.9
1188570 1794.9
1188580 1791.1
1188590 1787.5
1188600 1787.5
1188610 1784.6
1188620 1781.4
1188630 1781.4
1188640 1778.2
1188650 1775.1
1188660 1775.1
1188670 1772.8
1188680 1770.8
1188690 1768.1
1188700 1768.1
1188710 1765.8
1188720 1764.4
1188730 1764.4
1188740 1761.8
1188750 1757.9
1188760 1757.9
1188770 1752.5
1188780 1746.3
1188790 1746.3
1188800 1740.0
1188810 1735.1
1188820 1735.1
1188830 1730.6
1188840 1728.8
1188850 1728.8
1188860 1724.9
1188870 1721.3
1188880 1721.3
1188890 1717.0
1188900 1712.0
1188910 1712.0
1188920 1706.4
1188930 1700.9
1188940 1700.9
1188950 1695.8
1188960 1690.7
1188970 1690.7
1188980 1684.8
1188990 1678.9
1189000 1673.3
1189010 1673.3
1189020 1667.5
1189030 1659.4
1189040 1659.4
1189050 1655.2
1189060 1662.7
1189070 1662.7
1189080 1669.5
1189090 1673.3
1189100 1673.3
1189110 1676.7
1189120 1680.0
1189130 1680.0
1189140 1683.0
1189150 1686.6
1189160 1686.6
1189170 1690.6
1189180 1694.4
1189190 1694.4
1189200 1699.1
1189210 1703.9
1189220 1703.9
1189230 1708.5
1189240 1712.5
1189250 1712.5
1189260 1715.7
1189270 1718.2
1189280 1718.2
1189290 1720.7
1189300 1724.0
1189310 1727.6
1189320 1727.6
1189330 1730.8
1189340 1733.2
1189350 1733.2
1189360 1735.0
1189370 1734.6
1189380 1734.6
1189390 1733.7
1189400 1733.5
1189410 1733.5
1189420 1732.7
1189430 1731.7
1189440 1731.7
1189450 1730.5
1189460 1728.7
1189470 1728.7
1189480 1726.8
1189490 1725.0
1189500 1725.0
1189510 1723.3
1189520 1722.4
1189530 1722.4
1189540 1722.4
1189550 1723.0
1189560 1723.0
1189570 1723.3
1189580 1723.0
1189590 1723.0
1189600 1722.1
1189610 1721.1
1189620 1720.3
1189630 1720.3
1189640 1719.2
1189650 1716.8
1189660 1716.8
1189670 1714.0
1189680 1711.8
1189690 1711.8
1189700 1708.7
1189710 1707.6
1189720 1707.6
1189730 1707.3
1189740 1707.1
1189750 1707.1
1189760 1706.9
1189770 1707.3
1189780 1707.3
1189790 1708.8
1189800 1710.4
1189810 1710.4
1189820 1711.0
1189830 1711.1
1189840 1711.1
1189850 1712.4
1189860 1713.6
1189870 1713.6
1189880 1714.3
1189890 1715.0
1189900 1715.0
1189910 1717.5
1189920 1719.7
1189930 1720.2
1189940 1720.2
1189950 1719.0
1189960 1717.2
1189970 1717.2
1189980 1715.5
1189990 1713.8
1190000 1713.8
1190010 1712.7
1190020 1712.0
1190030 1712.0
1190040 1711.4
1190050 1710.8
1190060 1710.8
1190070 1709.0
1190080 1707.3
1190090 1707.3
1190100 1706.1
1190110 1705.1
1190120 1705.1
1190130 1704.0
1190140 1701.2
1190150 1701.2
1190160 1700.6
1190170 1700.2
1190180 1700.2
1190190 1699.7
1190200 1699.0
1190210 1699.0
1190220 1698.0
1190230 1697.1
1190240 1696.1
1190250 1696.1
1190260 1694.1
1190270 1692.3
1190280 1692.3
1190290 1691.1
1190300 1690.8
1190310 1690.8
1190320 1691.2
1190330 1691.4
1190340 1691.4
1190350 1691.4
1190360 1690.9
1190370 1690.9
1190380 1690.5
1190390 1690.3
1190400 1690.3
1190410 1690.4
1190420 1690.2
1190430 1690.2
1190440 1689.9
1190450 1689.5
1190460 1689.5
1190470 1689.3
1190480 1689.3
1190490 1689.3
1190500 1689.2
1190510 1688.5
1190520 1688.5
1190530 1687.0
1190540 1687.4
1190550 1689.6
1190560 1689.6
1190570 1689.4
1190580 1689.7
1190590 1689.7
1190600 1688.7
1190610 1688.4
1190620 1688.4
1190630 1688.5
1190640 1687.2
1190650 1687.2
1190660 1684.7
1190670 1681.8
1190680 1681.8
1190690 1679.1
1190700 1675.8
1190710 1675.8
1190720 1671.9
1190730 1667.1
1190740 1667.1
1190750 1662.4
1190760 1659.6
1190770 1659.6
1190780 1657.5
1190790 1656.0
1190800 1656.0
1190810 1654.9
1190820 1654.0
1190830 1654.0
1190840 1652.9
1190850 1650.8
1190860 1647.1
1190870 1647.1
1190880 1644.1
1190890 1642.2
1190900 1642.2
1190910 1638.6
1190920 1634.9
1190930 1634.9
1190940 1631.9
1190950 1626.8
1190960 1626.8
1190970 1617.0
1190980 1609.8
1190990 1609.8
1191000 1615.2
1191010 1611.2
1191020 1611.2
1191030 1605.9
1191040 1595.6
1191050 1595.6
1191060 1583.1
1191070 1571.1
1191080 1571.1
1191090 1557.5
1191100 1545.1
1191110 1545.1
1191120 1538.3
1191130 1536.5
1191140 1536.5
1191150 1536.3
1191160 1537.5
1191170 1543.6
1191180 1543.6
1191190 1544.4
1191200 1543.1
1191210 1543.1
1191220 1543.7
1191230 1543.5
1191240 1543.5
1191250 1537.5
1191260 1527.9
1191270 1527.9
1191280 1527.0
1191290 1522.2
1191300 1522.2
1191310 1509.2
1191320 1512.9
1191330 1512.9
1191340 1514.2
1191350 1505.6
1191360 1505.6
1191370 1509.6
1191380 1507.0
1191390 1507.0
1191400 1491.8
1191410 1482.6
1191420 1482.6
1191430 1482.1
1191440 1496.0
1191450 1496.0
1191460 1488.3
1191470 1463.6
1191480 1454.3
1191490 1454.3
1191500 1448.3
1191510 1442.7
1191520 1442.7
1191530 1434.4
1191540 1426.9
1191550 1426.9
1191560 1420.7
1191570 1414.7
1191580 1414.7
1191590 1409.4
1191600 1404.1
1191610 1404.1
1191620 1398.5
1191630 1392.5
1191640 1392.5
1191650 1386.3
1191660 1380.2
1191670 1380.2
1191680 1374.2
1191690 1368.2
1191700 1368.2
1191710 1362.2
1191720 1356.0
1191730 1356.0
1191740 1349.8
1191750 1343.4
1191760 1343.4
1191770 1336.4
1191780 1328.9
1191790 1321.4
1191800 1321.4
1191810 1314.3
1191820 1307.2
1191830 1307.2
1191840 1300.2
1191850 1293.4
1191860 1293.4
1191870 1287.1
1191880 1283.6
1191890 1283.6
1191900 1277.5
1191910 1271.4
1191920 1271.4
1191930 1265.2
1191940 1258.8
1191950 1258.8
1191960 1252.6
1191970 1246.4
1191980 1246.4
1191990 1240.1
1192000 1234.1
1192010 1234.1
1192020 1228.2
1192030 1222.3
1192040 1222.3
1192050 1216.4
1192060 1210.9
1192070 1210.9
1192080 1205.6
1192090 1200.8
1192100 1195.6
1192110 1195.6
1192120 1190.1
1192130 1184.3
1192140 1184.3
1192150 1180.5
1192160 1177.9
1192170 1177.9
1192180 1174.5
1192190 1170.9
1192200 1170.9
1192210 1165.9
1192220 1160.6
1192230 1160.6
1192240 1155.2
1192250 1149.8
1192260 1149.8
1192270 1143.8
1192280 1137.6
1192290 1137.6
1192300 1131.9
1192310 1129.9
1192320 1129.9
1192330 1129.5
1192340 1132.1
1192350 1132.1
1192360 1137.2
1192370 1144.1
1192380 1144.1
1192390 1152.1
1192400 1158.8
1192410 1161.7
1192420 1161.7
1192430 1148.0
1192440 1115.9
1192450 1115.9
1192460 1111.6
1192470 1120.1
1192480 1120.1
1192490 1135.0
1192500 1146.3
1192510 1146.3
1192520 1152.2
1192530 1165.6
1192540 1165.6
1192550 1172.3
1192560 1176.6
1192570 1176.6
1192580 1180.9
1192590 1185.3
1192600 1185.3
1192610 1188.1
1192620 1191.2
1192630 1191.2
1192640 1194.7
1192650 1199.0
1192660 1199.0
1192670 1204.0
1192680 1209.2
1192690 1209.2
1192700 1214.3
1192710 1219.4
1192720 1224.4
1192730 1224.4
1192740 1229.6
1192750 1232.9
1192760 1232.9
1192770 1237.2
1192780 1241.3
1192790 1241.3
1192800 1245.3
1192810 1248.6
1192820 1248.6
1192830 1250.4
1192840 1251.3
1192850 1251.3
1192860 1252.1
1192870 1250.8
1192880 1250.8
1192890 1248.5
1192900 1248.1
1192910 1248.1
1192920 1248.5
1192930 1249.1
1192940 1249.1
1192950 1249.5
1192960 1249.7
1192970 1249.7
1192980 1250.9
1192990 1252.8
1193000 1252.8
1193010 1254.6
1193020 1256.2
1193030 1258.1
1193040 1258.1
1193050 1260.0
1193060 1261.9
1193070 1261.9
1193080 1263.8
1193090 1265.4
1193100 1265.4
1193110 1266.5
1193120 1267.3
1193130 1267.3
1193140 1267.9
1193150 1268.0
1193160 1268.0
1193170 1268.9
1193180 1269.8
1193190 1270.7
1193200 1272.1
1193210 1273.3
1193220 1273.3
1193230 1273.8
1193240 1275.0
1193250 1275.0
1193260 1276.7
1193270 1278.4
1193280 1278.4
1193290 1280.0
1193300 1281.1
1193310 1281.1
1193320 1282.3
1193330 1284.5
1193340 1286.5
1193350 1286.5
1193360 1288.5
1193370 1290.5
1193380 1290.5
1193390 1292.9
1193400 1295.7
1193410 1295.7
1193420 1298.7
1193430 1301.3
1193440 1301.3
1193450 1304.0
1193460 1306.5
1193470 1306.5
1193480 1309.1
1193490 1311.4
1193500 1311.4
1193510 1313.2
1193520 1314.2
1193530 1314.2
1193540 1315.0
1193550 1315.7
1193560 1315.7
1193570 1316.3
1193580 1317.1
1193590 1317.1
1193600 1317.7
1193610 1317.7
1193620 1319.9
1193630 1320.1
1193640 1319.8
1193650 1319.1
1193660 1319.1
1193670 1316.7
1193680 1315.1
1193690 1315.1
1193700 1314.8
1193710 1314.6
1193720 1314.6
1193730 1314.8
1193740 1315.3
1193750 1315.3
1193760 1316.5
1193770 1316.4
1193780 1316.4
1193790 1315.9
1193800 1315.9
1193810 1315.9
1193820 1316.6
1193830 1318.0
1193840 1318.0
1193850 1319.6
1193860 1320.2
1193870 1320.2
1193880 1321.5
1193890 1323.1
1193900 1323.1
1193910 1324.5
1193920 1325.5
1193930 1325.5
1193940 1327.8
1193950 1330.2
1193960 1332.2
1193970 1332.2
1193980 1334.5
1193990 1337.1
1194000 1337.1
1194010 1339.6
1194020 1342.9
1194030 1342.9
1194040 1346.2
1194050 1349.0
1194060 1353.6
1194070 1356.0
1194080 1358.2
1194090 1358.2
1194100 1359.8
1194110 1360.8
1194120 1360.8
1194130 1362.1
1194140 1363.5
1194150 1363.5
1194160 1364.8
1194170 1366.0
1194180 1366.0
1194190 1367.2
1194200 1368.5
1194210 1368.5
1194220 1369.4
1194230 1370.0
1194240 1370.0
1194250 1369.9
1194260 1369.7
1194270 1370.1
1194280 1370.1
1194290 1370.4
1194300 1370.5
1194310 1370.5
1194320 1370.3
1194330 1369.9
1194340 1369.9
1194350 1366.8
1194360 1363.4
1194370 1363.4
1194380 1362.7
1194390 1363.1
1194400 1363.1
1194410 1363.8
1194420 1364.3
1194430 1364.3
1194440 1364.5
1194450 1367.3
1194460 1367.3
1194470 1371.6
1194480 1374.2
1194490 1374.2
1194500 1377.7
1194510 1376.2
1194520 1376.2
1194530 1374.0
1194540 1372.5
1194550 1372.5
1194560 1373.9
1194570 1377.0
1194580 1378.1
1194590 1378.1
1194600 1378.0
1194610 1376.9
1194620 1376.9
1194630 1374.7
1194640 1372.6
1194650 1372.6
1194660 1373.7
1194670 1376.1
1194680 1376.1
1194690 1376.1
1194700 1375.6
1194710 1375.6
1194720 1374.0
1194730 1372.9
1194740 1372.9
1194750 1373.5
1194760 1372.3
1194770 1372.3
1194780 1368.4
1194790 1365.5
1194800 1365.5
1194810 1364.0
1194820 1363.8
1194830 1363.8
1194840 1363.9
1194850 1362.8
1194860 1362.8
1194870 1361.4
1194880 1361.8
1194890 1362.1
1194900 1362.1
1194910 1364.6
1194920 1368.5
1194930 1368.5
1194940 1374.6
1194950 1375.5
1194960 1375.5
1194970 1375.2
1194980 1374.6
1194990 1374.6
1195000 1373.4
1195010 1372.2
1195020 1372.2
1195030 1371.1
1195040 1370.6
1195050 1370.6
1195060 1370.1
1195070 1368.7
1195080 1368.7
1195090 1366.1
1195100 1363.1
1195110 1363.1
1195120 1362.4
1195130 1362.1
1195140 1362.1
1195150 1361.6
1195160 1361.1
1195170 1361.1
1195180 1360.6
1195190 1359.8
1195200 1359.4
1195210 1359.4
1195220 1358.8
1195230 1359.2
1195240 1359.2
1195250 1359.1
1195260 1359.4
1195270 1359.4
1195280 1360.6
1195290 1361.6
1195300 1361.6
1195310 1361.4
1195320 1361.1
1195330 1361.1
1195340 1361.5
1195350 1362.1
1195360 1362.1
1195370 1362.4
1195380 1364.7
1195390 1364.7
1195400 1365.0
1195410 1365.2
1195420 1365.2
1195430 1365.5
1195440 1365.4
1195450 1365.4
1195460 1365.0
1195470 1365.2
1195480 1365.2
1195490 1366.4
1195500 1367.1
1195510 1367.5
1195520 1367.5
1195530 1368.0
1195540 1369.3
1195550 1369.3
1195560 1370.6
1195570 1370.4
1195580 1370.4
1195590 1369.2
1195600 1369.1
1195610 1369.1
1195620 1369.2
1195630 1369.5
1195640 1369.5
1195650 1369.9
1195660 1370.1
1195670 1370.1
1195680 1370.3
1195690 1370.6
1195700 1370.6
1195710 1371.0
1195720 1371.6
1195730 1371.6
1195740 1372.1
1195750 1372.7
1195760 1372.7
1195770 1373.4
1195780 1374.0
1195790 1374.0
1195800 1374.7
1195810 1375.5
1195820 1376.3
1195830 1377.2
1195840 1378.1
1195850 1379.1
1195860 1379.1
1195870 1380.1
1195880 1381.4
1195890 1381.4
1195900 1382.6
1195910 1383.9
1195920 1383.9
1195930 1385.0
1195940 1385.9
1195950 1385.9
1195960 1386.5
1195970 1386.8
1195980 1386.8
1195990 1387.1
1196000 1387.4
1196010 1387.4
1196020 1387.8
1196030 1388.0
1196040 1388.0
1196050 1388.2
1196060 1388.6
1196070 1388.6
1196080 1388.3
1196090 1386.9
1196100 1386.9
1196110 1384.5
1196120 1381.7
1196130 1379.2
1196140 1379.2
1196150 1377.3
1196160 1375.4
1196170 1375.4
1196180 1373.6
1196190 1371.8
1196200 1371.8
1196210 1369.7
1196220 1367.6
1196230 1367.6
1196240 1366.5
1196250 1366.7
1196260 1366.7
1196270 1369.8
1196280 1367.7
1196290 1367.7
1196300 1367.9
1196310 1365.1
1196320 1365.1
1196330 1364.4
1196340 1366.9
1196350 1366.9
1196360 1367.1
1196370 1365.8
1196380 1365.8
1196390 1362.7
1196400 1359.4
1196410 1359.4
1196420 1358.5
1196430 1358.5
1196440 1357.8
1196450 1357.8
1196460 1356.7
1196470 1355.8
1196480 1355.8
1196490 1355.4
1196500 1353.8
1196510 1353.8
1196520 1351.8
1196530 1351.0
1196540 1351.0
1196550 1351.1
1196560 1349.8
1196570 1349.8
1196580 1348.4
1196590 1347.4
1196600 1347.4
1196610 1345.5
1196620 1344.0
1196630 1344.0
1196640 1343.0
1196650 1342.8
1196660 1342.8
1196670 1342.9
1196680 1343.2
1196690 1343.2
1196700 1343.7
1196710 1344.0
1196720 1344.0
1196730 1342.4
1196740 1340.3
1196750 1338.3
1196760 1338.3
1196770 1337.2
1196780 1336.3
1196790 1336.3
1196800 1335.4
1196810 1334.3
1196820 1334.3
1196830 1333.3
1196840 1332.8
1196850 1332.8
1196860 1331.2
1196870 1328.5
1196880 1328.5
1196890 1326.6
1196900 1325.1
1196910 1325.1
1196920 1324.1
1196930 1322.3
1196940 1322.3
1196950 1318.3
1196960 1317.0
1196970 1317.0
1196980 1315.9
1196990 1313.1
1197000 1313.1
1197010 1310.8
1197020 1309.4
1197030 1309.4
1197040 1306.8
1197050 1303.7
1197060 1300.7
1197070 1300.7
1197080 1298.2
1197090 1295.6
1197100 1295.6
1197110 1292.8
1197120 1290.8
1197130 1290.8
1197140 1289.6
1197150 1290.1
1197160 1290.1
1197170 1290.2
1197180 1290.4
1197190 1290.4
1197200 1290.3
1197210 1290.2
1197220 1290.2
1197230 1289.7
1197240 1288.7
1197250 1288.7
1197260 1287.3
1197270 1285.2
1197280 1285.2
1197290 1281.1
1197300 1277.2
1197310 1277.2
1197320 1272.6
1197330 1266.8
1197340 1266.8
1197350 1260.7
1197360 1255.9
1197370 1253.2
1197380 1253.2
1197390 1251.9
1197400 1251.3
1197410 1251.3
1197420 1250.1
1197430 1249.7
1197440 1249.7
1197450 1248.3
1197460 1248.6
1197470 1248.6
1197480 1248.1
1197490 1247.4
1197500 1247.4
1197510 1245.8
1197520 1244.7
1197530 1244.7
1197540 1244.2
1197550 1244.0
1197560 1244.0
1197570 1244.0
1197580 1244.4
1197590 1244.4
1197600 1245.5
1197610 1245.7
1197620 1245.7
1197630 1245.0
1197640 1244.6
1197650 1244.6
1197660 1244.6
1197670 1247.3
1197680 1253.5
1197690 1253.5
1197700 1258.9
1197710 1265.3
1197720 1265.3
1197730 1270.1
1197740 1270.4
1197750 1270.4
1197760 1269.7
1197770 1269.1
1197780 1269.1
1197790 1268.4
1197800 1267.7
1197810 1267.7
1197820 1267.2
1197830 1266.4
1197840 1266.4
1197850 1265.2
1197860 1264.2
1197870 1264.2
1197880 1263.4
1197890 1262.8
1197900 1262.8
1197910 1262.3
1197920 1261.9
1197930 1261.9
1197940 1261.5
1197950 1260.8
1197960 1260.8
1197970 1260.3
1197980 1259.6
1197990 1258.8
1198000 1258.8
1198010 1257.9
1198020 1256.6
1198030 1256.6
1198040 1256.5
1198050 1255.6
1198060 1255.6
1198070 1252.8
1198080 1248.0
1198090 1248.0
1198100 1246.4
1198110 1245.1
1198120 1245.1
1198130 1246.4
1198140 1251.0
1198150 1251.0
1198160 1253.7
1198170 1253.2
1198180 1253.2
1198190 1253.3
1198200 1253.3
1198210 1253.3
1198220 1253.6
1198230 1253.7
1198240 1253.7
1198250 1253.5
1198260 1253.6
1198270 1253.6
1198280 1253.3
1198290 1252.4
1198300 1250.6
1198310 1250.6
1198320 1245.5
1198330 1241.2
1198340 1241.2
1198350 1240.2
1198360 1240.6
1198370 1240.6
1198380 1240.8
1198390 1242.9
1198400 1242.9
1198410 1244.8
1198420 1246.5
1198430 1246.5
1198440 1246.2
1198450 1243.7
1198460 1243.7
1198470 1241.3
1198480 1240.2
1198490 1244.9
1198500 1244.5
1198510 1244.5
1198520 1244.5
1198530 1244.6
1198540 1244.9
1198550 1244.9
1198560 1245.5
1198570 1247.2
1198580 1247.2
1198590 1247.3
1198600 1245.3
1198610 1245.1
1198620 1245.1
1198630 1245.1
1198640 1240.8
1198650 1240.8
1198660 1240.7
1198670 1244.9
1198680 1244.9
1198690 1244.6
1198700 1243.4
1198710 1243.4
1198720 1241.8
1198730 1240.5
1198740 1240.5
1198750 1238.6
1198760 1236.0
1198770 1236.0
1198780 1234.1
1198790 1232.7
1198800 1232.7
1198810 1230.7
1198820 1228.6
1198830 1228.6
1198840 1226.7
1198850 1224.7
1198860 1224.7
1198870 1223.3
1198880 1222.5
1198890 1222.5
1198900 1222.4
1198910 1222.6
1198920 1222.6
1198930 1222.6
1198940 1225.0
1198950 1225.3
1198960 1225.3
1198970 1225.4
1198980 1225.6
1198990 1225.6
1199000 1226.1
1199010 1226.4
1199020 1226.4
1199030 1226.3
1199040 1225.9
1199050 1225.9
1199060 1225.4
1199070 1225.0
1199080 1225.0
1199090 1223.7
1199100 1222.3
1199110 1222.3
1199120 1221.1
1199130 1219.9
1199140 1219.9
1199150 1218.0
1199160 1217.0
1199170 1217.0
1199180 1216.0
1199190 1214.2
1199200 1214.2
1199210 1212.6
1199220 1211.7
1199230 1211.8
1199240 1211.8
1199250 1213.8
1199260 1217.2
1199270 1217.2
1199280 1217.4
1199290 1216.9
1199300 1216.9
1199310 1217.2
1199320 1217.3
1199330 1217.3
1199340 1216.0
1199350 1215.1
1199360 1215.1
1199370 1214.2
1199380 1216.9
1199390 1216.9
1199400 1216.6
1199410 1216.7
1199420 1216.7
1199430 1217.5
1199440 1218.5
1199450 1218.5
1199460 1219.1
1199470 1219.8
1199480 1219.8
1199490 1220.1
1199500 1221.5
1199510 1221.5
1199520 1224.3
1199530 1228.0
1199540 1231.8
1199550 1231.8
1199560 1235.7
1199570 1238.7
1199580 1238.7
1199590 1241.3
1199600 1243.7
1199610 1243.7
1199620 1246.7
1199630 1250.1
1199640 1250.1
1199650 1253.6
1199660 1257.1
1199670 1257.1
1199680 1260.8
1199690 1264.5
1199700 1264.5
1199710 1268.0
1199720 1271.3
1199730 1271.3
1199740 1274.1
1199750 1276.6
1199760 1276.6
1199770 1279.2
1199780 1281.6
1199790 1281.6
1199800 1280.9
1199810 1277.7
1199820 1273.1
1199830 1276.7
1199840 1271.1
1199850 1265.4
1199860 1265.4
1199870 1260.5
1199880 1256.1
1199890 1256.1
1199900 1251.5
1199910 1246.8
1199920 1246.8
1199930 1242.4
1199940 1237.4
1199950 1237.4
1199960 1232.9
1199970 1227.8
1199980 1227.8
1199990 1222.7
