1180000 1628.1
1180010 1628.3
1180020 1628.3
1180030 1635.8
1180040 1649.7
1180050 1649.7
1180060 1659.8
1180070 1667.5
1180080 1667.5
1180090 1682.8
1180100 1690.9
1180110 1690.9
1180120 1696.6
1180130 1701.7
1180140 1701.7
1180150 1706.6
1180160 1713.9
1180170 1713.9
1180180 1727.1
1180190 1732.3
1180200 1732.3
1180210 1731.5
1180220 1731.4
1180230 1736.3
1180240 1736.3
1180250 1737.7
1180260 1734.8
1180270 1734.8
1180280 1736.0
1180290 1740.8
1180300 1740.8
1180310 1739.8
1180320 1738.2
1180330 1738.2
1180340 1743.0
1180350 1747.6
1180360 1747.6
1180370 1752.3
1180380 1756.8
1180390 1756.8
1180400 1760.3
1180410 1762.3
1180420 1762.3
1180430 1762.3
1180440 1762.7
1180450 1762.7
1180460 1765.2
1180470 1768.0
1180480 1768.0
1180490 1766.7
1180500 1769.8
1180510 1769.8
1180520 1772.9
1180530 1775.6
1180540 1779.8
1180550 1779.8
1180560 1785.3
1180570 1791.2
1180580 1791.2
1180590 1797.6
1180600 1805.2
1180610 1805.2
1180620 1812.5
1180630 1820.1
1180640 1820.1
1180650 1828.3
1180660 1833.6
1180670 1833.6
1180680 1838.2
1180690 1843.9
1180700 1843.9
1180710 1850.0
1180720 1857.6
1180730 1857.6
1180740 1864.4
1180750 1872.1
1180760 1872.1
1180770 1883.8
1180780 1897.6
1180790 1897.6
1180800 1905.4
1180810 1915.3
1180820 1915.3
1180830 1924.7
1180840 1933.1
1180850 1933.1
1180860 1942.0
1180870 1951.3
1180880 1958.2
1180890 1958.2
1180900 1965.1
1180910 1970.4
1180920 1970.4
1180930 1978.0
1180940 1984.7
1180950 1984.7
1180960 1988.2
1180970 1990.4
1180980 1990.4
1180990 1992.2
1181000 1995.3
1181010 1995.3
1181020 2000.6
1181030 2006.2
1181040 2006.2
1181050 2011.4
1181060 2016.9
1181070 2016.9
1181080 2021.8
1181090 2027.7
1181100 2027.7
1181110 2033.9
1181120 2037.8
1181130 2037.8
1181140 2040.5
1181150 2045.1
1181160 2045.1
1181170 2052.0
1181180 2056.4
1181190 2060.7
1181200 2060.7
1181210 2065.2
1181220 2070.6
1181230 2070.6
1181240 2076.9
1181250 2083.2
1181260 2083.2
1181270 2089.3
1181280 2095.3
1181290 2095.3
1181300 2100.7
1181310 2105.7
1181320 2105.7
1181330 2113.0
1181340 2117.6
1181350 2117.6
1181360 2122.1
1181370 2126.7
1181380 2126.7
1181390 2131.1
1181400 2135.1
1181410 2135.1
1181420 2138.6
1181430 2141.3
1181440 2141.3
1181450 2142.7
1181460 2142.3
1181470 2142.3
1181480 2137.0
1181490 2129.3
1181500 2122.8
1181510 2122.8
1181520 2116.8
1181530 2111.3
1181540 2111.3
1181550 2105.9
1181560 2100.4
1181570 2100.4
1181580 2094.6
1181590 2088.2
1181600 2088.2
1181610 2082.3
1181620 2077.7
1181630 2077.7
1181640 2073.6
1181650 2069.5
1181660 2069.5
1181670 2065.8
1181680 2062.8
1181690 2062.8
1181700 2060.7
1181710 2058.7
1181720 2058.7
1181730 2055.9
1181740 2053.2
1181750 2053.2
1181760 2050.8
1181770 2048.6
1181780 2048.6
1181790 2046.7
1181800 2045.1
1181810 2043.3
1181820 2043.3
1181830 2041.8
1181840 2041.3
1181850 2041.3
1181860 2041.2
1181870 2041.7
1181880 2041.7
1181890 2042.7
1181900 2045.0
1181910 2045.0
1181920 2046.7
1181930 2048.8
1181940 2048.8
1181950 2051.1
1181960 2053.6
1181970 2053.6
1181980 2055.6
1181990 2050.8
1182000 2050.8
1182010 2039.9
1182020 2028.8
1182030 2028.8
1182040 2016.6
1182050 2005.2
1182060 2005.2
1182070 1993.9
1182080 1983.7
1182090 1983.7
1182100 1977.5
1182110 1970.0
1182120 1961.5
1182130 1961.5
1182140 1952.8
1182150 1943.5
1182160 1943.5
1182170 1935.4
1182180 1924.5
1182190 1924.5
1182200 1916.1
1182210 1909.9
1182220 1909.9
1182230 1903.0
1182240 1897.7
1182250 1897.7
1182260 1893.0
1182270 1885.9
1182280 1885.9
1182290 1879.0
1182300 1872.9
1182310 1872.9
1182320 1867.8
1182330 1862.7
1182340 1862.7
1182350 1857.3
1182360 1851.6
1182370 1851.6
1182380 1845.7
1182390 1840.6
1182400 1840.6
1182410 1835.3
1182420 1830.4
1182430 1826.2
1182440 1826.2
1182450 1822.0
1182460 1818.2
1182470 1818.2
1182480 1814.4
1182490 1811.1
1182500 1811.1
1182510 1808.1
1182520 1804.2
1182530 1804.2
1182540 1799.4
1182550 1795.0
1182560 1795.0
1182570 1790.7
1182580 1785.9
1182590 1785.9
1182600 1778.1
1182610 1773.7
1182620 1773.7
1182630 1767.9
1182640 1762.6
1182650 1762.6
1182660 1758.0
1182670 1753.5
1182680 1753.5
1182690 1749.7
1182700 1746.7
1182710 1746.7
1182720 1743.8
1182730 1742.0
1182740 1744.0
1182750 1744.0
1182760 1742.0
1182770 1735.4
1182780 1735.4
1182790 1731.9
1182800 1730.1
1182810 1730.1
1182820 1728.5
1182830 1725.9
1182840 1725.9
1182850 1720.7
1182860 1714.5
1182870 1714.5
1182880 1708.8
1182890 1701.8
1182900 1701.8
1182910 1694.5
1182920 1687.9
1182930 1687.9
1182940 1681.1
1182950 1674.4
1182960 1674.4
1182970 1670.9
1182980 1672.8
1182990 1672.8
1183000 1672.3
1183010 1671.1
1183020 1663.6
1183030 1666.3
1183040 1672.5
1183050 1679.6
1183060 1679.6
1183070 1680.6
1183080 1678.3
1183090 1678.3
1183100 1675.6
1183110 1674.0
1183120 1674.0
1183130 1673.3
1183140 1673.4
1183150 1673.4
1183160 1672.8
1183170 1673.0
1183180 1673.0
1183190 1673.4
1183200 1672.6
1183210 1672.6
1183220 1672.3
1183230 1670.3
1183240 1670.3
1183250 1669.7
1183260 1669.9
1183270 1669.9
1183280 1669.5
1183290 1670.6
1183300 1670.6
1183310 1671.7
1183320 1672.0
1183330 1672.0
1183340 1674.3
1183350 1678.6
1183360 1678.9
1183370 1678.9
1183380 1675.4
1183390 1675.6
1183400 1675.6
1183410 1673.1
1183420 1677.1
1183430 1677.1
1183440 1685.6
1183450 1683.5
1183460 1683.5
1183470 1683.0
1183480 1682.2
1183490 1682.2
1183500 1680.5
1183510 1678.5
1183520 1678.5
1183530 1675.9
1183540 1672.4
1183550 1672.4
1183560 1671.9
1183570 1670.5
1183580 1670.5
1183590 1668.2
1183600 1662.4
1183610 1662.4
1183620 1653.7
1183630 1644.7
1183640 1644.7
1183650 1635.7
1183660 1628.0
1183670 1622.2
1183680 1622.2
1183690 1618.4
1183700 1616.2
1183710 1616.2
1183720 1616.0
1183730 1617.8
1183740 1617.8
1183750 1620.9
1183760 1619.3
1183770 1619.3
1183780 1612.8
1183790 1611.6
1183800 1611.6
1183810 1613.8
1183820 1619.4
1183830 1619.4
1183840 1623.9
1183850 1624.0
1183860 1624.0
1183870 1615.2
1183880 1613.3
1183890 1613.3
1183900 1610.2
1183910 1606.2
1183920 1606.2
1183930 1601.4
1183940 1595.6
1183950 1595.6
1183960 1589.2
1183970 1582.5
1183980 1574.4
1183990 1574.4
1184000 1563.7
1184010 1552.1
1184020 1552.1
1184030 1543.2
1184040 1535.4
1184050 1535.4
1184060 1527.7
1184070 1521.5
1184080 1521.5
1184090 1515.6
1184100 1513.5
1184110 1513.5
1184120 1515.5
1184130 1521.6
1184140 1521.6
1184150 1534.3
1184160 1549.7
1184170 1549.7
1184180 1558.3
1184190 1565.9
1184200 1565.9
1184210 1573.1
1184220 1575.6
1184230 1575.6
1184240 1573.1
1184250 1568.9
1184260 1568.9
1184270 1564.4
1184280 1560.4
1184290 1554.8
1184300 1549.1
1184310 1543.0
1184320 1535.7
1184330 1535.7
1184340 1531.5
1184350 1529.2
1184360 1529.2
1184370 1526.3
1184380 1521.4
1184390 1521.4
1184400 1516.6
1184410 1512.2
1184420 1512.2
1184430 1507.5
1184440 1504.1
1184450 1504.1
1184460 1499.1
1184470 1493.0
1184480 1493.0
1184490 1487.7
1184500 1483.1
1184510 1483.1
1184520 1479.2
1184530 1474.9
1184540 1474.9
1184550 1469.5
1184560 1465.1
1184570 1465.1
1184580 1460.2
1184590 1455.3
1184600 1450.4
1184610 1450.4
1184620 1445.4
1184630 1440.2
1184640 1440.2
1184650 1435.9
1184660 1431.2
1184670 1431.2
1184680 1426.9
1184690 1424.9
1184700 1424.9
1184710 1421.2
1184720 1413.0
1184730 1413.0
1184740 1408.4
1184750 1403.7
1184760 1403.7
1184770 1398.9
1184780 1394.2
1184790 1394.2
1184800 1389.7
1184810 1387.1
1184820 1387.1
1184830 1382.9
1184840 1378.7
1184850 1378.7
1184860 1375.3
1184870 1371.3
1184880 1371.3
1184890 1367.7
1184900 1364.7
1184910 1361.1
1184920 1361.1
1184930 1357.2
1184940 1353.1
1184950 1353.1
1184960 1348.9
1184970 1345.3
1184980 1345.3
1184990 1342.2
1185000 1338.2
1185010 1338.2
1185020 1333.0
1185030 1328.7
1185040 1328.7
1185050 1324.7
1185060 1320.2
1185070 1320.2
1185080 1317.3
1185090 1314.7
1185100 1314.7
1185110 1312.8
1185120 1308.8
1185130 1308.8
1185140 1304.8
1185150 1298.9
1185160 1298.9
1185170 1292.9
1185180 1292.7
1185190 1292.7
1185200 1296.8
1185210 1295.4
1185220 1291.6
1185230 1291.6
1185240 1286.6
1185250 1280.8
1185260 1280.8
1185270 1275.2
1185280 1269.2
1185290 1269.2
1185300 1262.8
1185310 1260.2
1185320 1260.2
1185330 1255.5
1185340 1251.0
1185350 1251.0
1185360 1246.6
1185370 1241.1
1185380 1241.1
1185390 1235.8
1185400 1232.3
1185410 1232.3
1185420 1229.1
1185430 1224.3
1185440 1224.3
1185450 1221.1
1185460 1215.8
1185470 1215.8
1185480 1212.3
1185490 1212.6
1185500 1212.6
1185510 1209.8
1185520 1206.4
1185530 1203.1
1185540 1203.1
1185550 1203.8
1185560 1200.1
1185570 1191.9
1185580 1187.7
1185590 1181.9
1185600 1181.9
1185610 1175.7
1185620 1169.9
1185630 1169.9
1185640 1164.9
1185650 1162.0
1185660 1162.0
1185670 1159.6
1185680 1158.1
1185690 1158.1
1185700 1154.9
1185710 1148.2
1185720 1148.2
1185730 1140.6
1185740 1135.7
1185750 1135.7
1185760 1133.1
1185770 1129.2
1185780 1129.2
1185790 1123.5
1185800 1120.7
1185810 1120.7
1185820 1120.3
1185830 1118.8
1185840 1115.2
1185850 1115.2
1185860 1110.2
1185870 1106.3
1185880 1106.3
1185890 1103.0
1185900 1100.5
1185910 1100.5
1185920 1097.2
1185930 1094.7
1185940 1094.7
1185950 1095.1
1185960 1099.9
1185970 1099.9
1185980 1102.6
1185990 1103.5
1186000 1104.6
1186010 1106.0
1186020 1107.5
1186030 1107.5
1186040 1108.2
1186050 1108.7
1186060 1108.7
1186070 1110.6
1186080 1115.9
1186090 1115.9
1186100 1120.2
1186110 1124.2
1186120 1124.2
1186130 1130.0
1186140 1136.4
1186150 1141.0
1186160 1141.0
1186170 1146.0
1186180 1147.5
1186190 1147.5
1186200 1149.7
1186210 1152.4
1186220 1152.4
1186230 1154.2
1186240 1155.2
1186250 1155.2
1186260 1159.7
1186270 1163.5
1186280 1163.5
1186290 1167.7
1186300 1170.8
1186310 1170.8
1186320 1173.4
1186330 1178.0
1186340 1178.0
1186350 1182.7
1186360 1188.4
1186370 1188.4
1186380 1193.5
1186390 1198.2
1186400 1198.2
1186410 1202.7
1186420 1207.2
1186430 1208.7
1186440 1213.6
1186450 1216.3
1186460 1218.8
1186470 1218.8
1186480 1223.5
1186490 1227.8
1186500 1227.8
1186510 1232.7
1186520 1236.8
1186530 1236.8
1186540 1240.3
1186550 1244.1
1186560 1244.1
1186570 1248.9
1186580 1254.6
1186590 1254.6
1186600 1259.4
1186610 1263.1
1186620 1263.1
1186630 1266.9
1186640 1271.0
1186650 1271.0
1186660 1275.5
1186670 1280.1
1186680 1280.1
1186690 1283.0
1186700 1284.3
1186710 1284.3
1186720 1282.0
1186730 1279.9
1186740 1279.9
1186750 1282.5
1186760 1290.5
1186770 1298.3
1186780 1298.3
1186790 1303.8
1186800 1306.8
1186810 1306.8
1186820 1310.2
1186830 1314.7
1186840 1314.7
1186850 1320.3
1186860 1322.2
1186870 1322.2
1186880 1326.9
1186890 1333.1
1186900 1333.1
1186910 1338.9
1186920 1344.6
1186930 1344.6
1186940 1348.9
1186950 1353.9
1186960 1353.9
1186970 1358.6
1186980 1363.4
1186990 1363.4
1187000 1368.4
1187010 1373.5
1187020 1373.5
1187030 1378.9
1187040 1386.2
1187050 1386.2
1187060 1392.6
1187070 1398.9
1187080 1406.2
1187090 1406.2
1187100 1413.5
1187110 1421.1
1187120 1421.1
1187130 1429.0
1187140 1439.7
1187150 1439.7
1187160 1452.9
1187170 1461.0
1187180 1461.0
1187190 1467.5
1187200 1473.5
1187210 1473.5
1187220 1479.8
1187230 1486.9
1187240 1486.9
1187250 1495.7
1187260 1507.1
1187270 1507.1
1187280 1515.2
1187290 1523.0
1187300 1523.0
1187310 1531.1
1187320 1537.8
1187330 1537.8
1187340 1544.8
1187350 1551.9
1187360 1551.9
1187370 1560.1
1187380 1566.7
1187390 1571.2
1187400 1571.2
1187410 1578.4
1187420 1584.3
1187430 1584.3
1187440 1585.5
1187450 1588.6
1187460 1588.6
1187470 1593.5
1187480 1599.4
1187490 1599.4
1187500 1606.4
1187510 1614.6
1187520 1614.6
1187530 1625.0
1187540 1640.4
1187550 1640.4
1187560 1655.7
1187570 1666.1
1187580 1666.1
1187590 1673.7
1187600 1680.3
1187610 1680.3
1187620 1686.5
1187630 1693.2
1187640 1693.2
1187650 1698.9
1187660 1704.7
1187670 1704.7
1187680 1710.4
1187690 1715.4
1187700 1718.6
1187710 1725.6
1187720 1729.8
1187730 1735.8
1187740 1735.8
1187750 1742.4
1187760 1748.9
1187770 1748.9
1187780 1753.8
1187790 1757.5
1187800 1757.5
1187810 1763.0
1187820 1768.1
1187830 1768.1
1187840 1773.3
1187850 1779.3
1187860 1779.3
1187870 1783.1
1187880 1786.8
1187890 1786.8
1187900 1791.5
1187910 1797.2
1187920 1797.2
1187930 1802.9
1187940 1808.7
1187950 1808.7
1187960 1814.0
1187970 1820.3
1187980 1820.3
1187990 1826.1
1188000 1831.1
1188010 1835.0
1188020 1835.0
1188030 1832.2
1188040 1828.1
1188050 1828.1
1188060 1822.3
1188070 1816.2
1188080 1816.2
1188090 1809.9
1188100 1803.8
1188110 1803.8
1188120 1796.8
1188130 1790.4
1188140 1790.4
1188150 1781.3
1188160 1774.8
1188170 1774.8
1188180 1768.5
1188190 1762.5
1188200 1762.5
1188210 1756.6
1188220 1750.9
1188230 1750.9
1188240 1745.2
1188250 1738.6
1188260 1738.6
1188270 1731.3
1188280 1724.4
1188290 1724.4
1188300 1717.5
1188310 1711.6
1188320 1711.6
1188330 1706.0
1188340 1701.0
1188350 1695.0
1188360 1695.0
1188370 1688.8
1188380 1682.8
1188390 1682.8
1188400 1676.4
1188410 1669.7
1188420 1669.7
1188430 1663.3
1188440 1655.3
1188450 1655.3
1188460 1647.7
1188470 1641.2
1188480 1641.2
1188490 1635.1
1188500 1629.1
1188510 1629.1
1188520 1627.7
1188530 1626.6
1188540 1626.6
1188550 1623.6
1188560 1620.1
1188570 1620.1
1188580 1609.9
1188590 1605.4
1188600 1605.4
1188610 1599.6
1188620 1593.6
1188630 1593.6
1188640 1586.8
1188650 1581.2
1188660 1581.0
1188670 1581.0
1188680 1581.3
1188690 1583.3
1188700 1583.3
1188710 1588.2
1188720 1590.1
1188730 1590.1
1188740 1592.4
1188750 1594.7
1188760 1594.7
1188770 1596.2
1188780 1596.5
1188790 1596.5
1188800 1590.7
1188810 1583.0
1188820 1583.0
1188830 1574.8
1188840 1568.5
1188850 1568.5
1188860 1562.8
1188870 1556.9
1188880 1556.9
1188890 1555.7
1188900 1552.4
1188910 1552.4
1188920 1547.1
1188930 1548.2
1188940 1548.2
1188950 1543.8
1188960 1541.1
1188970 1536.7
1188980 1536.7
1188990 1531.9
1189000 1534.1
1189010 1537.6
1189020 1541.2
1189030 1547.1
1189040 1547.1
1189050 1553.2
1189060 1559.6
1189070 1559.6
1189080 1566.5
1189090 1573.6
1189100 1573.6
1189110 1579.1
1189120 1584.9
1189130 1584.9
1189140 1591.1
1189150 1597.8
1189160 1597.8
1189170 1603.9
1189180 1610.8
1189190 1610.8
1189200 1617.4
1189210 1624.4
1189220 1624.4
1189230 1631.3
1189240 1638.3
1189250 1638.3
1189260 1645.0
1189270 1653.6
1189280 1660.8
1189290 1660.8
1189300 1667.2
1189310 1673.6
1189320 1673.6
1189330 1680.7
1189340 1685.4
1189350 1685.4
1189360 1691.2
1189370 1697.1
1189380 1697.1
1189390 1699.7
1189400 1701.9
1189410 1701.9
1189420 1704.6
1189430 1707.2
1189440 1713.6
1189450 1716.4
1189460 1720.2
1189470 1720.2
1189480 1725.0
1189490 1730.4
1189500 1730.4
1189510 1733.8
1189520 1735.4
1189530 1735.4
1189540 1736.8
1189550 1738.0
1189560 1738.0
1189570 1740.4
1189580 1745.1
1189590 1748.9
1189600 1748.9
1189610 1750.9
1189620 1753.4
1189630 1753.4
1189640 1758.9
1189650 1762.4
1189660 1762.4
1189670 1762.8
1189680 1762.8
1189690 1762.8
1189700 1762.4
1189710 1761.1
1189720 1761.1
1189730 1759.5
1189740 1757.0
1189750 1757.0
1189760 1756.3
1189770 1756.4
1189780 1756.4
1189790 1759.1
1189800 1761.3
1189810 1761.3
1189820 1761.1
1189830 1759.4
1189840 1759.4
1189850 1757.5
1189860 1755.0
1189870 1758.9
1189880 1756.0
1189890 1752.8
1189900 1748.5
1189910 1748.5
1189920 1743.8
1189930 1738.6
1189940 1738.6
1189950 1734.0
1189960 1729.8
1189970 1729.8
1189980 1726.4
1189990 1724.0
1190000 1724.0
1190010 1720.8
1190020 1717.3
1190030 1717.3
1190040 1713.3
1190050 1709.5
1190060 1709.5
1190070 1706.9
1190080 1704.7
1190090 1704.7
1190100 1702.0
1190110 1698.7
1190120 1698.7
1190130 1694.9
1190140 1690.4
1190150 1690.4
1190160 1685.2
1190170 1680.3
1190180 1680.3
1190190 1674.0
1190200 1663.3
1190210 1642.3
1190220 1642.3
1190230 1629.2
1190240 1618.3
1190250 1618.3
1190260 1602.8
1190270 1587.3
1190280 1587.3
1190290 1575.4
1190300 1570.7
1190310 1578.4
1190320 1574.8
1190330 1567.6
1190340 1567.6
1190350 1554.5
1190360 1539.6
1190370 1539.6
1190380 1522.9
1190390 1526.4
1190400 1526.4
1190410 1524.8
1190420 1530.1
1190430 1530.1
1190440 1532.4
1190450 1531.7
1190460 1531.7
1190470 1525.7
1190480 1524.1
1190490 1524.1
1190500 1527.5
1190510 1522.2
1190520 1508.0
1190530 1508.0
1190540 1498.3
1190550 1494.0
1190560 1494.0
1190570 1484.1
1190580 1479.3
1190590 1479.3
1190600 1468.3
1190610 1458.6
1190620 1458.6
1190630 1448.9
1190640 1435.5
1190650 1435.5
1190660 1420.8
1190670 1397.5
1190680 1397.5
1190690 1382.5
1190700 1381.1
1190710 1381.1
1190720 1379.3
1190730 1371.0
1190740 1379.9
1190750 1376.5
1190760 1373.6
1190770 1373.6
1190780 1369.9
1190790 1367.4
1190800 1367.4
1190810 1362.2
1190820 1357.6
1190830 1352.9
1190840 1352.9
1190850 1350.4
1190860 1348.8
1190870 1348.8
1190880 1344.9
1190890 1338.8
1190900 1338.8
1190910 1336.1
1190920 1336.0
1190930 1336.0
1190940 1334.7
1190950 1333.7
1190960 1333.7
1190970 1333.2
1190980 1331.8
1190990 1331.8
1191000 1329.2
1191010 1325.5
1191020 1325.5
1191030 1322.8
1191040 1320.5
1191050 1320.5
1191060 1318.1
1191070 1317.0
1191080 1317.0
1191090 1315.5
1191100 1311.6
1191110 1311.6
1191120 1307.8
1191130 1304.4
1191140 1299.7
1191150 1299.7
1191160 1295.4
1191170 1299.7
1191180 1299.7
1191190 1299.4
1191200 1299.9
1191210 1299.9
1191220 1299.8
1191230 1299.1
1191240 1299.1
1191250 1298.0
1191260 1297.1
1191270 1297.1
1191280 1296.4
1191290 1295.1
1191300 1295.1
1191310 1291.3
1191320 1286.2
1191330 1286.2
1191340 1281.8
1191350 1277.9
1191360 1277.9
1191370 1273.6
1191380 1268.9
1191390 1268.9
1191400 1264.5
1191410 1263.6
1191420 1263.6
1191430 1265.1
1191440 1267.6
1191450 1271.2
1191460 1271.2
1191470 1271.0
1191480 1268.0
1191490 1268.0
1191500 1264.0
1191510 1260.3
1191520 1260.3
1191530 1256.7
1191540 1252.7
1191550 1252.7
1191560 1248.6
1191570 1245.5
1191580 1245.5
1191590 1242.9
1191600 1239.8
1191610 1242.6
1191620 1238.7
1191630 1235.0
1191640 1235.0
1191650 1232.2
1191660 1227.3
1191670 1227.3
1191680 1221.7
1191690 1217.9
1191700 1217.9
1191710 1213.8
1191720 1207.5
1191730 1207.5
1191740 1203.8
1191750 1201.5
1191760 1199.8
1191770 1199.8
1191780 1199.2
1191790 1198.6
1191800 1198.6
1191810 1196.2
1191820 1193.9
1191830 1193.9
1191840 1191.5
1191850 1189.0
1191860 1189.0
1191870 1186.4
1191880 1184.5
1191890 1184.5
1191900 1182.3
1191910 1178.2
1191920 1178.2
1191930 1173.7
1191940 1169.7
1191950 1169.7
1191960 1165.9
1191970 1162.7
1191980 1162.7
1191990 1160.9
1192000 1160.9
1192010 1160.9
1192020 1161.0
1192030 1157.3
1192040 1157.3
1192050 1154.4
1192060 1148.8
1192070 1137.7
1192080 1137.7
1192090 1125.5
1192100 1117.2
1192110 1117.2
1192120 1107.8
1192130 1098.7
1192140 1098.7
1192150 1096.4
1192160 1104.4
1192170 1104.4
1192180 1114.7
1192190 1120.7
1192200 1120.7
1192210 1125.9
1192220 1133.1
1192230 1133.1
1192240 1140.5
1192250 1143.3
1192260 1143.3
1192270 1143.4
1192280 1145.8
1192290 1145.8
1192300 1151.9
1192310 1157.0
1192320 1157.0
1192330 1159.9
1192340 1162.5
1192350 1162.5
1192360 1165.7
1192370 1169.8
1192380 1173.8
1192390 1173.8
1192400 1177.4
1192410 1180.8
1192420 1180.8
1192430 1184.2
1192440 1187.8
1192450 1187.8
1192460 1191.9
1192470 1196.6
1192480 1194.8
1192490 1199.0
1192500 1202.7
1192510 1202.7
1192520 1206.8
1192530 1211.3
1192540 1211.3
1192550 1216.8
1192560 1223.0
1192570 1223.0
1192580 1229.0
1192590 1234.5
1192600 1234.5
1192610 1239.2
1192620 1243.9
1192630 1243.9
1192640 1248.4
1192650 1253.4
1192660 1253.4
1192670 1257.7
1192680 1261.4
1192690 1265.2
1192700 1265.2
1192710 1269.6
1192720 1274.0
1192730 1274.0
1192740 1278.4
1192750 1282.8
1192760 1282.8
1192770 1287.5
1192780 1292.4
1192790 1292.4
1192800 1297.5
1192810 1302.6
1192820 1302.6
1192830 1308.2
1192840 1314.3
1192850 1314.3
1192860 1321.1
1192870 1327.3
1192880 1327.3
1192890 1332.8
1192900 1337.8
1192910 1337.8
1192920 1339.0
1192930 1340.7
1192940 1340.7
1192950 1340.6
1192960 1338.6
1192970 1338.6
1192980 1336.6
1192990 1335.3
1193000 1334.4
1193010 1334.4
1193020 1334.0
1193030 1333.5
1193040 1333.5
1193050 1332.9
1193060 1331.8
1193070 1331.8
1193080 1329.8
1193090 1326.2
1193100 1326.2
1193110 1323.1
1193120 1322.6
1193130 1322.6
1193140 1323.3
1193150 1323.7
1193160 1323.7
1193170 1322.6
1193180 1321.8
1193190 1321.8
1193200 1321.8
1193210 1321.2
1193220 1321.2
1193230 1320.1
1193240 1321.3
1193250 1321.3
1193260 1323.3
1193270 1324.6
1193280 1324.6
1193290 1325.5
1193300 1327.1
1193310 1327.7
1193320 1327.7
1193330 1328.3
1193340 1329.8
1193350 1329.8
1193360 1327.1
1193370 1328.4
1193380 1328.4
1193390 1329.7
1193400 1330.4
1193410 1330.4
1193420 1330.3
1193430 1329.7
1193440 1329.7
1193450 1330.6
1193460 1330.3
1193470 1330.3
1193480 1329.6
1193490 1329.6
1193500 1329.6
1193510 1328.5
1193520 1326.4
1193530 1326.4
1193540 1327.7
1193550 1330.5
1193560 1330.5
1193570 1333.4
1193580 1336.5
1193590 1336.5
1193600 1337.3
1193610 1338.1
1193620 1339.2
1193630 1339.2
1193640 1340.3
1193650 1341.5
1193660 1341.5
1193670 1342.7
1193680 1343.6
1193690 1343.6
1193700 1344.5
1193710 1345.2
1193720 1345.2
1193730 1345.7
1193740 1345.7
1193750 1345.7
1193760 1344.8
1193770 1342.6
1193780 1342.6
1193790 1340.2
1193800 1335.1
1193810 1335.1
1193820 1333.8
1193830 1332.6
1193840 1332.6
1193850 1332.0
1193860 1331.6
1193870 1331.6
1193880 1329.5
1193890 1325.0
1193900 1325.0
1193910 1324.2
1193920 1328.6
1193930 1329.0
1193940 1329.0
1193950 1327.9
1193960 1327.0
1193970 1327.0
1193980 1327.8
1193990 1328.9
1194000 1328.9
1194010 1328.9
1194020 1329.1
1194030 1329.1
1194040 1330.6
1194050 1330.9
1194060 1330.9
1194070 1330.7
1194080 1329.9
1194090 1329.9
1194100 1328.7
1194110 1328.3
1194120 1328.3
1194130 1328.3
1194140 1328.8
1194150 1328.8
1194160 1329.7
1194170 1330.6
1194180 1330.6
1194190 1331.7
1194200 1330.6
1194210 1330.6
1194220 1326.3
1194230 1321.1
1194240 1321.6
1194250 1321.6
1194260 1324.7
1194270 1329.2
1194280 1329.2
1194290 1333.9
1194300 1338.4
1194310 1338.4
1194320 1341.8
1194330 1344.4
1194340 1344.4
1194350 1346.8
1194360 1347.8
1194370 1347.8
1194380 1346.1
1194390 1347.0
1194400 1347.0
1194410 1350.3
1194420 1353.9
1194430 1353.9
1194440 1356.6
1194450 1357.0
1194460 1357.0
1194470 1354.7
1194480 1350.0
1194490 1350.0
1194500 1345.5
1194510 1342.3
1194520 1342.3
1194530 1339.5
1194540 1335.8
1194550 1330.9
1194560 1330.9
1194570 1326.6
1194580 1324.7
1194590 1324.7
1194600 1324.2
1194610 1323.9
1194620 1323.9
1194630 1323.6
1194640 1322.7
1194650 1322.7
1194660 1321.7
1194670 1319.4
1194680 1319.4
1194690 1318.9
1194700 1318.5
1194710 1318.5
1194720 1318.2
1194730 1318.4
1194740 1318.4
1194750 1319.6
1194760 1317.2
1194770 1317.2
1194780 1316.7
1194790 1317.0
1194800 1317.0
1194810 1317.8
1194820 1318.2
1194830 1318.2
1194840 1318.4
1194850 1318.5
1194860 1318.5
1194870 1318.5
1194880 1318.4
1194890 1318.4
1194900 1318.4
1194910 1318.4
1194920 1318.4
1194930 1318.4
1194940 1318.3
1194950 1318.5
1194960 1318.5
1194970 1318.8
1194980 1318.7
1194990 1318.7
1195000 1319.0
1195010 1319.1
1195020 1319.1
1195030 1319.2
1195040 1319.3
1195050 1319.3
1195060 1319.4
1195070 1319.5
1195080 1319.5
1195090 1319.5
1195100 1319.5
1195110 1319.5
1195120 1319.7
1195130 1320.3
1195140 1320.3
1195150 1320.8
1195160 1321.2
1195170 1321.5
1195180 1321.5
1195190 1321.8
1195200 1321.8
1195210 1321.8
1195220 1321.6
1195230 1321.7
1195240 1321.7
1195250 1321.9
1195260 1322.0
1195270 1322.0
1195280 1322.3
1195290 1322.9
1195300 1322.9
1195310 1323.6
1195320 1324.2
1195330 1324.2
1195340 1324.9
1195350 1328.0
1195360 1328.0
1195370 1330.6
1195380 1332.2
1195390 1332.2
1195400 1333.4
1195410 1334.6
1195420 1334.6
1195430 1335.0
1195440 1334.7
1195450 1334.7
1195460 1335.6
1195470 1337.5
1195480 1337.5
1195490 1337.5
1195500 1336.5
1195510 1335.9
1195520 1335.9
1195530 1334.7
1195540 1333.5
1195550 1333.5
1195560 1338.0
1195570 1340.9
1195580 1340.9
1195590 1343.1
1195600 1344.0
1195610 1344.0
1195620 1344.1
1195630 1343.8
1195640 1343.8
1195650 1343.6
1195660 1343.4
1195670 1343.4
1195680 1342.6
1195690 1342.7
1195700 1342.7
1195710 1343.3
1195720 1343.2
1195730 1343.2
1195740 1342.0
1195750 1340.9
1195760 1340.9
1195770 1340.5
1195780 1340.6
1195790 1341.1
1195800 1341.1
1195810 1341.3
1195820 1341.1
1195830 1341.1
1195840 1340.8
1195850 1341.0
1195860 1341.0
1195870 1342.3
1195880 1344.4
1195890 1344.4
1195900 1346.7
1195910 1348.9
1195920 1348.9
1195930 1350.4
1195940 1351.7
1195950 1351.7
1195960 1353.3
1195970 1354.5
1195980 1354.5
1195990 1355.1
1196000 1358.3
1196010 1358.3
1196020 1358.6
1196030 1358.3
1196040 1358.3
1196050 1357.2
1196060 1356.5
1196070 1356.5
1196080 1357.4
1196090 1358.5
1196100 1359.3
1196110 1359.3
1196120 1359.9
1196130 1360.7
1196140 1360.7
1196150 1361.2
1196160 1361.2
1196170 1361.2
1196180 1360.7
1196190 1358.9
1196200 1358.9
1196210 1357.2
1196220 1355.6
1196230 1355.6
1196240 1352.9
1196250 1350.9
1196260 1350.9
1196270 1349.2
1196280 1347.3
1196290 1347.3
1196300 1344.8
1196310 1342.9
1196320 1342.9
1196330 1343.0
1196340 1344.2
1196350 1344.2
1196360 1345.1
1196370 1346.1
1196380 1346.1
1196390 1346.6
1196400 1346.5
1196410 1345.3
1196420 1345.3
1196430 1343.1
1196440 1341.0
1196450 1341.0
1196460 1334.7
1196470 1329.2
1196480 1329.2
1196490 1323.3
1196500 1317.4
1196510 1317.4
1196520 1312.4
1196530 1308.1
1196540 1308.1
1196550 1304.6
1196560 1302.4
1196570 1302.4
1196580 1301.3
1196590 1300.7
1196600 1300.7
1196610 1300.5
1196620 1301.1
1196630 1301.1
1196640 1301.2
1196650 1301.5
1196660 1301.5
1196670 1301.5
1196680 1299.8
1196690 1299.8
1196700 1297.6
1196710 1295.5
1196720 1293.9
1196730 1293.9
1196740 1293.6
1196750 1293.3
1196760 1293.3
1196770 1292.9
1196780 1292.7
1196790 1292.7
1196800 1292.6
1196810 1292.4
1196820 1292.4
1196830 1292.2
1196840 1292.4
1196850 1292.4
1196860 1292.4
1196870 1292.5
1196880 1292.9
1196890 1293.1
1196900 1293.7
1196910 1293.7
1196920 1293.6
1196930 1293.4
1196940 1293.4
1196950 1293.0
1196960 1292.0
1196970 1292.0
1196980 1290.9
1196990 1288.9
1197000 1288.9
1197010 1288.1
1197020 1288.4
1197030 1288.5
1197040 1288.5
1197050 1287.8
1197060 1287.2
1197070 1287.2
1197080 1287.1
1197090 1286.7
1197100 1286.7
1197110 1286.3
1197120 1285.6
1197130 1285.6
1197140 1284.7
1197150 1284.6
1197160 1284.6
1197170 1285.2
1197180 1285.3
1197190 1285.3
1197200 1284.8
1197210 1284.5
1197220 1284.5
1197230 1283.7
1197240 1281.7
1197250 1281.7
1197260 1278.9
1197270 1277.6
1197280 1277.6
1197290 1279.9
1197300 1282.2
1197310 1282.2
1197320 1282.9
1197330 1285.9
1197340 1285.1
1197350 1285.1
1197360 1284.1
1197370 1282.6
1197380 1282.6
1197390 1281.7
1197400 1282.1
1197410 1282.1
1197420 1282.8
1197430 1283.0
1197440 1283.0
1197450 1282.5
1197460 1281.5
1197470 1281.5
1197480 1280.4
1197490 1278.7
1197500 1278.7
1197510 1276.8
1197520 1275.0
1197530 1275.0
1197540 1272.7
1197550 1270.5
1197560 1270.5
1197570 1268.9
1197580 1266.5
1197590 1266.5
1197600 1263.9
1197610 1260.9
1197620 1260.9
1197630 1257.6
1197640 1254.6
1197650 1253.6
1197660 1253.6
1197670 1254.0
1197680 1254.2
1197690 1254.2
1197700 1253.2
1197710 1249.3
1197720 1249.3
1197730 1247.2
1197740 1246.8
1197750 1246.8
1197760 1247.0
1197770 1247.5
1197780 1247.5
1197790 1247.6
1197800 1245.3
1197810 1245.3
1197820 1239.0
1197830 1232.4
1197840 1232.4
1197850 1227.0
1197860 1223.9
1197870 1223.9
1197880 1222.8
1197890 1222.9
1197900 1222.9
1197910 1223.9
1197920 1225.2
1197930 1225.2
1197940 1226.7
1197950 1227.5
1197960 1227.9
1197970 1227.9
1197980 1228.3
1197990 1229.1
1198000 1229.1
1198010 1232.4
1198020 1235.8
1198030 1235.8
1198040 1239.9
1198050 1243.4
1198060 1243.4
1198070 1245.5
1198080 1245.7
1198090 1245.7
1198100 1247.6
1198110 1249.2
1198120 1249.2
1198130 1249.2
1198140 1249.4
1198150 1249.4
1198160 1252.3
1198170 1255.3
1198180 1255.3
1198190 1256.3
1198200 1256.6
1198210 1256.6
1198220 1251.7
1198230 1251.9
1198240 1251.9
1198250 1250.2
1198260 1246.7
1198270 1245.4
1198280 1245.4
1198290 1245.5
1198300 1245.2
1198310 1245.2
1198320 1247.4
1198330 1249.8
1198340 1249.8
1198350 1249.1
1198360 1247.8
1198370 1247.8
1198380 1246.4
1198390 1245.5
1198400 1245.5
1198410 1245.8
1198420 1245.0
1198430 1245.0
1198440 1242.9
1198450 1240.0
1198460 1240.0
1198470 1239.5
1198480 1239.5
1198490 1239.5
1198500 1238.6
1198510 1237.1
1198520 1237.1
1198530 1235.7
1198540 1234.3
1198550 1234.3
1198560 1232.3
1198570 1230.3
1198580 1229.0
1198590 1229.0
1198600 1228.4
1198610 1227.6
1198620 1227.6
1198630 1227.0
1198640 1230.6
1198650 1230.6
1198660 1225.8
1198670 1225.0
1198680 1225.0
1198690 1222.6
1198700 1221.2
1198710 1221.2
1198720 1220.9
1198730 1219.9
1198740 1219.9
1198750 1219.5
1198760 1220.3
1198770 1220.3
1198780 1221.1
1198790 1221.5
1198800 1221.5
1198810 1221.8
1198820 1222.3
1198830 1222.3
1198840 1223.9
1198850 1225.0
1198860 1225.0
1198870 1226.2
1198880 1227.7
1198890 1229.3
1198900 1229.3
1198910 1231.3
1198920 1233.5
1198930 1233.5
1198940 1236.1
1198950 1239.3
1198960 1239.3
1198970 1242.4
1198980 1245.0
1198990 1245.0
1199000 1247.3
1199010 1248.9
1199020 1248.9
1199030 1250.5
1199040 1251.9
1199050 1251.9
1199060 1253.2
1199070 1254.0
1199080 1254.0
1199090 1254.3
1199100 1254.2
1199110 1248.1
1199120 1247.8
1199130 1247.1
1199140 1247.1
1199150 1246.0
1199160 1244.7
1199170 1244.7
1199180 1243.2
1199190 1241.6
1199200 1238.7
1199210 1238.7
1199220 1232.5
1199230 1226.0
1199240 1226.0
1199250 1219.4
1199260 1212.6
1199270 1212.6
1199280 1205.9
1199290 1199.5
1199300 1199.5
1199310 1197.3
1199320 1193.9
1199330 1193.9
1199340 1190.4
1199350 1188.9
1199360 1188.9
1199370 1188.7
1199380 1190.2
1199390 1190.2
1199400 1189.3
1199410 1185.7
1199420 1185.7
1199430 1181.2
1199440 1176.4
1199450 1176.4
1199460 1171.2
1199470 1165.8
1199480 1165.8
1199490 1161.1
1199500 1158.7
1199510 1158.0
1199520 1158.0
1199530 1156.3
1199540 1154.3
1199550 1154.3
1199560 1152.9
1199570 1152.1
1199580 1152.1
1199590 1151.3
1199600 1151.1
1199610 1151.1
1199620 1151.2
1199630 1151.3
1199640 1151.3
1199650 1151.4
1199660 1150.9
1199670 1150.9
1199680 1150.6
1199690 1151.1
1199700 1151.1
1199710 1151.6
1199720 1151.8
1199730 1151.8
1199740 1153.5
1199750 1156.0
1199760 1156.0
1199770 1158.8
1199780 1163.9
1199790 1163.9
1199800 1167.9
1199810 1171.1
1199820 1175.4
1199830 1175.4
1199840 1179.6
1199850 1179.9
1199860 1179.9
1199870 1180.3
1199880 1183.2
1199890 1183.2
1199900 1183.0
1199910 1177.1
1199920 1177.1
1199930 1170.7
1199940 1164.1
1199950 1164.1
1199960 1156.8
1199970 1152.0
1199980 1152.0
1199990 1150.9
