1180000 988.8
1180010 989.4
1180020 989.4
1180030 990.6
1180040 991.7
1180050 991.7
1180060 991.9
1180070 991.0
1180080 991.0
1180090 990.8
1180100 990.2
1180110 990.2
1180120 989.6
1180130 989.7
1180140 989.7
1180150 988.4
1180160 986.7
1180170 986.7
1180180 984.5
1180190 982.9
1180200 982.9
1180210 980.6
1180220 979.0
1180230 979.0
1180240 978.2
1180250 978.1
1180260 978.6
1180270 978.6
1180280 981.2
1180290 984.0
1180300 984.0
1180310 986.9
1180320 989.8
1180330 989.8
1180340 992.7
1180350 995.5
1180360 995.5
1180370 998.6
1180380 1002.8
1180390 1002.8
1180400 1006.7
1180410 1014.8
1180420 1014.8
1180430 1018.5
1180440 1022.2
1180450 1022.2
1180460 1025.1
1180470 1027.1
1180480 1027.1
1180490 1027.6
1180500 1029.3
1180510 1029.3
1180520 1032.1
1180530 1036.6
1180540 1036.6
1180550 1039.4
1180560 1041.4
1180570 1043.9
1180580 1043.9
1180590 1046.6
1180600 1049.5
1180610 1049.5
1180620 1053.3
1180630 1055.9
1180640 1055.9
1180650 1057.6
1180660 1057.7
1180670 1057.7
1180680 1058.0
1180690 1057.3
1180700 1057.3
1180710 1056.3
1180720 1057.2
1180730 1057.2
1180740 1059.1
1180750 1061.5
1180760 1061.5
1180770 1063.0
1180780 1065.0
1180790 1065.0
1180800 1065.2
1180810 1063.7
1180820 1063.7
1180830 1068.2
1180840 1067.3
1180850 1067.3
1180860 1065.9
1180870 1064.0
1180880 1060.5
1180890 1060.5
1180900 1058.0
1180910 1056.0
1180920 1056.0
1180930 1054.9
1180940 1057.0
1180950 1057.0
1180960 1059.2
1180970 1060.9
1180980 1060.9
1180990 1065.5
1181000 1069.4
1181010 1069.4
1181020 1072.7
1181030 1076.1
1181040 1076.1
1181050 1079.6
1181060 1083.2
1181070 1083.2
1181080 1086.6
1181090 1090.3
1181100 1090.3
1181110 1093.4
1181120 1095.8
1181130 1095.8
1181140 1098.8
1181150 1100.9
1181160 1100.9
1181170 1102.6
1181180 1104.0
1181190 1103.6
1181200 1103.6
1181210 1103.3
1181220 1106.3
1181230 1106.3
1181240 1109.8
1181250 1118.2
1181260 1118.2
1181270 1120.8
1181280 1121.9
1181290 1121.9
1181300 1124.1
1181310 1126.3
1181320 1126.3
1181330 1128.0
1181340 1127.9
1181350 1127.9
1181360 1126.3
1181370 1125.1
1181380 1125.1
1181390 1124.1
1181400 1124.5
1181410 1124.5
1181420 1125.4
1181430 1127.3
1181440 1127.3
1181450 1129.3
1181460 1131.1
1181470 1131.1
1181480 1133.3
1181490 1134.1
1181500 1131.7
1181510 1131.7
1181520 1128.2
1181530 1127.6
1181540 1127.6
1181550 1126.1
1181560 1118.6
1181570 1118.6
1181580 1120.3
1181590 1127.8
1181600 1127.8
1181610 1138.7
1181620 1143.0
1181630 1143.0
1181640 1143.3
1181650 1141.9
1181660 1141.9
1181670 1141.8
1181680 1138.3
1181690 1138.3
1181700 1134.1
1181710 1128.2
1181720 1128.2
1181730 1124.8
1181740 1128.4
1181750 1128.4
1181760 1133.4
1181770 1136.7
1181780 1136.7
1181790 1135.7
1181800 1136.1
1181810 1136.1
1181820 1138.2
1181830 1141.5
1181840 1147.3
1181850 1147.3
1181860 1155.8
1181870 1162.6
1181880 1162.6
1181890 1166.3
1181900 1167.2
1181910 1167.2
1181920 1168.1
1181930 1169.8
1181940 1169.8
1181950 1168.7
1181960 1169.0
1181970 1169.0
1181980 1169.3
1181990 1169.8
1182000 1169.8
1182010 1168.4
1182020 1170.8
1182030 1170.8
1182040 1175.1
1182050 1176.4
1182060 1176.4
1182070 1176.4
1182080 1175.0
1182090 1179.8
1182100 1178.1
1182110 1179.8
1182120 1179.8
1182130 1182.8
1182140 1185.6
1182150 1190.1
1182160 1190.1
1182170 1195.0
1182180 1199.6
1182190 1199.6
1182200 1204.1
1182210 1208.9
1182220 1208.9
1182230 1214.0
1182240 1218.9
1182250 1218.9
1182260 1223.6
1182270 1228.4
1182280 1228.4
1182290 1232.9
1182300 1237.3
1182310 1237.3
1182320 1241.2
1182330 1245.2
1182340 1245.2
1182350 1248.8
1182360 1252.2
1182370 1252.2
1182380 1256.1
1182390 1259.0
1182400 1259.0
1182410 1259.7
1182420 1262.1
1182430 1262.1
1182440 1263.3
1182450 1263.1
1182460 1263.3
1182470 1263.3
1182480 1264.2
1182490 1265.2
1182500 1265.2
1182510 1271.6
1182520 1271.5
1182530 1271.5
1182540 1271.3
1182550 1271.5
1182560 1271.5
1182570 1270.8
1182580 1268.9
1182590 1268.9
1182600 1266.2
1182610 1263.2
1182620 1263.2
1182630 1261.6
1182640 1263.0
1182650 1263.0
1182660 1267.7
1182670 1271.9
1182680 1271.9
1182690 1277.0
1182700 1285.9
1182710 1285.9
1182720 1292.1
1182730 1299.3
1182740 1299.3
1182750 1305.9
1182760 1308.8
1182770 1308.2
1182780 1308.2
1182790 1307.6
1182800 1310.2
1182810 1310.2
1182820 1312.6
1182830 1309.0
1182840 1309.0
1182850 1304.0
1182860 1310.3
1182870 1310.3
1182880 1311.4
1182890 1314.6
1182900 1314.6
1182910 1318.0
1182920 1320.3
1182930 1320.3
1182940 1332.9
1182950 1333.9
1182960 1333.9
1182970 1335.1
1182980 1337.7
1182990 1337.7
1183000 1341.0
1183010 1345.7
1183020 1345.7
1183030 1350.2
1183040 1353.4
1183050 1353.4
1183060 1356.5
1183070 1359.8
1183080 1361.5
1183090 1361.5
1183100 1363.6
1183110 1364.3
1183120 1364.3
1183130 1359.4
1183140 1361.9
1183150 1361.9
1183160 1371.7
1183170 1375.0
1183180 1375.0
1183190 1377.8
1183200 1380.3
1183210 1380.3
1183220 1382.8
1183230 1385.0
1183240 1385.0
1183250 1386.9
1183260 1380.4
1183270 1380.4
1183280 1364.1
1183290 1363.4
1183300 1363.4
1183310 1371.6
1183320 1380.0
1183330 1380.0
1183340 1388.0
1183350 1396.0
1183360 1407.9
1183370 1410.2
1183380 1412.0
1183390 1412.0
1183400 1410.8
1183410 1409.3
1183420 1410.7
1183430 1410.7
1183440 1413.1
1183450 1413.5
1183460 1413.5
1183470 1413.9
1183480 1415.1
1183490 1415.1
1183500 1416.1
1183510 1417.9
1183520 1417.9
1183530 1419.6
1183540 1423.5
1183550 1423.5
1183560 1428.3
1183570 1434.2
1183580 1434.2
1183590 1440.1
1183600 1440.4
1183610 1440.4
1183620 1437.3
1183630 1432.8
1183640 1432.8
1183650 1432.3
1183660 1432.9
1183670 1432.9
1183680 1433.1
1183690 1431.1
1183700 1431.1
1183710 1430.0
1183720 1428.2
1183730 1424.2
1183740 1424.2
1183750 1417.2
1183760 1410.8
1183770 1410.8
1183780 1413.7
1183790 1410.2
1183800 1410.2
1183810 1407.2
1183820 1408.6
1183830 1408.6
1183840 1420.2
1183850 1426.8
1183860 1426.8
1183870 1431.0
1183880 1435.9
1183890 1435.9
1183900 1438.5
1183910 1439.1
1183920 1439.1
1183930 1440.7
1183940 1443.0
1183950 1443.0
1183960 1448.1
1183970 1455.6
1183980 1455.6
1183990 1458.9
1184000 1461.0
1184010 1461.0
1184020 1467.2
1184030 1475.6
1184040 1481.9
1184050 1481.9
1184060 1485.9
1184070 1489.3
1184080 1489.3
1184090 1492.6
1184100 1495.3
1184110 1495.3
1184120 1496.8
1184130 1498.6
1184140 1498.6
1184150 1497.0
1184160 1491.6
1184170 1491.6
1184180 1490.0
1184190 1498.8
1184200 1498.8
1184210 1512.2
1184220 1516.7
1184230 1516.7
1184240 1525.1
1184250 1537.3
1184260 1537.3
1184270 1541.6
1184280 1544.1
1184290 1544.1
1184300 1546.8
1184310 1548.4
1184320 1548.4
1184330 1548.9
1184340 1549.5
1184350 1550.6
1184360 1550.6
1184370 1552.3
1184380 1553.3
1184390 1553.3
1184400 1552.6
1184410 1555.5
1184420 1555.5
1184430 1559.5
1184440 1563.4
1184450 1563.4
1184460 1566.2
1184470 1567.6
1184480 1567.6
1184490 1567.7
1184500 1567.7
1184510 1567.7
1184520 1566.9
1184530 1566.6
1184540 1566.6
1184550 1566.9
1184560 1565.7
1184570 1565.7
1184580 1564.7
1184590 1562.8
1184600 1562.8
1184610 1561.0
1184620 1559.2
1184630 1564.5
1184640 1563.0
1184650 1560.5
1184660 1558.6
1184670 1558.6
1184680 1559.0
1184690 1559.4
1184700 1559.4
1184710 1557.4
1184720 1557.1
1184730 1557.1
1184740 1558.1
1184750 1558.9
1184760 1558.9
1184770 1556.0
1184780 1549.8
1184790 1549.8
1184800 1553.2
1184810 1557.2
1184820 1557.2
1184830 1559.1
1184840 1564.9
1184850 1564.9
1184860 1570.8
1184870 1576.0
1184880 1576.0
1184890 1581.5
1184900 1586.3
1184910 1586.3
1184920 1589.7
1184930 1591.0
1184940 1591.0
1184950 1592.2
1184960 1593.4
1184970 1593.4
1184980 1593.9
1184990 1598.7
1185000 1601.7
1185010 1601.7
1185020 1603.5
1185030 1604.0
1185040 1604.0
1185050 1605.7
1185060 1613.1
1185070 1613.1
1185080 1612.7
1185090 1615.0
1185100 1615.0
1185110 1617.7
1185120 1619.6
1185130 1619.6
1185140 1621.3
1185150 1623.4
1185160 1623.4
1185170 1625.3
1185180 1626.3
1185190 1626.3
1185200 1626.2
1185210 1627.1
1185220 1627.1
1185230 1628.2
1185240 1628.6
1185250 1628.6
1185260 1628.1
1185270 1630.4
1185280 1630.4
1185290 1633.5
1185300 1636.0
1185310 1637.2
1185320 1637.2
1185330 1639.0
1185340 1640.8
1185350 1640.8
1185360 1642.3
1185370 1643.6
1185380 1643.6
1185390 1644.2
1185400 1643.9
1185410 1643.9
1185420 1642.6
1185430 1641.3
1185440 1641.3
1185450 1639.5
1185460 1637.5
1185470 1637.5
1185480 1635.4
1185490 1639.2
1185500 1639.2
1185510 1636.3
1185520 1632.9
1185530 1632.9
1185540 1629.8
1185550 1626.4
1185560 1626.4
1185570 1623.1
1185580 1619.1
1185590 1619.1
1185600 1615.9
1185610 1613.2
1185620 1609.9
1185630 1609.9
1185640 1606.4
1185650 1602.7
1185660 1602.7
1185670 1599.1
1185680 1596.1
1185690 1596.1
1185700 1592.9
1185710 1589.2
1185720 1589.2
1185730 1586.3
1185740 1584.3
1185750 1584.3
1185760 1581.5
1185770 1578.3
1185780 1578.3
1185790 1575.7
1185800 1573.3
1185810 1573.3
1185820 1570.7
1185830 1567.9
1185840 1567.9
1185850 1564.0
1185860 1559.4
1185870 1559.4
1185880 1555.0
1185890 1550.9
1185900 1550.9
1185910 1548.3
1185920 1544.2
1185930 1539.9
1185940 1539.9
1185950 1535.3
1185960 1531.0
1185970 1531.0
1185980 1526.8
1185990 1522.4
1186000 1522.4
1186010 1517.5
1186020 1511.9
1186030 1511.9
1186040 1505.4
1186050 1499.2
1186060 1499.2
1186070 1492.7
1186080 1486.3
1186090 1486.3
1186100 1480.1
1186110 1474.0
1186120 1474.0
1186130 1468.1
1186140 1462.1
1186150 1462.1
1186160 1454.7
1186170 1447.6
1186180 1447.6
1186190 1440.7
1186200 1432.5
1186210 1432.5
1186220 1424.9
1186230 1418.4
1186240 1412.2
1186250 1412.2
1186260 1406.8
1186270 1402.3
1186280 1402.3
1186290 1398.8
1186300 1395.8
1186310 1395.8
1186320 1392.0
1186330 1387.7
1186340 1384.7
1186350 1381.5
1186360 1378.8
1186370 1378.8
1186380 1376.8
1186390 1373.9
1186400 1373.9
1186410 1369.3
1186420 1364.3
1186430 1364.3
1186440 1359.4
1186450 1354.7
1186460 1354.7
1186470 1349.3
1186480 1342.5
1186490 1342.5
1186500 1334.9
1186510 1327.4
1186520 1327.4
1186530 1320.2
1186540 1313.5
1186550 1313.5
1186560 1306.5
1186570 1299.8
1186580 1293.8
1186590 1293.8
1186600 1288.1
1186610 1282.4
1186620 1282.4
1186630 1276.5
1186640 1270.7
1186650 1270.7
1186660 1265.1
1186670 1259.5
1186680 1259.5
1186690 1254.0
1186700 1248.5
1186710 1248.5
1186720 1243.2
1186730 1237.7
1186740 1237.7
1186750 1232.1
1186760 1226.1
1186770 1225.6
1186780 1219.4
1186790 1212.7
1186800 1212.7
1186810 1205.7
1186820 1199.2
1186830 1199.2
1186840 1193.0
1186850 1188.2
1186860 1188.2
1186870 1183.7
1186880 1178.6
1186890 1174.6
1186900 1174.6
1186910 1170.9
1186920 1164.2
1186930 1164.2
1186940 1155.9
1186950 1149.0
1186960 1149.0
1186970 1143.4
1186980 1137.4
1186990 1137.4
1187000 1128.6
1187010 1120.7
1187020 1120.7
1187030 1114.6
1187040 1109.2
1187050 1109.2
1187060 1103.3
1187070 1101.5
1187080 1101.5
1187090 1099.1
1187100 1091.3
1187110 1091.3
1187120 1085.3
1187130 1079.8
1187140 1079.8
1187150 1073.0
1187160 1065.7
1187170 1065.7
1187180 1057.4
1187190 1050.5
1187200 1034.2
1187210 1034.2
1187220 1023.0
1187230 1015.8
1187240 1015.8
1187250 1018.4
1187260 1026.5
1187270 1026.5
1187280 1037.4
1187290 1042.4
1187300 1042.4
1187310 1051.7
1187320 1060.2
1187330 1060.2
1187340 1068.7
1187350 1076.8
1187360 1076.8
1187370 1084.5
1187380 1090.3
1187390 1090.3
1187400 1095.6
1187410 1102.7
1187420 1102.7
1187430 1109.9
1187440 1115.5
1187450 1115.5
1187460 1120.9
1187470 1126.3
1187480 1126.3
1187490 1130.8
1187500 1134.1
1187510 1135.8
1187520 1135.8
1187530 1131.7
1187540 1126.3
1187550 1126.3
1187560 1120.4
1187570 1115.6
1187580 1115.6
1187590 1114.2
1187600 1117.9
1187610 1117.9
1187620 1117.4
1187630 1119.0
1187640 1119.0
1187650 1122.2
1187660 1125.0
1187670 1125.0
1187680 1123.4
1187690 1119.7
1187700 1119.7
1187710 1115.8
1187720 1114.3
1187730 1114.3
1187740 1112.6
1187750 1110.2
1187760 1110.2
1187770 1109.0
1187780 1107.4
1187790 1107.4
1187800 1106.4
1187810 1105.6
1187820 1105.6
1187830 1105.6
1187840 1106.3
1187850 1110.1
1187860 1110.1
1187870 1108.8
1187880 1103.8
1187890 1103.8
1187900 1099.7
1187910 1097.5
1187920 1097.5
1187930 1097.2
1187940 1097.8
1187950 1097.8
1187960 1101.7
1187970 1106.0
1187980 1106.0
1187990 1105.0
1188000 1102.5
1188010 1102.5
1188020 1098.7
1188030 1093.2
1188040 1093.2
1188050 1086.1
1188060 1089.0
1188070 1089.0
1188080 1091.4
1188090 1091.2
1188100 1091.2
1188110 1089.9
1188120 1091.7
1188130 1091.7
1188140 1092.5
1188150 1092.7
1188160 1092.7
1188170 1092.7
1188180 1092.4
1188190 1093.0
1188200 1093.0
1188210 1095.6
1188220 1094.4
1188230 1094.4
1188240 1090.7
1188250 1087.5
1188260 1087.5
1188270 1084.8
1188280 1085.4
1188290 1085.4
1188300 1085.2
1188310 1081.9
1188320 1081.9
1188330 1080.1
1188340 1082.1
1188350 1082.1
1188360 1082.8
1188370 1083.0
1188380 1083.0
1188390 1080.7
1188400 1078.9
1188410 1078.9
1188420 1080.0
1188430 1080.0
1188440 1080.0
1188450 1076.9
1188460 1077.4
1188470 1077.7
1188480 1077.7
1188490 1081.1
1188500 1081.8
1188510 1081.8
1188520 1085.6
1188530 1091.3
1188540 1091.3
1188550 1094.4
1188560 1091.1
1188570 1091.1
1188580 1087.1
1188590 1084.9
1188600 1084.9
1188610 1083.8
1188620 1083.6
1188630 1083.6
1188640 1083.1
1188650 1081.5
1188660 1081.5
1188670 1080.3
1188680 1078.8
1188690 1078.8
1188700 1074.4
1188710 1070.0
1188720 1070.0
1188730 1069.1
1188740 1070.8
1188750 1070.8
1188760 1071.0
1188770 1070.3
1188780 1069.5
1188790 1069.5
1188800 1069.0
1188810 1071.0
1188820 1071.0
1188830 1070.7
1188840 1063.7
1188850 1063.7
1188860 1060.9
1188870 1060.0
1188880 1060.0
1188890 1059.0
1188900 1056.3
1188910 1056.3
1188920 1050.8
1188930 1049.2
1188940 1049.2
1188950 1050.8
1188960 1049.2
1188970 1049.2
1188980 1047.5
1188990 1045.6
1189000 1045.6
1189010 1041.6
1189020 1038.3
1189030 1038.3
1189040 1036.3
1189050 1035.4
1189060 1035.4
1189070 1035.2
1189080 1036.4
1189090 1039.8
1189100 1039.8
1189110 1042.9
1189120 1042.9
1189130 1042.9
1189140 1042.5
1189150 1042.9
1189160 1042.9
1189170 1045.3
1189180 1047.3
1189190 1047.3
1189200 1049.5
1189210 1051.3
1189220 1051.3
1189230 1052.9
1189240 1053.5
1189250 1053.5
1189260 1054.2
1189270 1055.0
1189280 1055.0
1189290 1055.3
1189300 1055.8
1189310 1055.8
1189320 1056.3
1189330 1056.4
1189340 1056.4
1189350 1054.4
1189360 1054.6
1189370 1054.6
1189380 1055.0
1189390 1055.8
1189400 1057.0
1189410 1057.0
1189420 1058.7
1189430 1060.5
1189440 1060.5
1189450 1062.2
1189460 1064.1
1189470 1064.1
1189480 1066.4
1189490 1069.8
1189500 1069.8
1189510 1073.6
1189520 1074.6
1189530 1074.6
1189540 1075.5
1189550 1081.5
1189560 1081.5
1189570 1088.0
1189580 1093.1
1189590 1093.1
1189600 1096.8
1189610 1100.4
1189620 1100.4
1189630 1104.2
1189640 1107.8
1189650 1107.8
1189660 1111.5
1189670 1113.9
1189680 1113.9
1189690 1117.0
1189700 1120.1
1189710 1120.1
1189720 1122.1
1189730 1122.0
1189740 1120.2
1189750 1120.2
1189760 1121.3
1189770 1120.2
1189780 1120.2
1189790 1113.1
1189800 1115.5
1189810 1115.5
1189820 1118.2
1189830 1120.5
1189840 1120.5
1189850 1123.2
1189860 1125.7
1189870 1125.7
1189880 1127.0
1189890 1127.6
1189900 1127.6
1189910 1132.0
1189920 1136.7
1189930 1136.7
1189940 1138.3
1189950 1138.7
1189960 1138.7
1189970 1140.4
1189980 1141.6
1189990 1141.6
1190000 1143.1
1190010 1148.6
1190020 1148.6
1190030 1151.6
1190040 1153.9
1190050 1156.3
1190060 1156.3
1190070 1159.6
1190080 1162.3
1190090 1162.3
1190100 1165.5
1190110 1166.3
1190120 1166.3
1190130 1166.5
1190140 1167.7
1190150 1167.7
1190160 1170.0
1190170 1172.6
1190180 1172.6
1190190 1173.2
1190200 1174.7
1190210 1174.7
1190220 1175.3
1190230 1177.8
1190240 1177.8
1190250 1181.1
1190260 1184.5
1190270 1184.5
1190280 1187.1
1190290 1189.2
1190300 1189.2
1190310 1192.0
1190320 1195.5
1190330 1195.5
1190340 1199.3
1190350 1203.2
1190360 1205.2
1190370 1205.2
1190380 1202.8
1190390 1202.4
1190400 1202.4
1190410 1213.6
1190420 1225.3
1190430 1225.3
1190440 1231.0
1190450 1236.5
1190460 1236.5
1190470 1240.7
1190480 1243.6
1190490 1243.6
1190500 1245.8
1190510 1249.2
1190520 1249.2
1190530 1252.6
1190540 1256.0
1190550 1256.0
1190560 1258.4
1190570 1262.7
1190580 1262.7
1190590 1267.4
1190600 1271.7
1190610 1271.7
1190620 1275.9
1190630 1279.8
1190640 1279.8
1190650 1279.2
1190660 1283.2
1190670 1287.3
1190680 1287.3
1190690 1290.1
1190700 1293.6
1190710 1293.6
1190720 1296.9
1190730 1300.0
1190740 1300.0
1190750 1302.5
1190760 1305.1
1190770 1305.1
1190780 1310.2
1190790 1314.7
1190800 1314.7
1190810 1317.8
1190820 1320.0
1190830 1320.0
1190840 1324.2
1190850 1330.1
1190860 1330.1
1190870 1334.8
1190880 1338.0
1190890 1338.0
1190900 1339.8
1190910 1341.3
1190920 1341.3
1190930 1343.4
1190940 1346.0
1190950 1346.0
1190960 1348.9
1190970 1351.0
1190980 1352.7
1190990 1352.7
1191000 1355.5
1191010 1358.6
1191020 1358.6
1191030 1361.4
1191040 1364.3
1191050 1364.3
1191060 1368.1
1191070 1372.2
1191080 1372.2
1191090 1371.3
1191100 1374.5
1191110 1374.5
1191120 1377.2
1191130 1379.0
1191140 1379.0
1191150 1379.8
1191160 1379.9
1191170 1379.9
1191180 1381.9
1191190 1384.8
1191200 1384.8
1191210 1387.3
1191220 1385.6
1191230 1385.6
1191240 1385.3
1191250 1387.2
1191260 1387.2
1191270 1390.0
1191280 1395.2
1191290 1395.2
1191300 1397.0
1191310 1402.7
1191320 1411.7
1191330 1411.7
1191340 1419.6
1191350 1425.4
1191360 1425.4
1191370 1429.4
1191380 1432.7
1191390 1432.7
1191400 1435.9
1191410 1439.1
1191420 1439.1
1191430 1442.5
1191440 1445.9
1191450 1445.9
1191460 1449.3
1191470 1452.8
1191480 1452.8
1191490 1455.6
1191500 1459.1
1191510 1459.1
1191520 1457.3
1191530 1454.1
1191540 1454.1
1191550 1450.4
1191560 1452.3
1191570 1452.3
1191580 1456.6
1191590 1461.1
1191600 1461.1
1191610 1465.8
1191620 1470.8
1191630 1475.0
1191640 1475.0
1191650 1479.7
1191660 1486.4
1191670 1486.4
1191680 1494.4
1191690 1511.4
1191700 1511.4
1191710 1533.4
1191720 1549.6
1191730 1549.6
1191740 1554.3
1191750 1557.3
1191760 1557.3
1191770 1560.1
1191780 1563.7
1191790 1563.7
1191800 1568.6
1191810 1575.4
1191820 1575.4
1191830 1585.7
1191840 1595.7
1191850 1595.7
1191860 1605.1
1191870 1616.4
1191880 1616.4
1191890 1621.8
1191900 1627.9
1191910 1627.9
1191920 1633.2
1191930 1638.4
1191940 1644.6
1191950 1644.6
1191960 1654.2
1191970 1663.4
1191980 1663.4
1191990 1676.9
1192000 1689.4
1192010 1689.4
1192020 1698.5
1192030 1707.7
1192040 1707.7
1192050 1714.9
1192060 1725.2
1192070 1725.2
1192080 1733.3
1192090 1739.3
1192100 1739.3
1192110 1741.7
1192120 1741.4
1192130 1741.4
1192140 1743.2
1192150 1747.9
1192160 1747.9
1192170 1753.0
1192180 1757.7
1192190 1757.7
1192200 1762.7
1192210 1767.8
1192220 1767.8
1192230 1774.1
1192240 1780.5
1192250 1786.3
1192260 1786.3
1192270 1791.8
1192280 1798.2
1192290 1798.2
1192300 1805.3
1192310 1815.2
1192320 1815.2
1192330 1825.9
1192340 1832.8
1192350 1832.8
1192360 1842.7
1192370 1850.3
1192380 1850.3
1192390 1843.8
1192400 1845.3
1192410 1845.3
1192420 1846.2
1192430 1847.3
1192440 1847.3
1192450 1848.5
1192460 1850.0
1192470 1850.0
1192480 1849.0
1192490 1847.1
1192500 1847.1
1192510 1846.4
1192520 1847.6
1192530 1847.6
1192540 1848.8
1192550 1846.8
1192560 1845.2
1192570 1845.2
1192580 1843.1
1192590 1839.3
1192600 1839.3
1192610 1838.7
1192620 1837.0
1192630 1837.0
1192640 1833.9
1192650 1831.7
1192660 1831.7
1192670 1829.6
1192680 1826.1
1192690 1826.1
1192700 1819.9
1192710 1815.9
1192720 1815.9
1192730 1814.5
1192740 1811.6
1192750 1811.6
1192760 1813.0
1192770 1816.9
1192780 1816.9
1192790 1815.1
1192800 1807.9
1192810 1807.9
1192820 1789.0
1192830 1775.9
1192840 1775.9
1192850 1785.0
1192860 1793.6
1192870 1793.6
1192880 1798.1
1192890 1795.5
1192900 1789.8
1192910 1789.8
1192920 1788.9
1192930 1788.7
1192940 1788.7
1192950 1794.7
1192960 1803.5
1192970 1803.5
1192980 1794.4
1192990 1785.4
1193000 1785.4
1193010 1779.7
1193020 1777.3
1193030 1777.3
1193040 1786.1
1193050 1799.0
1193060 1799.0
1193070 1805.6
1193080 1810.5
1193090 1810.5
1193100 1817.8
1193110 1824.9
1193120 1824.9
1193130 1826.6
1193140 1831.8
1193150 1831.8
1193160 1831.6
1193170 1826.3
1193180 1826.3
1193190 1832.2
1193200 1845.5
1193210 1852.2
1193220 1852.2
1193230 1857.9
1193240 1864.6
1193250 1864.6
1193260 1871.3
1193270 1878.2
1193280 1878.2
1193290 1884.1
1193300 1890.1
1193310 1890.1
1193320 1895.3
1193330 1898.5
1193340 1898.5
1193350 1902.5
1193360 1907.5
1193370 1907.5
1193380 1911.9
1193390 1916.5
1193400 1916.5
1193410 1922.6
1193420 1928.9
1193430 1928.9
1193440 1937.3
1193450 1949.1
1193460 1949.1
1193470 1959.8
1193480 1967.1
1193490 1967.1
1193500 1973.4
1193510 1985.5
1193520 2000.6
1193530 2000.6
1193540 2006.6
1193550 2014.6
1193560 2014.6
1193570 2022.4
1193580 2037.3
1193590 2037.3
1193600 2047.2
1193610 2054.9
1193620 2054.9
1193630 2062.5
1193640 2071.3
1193650 2071.3
1193660 2076.2
1193670 2079.5
1193680 2079.5
1193690 2082.8
1193700 2084.3
1193710 2078.1
1193720 2077.8
1193730 2074.2
1193740 2074.2
1193750 2068.5
1193760 2063.2
1193770 2063.2
1193780 2057.2
1193790 2048.7
1193800 2048.7
1193810 2040.5
1193820 2029.8
1193830 2020.3
1193840 2020.3
1193850 2013.8
1193860 2007.5
1193870 2007.5
1193880 2002.6
1193890 1997.7
1193900 1997.7
1193910 1992.5
1193920 1987.8
1193930 1987.8
1193940 1987.4
1193950 1986.4
1193960 1986.4
1193970 1986.1
1193980 1984.4
1193990 1984.4
1194000 1978.1
1194010 1974.6
1194020 1974.6
1194030 1971.7
1194040 1968.6
1194050 1968.6
1194060 1966.5
1194070 1966.7
1194080 1966.7
1194090 1967.8
1194100 1970.4
1194110 1970.4
1194120 1970.6
1194130 1971.2
1194140 1973.8
1194150 1968.0
1194160 1969.6
1194170 1970.7
1194180 1970.7
1194190 1971.9
1194200 1972.2
1194210 1972.2
1194220 1969.5
1194230 1965.9
1194240 1965.9
1194250 1962.4
1194260 1958.8
1194270 1958.8
1194280 1952.2
1194290 1945.3
1194300 1945.3
1194310 1934.6
1194320 1922.4
1194330 1922.4
1194340 1913.7
1194350 1906.1
1194360 1906.1
1194370 1899.0
1194380 1892.7
1194390 1892.7
1194400 1882.8
1194410 1872.3
1194420 1872.3
1194430 1865.4
1194440 1859.0
1194450 1859.0
1194460 1853.9
1194470 1852.6
1194480 1851.9
1194490 1851.9
1194500 1850.7
1194510 1847.8
1194520 1847.8
1194530 1843.2
1194540 1838.0
1194550 1838.0
1194560 1832.5
1194570 1832.9
1194580 1832.9
1194590 1802.3
1194600 1793.9
1194610 1793.9
1194620 1783.0
1194630 1777.2
1194640 1777.2
1194650 1771.3
1194660 1770.3
1194670 1770.3
1194680 1766.8
1194690 1757.7
1194700 1757.7
1194710 1740.2
1194720 1715.4
1194730 1715.4
1194740 1706.9
1194750 1703.2
1194760 1703.2
1194770 1701.0
1194780 1697.9
1194790 1690.5
1194800 1690.5
1194810 1681.7
1194820 1674.0
1194830 1674.0
1194840 1667.9
1194850 1662.5
1194860 1662.5
1194870 1657.5
1194880 1652.0
1194890 1652.0
1194900 1647.0
1194910 1642.1
1194920 1642.1
1194930 1638.1
1194940 1635.0
1194950 1635.0
1194960 1631.8
1194970 1627.6
1194980 1627.6
1194990 1622.5
1195000 1617.9
1195010 1617.9
1195020 1612.8
1195030 1603.8
1195040 1603.8
1195050 1598.6
1195060 1594.7
1195070 1594.7
1195080 1592.3
1195090 1590.0
1195100 1588.5
1195110 1588.5
1195120 1587.2
1195130 1584.9
1195140 1584.9
1195150 1582.9
1195160 1580.5
1195170 1580.5
1195180 1577.6
1195190 1576.2
1195200 1576.2
1195210 1574.5
1195220 1571.0
1195230 1571.0
1195240 1566.2
1195250 1562.1
1195260 1562.1
1195270 1559.9
1195280 1558.2
1195290 1558.2
1195300 1556.8
1195310 1556.0
1195320 1556.0
1195330 1555.4
1195340 1553.1
1195350 1553.1
1195360 1550.5
1195370 1548.0
1195380 1548.0
1195390 1545.6
1195400 1543.1
1195410 1540.3
1195420 1540.3
1195430 1537.8
1195440 1535.8
1195450 1535.8
1195460 1533.8
1195470 1527.5
1195480 1527.5
1195490 1525.3
1195500 1523.1
1195510 1523.1
1195520 1520.6
1195530 1518.7
1195540 1518.7
1195550 1517.4
1195560 1515.5
1195570 1515.5
1195580 1510.2
1195590 1507.3
1195600 1507.3
1195610 1505.0
1195620 1502.8
1195630 1502.8
1195640 1501.9
1195650 1501.7
1195660 1501.7
1195670 1501.9
1195680 1502.5
1195690 1502.5
1195700 1503.2
1195710 1504.4
1195720 1505.6
1195730 1505.6
1195740 1506.5
1195750 1507.0
1195760 1507.0
1195770 1506.5
1195780 1505.6
1195790 1505.6
1195800 1504.8
1195810 1504.2
1195820 1504.2
1195830 1503.1
1195840 1501.9
1195850 1501.9
1195860 1502.3
1195870 1503.4
1195880 1503.4
1195890 1504.5
1195900 1505.9
1195910 1501.1
1195920 1502.6
1195930 1503.2
1195940 1503.2
1195950 1503.7
1195960 1503.9
1195970 1503.9
1195980 1503.8
1195990 1503.3
1196000 1503.3
1196010 1502.7
1196020 1501.8
1196030 1501.4
1196040 1501.4
1196050 1501.2
1196060 1502.1
1196070 1502.1
1196080 1504.4
1196090 1506.2
1196100 1506.2
1196110 1509.1
1196120 1512.4
1196130 1512.4
1196140 1515.3
1196150 1516.4
1196160 1516.4
1196170 1516.5
1196180 1516.6
1196190 1516.6
1196200 1517.8
1196210 1519.4
1196220 1519.4
1196230 1520.2
1196240 1520.4
1196250 1520.4
1196260 1520.7
1196270 1521.4
1196280 1521.4
1196290 1522.8
1196300 1524.3
1196310 1524.3
1196320 1525.9
1196330 1527.6
1196340 1527.6
1196350 1525.0
1196360 1529.1
1196370 1532.6
1196380 1532.6
1196390 1536.0
1196400 1539.9
1196410 1539.9
1196420 1543.7
1196430 1548.6
1196440 1548.6
1196450 1553.8
1196460 1560.0
1196470 1560.0
1196480 1566.5
1196490 1572.1
1196500 1572.1
1196510 1576.5
1196520 1580.7
1196530 1580.7
1196540 1586.5
1196550 1587.5
1196560 1587.5
1196570 1587.7
1196580 1589.7
1196590 1589.7
1196600 1593.9
1196610 1599.1
1196620 1599.1
1196630 1602.0
1196640 1605.5
1196650 1605.5
1196660 1610.7
1196670 1615.2
1196680 1620.2
1196690 1620.2
1196700 1623.9
1196710 1625.7
1196720 1625.7
1196730 1625.3
1196740 1625.0
1196750 1625.0
1196760 1625.2
1196770 1625.5
1196780 1625.5
1196790 1626.1
1196800 1624.2
1196810 1624.2
1196820 1624.1
1196830 1624.5
1196840 1624.5
1196850 1623.9
1196860 1622.7
1196870 1622.7
1196880 1621.7
1196890 1620.9
1196900 1620.9
1196910 1619.3
1196920 1617.7
1196930 1617.7
1196940 1616.1
1196950 1614.4
1196960 1614.4
1196970 1613.1
1196980 1612.0
1196990 1611.4
1197000 1611.4
1197010 1611.2
1197020 1611.1
1197030 1611.1
1197040 1611.3
1197050 1612.0
1197060 1612.0
1197070 1612.7
1197080 1612.6
1197090 1612.6
1197100 1612.1
1197110 1611.4
1197120 1611.4
1197130 1611.0
1197140 1610.3
1197150 1610.3
1197160 1609.3
1197170 1606.7
1197180 1606.7
1197190 1604.2
1197200 1603.2
1197210 1603.2
1197220 1602.7
1197230 1601.0
1197240 1606.3
1197250 1603.5
1197260 1600.2
1197270 1600.2
1197280 1596.7
1197290 1592.5
1197300 1586.6
1197310 1586.6
1197320 1580.0
1197330 1573.4
1197340 1573.4
1197350 1569.9
1197360 1567.8
1197370 1567.8
1197380 1565.5
1197390 1561.9
1197400 1561.9
1197410 1556.6
1197420 1551.3
1197430 1551.3
1197440 1545.7
1197450 1541.2
1197460 1541.2
1197470 1536.7
1197480 1531.3
1197490 1531.3
1197500 1526.0
1197510 1522.0
1197520 1522.0
1197530 1518.1
1197540 1512.8
1197550 1512.8
1197560 1508.0
1197570 1508.8
1197580 1508.8
1197590 1509.0
1197600 1513.2
1197610 1517.1
1197620 1517.1
1197630 1520.1
1197640 1521.9
1197650 1521.9
1197660 1522.2
1197670 1523.5
1197680 1523.5
1197690 1530.8
1197700 1532.6
1197710 1532.6
1197720 1533.7
1197730 1534.4
1197740 1534.4
1197750 1534.3
1197760 1533.1
1197770 1533.1
1197780 1529.7
1197790 1525.6
1197800 1525.6
1197810 1522.2
1197820 1519.5
1197830 1519.5
1197840 1518.1
1197850 1518.9
1197860 1518.9
1197870 1518.1
1197880 1516.0
1197890 1516.0
1197900 1513.6
1197910 1513.1
1197920 1513.1
1197930 1513.0
1197940 1512.9
1197950 1512.8
1197960 1512.8
1197970 1512.7
1197980 1511.9
1197990 1511.9
1198000 1509.5
1198010 1507.9
1198020 1507.9
1198030 1507.4
1198040 1507.4
1198050 1507.4
1198060 1506.7
1198070 1503.9
1198080 1503.9
1198090 1500.1
1198100 1500.7
1198110 1500.7
1198120 1499.7
1198130 1505.3
1198140 1505.3
1198150 1505.8
1198160 1506.3
1198170 1506.3
1198180 1506.9
1198190 1505.7
1198200 1505.7
1198210 1503.2
1198220 1499.5
1198230 1499.5
1198240 1495.2
1198250 1491.1
1198260 1487.0
1198270 1487.0
1198280 1483.1
1198290 1478.3
1198300 1478.3
1198310 1473.0
1198320 1470.1
1198330 1470.1
1198340 1465.5
1198350 1460.4
1198360 1460.4
1198370 1456.4
1198380 1452.4
1198390 1452.4
1198400 1449.8
1198410 1446.1
1198420 1446.1
1198430 1441.7
1198440 1438.6
1198450 1438.6
1198460 1436.1
1198470 1432.7
1198480 1432.7
1198490 1430.2
1198500 1429.3
1198510 1429.3
1198520 1427.0
1198530 1423.9
1198540 1423.9
1198550 1421.2
1198560 1420.1
1198570 1419.1
1198580 1424.2
1198590 1423.2
1198600 1422.0
1198610 1422.0
1198620 1420.5
1198630 1418.5
1198640 1418.5
1198650 1417.4
1198660 1415.9
1198670 1415.9
1198680 1413.4
1198690 1412.2
1198700 1412.2
1198710 1412.2
1198720 1411.6
1198730 1411.6
1198740 1410.1
1198750 1412.0
1198760 1412.0
1198770 1412.8
1198780 1412.9
1198790 1412.9
1198800 1413.0
1198810 1412.5
1198820 1412.5
1198830 1411.2
1198840 1409.9
1198850 1409.9
1198860 1408.3
1198870 1405.9
1198880 1402.4
1198890 1402.4
1198900 1399.5
1198910 1397.6
1198920 1397.6
1198930 1395.2
1198940 1390.8
1198950 1390.8
1198960 1386.9
1198970 1384.2
1198980 1384.2
1198990 1379.7
1199000 1374.2
1199010 1374.2
1199020 1372.4
1199030 1367.0
1199040 1367.0
1199050 1361.9
1199060 1356.7
1199070 1356.7
1199080 1351.8
1199090 1347.0
1199100 1347.0
1199110 1341.9
1199120 1336.0
1199130 1336.0
1199140 1330.3
1199150 1325.1
1199160 1325.1
1199170 1320.2
1199180 1315.5
1199190 1310.7
1199200 1310.7
1199210 1306.5
1199220 1301.8
1199230 1301.8
1199240 1297.0
1199250 1292.3
1199260 1292.3
1199270 1287.3
1199280 1281.8
1199290 1281.8
1199300 1276.8
1199310 1272.4
1199320 1272.4
1199330 1268.3
1199340 1263.8
1199350 1263.8
1199360 1260.2
1199370 1257.8
1199380 1257.8
1199390 1254.3
1199400 1250.4
1199410 1250.4
1199420 1248.6
1199430 1248.0
1199440 1248.0
1199450 1245.0
1199460 1240.5
1199470 1243.3
1199480 1238.1
1199490 1229.6
1199500 1223.9
1199510 1223.9
1199520 1227.0
1199530 1227.9
1199540 1227.9
1199550 1226.0
1199560 1223.7
1199570 1223.7
1199580 1221.4
1199590 1218.7
1199600 1218.7
1199610 1216.1
1199620 1212.6
1199630 1212.6
1199640 1209.2
1199650 1207.2
1199660 1207.2
1199670 1205.4
1199680 1202.8
1199690 1202.8
1199700 1200.1
1199710 1196.2
1199720 1196.2
1199730 1191.7
1199740 1188.6
1199750 1188.6
1199760 1185.4
1199770 1181.9
1199780 1181.9
1199790 1178.9
1199800 1176.4
1199810 1176.4
1199820 1173.5
1199830 1171.0
1199840 1168.4
1199850 1168.4
1199860 1165.3
1199870 1162.7
1199880 1162.7
1199890 1159.6
1199900 1155.0
1199910 1155.0
1199920 1154.1
1199930 1148.8
1199940 1148.8
1199950 1143.0
1199960 1139.1
1199970 1139.1
1199980 1135.9
1199990 1134.0
