1180000 1200.6
1180010 1201.5
1180020 1204.3
1180030 1204.3
1180040 1208.0
1180050 1210.5
1180060 1210.5
1180070 1213.0
1180080 1217.7
1180090 1217.7
1180100 1222.2
1180110 1226.6
1180120 1226.6
1180130 1231.3
1180140 1236.4
1180150 1236.4
1180160 1239.8
1180170 1242.5
1180180 1245.8
1180190 1245.8
1180200 1249.8
1180210 1252.9
1180220 1252.9
1180230 1254.4
1180240 1256.9
1180250 1256.9
1180260 1261.0
1180270 1265.9
1180280 1265.9
1180290 1277.7
1180300 1290.5
1180310 1317.0
1180320 1321.8
1180330 1322.9
1180340 1322.9
1180350 1325.3
1180360 1326.1
1180370 1326.1
1180380 1328.3
1180390 1331.9
1180400 1331.9
1180410 1340.0
1180420 1348.4
1180430 1348.4
1180440 1353.4
1180450 1356.7
1180460 1356.7
1180470 1360.6
1180480 1365.7
1180490 1373.4
1180500 1373.4
1180510 1378.4
1180520 1384.1
1180530 1384.1
1180540 1386.7
1180550 1387.6
1180560 1387.6
1180570 1386.9
1180580 1385.2
1180590 1385.2
1180600 1384.1
1180610 1383.0
1180620 1383.0
1180630 1380.5
1180640 1377.7
1180650 1377.7
1180660 1376.2
1180670 1376.1
1180680 1376.1
1180690 1376.4
1180700 1376.6
1180710 1376.6
1180720 1376.8
1180730 1385.6
1180740 1385.6
1180750 1387.8
1180760 1390.2
1180770 1390.2
1180780 1392.5
1180790 1394.3
1180800 1395.6
1180810 1395.6
1180820 1398.2
1180830 1401.8
1180840 1401.8
1180850 1404.2
1180860 1403.5
1180870 1403.5
1180880 1401.6
1180890 1403.2
1180900 1403.2
1180910 1404.2
1180920 1405.8
1180930 1405.8
1180940 1407.7
1180950 1409.7
1180960 1409.7
1180970 1413.1
1180980 1414.4
1180990 1414.4
1181000 1415.9
1181010 1417.8
1181020 1417.8
1181030 1417.2
1181040 1415.9
1181050 1415.9
1181060 1411.7
1181070 1415.5
1181080 1415.5
1181090 1421.0
1181100 1423.1
1181110 1422.6
1181120 1422.6
1181130 1420.7
1181140 1423.9
1181150 1429.3
1181160 1431.7
1181170 1433.7
1181180 1433.7
1181190 1435.5
1181200 1436.0
1181210 1436.0
1181220 1435.9
1181230 1436.3
1181240 1436.3
1181250 1436.8
1181260 1435.9
1181270 1435.9
1181280 1433.5
1181290 1426.9
1181300 1426.9
1181310 1421.5
1181320 1423.2
1181330 1423.2
1181340 1427.4
1181350 1423.7
1181360 1423.7
1181370 1417.6
1181380 1410.5
1181390 1410.5
1181400 1407.3
1181410 1409.4
1181420 1409.4
1181430 1409.9
1181440 1414.0
1181450 1416.5
1181460 1416.5
1181470 1415.9
1181480 1414.2
1181490 1414.2
1181500 1406.0
1181510 1396.4
1181520 1396.4
1181530 1388.7
1181540 1393.7
1181550 1393.7
1181560 1404.7
1181570 1433.8
1181580 1433.8
1181590 1439.2
1181600 1441.6
1181610 1441.6
1181620 1448.8
1181630 1455.3
1181640 1455.3
1181650 1460.8
1181660 1475.6
1181670 1475.6
1181680 1485.1
1181690 1488.5
1181700 1488.5
1181710 1492.1
1181720 1496.0
1181730 1496.0
1181740 1501.8
1181750 1503.8
1181760 1489.3
1181770 1489.3
1181780 1470.7
1181790 1473.4
1181800 1473.4
1181810 1483.6
1181820 1493.5
1181830 1493.5
1181840 1505.5
1181850 1518.3
1181860 1518.3
1181870 1529.5
1181880 1534.0
1181890 1534.0
1181900 1537.3
1181910 1540.7
1181920 1540.7
1181930 1544.0
1181940 1547.2
1181950 1547.2
1181960 1549.6
1181970 1550.9
1181980 1550.9
1181990 1556.7
1182000 1554.5
1182010 1554.5
1182020 1546.0
1182030 1536.3
1182040 1536.3
1182050 1531.9
1182060 1537.9
1182070 1544.8
1182080 1544.8
1182090 1553.4
1182100 1561.0
1182110 1561.0
1182120 1572.2
1182130 1579.8
1182140 1579.8
1182150 1586.1
1182160 1591.9
1182170 1591.9
1182180 1594.9
1182190 1596.9
1182200 1596.9
1182210 1597.2
1182220 1592.9
1182230 1592.9
1182240 1599.3
1182250 1607.1
1182260 1607.1
1182270 1609.4
1182280 1620.7
1182290 1620.7
1182300 1634.7
1182310 1641.1
1182320 1641.1
1182330 1648.0
1182340 1652.5
1182350 1652.5
1182360 1656.1
1182370 1656.6
1182380 1659.0
1182390 1659.0
1182400 1662.8
1182410 1673.4
1182420 1673.4
1182430 1675.7
1182440 1678.1
1182450 1678.1
1182460 1676.1
1182470 1674.7
1182480 1674.7
1182490 1675.8
1182500 1681.6
1182510 1681.6
1182520 1688.5
1182530 1682.1
1182540 1682.1
1182550 1669.6
1182560 1645.6
1182570 1645.6
1182580 1614.6
1182590 1601.4
1182600 1601.4
1182610 1580.7
1182620 1567.2
1182630 1567.2
1182640 1567.2
1182650 1570.1
1182660 1570.1
1182670 1568.4
1182680 1570.9
1182690 1570.5
1182700 1570.5
1182710 1572.8
1182720 1586.4
1182730 1586.4
1182740 1597.9
1182750 1611.2
1182760 1611.2
1182770 1627.8
1182780 1641.9
1182790 1641.9
1182800 1658.4
1182810 1671.9
1182820 1671.9
1182830 1675.4
1182840 1704.4
1182850 1704.4
1182860 1708.4
1182870 1707.3
1182880 1707.3
1182890 1698.9
1182900 1707.6
1182910 1707.6
1182920 1718.3
1182930 1727.1
1182940 1727.1
1182950 1730.5
1182960 1738.3
1182970 1738.3
1182980 1746.7
1182990 1754.4
1183000 1760.2
1183010 1760.2
1183020 1755.0
1183030 1748.6
1183040 1748.6
1183050 1754.2
1183060 1758.6
1183070 1758.6
1183080 1750.9
1183090 1747.2
1183100 1747.2
1183110 1742.8
1183120 1741.4
1183130 1741.4
1183140 1775.2
1183150 1801.6
1183160 1801.6
1183170 1803.0
1183180 1807.9
1183190 1807.9
1183200 1815.9
1183210 1818.3
1183220 1818.3
1183230 1819.5
1183240 1809.0
1183250 1809.0
1183260 1800.0
1183270 1779.8
1183280 1779.8
1183290 1767.0
1183300 1746.6
1183310 1732.0
1183320 1732.0
1183330 1722.6
1183340 1720.1
1183350 1720.1
1183360 1727.9
1183370 1732.0
1183380 1732.0
1183390 1737.7
1183400 1742.2
1183410 1742.2
1183420 1735.1
1183430 1737.3
1183440 1737.3
1183450 1747.8
1183460 1763.7
1183470 1763.7
1183480 1781.6
1183490 1786.3
1183500 1786.3
1183510 1790.3
1183520 1793.4
1183530 1793.4
1183540 1796.5
1183550 1800.7
1183560 1800.7
1183570 1803.3
1183580 1807.4
1183590 1807.4
1183600 1808.1
1183610 1803.0
1183620 1803.0
1183630 1797.3
1183640 1790.9
1183650 1782.7
1183660 1782.7
1183670 1775.7
1183680 1771.5
1183690 1771.5
1183700 1764.4
1183710 1758.3
1183720 1758.3
1183730 1752.0
1183740 1745.0
1183750 1745.0
1183760 1738.0
1183770 1730.2
1183780 1730.2
1183790 1728.9
1183800 1730.1
1183810 1730.1
1183820 1725.3
1183830 1718.9
1183840 1718.9
1183850 1714.7
1183860 1712.0
1183870 1712.0
1183880 1708.0
1183890 1706.0
1183900 1706.0
1183910 1703.9
1183920 1699.0
1183930 1699.0
1183940 1701.4
1183950 1703.9
1183960 1703.1
1183970 1703.1
1183980 1703.2
1183990 1708.7
1184000 1708.7
1184010 1711.2
1184020 1714.1
1184030 1714.1
1184040 1716.2
1184050 1718.6
1184060 1718.6
1184070 1722.0
1184080 1727.0
1184090 1727.0
1184100 1725.9
1184110 1728.0
1184120 1728.0
1184130 1728.5
1184140 1736.2
1184150 1736.2
1184160 1742.9
1184170 1746.8
1184180 1746.8
1184190 1750.5
1184200 1755.9
1184210 1755.9
1184220 1760.4
1184230 1767.5
1184240 1767.5
1184250 1776.7
1184260 1782.4
1184270 1783.2
1184280 1783.2
1184290 1787.6
1184300 1793.4
1184310 1793.4
1184320 1798.1
1184330 1803.2
1184340 1803.2
1184350 1808.6
1184360 1814.5
1184370 1814.5
1184380 1820.6
1184390 1827.2
1184400 1827.2
1184410 1832.0
1184420 1830.0
1184430 1830.0
1184440 1830.3
1184450 1833.1
1184460 1833.1
1184470 1833.4
1184480 1830.6
1184490 1830.6
1184500 1830.8
1184510 1835.8
1184520 1835.8
1184530 1843.4
1184540 1843.1
1184550 1843.1
1184560 1848.1
1184570 1853.7
1184580 1859.0
1184590 1859.0
1184600 1865.7
1184610 1871.6
1184620 1871.6
1184630 1876.5
1184640 1881.6
1184650 1881.6
1184660 1885.5
1184670 1888.6
1184680 1888.6
1184690 1892.8
1184700 1897.8
1184710 1897.8
1184720 1903.9
1184730 1911.2
1184740 1911.2
1184750 1915.6
1184760 1910.3
1184770 1910.3
1184780 1909.2
1184790 1908.8
1184800 1908.8
1184810 1907.9
1184820 1908.7
1184830 1908.7
1184840 1908.5
1184850 1906.1
1184860 1906.1
1184870 1902.3
1184880 1897.4
1184890 1891.0
1184900 1891.0
1184910 1884.8
1184920 1879.1
1184930 1879.1
1184940 1873.7
1184950 1868.1
1184960 1864.6
1184970 1858.5
1184980 1853.2
1184990 1853.2
1185000 1847.6
1185010 1840.9
1185020 1840.9
1185030 1834.6
1185040 1829.7
1185050 1829.7
1185060 1824.7
1185070 1819.8
1185080 1819.8
1185090 1815.0
1185100 1810.2
1185110 1810.2
1185120 1805.8
1185130 1801.7
1185140 1801.7
1185150 1797.1
1185160 1793.0
1185170 1793.0
1185180 1788.6
1185190 1784.1
1185200 1778.8
1185210 1778.8
1185220 1773.6
1185230 1767.9
1185240 1767.9
1185250 1762.3
1185260 1757.0
1185270 1757.0
1185280 1751.8
1185290 1747.1
1185300 1747.1
1185310 1742.3
1185320 1738.1
1185330 1738.1
1185340 1734.0
1185350 1728.8
1185360 1728.8
1185370 1724.8
1185380 1717.5
1185390 1717.5
1185400 1712.2
1185410 1706.8
1185420 1706.8
1185430 1701.0
1185440 1695.5
1185450 1695.5
1185460 1689.3
1185470 1682.9
1185480 1682.9
1185490 1677.1
1185500 1670.6
1185510 1670.6
1185520 1664.0
1185530 1657.1
1185540 1650.1
1185550 1650.1
1185560 1642.8
1185570 1636.4
1185580 1636.4
1185590 1629.8
1185600 1623.1
1185610 1623.1
1185620 1615.3
1185630 1607.7
1185640 1607.7
1185650 1600.2
1185660 1591.7
1185670 1591.7
1185680 1583.3
1185690 1575.9
1185700 1575.9
1185710 1569.4
1185720 1562.5
1185730 1562.5
1185740 1554.5
1185750 1547.8
1185760 1547.8
1185770 1538.9
1185780 1528.7
1185790 1528.7
1185800 1520.3
1185810 1511.8
1185820 1511.8
1185830 1506.1
1185840 1502.7
1185850 1499.6
1185860 1499.6
1185870 1495.2
1185880 1491.9
1185890 1491.9
1185900 1486.3
1185910 1479.9
1185920 1479.9
1185930 1473.1
1185940 1466.4
1185950 1466.4
1185960 1459.4
1185970 1453.1
1185980 1453.1
1185990 1445.4
1186000 1436.6
1186010 1436.6
1186020 1429.2
1186030 1422.7
1186040 1422.7
1186050 1416.1
1186060 1410.5
1186070 1410.5
1186080 1404.7
1186090 1398.3
1186100 1398.3
1186110 1391.9
1186120 1385.4
1186130 1385.4
1186140 1379.5
1186150 1372.4
1186160 1365.8
1186170 1365.8
1186180 1360.0
1186190 1354.1
1186200 1354.1
1186210 1347.8
1186220 1341.8
1186230 1341.8
1186240 1329.6
1186250 1324.3
1186260 1324.3
1186270 1318.5
1186280 1312.7
1186290 1312.7
1186300 1306.8
1186310 1301.2
1186320 1301.2
1186330 1297.5
1186340 1293.2
1186350 1293.2
1186360 1287.4
1186370 1281.4
1186380 1281.4
1186390 1275.8
1186400 1270.2
1186410 1270.2
1186420 1264.4
1186430 1258.7
1186440 1258.7
1186450 1254.1
1186460 1249.7
1186470 1244.4
1186480 1244.4
1186490 1238.5
1186500 1233.2
1186510 1233.2
1186520 1227.8
1186530 1222.4
1186540 1222.4
1186550 1216.9
1186560 1210.9
1186570 1210.9
1186580 1205.3
1186590 1200.2
1186600 1200.2
1186610 1195.4
1186620 1189.9
1186630 1189.9
1186640 1184.1
1186650 1178.2
1186660 1178.2
1186670 1170.1
1186680 1164.6
1186690 1164.6
1186700 1153.2
1186710 1143.4
1186720 1143.4
1186730 1132.6
1186740 1122.5
1186750 1122.5
1186760 1109.3
1186770 1089.2
1186780 1078.4
1186790 1078.4
1186800 1056.2
1186810 1042.5
1186820 1042.5
1186830 1036.5
1186840 1034.3
1186850 1034.3
1186860 1033.9
1186870 1033.9
1186880 1033.9
1186890 1036.6
1186900 1047.5
1186910 1047.5
1186920 1056.7
1186930 1069.7
1186940 1069.7
1186950 1078.2
1186960 1083.5
1186970 1083.5
1186980 1087.1
1186990 1093.0
1187000 1093.0
1187010 1105.4
1187020 1113.4
1187030 1113.4
1187040 1117.9
1187050 1122.3
1187060 1122.3
1187070 1126.5
1187080 1130.2
1187090 1134.1
1187100 1137.5
1187110 1141.6
1187120 1144.0
1187130 1144.0
1187140 1144.3
1187150 1146.7
1187160 1146.7
1187170 1149.3
1187180 1151.9
1187190 1151.9
1187200 1154.5
1187210 1157.8
1187220 1157.8
1187230 1159.7
1187240 1161.0
1187250 1161.0
1187260 1164.0
1187270 1165.7
1187280 1165.7
1187290 1168.5
1187300 1174.3
1187310 1174.3
1187320 1180.9
1187330 1186.9
1187340 1186.9
1187350 1191.9
1187360 1195.6
1187370 1195.6
1187380 1198.5
1187390 1201.0
1187400 1203.1
1187410 1203.1
1187420 1205.8
1187430 1210.1
1187440 1210.1
1187450 1214.9
1187460 1219.4
1187470 1219.4
1187480 1223.5
1187490 1227.6
1187500 1227.6
1187510 1230.0
1187520 1233.8
1187530 1237.2
1187540 1241.8
1187550 1247.1
1187560 1247.1
1187570 1251.9
1187580 1255.9
1187590 1255.9
1187600 1260.2
1187610 1265.0
1187620 1265.0
1187630 1270.5
1187640 1274.9
1187650 1274.9
1187660 1278.1
1187670 1282.0
1187680 1282.0
1187690 1286.7
1187700 1290.8
1187710 1290.8
1187720 1295.2
1187730 1299.6
1187740 1303.8
1187750 1303.8
1187760 1307.6
1187770 1310.6
1187780 1310.6
1187790 1312.6
1187800 1314.0
1187810 1314.0
1187820 1314.3
1187830 1315.1
1187840 1315.1
1187850 1315.5
1187860 1314.1
1187870 1314.1
1187880 1312.5
1187890 1313.1
1187900 1313.1
1187910 1312.6
1187920 1312.4
1187930 1312.4
1187940 1312.4
1187950 1312.4
1187960 1318.5
1187970 1319.2
1187980 1318.2
1187990 1318.2
1188000 1320.6
1188010 1322.5
1188020 1322.5
1188030 1322.1
1188040 1319.5
1188050 1318.6
1188060 1318.6
1188070 1319.0
1188080 1318.0
1188090 1318.0
1188100 1314.5
1188110 1314.7
1188120 1314.7
1188130 1314.0
1188140 1311.2
1188150 1311.2
1188160 1311.8
1188170 1315.1
1188180 1315.1
1188190 1319.7
1188200 1319.2
1188210 1319.2
1188220 1318.7
1188230 1318.2
1188240 1318.2
1188250 1316.5
1188260 1315.8
1188270 1315.8
1188280 1314.7
1188290 1312.1
1188300 1312.1
1188310 1310.0
1188320 1308.5
1188330 1308.5
1188340 1306.1
1188350 1304.1
1188360 1302.2
1188370 1302.2
1188380 1300.4
1188390 1301.4
1188400 1301.4
1188410 1300.3
1188420 1300.2
1188430 1300.2
1188440 1297.5
1188450 1293.9
1188460 1293.9
1188470 1291.1
1188480 1291.2
1188490 1291.2
1188500 1287.8
1188510 1281.7
1188520 1281.7
1188530 1278.3
1188540 1278.6
1188550 1278.6
1188560 1277.1
1188570 1275.7
1188580 1275.7
1188590 1274.5
1188600 1272.8
1188610 1272.8
1188620 1272.1
1188630 1271.2
1188640 1271.2
1188650 1270.5
1188660 1269.3
1188670 1269.0
1188680 1269.0
1188690 1269.1
1188700 1267.8
1188710 1267.8
1188720 1266.4
1188730 1265.3
1188740 1265.3
1188750 1264.1
1188760 1263.1
1188770 1263.1
1188780 1261.9
1188790 1260.9
1188800 1260.9
1188810 1259.4
1188820 1262.3
1188830 1262.3
1188840 1260.9
1188850 1258.1
1188860 1258.1
1188870 1256.2
1188880 1257.7
1188890 1257.7
1188900 1257.4
1188910 1256.9
1188920 1256.9
1188930 1257.4
1188940 1257.4
1188950 1257.4
1188960 1256.8
1188970 1256.9
1188980 1257.0
1188990 1257.0
1189000 1257.0
1189010 1257.2
1189020 1257.2
1189030 1257.1
1189040 1257.2
1189050 1257.2
1189060 1257.2
1189070 1256.5
1189080 1256.5
1189090 1255.8
1189100 1256.5
1189110 1256.5
1189120 1256.5
1189130 1255.3
1189140 1255.3
1189150 1252.0
1189160 1249.9
1189170 1249.9
1189180 1248.6
1189190 1248.8
1189200 1248.8
1189210 1248.5
1189220 1246.6
1189230 1246.6
1189240 1243.4
1189250 1242.7
1189260 1242.7
1189270 1242.8
1189280 1242.8
1189290 1239.0
1189300 1239.0
1189310 1232.5
1189320 1227.0
1189330 1227.0
1189340 1226.4
1189350 1231.3
1189360 1231.3
1189370 1235.0
1189380 1234.8
1189390 1234.8
1189400 1233.5
1189410 1231.3
1189420 1231.3
1189430 1228.8
1189440 1225.8
1189450 1225.8
1189460 1221.9
1189470 1217.6
1189480 1217.6
1189490 1215.0
1189500 1213.7
1189510 1213.7
1189520 1211.0
1189530 1206.3
1189540 1206.3
1189550 1201.4
1189560 1196.8
1189570 1196.8
1189580 1192.7
1189590 1188.9
1189600 1185.2
1189610 1185.2
1189620 1180.9
1189630 1176.6
1189640 1176.6
1189650 1172.0
1189660 1167.6
1189670 1167.6
1189680 1164.6
1189690 1160.8
1189700 1160.8
1189710 1152.7
1189720 1138.6
1189730 1138.6
1189740 1134.1
1189750 1142.4
1189760 1142.4
1189770 1148.8
1189780 1151.5
1189790 1151.5
1189800 1153.5
1189810 1153.1
1189820 1153.1
1189830 1150.2
1189840 1147.9
1189850 1147.9
1189860 1143.6
1189870 1139.7
1189880 1139.7
1189890 1136.8
1189900 1132.2
1189910 1132.2
1189920 1127.0
1189930 1122.8
1189940 1120.6
1189950 1120.6
1189960 1118.3
1189970 1115.9
1189980 1115.9
1189990 1113.5
1190000 1110.5
1190010 1110.5
1190020 1107.9
1190030 1106.7
1190040 1106.7
1190050 1105.3
1190060 1101.3
1190070 1101.3
1190080 1095.2
1190090 1087.7
1190100 1087.7
1190110 1081.3
1190120 1076.5
1190130 1076.5
1190140 1075.6
1190150 1073.2
1190160 1073.2
1190170 1071.0
1190180 1070.8
1190190 1070.8
1190200 1070.8
1190210 1070.8
1190220 1070.8
1190230 1070.8
1190240 1070.8
1190250 1070.8
1190260 1070.8
1190270 1070.8
1190280 1070.8
1190290 1070.8
1190300 1070.8
1190310 1070.8
1190320 1070.8
1190330 1070.8
1190340 1070.8
1190350 1070.8
1190360 1070.8
1190370 1070.8
1190380 1070.8
1190390 1070.8
1190400 1070.8
1190410 1070.8
1190420 1070.8
1190430 1072.4
1190440 1072.4
1190450 1075.8
1190460 1078.2
1190470 1078.2
1190480 1081.9
1190490 1086.2
1190500 1086.2
1190510 1092.1
1190520 1099.4
1190530 1099.4
1190540 1106.5
1190550 1107.6
1190560 1112.1
1190570 1112.1
1190580 1116.5
1190590 1119.2
1190600 1119.2
1190610 1121.6
1190620 1126.5
1190630 1126.5
1190640 1131.9
1190650 1137.1
1190660 1137.1
1190670 1141.9
1190680 1146.9
1190690 1146.9
1190700 1151.1
1190710 1156.1
1190720 1156.1
1190730 1157.8
1190740 1155.9
1190750 1155.9
1190760 1158.5
1190770 1162.8
1190780 1162.8
1190790 1167.6
1190800 1172.8
1190810 1172.8
1190820 1177.8
1190830 1180.9
1190840 1180.9
1190850 1183.8
1190860 1187.7
1190870 1191.4
1190880 1191.4
1190890 1194.3
1190900 1197.0
1190910 1197.0
1190920 1200.2
1190930 1203.0
1190940 1203.0
1190950 1206.8
1190960 1211.3
1190970 1211.3
1190980 1213.5
1190990 1215.3
1191000 1215.3
1191010 1215.6
1191020 1220.7
1191030 1220.7
1191040 1225.7
1191050 1229.5
1191060 1229.5
1191070 1235.1
1191080 1242.0
1191090 1242.0
1191100 1248.2
1191110 1251.8
1191120 1251.8
1191130 1254.8
1191140 1256.9
1191150 1256.9
1191160 1259.9
1191170 1262.7
1191180 1265.6
1191190 1265.6
1191200 1268.7
1191210 1271.6
1191220 1271.6
1191230 1274.3
1191240 1275.9
1191250 1275.9
1191260 1279.1
1191270 1282.7
1191280 1282.7
1191290 1285.3
1191300 1289.8
1191310 1289.8
1191320 1294.4
1191330 1297.3
1191340 1297.3
1191350 1301.5
1191360 1305.4
1191370 1305.4
1191380 1308.1
1191390 1312.2
1191400 1312.2
1191410 1317.8
1191420 1320.4
1191430 1320.4
1191440 1322.4
1191450 1323.7
1191460 1323.7
1191470 1326.5
1191480 1330.7
1191490 1336.7
1191500 1336.7
1191510 1346.5
1191520 1355.5
1191530 1355.5
1191540 1360.0
1191550 1364.2
1191560 1364.2
1191570 1368.9
1191580 1373.3
1191590 1373.3
1191600 1376.6
1191610 1380.3
1191620 1380.3
1191630 1385.0
1191640 1391.0
1191650 1391.0
1191660 1399.7
1191670 1405.5
1191680 1405.5
1191690 1408.2
1191700 1410.6
1191710 1410.6
1191720 1413.3
1191730 1415.7
1191740 1415.7
1191750 1417.6
1191760 1418.1
1191770 1418.1
1191780 1417.6
1191790 1427.3
1191800 1441.2
1191810 1441.2
1191820 1457.2
1191830 1462.6
1191840 1462.6
1191850 1453.0
1191860 1459.6
1191870 1459.6
1191880 1469.2
1191890 1477.6
1191900 1477.6
1191910 1486.8
1191920 1490.9
1191930 1490.9
1191940 1493.8
1191950 1496.2
1191960 1496.2
1191970 1497.9
1191980 1499.3
1191990 1499.3
1192000 1500.2
1192010 1502.9
1192020 1502.9
1192030 1507.7
1192040 1513.2
1192050 1513.2
1192060 1518.8
1192070 1523.4
1192080 1523.4
1192090 1528.0
1192100 1530.7
1192110 1530.7
1192120 1537.1
1192130 1540.4
1192140 1540.3
1192150 1540.3
1192160 1540.3
1192170 1540.3
1192180 1540.3
1192190 1540.2
1192200 1540.3
1192210 1540.3
1192220 1540.2
1192230 1539.4
1192240 1539.4
1192250 1538.4
1192260 1537.1
1192270 1537.1
1192280 1536.3
1192290 1532.1
1192300 1532.1
1192310 1532.9
1192320 1533.9
1192330 1533.9
1192340 1535.2
1192350 1534.8
1192360 1534.8
1192370 1533.1
1192380 1531.8
1192390 1531.8
1192400 1531.5
1192410 1534.7
1192420 1534.7
1192430 1538.2
1192440 1536.1
1192450 1518.5
1192460 1518.5
1192470 1498.1
1192480 1485.6
1192490 1485.6
1192500 1479.1
1192510 1476.8
1192520 1476.8
1192530 1473.4
1192540 1469.1
1192550 1469.1
1192560 1468.0
1192570 1467.7
1192580 1467.7
1192590 1461.8
1192600 1460.5
1192610 1460.5
1192620 1461.2
1192630 1457.3
1192640 1457.3
1192650 1457.0
1192660 1467.9
1192670 1467.9
1192680 1476.9
1192690 1487.7
1192700 1487.7
1192710 1497.0
1192720 1501.6
1192730 1494.5
1192740 1499.8
1192750 1510.2
1192760 1526.3
1192770 1526.3
1192780 1538.6
1192790 1548.1
1192800 1548.1
1192810 1555.6
1192820 1562.6
1192830 1562.6
1192840 1570.9
1192850 1582.5
1192860 1582.5
1192870 1591.4
1192880 1597.4
1192890 1597.4
1192900 1604.9
1192910 1616.6
1192920 1616.6
1192930 1630.4
1192940 1641.6
1192950 1641.6
1192960 1656.7
1192970 1668.7
1192980 1668.7
1192990 1677.2
1193000 1683.8
1193010 1683.8
1193020 1689.9
1193030 1694.6
1193040 1694.6
1193050 1700.6
1193060 1707.6
1193070 1716.1
1193080 1716.1
1193090 1723.3
1193100 1728.8
1193110 1728.8
1193120 1733.5
1193130 1739.1
1193140 1739.1
1193150 1744.2
1193160 1747.2
1193170 1741.6
1193180 1744.2
1193190 1746.3
1193200 1746.3
1193210 1748.9
1193220 1752.5
1193230 1752.5
1193240 1754.4
1193250 1758.4
1193260 1758.4
1193270 1763.1
1193280 1770.4
1193290 1770.4
1193300 1779.2
1193310 1788.6
1193320 1788.6
1193330 1797.0
1193340 1807.8
1193350 1807.8
1193360 1823.9
1193370 1836.3
1193380 1843.3
1193390 1843.3
1193400 1851.7
1193410 1855.7
1193420 1855.7
1193430 1859.6
1193440 1865.0
1193450 1865.0
1193460 1870.3
1193470 1875.3
1193480 1875.3
1193490 1880.8
1193500 1886.9
1193510 1886.9
1193520 1893.0
1193530 1899.7
1193540 1899.7
1193550 1906.2
1193560 1913.2
1193570 1913.2
1193580 1920.4
1193590 1928.2
1193600 1924.8
1193610 1926.2
1193620 1925.6
1193630 1925.6
1193640 1923.6
1193650 1921.3
1193660 1921.3
1193670 1919.0
1193680 1916.3
1193690 1913.0
1193700 1913.0
1193710 1910.2
1193720 1906.7
1193730 1906.7
1193740 1903.1
1193750 1899.4
1193760 1899.4
1193770 1894.7
1193780 1889.1
1193790 1889.1
1193800 1882.7
1193810 1875.6
1193820 1875.6
1193830 1867.7
1193840 1860.4
1193850 1860.4
1193860 1852.0
1193870 1843.9
1193880 1843.9
1193890 1836.9
1193900 1831.6
1193910 1831.6
1193920 1827.0
1193930 1821.2
1193940 1821.2
1193950 1814.0
1193960 1806.7
1193970 1806.7
1193980 1800.7
1193990 1795.5
1194000 1793.2
1194010 1793.2
1194020 1792.6
1194030 1789.5
1194040 1783.5
1194050 1780.4
1194060 1777.1
1194070 1777.1
1194080 1774.6
1194090 1773.2
1194100 1773.2
1194110 1770.3
1194120 1765.0
1194130 1765.0
1194140 1758.2
1194150 1751.8
1194160 1751.8
1194170 1745.3
1194180 1734.1
1194190 1734.1
1194200 1717.7
1194210 1705.1
1194220 1705.1
1194230 1694.9
1194240 1679.4
1194250 1679.4
1194260 1670.5
1194270 1672.3
1194280 1672.3
1194290 1671.0
1194300 1669.4
1194310 1669.4
1194320 1664.7
1194330 1662.5
1194340 1659.4
1194350 1659.4
1194360 1659.1
1194370 1659.4
1194380 1659.4
1194390 1655.1
1194400 1648.8
1194410 1648.8
1194420 1642.0
1194430 1638.6
1194440 1638.6
1194450 1642.2
1194460 1645.9
1194470 1645.9
1194480 1639.7
1194490 1634.7
1194500 1634.7
1194510 1627.7
1194520 1620.9
1194530 1620.9
1194540 1614.8
1194550 1608.2
1194560 1608.2
1194570 1605.8
1194580 1601.5
1194590 1601.5
1194600 1595.8
1194610 1589.7
1194620 1589.7
1194630 1584.1
1194640 1577.6
1194650 1571.8
1194660 1571.8
1194670 1566.2
1194680 1561.2
1194690 1561.2
1194700 1557.1
1194710 1553.1
1194720 1553.1
1194730 1548.7
1194740 1545.1
1194750 1545.1
1194760 1541.7
1194770 1538.0
1194780 1538.0
1194790 1533.8
1194800 1529.2
1194810 1529.2
1194820 1524.4
1194830 1518.1
1194840 1518.1
1194850 1513.1
1194860 1509.1
1194870 1509.1
1194880 1503.4
1194890 1498.1
1194900 1498.1
1194910 1493.5
1194920 1485.8
1194930 1485.8
1194940 1481.3
1194950 1477.8
1194960 1475.6
1194970 1475.6
1194980 1474.4
1194990 1473.2
1195000 1473.2
1195010 1470.4
1195020 1465.4
1195030 1465.4
1195040 1459.8
1195050 1455.8
1195060 1455.8
1195070 1453.1
1195080 1450.0
1195090 1450.0
1195100 1446.6
1195110 1443.0
1195120 1443.0
1195130 1438.3
1195140 1435.7
1195150 1435.7
1195160 1435.2
1195170 1433.3
1195180 1433.3
1195190 1431.2
1195200 1428.8
1195210 1428.8
1195220 1426.4
1195230 1424.7
1195240 1424.7
1195250 1423.1
1195260 1421.7
1195270 1420.8
1195280 1420.8
1195290 1420.3
1195300 1420.3
1195310 1420.3
1195320 1420.0
1195330 1419.5
1195340 1419.5
1195350 1418.4
1195360 1414.9
1195370 1414.9
1195380 1414.2
1195390 1413.4
1195400 1413.4
1195410 1413.6
1195420 1414.6
1195430 1414.6
1195440 1415.7
1195450 1416.8
1195460 1416.8
1195470 1419.2
1195480 1421.7
1195490 1421.7
1195500 1423.7
1195510 1425.8
1195520 1425.8
1195530 1428.0
1195540 1429.9
1195550 1429.9
1195560 1431.3
1195570 1431.8
1195580 1432.4
1195590 1432.4
1195600 1432.3
1195610 1430.1
1195620 1430.1
1195630 1426.6
1195640 1423.7
1195650 1423.7
1195660 1422.3
1195670 1421.4
1195680 1421.4
1195690 1418.8
1195700 1414.8
1195710 1414.8
1195720 1410.7
1195730 1407.8
1195740 1407.8
1195750 1406.2
1195760 1405.1
1195770 1405.1
1195780 1403.8
1195790 1402.3
1195800 1402.3
1195810 1399.2
1195820 1397.0
1195830 1397.0
1195840 1394.6
1195850 1392.3
1195860 1392.3
1195870 1390.2
1195880 1388.6
1195890 1387.4
1195900 1387.4
1195910 1386.6
1195920 1386.1
1195930 1386.1
1195940 1385.5
1195950 1384.9
1195960 1384.9
1195970 1384.3
1195980 1384.2
1195990 1384.2
1196000 1384.2
1196010 1384.3
1196020 1384.3
1196030 1384.2
1196040 1384.5
1196050 1384.5
1196060 1385.7
1196070 1386.6
1196080 1386.6
1196090 1387.0
1196100 1387.2
1196110 1387.2
1196120 1387.0
1196130 1386.9
1196140 1386.9
1196150 1386.3
1196160 1386.6
1196170 1386.6
1196180 1386.8
1196190 1386.7
1196200 1387.2
1196210 1387.2
1196220 1388.5
1196230 1388.2
1196240 1388.2
1196250 1387.2
1196260 1388.2
1196270 1388.2
1196280 1388.8
1196290 1389.8
1196300 1389.8
1196310 1390.7
1196320 1390.9
1196330 1390.9
1196340 1391.0
1196350 1390.8
1196360 1390.8
1196370 1390.0
1196380 1387.9
1196390 1387.9
1196400 1385.1
1196410 1385.6
1196420 1385.6
1196430 1386.6
1196440 1386.5
1196450 1386.5
1196460 1385.9
1196470 1386.1
1196480 1386.1
1196490 1386.6
1196500 1387.4
1196510 1388.7
1196520 1388.7
1196530 1390.7
1196540 1392.5
1196550 1392.5
1196560 1394.3
1196570 1395.4
1196580 1395.4
1196590 1395.3
1196600 1395.1
1196610 1395.1
1196620 1395.4
1196630 1395.3
1196640 1395.3
1196650 1394.3
1196660 1392.9
1196670 1392.9
1196680 1391.8
1196690 1387.8
1196700 1387.8
1196710 1385.9
1196720 1385.8
1196730 1385.8
1196740 1386.2
1196750 1386.8
1196760 1386.8
1196770 1386.7
1196780 1386.3
1196790 1386.3
1196800 1385.9
1196810 1385.8
1196820 1385.8
1196830 1385.7
1196840 1385.7
1196850 1386.3
1196860 1386.3
1196870 1387.5
1196880 1388.7
1196890 1388.7
1196900 1390.3
1196910 1392.2
1196920 1392.2
1196930 1394.8
1196940 1397.9
1196950 1397.9
1196960 1399.5
1196970 1399.3
1196980 1399.3
1196990 1398.2
1197000 1398.1
1197010 1398.1
1197020 1398.4
1197030 1399.8
1197040 1399.8
1197050 1401.6
1197060 1403.0
1197070 1403.0
1197080 1404.0
1197090 1405.2
1197100 1405.2
1197110 1406.2
1197120 1407.4
1197130 1404.9
1197140 1406.7
1197150 1408.7
1197160 1410.4
1197170 1410.4
1197180 1411.8
1197190 1413.3
1197200 1413.3
1197210 1415.0
1197220 1417.2
1197230 1417.2
1197240 1420.5
1197250 1423.3
1197260 1423.3
1197270 1427.1
1197280 1430.8
1197290 1430.8
1197300 1433.5
1197310 1435.5
1197320 1435.5
1197330 1436.8
1197340 1436.3
1197350 1436.3
1197360 1434.5
1197370 1432.6
1197380 1432.6
1197390 1432.3
1197400 1433.7
1197410 1433.7
1197420 1436.5
1197430 1440.9
1197440 1440.9
1197450 1444.3
1197460 1444.3
1197470 1448.1
1197480 1448.1
1197490 1453.9
1197500 1458.8
1197510 1458.8
1197520 1461.0
1197530 1463.3
1197540 1463.3
1197550 1467.1
1197560 1471.6
1197570 1471.6
1197580 1474.1
1197590 1478.6
1197600 1478.6
1197610 1483.1
1197620 1486.6
1197630 1486.6
1197640 1488.8
1197650 1492.1
1197660 1492.1
1197670 1496.4
1197680 1501.2
1197690 1501.2
1197700 1504.5
1197710 1506.1
1197720 1506.1
1197730 1509.5
1197740 1512.6
1197750 1512.6
1197760 1515.9
1197770 1518.7
1197780 1521.9
1197790 1521.9
1197800 1524.9
1197810 1528.0
1197820 1528.0
1197830 1530.6
1197840 1533.4
1197850 1533.4
1197860 1539.4
1197870 1545.1
1197880 1545.1
1197890 1551.0
1197900 1557.1
1197910 1557.1
1197920 1563.3
1197930 1569.8
1197940 1569.8
1197950 1576.5
1197960 1583.8
1197970 1583.8
1197980 1591.7
1197990 1599.8
1198000 1599.8
1198010 1607.6
1198020 1615.0
1198030 1615.0
1198040 1623.3
1198050 1630.8
1198060 1630.8
1198070 1638.1
1198080 1645.0
1198090 1651.9
1198100 1651.9
1198110 1659.0
1198120 1666.1
1198130 1666.1
1198140 1673.3
1198150 1680.8
1198160 1680.8
1198170 1688.3
1198180 1696.1
1198190 1696.1
1198200 1704.2
1198210 1712.6
1198220 1712.6
1198230 1721.3
1198240 1730.7
1198250 1730.7
1198260 1740.5
1198270 1750.2
1198280 1750.2
1198290 1758.9
1198300 1765.7
1198310 1765.7
1198320 1765.7
1198330 1764.3
1198340 1764.3
1198350 1762.3
1198360 1760.5
1198370 1760.5
1198380 1758.9
1198390 1757.1
1198400 1755.0
1198410 1755.0
1198420 1754.5
1198430 1755.1
1198440 1755.1
1198450 1755.7
1198460 1756.3
1198470 1763.5
1198480 1762.6
1198490 1760.7
1198500 1760.7
1198510 1758.3
1198520 1755.7
1198530 1755.7
1198540 1753.0
1198550 1748.3
1198560 1748.3
1198570 1741.3
1198580 1733.2
1198590 1733.2
1198600 1725.8
1198610 1719.0
1198620 1719.0
1198630 1712.7
1198640 1706.8
1198650 1706.8
1198660 1701.5
1198670 1697.7
1198680 1697.7
1198690 1696.3
1198700 1694.9
1198710 1692.8
1198720 1692.8
1198730 1689.2
1198740 1684.4
1198750 1684.4
1198760 1678.4
1198770 1672.4
1198780 1672.4
1198790 1668.0
1198800 1664.3
1198810 1664.3
1198820 1661.1
1198830 1658.5
1198840 1658.5
1198850 1655.4
1198860 1651.3
1198870 1651.3
1198880 1646.0
1198890 1640.4
1198900 1640.4
1198910 1635.1
1198920 1631.8
1198930 1631.8
1198940 1627.6
1198950 1625.5
1198960 1625.5
1198970 1622.0
1198980 1617.2
1198990 1617.2
1199000 1613.5
1199010 1610.1
1199020 1610.1
1199030 1607.3
1199040 1605.7
1199050 1604.8
1199060 1604.8
1199070 1603.3
1199080 1599.0
1199090 1599.0
1199100 1594.9
1199110 1592.0
1199120 1592.0
1199130 1588.3
1199140 1584.9
1199150 1584.9
1199160 1582.7
1199170 1581.6
1199180 1581.6
1199190 1581.5
1199200 1582.4
1199210 1582.4
1199220 1584.0
1199230 1586.2
1199240 1586.2
1199250 1588.5
1199260 1590.6
1199270 1590.6
1199280 1591.5
1199290 1589.9
1199300 1589.9
1199310 1587.0
1199320 1583.5
1199330 1583.5
1199340 1579.5
1199350 1576.1
1199360 1582.2
1199370 1582.2
1199380 1579.2
1199390 1576.3
1199400 1576.3
1199410 1573.6
1199420 1569.7
1199430 1569.7
1199440 1565.9
1199450 1562.3
1199460 1562.3
1199470 1559.0
1199480 1556.1
1199490 1556.1
1199500 1554.0
1199510 1552.4
1199520 1552.4
1199530 1550.7
1199540 1549.4
1199550 1549.4
1199560 1548.9
1199570 1548.9
1199580 1548.9
1199590 1549.6
1199600 1548.4
1199610 1548.4
1199620 1542.9
1199630 1536.1
1199640 1536.1
1199650 1529.8
1199660 1524.4
1199670 1520.1
1199680 1520.1
1199690 1516.6
1199700 1513.1
1199710 1513.1
1199720 1510.2
1199730 1507.7
1199740 1507.7
1199750 1504.9
1199760 1501.9
1199770 1501.9
1199780 1498.1
1199790 1494.7
1199800 1494.7
1199810 1497.8
1199820 1496.0
1199830 1496.0
1199840 1493.6
1199850 1490.5
1199860 1490.5
1199870 1487.5
1199880 1484.8
1199890 1484.8
1199900 1481.0
1199910 1477.1
1199920 1477.1
1199930 1474.4
1199940 1470.2
1199950 1470.2
1199960 1466.2
1199970 1461.9
1199980 1457.3
1199990 1457.3
