1180000 902.0
1180010 901.9
1180020 901.9
1180030 901.8
1180040 901.7
1180050 901.7
1180060 901.7
1180070 902.1
1180080 904.0
1180090 904.0
1180100 907.7
1180110 906.3
1180120 906.3
1180130 906.0
1180140 908.4
1180150 908.4
1180160 911.0
1180170 912.2
1180180 912.2
1180190 912.6
1180200 912.6
1180210 912.6
1180220 912.5
1180230 912.3
1180240 912.3
1180250 912.1
1180260 912.1
1180270 912.1
1180280 912.4
1180290 912.3
1180300 912.3
1180310 912.4
1180320 912.4
1180330 912.4
1180340 912.2
1180350 912.1
1180360 912.1
1180370 912.1
1180380 912.1
1180390 912.0
1180400 912.0
1180410 911.9
1180420 911.9
1180430 911.9
1180440 911.8
1180450 911.8
1180460 911.8
1180470 911.7
1180480 911.7
1180490 911.7
1180500 911.7
1180510 911.5
1180520 911.5
1180530 911.4
1180540 911.3
1180550 911.3
1180560 911.3
1180570 911.2
1180580 911.2
1180590 911.1
1180600 911.1
1180610 911.1
1180620 911.0
1180630 910.8
1180640 910.8
1180650 910.8
1180660 910.7
1180670 910.6
1180680 910.6
1180690 910.5
1180700 910.4
1180710 910.4
1180720 910.3
1180730 910.2
1180740 910.3
1180750 910.2
1180760 909.9
1180770 909.9
1180780 909.8
1180790 909.8
1180800 909.8
1180810 909.7
1180820 909.8
1180830 909.8
1180840 909.8
1180850 909.8
1180860 909.8
1180870 909.8
1180880 909.9
1180890 909.9
1180900 910.2
1180910 910.2
1180920 910.2
1180930 910.5
1180940 910.3
1180950 910.3
1180960 910.3
1180970 910.5
1180980 910.5
1180990 910.8
1181000 910.7
1181010 910.4
1181020 910.4
1181030 910.4
1181040 910.6
1181050 910.6
1181060 910.7
1181070 910.7
1181080 910.7
1181090 910.4
1181100 911.1
1181110 911.1
1181120 911.4
1181130 910.7
1181140 910.7
1181150 910.3
1181160 912.2
1181170 912.2
1181180 913.6
1181190 914.7
1181200 914.7
1181210 915.4
1181220 915.7
1181230 915.7
1181240 915.8
1181250 916.7
1181260 916.7
1181270 918.5
1181280 919.3
1181290 919.3
1181300 920.9
1181310 923.0
1181320 925.0
1181330 925.0
1181340 926.8
1181350 928.3
1181360 928.3
1181370 929.5
1181380 931.1
1181390 931.1
1181400 932.5
1181410 933.2
1181420 933.2
1181430 934.5
1181440 934.8
1181450 934.8
1181460 935.0
1181470 936.3
1181480 936.3
1181490 936.1
1181500 935.4
1181510 935.4
1181520 934.5
1181530 933.8
1181540 933.8
1181550 933.5
1181560 932.5
1181570 932.5
1181580 933.9
1181590 932.6
1181600 932.6
1181610 931.7
1181620 930.0
1181630 928.2
1181640 928.2
1181650 927.1
1181660 926.3
1181670 926.3
1181680 926.0
1181690 925.5
1181700 925.5
1181710 926.5
1181720 927.7
1181730 927.7
1181740 928.8
1181750 929.9
1181760 929.9
1181770 931.4
1181780 932.2
1181790 932.2
1181800 933.2
1181810 933.7
1181820 933.7
1181830 933.7
1181840 934.5
1181850 934.5
1181860 936.3
1181870 937.1
1181880 937.1
1181890 937.1
1181900 936.5
1181910 936.5
1181920 936.1
1181930 936.2
1181940 936.2
1181950 936.9
1181960 938.0
1181970 938.3
1181980 938.3
1181990 938.8
1182000 940.1
1182010 940.1
1182020 938.5
1182030 938.0
1182040 938.0
1182050 938.7
1182060 938.1
1182070 938.1
1182080 937.2
1182090 935.9
1182100 935.9
1182110 935.3
1182120 934.6
1182130 934.6
1182140 933.1
1182150 932.8
1182160 932.8
1182170 934.9
1182180 938.0
1182190 938.0
1182200 941.4
1182210 944.3
1182220 944.3
1182230 946.1
1182240 949.6
1182250 949.6
1182260 952.3
1182270 953.1
1182280 954.5
1182290 954.5
1182300 955.4
1182310 956.2
1182320 956.2
1182330 958.8
1182340 961.0
1182350 961.0
1182360 961.0
1182370 962.1
1182380 962.1
1182390 963.1
1182400 963.9
1182410 963.9
1182420 968.0
1182430 969.8
1182440 969.8
1182450 970.6
1182460 971.6
1182470 971.6
1182480 973.2
1182490 974.8
1182500 974.8
1182510 977.0
1182520 979.4
1182530 979.4
1182540 981.3
1182550 982.5
1182560 982.5
1182570 983.1
1182580 984.0
1182590 983.5
1182600 983.5
1182610 983.6
1182620 982.7
1182630 982.7
1182640 982.7
1182650 983.7
1182660 983.7
1182670 983.4
1182680 982.6
1182690 982.6
1182700 981.0
1182710 979.4
1182720 979.4
1182730 976.7
1182740 975.9
1182750 975.9
1182760 977.6
1182770 980.2
1182780 980.2
1182790 982.9
1182800 985.5
1182810 985.5
1182820 988.0
1182830 990.8
1182840 998.5
1182850 1002.7
1182860 1008.3
1182870 1008.3
1182880 1016.3
1182890 1025.0
1182900 1023.5
1182910 1023.5
1182920 1026.9
1182930 1031.3
1182940 1031.3
1182950 1035.6
1182960 1037.7
1182970 1037.7
1182980 1038.1
1182990 1038.5
1183000 1038.5
1183010 1037.7
1183020 1029.8
1183030 1029.8
1183040 1013.0
1183050 1007.3
1183060 1007.3
1183070 1019.5
1183080 1037.5
1183090 1037.5
1183100 1051.7
1183110 1057.5
1183120 1057.5
1183130 1063.0
1183140 1066.6
1183150 1066.6
1183160 1067.4
1183170 1066.9
1183180 1066.9
1183190 1065.3
1183200 1063.9
1183210 1063.9
1183220 1063.0
1183230 1062.1
1183240 1062.9
1183250 1062.9
1183260 1061.8
1183270 1061.7
1183280 1061.7
1183290 1060.8
1183300 1060.5
1183310 1060.5
1183320 1061.5
1183330 1063.0
1183340 1063.0
1183350 1065.5
1183360 1068.3
1183370 1068.3
1183380 1070.3
1183390 1073.4
1183400 1073.4
1183410 1078.0
1183420 1088.1
1183430 1088.1
1183440 1093.1
1183450 1097.1
1183460 1097.1
1183470 1097.7
1183480 1096.6
1183490 1096.6
1183500 1095.8
1183510 1095.6
1183520 1095.6
1183530 1095.6
1183540 1095.9
1183550 1095.0
1183560 1095.0
1183570 1093.2
1183580 1090.1
1183590 1090.1
1183600 1091.0
1183610 1094.5
1183620 1094.5
1183630 1095.7
1183640 1093.1
1183650 1093.1
1183660 1091.4
1183670 1090.0
1183680 1090.0
1183690 1088.3
1183700 1092.1
1183710 1092.1
1183720 1095.5
1183730 1096.4
1183740 1096.4
1183750 1097.6
1183760 1101.3
1183770 1101.3
1183780 1105.2
1183790 1109.3
1183800 1109.3
1183810 1114.3
1183820 1120.3
1183830 1120.3
1183840 1125.4
1183850 1126.5
1183860 1127.2
1183870 1127.2
1183880 1127.9
1183890 1130.8
1183900 1130.8
1183910 1134.8
1183920 1137.9
1183930 1137.9
1183940 1140.9
1183950 1147.4
1183960 1147.4
1183970 1153.3
1183980 1154.9
1183990 1154.9
1184000 1154.7
1184010 1155.1
1184020 1155.1
1184030 1160.8
1184040 1174.0
1184050 1174.0
1184060 1182.9
1184070 1183.0
1184080 1183.0
1184090 1184.4
1184100 1187.3
1184110 1187.3
1184120 1193.4
1184130 1193.8
1184140 1193.8
1184150 1194.7
1184160 1193.8
1184170 1191.3
1184180 1191.3
1184190 1189.4
1184200 1189.9
1184210 1189.9
1184220 1191.5
1184230 1192.4
1184240 1192.4
1184250 1190.9
1184260 1188.4
1184270 1188.4
1184280 1186.4
1184290 1185.8
1184300 1185.8
1184310 1184.8
1184320 1183.9
1184330 1183.9
1184340 1183.3
1184350 1183.2
1184360 1183.2
1184370 1180.0
1184380 1176.7
1184390 1176.7
1184400 1179.0
1184410 1181.0
1184420 1181.0
1184430 1183.0
1184440 1186.5
1184450 1186.5
1184460 1188.9
1184470 1190.2
1184480 1190.2
1184490 1191.9
1184500 1195.5
1184510 1198.5
1184520 1198.5
1184530 1199.6
1184540 1205.0
1184550 1205.0
1184560 1206.1
1184570 1207.9
1184580 1207.9
1184590 1209.4
1184600 1210.1
1184610 1210.1
1184620 1209.2
1184630 1209.0
1184640 1209.0
1184650 1209.9
1184660 1208.3
1184670 1208.3
1184680 1206.7
1184690 1207.7
1184700 1207.7
1184710 1208.8
1184720 1210.6
1184730 1210.6
1184740 1211.5
1184750 1213.4
1184760 1213.4
1184770 1218.0
1184780 1222.7
1184790 1222.7
1184800 1225.5
1184810 1227.3
1184820 1229.1
1184830 1229.1
1184840 1231.6
1184850 1234.5
1184860 1234.5
1184870 1237.5
1184880 1240.3
1184890 1240.3
1184900 1241.8
1184910 1243.3
1184920 1243.3
1184930 1243.8
1184940 1242.0
1184950 1242.0
1184960 1238.9
1184970 1239.1
1184980 1239.1
1184990 1237.2
1185000 1237.9
1185010 1237.9
1185020 1237.8
1185030 1237.3
1185040 1237.3
1185050 1237.1
1185060 1237.1
1185070 1237.1
1185080 1237.0
1185090 1236.1
1185100 1236.1
1185110 1234.9
1185120 1234.5
1185130 1234.7
1185140 1234.7
1185150 1236.3
1185160 1237.2
1185170 1237.2
1185180 1237.9
1185190 1238.0
1185200 1238.0
1185210 1240.8
1185220 1245.1
1185230 1245.1
1185240 1250.1
1185250 1256.6
1185260 1256.6
1185270 1260.8
1185280 1260.2
1185290 1260.2
1185300 1263.5
1185310 1265.3
1185320 1265.3
1185330 1264.0
1185340 1264.9
1185350 1264.9
1185360 1265.6
1185370 1265.7
1185380 1265.7
1185390 1272.7
1185400 1272.6
1185410 1272.6
1185420 1272.5
1185430 1271.6
1185440 1271.6
1185450 1269.7
1185460 1267.9
1185470 1265.7
1185480 1265.7
1185490 1264.3
1185500 1264.9
1185510 1264.9
1185520 1267.1
1185530 1267.8
1185540 1267.8
1185550 1268.0
1185560 1267.4
1185570 1267.4
1185580 1267.0
1185590 1267.7
1185600 1267.7
1185610 1268.5
1185620 1269.7
1185630 1269.7
1185640 1270.7
1185650 1271.7
1185660 1271.7
1185670 1272.9
1185680 1273.9
1185690 1273.9
1185700 1274.8
1185710 1276.4
1185720 1276.4
1185730 1277.3
1185740 1278.1
1185750 1278.1
1185760 1276.9
1185770 1278.5
1185780 1280.4
1185790 1280.4
1185800 1281.1
1185810 1281.2
1185820 1287.4
1185830 1287.9
1185840 1287.5
1185850 1287.5
1185860 1286.5
1185870 1285.4
1185880 1285.4
1185890 1283.3
1185900 1280.4
1185910 1280.4
1185920 1275.5
1185930 1270.4
1185940 1270.4
1185950 1267.4
1185960 1264.0
1185970 1264.0
1185980 1262.2
1185990 1260.7
1186000 1260.7
1186010 1257.8
1186020 1253.3
1186030 1253.3
1186040 1251.2
1186050 1252.7
1186060 1252.7
1186070 1251.3
1186080 1250.9
1186090 1250.1
1186100 1250.1
1186110 1245.2
1186120 1239.4
1186130 1239.4
1186140 1234.3
1186150 1230.3
1186160 1230.3
1186170 1224.6
1186180 1221.7
1186190 1221.7
1186200 1219.7
1186210 1217.2
1186220 1217.2
1186230 1213.4
1186240 1210.7
1186250 1220.6
1186260 1218.8
1186270 1216.8
1186280 1216.8
1186290 1211.4
1186300 1203.4
1186310 1203.4
1186320 1198.5
1186330 1196.5
1186340 1196.5
1186350 1192.2
1186360 1187.5
1186370 1187.5
1186380 1183.1
1186390 1180.7
1186400 1177.9
1186410 1177.9
1186420 1173.0
1186430 1166.1
1186440 1166.1
1186450 1158.8
1186460 1152.0
1186470 1152.0
1186480 1145.6
1186490 1140.4
1186500 1140.4
1186510 1136.4
1186520 1134.2
1186530 1134.2
1186540 1131.5
1186550 1128.6
1186560 1128.6
1186570 1125.5
1186580 1122.1
1186590 1122.1
1186600 1118.1
1186610 1114.2
1186620 1114.2
1186630 1110.1
1186640 1106.4
1186650 1106.4
1186660 1103.0
1186670 1099.4
1186680 1101.4
1186690 1097.6
1186700 1093.5
1186710 1093.5
1186720 1089.5
1186730 1085.8
1186740 1083.6
1186750 1083.6
1186760 1082.4
1186770 1078.9
1186780 1078.9
1186790 1074.1
1186800 1070.8
1186810 1070.8
1186820 1069.2
1186830 1068.0
1186840 1068.0
1186850 1065.6
1186860 1062.7
1186870 1062.7
1186880 1059.7
1186890 1056.5
1186900 1056.5
1186910 1054.0
1186920 1049.6
1186930 1049.6
1186940 1043.3
1186950 1036.5
1186960 1036.5
1186970 1030.3
1186980 1024.2
1186990 1024.2
1187000 1017.9
1187010 1012.0
1187020 1012.0
1187030 1007.1
1187040 1003.6
1187050 1004.2
1187060 1004.2
1187070 1001.4
1187080 992.2
1187090 992.2
1187100 981.7
1187110 979.5
1187120 979.5
1187130 972.6
1187140 966.1
1187150 966.1
1187160 969.2
1187170 981.8
1187180 981.8
1187190 989.7
1187200 1000.8
1187210 1000.8
1187220 1010.7
1187230 1021.7
1187240 1021.7
1187250 1034.2
1187260 1043.9
1187270 1043.9
1187280 1043.4
1187290 1040.9
1187300 1040.9
1187310 1039.7
1187320 1041.2
1187330 1041.2
1187340 1043.4
1187350 1046.9
1187360 1050.2
1187370 1050.2
1187380 1055.2
1187390 1061.4
1187400 1061.4
1187410 1068.9
1187420 1075.1
1187430 1075.1
1187440 1077.0
1187450 1078.0
1187460 1078.0
1187470 1082.3
1187480 1084.7
1187490 1084.7
1187500 1087.0
1187510 1089.4
1187520 1089.4
1187530 1090.6
1187540 1088.9
1187550 1088.9
1187560 1090.7
1187570 1092.5
1187580 1092.5
1187590 1094.7
1187600 1097.6
1187610 1097.6
1187620 1100.7
1187630 1104.0
1187640 1104.0
1187650 1107.5
1187660 1111.6
1187670 1115.3
1187680 1115.3
1187690 1118.9
1187700 1123.3
1187710 1123.3
1187720 1127.7
1187730 1131.5
1187740 1131.5
1187750 1135.0
1187760 1138.6
1187770 1138.6
1187780 1142.2
1187790 1145.4
1187800 1145.4
1187810 1148.5
1187820 1150.6
1187830 1150.6
1187840 1151.4
1187850 1152.0
1187860 1152.0
1187870 1152.4
1187880 1152.8
1187890 1152.8
1187900 1153.2
1187910 1153.6
1187920 1153.6
1187930 1154.5
1187940 1155.8
1187950 1155.8
1187960 1157.2
1187970 1156.6
1187980 1156.6
1187990 1158.4
1188000 1160.4
1188010 1162.2
1188020 1162.2
1188030 1164.2
1188040 1166.6
1188050 1166.6
1188060 1169.2
1188070 1171.8
1188080 1171.8
1188090 1174.5
1188100 1177.5
1188110 1177.5
1188120 1179.9
1188130 1181.2
1188140 1181.2
1188150 1181.5
1188160 1182.9
1188170 1182.9
1188180 1186.5
1188190 1190.2
1188200 1190.2
1188210 1192.9
1188220 1195.6
1188230 1195.6
1188240 1198.9
1188250 1202.6
1188260 1202.6
1188270 1204.4
1188280 1205.8
1188290 1205.8
1188300 1208.4
1188310 1212.0
1188320 1215.8
1188330 1215.8
1188340 1219.3
1188350 1222.8
1188360 1222.8
1188370 1226.0
1188380 1227.6
1188390 1227.6
1188400 1222.3
1188410 1223.1
1188420 1223.1
1188430 1223.7
1188440 1224.4
1188450 1224.4
1188460 1225.3
1188470 1225.3
1188480 1225.3
1188490 1224.4
1188500 1224.3
1188510 1224.3
1188520 1227.7
1188530 1230.5
1188540 1230.5
1188550 1232.0
1188560 1235.2
1188570 1235.2
1188580 1239.0
1188590 1242.1
1188600 1242.1
1188610 1244.4
1188620 1247.2
1188630 1252.0
1188640 1252.0
1188650 1258.1
1188660 1262.9
1188670 1262.9
1188680 1266.9
1188690 1270.8
1188700 1270.8
1188710 1275.6
1188720 1282.4
1188730 1282.4
1188740 1286.5
1188750 1289.9
1188760 1289.9
1188770 1292.6
1188780 1296.3
1188790 1296.3
1188800 1300.3
1188810 1302.9
1188820 1302.9
1188830 1298.6
1188840 1301.0
1188850 1301.0
1188860 1302.6
1188870 1305.9
1188880 1305.9
1188890 1309.1
1188900 1311.9
1188910 1311.9
1188920 1314.0
1188930 1314.7
1188940 1314.7
1188950 1315.6
1188960 1316.6
1188970 1317.1
1188980 1317.1
1188990 1316.9
1189000 1315.5
1189010 1315.5
1189020 1315.3
1189030 1316.3
1189040 1316.3
1189050 1318.1
1189060 1320.6
1189070 1320.6
1189080 1322.9
1189090 1325.0
1189100 1325.0
1189110 1327.7
1189120 1329.4
1189130 1329.4
1189140 1330.3
1189150 1331.4
1189160 1331.4
1189170 1333.5
1189180 1335.9
1189190 1335.9
1189200 1338.7
1189210 1342.7
1189220 1342.7
1189230 1347.2
1189240 1350.8
1189250 1350.8
1189260 1347.2
1189270 1350.2
1189280 1353.2
1189290 1353.2
1189300 1355.5
1189310 1356.7
1189320 1356.7
1189330 1356.3
1189340 1355.4
1189350 1355.4
1189360 1353.4
1189370 1351.0
1189380 1351.0
1189390 1349.2
1189400 1349.7
1189410 1349.7
1189420 1349.8
1189430 1348.1
1189440 1348.1
1189450 1345.9
1189460 1344.5
1189470 1344.5
1189480 1342.2
1189490 1341.0
1189500 1341.0
1189510 1341.7
1189520 1342.0
1189530 1342.0
1189540 1340.4
1189550 1339.4
1189560 1339.4
1189570 1339.4
1189580 1340.0
1189590 1340.3
1189600 1340.3
1189610 1341.8
1189620 1342.7
1189630 1342.7
1189640 1344.1
1189650 1345.0
1189660 1345.0
1189670 1345.2
1189680 1345.5
1189690 1344.7
1189700 1347.6
1189710 1349.8
1189720 1349.8
1189730 1349.9
1189740 1350.6
1189750 1350.6
1189760 1352.8
1189770 1355.4
1189780 1355.4
1189790 1358.5
1189800 1361.8
1189810 1361.8
1189820 1365.1
1189830 1368.8
1189840 1368.8
1189850 1371.0
1189860 1371.6
1189870 1371.6
1189880 1372.7
1189890 1374.3
1189900 1375.0
1189910 1375.0
1189920 1375.5
1189930 1375.9
1189940 1375.9
1189950 1374.8
1189960 1372.7
1189970 1372.7
1189980 1369.7
1189990 1368.7
1190000 1368.7
1190010 1369.2
1190020 1370.1
1190030 1370.1
1190040 1370.5
1190050 1370.4
1190060 1370.4
1190070 1371.6
1190080 1373.1
1190090 1373.1
1190100 1374.8
1190110 1376.5
1190120 1376.5
1190130 1376.6
1190140 1377.8
1190150 1377.8
1190160 1376.4
1190170 1377.2
1190180 1377.2
1190190 1378.7
1190200 1380.3
1190210 1380.3
1190220 1382.4
1190230 1385.0
1190240 1388.8
1190250 1388.8
1190260 1391.9
1190270 1392.1
1190280 1392.1
1190290 1391.4
1190300 1393.0
1190310 1393.0
1190320 1394.1
1190330 1395.2
1190340 1395.2
1190350 1397.2
1190360 1399.2
1190370 1399.2
1190380 1401.1
1190390 1402.9
1190400 1402.9
1190410 1404.5
1190420 1406.0
1190430 1406.0
1190440 1407.6
1190450 1409.7
1190460 1409.7
1190470 1412.3
1190480 1413.8
1190490 1413.8
1190500 1414.5
1190510 1416.3
1190520 1416.3
1190530 1420.4
1190540 1425.9
1190550 1430.2
1190560 1430.4
1190570 1432.8
1190580 1437.1
1190590 1437.1
1190600 1441.5
1190610 1444.8
1190620 1444.8
1190630 1447.4
1190640 1450.7
1190650 1450.7
1190660 1454.9
1190670 1459.2
1190680 1459.2
1190690 1463.6
1190700 1468.6
1190710 1468.6
1190720 1473.3
1190730 1475.8
1190740 1475.8
1190750 1478.4
1190760 1479.3
1190770 1479.3
1190780 1479.6
1190790 1480.9
1190800 1480.9
1190810 1482.8
1190820 1484.8
1190830 1484.8
1190840 1486.3
1190850 1486.5
1190860 1484.9
1190870 1484.9
1190880 1482.4
1190890 1484.9
1190900 1484.9
1190910 1489.8
1190920 1491.0
1190930 1491.0
1190940 1493.1
1190950 1496.0
1190960 1496.0
1190970 1500.5
1190980 1504.9
1190990 1499.5
1191000 1503.4
1191010 1506.5
1191020 1506.5
1191030 1509.6
1191040 1512.8
1191050 1512.8
1191060 1513.4
1191070 1512.0
1191080 1512.0
1191090 1511.0
1191100 1514.2
1191110 1514.2
1191120 1515.5
1191130 1516.6
1191140 1516.6
1191150 1518.4
1191160 1520.9
1191170 1522.3
1191180 1522.3
1191190 1524.2
1191200 1526.8
1191210 1526.8
1191220 1531.5
1191230 1537.1
1191240 1537.1
1191250 1540.0
1191260 1543.2
1191270 1543.2
1191280 1546.7
1191290 1550.4
1191300 1550.4
1191310 1555.5
1191320 1561.0
1191330 1561.0
1191340 1565.0
1191350 1568.2
1191360 1568.2
1191370 1572.9
1191380 1579.0
1191390 1579.0
1191400 1583.3
1191410 1588.3
1191420 1588.3
1191430 1590.0
1191440 1595.0
1191450 1595.0
1191460 1600.8
1191470 1608.8
1191480 1608.8
1191490 1619.0
1191500 1626.0
1191510 1630.7
1191520 1630.7
1191530 1635.2
1191540 1639.5
1191550 1639.5
1191560 1644.1
1191570 1648.5
1191580 1648.5
1191590 1652.9
1191600 1657.4
1191610 1657.4
1191620 1661.0
1191630 1665.0
1191640 1665.0
1191650 1670.6
1191660 1676.0
1191670 1676.0
1191680 1681.4
1191690 1688.3
1191700 1688.3
1191710 1695.2
1191720 1702.5
1191730 1702.5
1191740 1707.4
1191750 1712.2
1191760 1712.2
1191770 1718.4
1191780 1724.0
1191790 1724.0
1191800 1728.1
1191810 1733.2
1191820 1738.2
1191830 1738.2
1191840 1744.1
1191850 1751.3
1191860 1753.1
1191870 1760.3
1191880 1766.4
1191890 1766.4
1191900 1771.6
1191910 1777.9
1191920 1777.9
1191930 1785.3
1191940 1792.1
1191950 1792.1
1191960 1798.4
1191970 1805.5
1191980 1805.5
1191990 1813.1
1192000 1821.1
1192010 1821.1
1192020 1827.4
1192030 1833.5
1192040 1833.5
1192050 1839.1
1192060 1844.5
1192070 1844.5
1192080 1850.5
1192090 1856.6
1192100 1856.6
1192110 1863.6
1192120 1871.8
1192130 1881.0
1192140 1881.0
1192150 1891.2
1192160 1900.8
1192170 1900.8
1192180 1910.4
1192190 1917.6
1192200 1917.6
1192210 1924.5
1192220 1932.3
1192230 1932.3
1192240 1939.6
1192250 1946.5
1192260 1946.5
1192270 1954.4
1192280 1962.8
1192290 1962.8
1192300 1971.6
1192310 1978.5
1192320 1978.5
1192330 1985.1
1192340 1990.2
1192350 1990.2
1192360 1995.8
1192370 2001.0
1192380 2001.0
1192390 2004.6
1192400 2007.7
1192410 2007.7
1192420 2011.7
1192430 2018.1
1192440 2018.1
1192450 2026.3
1192460 2036.0
1192470 2046.0
1192480 2046.0
1192490 2053.0
1192500 2046.9
1192510 2046.9
1192520 2042.9
1192530 2046.8
1192540 2046.8
1192550 2054.7
1192560 2062.4
1192570 2062.4
1192580 2051.3
1192590 2057.1
1192600 2057.1
1192610 2059.9
1192620 2042.3
1192630 2042.3
1192640 2034.5
1192650 2031.0
1192660 2031.0
1192670 2023.2
1192680 2020.6
1192690 2020.6
1192700 2025.7
1192710 2033.5
1192720 2033.5
1192730 2036.1
1192740 2065.1
1192750 2065.1
1192760 2080.7
1192770 2090.9
1192780 2099.2
1192790 2099.2
1192800 2106.5
1192810 2102.5
1192820 2102.5
1192830 2065.3
1192840 2042.8
1192850 2042.8
1192860 2025.8
1192870 2009.3
1192880 2009.3
1192890 2005.8
1192900 2007.6
1192910 2007.6
1192920 2005.1
1192930 1999.1
1192940 1999.1
1192950 1999.2
1192960 2001.1
1192970 2001.1
1192980 2008.5
1192990 2021.4
1193000 2021.4
1193010 2034.4
1193020 2048.2
1193030 2048.2
1193040 2056.4
1193050 2065.1
1193060 2065.1
1193070 2075.6
1193080 2086.6
1193090 2093.6
1193100 2093.6
1193110 2101.0
1193120 2111.2
1193130 2111.2
1193140 2120.7
1193150 2128.6
1193160 2128.6
1193170 2136.7
1193180 2147.2
1193190 2147.2
1193200 2154.2
1193210 2163.4
1193220 2163.4
1193230 2178.7
1193240 2188.5
1193250 2188.5
1193260 2196.8
1193270 2203.8
1193280 2203.8
1193290 2209.8
1193300 2216.3
1193310 2216.3
1193320 2224.9
1193330 2233.8
1193340 2233.8
1193350 2241.0
1193360 2246.5
1193370 2246.5
1193380 2248.6
1193390 2251.2
1193400 2254.1
1193410 2254.1
1193420 2256.2
1193430 2257.6
1193440 2257.6
1193450 2258.5
1193460 2259.2
1193470 2259.2
1193480 2256.9
1193490 2252.3
1193500 2252.3
1193510 2248.8
1193520 2249.7
1193530 2249.7
1193540 2254.5
1193550 2259.7
1193560 2259.7
1193570 2258.3
1193580 2253.9
1193590 2253.9
1193600 2257.1
1193610 2250.2
1193620 2250.2
1193630 2250.6
1193640 2248.3
1193650 2248.3
1193660 2248.4
1193670 2255.5
1193680 2255.5
1193690 2260.6
1193700 2261.5
1193710 2261.5
1193720 2257.9
1193730 2257.7
1193740 2262.6
1193750 2262.6
1193760 2272.9
1193770 2284.2
1193780 2284.2
1193790 2290.2
1193800 2295.1
1193810 2295.1
1193820 2299.9
1193830 2305.2
1193840 2305.2
1193850 2310.0
1193860 2313.7
1193870 2313.7
1193880 2315.6
1193890 2314.1
1193900 2314.1
1193910 2310.5
1193920 2309.4
1193930 2309.4
1193940 2307.6
1193950 2302.3
1193960 2302.3
1193970 2292.7
1193980 2284.9
1193990 2284.9
1194000 2280.8
1194010 2281.0
1194020 2281.0
1194030 2277.8
1194040 2269.3
1194050 2255.5
1194060 2255.5
1194070 2250.4
1194080 2246.4
1194090 2246.4
1194100 2241.8
1194110 2237.7
1194120 2237.7
1194130 2233.3
1194140 2226.9
1194150 2226.9
1194160 2220.0
1194170 2212.8
1194180 2212.8
1194190 2199.0
1194200 2187.0
1194210 2187.0
1194220 2179.6
1194230 2172.5
1194240 2172.5
1194250 2161.7
1194260 2148.2
1194270 2148.2
1194280 2135.9
1194290 2123.1
1194300 2123.1
1194310 2114.9
1194320 2115.5
1194330 2115.5
1194340 2121.0
1194350 2109.7
1194360 2083.9
1194370 2083.9
1194380 2066.2
1194390 2050.1
1194400 2050.1
1194410 2022.1
1194420 2018.4
1194430 2018.4
1194440 2035.2
1194450 2046.7
1194460 2046.7
1194470 2051.9
1194480 2050.9
1194490 2048.7
1194500 2041.3
1194510 2028.6
1194520 2028.6
1194530 1987.3
1194540 1963.6
1194550 1963.6
1194560 1957.1
1194570 1942.0
1194580 1942.0
1194590 1924.2
1194600 1911.2
1194610 1911.2
1194620 1902.8
1194630 1895.3
1194640 1895.3
1194650 1888.3
1194660 1880.2
1194670 1867.6
1194680 1867.6
1194690 1856.9
1194700 1849.2
1194710 1849.2
1194720 1836.8
1194730 1825.3
1194740 1825.3
1194750 1816.8
1194760 1809.4
1194770 1809.4
1194780 1801.8
1194790 1796.0
1194800 1796.0
1194810 1789.5
1194820 1781.6
1194830 1781.6
1194840 1772.9
1194850 1764.8
1194860 1764.8
1194870 1757.4
1194880 1750.8
1194890 1750.8
1194900 1745.2
1194910 1740.8
1194920 1740.8
1194930 1743.6
1194940 1743.6
1194950 1743.6
1194960 1744.8
1194970 1744.1
1194980 1744.1
1194990 1742.8
1195000 1742.7
1195010 1743.7
1195020 1743.7
1195030 1745.1
1195040 1746.6
1195050 1746.6
1195060 1747.9
1195070 1750.6
1195080 1750.6
1195090 1756.0
1195100 1763.7
1195110 1763.7
1195120 1773.5
1195130 1788.9
1195140 1788.9
1195150 1803.7
1195160 1813.8
1195170 1813.8
1195180 1826.2
1195190 1834.8
1195200 1834.8
1195210 1844.6
1195220 1853.5
1195230 1853.5
1195240 1862.8
1195250 1874.1
1195260 1874.1
1195270 1884.9
1195280 1882.1
1195290 1882.1
1195300 1878.5
1195310 1874.2
1195320 1873.0
1195330 1873.0
1195340 1878.4
1195350 1881.2
1195360 1881.2
1195370 1903.2
1195380 1909.7
1195390 1909.7
1195400 1922.3
1195410 1936.7
1195420 1936.7
1195430 1949.5
1195440 1962.2
1195450 1962.2
1195460 1970.0
1195470 1972.7
1195480 1972.7
1195490 1972.6
1195500 1967.2
1195510 1967.2
1195520 1959.9
1195530 1959.1
1195540 1959.1
1195550 1959.5
1195560 1959.7
1195570 1959.7
1195580 1959.6
1195590 1957.4
1195600 1957.4
1195610 1955.2
1195620 1956.1
1195630 1957.6
1195640 1957.6
1195650 1959.2
1195660 1961.7
1195670 1961.7
1195680 1965.5
1195690 1967.0
1195700 1967.0
1195710 1967.3
1195720 1969.2
1195730 1969.2
1195740 1970.9
1195750 1971.0
1195760 1971.0
1195770 1971.0
1195780 1967.6
1195790 1967.6
1195800 1966.6
1195810 1969.1
1195820 1961.3
1195830 1963.2
1195840 1968.6
1195850 1968.6
1195860 1970.3
1195870 1971.3
1195880 1971.3
1195890 1972.0
1195900 1973.7
1195910 1973.7
1195920 1975.5
1195930 1975.6
1195940 1974.3
1195950 1974.3
1195960 1971.9
1195970 1969.5
1195980 1969.5
1195990 1968.3
1196000 1967.7
1196010 1967.7
1196020 1966.9
1196030 1965.9
1196040 1965.9
1196050 1964.9
1196060 1964.3
1196070 1964.3
1196080 1963.1
1196090 1962.0
1196100 1962.0
1196110 1961.4
1196120 1960.0
1196130 1960.0
1196140 1958.7
1196150 1957.6
1196160 1957.6
1196170 1956.7
1196180 1955.7
1196190 1955.7
1196200 1954.9
1196210 1954.1
1196220 1954.1
1196230 1953.3
1196240 1952.3
1196250 1952.3
1196260 1944.8
1196270 1944.7
1196280 1944.4
1196290 1944.4
1196300 1943.3
1196310 1942.2
1196320 1942.2
1196330 1941.5
1196340 1939.9
1196350 1939.9
1196360 1938.6
1196370 1938.1
1196380 1938.1
1196390 1937.2
1196400 1936.4
1196410 1936.4
1196420 1935.6
1196430 1934.1
1196440 1934.1
1196450 1932.2
1196460 1929.0
1196470 1929.0
1196480 1923.1
1196490 1916.6
1196500 1916.6
1196510 1910.5
1196520 1903.8
1196530 1903.8
1196540 1896.4
1196550 1888.8
1196560 1888.8
1196570 1881.3
1196580 1876.3
1196590 1872.3
1196600 1872.3
1196610 1868.1
1196620 1863.1
1196630 1863.1
1196640 1859.8
1196650 1859.0
1196660 1859.0
1196670 1855.9
1196680 1851.6
1196690 1851.6
1196700 1856.9
1196710 1852.7
1196720 1852.7
1196730 1847.8
1196740 1844.4
1196750 1844.4
1196760 1839.2
1196770 1835.5
1196780 1835.5
1196790 1831.7
1196800 1826.1
1196810 1826.1
1196820 1817.0
1196830 1806.0
1196840 1806.0
1196850 1794.1
1196860 1783.9
1196870 1783.9
1196880 1775.0
1196890 1766.9
1196900 1759.7
1196910 1759.7
1196920 1752.7
1196930 1745.4
1196940 1745.4
1196950 1738.9
1196960 1733.2
1196970 1733.2
1196980 1725.7
1196990 1716.7
1197000 1716.7
1197010 1707.7
1197020 1700.5
1197030 1700.5
1197040 1694.1
1197050 1687.1
1197060 1687.1
1197070 1681.3
1197080 1674.5
1197090 1674.5
1197100 1663.7
1197110 1648.1
1197120 1648.1
1197130 1636.0
1197140 1626.5
1197150 1638.0
1197160 1626.6
1197170 1614.9
1197180 1614.9
1197190 1605.0
1197200 1597.1
1197210 1588.2
1197220 1588.2
1197230 1579.4
1197240 1570.1
1197250 1570.1
1197260 1560.2
1197270 1551.0
1197280 1551.0
1197290 1542.5
1197300 1532.9
1197310 1532.9
1197320 1524.3
1197330 1516.4
1197340 1516.4
1197350 1508.4
1197360 1498.6
1197370 1498.6
1197380 1485.7
1197390 1475.8
1197400 1475.8
1197410 1468.4
1197420 1461.1
1197430 1461.1
1197440 1453.6
1197450 1446.5
1197460 1446.5
1197470 1440.1
1197480 1434.2
1197490 1434.2
1197500 1427.2
1197510 1420.7
1197520 1420.7
1197530 1415.5
1197540 1409.4
1197550 1403.7
1197560 1403.7
1197570 1398.7
1197580 1393.1
1197590 1395.3
1197600 1387.7
1197610 1380.6
1197620 1380.6
1197630 1374.5
1197640 1367.7
1197650 1367.7
1197660 1360.2
1197670 1352.0
1197680 1352.0
1197690 1343.5
1197700 1336.0
1197710 1336.0
1197720 1329.8
1197730 1324.5
1197740 1324.5
1197750 1319.0
1197760 1313.7
1197770 1313.7
1197780 1309.2
1197790 1303.9
1197800 1303.9
1197810 1299.2
1197820 1298.0
1197830 1298.0
1197840 1295.6
1197850 1293.1
1197860 1290.6
1197870 1290.6
1197880 1286.8
1197890 1282.2
1197900 1282.2
1197910 1277.8
1197920 1273.7
1197930 1273.7
1197940 1271.0
1197950 1267.1
1197960 1267.1
1197970 1259.6
1197980 1254.5
1197990 1254.5
1198000 1253.5
1198010 1256.3
1198020 1256.3
1198030 1263.9
1198040 1271.8
1198050 1271.8
1198060 1278.8
1198070 1285.0
1198080 1285.0
1198090 1288.1
1198100 1288.4
1198110 1288.4
1198120 1287.2
1198130 1283.0
1198140 1283.0
1198150 1283.6
1198160 1287.7
1198170 1291.3
1198180 1291.3
1198190 1292.5
1198200 1294.3
1198210 1294.3
1198220 1296.5
1198230 1300.3
1198240 1300.3
1198250 1303.6
1198260 1305.2
1198270 1305.2
1198280 1305.9
1198290 1305.7
1198300 1305.7
1198310 1304.5
1198320 1303.6
1198330 1303.6
1198340 1300.2
1198350 1297.4
1198360 1297.4
1198370 1299.1
1198380 1301.8
1198390 1301.8
1198400 1302.1
1198410 1299.9
1198420 1299.9
1198430 1297.5
1198440 1295.6
1198450 1295.6
1198460 1295.1
1198470 1292.4
1198480 1298.9
1198490 1298.9
1198500 1298.8
1198510 1298.1
1198520 1298.1
1198530 1294.6
1198540 1291.0
1198550 1291.0
1198560 1288.9
1198570 1288.7
1198580 1288.7
1198590 1290.6
1198600 1292.7
1198610 1292.7
1198620 1293.1
1198630 1292.4
1198640 1292.4
1198650 1292.1
1198660 1290.1
1198670 1290.1
1198680 1284.3
1198690 1278.3
1198700 1278.3
1198710 1273.2
1198720 1268.6
1198730 1268.6
1198740 1262.6
1198750 1257.2
1198760 1257.2
1198770 1253.8
1198780 1250.6
1198790 1250.6
1198800 1247.7
1198810 1244.4
1198820 1241.7
1198830 1241.7
1198840 1240.2
1198850 1239.7
1198860 1239.7
1198870 1237.2
1198880 1232.8
1198890 1232.8
1198900 1226.5
1198910 1220.7
1198920 1220.7
1198930 1224.2
1198940 1218.0
1198950 1218.0
1198960 1211.9
1198970 1206.2
1198980 1206.2
1198990 1200.3
1199000 1193.6
1199010 1193.6
1199020 1187.7
1199030 1182.0
1199040 1182.0
1199050 1177.4
1199060 1174.4
1199070 1174.4
1199080 1171.8
1199090 1169.7
1199100 1169.7
1199110 1167.6
1199120 1165.4
1199130 1162.5
1199140 1162.5
1199150 1159.6
1199160 1156.1
1199170 1156.1
1199180 1152.9
1199190 1149.5
1199200 1149.5
1199210 1146.5
1199220 1144.3
1199230 1144.3
1199240 1142.5
1199250 1140.7
1199260 1140.7
1199270 1139.3
1199280 1138.4
1199290 1138.4
1199300 1137.5
1199310 1135.4
1199320 1135.4
1199330 1133.6
1199340 1132.9
1199350 1132.9
1199360 1132.5
1199370 1132.3
1199380 1131.1
1199390 1129.8
1199400 1127.6
1199410 1127.6
1199420 1124.4
1199430 1121.0
1199440 1117.7
1199450 1117.7
1199460 1114.6
1199470 1111.5
1199480 1111.5
1199490 1108.4
1199500 1105.4
1199510 1105.4
1199520 1102.8
1199530 1099.6
1199540 1099.6
1199550 1096.2
1199560 1094.3
1199570 1094.3
1199580 1093.1
1199590 1092.0
1199600 1092.0
1199610 1090.5
1199620 1088.6
1199630 1088.6
1199640 1085.9
1199650 1082.3
1199660 1082.3
1199670 1078.4
1199680 1075.5
1199690 1075.5
1199700 1073.5
1199710 1071.2
1199720 1071.2
1199730 1068.9
1199740 1066.5
1199750 1063.6
1199760 1063.6
1199770 1061.6
1199780 1058.5
1199790 1058.5
1199800 1054.3
1199810 1051.0
1199820 1051.7
1199830 1050.5
1199840 1050.6
1199850 1050.6
1199860 1052.4
1199870 1052.4
1199880 1052.4
1199890 1051.2
1199900 1051.1
1199910 1051.1
1199920 1051.2
1199930 1051.2
1199940 1051.2
1199950 1051.4
1199960 1051.3
1199970 1051.3
1199980 1050.8
1199990 1050.8
