1180000 1503.0
1180010 1500.1
1180020 1500.1
1180030 1496.8
1180040 1494.0
1180050 1494.0
1180060 1491.5
1180070 1488.4
1180080 1488.4
1180090 1486.1
1180100 1485.4
1180110 1485.4
1180120 1484.9
1180130 1482.4
1180140 1480.1
1180150 1480.1
1180160 1478.2
1180170 1476.3
1180180 1476.3
1180190 1475.4
1180200 1474.1
1180210 1474.1
1180220 1473.3
1180230 1472.3
1180240 1472.3
1180250 1470.1
1180260 1465.1
1180270 1465.1
1180280 1461.0
1180290 1459.9
1180300 1459.9
1180310 1459.7
1180320 1457.9
1180330 1457.9
1180340 1453.5
1180350 1448.3
1180360 1448.3
1180370 1445.6
1180380 1444.0
1180390 1444.0
1180400 1442.9
1180410 1441.8
1180420 1441.8
1180430 1439.3
1180440 1437.1
1180450 1437.1
1180460 1433.6
1180470 1425.8
1180480 1418.3
1180490 1418.3
1180500 1412.6
1180510 1406.5
1180520 1406.5
1180530 1399.8
1180540 1393.6
1180550 1393.6
1180560 1387.3
1180570 1380.9
1180580 1380.9
1180590 1374.2
1180600 1366.9
1180610 1366.9
1180620 1361.6
1180630 1357.1
1180640 1357.1
1180650 1353.3
1180660 1350.6
1180670 1350.6
1180680 1348.8
1180690 1345.1
1180700 1345.1
1180710 1340.9
1180720 1335.7
1180730 1335.7
1180740 1329.6
1180750 1328.5
1180760 1328.5
1180770 1321.9
1180780 1323.2
1180790 1320.9
1180800 1320.9
1180810 1316.8
1180820 1312.2
1180830 1312.2
1180840 1305.5
1180850 1300.1
1180860 1300.1
1180870 1294.4
1180880 1288.0
1180890 1288.0
1180900 1280.1
1180910 1271.1
1180920 1271.1
1180930 1262.6
1180940 1255.1
1180950 1255.1
1180960 1248.3
1180970 1241.7
1180980 1241.7
1180990 1235.2
1181000 1228.5
1181010 1228.5
1181020 1221.8
1181030 1215.3
1181040 1215.3
1181050 1210.7
1181060 1205.2
1181070 1205.2
1181080 1199.0
1181090 1193.1
1181100 1193.1
1181110 1187.3
1181120 1182.0
1181130 1177.6
1181140 1177.6
1181150 1174.6
1181160 1172.9
1181170 1172.9
1181180 1169.6
1181190 1164.3
1181200 1164.3
1181210 1160.0
1181220 1156.0
1181230 1156.0
1181240 1152.6
1181250 1149.2
1181260 1149.2
1181270 1144.4
1181280 1142.7
1181290 1142.7
1181300 1144.0
1181310 1142.1
1181320 1142.1
1181330 1138.9
1181340 1135.6
1181350 1135.6
1181360 1131.5
1181370 1128.5
1181380 1128.5
1181390 1124.5
1181400 1121.1
1181410 1121.1
1181420 1118.2
1181430 1115.9
1181440 1114.2
1181450 1114.2
1181460 1111.5
1181470 1108.9
1181480 1108.9
1181490 1109.6
1181500 1105.3
1181510 1105.3
1181520 1099.8
1181530 1092.8
1181540 1092.8
1181550 1083.1
1181560 1073.1
1181570 1073.1
1181580 1064.1
1181590 1056.0
1181600 1056.0
1181610 1048.0
1181620 1042.9
1181630 1042.9
1181640 1045.5
1181650 1055.7
1181660 1055.7
1181670 1066.7
1181680 1073.3
1181690 1073.3
1181700 1076.9
1181710 1077.8
1181720 1077.8
1181730 1077.2
1181740 1076.3
1181750 1076.3
1181760 1075.0
1181770 1074.4
1181780 1073.9
1181790 1073.9
1181800 1074.3
1181810 1074.7
1181820 1074.7
1181830 1076.1
1181840 1078.2
1181850 1078.2
1181860 1080.7
1181870 1082.8
1181880 1082.8
1181890 1085.3
1181900 1087.0
1181910 1087.0
1181920 1088.4
1181930 1089.9
1181940 1089.9
1181950 1092.4
1181960 1095.0
1181970 1095.0
1181980 1098.1
1181990 1100.7
1182000 1100.7
1182010 1102.6
1182020 1105.3
1182030 1102.5
1182040 1103.9
1182050 1104.7
1182060 1104.7
1182070 1105.2
1182080 1105.0
1182090 1103.7
1182100 1103.7
1182110 1102.6
1182120 1100.3
1182130 1100.3
1182140 1096.7
1182150 1095.0
1182160 1095.0
1182170 1095.1
1182180 1094.0
1182190 1094.0
1182200 1092.9
1182210 1095.4
1182220 1095.4
1182230 1096.8
1182240 1097.1
1182250 1097.1
1182260 1097.9
1182270 1098.2
1182280 1098.2
1182290 1097.8
1182300 1098.4
1182310 1098.4
1182320 1099.3
1182330 1099.7
1182340 1099.7
1182350 1099.4
1182360 1099.3
1182370 1099.3
1182380 1098.6
1182390 1097.9
1182400 1097.9
1182410 1097.1
1182420 1096.2
1182430 1094.9
1182440 1094.9
1182450 1089.7
1182460 1088.9
1182470 1088.9
1182480 1088.1
1182490 1087.2
1182500 1087.2
1182510 1085.8
1182520 1084.0
1182530 1084.0
1182540 1082.6
1182550 1080.5
1182560 1080.5
1182570 1077.6
1182580 1075.8
1182590 1075.8
1182600 1074.6
1182610 1073.3
1182620 1073.3
1182630 1070.9
1182640 1069.4
1182650 1069.4
1182660 1069.0
1182670 1068.6
1182680 1068.6
1182690 1067.7
1182700 1066.5
1182710 1066.5
1182720 1066.5
1182730 1065.9
1182740 1065.9
1182750 1063.9
1182760 1060.9
1182770 1056.7
1182780 1056.7
1182790 1050.8
1182800 1045.3
1182810 1045.3
1182820 1041.2
1182830 1038.4
1182840 1038.4
1182850 1036.3
1182860 1033.5
1182870 1033.5
1182880 1029.2
1182890 1026.3
1182900 1026.3
1182910 1023.2
1182920 1020.6
1182930 1020.6
1182940 1019.2
1182950 1017.2
1182960 1017.2
1182970 1013.5
1182980 1009.5
1182990 1009.5
1183000 1005.9
1183010 1002.8
1183020 1002.8
1183030 999.1
1183040 995.5
1183050 995.5
1183060 991.9
1183070 988.1
1183080 984.4
1183090 984.4
1183100 983.2
1183110 982.5
1183120 982.5
1183130 981.1
1183140 975.6
1183150 975.6
1183160 970.2
1183170 966.9
1183180 966.9
1183190 966.0
1183200 968.0
1183210 968.0
1183220 966.5
1183230 962.9
1183240 962.9
1183250 959.2
1183260 955.1
1183270 955.1
1183280 951.9
1183290 948.9
1183300 943.5
1183310 940.7
1183320 937.8
1183330 937.8
1183340 936.5
1183350 939.0
1183360 939.0
1183370 941.1
1183380 936.7
1183390 936.7
1183400 933.4
1183410 934.0
1183420 932.8
1183430 932.8
1183440 930.5
1183450 928.9
1183460 928.9
1183470 929.6
1183480 928.0
1183490 928.0
1183500 927.4
1183510 926.0
1183520 926.0
1183530 925.7
1183540 923.3
1183550 923.3
1183560 918.6
1183570 916.4
1183580 916.4
1183590 915.7
1183600 917.8
1183610 917.8
1183620 918.2
1183630 916.8
1183640 916.8
1183650 916.0
1183660 916.3
1183670 916.3
1183680 916.7
1183690 918.3
1183700 918.3
1183710 921.4
1183720 920.3
1183730 922.3
1183740 922.3
1183750 922.9
1183760 922.8
1183770 922.8
1183780 922.8
1183790 921.1
1183800 921.1
1183810 917.9
1183820 912.6
1183830 912.6
1183840 906.5
1183850 904.2
1183860 904.2
1183870 903.9
1183880 903.6
1183890 903.6
1183900 903.4
1183910 903.2
1183920 903.2
1183930 902.9
1183940 902.5
1183950 902.5
1183960 902.0
1183970 901.6
1183980 901.6
1183990 901.2
1184000 901.3
1184010 901.3
1184020 901.4
1184030 901.2
1184040 901.2
1184050 900.9
1184060 900.7
1184070 900.5
1184080 900.5
1184090 900.0
1184100 899.0
1184110 899.0
1184120 898.5
1184130 898.4
1184140 898.4
1184150 898.3
1184160 898.4
1184170 898.4
1184180 898.2
1184190 897.4
1184200 897.4
1184210 896.2
1184220 895.3
1184230 895.3
1184240 894.9
1184250 894.9
1184260 894.9
1184270 894.8
1184280 894.3
1184290 894.3
1184300 893.9
1184310 892.4
1184320 892.4
1184330 892.8
1184340 895.6
1184350 895.6
1184360 896.0
1184370 896.2
1184380 896.4
1184390 896.4
1184400 897.6
1184410 898.1
1184420 898.1
1184430 897.9
1184440 897.5
1184450 897.5
1184460 897.1
1184470 896.8
1184480 896.8
1184490 896.6
1184500 896.4
1184510 896.4
1184520 896.1
1184530 895.9
1184540 895.9
1184550 895.6
1184560 895.2
1184570 895.2
1184580 894.7
1184590 893.4
1184600 893.4
1184610 893.3
1184620 893.5
1184630 893.5
1184640 893.7
1184650 894.0
1184660 894.0
1184670 894.4
1184680 894.3
1184690 894.3
1184700 894.0
1184710 893.9
1184720 893.9
1184730 893.9
1184740 893.7
1184750 893.4
1184760 893.4
1184770 893.2
1184780 892.8
1184790 892.8
1184800 892.2
1184810 891.9
1184820 891.9
1184830 891.6
1184840 891.3
1184850 891.3
1184860 891.1
1184870 890.9
1184880 890.9
1184890 890.7
1184900 890.5
1184910 890.5
1184920 890.2
1184930 889.9
1184940 889.9
1184950 889.6
1184960 889.4
1184970 889.4
1184980 889.1
1184990 888.9
1185000 888.8
1185010 888.5
1185020 888.3
1185030 888.1
1185040 888.1
1185050 888.0
1185060 887.8
1185070 887.8
1185080 887.6
1185090 887.3
1185100 887.3
1185110 887.0
1185120 886.7
1185130 886.7
1185140 886.4
1185150 886.2
1185160 886.2
1185170 885.9
1185180 885.7
1185190 885.7
1185200 884.9
1185210 883.4
1185220 883.4
1185230 881.4
1185240 880.0
1185250 880.0
1185260 879.7
1185270 879.7
1185280 879.7
1185290 879.6
1185300 879.5
1185310 879.5
1185320 879.7
1185330 879.5
1185340 879.5
1185350 879.5
1185360 879.3
1185370 879.4
1185380 879.4
1185390 879.4
1185400 879.2
1185410 879.2
1185420 879.2
1185430 879.9
1185440 879.9
1185450 879.8
1185460 879.3
1185470 879.3
1185480 879.1
1185490 879.0
1185500 879.0
1185510 878.6
1185520 878.3
1185530 878.3
1185540 878.4
1185550 878.3
1185560 878.3
1185570 877.6
1185580 877.1
1185590 877.1
1185600 876.9
1185610 876.9
1185620 876.9
1185630 876.9
1185640 877.0
1185650 877.0
1185660 877.0
1185670 876.8
1185680 876.8
1185690 876.8
1185700 877.1
1185710 877.2
1185720 877.2
1185730 877.4
1185740 877.3
1185750 877.3
1185760 877.2
1185770 877.2
1185780 877.2
1185790 876.9
1185800 876.6
1185810 876.6
1185820 876.7
1185830 876.7
1185840 876.7
1185850 876.5
1185860 875.9
1185870 875.9
1185880 875.8
1185890 875.7
1185900 875.7
1185910 875.7
1185920 875.6
1185930 875.6
1185940 875.6
1185950 875.6
1185960 875.6
1185970 875.6
1185980 875.1
1185990 875.1
1186000 875.0
1186010 874.8
1186020 874.2
1186030 874.2
1186040 875.0
1186050 875.0
1186060 875.0
1186070 873.5
1186080 873.3
1186090 873.3
1186100 872.5
1186110 873.7
1186120 873.7
1186130 874.9
1186140 874.7
1186150 874.7
1186160 874.6
1186170 874.7
1186180 874.7
1186190 874.2
1186200 873.1
1186210 873.1
1186220 872.6
1186230 872.4
1186240 872.4
1186250 872.2
1186260 872.1
1186270 872.1
1186280 873.1
1186290 873.0
1186300 873.0
1186310 873.0
1186320 873.0
1186330 873.0
1186340 873.0
1186350 873.0
1186360 872.9
1186370 872.9
1186380 872.9
1186390 872.8
1186400 872.8
1186410 871.7
1186420 871.3
1186430 871.3
1186440 871.3
1186450 871.3
1186460 871.3
1186470 871.0
1186480 871.0
1186490 871.0
1186500 871.2
1186510 871.4
1186520 871.4
1186530 871.5
1186540 871.5
1186550 871.5
1186560 871.4
1186570 871.5
1186580 871.5
1186590 871.4
1186600 871.3
1186610 871.3
1186620 871.2
1186630 871.2
1186640 871.2
1186650 871.2
1186660 871.2
1186670 871.2
1186680 871.2
1186690 871.1
1186700 870.4
1186710 870.7
1186720 870.3
1186730 870.6
1186740 870.6
1186750 870.5
1186760 870.3
1186770 870.3
1186780 870.0
1186790 869.7
1186800 869.7
1186810 869.6
1186820 869.8
1186830 869.8
1186840 870.0
1186850 870.1
1186860 870.1
1186870 870.1
1186880 870.3
1186890 870.3
1186900 870.3
1186910 870.3
1186920 870.3
1186930 870.1
1186940 870.1
1186950 870.1
1186960 870.1
1186970 870.1
1186980 870.1
1186990 870.1
1187000 870.0
1187010 869.9
1187020 869.9
1187030 869.7
1187040 869.6
1187050 869.6
1187060 869.5
1187070 869.4
1187080 869.4
1187090 869.2
1187100 868.6
1187110 868.6
1187120 868.4
1187130 868.4
1187140 868.5
1187150 868.6
1187160 869.8
1187170 869.8
1187180 869.8
1187190 869.7
1187200 869.7
1187210 869.6
1187220 869.5
1187230 869.5
1187240 869.2
1187250 869.7
1187260 869.7
1187270 871.3
1187280 871.3
1187290 871.3
1187300 871.2
1187310 871.1
1187320 871.0
1187330 871.0
1187340 870.9
1187350 870.8
1187360 870.8
1187370 870.8
1187380 870.8
1187390 870.8
1187400 870.9
1187410 870.8
1187420 870.8
1187430 870.7
1187440 871.1
1187450 871.1
1187460 870.7
1187470 870.4
1187480 870.4
1187490 870.4
1187500 869.7
1187510 869.7
1187520 869.5
1187530 869.8
1187540 869.8
1187550 869.7
1187560 869.9
1187570 870.2
1187580 870.1
1187590 870.3
1187600 870.3
1187610 870.4
1187620 870.3
1187630 870.3
1187640 870.2
1187650 870.2
1187660 870.4
1187670 870.4
1187680 870.5
1187690 870.3
1187700 870.3
1187710 870.4
1187720 870.7
1187730 870.7
1187740 870.5
1187750 870.4
1187760 870.4
1187770 870.2
1187780 870.4
1187790 870.4
1187800 870.3
1187810 870.6
1187820 870.6
1187830 870.3
1187840 869.9
1187850 869.9
1187860 870.4
1187870 874.6
1187880 874.6
1187890 878.6
1187900 878.9
1187910 878.9
1187920 879.0
1187930 879.1
1187940 879.1
1187950 882.6
1187960 888.2
1187970 894.0
1187980 894.0
1187990 899.1
1188000 906.4
1188010 906.4
1188020 908.8
1188030 910.4
1188040 910.4
1188050 912.9
1188060 913.4
1188070 913.4
1188080 911.8
1188090 913.7
1188100 913.7
1188110 918.8
1188120 925.2
1188130 925.2
1188140 930.5
1188150 934.4
1188160 934.4
1188170 937.5
1188180 939.8
1188190 939.8
1188200 941.3
1188210 941.9
1188220 941.9
1188230 941.3
1188240 940.1
1188250 940.1
1188260 939.3
1188270 940.9
1188280 940.9
1188290 943.8
1188300 946.3
1188310 949.5
1188320 949.5
1188330 952.9
1188340 955.1
1188350 955.1
1188360 954.2
1188370 953.1
1188380 953.1
1188390 952.6
1188400 952.6
1188410 952.6
1188420 953.4
1188430 954.4
1188440 954.4
1188450 955.2
1188460 956.3
1188470 956.3
1188480 954.9
1188490 953.2
1188500 953.2
1188510 953.0
1188520 953.5
1188530 953.5
1188540 954.4
1188550 954.8
1188560 954.8
1188570 954.9
1188580 954.4
1188590 954.4
1188600 953.1
1188610 950.8
1188620 949.7
1188630 949.7
1188640 950.6
1188650 952.4
1188660 952.4
1188670 952.8
1188680 953.3
1188690 953.3
1188700 954.1
1188710 953.6
1188720 953.6
1188730 951.1
1188740 946.8
1188750 946.8
1188760 941.9
1188770 938.2
1188780 938.2
1188790 935.4
1188800 933.2
1188810 933.2
1188820 930.9
1188830 928.0
1188840 928.0
1188850 925.1
1188860 923.0
1188870 923.0
1188880 919.4
1188890 918.8
1188900 918.8
1188910 920.1
1188920 923.3
1188930 923.3
1188940 928.4
1188950 933.8
1188960 936.5
1188970 936.5
1188980 936.3
1188990 937.1
1189000 937.1
1189010 939.2
1189020 941.6
1189030 941.6
1189040 944.2
1189050 946.6
1189060 946.6
1189070 949.3
1189080 952.9
1189090 952.9
1189100 957.1
1189110 962.3
1189120 962.3
1189130 968.1
1189140 973.0
1189150 973.0
1189160 975.5
1189170 977.5
1189180 977.5
1189190 980.9
1189200 984.0
1189210 984.0
1189220 985.5
1189230 986.4
1189240 986.4
1189250 986.7
1189260 987.3
1189270 988.3
1189280 988.3
1189290 989.4
1189300 989.4
1189310 989.4
1189320 989.4
1189330 989.4
1189340 989.4
1189350 989.3
1189360 989.2
1189370 989.2
1189380 989.1
1189390 989.0
1189400 989.0
1189410 988.9
1189420 988.7
1189430 988.7
1189440 988.6
1189450 988.6
1189460 988.6
1189470 988.3
1189480 988.1
1189490 988.1
1189500 988.0
1189510 987.8
1189520 987.8
1189530 987.5
1189540 987.0
1189550 987.0
1189560 986.6
1189570 986.1
1189580 986.1
1189590 985.1
1189600 983.4
1189610 981.9
1189620 981.9
1189630 981.5
1189640 981.7
1189650 981.7
1189660 982.7
1189670 984.5
1189680 984.5
1189690 986.3
1189700 986.9
1189710 986.9
1189720 987.0
1189730 987.6
1189740 987.6
1189750 987.7
1189760 987.5
1189770 987.5
1189780 987.3
1189790 986.9
1189800 986.9
1189810 984.9
1189820 980.3
1189830 980.3
1189840 976.3
1189850 975.1
1189860 975.1
1189870 975.4
1189880 975.8
1189890 975.8
1189900 976.3
1189910 976.5
1189920 976.5
1189930 976.8
1189940 977.3
1189950 977.9
1189960 977.9
1189970 978.6
1189980 979.2
1189990 979.2
1190000 979.9
1190010 980.6
1190020 980.6
1190030 981.2
1190040 981.7
1190050 981.7
1190060 982.1
1190070 982.7
1190080 982.7
1190090 983.5
1190100 984.1
1190110 984.1
1190120 984.6
1190130 985.2
1190140 985.2
1190150 985.8
1190160 987.3
1190170 987.3
1190180 987.5
1190190 988.1
1190200 988.1
1190210 988.5
1190220 988.9
1190230 988.9
1190240 989.3
1190250 989.7
1190260 990.1
1190270 990.1
1190280 990.4
1190290 990.7
1190300 990.7
1190310 991.0
1190320 991.0
1190330 991.0
1190340 991.1
1190350 990.9
1190360 990.9
1190370 990.4
1190380 990.1
1190390 990.1
1190400 989.9
1190410 990.3
1190420 990.3
1190430 992.1
1190440 992.8
1190450 992.8
1190460 993.8
1190470 995.8
1190480 995.8
1190490 999.3
1190500 1004.4
1190510 1004.4
1190520 1010.1
1190530 1014.7
1190540 1014.7
1190550 1019.7
1190560 1025.6
1190570 1025.6
1190580 1031.8
1190590 1036.0
1190600 1036.4
1190610 1036.4
1190620 1036.2
1190630 1036.1
1190640 1036.1
1190650 1036.1
1190660 1036.1
1190670 1036.1
1190680 1036.2
1190690 1038.1
1190700 1038.1
1190710 1040.5
1190720 1042.1
1190730 1042.1
1190740 1045.4
1190750 1049.1
1190760 1049.1
1190770 1054.2
1190780 1059.9
1190790 1059.9
1190800 1065.1
1190810 1069.7
1190820 1069.7
1190830 1073.3
1190840 1077.4
1190850 1077.4
1190860 1081.2
1190870 1085.2
1190880 1085.2
1190890 1089.0
1190900 1092.1
1190910 1095.4
1190920 1095.4
1190930 1097.9
1190940 1099.4
1190950 1099.4
1190960 1100.9
1190970 1102.9
1190980 1102.9
1190990 1104.8
1191000 1105.9
1191010 1105.9
1191020 1105.7
1191030 1104.7
1191040 1104.7
1191050 1103.8
1191060 1102.6
1191070 1102.6
1191080 1102.2
1191090 1102.0
1191100 1102.0
1191110 1102.0
1191120 1102.1
1191130 1102.1
1191140 1102.8
1191150 1104.6
1191160 1104.6
1191170 1107.0
1191180 1108.7
1191190 1108.7
1191200 1111.0
1191210 1112.9
1191220 1112.9
1191230 1114.5
1191240 1116.0
1191250 1117.4
1191260 1117.4
1191270 1118.4
1191280 1119.9
1191290 1119.9
1191300 1121.7
1191310 1124.1
1191320 1124.1
1191330 1127.3
1191340 1130.8
1191350 1130.8
1191360 1134.0
1191370 1136.9
1191380 1136.9
1191390 1139.4
1191400 1141.4
1191410 1141.4
1191420 1143.1
1191430 1144.5
1191440 1144.5
1191450 1146.2
1191460 1147.7
1191470 1150.7
1191480 1151.5
1191490 1153.0
1191500 1153.0
1191510 1157.7
1191520 1162.2
1191530 1162.2
1191540 1165.4
1191550 1168.0
1191560 1173.3
1191570 1173.3
1191580 1178.8
1191590 1182.3
1191600 1182.3
1191610 1183.8
1191620 1185.5
1191630 1185.5
1191640 1187.5
1191650 1191.7
1191660 1191.7
1191670 1193.6
1191680 1192.5
1191690 1192.5
1191700 1188.8
1191710 1189.4
1191720 1189.4
1191730 1192.9
1191740 1199.0
1191750 1199.0
1191760 1204.8
1191770 1206.5
1191780 1206.5
1191790 1208.2
1191800 1214.1
1191810 1214.1
1191820 1218.9
1191830 1223.1
1191840 1223.1
1191850 1227.0
1191860 1232.3
1191870 1232.3
1191880 1237.1
1191890 1241.3
1191900 1249.5
1191910 1249.5
1191920 1253.2
1191930 1255.7
1191940 1255.7
1191950 1258.4
1191960 1260.2
1191970 1260.2
1191980 1261.5
1191990 1263.6
1192000 1263.6
1192010 1265.7
1192020 1267.1
1192030 1267.1
1192040 1268.1
1192050 1270.0
1192060 1270.0
1192070 1271.7
1192080 1274.4
1192090 1274.4
1192100 1277.3
1192110 1279.9
1192120 1279.9
1192130 1282.8
1192140 1286.8
1192150 1286.8
1192160 1291.4
1192170 1295.3
1192180 1295.3
1192190 1299.6
1192200 1303.7
1192210 1307.3
1192220 1307.3
1192230 1310.9
1192240 1313.6
1192250 1313.6
1192260 1316.7
1192270 1322.0
1192280 1322.0
1192290 1327.1
1192300 1330.7
1192310 1330.7
1192320 1334.5
1192330 1338.1
1192340 1344.4
1192350 1349.1
1192360 1353.8
1192370 1353.8
1192380 1358.6
1192390 1363.6
1192400 1363.6
1192410 1368.8
1192420 1373.9
1192430 1373.9
1192440 1378.8
1192450 1380.4
1192460 1380.4
1192470 1382.5
1192480 1385.7
1192490 1385.7
1192500 1388.3
1192510 1389.8
1192520 1389.8
1192530 1391.5
1192540 1394.6
1192550 1394.8
1192560 1394.8
1192570 1393.9
1192580 1392.5
1192590 1392.5
1192600 1390.3
1192610 1387.2
1192620 1387.2
1192630 1384.0
1192640 1379.4
1192650 1379.4
1192660 1374.5
1192670 1369.9
1192680 1369.9
1192690 1366.4
1192700 1363.2
1192710 1363.2
1192720 1360.1
1192730 1356.9
1192740 1356.9
1192750 1353.3
1192760 1349.5
1192770 1349.5
1192780 1346.9
1192790 1343.0
1192800 1343.0
1192810 1339.8
1192820 1337.2
1192830 1337.2
1192840 1334.6
1192850 1332.2
1192860 1329.4
1192870 1329.4
1192880 1326.4
1192890 1324.1
1192900 1324.1
1192910 1321.6
1192920 1317.0
1192930 1317.0
1192940 1310.6
1192950 1304.1
1192960 1304.1
1192970 1297.6
1192980 1291.7
1192990 1291.7
1193000 1285.6
1193010 1279.7
1193020 1279.7
1193030 1274.1
1193040 1268.7
1193050 1268.7
1193060 1263.3
1193070 1258.2
1193080 1258.2
1193090 1253.6
1193100 1249.7
1193110 1249.7
1193120 1246.4
1193130 1243.6
1193140 1243.6
1193150 1241.1
1193160 1237.8
1193170 1237.8
1193180 1233.4
1193190 1228.4
1193200 1225.8
1193210 1230.5
1193220 1228.1
1193230 1223.7
1193240 1223.7
1193250 1220.0
1193260 1215.5
1193270 1215.5
1193280 1209.7
1193290 1203.3
1193300 1203.3
1193310 1198.4
1193320 1195.0
1193330 1195.0
1193340 1190.0
1193350 1187.0
1193360 1187.0
1193370 1187.4
1193380 1187.3
1193390 1187.3
1193400 1186.9
1193410 1185.5
1193420 1185.5
1193430 1184.3
1193440 1183.8
1193450 1183.8
1193460 1184.0
1193470 1183.5
1193480 1183.5
1193490 1183.4
1193500 1184.7
1193510 1186.4
1193520 1186.4
1193530 1188.3
1193540 1190.4
1193550 1190.4
1193560 1192.1
1193570 1193.4
1193580 1193.4
1193590 1195.1
1193600 1197.2
1193610 1197.2
1193620 1198.1
1193630 1197.2
1193640 1197.2
1193650 1198.5
1193660 1197.7
1193670 1197.7
1193680 1197.0
1193690 1196.4
1193700 1196.4
1193710 1195.7
1193720 1195.8
1193730 1195.8
1193740 1196.4
1193750 1196.4
1193760 1196.4
1193770 1195.3
1193780 1194.3
1193790 1194.3
1193800 1194.8
1193810 1196.0
1193820 1196.0
1193830 1198.6
1193840 1199.1
1193850 1199.2
1193860 1199.2
1193870 1199.6
1193880 1200.5
1193890 1200.5
1193900 1201.6
1193910 1202.0
1193920 1202.0
1193930 1201.2
1193940 1199.0
1193950 1199.0
1193960 1192.6
1193970 1185.6
1193980 1185.6
1193990 1180.0
1194000 1176.2
1194010 1176.2
1194020 1173.3
1194030 1169.8
1194040 1169.8
1194050 1167.3
1194060 1165.2
1194070 1165.2
1194080 1162.8
1194090 1164.3
1194100 1164.3
1194110 1164.5
1194120 1164.0
1194130 1164.0
1194140 1164.5
1194150 1163.4
1194160 1158.3
1194170 1158.3
1194180 1151.8
1194190 1146.9
1194200 1146.9
1194210 1145.7
1194220 1144.1
1194230 1144.1
1194240 1143.9
1194250 1143.3
1194260 1143.3
1194270 1142.6
1194280 1140.9
1194290 1140.9
1194300 1138.1
1194310 1133.7
1194320 1133.7
1194330 1131.1
1194340 1130.3
1194350 1130.3
1194360 1130.2
1194370 1130.1
1194380 1130.1
1194390 1125.7
1194400 1120.6
1194410 1120.6
1194420 1115.9
1194430 1112.4
1194440 1112.4
1194450 1110.6
1194460 1109.3
1194470 1109.3
1194480 1107.2
1194490 1104.9
1194500 1102.3
1194510 1102.3
1194520 1099.3
1194530 1099.0
1194540 1099.0
1194550 1097.4
1194560 1099.0
1194570 1099.0
1194580 1100.5
1194590 1101.6
1194600 1101.6
1194610 1102.1
1194620 1099.2
1194630 1099.2
1194640 1094.4
1194650 1089.2
1194660 1089.2
1194670 1086.0
1194680 1085.4
1194690 1085.4
1194700 1085.3
1194710 1085.4
1194720 1085.4
1194730 1085.1
1194740 1085.0
1194750 1085.0
1194760 1085.3
1194770 1085.4
1194780 1085.4
1194790 1085.0
1194800 1084.7
1194810 1084.7
1194820 1084.4
1194830 1083.8
1194840 1083.2
1194850 1083.2
1194860 1083.1
1194870 1082.3
1194880 1082.3
1194890 1082.1
1194900 1081.8
1194910 1081.8
1194920 1081.0
1194930 1079.4
1194940 1079.4
1194950 1077.9
1194960 1076.7
1194970 1079.3
1194980 1078.0
1194990 1076.2
1195000 1076.2
1195010 1074.2
1195020 1072.4
1195030 1072.4
1195040 1070.8
1195050 1068.8
1195060 1068.8
1195070 1066.7
1195080 1065.0
1195090 1065.0
1195100 1063.2
1195110 1060.9
1195120 1060.9
1195130 1058.4
1195140 1055.8
1195150 1053.8
1195160 1053.8
1195170 1051.6
1195180 1049.2
1195190 1049.2
1195200 1047.0
1195210 1044.9
1195220 1044.9
1195230 1042.6
1195240 1040.2
1195250 1040.2
1195260 1037.9
1195270 1035.4
1195280 1035.4
1195290 1033.0
1195300 1031.0
1195310 1031.0
1195320 1029.0
1195330 1026.9
1195340 1026.9
1195350 1024.9
1195360 1023.0
1195370 1023.0
1195380 1021.7
1195390 1020.2
1195400 1020.2
1195410 1020.0
1195420 1017.5
1195430 1017.5
1195440 1017.2
1195450 1016.2
1195460 1016.2
1195470 1012.4
1195480 1010.1
1195490 1008.4
1195500 1008.4
1195510 1006.8
1195520 1005.7
1195530 1005.7
1195540 1003.4
1195550 1000.7
1195560 1000.7
1195570 999.9
1195580 999.5
1195590 999.5
1195600 997.4
1195610 995.2
1195620 995.2
1195630 994.0
1195640 992.9
1195650 992.9
1195660 991.7
1195670 990.6
1195680 990.6
1195690 989.9
1195700 989.2
1195710 989.2
1195720 988.7
1195730 988.1
1195740 988.1
1195750 987.6
1195760 987.3
1195770 987.3
1195780 987.0
1195790 986.6
1195800 986.1
1195810 986.1
1195820 985.6
1195830 985.2
1195840 985.2
1195850 984.8
1195860 984.6
1195870 984.6
1195880 984.5
1195890 984.3
1195900 984.3
1195910 984.2
1195920 985.3
1195930 985.3
1195940 985.4
1195950 985.2
1195960 985.2
1195970 985.0
1195980 984.8
1195990 984.8
1196000 984.2
1196010 984.0
1196020 984.0
1196030 984.0
1196040 984.0
1196050 984.0
1196060 984.1
1196070 984.2
1196080 984.2
1196090 984.3
1196100 984.5
1196110 984.5
1196120 984.5
1196130 984.7
1196140 984.9
1196150 984.9
1196160 985.0
1196170 985.0
1196180 985.0
1196190 985.1
1196200 985.2
1196210 985.2
1196220 985.2
1196230 985.3
1196240 985.3
1196250 985.5
1196260 985.7
1196270 985.7
1196280 985.8
1196290 986.0
1196300 986.3
1196310 986.4
1196320 986.3
1196330 986.3
1196340 986.3
1196350 986.2
1196360 986.2
1196370 986.3
1196380 986.4
1196390 986.4
1196400 986.5
1196410 986.6
1196420 986.6
1196430 986.6
1196440 986.7
1196450 986.7
1196460 986.7
1196470 986.8
1196480 986.7
1196490 986.7
1196500 986.6
1196510 986.7
1196520 986.7
1196530 987.0
1196540 987.1
1196550 987.1
1196560 987.1
1196570 987.2
1196580 987.2
1196590 987.6
1196600 987.8
1196610 987.8
1196620 987.7
1196630 987.6
1196640 987.6
1196650 987.7
1196660 988.2
1196670 988.2
1196680 988.6
1196690 988.4
1196700 988.4
1196710 988.0
1196720 987.8
1196730 987.8
1196740 987.8
1196750 988.2
1196760 988.2
1196770 989.7
1196780 991.8
1196790 992.6
1196800 992.6
1196810 991.8
1196820 989.9
1196830 989.9
1196840 988.9
1196850 988.8
1196860 988.8
1196870 989.1
1196880 989.3
1196890 989.3
1196900 989.6
1196910 989.8
1196920 989.8
1196930 990.0
1196940 990.2
1196950 990.2
1196960 990.4
1196970 990.6
1196980 990.6
1196990 990.7
1197000 990.9
1197010 990.9
1197020 991.0
1197030 990.9
1197040 990.9
1197050 990.7
1197060 990.5
1197070 990.5
1197080 990.2
1197090 990.2
1197100 990.4
1197110 990.4
1197120 990.4
1197130 990.2
1197140 990.2
1197150 990.3
1197160 990.4
1197170 990.4
1197180 990.4
1197190 990.7
1197200 990.7
1197210 990.7
1197220 990.8
1197230 990.8
1197240 990.9
1197250 991.1
1197260 991.1
1197270 991.3
1197280 991.5
1197290 991.5
1197300 991.9
1197310 992.1
1197320 992.1
1197330 992.2
1197340 992.3
1197350 992.3
1197360 992.6
1197370 993.1
1197380 993.1
1197390 993.6
1197400 993.7
1197410 993.7
1197420 993.9
1197430 994.0
1197440 993.9
1197450 993.9
1197460 993.7
1197470 994.0
1197480 994.0
1197490 994.1
1197500 994.2
1197510 994.2
1197520 994.3
1197530 994.4
1197540 994.4
1197550 994.4
1197560 994.4
1197570 994.4
1197580 994.3
1197590 994.2
1197600 994.2
1197610 994.3
1197620 994.3
1197630 994.4
1197640 994.5
1197650 994.6
1197660 994.6
1197670 994.7
1197680 994.7
1197690 994.7
1197700 994.7
1197710 994.6
1197720 994.6
1197730 994.2
1197740 994.0
1197750 993.9
1197760 993.9
1197770 993.9
1197780 993.9
1197790 993.9
1197800 994.0
1197810 993.5
1197820 993.5
1197830 993.7
1197840 994.3
1197850 994.3
1197860 992.9
1197870 992.2
1197880 992.2
1197890 993.7
1197900 997.6
1197910 997.6
1197920 1003.6
1197930 1008.0
1197940 1008.0
1197950 1012.0
1197960 1016.6
1197970 1016.6
1197980 1021.0
1197990 1025.6
1198000 1025.6
1198010 1030.8
1198020 1036.4
1198030 1036.4
1198040 1042.5
1198050 1048.6
1198060 1048.6
1198070 1054.9
1198080 1060.2
1198090 1066.3
1198100 1066.3
1198110 1072.6
1198120 1078.8
1198130 1078.8
1198140 1085.2
1198150 1091.4
1198160 1091.4
1198170 1097.7
1198180 1103.8
1198190 1103.8
1198200 1109.8
1198210 1115.8
1198220 1115.8
1198230 1122.1
1198240 1128.6
1198250 1128.6
1198260 1135.3
1198270 1141.8
1198280 1141.8
1198290 1148.4
1198300 1155.3
1198310 1155.3
1198320 1163.2
1198330 1173.0
1198340 1173.0
1198350 1184.5
1198360 1191.5
1198370 1191.5
1198380 1198.3
1198390 1206.3
1198400 1214.5
1198410 1214.5
1198420 1223.1
1198430 1232.1
1198440 1232.1
1198450 1241.8
1198460 1251.2
1198470 1251.2
1198480 1257.1
1198490 1262.2
1198500 1262.2
1198510 1268.1
1198520 1270.6
1198530 1270.6
1198540 1276.4
1198550 1282.9
1198560 1282.9
1198570 1288.5
1198580 1291.9
1198590 1291.9
1198600 1296.3
1198610 1304.3
1198620 1304.3
1198630 1313.6
1198640 1321.2
1198650 1321.2
1198660 1328.5
1198670 1335.7
1198680 1335.7
1198690 1342.1
1198700 1346.4
1198710 1346.4
1198720 1350.9
1198730 1358.5
1198740 1365.4
1198750 1365.4
1198760 1370.9
1198770 1380.0
1198780 1380.0
1198790 1389.3
1198800 1394.1
1198810 1394.1
1198820 1400.3
1198830 1410.5
1198840 1410.5
1198850 1417.4
1198860 1422.6
1198870 1422.6
1198880 1428.0
1198890 1432.8
1198900 1432.8
1198910 1435.6
1198920 1438.2
1198930 1438.2
1198940 1441.6
1198950 1446.1
1198960 1446.1
1198970 1448.8
1198980 1455.0
1198990 1455.0
1199000 1461.7
1199010 1467.9
1199020 1467.9
1199030 1474.2
1199040 1481.6
1199050 1488.1
1199060 1488.1
1199070 1495.2
1199080 1502.4
1199090 1502.4
1199100 1508.0
1199110 1514.0
1199120 1514.0
1199130 1521.9
1199140 1528.0
1199150 1528.0
1199160 1530.9
1199170 1533.4
1199180 1533.4
1199190 1537.7
1199200 1543.0
1199210 1543.0
1199220 1547.9
1199230 1553.4
1199240 1553.4
1199250 1564.9
1199260 1578.9
1199270 1578.9
1199280 1582.3
1199290 1584.5
1199300 1584.5
1199310 1586.7
1199320 1589.1
1199330 1589.1
1199340 1594.3
1199350 1600.9
1199360 1600.9
1199370 1605.2
1199380 1608.9
1199390 1612.1
1199400 1612.1
1199410 1615.3
1199420 1621.3
1199430 1621.3
1199440 1625.8
1199450 1627.0
1199460 1627.0
1199470 1626.3
1199480 1627.0
1199490 1627.0
1199500 1627.0
1199510 1629.1
1199520 1629.1
1199530 1634.4
1199540 1641.0
1199550 1641.0
1199560 1645.4
1199570 1642.3
1199580 1642.3
1199590 1638.4
1199600 1634.3
1199610 1634.3
1199620 1629.6
1199630 1632.1
1199640 1632.1
1199650 1631.2
1199660 1627.9
1199670 1627.9
1199680 1628.2
1199690 1628.1
1199700 1630.5
1199710 1630.5
1199720 1631.1
1199730 1636.5
1199740 1636.5
1199750 1643.9
1199760 1651.3
1199770 1651.3
1199780 1658.1
1199790 1662.3
1199800 1662.3
1199810 1660.5
1199820 1656.2
1199830 1656.2
1199840 1651.3
1199850 1646.3
1199860 1653.6
1199870 1651.5
1199880 1647.7
1199890 1647.7
1199900 1647.1
1199910 1646.1
1199920 1646.1
1199930 1652.5
1199940 1660.5
1199950 1660.5
1199960 1663.0
1199970 1661.9
1199980 1661.9
1199990 1659.0
