1180000 1557.6
1180010 1557.8
1180020 1559.4
1180030 1559.4
1180040 1559.2
1180050 1559.3
1180060 1559.3
1180070 1559.7
1180080 1558.6
1180090 1558.6
1180100 1558.5
1180110 1557.1
1180120 1557.1
1180130 1554.4
1180140 1554.6
1180150 1555.0
1180160 1555.0
1180170 1553.7
1180180 1552.2
1180190 1552.2
1180200 1550.7
1180210 1548.5
1180220 1548.5
1180230 1545.1
1180240 1540.4
1180250 1540.4
1180260 1539.9
1180270 1536.7
1180280 1536.7
1180290 1532.7
1180300 1529.2
1180310 1529.2
1180320 1525.6
1180330 1521.2
1180340 1521.2
1180350 1515.7
1180360 1511.0
1180370 1511.0
1180380 1506.8
1180390 1501.4
1180400 1501.4
1180410 1494.9
1180420 1487.1
1180430 1487.1
1180440 1478.3
1180450 1470.0
1180460 1470.0
1180470 1462.4
1180480 1455.5
1180490 1449.0
1180500 1449.0
1180510 1443.1
1180520 1436.0
1180530 1436.0
1180540 1425.6
1180550 1415.7
1180560 1415.7
1180570 1409.8
1180580 1403.6
1180590 1403.6
1180600 1397.2
1180610 1391.3
1180620 1391.3
1180630 1385.1
1180640 1378.7
1180650 1378.7
1180660 1374.8
1180670 1370.3
1180680 1370.3
1180690 1363.5
1180700 1358.4
1180710 1358.4
1180720 1351.7
1180730 1344.4
1180740 1344.4
1180750 1338.3
1180760 1333.9
1180770 1333.9
1180780 1330.8
1180790 1327.4
1180800 1324.9
1180810 1324.9
1180820 1323.4
1180830 1319.8
1180840 1319.8
1180850 1315.2
1180860 1308.9
1180870 1308.9
1180880 1303.0
1180890 1298.4
1180900 1298.4
1180910 1293.2
1180920 1288.8
1180930 1288.8
1180940 1284.0
1180950 1278.1
1180960 1278.1
1180970 1273.2
1180980 1269.7
1180990 1269.7
1181000 1265.7
1181010 1259.7
1181020 1259.7
1181030 1254.4
1181040 1249.4
1181050 1249.4
1181060 1244.0
1181070 1238.7
1181080 1238.7
1181090 1233.6
1181100 1226.1
1181110 1226.1
1181120 1221.2
1181130 1218.1
1181140 1215.5
1181150 1215.5
1181160 1208.1
1181170 1202.7
1181180 1202.7
1181190 1199.7
1181200 1196.5
1181210 1196.5
1181220 1195.8
1181230 1192.9
1181240 1192.9
1181250 1187.9
1181260 1182.9
1181270 1182.9
1181280 1177.6
1181290 1172.1
1181300 1172.1
1181310 1167.0
1181320 1162.1
1181330 1162.1
1181340 1156.4
1181350 1155.1
1181360 1155.1
1181370 1159.4
1181380 1164.7
1181390 1164.7
1181400 1169.1
1181410 1171.4
1181420 1171.4
1181430 1173.2
1181440 1185.2
1181450 1197.8
1181460 1197.8
1181470 1205.5
1181480 1212.0
1181490 1212.0
1181500 1209.8
1181510 1205.6
1181520 1200.5
1181530 1195.4
1181540 1190.3
1181550 1190.3
1181560 1184.7
1181570 1179.1
1181580 1179.1
1181590 1173.8
1181600 1168.1
1181610 1168.1
1181620 1160.8
1181630 1153.2
1181640 1153.2
1181650 1144.2
1181660 1136.4
1181670 1136.4
1181680 1130.7
1181690 1127.5
1181700 1127.5
1181710 1124.0
1181720 1115.9
1181730 1115.9
1181740 1107.2
1181750 1098.3
1181760 1098.3
1181770 1091.1
1181780 1084.3
1181790 1076.7
1181800 1076.7
1181810 1069.1
1181820 1062.4
1181830 1062.4
1181840 1056.3
1181850 1048.7
1181860 1048.7
1181870 1044.0
1181880 1041.1
1181890 1041.1
1181900 1039.2
1181910 1038.1
1181920 1038.1
1181930 1037.2
1181940 1032.0
1181950 1032.0
1181960 1031.3
1181970 1031.3
1181980 1031.3
1181990 1032.5
1182000 1035.0
1182010 1035.0
1182020 1038.3
1182030 1041.8
1182040 1041.8
1182050 1043.7
1182060 1044.1
1182070 1044.1
1182080 1044.6
1182090 1049.3
1182100 1054.4
1182110 1054.4
1182120 1054.1
1182130 1053.3
1182140 1053.3
1182150 1053.5
1182160 1053.9
1182170 1053.9
1182180 1051.3
1182190 1048.3
1182200 1048.3
1182210 1044.5
1182220 1041.8
1182230 1041.8
1182240 1038.0
1182250 1031.1
1182260 1031.1
1182270 1025.4
1182280 1026.1
1182290 1026.1
1182300 1025.7
1182310 1029.1
1182320 1029.1
1182330 1025.1
1182340 1019.2
1182350 1019.2
1182360 1023.0
1182370 1020.1
1182380 1020.1
1182390 1017.1
1182400 1011.4
1182410 1011.4
1182420 1006.5
1182430 1002.6
1182440 1000.7
1182450 1000.7
1182460 1002.5
1182470 1005.0
1182480 1005.0
1182490 1007.2
1182500 1010.5
1182510 1010.5
1182520 1016.4
1182530 1023.6
1182540 1023.6
1182550 1023.5
1182560 1023.2
1182570 1023.2
1182580 1026.7
1182590 1027.3
1182600 1027.3
1182610 1029.0
1182620 1029.9
1182630 1029.9
1182640 1029.4
1182650 1021.0
1182660 1021.0
1182670 1016.6
1182680 1013.9
1182690 1013.9
1182700 1010.9
1182710 1006.5
1182720 1006.5
1182730 1005.3
1182740 1006.3
1182750 1006.3
1182760 1005.7
1182770 1003.6
1182780 1000.7
1182790 1004.4
1182800 999.7
1182810 999.8
1182820 999.8
1182830 999.7
1182840 995.3
1182850 995.3
1182860 996.4
1182870 1002.3
1182880 1002.3
1182890 1007.4
1182900 1004.1
1182910 1004.1
1182920 996.5
1182930 991.0
1182940 991.0
1182950 986.8
1182960 987.1
1182970 987.1
1182980 992.2
1182990 995.4
1183000 995.4
1183010 990.6
1183020 983.1
1183030 983.1
1183040 978.1
1183050 979.3
1183060 979.3
1183070 978.8
1183080 973.4
1183090 967.2
1183100 967.2
1183110 963.9
1183120 962.6
1183130 962.6
1183140 959.7
1183150 957.7
1183160 957.7
1183170 954.0
1183180 950.0
1183190 950.0
1183200 949.2
1183210 959.5
1183220 959.5
1183230 955.0
1183240 952.0
1183250 952.0
1183260 946.3
1183270 939.6
1183280 939.6
1183290 933.5
1183300 934.2
1183310 934.2
1183320 932.4
1183330 930.4
1183340 930.4
1183350 928.8
1183360 924.7
1183370 924.7
1183380 925.4
1183390 926.7
1183400 926.7
1183410 921.1
1183420 915.4
1183430 913.4
1183440 913.4
1183450 912.6
1183460 911.0
1183470 911.0
1183480 909.0
1183490 908.5
1183500 908.5
1183510 909.0
1183520 909.5
1183530 909.5
1183540 909.8
1183550 909.8
1183560 909.8
1183570 909.7
1183580 909.6
1183590 909.6
1183600 909.7
1183610 909.9
1183620 909.9
1183630 906.4
1183640 906.7
1183650 906.7
1183660 907.2
1183670 907.9
1183680 907.9
1183690 908.7
1183700 909.0
1183710 909.0
1183720 909.0
1183730 908.9
1183740 908.9
1183750 908.9
1183760 908.9
1183770 909.1
1183780 909.1
1183790 909.3
1183800 909.5
1183810 909.5
1183820 911.5
1183830 917.8
1183840 917.8
1183850 926.0
1183860 933.3
1183870 933.3
1183880 935.8
1183890 931.6
1183900 931.6
1183910 925.8
1183920 922.6
1183930 922.6
1183940 920.3
1183950 917.5
1183960 917.5
1183970 917.9
1183980 920.6
1183990 920.6
1184000 922.0
1184010 923.7
1184020 923.7
1184030 926.4
1184040 931.8
1184050 931.8
1184060 934.8
1184070 937.2
1184080 938.1
1184090 938.1
1184100 936.8
1184110 936.8
1184120 936.8
1184130 941.5
1184140 945.1
1184150 945.1
1184160 945.2
1184170 945.9
1184180 945.9
1184190 946.4
1184200 946.3
1184210 946.3
1184220 946.1
1184230 946.3
1184240 946.3
1184250 947.4
1184260 948.8
1184270 948.8
1184280 949.6
1184290 949.9
1184300 949.9
1184310 949.9
1184320 950.2
1184330 950.2
1184340 950.3
1184350 950.5
1184360 950.5
1184370 951.6
1184380 951.8
1184390 951.8
1184400 951.9
1184410 953.4
1184420 955.5
1184430 955.5
1184440 957.0
1184450 957.8
1184460 957.8
1184470 957.4
1184480 948.5
1184490 948.5
1184500 949.0
1184510 949.1
1184520 949.1
1184530 947.9
1184540 947.6
1184550 947.6
1184560 949.8
1184570 950.6
1184580 950.6
1184590 950.4
1184600 950.2
1184610 950.2
1184620 948.4
1184630 946.9
1184640 946.9
1184650 946.8
1184660 947.4
1184670 947.4
1184680 947.7
1184690 948.3
1184700 948.3
1184710 948.2
1184720 948.8
1184730 950.0
1184740 950.0
1184750 951.0
1184760 951.4
1184770 951.4
1184780 950.6
1184790 948.8
1184800 948.8
1184810 949.9
1184820 953.6
1184830 953.6
1184840 953.9
1184850 953.2
1184860 953.2
1184870 949.5
1184880 945.4
1184890 945.4
1184900 940.3
1184910 935.2
1184920 935.2
1184930 938.6
1184940 943.4
1184950 943.4
1184960 944.3
1184970 943.3
1184980 943.3
1184990 940.4
1185000 938.9
1185010 938.9
1185020 938.2
1185030 934.1
1185040 934.1
1185050 929.4
1185060 925.1
1185070 920.0
1185080 920.0
1185090 916.2
1185100 916.4
1185110 916.4
1185120 919.8
1185130 920.6
1185140 920.6
1185150 921.3
1185160 924.4
1185170 924.4
1185180 925.9
1185190 926.7
1185200 926.7
1185210 930.5
1185220 936.7
1185230 936.7
1185240 942.3
1185250 945.9
1185260 945.9
1185270 950.1
1185280 955.5
1185290 955.5
1185300 960.3
1185310 962.7
1185320 962.7
1185330 962.6
1185340 959.8
1185350 959.8
1185360 959.4
1185370 960.0
1185380 960.9
1185390 960.9
1185400 962.1
1185410 962.7
1185420 962.7
1185430 963.0
1185440 962.8
1185450 962.8
1185460 963.7
1185470 965.3
1185480 965.3
1185490 967.4
1185500 971.5
1185510 971.5
1185520 977.9
1185530 983.5
1185540 983.5
1185550 986.6
1185560 989.0
1185570 989.0
1185580 991.4
1185590 993.4
1185600 993.4
1185610 995.7
1185620 998.8
1185630 998.8
1185640 1001.8
1185650 1003.7
1185660 1003.7
1185670 1004.4
1185680 1004.9
1185690 1004.9
1185700 1006.1
1185710 1006.5
1185720 1007.3
1185730 1007.3
1185740 1009.0
1185750 1010.5
1185760 1004.9
1185770 1004.6
1185780 1004.2
1185790 1004.2
1185800 1004.9
1185810 1004.6
1185820 1004.6
1185830 1002.5
1185840 999.9
1185850 999.9
1185860 997.0
1185870 993.9
1185880 993.9
1185890 990.0
1185900 987.2
1185910 987.2
1185920 984.2
1185930 982.0
1185940 982.0
1185950 980.6
1185960 977.7
1185970 977.7
1185980 974.1
1185990 970.9
1186000 970.9
1186010 966.9
1186020 963.1
1186030 963.1
1186040 959.0
1186050 954.3
1186060 949.4
1186070 949.4
1186080 944.3
1186090 938.8
1186100 938.8
1186110 933.3
1186120 928.3
1186130 928.3
1186140 924.0
1186150 917.4
1186160 917.4
1186170 907.7
1186180 897.9
1186190 894.8
1186200 887.1
1186210 881.4
1186220 881.4
1186230 875.3
1186240 873.3
1186250 873.3
1186260 873.1
1186270 873.0
1186280 873.0
1186290 872.8
1186300 872.8
1186310 872.8
1186320 872.8
1186330 872.7
1186340 872.7
1186350 872.7
1186360 872.6
1186370 872.5
1186380 872.5
1186390 872.5
1186400 872.5
1186410 872.5
1186420 872.6
1186430 872.8
1186440 872.8
1186450 872.7
1186460 873.0
1186470 873.0
1186480 872.7
1186490 872.2
1186500 872.2
1186510 870.1
1186520 869.6
1186530 869.6
1186540 869.9
1186550 869.8
1186560 869.8
1186570 869.5
1186580 869.4
1186590 869.4
1186600 869.8
1186610 869.9
1186620 869.9
1186630 870.0
1186640 872.6
1186650 872.6
1186660 875.5
1186670 874.2
1186680 874.2
1186690 875.9
1186700 872.9
1186710 869.2
1186720 869.2
1186730 868.3
1186740 868.3
1186750 868.3
1186760 868.6
1186770 868.7
1186780 868.7
1186790 868.6
1186800 868.5
1186810 868.5
1186820 868.4
1186830 868.5
1186840 868.5
1186850 868.6
1186860 868.5
1186870 868.5
1186880 868.1
1186890 868.1
1186900 868.1
1186910 868.2
1186920 867.8
1186930 867.8
1186940 867.8
1186950 868.0
1186960 868.0
1186970 867.8
1186980 867.5
1186990 867.5
1187000 867.5
1187010 867.8
1187020 868.2
1187030 868.2
1187040 868.1
1187050 867.9
1187060 867.9
1187070 867.3
1187080 867.1
1187090 867.1
1187100 867.4
1187110 867.8
1187120 867.8
1187130 868.0
1187140 868.0
1187150 868.0
1187160 868.0
1187170 867.9
1187180 867.9
1187190 867.3
1187200 867.7
1187210 867.7
1187220 867.6
1187230 867.3
1187240 867.3
1187250 867.9
1187260 868.0
1187270 868.0
1187280 867.7
1187290 867.5
1187300 867.5
1187310 867.6
1187320 867.4
1187330 867.4
1187340 867.1
1187350 867.2
1187360 867.3
1187370 867.3
1187380 867.3
1187390 867.2
1187400 867.2
1187410 866.8
1187420 866.8
1187430 866.8
1187440 866.8
1187450 866.8
1187460 866.8
1187470 867.5
1187480 867.9
1187490 867.9
1187500 867.6
1187510 867.3
1187520 867.3
1187530 868.7
1187540 869.4
1187550 869.4
1187560 869.4
1187570 869.3
1187580 869.3
1187590 868.9
1187600 868.9
1187610 868.9
1187620 868.7
1187630 868.5
1187640 868.5
1187650 868.9
1187660 868.8
1187670 868.8
1187680 868.8
1187690 868.1
1187700 868.6
1187710 868.6
1187720 868.0
1187730 867.8
1187740 867.8
1187750 867.9
1187760 867.8
1187770 867.8
1187780 867.8
1187790 869.7
1187800 869.7
1187810 875.1
1187820 879.9
1187830 879.9
1187840 885.1
1187850 890.7
1187860 890.7
1187870 895.0
1187880 898.1
1187890 898.1
1187900 900.4
1187910 899.9
1187920 899.9
1187930 902.5
1187940 906.3
1187950 906.3
1187960 909.6
1187970 913.0
1187980 913.0
1187990 916.5
1188000 919.9
1188010 921.1
1188020 921.1
1188030 922.7
1188040 926.5
1188050 926.5
1188060 930.1
1188070 934.6
1188080 934.6
1188090 937.5
1188100 940.6
1188110 940.6
1188120 945.9
1188130 949.1
1188140 949.1
1188150 950.8
1188160 952.5
1188170 952.5
1188180 954.5
1188190 959.1
1188200 959.1
1188210 963.4
1188220 966.6
1188230 966.6
1188240 971.2
1188250 975.6
1188260 975.6
1188270 978.4
1188280 981.3
1188290 981.3
1188300 984.1
1188310 986.8
1188320 986.8
1188330 988.0
1188340 987.7
1188350 989.1
1188360 989.1
1188370 989.6
1188380 989.0
1188390 989.0
1188400 989.4
1188410 991.8
1188420 991.8
1188430 993.1
1188440 994.3
1188450 994.3
1188460 995.8
1188470 997.0
1188480 997.0
1188490 998.8
1188500 999.6
1188510 999.6
1188520 999.3
1188530 998.2
1188540 998.2
1188550 998.1
1188560 998.2
1188570 998.2
1188580 998.0
1188590 998.3
1188600 998.3
1188610 998.4
1188620 998.3
1188630 998.3
1188640 998.8
1188650 999.0
1188660 998.6
1188670 998.6
1188680 998.8
1188690 999.8
1188700 999.8
1188710 1000.9
1188720 1001.7
1188730 1001.7
1188740 1003.2
1188750 1004.2
1188760 1004.2
1188770 1001.3
1188780 1002.2
1188790 1002.2
1188800 1002.1
1188810 1002.1
1188820 1002.1
1188830 1002.4
1188840 1002.6
1188850 1002.6
1188860 1003.2
1188870 1003.9
1188880 1003.9
1188890 1003.2
1188900 1002.6
1188910 1002.6
1188920 1002.1
1188930 1000.3
1188940 1000.3
1188950 999.2
1188960 999.6
1188970 999.6
1188980 999.9
1188990 1001.1
1189000 1002.4
1189010 1002.4
1189020 1002.8
1189030 1002.0
1189040 1002.0
1189050 1001.1
1189060 1000.7
1189070 1000.7
1189080 1000.1
1189090 999.1
1189100 999.1
1189110 996.6
1189120 993.2
1189130 993.2
1189140 990.2
1189150 986.3
1189160 986.3
1189170 983.8
1189180 981.5
1189190 981.5
1189200 975.3
1189210 974.3
1189220 974.3
1189230 975.6
1189240 975.3
1189250 975.3
1189260 974.3
1189270 972.7
1189280 972.7
1189290 970.9
1189300 969.7
1189310 969.7
1189320 965.5
1189330 959.7
1189340 955.6
1189350 955.6
1189360 952.6
1189370 950.4
1189380 950.4
1189390 948.7
1189400 946.5
1189410 946.5
1189420 946.1
1189430 946.5
1189440 946.5
1189450 947.0
1189460 948.0
1189470 948.0
1189480 950.3
1189490 952.8
1189500 952.8
1189510 954.3
1189520 955.9
1189530 955.9
1189540 957.7
1189550 959.7
1189560 959.7
1189570 962.0
1189580 964.9
1189590 964.9
1189600 967.8
1189610 972.0
1189620 972.0
1189630 976.6
1189640 981.6
1189650 986.4
1189660 986.4
1189670 990.7
1189680 994.1
1189690 994.1
1189700 996.0
1189710 998.7
1189720 998.7
1189730 1002.5
1189740 1006.2
1189750 1006.2
1189760 1010.9
1189770 1015.3
1189780 1015.3
1189790 1016.1
1189800 1014.9
1189810 1014.9
1189820 1012.2
1189830 1008.9
1189840 1008.9
1189850 1005.1
1189860 1001.9
1189870 1001.9
1189880 1003.4
1189890 1000.7
1189900 1000.7
1189910 995.1
1189920 989.8
1189930 989.8
1189940 988.0
1189950 989.5
1189960 989.5
1189970 992.6
1189980 997.2
1189990 1000.8
1190000 1000.8
1190010 1000.9
1190020 999.4
1190030 999.4
1190040 997.6
1190050 996.0
1190060 996.0
1190070 989.1
1190080 989.4
1190090 989.4
1190100 990.9
1190110 992.6
1190120 992.6
1190130 991.7
1190140 988.8
1190150 988.8
1190160 985.7
1190170 981.9
1190180 981.9
1190190 978.0
1190200 977.4
1190210 977.4
1190220 981.4
1190230 984.4
1190240 984.4
1190250 984.2
1190260 983.3
1190270 983.3
1190280 981.7
1190290 980.3
1190300 981.1
1190310 981.1
1190320 985.2
1190330 990.7
1190340 990.7
1190350 996.7
1190360 1002.5
1190370 1002.5
1190380 1005.8
1190390 1003.5
1190400 1003.5
1190410 1002.4
1190420 1002.3
1190430 1002.3
1190440 1002.0
1190450 1000.3
1190460 1000.3
1190470 999.4
1190480 999.4
1190490 999.4
1190500 999.5
1190510 998.4
1190520 998.4
1190530 997.4
1190540 998.2
1190550 998.2
1190560 998.7
1190570 997.2
1190580 997.2
1190590 993.3
1190600 989.2
1190610 989.2
1190620 988.1
1190630 990.1
1190640 991.5
1190650 991.5
1190660 992.0
1190670 990.0
1190680 990.0
1190690 986.0
1190700 985.7
1190710 985.7
1190720 987.3
1190730 984.9
1190740 984.9
1190750 984.3
1190760 988.4
1190770 988.4
1190780 991.4
1190790 990.6
1190800 990.6
1190810 987.5
1190820 985.7
1190830 985.7
1190840 985.5
1190850 984.6
1190860 984.6
1190870 984.5
1190880 984.4
1190890 984.4
1190900 984.8
1190910 987.3
1190920 987.3
1190930 989.7
1190940 988.8
1190950 989.4
1190960 989.4
1190970 990.3
1190980 991.4
1190990 991.4
1191000 992.6
1191010 994.1
1191020 994.1
1191030 995.5
1191040 996.7
1191050 996.7
1191060 998.4
1191070 1001.7
1191080 1001.7
1191090 1005.9
1191100 1010.8
1191110 1010.8
1191120 1016.2
1191130 1020.7
1191140 1020.7
1191150 1024.1
1191160 1027.4
1191170 1027.4
1191180 1029.0
1191190 1029.1
1191200 1029.1
1191210 1029.0
1191220 1029.0
1191230 1029.0
1191240 1028.9
1191250 1029.0
1191260 1029.0
1191270 1029.4
1191280 1031.2
1191290 1035.3
1191300 1035.3
1191310 1040.2
1191320 1045.1
1191330 1045.1
1191340 1050.0
1191350 1054.6
1191360 1054.6
1191370 1062.3
1191380 1062.9
1191390 1062.9
1191400 1062.3
1191410 1062.8
1191420 1062.8
1191430 1063.7
1191440 1064.3
1191450 1064.3
1191460 1066.1
1191470 1065.1
1191480 1065.1
1191490 1064.9
1191500 1065.4
1191510 1065.4
1191520 1064.2
1191530 1066.9
1191540 1066.9
1191550 1072.2
1191560 1076.9
1191570 1076.9
1191580 1080.6
1191590 1084.0
1191600 1084.0
1191610 1087.4
1191620 1087.5
1191630 1085.8
1191640 1085.8
1191650 1085.7
1191660 1087.0
1191670 1087.0
1191680 1085.6
1191690 1088.0
1191700 1088.0
1191710 1092.3
1191720 1096.4
1191730 1096.4
1191740 1102.0
1191750 1108.3
1191760 1108.3
1191770 1113.8
1191780 1116.5
1191790 1116.5
1191800 1120.6
1191810 1127.6
1191820 1127.6
1191830 1130.8
1191840 1132.6
1191850 1132.6
1191860 1134.0
1191870 1135.4
1191880 1135.4
1191890 1136.9
1191900 1138.9
1191910 1138.9
1191920 1141.1
1191930 1143.2
1191940 1144.1
1191950 1144.1
1191960 1144.9
1191970 1144.9
1191980 1144.9
1191990 1145.2
1192000 1146.3
1192010 1146.3
1192020 1147.8
1192030 1149.8
1192040 1149.8
1192050 1151.7
1192060 1153.8
1192070 1153.8
1192080 1155.9
1192090 1157.7
1192100 1157.7
1192110 1160.0
1192120 1162.8
1192130 1162.8
1192140 1166.6
1192150 1169.2
1192160 1169.2
1192170 1171.2
1192180 1173.4
1192190 1173.4
1192200 1175.9
1192210 1178.0
1192220 1178.0
1192230 1179.8
1192240 1182.7
1192250 1184.4
1192260 1186.2
1192270 1188.4
1192280 1189.5
1192290 1189.5
1192300 1189.7
1192310 1190.2
1192320 1190.2
1192330 1191.1
1192340 1192.8
1192350 1192.8
1192360 1196.1
1192370 1199.1
1192380 1199.1
1192390 1201.8
1192400 1204.3
1192410 1204.3
1192420 1206.2
1192430 1208.1
1192440 1208.1
1192450 1210.0
1192460 1212.3
1192470 1212.3
1192480 1214.7
1192490 1217.1
1192500 1217.1
1192510 1218.8
1192520 1220.0
1192530 1220.0
1192540 1220.5
1192550 1221.0
1192560 1221.0
1192570 1221.8
1192580 1222.1
1192590 1223.6
1192600 1223.6
1192610 1226.0
1192620 1228.0
1192630 1228.0
1192640 1230.1
1192650 1232.0
1192660 1232.0
1192670 1233.4
1192680 1237.4
1192690 1237.4
1192700 1239.0
1192710 1240.0
1192720 1240.0
1192730 1240.2
1192740 1240.4
1192750 1240.4
1192760 1240.4
1192770 1240.2
1192780 1240.2
1192790 1239.3
1192800 1238.5
1192810 1238.5
1192820 1239.0
1192830 1239.4
1192840 1239.4
1192850 1238.9
1192860 1238.0
1192870 1238.0
1192880 1237.9
1192890 1237.2
1192900 1237.2
1192910 1235.9
1192920 1235.3
1192930 1233.9
1192940 1233.9
1192950 1231.5
1192960 1229.7
1192970 1229.7
1192980 1228.5
1192990 1228.2
1193000 1228.2
1193010 1227.5
1193020 1224.6
1193030 1224.6
1193040 1221.9
1193050 1219.3
1193060 1219.3
1193070 1213.4
1193080 1207.5
1193090 1207.5
1193100 1201.5
1193110 1195.8
1193120 1198.0
1193130 1193.3
1193140 1188.5
1193150 1188.5
1193160 1184.2
1193170 1179.8
1193180 1179.8
1193190 1175.4
1193200 1170.0
1193210 1170.0
1193220 1164.2
1193230 1159.3
1193240 1159.3
1193250 1155.3
1193260 1152.0
1193270 1148.2
1193280 1148.2
1193290 1145.8
1193300 1143.4
1193310 1143.4
1193320 1141.3
1193330 1139.5
1193340 1139.5
1193350 1138.9
1193360 1137.5
1193370 1137.5
1193380 1137.4
1193390 1137.6
1193400 1137.6
1193410 1137.4
1193420 1137.0
1193430 1137.0
1193440 1136.3
1193450 1135.9
1193460 1135.9
1193470 1135.6
1193480 1135.4
1193490 1135.4
1193500 1135.7
1193510 1136.0
1193520 1136.0
1193530 1136.5
1193540 1136.7
1193550 1136.7
1193560 1137.0
1193570 1135.9
1193580 1134.8
1193590 1134.8
1193600 1134.0
1193610 1133.7
1193620 1133.7
1193630 1133.3
1193640 1133.0
1193650 1133.0
1193660 1133.0
1193670 1132.8
1193680 1132.8
1193690 1131.8
1193700 1130.4
1193710 1130.4
1193720 1129.2
1193730 1128.1
1193740 1128.1
1193750 1126.2
1193760 1123.4
1193770 1123.4
1193780 1121.9
1193790 1121.6
1193800 1121.6
1193810 1122.0
1193820 1122.1
1193830 1122.1
1193840 1121.5
1193850 1120.2
1193860 1120.2
1193870 1119.5
1193880 1119.4
1193890 1119.4
1193900 1119.6
1193910 1119.9
1193920 1120.2
1193930 1120.2
1193940 1119.9
1193950 1119.5
1193960 1119.5
1193970 1119.3
1193980 1119.0
1193990 1119.0
1194000 1118.8
1194010 1117.6
1194020 1117.6
1194030 1116.1
1194040 1114.7
1194050 1114.7
1194060 1113.0
1194070 1110.9
1194080 1110.9
1194090 1108.9
1194100 1106.9
1194110 1106.9
1194120 1104.9
1194130 1102.2
1194140 1102.2
1194150 1098.8
1194160 1095.0
1194170 1095.0
1194180 1091.9
1194190 1087.7
1194200 1087.7
1194210 1082.1
1194220 1076.2
1194230 1071.2
1194240 1071.2
1194250 1067.3
1194260 1064.1
1194270 1064.1
1194280 1062.2
1194290 1060.2
1194300 1060.2
1194310 1058.8
1194320 1057.6
1194330 1057.6
1194340 1056.5
1194350 1055.4
1194360 1055.4
1194370 1054.6
1194380 1053.7
1194390 1053.7
1194400 1052.6
1194410 1052.1
1194420 1052.1
1194430 1051.8
1194440 1052.6
1194450 1052.6
1194460 1051.5
1194470 1050.5
1194480 1050.5
1194490 1049.5
1194500 1048.5
1194510 1048.5
1194520 1047.5
1194530 1046.5
1194540 1046.5
1194550 1045.5
1194560 1044.4
1194570 1043.4
1194580 1043.4
1194590 1042.3
1194600 1041.3
1194610 1041.3
1194620 1040.5
1194630 1039.7
1194640 1039.7
1194650 1038.8
1194660 1037.8
1194670 1037.8
1194680 1037.0
1194690 1036.3
1194700 1036.3
1194710 1035.6
1194720 1034.7
1194730 1034.7
1194740 1034.0
1194750 1033.3
1194760 1033.3
1194770 1032.6
1194780 1031.3
1194790 1031.3
1194800 1030.2
1194810 1029.0
1194820 1029.0
1194830 1028.7
1194840 1028.1
1194850 1028.1
1194860 1027.0
1194870 1026.4
1194880 1025.4
1194890 1025.4
1194900 1024.7
1194910 1024.0
1194920 1024.0
1194930 1023.3
1194940 1022.6
1194950 1022.6
1194960 1022.0
1194970 1021.3
1194980 1021.3
1194990 1020.5
1195000 1019.9
1195010 1019.9
1195020 1019.2
1195030 1018.7
1195040 1018.7
1195050 1018.0
1195060 1017.3
1195070 1017.3
1195080 1016.6
1195090 1016.0
1195100 1016.0
1195110 1015.4
1195120 1014.8
1195130 1014.8
1195140 1014.3
1195150 1013.8
1195160 1013.8
1195170 1013.3
1195180 1012.7
1195190 1012.7
1195200 1012.3
1195210 1011.8
1195220 1011.3
1195230 1011.3
1195240 1011.0
1195250 1010.8
1195260 1010.8
1195270 1010.5
1195280 1009.8
1195290 1009.8
1195300 1008.8
1195310 1007.9
1195320 1008.5
1195330 1007.5
1195340 1006.5
1195350 1006.5
1195360 1005.8
1195370 1005.3
1195380 1005.3
1195390 1005.0
1195400 1004.2
1195410 1004.2
1195420 1003.6
1195430 1003.7
1195440 1003.7
1195450 1003.2
1195460 1003.0
1195470 1003.0
1195480 1002.4
1195490 1001.4
1195500 1001.4
1195510 1000.9
1195520 1000.5
1195530 999.8
1195540 999.8
1195550 998.6
1195560 998.2
1195570 998.2
1195580 997.8
1195590 997.2
1195600 997.2
1195610 996.7
1195620 996.1
1195630 996.1
1195640 995.5
1195650 994.9
1195660 994.9
1195670 994.4
1195680 993.9
1195690 993.9
1195700 993.3
1195710 992.9
1195720 992.9
1195730 992.2
1195740 991.5
1195750 991.5
1195760 991.1
1195770 990.3
1195780 990.3
1195790 989.7
1195800 989.2
1195810 989.2
1195820 988.6
1195830 988.2
1195840 988.2
1195850 987.7
1195860 987.2
1195870 986.6
1195880 986.6
1195890 986.1
1195900 985.6
1195910 985.6
1195920 985.1
1195930 984.7
1195940 984.7
1195950 984.3
1195960 983.9
1195970 983.9
1195980 983.6
1195990 983.2
1196000 983.2
1196010 982.8
1196020 982.8
1196030 982.8
1196040 983.2
1196050 983.1
1196060 983.1
1196070 983.1
1196080 983.1
1196090 983.1
1196100 982.9
1196110 981.9
1196120 981.9
1196130 982.5
1196140 982.7
1196150 982.7
1196160 983.3
1196170 983.3
1196180 983.3
1196190 983.3
1196200 983.6
1196210 983.5
1196220 983.5
1196230 983.4
1196240 982.5
1196250 982.5
1196260 981.4
1196270 981.8
1196280 981.8
1196290 982.1
1196300 982.1
1196310 982.1
1196320 982.2
1196330 982.3
1196340 982.3
1196350 982.5
1196360 982.7
1196370 982.7
1196380 982.8
1196390 982.9
1196400 982.9
1196410 982.9
1196420 982.9
1196430 982.9
1196440 983.1
1196450 983.2
1196460 983.2
1196470 983.3
1196480 983.4
1196490 983.4
1196500 983.3
1196510 983.5
1196520 983.6
1196530 983.6
1196540 983.5
1196550 983.4
1196560 983.4
1196570 982.9
1196580 982.9
1196590 982.9
1196600 982.9
1196610 982.8
1196620 982.8
1196630 982.9
1196640 982.8
1196650 982.8
1196660 982.7
1196670 982.5
1196680 982.5
1196690 982.8
1196700 982.9
1196710 982.9
1196720 982.8
1196730 982.6
1196740 982.6
1196750 982.5
1196760 982.2
1196770 982.2
1196780 982.2
1196790 982.5
1196800 982.5
1196810 982.6
1196820 982.6
1196830 982.6
1196840 982.5
1196850 982.5
1196860 982.6
1196870 982.6
1196880 982.7
1196890 982.9
1196900 982.9
1196910 983.2
1196920 983.3
1196930 983.3
1196940 983.3
1196950 983.1
1196960 983.1
1196970 983.0
1196980 982.9
1196990 982.9
1197000 982.8
1197010 982.8
1197020 982.8
1197030 982.7
1197040 982.9
1197050 982.9
1197060 983.3
1197070 983.4
1197080 983.4
1197090 983.5
1197100 983.4
1197110 983.4
1197120 983.4
1197130 983.4
1197140 983.4
1197150 983.7
1197160 984.0
1197170 984.2
1197180 984.2
1197190 984.4
1197200 984.8
1197210 984.8
1197220 985.4
1197230 985.7
1197240 985.7
1197250 986.0
1197260 986.2
1197270 986.2
1197280 986.5
1197290 986.7
1197300 986.7
1197310 986.9
1197320 987.0
1197330 987.0
1197340 987.2
1197350 987.2
1197360 987.2
1197370 987.1
1197380 987.2
1197390 987.2
1197400 987.0
1197410 987.0
1197420 987.0
1197430 987.0
1197440 986.8
1197450 986.8
1197460 986.6
1197470 986.8
1197480 986.8
1197490 987.0
1197500 987.1
1197510 987.4
1197520 987.4
1197530 987.7
1197540 988.2
1197550 988.2
1197560 988.4
1197570 988.5
1197580 988.5
1197590 988.1
1197600 987.8
1197610 987.8
1197620 988.1
1197630 988.3
1197640 988.3
1197650 986.8
1197660 987.1
1197670 987.1
1197680 988.3
1197690 988.0
1197700 988.0
1197710 988.0
1197720 988.0
1197730 988.0
1197740 988.0
1197750 988.0
1197760 988.0
1197770 988.1
1197780 988.0
1197790 988.0
1197800 987.8
1197810 987.6
1197820 987.4
1197830 987.4
1197840 987.2
1197850 986.9
1197860 986.9
1197870 986.8
1197880 987.1
1197890 987.1
1197900 987.8
1197910 987.8
1197920 987.8
1197930 987.7
1197940 987.6
1197950 987.6
1197960 987.6
1197970 987.6
1197980 987.8
1197990 988.0
1198000 988.3
1198010 988.3
1198020 988.5
1198030 988.8
1198040 988.8
1198050 989.4
1198060 993.7
1198070 993.7
1198080 1000.8
1198090 1007.5
1198100 1007.5
1198110 1012.1
1198120 1016.0
1198130 1016.0
1198140 1019.9
1198150 1024.3
1198160 1029.2
1198170 1029.2
1198180 1034.0
1198190 1037.6
1198200 1037.6
1198210 1041.4
1198220 1046.6
1198230 1046.6
1198240 1053.3
1198250 1060.1
1198260 1060.1
1198270 1067.0
1198280 1074.5
1198290 1074.5
1198300 1082.5
1198310 1088.3
1198320 1088.3
1198330 1090.1
1198340 1091.6
1198350 1091.6
1198360 1097.1
1198370 1102.9
1198380 1102.9
1198390 1105.7
1198400 1106.8
1198410 1106.8
1198420 1110.5
1198430 1119.4
1198440 1119.4
1198450 1124.4
1198460 1131.4
1198470 1131.4
1198480 1138.1
1198490 1144.6
1198500 1150.8
1198510 1150.8
1198520 1157.8
1198530 1165.9
1198540 1165.9
1198550 1174.3
1198560 1183.6
1198570 1183.6
1198580 1189.1
1198590 1190.3
1198600 1190.3
1198610 1194.9
1198620 1201.4
1198630 1201.4
1198640 1205.6
1198650 1208.8
1198660 1208.8
1198670 1211.5
1198680 1214.4
1198690 1214.4
1198700 1216.2
1198710 1216.7
1198720 1216.7
1198730 1218.3
1198740 1221.6
1198750 1221.6
1198760 1224.3
1198770 1227.6
1198780 1227.6
1198790 1228.5
1198800 1225.9
1198810 1226.0
1198820 1226.0
1198830 1233.6
1198840 1238.2
1198850 1238.2
1198860 1242.7
1198870 1251.4
1198880 1251.4
1198890 1253.9
1198900 1257.2
1198910 1257.2
1198920 1259.8
1198930 1261.2
1198940 1261.2
1198950 1261.2
1198960 1259.3
1198970 1259.3
1198980 1255.9
1198990 1263.7
1199000 1263.7
1199010 1272.1
1199020 1275.4
1199030 1275.4
1199040 1275.7
1199050 1277.0
1199060 1277.0
1199070 1275.1
1199080 1277.8
1199090 1277.8
1199100 1277.9
1199110 1273.9
1199120 1273.9
1199130 1270.4
1199140 1269.3
1199150 1267.2
1199160 1267.2
1199170 1266.4
1199180 1267.6
1199190 1267.6
1199200 1263.9
1199210 1261.6
1199220 1261.6
1199230 1262.1
1199240 1263.0
1199250 1263.0
1199260 1264.2
1199270 1265.6
1199280 1265.6
1199290 1265.6
1199300 1266.5
1199310 1266.5
1199320 1284.1
1199330 1285.9
1199340 1285.9
1199350 1287.0
1199360 1283.2
1199370 1283.2
1199380 1278.2
1199390 1282.3
1199400 1282.3
1199410 1290.9
1199420 1293.8
1199430 1293.8
1199440 1298.7
1199450 1299.7
1199460 1299.2
1199470 1299.2
1199480 1300.0
1199490 1299.7
1199500 1299.7
1199510 1304.7
1199520 1306.4
1199530 1306.4
1199540 1305.5
1199550 1302.3
1199560 1302.3
1199570 1298.5
1199580 1298.0
1199590 1298.0
1199600 1296.4
1199610 1293.2
1199620 1293.2
1199630 1288.3
1199640 1282.2
1199650 1282.2
1199660 1275.3
1199670 1266.3
1199680 1266.3
1199690 1259.1
1199700 1257.9
1199710 1257.9
1199720 1258.2
1199730 1256.7
1199740 1256.7
1199750 1252.6
1199760 1255.8
1199770 1263.8
1199780 1267.4
1199790 1268.8
1199800 1267.5
1199810 1267.5
1199820 1265.5
1199830 1261.0
1199840 1261.0
1199850 1253.2
1199860 1246.6
1199870 1246.6
1199880 1246.7
1199890 1254.6
1199900 1254.6
1199910 1267.2
1199920 1278.6
1199930 1278.6
1199940 1287.8
1199950 1292.6
1199960 1292.6
1199970 1289.9
1199980 1287.0
1199990 1287.0
