1180000 1383.9
1180010 1382.3
1180020 1380.8
1180030 1378.4
1180040 1378.4
1180050 1374.1
1180060 1370.4
1180070 1370.4
1180080 1367.3
1180090 1366.7
1180100 1366.7
1180110 1368.0
1180120 1370.3
1180130 1370.3
1180140 1376.1
1180150 1375.7
1180160 1375.7
1180170 1376.0
1180180 1378.3
1180190 1378.3
1180200 1380.2
1180210 1379.5
1180220 1379.5
1180230 1377.4
1180240 1378.1
1180250 1378.1
1180260 1379.8
1180270 1379.9
1180280 1379.9
1180290 1379.1
1180300 1378.8
1180310 1378.8
1180320 1378.6
1180330 1378.6
1180340 1378.6
1180350 1377.7
1180360 1375.1
1180370 1371.0
1180380 1371.0
1180390 1367.4
1180400 1364.9
1180410 1364.9
1180420 1361.5
1180430 1359.2
1180440 1359.2
1180450 1358.3
1180460 1356.1
1180470 1356.1
1180480 1352.0
1180490 1346.5
1180500 1346.5
1180510 1344.6
1180520 1342.8
1180530 1342.8
1180540 1338.9
1180550 1335.1
1180560 1336.8
1180570 1334.5
1180580 1331.1
1180590 1331.1
1180600 1327.5
1180610 1323.2
1180620 1323.2
1180630 1319.3
1180640 1315.5
1180650 1315.5
1180660 1311.1
1180670 1306.6
1180680 1303.7
1180690 1303.7
1180700 1300.7
1180710 1297.9
1180720 1297.9
1180730 1295.5
1180740 1289.6
1180750 1289.6
1180760 1282.6
1180770 1277.1
1180780 1277.1
1180790 1272.5
1180800 1268.6
1180810 1268.6
1180820 1268.1
1180830 1268.9
1180840 1268.9
1180850 1269.4
1180860 1271.3
1180870 1271.3
1180880 1272.5
1180890 1272.3
1180900 1272.3
1180910 1268.5
1180920 1264.6
1180930 1264.6
1180940 1259.7
1180950 1253.9
1180960 1253.9
1180970 1249.8
1180980 1240.6
1180990 1240.6
1181000 1239.6
1181010 1240.5
1181020 1243.0
1181030 1243.0
1181040 1247.6
1181050 1251.7
1181060 1251.7
1181070 1253.0
1181080 1259.6
1181090 1259.6
1181100 1269.1
1181110 1279.3
1181120 1279.3
1181130 1289.3
1181140 1300.6
1181150 1300.6
1181160 1310.2
1181170 1310.8
1181180 1310.8
1181190 1316.0
1181200 1322.4
1181210 1322.4
1181220 1324.7
1181230 1326.6
1181240 1326.6
1181250 1326.0
1181260 1323.6
1181270 1323.6
1181280 1321.3
1181290 1319.4
1181300 1319.4
1181310 1317.1
1181320 1314.6
1181330 1314.6
1181340 1311.5
1181350 1308.5
1181360 1305.6
1181370 1305.6
1181380 1302.7
1181390 1300.5
1181400 1298.2
1181410 1296.1
1181420 1294.4
1181430 1294.4
1181440 1292.0
1181450 1288.5
1181460 1288.5
1181470 1284.3
1181480 1280.4
1181490 1280.4
1181500 1276.5
1181510 1273.5
1181520 1273.5
1181530 1271.2
1181540 1269.1
1181550 1269.1
1181560 1266.7
1181570 1263.7
1181580 1263.7
1181590 1259.8
1181600 1255.2
1181610 1255.2
1181620 1250.1
1181630 1245.8
1181640 1245.8
1181650 1240.8
1181660 1235.0
1181670 1229.0
1181680 1229.0
1181690 1223.4
1181700 1217.5
1181710 1217.5
1181720 1212.9
1181730 1208.8
1181740 1208.8
1181750 1204.7
1181760 1201.5
1181770 1201.5
1181780 1200.2
1181790 1201.0
1181800 1201.0
1181810 1199.9
1181820 1199.9
1181830 1199.9
1181840 1195.9
1181850 1193.5
1181860 1193.5
1181870 1192.2
1181880 1189.8
1181890 1189.8
1181900 1187.0
1181910 1183.3
1181920 1183.3
1181930 1179.1
1181940 1174.6
1181950 1174.6
1181960 1169.4
1181970 1163.4
1181980 1163.4
1181990 1157.3
1182000 1151.3
1182010 1144.4
1182020 1144.4
1182030 1138.3
1182040 1133.0
1182050 1133.0
1182060 1127.8
1182070 1121.9
1182080 1121.9
1182090 1113.2
1182100 1103.9
1182110 1103.9
1182120 1095.1
1182130 1087.6
1182140 1087.6
1182150 1079.9
1182160 1071.0
1182170 1071.0
1182180 1065.2
1182190 1056.6
1182200 1056.6
1182210 1049.7
1182220 1044.9
1182230 1044.9
1182240 1049.3
1182250 1043.7
1182260 1043.7
1182270 1038.0
1182280 1031.3
1182290 1031.3
1182300 1023.0
1182310 1015.4
1182320 1007.8
1182330 1007.8
1182340 1002.7
1182350 998.1
1182360 998.1
1182370 992.0
1182380 986.2
1182390 986.2
1182400 981.0
1182410 974.4
1182420 974.4
1182430 966.5
1182440 960.1
1182450 960.1
1182460 954.9
1182470 951.2
1182480 951.2
1182490 950.1
1182500 951.5
1182510 951.5
1182520 953.9
1182530 953.5
1182540 953.5
1182550 957.7
1182560 970.8
1182570 970.8
1182580 977.6
1182590 972.7
1182600 972.7
1182610 965.9
1182620 958.9
1182630 958.9
1182640 959.3
1182650 965.0
1182660 969.4
1182670 969.4
1182680 979.3
1182690 987.7
1182700 987.7
1182710 997.4
1182720 1007.5
1182730 1007.5
1182740 1018.3
1182750 1027.4
1182760 1027.4
1182770 1034.9
1182780 1041.6
1182790 1041.6
1182800 1046.1
1182810 1049.1
1182820 1049.1
1182830 1051.9
1182840 1053.5
1182850 1053.5
1182860 1055.1
1182870 1057.6
1182880 1057.6
1182890 1061.8
1182900 1067.0
1182910 1067.0
1182920 1070.6
1182930 1071.5
1182940 1071.5
1182950 1072.7
1182960 1075.7
1182970 1075.7
1182980 1079.0
1182990 1079.3
1183000 1075.3
1183010 1075.3
1183020 1065.7
1183030 1059.9
1183040 1059.9
1183050 1057.9
1183060 1056.6
1183070 1056.6
1183080 1060.1
1183090 1052.5
1183100 1052.5
1183110 1053.8
1183120 1055.7
1183130 1055.7
1183140 1061.0
1183150 1064.7
1183160 1064.7
1183170 1062.5
1183180 1062.4
1183190 1062.4
1183200 1060.6
1183210 1056.2
1183220 1056.2
1183230 1051.0
1183240 1045.9
1183250 1045.9
1183260 1041.9
1183270 1038.9
1183280 1038.9
1183290 1037.0
1183300 1036.5
1183310 1037.5
1183320 1037.5
1183330 1042.7
1183340 1051.7
1183350 1051.7
1183360 1057.7
1183370 1057.1
1183380 1057.1
1183390 1052.0
1183400 1042.9
1183410 1042.9
1183420 1036.8
1183430 1035.0
1183440 1035.0
1183450 1031.4
1183460 1031.2
1183470 1031.2
1183480 1034.3
1183490 1041.4
1183500 1041.4
1183510 1038.9
1183520 1044.3
1183530 1044.3
1183540 1045.3
1183550 1046.0
1183560 1046.0
1183570 1047.8
1183580 1050.3
1183590 1050.3
1183600 1051.1
1183610 1049.7
1183620 1049.7
1183630 1049.1
1183640 1049.1
1183650 1050.2
1183660 1050.2
1183670 1053.2
1183680 1055.8
1183690 1055.8
1183700 1057.2
1183710 1057.5
1183720 1057.5
1183730 1052.3
1183740 1046.5
1183750 1046.5
1183760 1043.5
1183770 1042.7
1183780 1042.7
1183790 1048.3
1183800 1058.0
1183810 1058.0
1183820 1065.3
1183830 1067.8
1183840 1067.8
1183850 1069.5
1183860 1071.4
1183870 1071.4
1183880 1073.7
1183890 1075.1
1183900 1075.1
1183910 1073.5
1183920 1070.7
1183930 1070.7
1183940 1066.0
1183950 1064.7
1183960 1064.7
1183970 1059.8
1183980 1058.8
1183990 1063.1
1184000 1063.1
1184010 1066.5
1184020 1074.0
1184030 1074.0
1184040 1080.3
1184050 1083.0
1184060 1083.0
1184070 1086.0
1184080 1089.2
1184090 1089.2
1184100 1092.3
1184110 1097.7
1184120 1097.7
1184130 1104.2
1184140 1109.8
1184150 1109.8
1184160 1114.5
1184170 1117.5
1184180 1117.5
1184190 1120.5
1184200 1125.0
1184210 1125.0
1184220 1130.5
1184230 1136.6
1184240 1136.6
1184250 1143.2
1184260 1147.7
1184270 1147.7
1184280 1147.3
1184290 1148.1
1184300 1153.4
1184310 1153.4
1184320 1158.6
1184330 1161.6
1184340 1161.6
1184350 1162.8
1184360 1155.4
1184370 1155.4
1184380 1149.5
1184390 1146.7
1184400 1146.7
1184410 1141.5
1184420 1139.5
1184430 1139.5
1184440 1136.6
1184450 1135.1
1184460 1135.1
1184470 1133.4
1184480 1132.2
1184490 1132.2
1184500 1130.8
1184510 1129.6
1184520 1129.6
1184530 1130.1
1184540 1129.7
1184550 1129.7
1184560 1130.8
1184570 1132.1
1184580 1132.1
1184590 1131.7
1184600 1130.2
1184610 1130.2
1184620 1127.3
1184630 1123.4
1184640 1117.7
1184650 1117.7
1184660 1110.3
1184670 1105.3
1184680 1105.3
1184690 1099.8
1184700 1095.3
1184710 1095.3
1184720 1087.6
1184730 1080.8
1184740 1080.8
1184750 1069.9
1184760 1063.5
1184770 1063.5
1184780 1061.4
1184790 1054.6
1184800 1054.6
1184810 1053.3
1184820 1053.2
1184830 1053.2
1184840 1053.9
1184850 1054.8
1184860 1054.8
1184870 1056.6
1184880 1056.8
1184890 1056.8
1184900 1056.2
1184910 1055.5
1184920 1055.5
1184930 1054.7
1184940 1053.4
1184950 1053.4
1184960 1050.0
1184970 1045.7
1184980 1040.7
1184990 1040.7
1185000 1041.8
1185010 1047.1
1185020 1047.1
1185030 1051.2
1185040 1054.8
1185050 1054.8
1185060 1057.3
1185070 1058.5
1185080 1058.5
1185090 1060.3
1185100 1062.8
1185110 1062.8
1185120 1058.6
1185130 1053.0
1185140 1053.0
1185150 1048.7
1185160 1043.5
1185170 1043.5
1185180 1039.7
1185190 1037.9
1185200 1037.9
1185210 1041.0
1185220 1046.2
1185230 1046.2
1185240 1050.0
1185250 1054.4
1185260 1054.4
1185270 1060.7
1185280 1067.6
1185290 1072.7
1185300 1072.7
1185310 1076.7
1185320 1080.6
1185330 1080.6
1185340 1084.6
1185350 1088.7
1185360 1088.7
1185370 1092.8
1185380 1097.0
1185390 1097.0
1185400 1101.8
1185410 1106.6
1185420 1106.6
1185430 1111.4
1185440 1116.5
1185450 1116.5
1185460 1121.5
1185470 1126.6
1185480 1126.6
1185490 1131.0
1185500 1135.0
1185510 1135.0
1185520 1138.5
1185530 1141.6
1185540 1141.6
1185550 1144.8
1185560 1147.8
1185570 1147.8
1185580 1150.6
1185590 1152.7
1185600 1152.7
1185610 1154.2
1185620 1155.9
1185630 1157.7
1185640 1155.0
1185650 1157.7
1185660 1160.2
1185670 1160.2
1185680 1162.2
1185690 1163.4
1185700 1163.4
1185710 1164.4
1185720 1164.7
1185730 1164.7
1185740 1164.1
1185750 1158.9
1185760 1158.9
1185770 1150.7
1185780 1141.9
1185790 1141.9
1185800 1130.6
1185810 1121.7
1185820 1121.7
1185830 1113.3
1185840 1107.6
1185850 1107.6
1185860 1102.3
1185870 1096.3
1185880 1096.3
1185890 1088.9
1185900 1082.2
1185910 1082.2
1185920 1076.2
1185930 1070.0
1185940 1063.4
1185950 1063.4
1185960 1058.7
1185970 1053.8
1185980 1053.8
1185990 1047.9
1186000 1040.1
1186010 1040.1
1186020 1032.9
1186030 1027.1
1186040 1027.1
1186050 1021.5
1186060 1015.2
1186070 1013.0
1186080 1007.2
1186090 1002.3
1186100 1002.3
1186110 998.7
1186120 994.3
1186130 994.3
1186140 984.9
1186150 979.2
1186160 979.2
1186170 977.3
1186180 975.9
1186190 975.9
1186200 973.0
1186210 970.8
1186220 970.8
1186230 970.2
1186240 970.0
1186250 970.0
1186260 966.1
1186270 960.3
1186280 954.8
1186290 954.8
1186300 949.1
1186310 943.2
1186320 943.2
1186330 936.3
1186340 925.5
1186350 925.5
1186360 917.2
1186370 911.2
1186380 911.2
1186390 906.9
1186400 904.4
1186410 904.4
1186420 902.6
1186430 900.5
1186440 900.5
1186450 897.4
1186460 892.9
1186470 892.9
1186480 888.9
1186490 885.3
1186500 881.2
1186510 878.5
1186520 877.3
1186530 877.3
1186540 876.9
1186550 876.8
1186560 876.8
1186570 874.6
1186580 871.8
1186590 871.8
1186600 871.3
1186610 871.2
1186620 871.5
1186630 871.5
1186640 871.5
1186650 871.4
1186660 871.4
1186670 871.3
1186680 871.2
1186690 871.2
1186700 871.1
1186710 871.1
1186720 871.1
1186730 871.0
1186740 870.8
1186750 870.8
1186760 870.4
1186770 870.2
1186780 870.2
1186790 870.1
1186800 870.1
1186810 870.1
1186820 870.2
1186830 870.3
1186840 870.3
1186850 870.4
1186860 870.5
1186870 870.5
1186880 870.8
1186890 870.7
1186900 870.7
1186910 870.3
1186920 870.4
1186930 870.1
1186940 870.1
1186950 870.0
1186960 870.0
1186970 870.0
1186980 869.8
1186990 868.8
1187000 868.8
1187010 866.5
1187020 865.4
1187030 865.4
1187040 865.2
1187050 865.2
1187060 865.2
1187070 865.6
1187080 866.2
1187090 866.2
1187100 867.1
1187110 868.4
1187120 868.4
1187130 870.5
1187140 873.0
1187150 873.0
1187160 874.6
1187170 874.8
1187180 874.8
1187190 874.6
1187200 874.1
1187210 874.1
1187220 872.5
1187230 868.6
1187240 868.6
1187250 866.9
1187260 866.9
1187270 867.0
1187280 867.0
1187290 866.7
1187300 866.2
1187310 866.2
1187320 866.1
1187330 865.1
1187340 865.1
1187350 864.8
1187360 865.0
1187370 865.0
1187380 865.5
1187390 865.6
1187400 865.6
1187410 865.3
1187420 865.5
1187430 865.5
1187440 865.9
1187450 866.1
1187460 866.1
1187470 866.1
1187480 865.6
1187490 865.6
1187500 865.2
1187510 865.1
1187520 865.1
1187530 865.3
1187540 865.5
1187550 865.5
1187560 865.6
1187570 865.6
1187580 865.6
1187590 865.3
1187600 865.3
1187610 865.2
1187620 865.2
1187630 865.2
1187640 865.2
1187650 865.2
1187660 865.3
1187670 865.4
1187680 865.4
1187690 865.4
1187700 865.9
1187710 865.9
1187720 865.9
1187730 865.4
1187740 865.4
1187750 865.1
1187760 864.9
1187770 864.9
1187780 864.7
1187790 866.0
1187800 866.0
1187810 867.3
1187820 867.2
1187830 867.2
1187840 867.9
1187850 870.3
1187860 870.3
1187870 875.6
1187880 880.3
1187890 880.3
1187900 882.6
1187910 881.1
1187920 885.0
1187930 885.0
1187940 892.3
1187950 897.6
1187960 897.6
1187970 904.4
1187980 910.8
1187990 910.8
1188000 919.0
1188010 924.6
1188020 924.6
1188030 926.5
1188040 930.6
1188050 930.6
1188060 936.2
1188070 943.2
1188080 943.2
1188090 951.6
1188100 962.7
1188110 962.7
1188120 972.3
1188130 978.8
1188140 978.8
1188150 983.1
1188160 988.7
1188170 988.7
1188180 996.0
1188190 1001.5
1188200 1001.5
1188210 1005.7
1188220 1011.6
1188230 1011.6
1188240 1017.4
1188250 1023.1
1188260 1028.1
1188270 1028.1
1188280 1031.7
1188290 1032.2
1188300 1032.2
1188310 1034.4
1188320 1038.0
1188330 1038.0
1188340 1041.1
1188350 1042.6
1188360 1042.6
1188370 1042.3
1188380 1040.7
1188390 1040.7
1188400 1043.7
1188410 1045.5
1188420 1045.5
1188430 1046.2
1188440 1048.1
1188450 1048.1
1188460 1049.3
1188470 1050.6
1188480 1050.6
1188490 1049.9
1188500 1050.7
1188510 1050.7
1188520 1054.0
1188530 1055.5
1188540 1055.5
1188550 1059.1
1188560 1059.0
1188570 1059.0
1188580 1054.2
1188590 1052.1
1188600 1055.5
1188610 1055.5
1188620 1060.0
1188630 1063.8
1188640 1063.8
1188650 1063.3
1188660 1062.6
1188670 1062.6
1188680 1062.7
1188690 1062.9
1188700 1062.9
1188710 1062.4
1188720 1061.7
1188730 1061.7
1188740 1058.8
1188750 1056.3
1188760 1056.3
1188770 1054.7
1188780 1053.5
1188790 1053.5
1188800 1050.2
1188810 1047.5
1188820 1047.5
1188830 1046.9
1188840 1048.6
1188850 1048.6
1188860 1053.1
1188870 1056.3
1188880 1056.3
1188890 1058.0
1188900 1057.5
1188910 1057.8
1188920 1057.8
1188930 1057.2
1188940 1056.0
1188950 1056.0
1188960 1055.1
1188970 1052.7
1188980 1052.7
1188990 1049.6
1189000 1046.9
1189010 1046.9
1189020 1045.1
1189030 1043.0
1189040 1043.0
1189050 1041.3
1189060 1037.8
1189070 1037.8
1189080 1035.9
1189090 1037.7
1189100 1037.7
1189110 1038.6
1189120 1039.0
1189130 1039.0
1189140 1038.0
1189150 1037.2
1189160 1037.2
1189170 1036.8
1189180 1036.2
1189190 1036.2
1189200 1035.3
1189210 1033.2
1189220 1033.2
1189230 1028.7
1189240 1024.7
1189250 1021.6
1189260 1021.6
1189270 1019.1
1189280 1017.4
1189290 1017.4
1189300 1017.3
1189310 1018.4
1189320 1018.4
1189330 1019.3
1189340 1019.6
1189350 1019.6
1189360 1019.3
1189370 1019.2
1189380 1019.2
1189390 1020.1
1189400 1022.0
1189410 1022.0
1189420 1021.6
1189430 1018.3
1189440 1018.3
1189450 1014.7
1189460 1011.7
1189470 1011.7
1189480 1011.9
1189490 1011.6
1189500 1011.6
1189510 1009.4
1189520 1008.2
1189530 1008.2
1189540 1005.3
1189550 1002.4
1189560 1000.8
1189570 1000.8
1189580 1000.3
1189590 1000.0
1189600 1000.0
1189610 1001.2
1189620 1002.4
1189630 1002.4
1189640 1002.8
1189650 1003.7
1189660 1003.7
1189670 1005.2
1189680 1006.9
1189690 1006.9
1189700 1008.6
1189710 1008.9
1189720 1008.9
1189730 1008.9
1189740 1009.2
1189750 1009.2
1189760 1009.7
1189770 1010.3
1189780 1010.3
1189790 1011.6
1189800 1012.2
1189810 1012.2
1189820 1012.8
1189830 1012.8
1189840 1012.8
1189850 1012.9
1189860 1014.2
1189870 1014.2
1189880 1016.6
1189890 1019.1
1189900 1020.5
1189910 1020.5
1189920 1020.8
1189930 1021.2
1189940 1021.6
1189950 1022.3
1189960 1022.7
1189970 1022.7
1189980 1022.8
1189990 1023.0
1190000 1023.0
1190010 1023.2
1190020 1023.2
1190030 1023.2
1190040 1023.2
1190050 1023.2
1190060 1023.2
1190070 1023.3
1190080 1023.4
1190090 1023.4
1190100 1023.4
1190110 1023.4
1190120 1023.4
1190130 1023.4
1190140 1023.5
1190150 1023.5
1190160 1023.6
1190170 1024.0
1190180 1024.0
1190190 1024.5
1190200 1024.9
1190210 1024.9
1190220 1024.9
1190230 1024.8
1190240 1025.1
1190250 1025.1
1190260 1025.2
1190270 1025.3
1190280 1025.3
1190290 1025.2
1190300 1025.4
1190310 1025.4
1190320 1025.4
1190330 1024.9
1190340 1024.9
1190350 1024.2
1190360 1023.7
1190370 1023.7
1190380 1024.2
1190390 1023.9
1190400 1023.9
1190410 1023.8
1190420 1023.9
1190430 1023.9
1190440 1023.5
1190450 1022.7
1190460 1022.7
1190470 1023.0
1190480 1023.5
1190490 1023.5
1190500 1023.7
1190510 1023.7
1190520 1023.7
1190530 1023.7
1190540 1023.9
1190550 1024.2
1190560 1024.2
1190570 1024.5
1190580 1024.9
1190590 1024.9
1190600 1025.0
1190610 1024.8
1190620 1024.8
1190630 1024.6
1190640 1024.2
1190650 1024.2
1190660 1023.7
1190670 1023.4
1190680 1023.4
1190690 1022.9
1190700 1022.5
1190710 1022.5
1190720 1022.2
1190730 1022.1
1190740 1022.1
1190750 1022.2
1190760 1022.3
1190770 1022.3
1190780 1022.4
1190790 1022.4
1190800 1022.4
1190810 1022.2
1190820 1022.3
1190830 1022.3
1190840 1022.5
1190850 1022.7
1190860 1022.7
1190870 1022.9
1190880 1023.1
1190890 1023.3
1190900 1023.3
1190910 1023.3
1190920 1023.5
1190930 1023.5
1190940 1023.5
1190950 1023.5
1190960 1023.5
1190970 1023.5
1190980 1023.3
1190990 1023.3
1191000 1023.2
1191010 1023.3
1191020 1023.3
1191030 1023.2
1191040 1022.9
1191050 1022.9
1191060 1022.7
1191070 1022.5
1191080 1022.5
1191090 1022.3
1191100 1022.2
1191110 1022.2
1191120 1022.2
1191130 1022.3
1191140 1022.3
1191150 1022.4
1191160 1022.4
1191170 1022.4
1191180 1022.4
1191190 1022.3
1191200 1022.3
1191210 1022.2
1191220 1022.2
1191230 1022.3
1191240 1022.3
1191250 1022.3
1191260 1022.2
1191270 1022.2
1191280 1022.1
1191290 1022.1
1191300 1022.1
1191310 1022.4
1191320 1022.4
1191330 1022.4
1191340 1022.2
1191350 1022.3
1191360 1022.3
1191370 1022.4
1191380 1022.7
1191390 1022.7
1191400 1023.2
1191410 1023.3
1191420 1023.3
1191430 1023.2
1191440 1023.4
1191450 1023.4
1191460 1023.4
1191470 1023.6
1191480 1023.6
1191490 1023.8
1191500 1023.9
1191510 1023.9
1191520 1024.0
1191530 1024.2
1191540 1024.4
1191550 1024.4
1191560 1024.6
1191570 1026.2
1191580 1026.2
1191590 1030.3
1191600 1035.1
1191610 1035.1
1191620 1038.8
1191630 1040.8
1191640 1040.8
1191650 1041.4
1191660 1038.1
1191670 1038.1
1191680 1033.4
1191690 1032.9
1191700 1032.9
1191710 1032.9
1191720 1033.1
1191730 1033.1
1191740 1033.2
1191750 1034.1
1191760 1034.1
1191770 1036.2
1191780 1037.9
1191790 1037.9
1191800 1040.4
1191810 1041.1
1191820 1041.1
1191830 1040.2
1191840 1041.1
1191850 1041.1
1191860 1044.2
1191870 1047.3
1191880 1046.9
1191890 1046.9
1191900 1046.0
1191910 1046.9
1191920 1046.9
1191930 1048.0
1191940 1049.2
1191950 1049.2
1191960 1050.3
1191970 1051.5
1191980 1051.5
1191990 1053.0
1192000 1054.4
1192010 1054.4
1192020 1055.8
1192030 1057.6
1192040 1057.6
1192050 1059.5
1192060 1061.1
1192070 1061.1
1192080 1063.2
1192090 1065.3
1192100 1065.3
1192110 1067.5
1192120 1071.6
1192130 1071.6
1192140 1073.3
1192150 1075.6
1192160 1075.6
1192170 1077.9
1192180 1081.2
1192190 1085.2
1192200 1085.2
1192210 1089.9
1192220 1094.4
1192230 1094.4
1192240 1097.1
1192250 1100.5
1192260 1100.5
1192270 1104.9
1192280 1109.3
1192290 1109.3
1192300 1113.4
1192310 1116.5
1192320 1116.5
1192330 1120.6
1192340 1125.6
1192350 1125.6
1192360 1130.2
1192370 1133.2
1192380 1133.2
1192390 1133.8
1192400 1133.9
1192410 1133.9
1192420 1135.1
1192430 1137.6
1192440 1137.6
1192450 1142.3
1192460 1146.4
1192470 1146.4
1192480 1150.1
1192490 1153.2
1192500 1153.2
1192510 1155.8
1192520 1159.2
1192530 1163.1
1192540 1163.1
1192550 1167.4
1192560 1170.6
1192570 1170.6
1192580 1175.9
1192590 1179.5
1192600 1179.5
1192610 1179.7
1192620 1180.9
1192630 1180.9
1192640 1182.8
1192650 1183.9
1192660 1183.9
1192670 1183.7
1192680 1183.1
1192690 1183.1
1192700 1183.2
1192710 1184.1
1192720 1184.1
1192730 1185.5
1192740 1187.2
1192750 1187.2
1192760 1188.4
1192770 1188.3
1192780 1188.3
1192790 1186.8
1192800 1186.1
1192810 1186.1
1192820 1185.9
1192830 1185.7
1192840 1185.7
1192850 1185.6
1192860 1184.8
1192870 1183.3
1192880 1183.3
1192890 1181.7
1192900 1180.0
1192910 1180.0
1192920 1178.0
1192930 1175.9
1192940 1175.9
1192950 1174.4
1192960 1173.5
1192970 1173.5
1192980 1172.4
1192990 1169.8
1193000 1168.8
1193010 1166.9
1193020 1165.3
1193030 1165.3
1193040 1163.8
1193050 1162.9
1193060 1162.9
1193070 1162.9
1193080 1163.0
1193090 1163.0
1193100 1163.5
1193110 1164.5
1193120 1164.5
1193130 1165.5
1193140 1166.5
1193150 1166.5
1193160 1168.3
1193170 1170.1
1193180 1170.3
1193190 1170.3
1193200 1168.2
1193210 1164.5
1193220 1164.5
1193230 1161.1
1193240 1156.7
1193250 1156.7
1193260 1149.1
1193270 1144.0
1193280 1144.0
1193290 1141.0
1193300 1139.0
1193310 1139.0
1193320 1137.3
1193330 1137.2
1193340 1137.2
1193350 1135.5
1193360 1133.2
1193370 1133.2
1193380 1130.5
1193390 1129.6
1193400 1129.6
1193410 1130.4
1193420 1132.2
1193430 1130.1
1193440 1133.2
1193450 1135.6
1193460 1135.6
1193470 1138.1
1193480 1141.1
1193490 1141.1
1193500 1142.5
1193510 1142.2
1193520 1143.0
1193530 1143.0
1193540 1142.8
1193550 1140.7
1193560 1140.7
1193570 1137.8
1193580 1134.7
1193590 1134.7
1193600 1131.6
1193610 1127.8
1193620 1127.8
1193630 1123.7
1193640 1119.5
1193650 1119.5
1193660 1115.7
1193670 1112.8
1193680 1112.8
1193690 1111.9
1193700 1112.8
1193710 1112.8
1193720 1114.6
1193730 1115.9
1193740 1115.9
1193750 1116.1
1193760 1116.7
1193770 1116.7
1193780 1117.8
1193790 1118.1
1193800 1118.1
1193810 1119.0
1193820 1119.6
1193830 1117.9
1193840 1117.9
1193850 1114.1
1193860 1110.8
1193870 1109.4
1193880 1107.4
1193890 1105.4
1193900 1105.4
1193910 1104.4
1193920 1103.1
1193930 1103.1
1193940 1098.9
1193950 1092.7
1193960 1092.7
1193970 1087.9
1193980 1085.8
1193990 1085.8
1194000 1085.1
1194010 1084.3
1194020 1084.3
1194030 1083.4
1194040 1082.7
1194050 1082.7
1194060 1081.8
1194070 1080.9
1194080 1080.9
1194090 1080.1
1194100 1079.3
1194110 1079.3
1194120 1077.9
1194130 1075.8
1194140 1075.8
1194150 1076.3
1194160 1076.0
1194170 1075.1
1194180 1075.1
1194190 1074.1
1194200 1072.9
1194210 1072.9
1194220 1071.7
1194230 1070.6
1194240 1070.6
1194250 1069.5
1194260 1068.5
1194270 1068.5
1194280 1067.6
1194290 1066.8
1194300 1066.8
1194310 1066.4
1194320 1065.0
1194330 1065.0
1194340 1063.8
1194350 1062.6
1194360 1062.6
1194370 1061.5
1194380 1060.3
1194390 1060.3
1194400 1059.1
1194410 1058.2
1194420 1058.2
1194430 1057.3
1194440 1056.0
1194450 1056.0
1194460 1054.7
1194470 1053.4
1194480 1053.4
1194490 1052.3
1194500 1051.4
1194510 1050.2
1194520 1050.2
1194530 1048.9
1194540 1047.3
1194550 1047.3
1194560 1046.5
1194570 1045.2
1194580 1045.2
1194590 1044.0
1194600 1043.2
1194610 1043.2
1194620 1042.1
1194630 1041.0
1194640 1041.0
1194650 1040.0
1194660 1039.0
1194670 1039.0
1194680 1038.0
1194690 1037.0
1194700 1037.0
1194710 1035.7
1194720 1036.2
1194730 1036.2
1194740 1036.7
1194750 1036.8
1194760 1036.8
1194770 1039.6
1194780 1050.1
1194790 1050.1
1194800 1055.3
1194810 1057.7
1194820 1060.7
1194830 1060.7
1194840 1064.4
1194850 1069.2
1194860 1069.2
1194870 1074.0
1194880 1078.3
1194890 1078.3
1194900 1080.5
1194910 1080.9
1194920 1080.9
1194930 1080.7
1194940 1079.4
1194950 1079.4
1194960 1078.1
1194970 1077.6
1194980 1077.6
1194990 1076.5
1195000 1074.2
1195010 1074.2
1195020 1075.2
1195030 1077.2
1195040 1077.2
1195050 1078.3
1195060 1079.5
1195070 1079.5
1195080 1080.6
1195090 1082.7
1195100 1082.7
1195110 1084.0
1195120 1084.3
1195130 1084.3
1195140 1083.7
1195150 1082.5
1195160 1080.5
1195170 1080.5
1195180 1079.9
1195190 1078.9
1195200 1078.9
1195210 1082.9
1195220 1085.5
1195230 1085.5
1195240 1085.7
1195250 1086.5
1195260 1086.5
1195270 1085.3
1195280 1083.1
1195290 1083.1
1195300 1080.6
1195310 1077.1
1195320 1077.1
1195330 1075.1
1195340 1075.4
1195350 1075.4
1195360 1073.0
1195370 1069.4
1195380 1069.4
1195390 1068.7
1195400 1066.4
1195410 1066.4
1195420 1062.9
1195430 1058.2
1195440 1058.2
1195450 1052.3
1195460 1046.9
1195470 1044.6
1195480 1044.6
1195490 1043.7
1195500 1043.7
1195510 1043.7
1195520 1042.9
1195530 1039.5
1195540 1039.5
1195550 1036.2
1195560 1033.6
1195570 1033.6
1195580 1033.4
1195590 1031.4
1195600 1031.4
1195610 1029.3
1195620 1027.8
1195630 1027.8
1195640 1028.5
1195650 1028.6
1195660 1028.6
1195670 1027.8
1195680 1026.3
1195690 1026.3
1195700 1024.2
1195710 1023.5
1195720 1023.5
1195730 1025.9
1195740 1029.2
1195750 1029.2
1195760 1031.5
1195770 1031.9
1195780 1031.9
1195790 1031.6
1195800 1029.2
1195810 1025.9
1195820 1025.9
1195830 1024.0
1195840 1021.8
1195850 1021.8
1195860 1017.2
1195870 1014.6
1195880 1014.6
1195890 1012.5
1195900 1007.1
1195910 1007.1
1195920 1000.8
1195930 993.7
1195940 993.7
1195950 989.1
1195960 986.6
1195970 986.6
1195980 985.4
1195990 984.7
1196000 984.7
1196010 983.5
1196020 983.7
1196030 983.7
1196040 984.3
1196050 984.4
1196060 984.4
1196070 984.5
1196080 986.3
1196090 986.3
1196100 987.1
1196110 987.9
1196120 987.9
1196130 988.9
1196140 989.8
1196150 990.7
1196160 990.7
1196170 991.4
1196180 992.0
1196190 992.0
1196200 992.7
1196210 993.5
1196220 993.5
1196230 994.4
1196240 995.3
1196250 995.3
1196260 995.7
1196270 995.4
1196280 995.4
1196290 994.7
1196300 993.3
1196310 993.3
1196320 989.6
1196330 984.8
1196340 984.8
1196350 981.9
1196360 980.9
1196370 980.9
1196380 979.5
1196390 976.4
1196400 976.4
1196410 975.4
1196420 976.4
1196430 976.4
1196440 980.0
1196450 981.5
1196460 981.3
1196470 981.3
1196480 981.4
1196490 981.6
1196500 981.6
1196510 981.8
1196520 981.9
1196530 981.9
1196540 982.1
1196550 982.3
1196560 982.3
1196570 982.4
1196580 982.7
1196590 982.7
1196600 983.0
1196610 983.3
1196620 983.3
1196630 983.5
1196640 983.5
1196650 983.5
1196660 983.4
1196670 983.1
1196680 983.1
1196690 982.8
1196700 982.5
1196710 982.5
1196720 982.0
1196730 981.0
1196740 981.0
1196750 980.3
1196760 979.8
1196770 979.8
1196780 979.0
1196790 978.3
1196800 978.7
1196810 978.7
1196820 979.6
1196830 979.7
1196840 979.7
1196850 979.7
1196860 979.7
1196870 979.7
1196880 979.7
1196890 979.5
1196900 979.5
1196910 979.1
1196920 979.0
1196930 979.0
1196940 978.5
1196950 978.9
1196960 979.0
1196970 979.5
1196980 979.4
1196990 979.4
1197000 979.3
1197010 979.1
1197020 979.1
1197030 979.0
1197040 979.1
1197050 979.1
1197060 979.1
1197070 979.0
1197080 979.0
1197090 979.0
1197100 979.1
1197110 979.1
1197120 979.2
1197130 979.2
1197140 979.4
1197150 979.4
1197160 979.6
1197170 979.8
1197180 979.8
1197190 979.9
1197200 980.1
1197210 980.1
1197220 980.3
1197230 980.5
1197240 980.5
1197250 980.7
1197260 980.8
1197270 980.8
1197280 981.1
1197290 981.3
1197300 981.3
1197310 981.4
1197320 981.5
1197330 981.5
1197340 981.7
1197350 982.0
1197360 982.0
1197370 982.1
1197380 982.2
1197390 982.2
1197400 982.2
1197410 982.4
1197420 982.4
1197430 982.5
1197440 982.6
1197450 982.6
1197460 982.6
1197470 982.7
1197480 982.8
1197490 982.8
1197500 983.1
1197510 983.1
1197520 983.1
1197530 983.0
1197540 982.9
1197550 982.9
1197560 983.2
1197570 983.3
1197580 983.3
1197590 983.2
1197600 983.5
1197610 983.5
1197620 983.6
1197630 983.5
1197640 983.5
1197650 982.4
1197660 983.0
1197670 983.0
1197680 983.8
1197690 983.5
1197700 983.5
1197710 983.4
1197720 983.2
1197730 983.2
1197740 983.0
1197750 982.7
1197760 982.7
1197770 982.5
1197780 982.4
1197790 982.4
1197800 982.4
1197810 982.4
1197820 982.5
1197830 982.5
1197840 982.4
1197850 982.3
1197860 982.3
1197870 982.2
1197880 982.3
1197890 982.3
1197900 982.2
1197910 982.0
1197920 982.0
1197930 982.1
1197940 982.0
1197950 982.0
1197960 981.9
1197970 982.0
1197980 982.0
1197990 982.1
1198000 982.2
1198010 982.2
1198020 982.3
1198030 982.4
1198040 982.4
1198050 982.3
1198060 982.4
1198070 982.4
1198080 982.5
1198090 982.5
1198100 982.4
1198110 982.4
1198120 982.3
1198130 982.2
1198140 982.2
1198150 982.1
1198160 982.0
1198170 982.0
1198180 981.9
1198190 982.0
1198200 982.0
1198210 982.1
1198220 982.1
1198230 982.1
1198240 982.0
1198250 982.0
1198260 982.0
1198270 982.1
1198280 981.9
1198290 981.9
1198300 981.9
1198310 981.7
1198320 981.7
1198330 981.3
1198340 980.9
1198350 980.9
1198360 980.9
1198370 981.0
1198380 981.0
1198390 980.9
1198400 981.6
1198410 981.6
1198420 981.8
1198430 982.4
1198440 983.6
1198450 983.6
1198460 983.9
1198470 984.1
1198480 984.1
1198490 985.0
1198500 986.0
1198510 986.0
1198520 986.5
1198530 985.7
1198540 985.7
1198550 984.6
1198560 984.3
1198570 984.3
1198580 984.7
1198590 984.1
1198600 984.1
1198610 982.3
1198620 981.1
1198630 981.1
1198640 981.0
1198650 982.4
1198660 982.4
1198670 984.8
1198680 987.2
1198690 987.2
1198700 989.3
1198710 990.3
1198720 990.3
1198730 990.6
1198740 990.2
1198750 994.1
1198760 994.2
1198770 994.9
1198780 995.3
1198790 995.3
1198800 995.5
1198810 995.9
1198820 995.9
1198830 997.4
1198840 997.6
1198850 997.6
1198860 998.5
1198870 1000.2
1198880 1000.2
1198890 1001.2
1198900 1000.8
1198910 1000.8
1198920 1000.4
1198930 1000.0
1198940 1000.0
1198950 1000.5
1198960 1001.6
1198970 1001.6
1198980 1002.7
1198990 1003.2
1199000 1003.2
1199010 1002.1
1199020 1003.4
1199030 1003.4
1199040 1004.8
1199050 1007.0
1199060 1007.0
1199070 1007.9
1199080 1008.9
1199090 1009.7
1199100 1009.7
1199110 1010.8
1199120 1011.4
1199130 1011.4
1199140 1010.3
1199150 1007.2
1199160 1007.2
1199170 1006.5
1199180 1009.6
1199190 1011.2
1199200 1014.5
1199210 1016.5
1199220 1016.5
1199230 1018.1
1199240 1018.6
1199250 1018.6
1199260 1016.2
1199270 1012.0
1199280 1012.0
1199290 1015.9
1199300 1019.9
1199310 1019.9
1199320 1021.6
1199330 1022.4
1199340 1022.4
1199350 1022.3
1199360 1019.5
1199370 1019.5
1199380 1014.5
1199390 1016.8
1199400 1016.8
1199410 1018.3
1199420 1017.4
1199430 1017.1
1199440 1017.1
1199450 1018.7
1199460 1020.5
1199470 1020.5
1199480 1021.7
1199490 1023.2
1199500 1023.2
1199510 1026.3
1199520 1028.3
1199530 1028.3
1199540 1030.4
1199550 1033.9
1199560 1033.9
1199570 1037.5
1199580 1039.9
1199590 1039.9
1199600 1041.6
1199610 1043.5
1199620 1043.5
1199630 1044.6
1199640 1052.4
1199650 1052.4
1199660 1054.8
1199670 1056.9
1199680 1056.9
1199690 1056.7
1199700 1056.6
1199710 1056.6
1199720 1055.9
1199730 1055.6
1199740 1055.2
1199750 1055.2
1199760 1054.4
1199770 1055.0
1199780 1055.0
1199790 1056.1
1199800 1056.6
1199810 1056.6
1199820 1056.0
1199830 1055.5
1199840 1055.5
1199850 1055.4
1199860 1054.1
1199870 1054.1
1199880 1053.0
1199890 1053.4
1199900 1053.4
1199910 1054.1
1199920 1053.4
1199930 1053.4
1199940 1053.5
1199950 1052.0
1199960 1052.0
1199970 1050.9
1199980 1049.7
1199990 1049.7
