1180000 1350.8
1180010 1350.8
1180020 1349.2
1180030 1348.1
1180040 1348.1
1180050 1349.4
1180060 1349.4
1180070 1347.7
1180080 1347.7
1180090 1345.2
1180100 1344.5
1180110 1344.5
1180120 1345.7
1180130 1349.9
1180140 1349.9
1180150 1353.0
1180160 1353.1
1180170 1353.1
1180180 1352.9
1180190 1352.3
1180200 1352.3
1180210 1349.8
1180220 1345.3
1180230 1345.3
1180240 1346.4
1180250 1348.7
1180260 1348.7
1180270 1348.8
1180280 1349.5
1180290 1349.5
1180300 1349.1
1180310 1346.7
1180320 1346.7
1180330 1345.5
1180340 1348.5
1180350 1348.5
1180360 1352.4
1180370 1353.9
1180380 1353.9
1180390 1352.8
1180400 1351.9
1180410 1350.9
1180420 1350.9
1180430 1349.5
1180440 1347.8
1180450 1347.8
1180460 1346.4
1180470 1345.3
1180480 1345.3
1180490 1344.2
1180500 1341.7
1180510 1341.7
1180520 1340.6
1180530 1341.9
1180540 1341.9
1180550 1341.7
1180560 1343.0
1180570 1343.0
1180580 1341.9
1180590 1340.7
1180600 1340.8
1180610 1341.5
1180620 1341.2
1180630 1341.2
1180640 1339.8
1180650 1337.5
1180660 1337.5
1180670 1333.7
1180680 1329.5
1180690 1329.5
1180700 1325.1
1180710 1319.5
1180720 1319.5
1180730 1313.4
1180740 1308.0
1180750 1301.8
1180760 1301.8
1180770 1295.8
1180780 1295.1
1180790 1295.1
1180800 1299.2
1180810 1301.4
1180820 1301.4
1180830 1303.3
1180840 1305.9
1180850 1305.9
1180860 1310.3
1180870 1316.2
1180880 1316.2
1180890 1320.9
1180900 1322.0
1180910 1322.0
1180920 1321.8
1180930 1322.1
1180940 1322.1
1180950 1322.3
1180960 1321.6
1180970 1321.6
1180980 1320.0
1180990 1325.7
1181000 1325.7
1181010 1329.2
1181020 1325.6
1181030 1325.6
1181040 1334.0
1181050 1340.8
1181060 1347.6
1181070 1347.6
1181080 1350.3
1181090 1354.3
1181100 1354.3
1181110 1358.7
1181120 1361.7
1181130 1361.7
1181140 1363.2
1181150 1363.9
1181160 1363.9
1181170 1363.9
1181180 1362.9
1181190 1362.9
1181200 1360.8
1181210 1358.7
1181220 1358.7
1181230 1356.7
1181240 1354.9
1181250 1354.9
1181260 1352.4
1181270 1348.3
1181280 1348.3
1181290 1343.5
1181300 1338.8
1181310 1338.8
1181320 1333.6
1181330 1328.1
1181340 1328.1
1181350 1322.8
1181360 1317.9
1181370 1317.9
1181380 1313.5
1181390 1309.3
1181400 1304.9
1181410 1304.9
1181420 1300.7
1181430 1297.6
1181440 1300.8
1181450 1298.4
1181460 1295.1
1181470 1295.1
1181480 1291.0
1181490 1286.1
1181500 1286.1
1181510 1281.0
1181520 1276.4
1181530 1276.4
1181540 1273.1
1181550 1270.2
1181560 1270.2
1181570 1266.7
1181580 1262.5
1181590 1262.5
1181600 1255.6
1181610 1249.9
1181620 1249.9
1181630 1245.7
1181640 1241.2
1181650 1241.2
1181660 1236.2
1181670 1231.2
1181680 1231.2
1181690 1226.1
1181700 1220.1
1181710 1220.1
1181720 1213.7
1181730 1207.4
1181740 1201.2
1181750 1201.2
1181760 1194.1
1181770 1184.5
1181780 1184.5
1181790 1174.1
1181800 1167.5
1181810 1167.5
1181820 1160.6
1181830 1154.9
1181840 1154.9
1181850 1147.9
1181860 1143.3
1181870 1143.3
1181880 1138.0
1181890 1133.7
1181900 1133.7
1181910 1129.4
1181920 1125.1
1181930 1125.1
1181940 1122.0
1181950 1117.6
1181960 1117.6
1181970 1113.3
1181980 1109.6
1181990 1109.6
1182000 1106.5
1182010 1103.0
1182020 1103.0
1182030 1100.8
1182040 1100.1
1182050 1094.6
1182060 1094.6
1182070 1088.7
1182080 1082.8
1182090 1082.8
1182100 1077.8
1182110 1071.6
1182120 1071.6
1182130 1065.2
1182140 1058.0
1182150 1058.0
1182160 1054.0
1182170 1052.3
1182180 1052.3
1182190 1052.2
1182200 1050.9
1182210 1050.9
1182220 1049.2
1182230 1049.9
1182240 1049.9
1182250 1050.8
1182260 1049.2
1182270 1049.2
1182280 1030.4
1182290 1028.4
1182300 1028.4
1182310 1027.9
1182320 1025.8
1182330 1025.8
1182340 1023.5
1182350 1023.5
1182360 1023.5
1182370 1021.6
1182380 1017.3
1182390 1014.0
1182400 1014.0
1182410 1007.5
1182420 1004.4
1182430 1004.4
1182440 1002.5
1182450 996.3
1182460 996.3
1182470 988.1
1182480 977.9
1182490 977.9
1182500 966.7
1182510 953.1
1182520 953.1
1182530 948.8
1182540 951.6
1182550 951.6
1182560 965.1
1182570 980.0
1182580 980.0
1182590 981.5
1182600 979.1
1182610 979.1
1182620 980.1
1182630 981.1
1182640 981.1
1182650 981.4
1182660 982.8
1182670 982.8
1182680 985.5
1182690 991.4
1182700 1004.1
1182710 1004.1
1182720 1026.3
1182730 1041.3
1182740 1041.3
1182750 1054.5
1182760 1063.5
1182770 1063.5
1182780 1077.1
1182790 1086.3
1182800 1086.3
1182810 1094.7
1182820 1102.1
1182830 1102.1
1182840 1108.2
1182850 1114.5
1182860 1114.5
1182870 1120.0
1182880 1122.7
1182890 1122.7
1182900 1123.0
1182910 1124.3
1182920 1124.3
1182930 1126.7
1182940 1128.9
1182950 1128.9
1182960 1129.8
1182970 1130.3
1182980 1130.3
1182990 1128.9
1183000 1125.1
1183010 1125.1
1183020 1122.9
1183030 1121.6
1183040 1121.8
1183050 1121.8
1183060 1122.2
1183070 1123.4
1183080 1123.4
1183090 1125.1
1183100 1127.0
1183110 1127.0
1183120 1130.7
1183130 1125.8
1183140 1125.8
1183150 1129.7
1183160 1133.8
1183170 1133.8
1183180 1135.8
1183190 1137.0
1183200 1137.0
1183210 1137.6
1183220 1136.8
1183230 1136.8
1183240 1135.8
1183250 1135.0
1183260 1135.0
1183270 1133.3
1183280 1129.7
1183290 1129.7
1183300 1125.3
1183310 1126.3
1183320 1126.3
1183330 1126.6
1183340 1122.4
1183350 1122.4
1183360 1116.3
1183370 1109.4
1183380 1105.0
1183390 1105.0
1183400 1103.6
1183410 1102.2
1183420 1102.2
1183430 1099.7
1183440 1098.3
1183450 1098.3
1183460 1097.2
1183470 1098.2
1183480 1098.2
1183490 1099.3
1183500 1100.1
1183510 1100.1
1183520 1103.6
1183530 1105.9
1183540 1105.9
1183550 1100.5
1183560 1101.4
1183570 1101.4
1183580 1101.4
1183590 1101.3
1183600 1101.3
1183610 1101.0
1183620 1100.6
1183630 1100.6
1183640 1101.6
1183650 1102.4
1183660 1102.4
1183670 1102.4
1183680 1102.6
1183690 1103.0
1183700 1103.0
1183710 1102.2
1183720 1101.5
1183730 1101.5
1183740 1102.9
1183750 1104.3
1183760 1104.3
1183770 1100.0
1183780 1090.6
1183790 1090.6
1183800 1088.2
1183810 1089.0
1183820 1089.0
1183830 1089.6
1183840 1091.5
1183850 1091.5
1183860 1095.8
1183870 1101.2
1183880 1101.2
1183890 1103.0
1183900 1104.1
1183910 1104.1
1183920 1105.2
1183930 1105.2
1183940 1105.2
1183950 1104.1
1183960 1104.6
1183970 1104.6
1183980 1097.9
1183990 1099.3
1184000 1099.3
1184010 1104.8
1184020 1110.4
1184030 1114.6
1184040 1114.6
1184050 1118.2
1184060 1121.0
1184070 1121.0
1184080 1123.0
1184090 1124.2
1184100 1124.2
1184110 1130.3
1184120 1138.1
1184130 1138.1
1184140 1145.5
1184150 1153.0
1184160 1153.0
1184170 1160.1
1184180 1166.2
1184190 1166.2
1184200 1171.0
1184210 1176.1
1184220 1176.1
1184230 1183.4
1184240 1189.7
1184250 1189.7
1184260 1196.3
1184270 1200.9
1184280 1200.9
1184290 1200.5
1184300 1198.6
1184310 1198.6
1184320 1198.5
1184330 1199.3
1184340 1199.3
1184350 1199.9
1184360 1199.4
1184370 1199.4
1184380 1199.4
1184390 1200.6
1184400 1195.5
1184410 1195.5
1184420 1194.6
1184430 1192.3
1184440 1192.3
1184450 1189.6
1184460 1186.9
1184470 1186.9
1184480 1184.4
1184490 1181.3
1184500 1181.3
1184510 1177.0
1184520 1175.2
1184530 1175.2
1184540 1174.8
1184550 1173.3
1184560 1173.3
1184570 1174.6
1184580 1177.6
1184590 1177.6
1184600 1177.9
1184610 1176.3
1184620 1176.3
1184630 1173.6
1184640 1168.6
1184650 1168.6
1184660 1162.4
1184670 1154.2
1184680 1144.8
1184690 1144.8
1184700 1139.8
1184710 1136.3
1184720 1136.3
1184730 1132.9
1184740 1131.5
1184750 1131.5
1184760 1130.8
1184770 1129.7
1184780 1129.7
1184790 1127.9
1184800 1127.3
1184810 1127.3
1184820 1128.8
1184830 1119.0
1184840 1119.0
1184850 1112.0
1184860 1106.7
1184870 1106.7
1184880 1101.6
1184890 1100.1
1184900 1100.1
1184910 1096.9
1184920 1091.4
1184930 1091.4
1184940 1086.9
1184950 1082.7
1184960 1082.7
1184970 1079.8
1184980 1078.9
1184990 1078.9
1185000 1075.6
1185010 1069.1
1185020 1065.9
1185030 1065.9
1185040 1064.3
1185050 1064.4
1185060 1064.4
1185070 1065.7
1185080 1066.2
1185090 1066.2
1185100 1066.9
1185110 1069.9
1185120 1069.9
1185130 1073.9
1185140 1075.4
1185150 1075.4
1185160 1071.7
1185170 1070.4
1185180 1070.4
1185190 1072.8
1185200 1076.9
1185210 1076.9
1185220 1080.0
1185230 1078.2
1185240 1078.2
1185250 1076.3
1185260 1069.7
1185270 1069.7
1185280 1075.5
1185290 1082.7
1185300 1082.7
1185310 1091.0
1185320 1098.6
1185330 1098.6
1185340 1106.9
1185350 1114.9
1185360 1121.8
1185370 1121.8
1185380 1127.6
1185390 1132.7
1185400 1132.7
1185410 1137.0
1185420 1141.6
1185430 1141.6
1185440 1145.8
1185450 1149.8
1185460 1149.8
1185470 1153.3
1185480 1156.7
1185490 1156.7
1185500 1160.5
1185510 1164.4
1185520 1164.4
1185530 1167.8
1185540 1170.6
1185550 1170.6
1185560 1173.0
1185570 1175.0
1185580 1175.0
1185590 1176.8
1185600 1178.3
1185610 1178.3
1185620 1179.9
1185630 1181.7
1185640 1181.7
1185650 1183.7
1185660 1185.5
1185670 1186.7
1185680 1181.9
1185690 1182.9
1185700 1183.6
1185710 1183.6
1185720 1183.7
1185730 1182.9
1185740 1182.9
1185750 1181.5
1185760 1179.2
1185770 1179.2
1185780 1176.8
1185790 1174.3
1185800 1174.3
1185810 1169.6
1185820 1164.0
1185830 1164.0
1185840 1155.6
1185850 1145.4
1185860 1145.4
1185870 1133.1
1185880 1114.8
1185890 1114.8
1185900 1103.3
1185910 1096.6
1185920 1096.6
1185930 1090.5
1185940 1084.4
1185950 1084.4
1185960 1078.8
1185970 1073.7
1185980 1073.7
1185990 1069.2
1186000 1064.7
1186010 1058.1
1186020 1058.1
1186030 1050.4
1186040 1044.2
1186050 1044.2
1186060 1040.5
1186070 1036.7
1186080 1036.7
1186090 1032.4
1186100 1027.7
1186110 1024.1
1186120 1018.6
1186130 1013.7
1186140 1013.7
1186150 1009.3
1186160 1005.5
1186170 1005.5
1186180 1002.1
1186190 999.1
1186200 999.1
1186210 995.7
1186220 992.1
1186230 992.1
1186240 988.4
1186250 984.9
1186260 984.9
1186270 981.1
1186280 977.4
1186290 977.4
1186300 972.9
1186310 967.0
1186320 967.0
1186330 960.5
1186340 953.7
1186350 947.9
1186360 947.9
1186370 942.8
1186380 938.1
1186390 938.1
1186400 933.7
1186410 930.1
1186420 930.1
1186430 927.7
1186440 924.7
1186450 924.7
1186460 920.5
1186470 915.7
1186480 915.7
1186490 911.1
1186500 906.6
1186510 906.6
1186520 900.9
1186530 893.1
1186540 889.7
1186550 884.5
1186560 881.8
1186570 881.8
1186580 880.3
1186590 877.8
1186600 877.8
1186610 877.3
1186620 877.0
1186630 877.0
1186640 876.6
1186650 876.7
1186660 876.5
1186670 876.5
1186680 876.3
1186690 875.6
1186700 875.6
1186710 873.5
1186720 871.6
1186730 871.6
1186740 871.0
1186750 871.0
1186760 871.0
1186770 870.9
1186780 870.8
1186790 870.8
1186800 870.5
1186810 870.1
1186820 870.1
1186830 869.8
1186840 869.8
1186850 869.8
1186860 869.8
1186870 869.7
1186880 869.7
1186890 869.6
1186900 869.6
1186910 869.6
1186920 869.6
1186930 869.6
1186940 869.6
1186950 869.7
1186960 869.9
1186970 870.1
1186980 870.3
1186990 870.0
1187000 869.8
1187010 869.8
1187020 869.8
1187030 869.9
1187040 869.9
1187050 869.9
1187060 870.1
1187070 870.1
1187080 870.0
1187090 869.8
1187100 869.8
1187110 869.7
1187120 870.0
1187130 870.0
1187140 869.4
1187150 869.4
1187160 869.4
1187170 869.9
1187180 869.5
1187190 869.5
1187200 867.8
1187210 866.2
1187220 866.2
1187230 866.0
1187240 866.2
1187250 866.2
1187260 866.5
1187270 866.6
1187280 866.6
1187290 866.7
1187300 866.7
1187310 866.5
1187320 866.5
1187330 866.5
1187340 866.4
1187350 866.4
1187360 866.1
1187370 865.9
1187380 865.9
1187390 865.9
1187400 865.1
1187410 865.1
1187420 864.8
1187430 864.8
1187440 864.8
1187450 864.8
1187460 864.7
1187470 864.7
1187480 864.7
1187490 864.8
1187500 864.8
1187510 864.7
1187520 864.6
1187530 864.6
1187540 864.4
1187550 864.7
1187560 864.7
1187570 864.6
1187580 864.5
1187590 864.5
1187600 864.8
1187610 864.6
1187620 864.6
1187630 864.6
1187640 864.9
1187650 865.1
1187660 865.1
1187670 865.2
1187680 865.3
1187690 865.3
1187700 865.1
1187710 864.9
1187720 864.9
1187730 865.0
1187740 864.9
1187750 864.9
1187760 864.8
1187770 865.1
1187780 865.1
1187790 865.0
1187800 864.6
1187810 864.6
1187820 864.9
1187830 866.5
1187840 866.5
1187850 866.6
1187860 867.1
1187870 867.1
1187880 867.1
1187890 867.0
1187900 867.0
1187910 866.9
1187920 867.3
1187930 867.3
1187940 870.8
1187950 882.2
1187960 882.2
1187970 892.1
1187980 900.1
1187990 907.2
1188000 907.2
1188010 912.9
1188020 917.2
1188030 917.2
1188040 924.9
1188050 934.1
1188060 934.1
1188070 942.8
1188080 951.1
1188090 951.1
1188100 959.0
1188110 963.6
1188120 963.6
1188130 969.2
1188140 975.5
1188150 975.5
1188160 980.7
1188170 985.0
1188180 985.0
1188190 987.9
1188200 991.9
1188210 991.9
1188220 997.5
1188230 1005.8
1188240 1005.8
1188250 1013.1
1188260 1020.1
1188270 1020.1
1188280 1021.6
1188290 1025.6
1188300 1028.5
1188310 1028.5
1188320 1027.1
1188330 1029.7
1188340 1029.7
1188350 1036.4
1188360 1044.1
1188370 1044.1
1188380 1051.9
1188390 1056.9
1188400 1056.9
1188410 1059.6
1188420 1059.6
1188430 1059.6
1188440 1060.8
1188450 1064.2
1188460 1064.2
1188470 1068.2
1188480 1069.4
1188490 1069.4
1188500 1068.3
1188510 1068.5
1188520 1068.5
1188530 1070.4
1188540 1074.6
1188550 1074.6
1188560 1075.6
1188570 1076.1
1188580 1076.1
1188590 1077.4
1188600 1078.9
1188610 1078.9
1188620 1078.1
1188630 1077.7
1188640 1079.9
1188650 1079.9
1188660 1082.0
1188670 1082.0
1188680 1082.0
1188690 1073.2
1188700 1069.7
1188710 1069.7
1188720 1067.9
1188730 1066.8
1188740 1066.8
1188750 1067.5
1188760 1067.5
1188770 1067.5
1188780 1066.6
1188790 1064.2
1188800 1064.2
1188810 1060.4
1188820 1056.9
1188830 1056.9
1188840 1055.1
1188850 1056.2
1188860 1056.2
1188870 1054.9
1188880 1052.2
1188890 1052.2
1188900 1050.8
1188910 1049.0
1188920 1049.0
1188930 1048.2
1188940 1047.8
1188950 1047.8
1188960 1049.8
1188970 1051.2
1188980 1053.9
1188990 1053.9
1189000 1054.3
1189010 1054.0
1189020 1054.0
1189030 1052.9
1189040 1049.8
1189050 1049.8
1189060 1047.9
1189070 1047.8
1189080 1047.8
1189090 1047.1
1189100 1045.4
1189110 1045.4
1189120 1041.2
1189130 1041.8
1189140 1041.8
1189150 1042.8
1189160 1042.7
1189170 1042.7
1189180 1042.7
1189190 1043.5
1189200 1043.5
1189210 1045.0
1189220 1044.2
1189230 1044.2
1189240 1043.3
1189250 1042.7
1189260 1042.7
1189270 1043.4
1189280 1043.9
1189290 1043.3
1189300 1043.3
1189310 1041.9
1189320 1040.6
1189330 1040.6
1189340 1039.2
1189350 1037.1
1189360 1037.1
1189370 1035.9
1189380 1036.0
1189390 1036.0
1189400 1037.2
1189410 1036.0
1189420 1036.0
1189430 1033.3
1189440 1034.8
1189450 1034.8
1189460 1035.4
1189470 1035.9
1189480 1035.9
1189490 1035.3
1189500 1032.7
1189510 1032.7
1189520 1031.1
1189530 1031.5
1189540 1031.5
1189550 1025.1
1189560 1020.6
1189570 1020.6
1189580 1016.9
1189590 1015.0
1189600 1015.0
1189610 1014.6
1189620 1015.2
1189630 1016.0
1189640 1016.0
1189650 1016.0
1189660 1016.0
1189670 1016.0
1189680 1017.6
1189690 1018.2
1189700 1018.2
1189710 1018.5
1189720 1018.0
1189730 1018.0
1189740 1018.3
1189750 1023.1
1189760 1023.1
1189770 1028.3
1189780 1031.5
1189790 1031.5
1189800 1033.8
1189810 1035.5
1189820 1035.5
1189830 1035.9
1189840 1034.8
1189850 1034.8
1189860 1034.3
1189870 1035.8
1189880 1035.8
1189890 1036.9
1189900 1036.8
1189910 1036.8
1189920 1036.0
1189930 1034.6
1189940 1034.6
1189950 1033.9
1189960 1033.9
1189970 1033.5
1189980 1033.5
1189990 1030.0
1190000 1030.8
1190010 1030.8
1190020 1032.2
1190030 1033.7
1190040 1033.7
1190050 1035.2
1190060 1037.0
1190070 1037.0
1190080 1037.9
1190090 1035.6
1190100 1035.6
1190110 1032.6
1190120 1030.7
1190130 1030.7
1190140 1028.0
1190150 1026.7
1190160 1026.7
1190170 1025.3
1190180 1025.2
1190190 1025.2
1190200 1026.3
1190210 1026.3
1190220 1026.3
1190230 1026.0
1190240 1027.4
1190250 1027.4
1190260 1029.2
1190270 1029.7
1190280 1029.4
1190290 1029.4
1190300 1028.8
1190310 1027.1
1190320 1027.1
1190330 1026.5
1190340 1026.4
1190350 1026.4
1190360 1026.1
1190370 1026.1
1190380 1026.1
1190390 1027.0
1190400 1027.9
1190410 1027.9
1190420 1024.9
1190430 1024.6
1190440 1024.6
1190450 1025.0
1190460 1024.7
1190470 1024.7
1190480 1024.5
1190490 1024.3
1190500 1024.3
1190510 1024.2
1190520 1024.0
1190530 1024.0
1190540 1023.8
1190550 1023.6
1190560 1023.6
1190570 1023.5
1190580 1023.4
1190590 1023.4
1190600 1023.4
1190610 1023.3
1190620 1023.1
1190630 1023.1
1190640 1022.9
1190650 1023.1
1190660 1023.1
1190670 1023.1
1190680 1023.0
1190690 1023.0
1190700 1023.1
1190710 1025.0
1190720 1025.0
1190730 1027.1
1190740 1028.0
1190750 1028.0
1190760 1029.3
1190770 1030.1
1190780 1030.1
1190790 1030.0
1190800 1030.3
1190810 1030.3
1190820 1032.6
1190830 1035.4
1190840 1035.4
1190850 1037.3
1190860 1035.6
1190870 1035.6
1190880 1036.0
1190890 1036.2
1190900 1036.2
1190910 1036.4
1190920 1036.6
1190930 1035.8
1190940 1035.8
1190950 1033.8
1190960 1030.2
1190970 1030.2
1190980 1025.7
1190990 1023.2
1191000 1023.2
1191010 1022.8
1191020 1022.6
1191030 1022.6
1191040 1022.2
1191050 1021.6
1191060 1021.6
1191070 1021.4
1191080 1021.4
1191090 1021.4
1191100 1021.3
1191110 1021.5
1191120 1021.5
1191130 1021.5
1191140 1021.3
1191150 1021.3
1191160 1021.0
1191170 1020.9
1191180 1020.9
1191190 1021.3
1191200 1021.6
1191210 1021.6
1191220 1021.6
1191230 1021.2
1191240 1021.2
1191250 1021.3
1191260 1021.4
1191270 1021.5
1191280 1021.5
1191290 1021.5
1191300 1021.4
1191310 1021.4
1191320 1021.7
1191330 1021.7
1191340 1021.7
1191350 1022.0
1191360 1022.1
1191370 1022.1
1191380 1022.2
1191390 1022.5
1191400 1022.5
1191410 1022.9
1191420 1023.2
1191430 1023.2
1191440 1023.5
1191450 1023.9
1191460 1023.9
1191470 1024.4
1191480 1024.6
1191490 1024.6
1191500 1024.9
1191510 1025.2
1191520 1025.2
1191530 1025.5
1191540 1025.9
1191550 1025.9
1191560 1026.1
1191570 1026.5
1191580 1026.5
1191590 1026.8
1191600 1027.2
1191610 1027.8
1191620 1027.8
1191630 1028.5
1191640 1028.9
1191650 1028.9
1191660 1029.3
1191670 1029.4
1191680 1029.4
1191690 1029.7
1191700 1031.2
1191710 1031.2
1191720 1034.2
1191730 1034.5
1191740 1034.5
1191750 1036.9
1191760 1039.4
1191770 1039.4
1191780 1041.7
1191790 1043.8
1191800 1043.8
1191810 1044.6
1191820 1044.2
1191830 1044.2
1191840 1043.1
1191850 1042.6
1191860 1042.6
1191870 1042.5
1191880 1044.3
1191890 1044.3
1191900 1045.6
1191910 1046.3
1191920 1047.9
1191930 1047.9
1191940 1049.5
1191950 1051.0
1191960 1051.0
1191970 1052.4
1191980 1054.0
1191990 1054.0
1192000 1055.6
1192010 1057.3
1192020 1057.3
1192030 1059.0
1192040 1060.9
1192050 1060.9
1192060 1062.1
1192070 1063.9
1192080 1063.9
1192090 1065.5
1192100 1067.2
1192110 1067.2
1192120 1068.9
1192130 1070.6
1192140 1070.6
1192150 1072.5
1192160 1074.9
1192170 1074.9
1192180 1076.4
1192190 1078.1
1192200 1078.1
1192210 1079.4
1192220 1081.2
1192230 1081.2
1192240 1084.1
1192250 1086.8
1192260 1089.5
1192270 1089.5
1192280 1092.3
1192290 1095.2
1192300 1095.2
1192310 1098.0
1192320 1100.8
1192330 1100.8
1192340 1104.4
1192350 1108.7
1192360 1108.7
1192370 1113.4
1192380 1118.3
1192390 1118.3
1192400 1123.5
1192410 1129.3
1192420 1129.3
1192430 1135.2
1192440 1141.9
1192450 1141.9
1192460 1148.0
1192470 1151.3
1192480 1151.3
1192490 1153.6
1192500 1155.4
1192510 1155.4
1192520 1157.4
1192530 1159.8
1192540 1159.8
1192550 1161.6
1192560 1163.4
1192570 1163.4
1192580 1166.5
1192590 1170.7
1192600 1172.8
1192610 1172.8
1192620 1177.2
1192630 1183.0
1192640 1183.0
1192650 1190.8
1192660 1198.6
1192670 1198.6
1192680 1202.9
1192690 1203.8
1192700 1203.8
1192710 1204.1
1192720 1204.1
1192730 1204.1
1192740 1204.4
1192750 1205.0
1192760 1205.0
1192770 1204.8
1192780 1204.2
1192790 1204.2
1192800 1203.6
1192810 1202.9
1192820 1202.9
1192830 1201.7
1192840 1200.2
1192850 1200.2
1192860 1197.8
1192870 1194.2
1192880 1194.2
1192890 1191.3
1192900 1189.5
1192910 1188.2
1192920 1188.2
1192930 1187.3
1192940 1185.9
1192950 1185.9
1192960 1183.0
1192970 1179.4
1192980 1179.4
1192990 1177.4
1193000 1177.0
1193010 1177.0
1193020 1177.9
1193030 1177.3
1193040 1175.9
1193050 1175.2
1193060 1174.1
1193070 1174.1
1193080 1173.4
1193090 1173.2
1193100 1173.2
1193110 1173.2
1193120 1172.0
1193130 1172.0
1193140 1169.6
1193150 1167.9
1193160 1167.9
1193170 1167.5
1193180 1167.5
1193190 1167.5
1193200 1165.3
1193210 1162.5
1193220 1162.5
1193230 1161.6
1193240 1163.2
1193250 1164.9
1193260 1164.9
1193270 1164.3
1193280 1159.8
1193290 1159.8
1193300 1156.6
1193310 1154.2
1193320 1154.2
1193330 1152.6
1193340 1151.8
1193350 1151.8
1193360 1151.0
1193370 1148.6
1193380 1148.6
1193390 1145.8
1193400 1143.9
1193410 1143.9
1193420 1145.8
1193430 1151.0
1193440 1151.0
1193450 1154.9
1193460 1155.9
1193470 1155.9
1193480 1156.6
1193490 1157.4
1193500 1157.4
1193510 1155.1
1193520 1151.6
1193530 1151.6
1193540 1149.2
1193550 1145.2
1193560 1145.2
1193570 1142.1
1193580 1140.8
1193590 1136.6
1193600 1136.6
1193610 1130.1
1193620 1128.5
1193630 1128.5
1193640 1127.7
1193650 1127.4
1193660 1127.4
1193670 1128.1
1193680 1126.8
1193690 1126.8
1193700 1124.3
1193710 1121.4
1193720 1121.4
1193730 1118.5
1193740 1114.4
1193750 1114.4
1193760 1110.3
1193770 1103.8
1193780 1103.8
1193790 1098.9
1193800 1096.3
1193810 1096.3
1193820 1094.7
1193830 1094.4
1193840 1094.4
1193850 1094.4
1193860 1094.5
1193870 1094.5
1193880 1094.1
1193890 1093.9
1193900 1094.2
1193910 1094.2
1193920 1097.1
1193930 1095.4
1193940 1095.4
1193950 1093.4
1193960 1092.3
1193970 1092.3
1193980 1092.0
1193990 1091.7
1194000 1091.7
1194010 1091.2
1194020 1090.1
1194030 1090.1
1194040 1088.9
1194050 1087.8
1194060 1087.8
1194070 1084.9
1194080 1081.6
1194090 1081.6
1194100 1077.4
1194110 1073.3
1194120 1073.3
1194130 1071.3
1194140 1070.5
1194150 1070.5
1194160 1069.9
1194170 1069.2
1194180 1069.2
1194190 1068.0
1194200 1067.1
1194210 1067.1
1194220 1067.0
1194230 1066.6
1194240 1066.2
1194250 1066.2
1194260 1065.9
1194270 1066.2
1194280 1066.2
1194290 1066.0
1194300 1064.1
1194310 1064.1
1194320 1063.9
1194330 1065.3
1194340 1065.3
1194350 1065.2
1194360 1063.7
1194370 1063.7
1194380 1062.3
1194390 1060.2
1194400 1060.2
1194410 1055.9
1194420 1054.5
1194430 1054.5
1194440 1053.4
1194450 1052.1
1194460 1052.1
1194470 1050.6
1194480 1049.0
1194490 1049.0
1194500 1047.9
1194510 1047.0
1194520 1047.0
1194530 1045.6
1194540 1044.4
1194550 1043.2
1194560 1043.2
1194570 1042.2
1194580 1040.9
1194590 1040.9
1194600 1039.7
1194610 1038.5
1194620 1038.5
1194630 1037.4
1194640 1036.6
1194650 1036.6
1194660 1036.1
1194670 1036.1
1194680 1036.1
1194690 1036.9
1194700 1038.2
1194710 1038.2
1194720 1043.0
1194730 1050.6
1194740 1050.6
1194750 1058.6
1194760 1065.9
1194770 1065.9
1194780 1072.4
1194790 1077.1
1194800 1075.3
1194810 1078.1
1194820 1079.9
1194830 1079.9
1194840 1080.4
1194850 1081.9
1194860 1081.9
1194870 1083.9
1194880 1084.8
1194890 1084.9
1194900 1084.9
1194910 1088.0
1194920 1093.7
1194930 1093.7
1194940 1097.1
1194950 1099.2
1194960 1099.2
1194970 1100.6
1194980 1104.2
1194990 1104.2
1195000 1106.6
1195010 1105.7
1195020 1105.7
1195030 1102.7
1195040 1100.3
1195050 1100.3
1195060 1099.8
1195070 1101.1
1195080 1101.1
1195090 1100.2
1195100 1099.8
1195110 1099.8
1195120 1099.4
1195130 1098.3
1195140 1098.3
1195150 1096.7
1195160 1095.7
1195170 1095.7
1195180 1094.1
1195190 1093.3
1195200 1093.3
1195210 1094.5
1195220 1097.2
1195230 1099.7
1195240 1099.7
1195250 1099.5
1195260 1095.5
1195270 1095.5
1195280 1090.9
1195290 1088.4
1195300 1088.4
1195310 1086.5
1195320 1084.9
1195330 1084.9
1195340 1083.0
1195350 1079.7
1195360 1079.7
1195370 1075.7
1195380 1072.6
1195390 1072.6
1195400 1068.6
1195410 1065.1
1195420 1065.1
1195430 1062.5
1195440 1060.8
1195450 1060.8
1195460 1059.7
1195470 1060.1
1195480 1060.1
1195490 1060.4
1195500 1060.9
1195510 1060.9
1195520 1061.1
1195530 1062.4
1195540 1061.3
1195550 1061.3
1195560 1057.7
1195570 1052.8
1195580 1052.8
1195590 1047.4
1195600 1041.9
1195610 1041.9
1195620 1034.7
1195630 1029.7
1195640 1029.7
1195650 1027.7
1195660 1027.8
1195670 1027.8
1195680 1027.8
1195690 1027.5
1195700 1027.5
1195710 1027.6
1195720 1028.5
1195730 1028.5
1195740 1030.4
1195750 1033.1
1195760 1033.1
1195770 1034.7
1195780 1035.2
1195790 1035.2
1195800 1034.4
1195810 1032.0
1195820 1032.0
1195830 1028.3
1195840 1023.2
1195850 1023.2
1195860 1016.3
1195870 1007.8
1195880 1000.0
1195890 1000.0
1195900 994.3
1195910 991.1
1195920 991.1
1195930 990.9
1195940 989.7
1195950 989.7
1195960 988.1
1195970 986.6
1195980 986.6
1195990 985.1
1196000 984.0
1196010 984.0
1196020 983.2
1196030 982.7
1196040 982.7
1196050 982.6
1196060 982.6
1196070 982.6
1196080 982.3
1196090 982.0
1196100 982.0
1196110 981.9
1196120 981.5
1196130 981.5
1196140 981.4
1196150 981.2
1196160 981.2
1196170 980.9
1196180 981.1
1196190 982.1
1196200 982.1
1196210 982.5
1196220 983.7
1196230 983.7
1196240 985.9
1196250 987.9
1196260 987.9
1196270 989.1
1196280 989.0
1196290 989.0
1196300 987.8
1196310 985.6
1196320 985.6
1196330 982.1
1196340 979.9
1196350 979.9
1196360 979.3
1196370 977.0
1196380 977.0
1196390 975.5
1196400 976.1
1196410 976.1
1196420 979.2
1196430 980.4
1196440 980.4
1196450 980.6
1196460 981.2
1196470 981.2
1196480 981.6
1196490 981.8
1196500 981.8
1196510 981.8
1196520 981.7
1196530 981.7
1196540 981.7
1196550 981.7
1196560 981.7
1196570 981.7
1196580 981.7
1196590 981.7
1196600 981.7
1196610 981.9
1196620 982.4
1196630 982.4
1196640 982.4
1196650 982.4
1196660 982.4
1196670 982.3
1196680 982.2
1196690 982.2
1196700 982.3
1196710 982.5
1196720 982.5
1196730 982.4
1196740 981.9
1196750 981.9
1196760 981.5
1196770 981.3
1196780 981.3
1196790 981.4
1196800 981.1
1196810 981.1
1196820 980.1
1196830 979.7
1196840 979.7
1196850 979.3
1196860 979.0
1196870 978.7
1196880 978.7
1196890 978.3
1196900 978.4
1196910 978.4
1196920 978.5
1196930 978.6
1196940 978.6
1196950 978.7
1196960 978.7
1196970 978.7
1196980 978.7
1196990 978.5
1197000 978.5
1197010 977.7
1197020 978.0
1197030 978.0
1197040 978.3
1197050 978.6
1197060 978.6
1197070 978.7
1197080 978.8
1197090 978.8
1197100 978.8
1197110 978.9
1197120 978.9
1197130 979.0
1197140 979.1
1197150 979.1
1197160 979.1
1197170 979.1
1197180 979.2
1197190 979.2
1197200 979.3
1197210 979.5
1197220 979.5
1197230 979.7
1197240 979.9
1197250 979.9
1197260 980.0
1197270 980.2
1197280 980.2
1197290 980.1
1197300 980.1
1197310 980.1
1197320 980.1
1197330 980.2
1197340 980.2
1197350 980.3
1197360 980.4
1197370 980.4
1197380 980.4
1197390 980.4
1197400 980.4
1197410 980.5
1197420 980.5
1197430 980.5
1197440 980.6
1197450 980.7
1197460 980.7
1197470 980.9
1197480 981.0
1197490 981.0
1197500 981.0
1197510 981.1
1197520 981.1
1197530 981.1
1197540 981.2
1197550 981.5
1197560 981.5
1197570 981.6
1197580 981.6
1197590 981.6
1197600 981.8
1197610 982.1
1197620 982.1
1197630 982.8
1197640 982.6
1197650 982.6
1197660 982.2
1197670 982.3
1197680 982.3
1197690 982.1
1197700 982.0
1197710 982.0
1197720 982.1
1197730 981.1
1197740 981.1
1197750 982.0
1197760 982.1
1197770 982.1
1197780 981.8
1197790 981.5
1197800 981.5
1197810 981.4
1197820 981.3
1197830 981.3
1197840 981.3
1197850 981.2
1197860 981.1
1197870 981.1
1197880 980.9
1197890 980.7
1197900 980.8
1197910 980.8
1197920 980.7
1197930 980.7
1197940 980.8
1197950 980.7
1197960 980.7
1197970 980.7
1197980 980.8
1197990 980.8
1198000 980.8
1198010 980.9
1198020 980.9
1198030 980.9
1198040 980.9
1198050 980.9
1198060 980.8
1198070 980.7
1198080 980.7
1198090 980.7
1198100 980.8
1198110 980.8
1198120 980.9
1198130 981.0
1198140 981.0
1198150 980.9
1198160 980.9
1198170 980.9
1198180 980.9
1198190 980.9
1198200 980.9
1198210 980.9
1198220 980.8
1198230 980.6
1198240 980.6
1198250 980.5
1198260 980.5
1198270 980.5
1198280 980.5
1198290 980.2
1198300 980.2
1198310 979.6
1198320 979.3
1198330 979.3
1198340 979.8
1198350 980.0
1198360 980.0
1198370 980.1
1198380 980.1
1198390 980.1
1198400 979.8
1198410 979.5
1198420 979.5
1198430 979.4
1198440 979.5
1198450 979.5
1198460 979.3
1198470 979.0
1198480 979.0
1198490 978.9
1198500 978.8
1198510 978.8
1198520 978.8
1198530 978.7
1198540 978.6
1198550 978.6
1198560 978.5
1198570 978.2
1198580 978.2
1198590 978.0
1198600 977.9
1198610 977.9
1198620 977.9
1198630 977.7
1198640 977.7
1198650 977.6
1198660 977.3
1198670 977.3
1198680 977.1
1198690 976.9
1198700 976.9
1198710 976.7
1198720 976.6
1198730 976.6
1198740 976.5
1198750 976.2
1198760 976.2
1198770 975.9
1198780 975.6
1198790 976.4
1198800 975.9
1198810 975.8
1198820 975.7
1198830 975.7
1198840 975.6
1198850 975.6
1198860 975.6
1198870 975.5
1198880 975.5
1198890 975.5
1198900 975.5
1198910 975.5
1198920 975.5
1198930 975.5
1198940 975.5
1198950 975.5
1198960 975.5
1198970 975.5
1198980 975.5
1198990 975.5
1199000 975.5
1199010 975.5
1199020 975.5
1199030 975.5
1199040 975.5
1199050 975.6
1199060 976.3
1199070 976.3
1199080 977.4
1199090 978.2
1199100 978.2
1199110 978.7
1199120 978.6
1199130 978.6
1199140 978.9
1199150 978.3
1199160 977.7
1199170 977.7
1199180 977.6
1199190 978.1
1199200 978.1
1199210 979.6
1199220 981.4
1199230 981.4
1199240 986.8
1199250 985.8
1199260 985.8
1199270 988.3
1199280 988.9
1199290 988.9
1199300 988.4
1199310 986.9
1199320 986.9
1199330 984.6
1199340 982.7
1199350 982.7
1199360 981.8
1199370 981.2
1199380 981.2
1199390 980.4
1199400 979.7
1199410 979.7
1199420 981.0
1199430 982.6
1199440 982.6
1199450 982.3
1199460 981.9
1199470 981.9
1199480 982.8
1199490 984.4
1199500 986.5
1199510 986.5
1199520 988.1
1199530 990.4
1199540 990.4
1199550 992.7
1199560 994.9
1199570 994.9
1199580 996.5
1199590 997.6
1199600 997.6
1199610 999.6
1199620 1000.9
1199630 1000.9
1199640 1001.8
1199650 1002.1
1199660 1002.1
1199670 1002.4
1199680 1003.3
1199690 1009.1
1199700 1009.4
1199710 1008.0
1199720 1008.0
1199730 1007.4
1199740 1008.1
1199750 1008.1
1199760 1009.3
1199770 1009.0
1199780 1009.0
1199790 1008.0
1199800 1007.9
1199810 1008.7
1199820 1008.7
1199830 1009.2
1199840 1009.7
1199850 1009.7
1199860 1009.1
1199870 1008.8
1199880 1008.8
1199890 1011.3
1199900 1012.7
1199910 1012.7
1199920 1012.6
1199930 1011.4
1199940 1011.4
1199950 1011.3
1199960 1011.3
1199970 1011.3
1199980 1010.2
1199990 1008.6
