1180000 1499.5
1180010 1499.6
1180020 1499.6
1180030 1498.8
1180040 1499.2
1180050 1499.2
1180060 1500.3
1180070 1501.0
1180080 1496.3
1180090 1497.1
1180100 1497.3
1180110 1497.8
1180120 1497.8
1180130 1497.6
1180140 1497.3
1180150 1497.3
1180160 1496.4
1180170 1495.7
1180180 1495.7
1180190 1495.4
1180200 1495.0
1180210 1495.0
1180220 1494.3
1180230 1493.5
1180240 1493.5
1180250 1492.7
1180260 1491.8
1180270 1491.8
1180280 1490.6
1180290 1490.6
1180300 1490.6
1180310 1489.9
1180320 1489.1
1180330 1489.1
1180340 1488.1
1180350 1487.1
1180360 1487.1
1180370 1485.5
1180380 1483.5
1180390 1483.5
1180400 1482.0
1180410 1480.3
1180420 1480.3
1180430 1479.0
1180440 1477.3
1180450 1475.2
1180460 1475.2
1180470 1473.6
1180480 1471.7
1180490 1471.7
1180500 1466.7
1180510 1464.9
1180520 1464.9
1180530 1462.1
1180540 1460.9
1180550 1460.9
1180560 1459.4
1180570 1456.5
1180580 1456.5
1180590 1453.1
1180600 1448.4
1180610 1448.4
1180620 1443.7
1180630 1440.2
1180640 1440.2
1180650 1436.5
1180660 1432.7
1180670 1432.7
1180680 1429.4
1180690 1426.9
1180700 1426.9
1180710 1424.7
1180720 1422.7
1180730 1422.7
1180740 1419.8
1180750 1416.4
1180760 1416.4
1180770 1412.6
1180780 1408.3
1180790 1403.8
1180800 1403.8
1180810 1399.5
1180820 1395.8
1180830 1395.8
1180840 1392.5
1180850 1387.8
1180860 1387.8
1180870 1382.9
1180880 1379.5
1180890 1379.5
1180900 1375.9
1180910 1371.9
1180920 1367.7
1180930 1364.8
1180940 1362.2
1180950 1362.2
1180960 1359.4
1180970 1356.7
1180980 1356.7
1180990 1353.4
1181000 1350.8
1181010 1350.8
1181020 1348.2
1181030 1345.8
1181040 1345.8
1181050 1343.9
1181060 1342.2
1181070 1342.2
1181080 1340.2
1181090 1338.3
1181100 1338.3
1181110 1337.3
1181120 1336.5
1181130 1335.2
1181140 1335.2
1181150 1335.0
1181160 1334.2
1181170 1334.2
1181180 1333.7
1181190 1334.3
1181200 1334.3
1181210 1335.4
1181220 1335.9
1181230 1335.9
1181240 1336.2
1181250 1336.5
1181260 1336.5
1181270 1337.5
1181280 1339.3
1181290 1339.3
1181300 1339.0
1181310 1338.4
1181320 1338.4
1181330 1338.6
1181340 1335.4
1181350 1335.4
1181360 1335.5
1181370 1333.5
1181380 1333.5
1181390 1332.4
1181400 1332.4
1181410 1332.4
1181420 1330.5
1181430 1328.9
1181440 1328.9
1181450 1327.6
1181460 1325.7
1181470 1322.7
1181480 1322.7
1181490 1319.4
1181500 1317.0
1181510 1317.0
1181520 1314.0
1181530 1311.3
1181540 1311.3
1181550 1304.6
1181560 1298.3
1181570 1298.3
1181580 1293.2
1181590 1288.7
1181600 1288.7
1181610 1284.4
1181620 1278.3
1181630 1278.3
1181640 1271.7
1181650 1265.1
1181660 1265.1
1181670 1258.5
1181680 1250.5
1181690 1250.5
1181700 1242.5
1181710 1235.2
1181720 1235.2
1181730 1229.1
1181740 1223.4
1181750 1223.4
1181760 1213.3
1181770 1207.9
1181780 1207.9
1181790 1202.6
1181800 1197.4
1181810 1192.2
1181820 1192.2
1181830 1187.1
1181840 1182.0
1181850 1182.0
1181860 1177.2
1181870 1172.7
1181880 1172.7
1181890 1167.5
1181900 1161.7
1181910 1161.7
1181920 1156.4
1181930 1151.4
1181940 1151.4
1181950 1146.4
1181960 1141.9
1181970 1141.9
1181980 1137.5
1181990 1133.5
1182000 1133.5
1182010 1130.0
1182020 1126.4
1182030 1126.4
1182040 1123.1
1182050 1119.8
1182060 1119.8
1182070 1117.3
1182080 1115.2
1182090 1115.2
1182100 1112.5
1182110 1105.5
1182120 1097.8
1182130 1097.8
1182140 1091.9
1182150 1088.0
1182160 1088.0
1182170 1086.8
1182180 1084.7
1182190 1084.7
1182200 1085.8
1182210 1087.0
1182220 1087.0
1182230 1087.7
1182240 1088.7
1182250 1088.7
1182260 1090.4
1182270 1093.9
1182280 1093.9
1182290 1099.1
1182300 1103.6
1182310 1103.6
1182320 1107.3
1182330 1109.2
1182340 1109.2
1182350 1111.7
1182360 1114.6
1182370 1114.6
1182380 1118.0
1182390 1119.6
1182400 1119.6
1182410 1120.2
1182420 1120.8
1182430 1120.8
1182440 1121.6
1182450 1122.4
1182460 1123.2
1182470 1123.2
1182480 1124.3
1182490 1125.4
1182500 1125.4
1182510 1126.6
1182520 1128.0
1182530 1128.0
1182540 1129.4
1182550 1130.7
1182560 1130.7
1182570 1133.8
1182580 1140.0
1182590 1140.0
1182600 1147.0
1182610 1161.6
1182620 1161.6
1182630 1178.0
1182640 1191.2
1182650 1191.2
1182660 1194.1
1182670 1194.7
1182680 1194.7
1182690 1193.1
1182700 1190.3
1182710 1190.3
1182720 1190.2
1182730 1192.8
1182740 1192.8
1182750 1195.4
1182760 1197.4
1182770 1197.4
1182780 1200.7
1182790 1206.3
1182800 1213.4
1182810 1213.4
1182820 1225.1
1182830 1236.7
1182840 1236.7
1182850 1242.8
1182860 1247.9
1182870 1247.9
1182880 1253.1
1182890 1258.3
1182900 1258.3
1182910 1263.4
1182920 1268.2
1182930 1268.2
1182940 1272.5
1182950 1277.0
1182960 1277.0
1182970 1281.9
1182980 1287.5
1182990 1287.5
1183000 1292.9
1183010 1297.6
1183020 1297.6
1183030 1300.2
1183040 1303.8
1183050 1303.8
1183060 1307.9
1183070 1312.4
1183080 1312.4
1183090 1316.9
1183100 1321.4
1183110 1321.4
1183120 1325.7
1183130 1330.2
1183140 1334.9
1183150 1334.9
1183160 1339.8
1183170 1344.8
1183180 1344.8
1183190 1350.1
1183200 1355.7
1183210 1355.7
1183220 1360.8
1183230 1367.4
1183240 1367.4
1183250 1374.0
1183260 1381.1
1183270 1381.1
1183280 1386.6
1183290 1391.9
1183300 1391.9
1183310 1398.3
1183320 1404.3
1183330 1404.3
1183340 1410.4
1183350 1416.1
1183360 1416.1
1183370 1422.9
1183380 1429.8
1183390 1429.8
1183400 1437.5
1183410 1445.2
1183420 1445.2
1183430 1450.7
1183440 1455.2
1183450 1459.5
1183460 1464.0
1183470 1468.3
1183480 1473.0
1183490 1473.0
1183500 1477.4
1183510 1480.9
1183520 1480.9
1183530 1483.4
1183540 1484.9
1183550 1484.9
1183560 1486.0
1183570 1486.6
1183580 1486.6
1183590 1484.1
1183600 1474.9
1183610 1474.9
1183620 1476.7
1183630 1480.5
1183640 1480.5
1183650 1475.3
1183660 1478.5
1183670 1478.5
1183680 1478.9
1183690 1489.9
1183700 1489.9
1183710 1498.6
1183720 1502.7
1183730 1502.7
1183740 1504.9
1183750 1506.0
1183760 1506.0
1183770 1507.3
1183780 1512.4
1183790 1512.4
1183800 1510.0
1183810 1508.2
1183820 1515.1
1183830 1515.1
1183840 1530.8
1183850 1552.7
1183860 1552.7
1183870 1565.7
1183880 1559.4
1183890 1559.4
1183900 1569.7
1183910 1590.4
1183920 1590.4
1183930 1597.3
1183940 1605.5
1183950 1605.5
1183960 1612.9
1183970 1618.5
1183980 1618.5
1183990 1626.9
1184000 1634.2
1184010 1634.2
1184020 1642.1
1184030 1650.7
1184040 1650.7
1184050 1660.4
1184060 1669.4
1184070 1669.4
1184080 1677.5
1184090 1685.6
1184100 1685.6
1184110 1692.8
1184120 1700.2
1184130 1700.2
1184140 1707.9
1184150 1714.8
1184160 1722.0
1184170 1722.0
1184180 1728.5
1184190 1734.6
1184200 1734.6
1184210 1741.0
1184220 1747.6
1184230 1747.6
1184240 1754.3
1184250 1759.8
1184260 1759.8
1184270 1764.0
1184280 1766.5
1184290 1766.5
1184300 1774.7
1184310 1777.2
1184320 1777.2
1184330 1779.8
1184340 1781.4
1184350 1781.4
1184360 1782.2
1184370 1785.8
1184380 1785.8
1184390 1791.4
1184400 1797.7
1184410 1797.7
1184420 1801.0
1184430 1802.8
1184440 1802.8
1184450 1807.1
1184460 1814.3
1184470 1814.3
1184480 1821.2
1184490 1826.4
1184500 1831.7
1184510 1831.7
1184520 1836.3
1184530 1840.7
1184540 1840.7
1184550 1843.9
1184560 1846.8
1184570 1846.8
1184580 1849.5
1184590 1850.0
1184600 1850.0
1184610 1846.1
1184620 1840.6
1184630 1840.6
1184640 1835.4
1184650 1831.8
1184660 1831.8
1184670 1829.1
1184680 1826.7
1184690 1826.7
1184700 1823.9
1184710 1820.8
1184720 1820.8
1184730 1811.6
1184740 1810.1
1184750 1810.1
1184760 1807.6
1184770 1802.9
1184780 1802.9
1184790 1797.4
1184800 1794.9
1184810 1793.8
1184820 1793.8
1184830 1790.8
1184840 1788.0
1184850 1788.0
1184860 1786.5
1184870 1784.9
1184880 1784.9
1184890 1780.7
1184900 1773.4
1184910 1773.4
1184920 1764.5
1184930 1758.5
1184940 1758.5
1184950 1754.2
1184960 1750.8
1184970 1750.8
1184980 1748.5
1184990 1745.4
1185000 1745.4
1185010 1739.6
1185020 1734.0
1185030 1734.0
1185040 1729.7
1185050 1726.1
1185060 1726.1
1185070 1722.3
1185080 1718.6
1185090 1718.6
1185100 1717.0
1185110 1714.6
1185120 1714.6
1185130 1713.3
1185140 1712.4
1185150 1710.4
1185160 1707.4
1185170 1704.6
1185180 1703.0
1185190 1703.0
1185200 1702.9
1185210 1703.8
1185220 1703.8
1185230 1703.9
1185240 1700.6
1185250 1700.6
1185260 1698.1
1185270 1696.0
1185280 1696.0
1185290 1690.0
1185300 1682.0
1185310 1682.0
1185320 1673.5
1185330 1666.2
1185340 1666.2
1185350 1659.6
1185360 1653.9
1185370 1653.9
1185380 1646.7
1185390 1639.0
1185400 1639.0
1185410 1634.1
1185420 1629.5
1185430 1629.5
1185440 1625.2
1185450 1621.4
1185460 1621.4
1185470 1618.3
1185480 1615.3
1185490 1611.9
1185500 1611.9
1185510 1608.7
1185520 1605.8
1185530 1605.8
1185540 1602.5
1185550 1599.9
1185560 1599.9
1185570 1596.9
1185580 1589.5
1185590 1589.5
1185600 1585.8
1185610 1583.2
1185620 1583.2
1185630 1580.2
1185640 1575.4
1185650 1575.4
1185660 1569.1
1185670 1563.4
1185680 1563.4
1185690 1557.8
1185700 1552.1
1185710 1552.1
1185720 1547.0
1185730 1543.1
1185740 1543.1
1185750 1538.1
1185760 1531.2
1185770 1531.2
1185780 1526.4
1185790 1524.1
1185800 1524.1
1185810 1523.7
1185820 1523.5
1185830 1522.5
1185840 1522.5
1185850 1520.9
1185860 1519.7
1185870 1519.7
1185880 1517.6
1185890 1514.3
1185900 1514.3
1185910 1511.4
1185920 1509.4
1185930 1509.4
1185940 1508.6
1185950 1508.3
1185960 1508.3
1185970 1508.1
1185980 1507.7
1185990 1507.7
1186000 1507.9
1186010 1501.8
1186020 1501.8
1186030 1502.9
1186040 1505.5
1186050 1505.5
1186060 1510.1
1186070 1508.0
1186080 1508.0
1186090 1502.9
1186100 1498.9
1186110 1498.9
1186120 1496.0
1186130 1494.0
1186140 1494.0
1186150 1492.8
1186160 1492.7
1186170 1490.1
1186180 1490.1
1186190 1484.3
1186200 1479.6
1186210 1479.6
1186220 1474.9
1186230 1471.0
1186240 1471.0
1186250 1465.2
1186260 1457.4
1186270 1457.4
1186280 1452.1
1186290 1448.8
1186300 1448.8
1186310 1446.1
1186320 1443.2
1186330 1443.2
1186340 1440.0
1186350 1436.8
1186360 1436.8
1186370 1433.9
1186380 1432.4
1186390 1432.4
1186400 1434.3
1186410 1436.4
1186420 1436.4
1186430 1438.6
1186440 1432.6
1186450 1432.6
1186460 1429.9
1186470 1427.3
1186480 1427.3
1186490 1424.9
1186500 1423.2
1186510 1421.8
1186520 1421.8
1186530 1420.2
1186540 1417.4
1186550 1417.4
1186560 1414.2
1186570 1411.1
1186580 1411.1
1186590 1408.2
1186600 1405.3
1186610 1405.3
1186620 1401.8
1186630 1397.9
1186640 1397.9
1186650 1394.9
1186660 1393.3
1186670 1393.3
1186680 1391.1
1186690 1389.4
1186700 1389.4
1186710 1387.8
1186720 1386.3
1186730 1386.3
1186740 1383.4
1186750 1379.5
1186760 1379.5
1186770 1374.8
1186780 1369.3
1186790 1369.3
1186800 1363.1
1186810 1357.6
1186820 1357.6
1186830 1352.7
1186840 1348.9
1186850 1346.0
1186860 1346.0
1186870 1344.6
1186880 1340.6
1186890 1340.6
1186900 1337.3
1186910 1334.2
1186920 1334.2
1186930 1329.9
1186940 1325.4
1186950 1325.4
1186960 1322.4
1186970 1321.8
1186980 1321.8
1186990 1320.9
1187000 1320.1
1187010 1320.1
1187020 1316.4
1187030 1303.2
1187040 1303.2
1187050 1291.0
1187060 1280.4
1187070 1280.4
1187080 1270.5
1187090 1262.4
1187100 1262.4
1187110 1255.0
1187120 1247.9
1187130 1247.9
1187140 1240.9
1187150 1233.3
1187160 1225.6
1187170 1225.6
1187180 1216.5
1187190 1206.2
1187200 1206.2
1187210 1197.9
1187220 1189.2
1187230 1189.2
1187240 1180.1
1187250 1173.0
1187260 1173.0
1187270 1166.2
1187280 1159.1
1187290 1159.1
1187300 1157.5
1187310 1150.5
1187320 1150.5
1187330 1144.1
1187340 1137.9
1187350 1137.9
1187360 1131.7
1187370 1126.1
1187380 1126.1
1187390 1120.7
1187400 1115.6
1187410 1115.6
1187420 1110.9
1187430 1105.7
1187440 1105.7
1187450 1098.9
1187460 1091.2
1187470 1091.2
1187480 1084.1
1187490 1077.1
1187500 1070.1
1187510 1070.1
1187520 1063.3
1187530 1056.6
1187540 1056.6
1187550 1050.2
1187560 1044.1
1187570 1044.1
1187580 1038.5
1187590 1034.5
1187600 1034.5
1187610 1032.7
1187620 1031.0
1187630 1031.0
1187640 1028.6
1187650 1026.4
1187660 1026.4
1187670 1025.1
1187680 1022.9
1187690 1022.9
1187700 1018.8
1187710 1016.0
1187720 1016.0
1187730 1012.6
1187740 1013.9
1187750 1013.9
1187760 1013.6
1187770 1010.5
1187780 1010.5
1187790 1007.6
1187800 1006.2
1187810 1006.2
1187820 1004.5
1187830 1002.9
1187840 1001.5
1187850 1001.5
1187860 1000.6
1187870 998.8
1187880 998.8
1187890 996.6
1187900 994.2
1187910 994.2
1187920 992.1
1187930 989.5
1187940 989.5
1187950 985.9
1187960 982.5
1187970 982.5
1187980 980.4
1187990 978.7
1188000 978.7
1188010 976.7
1188020 974.0
1188030 974.0
1188040 971.5
1188050 971.0
1188060 971.0
1188070 970.2
1188080 968.4
1188090 968.4
1188100 966.1
1188110 963.2
1188120 963.2
1188130 960.4
1188140 957.1
1188150 957.1
1188160 950.6
1188170 946.6
1188180 943.1
1188190 943.1
1188200 940.2
1188210 937.4
1188220 937.4
1188230 933.4
1188240 929.2
1188250 929.2
1188260 924.8
1188270 920.3
1188280 920.3
1188290 916.2
1188300 911.2
1188310 911.2
1188320 906.2
1188330 903.7
1188340 903.7
1188350 902.3
1188360 901.3
1188370 901.3
1188380 900.5
1188390 899.8
1188400 899.8
1188410 899.1
1188420 898.4
1188430 898.4
1188440 897.6
1188450 896.9
1188460 896.9
1188470 896.1
1188480 895.3
1188490 895.3
1188500 894.6
1188510 893.8
1188520 893.1
1188530 893.1
1188540 892.5
1188550 891.9
1188560 891.9
1188570 891.5
1188580 891.1
1188590 890.4
1188600 890.2
1188610 890.1
1188620 890.1
1188630 890.2
1188640 891.6
1188650 891.6
1188660 893.9
1188670 895.2
1188680 895.2
1188690 896.0
1188700 897.1
1188710 897.1
1188720 897.5
1188730 895.8
1188740 895.8
1188750 892.8
1188760 890.1
1188770 890.1
1188780 888.4
1188790 887.1
1188800 887.1
1188810 887.0
1188820 888.0
1188830 888.0
1188840 888.5
1188850 887.6
1188860 886.1
1188870 886.1
1188880 884.6
1188890 883.1
1188900 883.1
1188910 882.0
1188920 880.8
1188930 880.8
1188940 880.5
1188950 880.1
1188960 880.1
1188970 879.3
1188980 878.4
1188990 878.4
1189000 877.6
1189010 875.9
1189020 870.1
1189030 869.0
1189040 867.5
1189050 867.5
1189060 866.5
1189070 865.4
1189080 865.4
1189090 865.0
1189100 865.0
1189110 865.0
1189120 864.9
1189130 864.3
1189140 864.3
1189150 863.4
1189160 862.0
1189170 862.0
1189180 861.4
1189190 861.1
1189200 860.4
1189210 860.4
1189220 859.7
1189230 858.5
1189240 858.5
1189250 857.9
1189260 857.9
1189270 857.9
1189280 857.9
1189290 857.8
1189300 857.8
1189310 857.7
1189320 857.6
1189330 857.6
1189340 857.5
1189350 857.6
1189360 857.6
1189370 857.5
1189380 857.7
1189390 857.7
1189400 857.6
1189410 857.6
1189420 857.6
1189430 857.4
1189440 857.3
1189450 857.3
1189460 857.2
1189470 857.3
1189480 857.3
1189490 857.2
1189500 857.1
1189510 857.1
1189520 857.1
1189530 857.0
1189540 856.9
1189550 856.9
1189560 857.0
1189570 856.7
1189580 856.7
1189590 856.7
1189600 858.4
1189610 858.4
1189620 861.5
1189630 862.1
1189640 862.1
1189650 859.5
1189660 857.3
1189670 857.3
1189680 856.9
1189690 857.0
1189700 857.0
1189710 857.1
1189720 857.4
1189730 857.4
1189740 857.4
1189750 857.2
1189760 857.2
1189770 857.2
1189780 857.1
1189790 857.1
1189800 857.0
1189810 856.9
1189820 856.9
1189830 856.8
1189840 856.7
1189850 856.6
1189860 856.6
1189870 856.6
1189880 856.6
1189890 856.7
1189900 857.0
1189910 856.9
1189920 856.9
1189930 857.4
1189940 856.9
1189950 856.9
1189960 855.9
1189970 855.7
1189980 855.7
1189990 855.6
1190000 855.5
1190010 855.5
1190020 855.3
1190030 855.2
1190040 855.2
1190050 855.2
1190060 855.5
1190070 855.5
1190080 856.7
1190090 857.0
1190100 857.0
1190110 856.6
1190120 856.5
1190130 856.5
1190140 856.0
1190150 855.7
1190160 855.7
1190170 856.0
1190180 856.1
1190190 856.0
1190200 856.0
1190210 855.9
1190220 855.8
1190230 855.8
1190240 855.8
1190250 856.0
1190260 856.0
1190270 855.9
1190280 855.7
1190290 855.7
1190300 855.6
1190310 855.6
1190320 855.7
1190330 855.7
1190340 855.8
1190350 855.8
1190360 855.6
1190370 855.4
1190380 855.4
1190390 855.4
1190400 855.3
1190410 855.3
1190420 855.4
1190430 855.6
1190440 855.6
1190450 855.3
1190460 855.4
1190470 855.4
1190480 856.1
1190490 855.7
1190500 855.7
1190510 856.1
1190520 856.2
1190530 856.2
1190540 856.2
1190550 856.6
1190560 857.0
1190570 857.0
1190580 856.9
1190590 856.8
1190600 856.8
1190610 857.0
1190620 857.2
1190630 857.2
1190640 857.4
1190650 857.2
1190660 857.2
1190670 856.6
1190680 856.2
1190690 856.2
1190700 856.6
1190710 858.2
1190720 858.2
1190730 859.6
1190740 861.1
1190750 861.1
1190760 863.0
1190770 862.9
1190780 862.9
1190790 862.9
1190800 862.8
1190810 862.8
1190820 862.8
1190830 862.7
1190840 862.7
1190850 862.7
1190860 862.7
1190870 862.7
1190880 862.7
1190890 862.5
1190900 862.3
1190910 862.3
1190920 862.0
1190930 861.6
1190940 861.6
1190950 861.6
1190960 861.6
1190970 861.6
1190980 861.8
1190990 862.5
1191000 862.5
1191010 862.9
1191020 863.0
1191030 863.0
1191040 863.0
1191050 863.1
1191060 863.1
1191070 863.1
1191080 862.8
1191090 862.8
1191100 862.6
1191110 862.8
1191120 862.8
1191130 863.1
1191140 863.4
1191150 863.4
1191160 863.7
1191170 863.8
1191180 863.8
1191190 863.9
1191200 863.8
1191210 863.7
1191220 863.7
1191230 863.7
1191240 863.7
1191250 863.7
1191260 863.6
1191270 863.4
1191280 863.4
1191290 863.1
1191300 862.9
1191310 862.9
1191320 862.7
1191330 862.3
1191340 862.3
1191350 862.0
1191360 861.9
1191370 861.9
1191380 861.8
1191390 861.7
1191400 861.7
1191410 861.7
1191420 861.6
1191430 861.6
1191440 861.5
1191450 861.4
1191460 861.4
1191470 861.5
1191480 861.5
1191490 861.5
1191500 861.3
1191510 861.2
1191520 861.2
1191530 861.1
1191540 860.9
1191550 860.8
1191560 860.8
1191570 860.7
1191580 860.7
1191590 860.7
1191600 860.5
1191610 860.3
1191620 860.3
1191630 860.6
1191640 860.6
1191650 860.6
1191660 860.5
1191670 860.4
1191680 860.4
1191690 860.4
1191700 860.4
1191710 860.4
1191720 860.4
1191730 860.3
1191740 860.3
1191750 860.1
1191760 860.0
1191770 860.0
1191780 860.0
1191790 860.1
1191800 860.1
1191810 860.2
1191820 860.3
1191830 860.3
1191840 860.2
1191850 860.1
1191860 860.1
1191870 860.2
1191880 860.2
1191890 860.1
1191900 860.1
1191910 860.2
1191920 861.1
1191930 861.1
1191940 862.1
1191950 863.0
1191960 863.0
1191970 864.0
1191980 865.8
1191990 865.8
1192000 868.3
1192010 870.0
1192020 870.0
1192030 870.7
1192040 871.9
1192050 871.9
1192060 873.9
1192070 874.5
1192080 874.5
1192090 874.9
1192100 875.3
1192110 875.3
1192120 876.1
1192130 876.8
1192140 876.8
1192150 877.2
1192160 877.5
1192170 877.5
1192180 878.9
1192190 880.7
1192200 880.7
1192210 882.3
1192220 884.0
1192230 885.3
1192240 885.3
1192250 886.2
1192260 886.7
1192270 886.7
1192280 886.9
1192290 887.5
1192300 887.5
1192310 888.4
1192320 888.6
1192330 888.6
1192340 888.7
1192350 888.6
1192360 888.6
1192370 888.4
1192380 888.7
1192390 888.7
1192400 889.3
1192410 890.0
1192420 890.0
1192430 890.3
1192440 890.7
1192450 890.7
1192460 892.6
1192470 894.4
1192480 894.4
1192490 895.5
1192500 898.8
1192510 898.8
1192520 899.9
1192530 900.7
1192540 901.5
1192550 901.5
1192560 902.4
1192570 903.1
1192580 903.1
1192590 903.8
1192600 904.2
1192610 904.2
1192620 904.4
1192630 904.2
1192640 904.2
1192650 903.7
1192660 903.2
1192670 903.2
1192680 902.6
1192690 901.5
1192700 901.5
1192710 900.7
1192720 900.5
1192730 900.5
1192740 901.0
1192750 901.6
1192760 901.6
1192770 902.6
1192780 903.6
1192790 903.6
1192800 903.5
1192810 903.0
1192820 903.0
1192830 902.1
1192840 902.7
1192850 902.7
1192860 904.1
1192870 905.0
1192880 905.6
1192890 905.6
1192900 905.7
1192910 905.7
1192920 905.7
1192930 905.7
1192940 908.5
1192950 908.5
1192960 908.5
1192970 909.1
1192980 909.1
1192990 907.7
1193000 911.1
1193010 911.1
1193020 913.3
1193030 915.5
1193040 915.5
1193050 918.6
1193060 921.1
1193070 921.1
1193080 923.2
1193090 925.0
1193100 925.0
1193110 927.0
1193120 929.2
1193130 929.2
1193140 930.2
1193150 929.2
1193160 929.2
1193170 929.7
1193180 930.8
1193190 930.8
1193200 931.8
1193210 932.6
1193220 932.2
1193230 932.2
1193240 930.8
1193250 930.2
1193260 930.2
1193270 930.8
1193280 931.5
1193290 931.5
1193300 932.1
1193310 933.7
1193320 933.7
1193330 935.4
1193340 937.2
1193350 937.2
1193360 939.2
1193370 941.1
1193380 943.5
1193390 944.4
1193400 945.3
1193410 945.3
1193420 946.2
1193430 946.7
1193440 946.7
1193450 946.9
1193460 946.7
1193470 946.7
1193480 946.7
1193490 947.9
1193500 947.9
1193510 949.9
1193520 950.5
1193530 950.5
1193540 949.4
1193550 947.5
1193560 944.8
1193570 944.8
1193580 942.4
1193590 941.4
1193600 941.4
1193610 939.1
1193620 936.6
1193630 936.6
1193640 934.4
1193650 932.6
1193660 932.6
1193670 931.1
1193680 928.1
1193690 928.1
1193700 923.8
1193710 921.3
1193720 921.3
1193730 923.3
1193740 921.0
1193750 921.0
1193760 916.7
1193770 914.3
1193780 914.3
1193790 914.8
1193800 917.0
1193810 917.0
1193820 918.9
1193830 919.1
1193840 919.1
1193850 919.1
1193860 919.2
1193870 919.2
1193880 919.2
1193890 919.7
1193900 920.5
1193910 920.5
1193920 921.8
1193930 922.6
1193940 922.6
1193950 925.1
1193960 927.4
1193970 927.4
1193980 929.7
1193990 932.1
1194000 932.1
1194010 934.3
1194020 937.9
1194030 937.9
1194040 940.8
1194050 942.4
1194060 942.4
1194070 943.7
1194080 945.4
1194090 945.4
1194100 947.4
1194110 949.6
1194120 949.6
1194130 950.9
1194140 950.9
1194150 950.9
1194160 951.1
1194170 950.6
1194180 950.6
1194190 950.2
1194200 950.3
1194210 950.3
1194220 950.1
1194230 947.7
1194240 944.8
1194250 944.8
1194260 941.0
1194270 938.2
1194280 938.2
1194290 935.5
1194300 931.9
1194310 931.9
1194320 929.1
1194330 928.9
1194340 928.9
1194350 929.1
1194360 929.2
1194370 929.2
1194380 929.3
1194390 929.4
1194400 929.4
1194410 929.8
1194420 932.0
1194430 932.0
1194440 932.9
1194450 931.3
1194460 931.3
1194470 930.0
1194480 929.6
1194490 929.6
1194500 930.4
1194510 932.9
1194520 932.9
1194530 935.0
1194540 936.4
1194550 936.4
1194560 938.5
1194570 940.6
1194580 941.6
1194590 941.6
1194600 942.5
1194610 940.6
1194620 940.6
1194630 939.8
1194640 940.1
1194650 940.1
1194660 942.3
1194670 945.1
1194680 945.1
1194690 946.8
1194700 947.1
1194710 947.1
1194720 947.0
1194730 947.6
1194740 947.6
1194750 948.1
1194760 948.1
1194770 948.1
1194780 948.0
1194790 947.5
1194800 947.5
1194810 946.8
1194820 946.6
1194830 946.6
1194840 946.4
1194850 946.4
1194860 946.4
1194870 946.6
1194880 947.8
1194890 949.2
1194900 949.2
1194910 948.4
1194920 947.4
1194930 947.4
1194940 947.6
1194950 948.6
1194960 948.6
1194970 950.3
1194980 952.3
1194990 952.3
1195000 953.6
1195010 955.3
1195020 955.3
1195030 957.9
1195040 960.3
1195050 960.3
1195060 962.1
1195070 963.9
1195080 963.9
1195090 967.0
1195100 970.9
1195110 970.9
1195120 973.9
1195130 975.8
1195140 975.3
1195150 977.3
1195160 979.0
1195170 979.0
1195180 981.1
1195190 983.3
1195200 983.3
1195210 985.1
1195220 986.3
1195230 987.0
1195240 987.0
1195250 987.7
1195260 988.4
1195270 988.4
1195280 989.7
1195290 992.3
1195300 992.3
1195310 996.9
1195320 1001.8
1195330 1001.8
1195340 1006.6
1195350 1012.2
1195360 1012.2
1195370 1017.3
1195380 1021.1
1195390 1021.1
1195400 1024.5
1195410 1028.2
1195420 1028.2
1195430 1032.4
1195440 1036.3
1195450 1036.3
1195460 1039.9
1195470 1043.3
1195480 1043.3
1195490 1046.7
1195500 1050.7
1195510 1050.7
1195520 1056.2
1195530 1062.9
1195540 1062.9
1195550 1071.3
1195560 1076.2
1195570 1078.6
1195580 1079.6
1195590 1082.4
1195600 1083.5
1195610 1083.5
1195620 1083.9
1195630 1084.0
1195640 1084.0
1195650 1082.8
1195660 1081.6
1195670 1081.6
1195680 1080.8
1195690 1079.4
1195700 1079.4
1195710 1077.1
1195720 1074.2
1195730 1074.2
1195740 1071.5
1195750 1069.2
1195760 1069.2
1195770 1067.4
1195780 1066.0
1195790 1066.0
1195800 1062.0
1195810 1055.0
1195820 1055.0
1195830 1048.3
1195840 1043.6
1195850 1043.6
1195860 1040.7
1195870 1037.9
1195880 1037.9
1195890 1034.4
1195900 1030.5
1195910 1030.6
1195920 1030.6
1195930 1032.1
1195940 1033.9
1195950 1033.9
1195960 1035.7
1195970 1037.6
1195980 1037.6
1195990 1039.6
1196000 1041.5
1196010 1041.5
1196020 1043.8
1196030 1046.1
1196040 1046.1
1196050 1048.3
1196060 1050.9
1196070 1050.9
1196080 1053.4
1196090 1055.8
1196100 1055.8
1196110 1058.0
1196120 1060.4
1196130 1060.4
1196140 1062.9
1196150 1065.7
1196160 1065.7
1196170 1068.1
1196180 1070.5
1196190 1070.5
1196200 1073.0
1196210 1075.6
1196220 1075.6
1196230 1077.9
1196240 1080.5
1196250 1083.6
1196260 1083.6
1196270 1086.3
1196280 1089.5
1196290 1089.5
1196300 1093.2
1196310 1095.9
1196320 1095.9
1196330 1099.7
1196340 1105.9
1196350 1105.9
1196360 1112.1
1196370 1118.1
1196380 1118.1
1196390 1124.1
1196400 1129.8
1196410 1129.8
1196420 1135.2
1196430 1140.0
1196440 1140.0
1196450 1144.6
1196460 1149.6
1196470 1147.3
1196480 1153.4
1196490 1160.1
1196500 1160.1
1196510 1167.0
1196520 1173.0
1196530 1173.0
1196540 1178.6
1196550 1183.8
1196560 1183.8
1196570 1188.4
1196580 1192.0
1196590 1198.2
1196600 1198.2
1196610 1205.6
1196620 1211.2
1196630 1211.2
1196640 1217.5
1196650 1223.6
1196660 1223.6
1196670 1229.1
1196680 1230.5
1196690 1230.5
1196700 1228.8
1196710 1230.1
1196720 1230.1
1196730 1233.0
1196740 1238.2
1196750 1238.2
1196760 1244.4
1196770 1251.8
1196780 1251.8
1196790 1260.8
1196800 1271.4
1196810 1271.4
1196820 1281.8
1196830 1291.4
1196840 1291.4
1196850 1301.0
1196860 1310.9
1196870 1310.9
1196880 1319.0
1196890 1324.4
1196900 1336.3
1196910 1335.4
1196920 1345.2
1196930 1355.3
1196940 1355.3
1196950 1365.7
1196960 1378.6
1196970 1378.6
1196980 1389.1
1196990 1400.1
1197000 1400.1
1197010 1417.6
1197020 1424.3
1197030 1424.3
1197040 1427.8
1197050 1432.3
1197060 1432.3
1197070 1435.4
1197080 1439.1
1197090 1439.1
1197100 1448.5
1197110 1460.0
1197120 1460.0
1197130 1469.1
1197140 1476.6
1197150 1476.6
1197160 1484.2
1197170 1491.9
1197180 1491.9
1197190 1499.1
1197200 1505.9
1197210 1505.9
1197220 1512.7
1197230 1516.6
1197240 1514.8
1197250 1514.8
1197260 1520.2
1197270 1525.5
1197280 1525.5
1197290 1534.5
1197300 1538.0
1197310 1538.0
1197320 1541.6
1197330 1551.3
1197340 1551.3
1197350 1556.7
1197360 1566.4
1197370 1566.4
1197380 1580.2
1197390 1595.4
1197400 1595.4
1197410 1606.5
1197420 1614.8
1197430 1614.8
1197440 1622.1
1197450 1631.5
1197460 1631.5
1197470 1642.3
1197480 1654.2
1197490 1654.2
1197500 1670.6
1197510 1679.3
1197520 1679.3
1197530 1687.7
1197540 1700.0
1197550 1700.0
1197560 1709.2
1197570 1719.1
1197580 1727.7
1197590 1727.7
1197600 1734.6
1197610 1740.8
1197620 1740.8
1197630 1747.7
1197640 1754.3
1197650 1754.3
1197660 1759.3
1197670 1757.1
1197680 1757.1
1197690 1752.4
1197700 1745.3
1197710 1745.3
1197720 1737.0
1197730 1729.4
1197740 1729.4
1197750 1721.5
1197760 1714.2
1197770 1714.2
1197780 1707.5
1197790 1702.8
1197800 1708.6
1197810 1706.1
1197820 1703.2
1197830 1703.2
1197840 1701.1
1197850 1697.9
1197860 1697.9
1197870 1695.3
1197880 1694.9
1197890 1694.9
1197900 1693.1
1197910 1701.5
1197920 1707.2
1197930 1707.2
1197940 1700.7
1197950 1694.1
1197960 1694.1
1197970 1691.5
1197980 1688.7
1197990 1688.7
1198000 1689.8
1198010 1698.0
1198020 1698.0
1198030 1701.3
1198040 1697.5
1198050 1697.5
1198060 1694.2
1198070 1700.9
1198080 1700.9
1198090 1698.9
1198100 1692.8
1198110 1692.8
1198120 1687.2
1198130 1688.5
1198140 1688.5
1198150 1696.1
1198160 1706.0
1198170 1706.0
1198180 1703.5
1198190 1698.1
1198200 1698.1
1198210 1693.3
1198220 1687.1
1198230 1687.1
1198240 1687.8
1198250 1684.0
1198260 1679.9
1198270 1679.9
1198280 1674.3
1198290 1669.0
1198300 1669.0
1198310 1664.9
1198320 1662.1
1198330 1662.1
1198340 1657.7
1198350 1653.6
1198360 1653.6
1198370 1650.0
1198380 1645.4
1198390 1645.4
1198400 1644.5
1198410 1644.0
1198420 1644.0
1198430 1642.2
1198440 1638.9
1198450 1638.9
1198460 1635.6
1198470 1636.8
1198480 1636.8
1198490 1637.1
1198500 1639.7
1198510 1639.7
1198520 1643.4
1198530 1646.1
1198540 1646.1
1198550 1648.8
1198560 1650.9
1198570 1650.9
1198580 1651.8
1198590 1652.3
1198600 1653.1
1198610 1653.1
1198620 1654.9
1198630 1657.2
1198640 1657.2
1198650 1659.4
1198660 1661.5
1198670 1661.5
1198680 1661.4
1198690 1666.1
1198700 1666.1
1198710 1660.9
1198720 1654.8
1198730 1654.8
1198740 1652.7
1198750 1645.9
1198760 1645.9
1198770 1641.3
1198780 1635.3
1198790 1635.3
1198800 1629.2
1198810 1624.8
1198820 1624.8
1198830 1622.7
1198840 1621.4
1198850 1621.4
1198860 1619.9
1198870 1620.3
1198880 1620.3
1198890 1621.4
1198900 1620.3
1198910 1619.8
1198920 1619.8
1198930 1620.3
1198940 1621.2
1198950 1621.2
1198960 1623.0
1198970 1626.7
1198980 1626.7
1198990 1627.1
1199000 1624.5
1199010 1624.5
1199020 1620.1
1199030 1616.6
1199040 1616.6
1199050 1614.0
1199060 1611.8
1199070 1611.8
1199080 1610.4
1199090 1609.7
1199100 1609.7
1199110 1608.5
1199120 1608.5
1199130 1608.5
1199140 1613.4
1199150 1613.0
1199160 1613.0
1199170 1611.1
1199180 1607.8
1199190 1607.8
1199200 1605.4
1199210 1602.8
1199220 1602.8
1199230 1598.2
1199240 1591.6
1199250 1583.9
1199260 1583.9
1199270 1577.1
1199280 1571.2
1199290 1571.2
1199300 1564.7
1199310 1559.1
1199320 1559.1
1199330 1553.2
1199340 1546.8
1199350 1546.8
1199360 1541.1
1199370 1537.1
1199380 1537.1
1199390 1535.8
1199400 1535.6
1199410 1535.6
1199420 1532.7
1199430 1529.4
1199440 1529.4
1199450 1526.3
1199460 1522.9
1199470 1522.9
1199480 1520.1
1199490 1514.6
1199500 1514.6
1199510 1502.7
1199520 1487.5
1199530 1487.5
1199540 1482.1
1199550 1472.9
1199560 1472.9
1199570 1463.8
1199580 1462.5
1199590 1472.0
1199600 1472.0
1199610 1469.9
1199620 1467.0
1199630 1467.0
1199640 1469.7
1199650 1466.0
1199660 1466.0
1199670 1457.8
1199680 1442.8
1199690 1442.8
1199700 1425.7
1199710 1418.2
1199720 1418.2
1199730 1417.4
1199740 1417.0
1199750 1417.0
1199760 1414.9
1199770 1412.2
1199780 1412.2
1199790 1407.7
1199800 1407.6
1199810 1407.6
1199820 1407.6
1199830 1403.3
1199840 1403.3
1199850 1399.2
1199860 1397.5
1199870 1397.5
1199880 1393.7
1199890 1391.7
1199900 1391.7
1199910 1390.9
1199920 1384.3
1199930 1379.6
1199940 1379.6
1199950 1377.6
1199960 1371.7
1199970 1371.7
1199980 1363.6
1199990 1357.1
