1180000 1507.6
1180010 1507.3
1180020 1507.3
1180030 1507.4
1180040 1508.0
1180050 1509.4
1180060 1509.4
1180070 1510.7
1180080 1510.9
1180090 1505.8
1180100 1506.1
1180110 1505.7
1180120 1505.7
1180130 1506.4
1180140 1505.4
1180150 1505.4
1180160 1504.3
1180170 1504.0
1180180 1504.0
1180190 1503.4
1180200 1502.5
1180210 1502.5
1180220 1502.1
1180230 1501.3
1180240 1501.3
1180250 1500.4
1180260 1500.2
1180270 1500.2
1180280 1500.8
1180290 1500.4
1180300 1500.4
1180310 1499.5
1180320 1498.3
1180330 1498.3
1180340 1496.5
1180350 1494.7
1180360 1494.7
1180370 1493.2
1180380 1492.2
1180390 1490.9
1180400 1490.9
1180410 1488.7
1180420 1485.8
1180430 1485.8
1180440 1484.6
1180450 1483.3
1180460 1483.3
1180470 1481.6
1180480 1480.1
1180490 1480.1
1180500 1479.1
1180510 1474.0
1180520 1474.0
1180530 1473.2
1180540 1471.7
1180550 1471.7
1180560 1469.3
1180570 1464.5
1180580 1464.5
1180590 1459.7
1180600 1454.7
1180610 1454.7
1180620 1449.5
1180630 1445.7
1180640 1445.7
1180650 1442.9
1180660 1439.6
1180670 1439.6
1180680 1436.5
1180690 1434.6
1180700 1433.0
1180710 1433.0
1180720 1431.8
1180730 1429.9
1180740 1429.9
1180750 1425.7
1180760 1422.1
1180770 1422.1
1180780 1418.3
1180790 1412.4
1180800 1412.4
1180810 1407.6
1180820 1403.6
1180830 1403.6
1180840 1398.2
1180850 1393.6
1180860 1393.6
1180870 1390.3
1180880 1387.0
1180890 1387.0
1180900 1383.5
1180910 1380.3
1180920 1380.3
1180930 1373.2
1180940 1369.5
1180950 1369.5
1180960 1366.1
1180970 1363.2
1180980 1363.2
1180990 1359.9
1181000 1357.4
1181010 1357.4
1181020 1354.6
1181030 1353.0
1181040 1350.6
1181050 1350.6
1181060 1348.2
1181070 1345.6
1181080 1345.6
1181090 1344.0
1181100 1342.4
1181110 1342.4
1181120 1340.6
1181130 1339.6
1181140 1339.6
1181150 1339.2
1181160 1338.8
1181170 1338.8
1181180 1338.8
1181190 1338.2
1181200 1338.2
1181210 1339.1
1181220 1339.8
1181230 1339.8
1181240 1340.1
1181250 1339.9
1181260 1339.9
1181270 1341.4
1181280 1343.1
1181290 1343.1
1181300 1342.2
1181310 1342.0
1181320 1342.0
1181330 1343.3
1181340 1344.0
1181350 1340.9
1181360 1340.4
1181370 1339.6
1181380 1338.9
1181390 1338.9
1181400 1339.6
1181410 1340.1
1181420 1340.1
1181430 1339.7
1181440 1338.9
1181450 1338.9
1181460 1336.8
1181470 1333.2
1181480 1333.2
1181490 1330.7
1181500 1328.1
1181510 1328.1
1181520 1325.5
1181530 1322.6
1181540 1322.6
1181550 1317.6
1181560 1311.5
1181570 1311.5
1181580 1306.1
1181590 1300.3
1181600 1300.3
1181610 1294.8
1181620 1289.2
1181630 1289.2
1181640 1283.1
1181650 1274.6
1181660 1274.6
1181670 1266.0
1181680 1258.2
1181690 1258.2
1181700 1251.2
1181710 1245.0
1181720 1239.2
1181730 1239.2
1181740 1233.3
1181750 1227.3
1181760 1227.3
1181770 1216.9
1181780 1211.2
1181790 1211.2
1181800 1205.6
1181810 1200.1
1181820 1200.1
1181830 1194.7
1181840 1189.2
1181850 1189.2
1181860 1183.6
1181870 1178.1
1181880 1178.1
1181890 1172.8
1181900 1167.6
1181910 1167.6
1181920 1162.6
1181930 1156.9
1181940 1156.9
1181950 1151.3
1181960 1146.6
1181970 1146.6
1181980 1141.9
1181990 1137.3
1182000 1137.3
1182010 1132.9
1182020 1128.8
1182030 1128.8
1182040 1124.9
1182050 1121.4
1182060 1118.3
1182070 1118.3
1182080 1115.6
1182090 1113.1
1182100 1113.1
1182110 1106.6
1182120 1099.5
1182130 1099.5
1182140 1094.3
1182150 1090.0
1182160 1090.0
1182170 1087.6
1182180 1086.2
1182190 1085.5
1182200 1085.9
1182210 1087.4
1182220 1087.4
1182230 1089.1
1182240 1089.6
1182250 1089.6
1182260 1092.1
1182270 1098.9
1182280 1098.9
1182290 1105.8
1182300 1110.0
1182310 1110.0
1182320 1112.5
1182330 1115.3
1182340 1115.3
1182350 1116.4
1182360 1118.0
1182370 1118.0
1182380 1119.1
1182390 1119.9
1182400 1120.7
1182410 1120.7
1182420 1121.4
1182430 1122.1
1182440 1122.1
1182450 1123.0
1182460 1123.9
1182470 1123.9
1182480 1125.0
1182490 1126.0
1182500 1126.0
1182510 1127.3
1182520 1128.6
1182530 1128.6
1182540 1130.0
1182550 1131.5
1182560 1131.5
1182570 1132.6
1182580 1133.9
1182590 1133.9
1182600 1136.6
1182610 1141.6
1182620 1146.7
1182630 1156.5
1182640 1170.4
1182650 1170.4
1182660 1185.0
1182670 1190.2
1182680 1190.2
1182690 1190.2
1182700 1187.0
1182710 1187.0
1182720 1184.5
1182730 1186.8
1182740 1188.0
1182750 1188.0
1182760 1189.7
1182770 1192.7
1182780 1192.7
1182790 1196.8
1182800 1203.3
1182810 1203.3
1182820 1212.1
1182830 1221.5
1182840 1221.5
1182850 1235.2
1182860 1243.8
1182870 1243.8
1182880 1248.7
1182890 1254.3
1182900 1254.3
1182910 1259.5
1182920 1264.6
1182930 1264.6
1182940 1269.3
1182950 1274.1
1182960 1274.1
1182970 1278.9
1182980 1284.1
1182990 1284.1
1183000 1289.9
1183010 1295.5
1183020 1295.5
1183030 1300.5
1183040 1304.5
1183050 1304.5
1183060 1307.2
1183070 1310.5
1183080 1314.2
1183090 1314.2
1183100 1317.8
1183110 1321.5
1183120 1321.5
1183130 1325.7
1183140 1330.2
1183150 1330.2
1183160 1335.0
1183170 1340.2
1183180 1340.2
1183190 1345.8
1183200 1350.7
1183210 1350.7
1183220 1356.6
1183230 1363.9
1183240 1363.9
1183250 1370.8
1183260 1376.7
1183270 1376.7
1183280 1382.1
1183290 1387.8
1183300 1387.8
1183310 1392.3
1183320 1396.8
1183330 1396.8
1183340 1402.9
1183350 1409.0
1183360 1409.0
1183370 1414.2
1183380 1420.0
1183390 1420.0
1183400 1426.4
1183410 1432.6
1183420 1438.7
1183430 1438.7
1183440 1444.2
1183450 1449.5
1183460 1455.2
1183470 1460.7
1183480 1465.6
1183490 1465.6
1183500 1469.0
1183510 1470.8
1183520 1470.8
1183530 1471.1
1183540 1471.0
1183550 1471.0
1183560 1471.2
1183570 1471.5
1183580 1471.5
1183590 1466.0
1183600 1457.9
1183610 1457.9
1183620 1460.6
1183630 1459.7
1183640 1459.7
1183650 1457.0
1183660 1459.3
1183670 1459.3
1183680 1459.6
1183690 1463.3
1183700 1463.3
1183710 1466.8
1183720 1470.4
1183730 1474.1
1183740 1474.1
1183750 1478.7
1183760 1484.8
1183770 1484.8
1183780 1490.0
1183790 1496.8
1183800 1496.8
1183810 1508.3
1183820 1519.2
1183830 1519.2
1183840 1532.8
1183850 1561.1
1183860 1561.1
1183870 1583.3
1183880 1599.9
1183890 1592.1
1183900 1605.7
1183910 1610.4
1183920 1610.4
1183930 1613.6
1183940 1616.6
1183950 1616.6
1183960 1623.7
1183970 1631.8
1183980 1631.8
1183990 1636.1
1184000 1641.2
1184010 1641.2
1184020 1648.8
1184030 1657.3
1184040 1657.3
1184050 1665.1
1184060 1674.4
1184070 1682.4
1184080 1682.4
1184090 1690.0
1184100 1697.1
1184110 1697.1
1184120 1704.6
1184130 1711.9
1184140 1711.9
1184150 1718.1
1184160 1723.5
1184170 1723.5
1184180 1728.4
1184190 1733.1
1184200 1733.1
1184210 1737.8
1184220 1742.1
1184230 1742.1
1184240 1745.6
1184250 1748.3
1184260 1748.3
1184270 1749.9
1184280 1750.9
1184290 1750.9
1184300 1752.6
1184310 1762.0
1184320 1762.0
1184330 1763.4
1184340 1765.1
1184350 1765.1
1184360 1771.1
1184370 1778.3
1184380 1778.3
1184390 1782.5
1184400 1784.9
1184410 1790.0
1184420 1790.0
1184430 1798.5
1184440 1806.3
1184450 1806.3
1184460 1813.6
1184470 1819.2
1184480 1819.2
1184490 1823.8
1184500 1829.0
1184510 1829.0
1184520 1835.3
1184530 1840.7
1184540 1840.7
1184550 1845.1
1184560 1848.5
1184570 1848.5
1184580 1851.5
1184590 1853.9
1184600 1853.9
1184610 1853.9
1184620 1849.7
1184630 1849.7
1184640 1848.2
1184650 1850.4
1184660 1850.4
1184670 1847.1
1184680 1839.2
1184690 1839.2
1184700 1832.2
1184710 1828.3
1184720 1828.3
1184730 1826.4
1184740 1821.1
1184750 1815.6
1184760 1815.6
1184770 1809.7
1184780 1808.0
1184790 1808.0
1184800 1806.6
1184810 1802.6
1184820 1802.6
1184830 1797.7
1184840 1794.7
1184850 1794.7
1184860 1792.8
1184870 1790.0
1184880 1790.0
1184890 1784.8
1184900 1780.0
1184910 1780.0
1184920 1775.0
1184930 1770.6
1184940 1770.6
1184950 1765.7
1184960 1762.7
1184970 1762.7
1184980 1760.3
1184990 1755.4
1185000 1755.4
1185010 1750.8
1185020 1744.2
1185030 1744.2
1185040 1739.7
1185050 1736.7
1185060 1736.7
1185070 1732.7
1185080 1728.9
1185090 1726.7
1185100 1726.7
1185110 1725.4
1185120 1723.5
1185130 1723.5
1185140 1721.6
1185150 1719.3
1185160 1719.3
1185170 1712.6
1185180 1710.7
1185190 1710.7
1185200 1708.1
1185210 1705.3
1185220 1705.3
1185230 1703.3
1185240 1701.8
1185250 1701.8
1185260 1700.8
1185270 1699.4
1185280 1699.4
1185290 1696.0
1185300 1690.7
1185310 1690.7
1185320 1682.6
1185330 1672.6
1185340 1672.6
1185350 1665.1
1185360 1657.5
1185370 1657.5
1185380 1650.7
1185390 1644.0
1185400 1644.0
1185410 1637.9
1185420 1633.4
1185430 1629.7
1185440 1629.7
1185450 1626.0
1185460 1622.6
1185470 1622.6
1185480 1619.4
1185490 1615.9
1185500 1615.9
1185510 1612.3
1185520 1609.5
1185530 1609.5
1185540 1607.5
1185550 1604.5
1185560 1604.5
1185570 1602.1
1185580 1599.4
1185590 1596.7
1185600 1593.2
1185610 1590.2
1185620 1590.2
1185630 1586.1
1185640 1581.7
1185650 1581.7
1185660 1575.5
1185670 1569.6
1185680 1569.6
1185690 1564.0
1185700 1558.0
1185710 1558.0
1185720 1552.4
1185730 1548.3
1185740 1548.3
1185750 1547.1
1185760 1543.2
1185770 1538.8
1185780 1538.8
1185790 1538.8
1185800 1537.6
1185810 1537.6
1185820 1535.5
1185830 1532.7
1185840 1532.7
1185850 1529.9
1185860 1526.1
1185870 1526.1
1185880 1522.8
1185890 1520.4
1185900 1520.4
1185910 1519.2
1185920 1519.1
1185930 1519.1
1185940 1519.3
1185950 1519.5
1185960 1519.5
1185970 1519.6
1185980 1519.7
1185990 1519.7
1186000 1520.4
1186010 1521.4
1186020 1515.1
1186030 1516.8
1186040 1520.4
1186050 1520.4
1186060 1524.4
1186070 1520.3
1186080 1520.3
1186090 1515.5
1186100 1511.6
1186110 1507.9
1186120 1507.9
1186130 1504.7
1186140 1502.7
1186150 1502.7
1186160 1504.0
1186170 1502.5
1186180 1502.5
1186190 1499.8
1186200 1496.6
1186210 1496.6
1186220 1491.5
1186230 1484.3
1186240 1484.3
1186250 1476.8
1186260 1471.9
1186270 1471.9
1186280 1466.0
1186290 1462.8
1186300 1462.8
1186310 1460.0
1186320 1457.2
1186330 1457.2
1186340 1454.0
1186350 1454.1
1186360 1454.1
1186370 1460.0
1186380 1463.2
1186390 1463.2
1186400 1462.5
1186410 1462.2
1186420 1461.0
1186430 1461.0
1186440 1457.9
1186450 1445.4
1186460 1445.4
1186470 1443.4
1186480 1441.4
1186490 1441.4
1186500 1439.0
1186510 1436.1
1186520 1436.1
1186530 1432.7
1186540 1429.1
1186550 1429.1
1186560 1424.8
1186570 1420.0
1186580 1420.0
1186590 1416.0
1186600 1413.1
1186610 1413.1
1186620 1409.6
1186630 1406.1
1186640 1406.1
1186650 1402.3
1186660 1398.8
1186670 1398.8
1186680 1396.4
1186690 1393.3
1186700 1393.3
1186710 1388.4
1186720 1385.0
1186730 1385.0
1186740 1383.4
1186750 1381.5
1186760 1378.0
1186770 1378.0
1186780 1373.2
1186790 1368.5
1186800 1368.5
1186810 1363.8
1186820 1358.7
1186830 1358.7
1186840 1353.8
1186850 1348.9
1186860 1348.9
1186870 1344.2
1186880 1341.4
1186890 1341.4
1186900 1339.4
1186910 1337.1
1186920 1337.1
1186930 1335.1
1186940 1331.7
1186950 1331.7
1186960 1329.4
1186970 1328.5
1186980 1328.5
1186990 1326.2
1187000 1319.2
1187010 1319.2
1187020 1302.3
1187030 1291.7
1187040 1291.7
1187050 1282.6
1187060 1274.2
1187070 1274.2
1187080 1266.2
1187090 1258.2
1187100 1251.4
1187110 1251.4
1187120 1246.0
1187130 1240.2
1187140 1240.2
1187150 1231.8
1187160 1218.2
1187170 1218.2
1187180 1207.4
1187190 1196.9
1187200 1196.9
1187210 1188.0
1187220 1180.1
1187230 1180.1
1187240 1171.6
1187250 1163.9
1187260 1163.9
1187270 1156.9
1187280 1150.5
1187290 1150.5
1187300 1144.0
1187310 1141.1
1187320 1141.1
1187330 1135.4
1187340 1129.7
1187350 1129.7
1187360 1124.1
1187370 1118.6
1187380 1118.6
1187390 1113.6
1187400 1108.9
1187410 1108.9
1187420 1104.7
1187430 1100.4
1187440 1095.4
1187450 1095.4
1187460 1090.2
1187470 1083.9
1187480 1083.9
1187490 1076.6
1187500 1069.5
1187510 1069.5
1187520 1063.0
1187530 1056.0
1187540 1056.0
1187550 1049.0
1187560 1042.6
1187570 1042.6
1187580 1039.1
1187590 1037.6
1187600 1037.6
1187610 1036.2
1187620 1034.3
1187630 1034.3
1187640 1032.3
1187650 1028.5
1187660 1028.5
1187670 1024.8
1187680 1023.3
1187690 1023.3
1187700 1025.0
1187710 1025.5
1187720 1025.5
1187730 1023.1
1187740 1019.4
1187750 1019.4
1187760 1016.5
1187770 1014.6
1187780 1013.2
1187790 1013.2
1187800 1011.7
1187810 1009.4
1187820 1009.4
1187830 1007.5
1187840 1005.3
1187850 1005.3
1187860 1003.3
1187870 1001.1
1187880 1001.1
1187890 998.5
1187900 995.6
1187910 995.6
1187920 993.3
1187930 991.2
1187940 991.2
1187950 988.7
1187960 986.4
1187970 986.4
1187980 983.2
1187990 979.6
1188000 979.6
1188010 976.6
1188020 975.1
1188030 975.1
1188040 974.4
1188050 973.4
1188060 973.4
1188070 971.9
1188080 969.5
1188090 969.5
1188100 966.4
1188110 964.2
1188120 962.4
1188130 962.4
1188140 959.0
1188150 954.1
1188160 954.1
1188170 947.5
1188180 944.4
1188190 944.4
1188200 941.0
1188210 937.8
1188220 937.8
1188230 933.8
1188240 928.4
1188250 928.4
1188260 922.7
1188270 918.7
1188280 918.7
1188290 916.1
1188300 914.8
1188310 914.8
1188320 912.7
1188330 908.6
1188340 908.6
1188350 906.0
1188360 904.5
1188370 904.5
1188380 903.2
1188390 902.3
1188400 902.3
1188410 901.6
1188420 900.8
1188430 900.8
1188440 899.9
1188450 899.0
1188460 898.2
1188470 898.2
1188480 897.3
1188490 896.4
1188500 896.4
1188510 895.7
1188520 895.1
1188530 895.1
1188540 894.8
1188550 895.2
1188560 895.2
1188570 894.8
1188580 893.0
1188590 893.0
1188600 891.5
1188610 891.1
1188620 891.1
1188630 890.6
1188640 889.9
1188650 889.9
1188660 889.2
1188670 888.6
1188680 888.6
1188690 888.2
1188700 888.4
1188710 888.4
1188720 889.0
1188730 889.2
1188740 889.2
1188750 889.0
1188760 889.0
1188770 889.0
1188780 889.1
1188790 888.6
1188800 889.5
1188810 889.5
1188820 891.6
1188830 893.1
1188840 893.1
1188850 893.4
1188860 892.9
1188870 892.9
1188880 891.3
1188890 889.0
1188900 889.0
1188910 887.1
1188920 886.7
1188930 886.7
1188940 886.7
1188950 886.4
1188960 886.4
1188970 886.4
1188980 886.4
1188990 886.4
1189000 885.6
1189010 883.8
1189020 883.8
1189030 878.4
1189040 876.1
1189050 876.1
1189060 874.9
1189070 873.5
1189080 873.5
1189090 872.4
1189100 871.8
1189110 871.5
1189120 871.5
1189130 871.3
1189140 869.6
1189150 869.6
1189160 867.9
1189170 866.4
1189180 866.4
1189190 864.8
1189200 863.6
1189210 863.6
1189220 862.8
1189230 861.4
1189240 861.4
1189250 860.2
1189260 859.6
1189270 859.6
1189280 858.2
1189290 858.1
1189300 858.1
1189310 857.9
1189320 857.7
1189330 857.7
1189340 857.5
1189350 857.5
1189360 857.5
1189370 857.5
1189380 857.7
1189390 857.7
1189400 857.7
1189410 857.7
1189420 857.7
1189430 857.6
1189440 857.6
1189450 857.2
1189460 857.2
1189470 857.1
1189480 857.0
1189490 857.0
1189500 857.0
1189510 857.0
1189520 857.0
1189530 856.9
1189540 857.2
1189550 857.2
1189560 857.0
1189570 856.9
1189580 856.9
1189590 856.8
1189600 856.5
1189610 856.5
1189620 856.8
1189630 859.2
1189640 859.2
1189650 861.9
1189660 861.7
1189670 861.7
1189680 858.6
1189690 857.0
1189700 857.0
1189710 857.0
1189720 857.1
1189730 857.1
1189740 857.0
1189750 857.0
1189760 857.0
1189770 856.9
1189780 856.9
1189790 856.9
1189800 856.9
1189810 856.8
1189820 856.7
1189830 856.7
1189840 856.6
1189850 856.6
1189860 856.6
1189870 856.6
1189880 856.5
1189890 856.5
1189900 856.5
1189910 856.6
1189920 856.6
1189930 857.1
1189940 857.0
1189950 857.0
1189960 857.3
1189970 857.0
1189980 857.0
1189990 855.9
1190000 855.6
1190010 855.6
1190020 855.5
1190030 855.4
1190040 855.4
1190050 855.2
1190060 855.2
1190070 855.2
1190080 855.1
1190090 855.4
1190100 855.4
1190110 856.4
1190120 856.8
1190130 856.6
1190140 856.6
1190150 856.2
1190160 855.6
1190170 855.6
1190180 855.8
1190190 856.0
1190200 856.0
1190210 856.0
1190220 856.1
1190230 856.1
1190240 855.9
1190250 856.0
1190260 856.0
1190270 855.9
1190280 855.9
1190290 855.9
1190300 856.0
1190310 855.9
1190320 855.9
1190330 855.7
1190340 855.7
1190350 855.7
1190360 855.7
1190370 855.7
1190380 855.7
1190390 855.6
1190400 855.8
1190410 855.8
1190420 855.6
1190430 855.2
1190440 855.2
1190450 855.1
1190460 854.9
1190470 854.8
1190480 854.8
1190490 855.2
1190500 855.8
1190510 855.8
1190520 856.2
1190530 856.2
1190540 856.2
1190550 856.2
1190560 856.6
1190570 856.6
1190580 856.1
1190590 855.7
1190600 855.7
1190610 856.1
1190620 856.4
1190630 856.4
1190640 856.6
1190650 856.4
1190660 856.4
1190670 856.2
1190680 856.1
1190690 856.1
1190700 856.4
1190710 858.4
1190720 858.4
1190730 859.6
1190740 859.6
1190750 859.6
1190760 861.5
1190770 863.1
1190780 863.1
1190790 862.8
1190800 862.7
1190810 862.8
1190820 862.8
1190830 862.8
1190840 862.6
1190850 862.6
1190860 862.7
1190870 862.7
1190880 862.7
1190890 862.6
1190900 862.5
1190910 862.5
1190920 862.1
1190930 861.9
1190940 861.9
1190950 861.9
1190960 861.7
1190970 861.7
1190980 862.5
1190990 863.1
1191000 863.1
1191010 862.7
1191020 862.5
1191030 862.5
1191040 862.6
1191050 862.6
1191060 862.6
1191070 862.6
1191080 862.6
1191090 862.6
1191100 862.4
1191110 862.4
1191120 862.4
1191130 862.6
1191140 862.9
1191150 863.2
1191160 863.2
1191170 863.6
1191180 863.7
1191190 863.7
1191200 863.8
1191210 863.8
1191220 863.8
1191230 863.8
1191240 863.7
1191250 863.7
1191260 863.5
1191270 863.4
1191280 863.4
1191290 863.3
1191300 863.3
1191310 863.3
1191320 863.1
1191330 862.8
1191340 862.8
1191350 862.5
1191360 862.2
1191370 862.2
1191380 861.9
1191390 861.7
1191400 861.7
1191410 861.6
1191420 861.5
1191430 861.5
1191440 861.4
1191450 861.4
1191460 861.4
1191470 861.3
1191480 861.3
1191490 861.1
1191500 861.1
1191510 861.0
1191520 860.9
1191530 860.9
1191540 860.9
1191550 860.8
1191560 860.8
1191570 860.8
1191580 860.8
1191590 860.8
1191600 860.7
1191610 860.6
1191620 860.6
1191630 860.5
1191640 860.3
1191650 860.3
1191660 860.3
1191670 860.2
1191680 860.2
1191690 860.1
1191700 860.1
1191710 860.1
1191720 860.2
1191730 860.1
1191740 860.1
1191750 860.1
1191760 860.0
1191770 860.0
1191780 859.9
1191790 859.8
1191800 859.8
1191810 859.8
1191820 859.9
1191830 860.2
1191840 860.2
1191850 860.4
1191860 860.4
1191870 860.4
1191880 860.2
1191890 860.0
1191900 860.0
1191910 860.0
1191920 860.3
1191930 860.3
1191940 861.3
1191950 862.7
1191960 862.7
1191970 864.1
1191980 865.0
1191990 865.0
1192000 865.7
1192010 866.3
1192020 866.3
1192030 867.1
1192040 867.9
1192050 867.9
1192060 869.2
1192070 871.4
1192080 873.3
1192090 873.9
1192100 874.2
1192110 874.2
1192120 874.3
1192130 874.4
1192140 874.5
1192150 874.5
1192160 874.5
1192170 875.0
1192180 875.0
1192190 875.8
1192200 877.2
1192210 877.2
1192220 878.7
1192230 880.2
1192240 880.2
1192250 882.0
1192260 883.5
1192270 883.5
1192280 884.3
1192290 884.7
1192300 884.7
1192310 884.9
1192320 885.2
1192330 885.2
1192340 885.3
1192350 885.1
1192360 885.1
1192370 885.1
1192380 885.2
1192390 885.2
1192400 885.1
1192410 885.2
1192420 885.2
1192430 884.9
1192440 884.9
1192450 884.9
1192460 886.0
1192470 888.0
1192480 890.0
1192490 890.0
1192500 891.0
1192510 894.7
1192520 894.7
1192530 895.6
1192540 896.8
1192550 896.8
1192560 897.6
1192570 898.4
1192580 898.4
1192590 899.0
1192600 899.6
1192610 899.6
1192620 900.4
1192630 900.5
1192640 900.5
1192650 900.0
1192660 899.8
1192670 899.8
1192680 899.2
1192690 898.2
1192700 898.2
1192710 897.6
1192720 897.2
1192730 897.2
1192740 897.1
1192750 897.4
1192760 897.4
1192770 897.7
1192780 898.2
1192790 898.2
1192800 898.1
1192810 897.7
1192820 897.1
1192830 897.1
1192840 897.5
1192850 898.5
1192860 898.5
1192870 899.1
1192880 899.2
1192890 899.2
1192900 898.9
1192910 898.8
1192920 898.8
1192930 898.7
1192940 898.8
1192950 902.2
1192960 901.6
1192970 900.8
1192980 900.8
1192990 903.5
1193000 907.6
1193010 907.6
1193020 909.1
1193030 910.1
1193040 910.1
1193050 912.7
1193060 915.5
1193070 915.5
1193080 917.1
1193090 918.2
1193100 918.2
1193110 919.4
1193120 920.5
1193130 920.5
1193140 921.7
1193150 923.0
1193160 924.6
1193170 924.6
1193180 925.4
1193190 925.5
1193200 925.5
1193210 925.4
1193220 925.4
1193230 925.4
1193240 925.0
1193250 925.1
1193260 925.1
1193270 925.8
1193280 926.7
1193290 926.7
1193300 928.2
1193310 930.2
1193320 930.2
1193330 931.6
1193340 932.7
1193350 932.7
1193360 934.2
1193370 935.6
1193380 935.6
1193390 939.6
1193400 940.0
1193410 940.0
1193420 940.7
1193430 941.3
1193440 941.3
1193450 941.8
1193460 942.5
1193470 942.5
1193480 943.5
1193490 945.1
1193500 947.2
1193510 947.2
1193520 948.9
1193530 948.9
1193540 948.9
1193550 947.3
1193560 945.5
1193570 945.5
1193580 942.6
1193590 940.5
1193600 940.5
1193610 938.9
1193620 936.4
1193630 936.4
1193640 934.7
1193650 932.9
1193660 932.9
1193670 931.4
1193680 929.2
1193690 929.2
1193700 926.7
1193710 924.6
1193720 924.6
1193730 919.8
1193740 921.4
1193750 921.4
1193760 919.8
1193770 915.5
1193780 915.5
1193790 913.4
1193800 915.7
1193810 915.7
1193820 918.1
1193830 918.8
1193840 918.4
1193850 918.4
1193860 918.2
1193870 918.5
1193880 918.5
1193890 919.6
1193900 921.1
1193910 921.1
1193920 922.4
1193930 923.3
1193940 923.3
1193950 924.8
1193960 926.4
1193970 926.4
1193980 928.9
1193990 931.5
1194000 931.5
1194010 933.9
1194020 936.7
1194030 936.7
1194040 938.9
1194050 940.0
1194060 940.0
1194070 940.9
1194080 942.3
1194090 942.3
1194100 943.6
1194110 944.7
1194120 944.7
1194130 946.0
1194140 946.4
1194150 946.9
1194160 946.9
1194170 947.6
1194180 947.7
1194190 947.7
1194200 947.8
1194210 948.3
1194220 948.3
1194230 948.3
1194240 946.6
1194250 946.6
1194260 943.3
1194270 939.3
1194280 939.3
1194290 936.4
1194300 934.4
1194310 934.4
1194320 931.2
1194330 928.8
1194340 928.8
1194350 928.2
1194360 928.4
1194370 928.4
1194380 928.5
1194390 928.4
1194400 928.4
1194410 928.5
1194420 928.8
1194430 928.8
1194440 929.0
1194450 928.9
1194460 928.9
1194470 928.9
1194480 929.1
1194490 929.5
1194500 929.5
1194510 930.3
1194520 931.7
1194530 931.7
1194540 934.2
1194550 937.4
1194560 937.4
1194570 939.3
1194580 940.6
1194590 940.6
1194600 942.1
1194610 941.9
1194620 941.9
1194630 939.7
1194640 938.8
1194650 938.8
1194660 939.8
1194670 942.4
1194680 942.4
1194690 945.3
1194700 946.7
1194710 946.8
1194720 947.3
1194730 948.1
1194740 948.1
1194750 948.7
1194760 948.7
1194770 948.7
1194780 948.1
1194790 947.1
1194800 947.1
1194810 946.4
1194820 945.9
1194830 945.6
1194840 945.6
1194850 945.4
1194860 945.3
1194870 945.3
1194880 945.2
1194890 945.1
1194900 945.1
1194910 945.2
1194920 946.4
1194930 946.4
1194940 947.8
1194950 947.4
1194960 947.4
1194970 947.8
1194980 949.4
1194990 949.4
1195000 951.4
1195010 953.3
1195020 953.3
1195030 955.1
1195040 956.9
1195050 956.9
1195060 958.6
1195070 961.6
1195080 961.6
1195090 965.2
1195100 967.6
1195110 967.6
1195120 969.5
1195130 971.6
1195140 971.6
1195150 974.6
1195160 976.6
1195170 979.3
1195180 979.3
1195190 981.7
1195200 983.0
1195210 983.0
1195220 983.9
1195230 984.4
1195240 984.4
1195250 984.6
1195260 984.6
1195270 984.6
1195280 986.3
1195290 989.3
1195300 989.3
1195310 992.8
1195320 996.7
1195330 996.7
1195340 1000.5
1195350 1004.5
1195360 1004.5
1195370 1008.3
1195380 1011.7
1195390 1011.7
1195400 1015.2
1195410 1018.8
1195420 1018.8
1195430 1022.3
1195440 1026.1
1195450 1026.1
1195460 1029.7
1195470 1032.9
1195480 1032.9
1195490 1036.3
1195500 1040.3
1195510 1045.1
1195520 1045.1
1195530 1050.9
1195540 1057.5
1195550 1057.5
1195560 1067.4
1195570 1070.3
1195580 1070.3
1195590 1078.9
1195600 1080.4
1195610 1080.4
1195620 1082.0
1195630 1083.2
1195640 1083.2
1195650 1083.3
1195660 1083.0
1195670 1083.0
1195680 1082.9
1195690 1080.6
1195700 1080.6
1195710 1076.6
1195720 1073.0
1195730 1073.0
1195740 1070.6
1195750 1068.9
1195760 1068.9
1195770 1066.9
1195780 1065.2
1195790 1065.2
1195800 1062.2
1195810 1055.6
1195820 1055.6
1195830 1049.3
1195840 1045.0
1195850 1042.8
1195860 1042.8
1195870 1039.5
1195880 1034.1
1195890 1034.1
1195900 1030.0
1195910 1030.0
1195920 1030.0
1195930 1031.4
1195940 1033.0
1195950 1033.0
1195960 1035.0
1195970 1037.0
1195980 1037.0
1195990 1039.0
1196000 1040.9
1196010 1040.9
1196020 1042.7
1196030 1045.4
1196040 1045.4
1196050 1047.6
1196060 1049.8
1196070 1049.8
1196080 1052.2
1196090 1054.4
1196100 1054.4
1196110 1056.6
1196120 1058.5
1196130 1058.5
1196140 1060.7
1196150 1063.3
1196160 1065.9
1196170 1065.9
1196180 1068.8
1196190 1071.8
1196200 1071.8
1196210 1075.0
1196220 1077.8
1196230 1077.8
1196240 1080.3
1196250 1083.3
1196260 1083.3
1196270 1085.9
1196280 1088.6
1196290 1088.6
1196300 1092.8
1196310 1097.3
1196320 1097.3
1196330 1102.3
1196340 1107.3
1196350 1107.3
1196360 1112.5
1196370 1117.9
1196380 1117.9
1196390 1123.7
1196400 1129.7
1196410 1129.7
1196420 1135.5
1196430 1140.7
1196440 1140.7
1196450 1145.8
1196460 1150.3
1196470 1150.3
1196480 1156.3
1196490 1162.2
1196500 1167.9
1196510 1167.9
1196520 1173.5
1196530 1176.9
1196540 1176.9
1196550 1182.7
1196560 1187.3
1196570 1187.3
1196580 1193.2
1196590 1200.6
1196600 1200.6
1196610 1208.5
1196620 1216.8
1196630 1216.8
1196640 1225.5
1196650 1232.1
1196660 1232.1
1196670 1238.3
1196680 1246.0
1196690 1246.0
1196700 1247.9
1196710 1249.0
1196720 1249.0
1196730 1251.9
1196740 1252.8
1196750 1252.8
1196760 1255.0
1196770 1260.3
1196780 1260.3
1196790 1261.1
1196800 1264.5
1196810 1264.5
1196820 1272.6
1196830 1279.1
1196840 1288.6
1196850 1288.6
1196860 1297.7
1196870 1308.3
1196880 1308.3
1196890 1335.2
1196900 1351.0
1196910 1351.0
1196920 1354.4
1196930 1362.5
1196940 1362.5
1196950 1376.1
1196960 1387.3
1196970 1387.3
1196980 1398.7
1196990 1409.1
1197000 1409.1
1197010 1420.0
1197020 1431.0
1197030 1431.0
1197040 1443.9
1197050 1453.1
1197060 1453.1
1197070 1456.2
1197080 1457.9
1197090 1457.9
1197100 1461.0
1197110 1466.7
1197120 1466.7
1197130 1475.4
1197140 1483.4
1197150 1483.4
1197160 1491.4
1197170 1501.0
1197180 1512.1
1197190 1512.1
1197200 1517.5
1197210 1522.9
1197220 1522.9
1197230 1529.6
1197240 1536.1
1197250 1536.1
1197260 1542.5
1197270 1554.1
1197280 1554.1
1197290 1572.8
1197300 1574.3
1197310 1574.3
1197320 1591.1
1197330 1605.3
1197340 1605.3
1197350 1612.1
1197360 1612.3
1197370 1612.3
1197380 1620.0
1197390 1625.8
1197400 1625.8
1197410 1623.4
1197420 1624.0
1197430 1624.0
1197440 1627.3
1197450 1636.6
1197460 1636.6
1197470 1645.1
1197480 1653.8
1197490 1653.8
1197500 1665.9
1197510 1679.5
1197520 1689.8
1197530 1689.8
1197540 1700.6
1197550 1710.0
1197560 1710.0
1197570 1722.6
1197580 1734.3
1197590 1734.3
1197600 1744.8
1197610 1751.8
1197620 1751.8
1197630 1757.1
1197640 1757.7
1197650 1757.7
1197660 1755.5
1197670 1748.2
1197680 1748.2
1197690 1739.5
1197700 1732.3
1197710 1732.3
1197720 1724.4
1197730 1715.4
1197740 1715.4
1197750 1712.1
1197760 1711.2
1197770 1711.2
1197780 1702.8
1197790 1692.4
1197800 1692.4
1197810 1693.1
1197820 1690.2
1197830 1690.2
1197840 1687.5
1197850 1685.1
1197860 1683.0
1197870 1683.0
1197880 1679.4
1197890 1676.8
1197900 1676.8
1197910 1675.0
1197920 1672.8
1197930 1672.8
1197940 1669.1
1197950 1668.6
1197960 1668.6
1197970 1669.4
1197980 1670.6
1197990 1670.6
1198000 1674.8
1198010 1673.2
1198020 1673.2
1198030 1671.7
1198040 1673.9
1198050 1673.9
1198060 1676.5
1198070 1681.7
1198080 1681.7
1198090 1682.5
1198100 1679.5
1198110 1679.5
1198120 1674.2
1198130 1678.5
1198140 1678.5
1198150 1683.9
1198160 1692.2
1198170 1692.2
1198180 1689.4
1198190 1685.5
1198200 1680.6
1198210 1680.6
1198220 1676.2
1198230 1672.5
1198240 1672.5
1198250 1667.4
1198260 1668.2
1198270 1668.2
1198280 1664.1
1198290 1659.0
1198300 1659.0
1198310 1652.8
1198320 1648.6
1198330 1648.6
1198340 1644.9
1198350 1641.7
1198360 1641.7
1198370 1638.2
1198380 1634.8
1198390 1634.8
1198400 1629.9
1198410 1628.9
1198420 1628.9
1198430 1628.7
1198440 1625.9
1198450 1625.9
1198460 1621.4
1198470 1622.0
1198480 1622.0
1198490 1622.7
1198500 1623.2
1198510 1626.1
1198520 1626.1
1198530 1630.3
1198540 1630.5
1198550 1630.5
1198560 1633.8
1198570 1636.1
1198580 1636.1
1198590 1636.7
1198600 1638.1
1198610 1638.1
1198620 1643.2
1198630 1643.9
1198640 1643.9
1198650 1645.3
1198660 1645.8
1198670 1645.8
1198680 1643.4
1198690 1641.8
1198700 1650.5
1198710 1645.2
1198720 1638.7
1198730 1638.7
1198740 1633.6
1198750 1629.1
1198760 1629.1
1198770 1625.4
1198780 1621.7
1198790 1621.7
1198800 1617.3
1198810 1612.6
1198820 1612.6
1198830 1608.8
1198840 1606.8
1198850 1604.5
1198860 1604.5
1198870 1603.4
1198880 1604.7
1198890 1604.7
1198900 1604.8
1198910 1604.4
1198920 1604.4
1198930 1605.5
1198940 1607.8
1198950 1607.8
1198960 1613.5
1198970 1617.5
1198980 1617.5
1198990 1615.7
1199000 1611.8
1199010 1611.8
1199020 1608.7
1199030 1606.4
1199040 1606.4
1199050 1604.3
1199060 1603.0
1199070 1603.0
1199080 1601.9
1199090 1597.7
1199100 1597.7
1199110 1594.8
1199120 1594.3
1199130 1594.3
1199140 1594.4
1199150 1602.8
1199160 1602.8
1199170 1602.8
1199180 1602.2
1199190 1600.8
1199200 1600.8
1199210 1598.4
1199220 1594.8
1199230 1594.8
1199240 1589.4
1199250 1583.3
1199260 1583.3
1199270 1576.7
1199280 1570.5
1199290 1570.5
1199300 1563.5
1199310 1555.3
1199320 1555.3
1199330 1545.7
1199340 1537.7
1199350 1537.7
1199360 1531.0
1199370 1524.6
1199380 1524.6
1199390 1519.6
1199400 1517.8
1199410 1517.8
1199420 1517.1
1199430 1514.3
1199440 1514.3
1199450 1510.4
1199460 1507.3
1199470 1507.3
1199480 1504.9
1199490 1500.4
1199500 1500.4
1199510 1486.8
1199520 1472.4
1199530 1466.7
1199540 1466.7
1199550 1463.5
1199560 1456.8
1199570 1456.8
1199580 1445.2
1199590 1439.1
1199600 1450.0
1199610 1449.3
1199620 1445.4
1199630 1445.4
1199640 1437.8
1199650 1434.2
1199660 1434.2
1199670 1434.9
1199680 1428.8
1199690 1428.8
1199700 1417.1
1199710 1405.3
1199720 1405.3
1199730 1400.5
1199740 1397.4
1199750 1397.4
1199760 1393.1
1199770 1393.5
1199780 1393.5
1199790 1394.0
1199800 1389.5
1199810 1389.5
1199820 1387.0
1199830 1385.4
1199840 1385.4
1199850 1384.9
1199860 1385.4
1199870 1374.4
1199880 1374.4
1199890 1365.3
1199900 1368.0
1199910 1368.0
1199920 1369.0
1199930 1362.7
1199940 1362.7
1199950 1349.5
1199960 1344.0
1199970 1344.0
1199980 1341.9
1199990 1342.8
