1180000 1374.2
1180010 1366.6
1180020 1369.2
1180030 1369.2
1180040 1375.9
1180050 1382.1
1180060 1382.1
1180070 1386.1
1180080 1388.4
1180090 1388.4
1180100 1390.0
1180110 1391.0
1180120 1391.0
1180130 1391.2
1180140 1391.7
1180150 1391.7
1180160 1391.5
1180170 1391.6
1180180 1391.6
1180190 1392.1
1180200 1392.3
1180210 1392.3
1180220 1392.3
1180230 1387.4
1180240 1387.4
1180250 1387.2
1180260 1387.3
1180270 1387.3
1180280 1387.3
1180290 1387.1
1180300 1387.1
1180310 1386.0
1180320 1384.1
1180330 1384.1
1180340 1382.1
1180350 1381.3
1180360 1380.0
1180370 1380.0
1180380 1378.0
1180390 1376.6
1180400 1376.6
1180410 1375.2
1180420 1373.6
1180430 1373.6
1180440 1372.6
1180450 1371.9
1180460 1371.9
1180470 1371.9
1180480 1370.9
1180490 1370.9
1180500 1368.7
1180510 1366.9
1180520 1366.9
1180530 1366.2
1180540 1364.9
1180550 1364.9
1180560 1363.4
1180570 1362.3
1180580 1362.3
1180590 1361.7
1180600 1359.1
1180610 1359.1
1180620 1355.2
1180630 1351.3
1180640 1351.3
1180650 1343.7
1180660 1341.9
1180670 1341.9
1180680 1340.3
1180690 1338.4
1180700 1334.6
1180710 1334.6
1180720 1329.5
1180730 1327.2
1180740 1327.2
1180750 1326.0
1180760 1323.6
1180770 1323.6
1180780 1320.3
1180790 1317.4
1180800 1317.4
1180810 1313.7
1180820 1310.5
1180830 1310.5
1180840 1307.8
1180850 1306.2
1180860 1306.2
1180870 1305.6
1180880 1304.8
1180890 1304.8
1180900 1303.8
1180910 1304.2
1180920 1304.2
1180930 1303.1
1180940 1301.5
1180950 1301.5
1180960 1299.9
1180970 1296.9
1180980 1296.9
1180990 1292.5
1181000 1288.9
1181010 1285.6
1181020 1285.6
1181030 1282.9
1181040 1281.4
1181050 1281.4
1181060 1278.6
1181070 1275.4
1181080 1275.4
1181090 1274.1
1181100 1273.1
1181110 1273.1
1181120 1272.3
1181130 1270.7
1181140 1270.7
1181150 1266.4
1181160 1264.9
1181170 1264.9
1181180 1262.8
1181190 1260.5
1181200 1260.5
1181210 1259.1
1181220 1258.8
1181230 1258.8
1181240 1255.5
1181250 1251.0
1181260 1251.0
1181270 1245.9
1181280 1242.1
1181290 1242.1
1181300 1238.4
1181310 1237.8
1181320 1237.8
1181330 1237.3
1181340 1236.2
1181350 1234.6
1181360 1234.6
1181370 1233.6
1181380 1232.5
1181390 1232.5
1181400 1230.2
1181410 1226.9
1181420 1226.9
1181430 1223.9
1181440 1220.5
1181450 1220.5
1181460 1216.9
1181470 1214.2
1181480 1214.2
1181490 1212.7
1181500 1204.6
1181510 1204.6
1181520 1201.9
1181530 1198.9
1181540 1198.9
1181550 1195.4
1181560 1192.0
1181570 1192.0
1181580 1188.9
1181590 1185.5
1181600 1185.5
1181610 1181.5
1181620 1176.9
1181630 1176.9
1181640 1173.4
1181650 1171.9
1181660 1171.9
1181670 1171.4
1181680 1171.3
1181690 1171.5
1181700 1171.5
1181710 1171.7
1181720 1171.7
1181730 1171.7
1181740 1171.1
1181750 1169.7
1181760 1169.7
1181770 1166.9
1181780 1162.9
1181790 1162.9
1181800 1158.0
1181810 1149.9
1181820 1149.9
1181830 1140.9
1181840 1133.4
1181850 1133.4
1181860 1128.1
1181870 1123.8
1181880 1123.8
1181890 1121.3
1181900 1120.3
1181910 1120.3
1181920 1117.4
1181930 1115.3
1181940 1115.3
1181950 1111.5
1181960 1107.3
1181970 1107.3
1181980 1104.0
1181990 1099.4
1182000 1099.4
1182010 1094.6
1182020 1089.2
1182030 1083.5
1182040 1083.5
1182050 1079.1
1182060 1078.2
1182070 1078.2
1182080 1078.5
1182090 1078.9
1182100 1078.9
1182110 1078.6
1182120 1077.8
1182130 1077.8
1182140 1078.3
1182150 1078.3
1182160 1078.3
1182170 1078.3
1182180 1080.3
1182190 1080.3
1182200 1085.5
1182210 1091.8
1182220 1091.8
1182230 1098.8
1182240 1106.2
1182250 1106.2
1182260 1112.3
1182270 1113.6
1182280 1113.6
1182290 1113.7
1182300 1114.2
1182310 1114.2
1182320 1116.4
1182330 1120.1
1182340 1124.1
1182350 1127.1
1182360 1131.0
1182370 1135.5
1182380 1135.5
1182390 1140.4
1182400 1143.4
1182410 1143.4
1182420 1144.8
1182430 1145.7
1182440 1145.7
1182450 1146.4
1182460 1147.6
1182470 1147.6
1182480 1149.5
1182490 1151.7
1182500 1151.7
1182510 1154.5
1182520 1157.5
1182530 1157.5
1182540 1160.0
1182550 1164.7
1182560 1164.7
1182570 1170.4
1182580 1174.4
1182590 1174.4
1182600 1177.7
1182610 1180.7
1182620 1180.7
1182630 1183.8
1182640 1187.4
1182650 1187.4
1182660 1190.4
1182670 1193.7
1182680 1193.7
1182690 1196.9
1182700 1200.6
1182710 1205.1
1182720 1205.1
1182730 1209.8
1182740 1215.1
1182750 1215.1
1182760 1221.1
1182770 1226.3
1182780 1226.3
1182790 1229.6
1182800 1232.6
1182810 1232.6
1182820 1236.2
1182830 1240.3
1182840 1240.3
1182850 1244.2
1182860 1248.3
1182870 1248.3
1182880 1252.9
1182890 1257.9
1182900 1257.9
1182910 1263.5
1182920 1269.4
1182930 1269.4
1182940 1274.6
1182950 1279.8
1182960 1279.8
1182970 1285.4
1182980 1291.3
1182990 1291.3
1183000 1297.6
1183010 1303.2
1183020 1303.2
1183030 1309.4
1183040 1315.6
1183050 1321.8
1183060 1321.8
1183070 1328.1
1183080 1334.7
1183090 1334.7
1183100 1341.5
1183110 1348.4
1183120 1348.4
1183130 1355.6
1183140 1363.5
1183150 1363.5
1183160 1371.4
1183170 1379.4
1183180 1379.4
1183190 1388.0
1183200 1396.6
1183210 1396.6
1183220 1405.8
1183230 1415.5
1183240 1415.5
1183250 1425.0
1183260 1433.7
1183270 1433.7
1183280 1441.9
1183290 1449.9
1183300 1449.9
1183310 1458.3
1183320 1466.4
1183330 1466.4
1183340 1474.7
1183350 1483.3
1183360 1492.0
1183370 1492.0
1183380 1501.1
1183390 1510.7
1183400 1510.7
1183410 1521.7
1183420 1539.9
1183430 1539.9
1183440 1570.3
1183450 1580.6
1183460 1580.6
1183470 1590.5
1183480 1597.7
1183490 1597.7
1183500 1606.5
1183510 1613.3
1183520 1613.3
1183530 1618.6
1183540 1624.2
1183550 1624.2
1183560 1629.6
1183570 1635.3
1183580 1635.3
1183590 1641.8
1183600 1648.4
1183610 1644.5
1183620 1651.9
1183630 1659.4
1183640 1659.4
1183650 1666.5
1183660 1671.4
1183670 1671.4
1183680 1673.4
1183690 1676.7
1183700 1681.2
1183710 1681.2
1183720 1686.2
1183730 1691.9
1183740 1691.9
1183750 1698.6
1183760 1704.8
1183770 1704.8
1183780 1710.9
1183790 1716.8
1183800 1716.8
1183810 1723.0
1183820 1729.5
1183830 1729.5
1183840 1735.5
1183850 1741.0
1183860 1741.0
1183870 1746.3
1183880 1750.9
1183890 1750.9
1183900 1754.1
1183910 1756.5
1183920 1756.5
1183930 1757.5
1183940 1758.3
1183950 1758.3
1183960 1756.0
1183970 1752.4
1183980 1752.4
1183990 1751.2
1184000 1753.2
1184010 1753.2
1184020 1756.4
1184030 1756.8
1184040 1768.6
1184050 1768.6
1184060 1773.0
1184070 1778.5
1184080 1778.5
1184090 1784.8
1184100 1789.6
1184110 1789.6
1184120 1795.3
1184130 1801.9
1184140 1801.9
1184150 1808.2
1184160 1812.9
1184170 1812.9
1184180 1815.6
1184190 1819.1
1184200 1819.1
1184210 1823.0
1184220 1825.4
1184230 1825.4
1184240 1827.1
1184250 1829.2
1184260 1829.2
1184270 1831.2
1184280 1835.2
1184290 1835.2
1184300 1837.3
1184310 1840.4
1184320 1840.4
1184330 1844.2
1184340 1848.2
1184350 1848.2
1184360 1852.7
1184370 1858.2
1184380 1864.4
1184390 1864.4
1184400 1870.8
1184410 1879.7
1184420 1879.7
1184430 1888.8
1184440 1898.2
1184450 1898.2
1184460 1913.0
1184470 1902.6
1184480 1902.6
1184490 1892.6
1184500 1885.9
1184510 1885.9
1184520 1880.2
1184530 1874.9
1184540 1874.9
1184550 1870.0
1184560 1865.0
1184570 1865.0
1184580 1859.6
1184590 1853.6
1184600 1853.6
1184610 1847.5
1184620 1841.2
1184630 1841.2
1184640 1834.8
1184650 1829.2
1184660 1829.2
1184670 1823.6
1184680 1818.2
1184690 1818.2
1184700 1813.1
1184710 1808.5
1184720 1804.0
1184730 1804.0
1184740 1800.2
1184750 1796.5
1184760 1796.5
1184770 1792.4
1184780 1787.8
1184790 1787.8
1184800 1782.9
1184810 1779.1
1184820 1779.1
1184830 1776.3
1184840 1772.8
1184850 1772.8
1184860 1768.6
1184870 1763.2
1184880 1763.2
1184890 1757.9
1184900 1752.1
1184910 1752.1
1184920 1746.7
1184930 1741.1
1184940 1741.1
1184950 1736.4
1184960 1732.1
1184970 1732.1
1184980 1728.9
1184990 1725.7
1185000 1725.7
1185010 1721.7
1185020 1718.0
1185030 1714.5
1185040 1714.5
1185050 1710.7
1185060 1707.3
1185070 1707.3
1185080 1704.7
1185090 1702.8
1185100 1702.8
1185110 1700.9
1185120 1698.3
1185130 1698.3
1185140 1695.0
1185150 1692.1
1185160 1692.1
1185170 1691.5
1185180 1689.6
1185190 1689.6
1185200 1686.3
1185210 1681.9
1185220 1681.9
1185230 1677.5
1185240 1673.2
1185250 1673.2
1185260 1670.0
1185270 1668.6
1185280 1668.6
1185290 1667.4
1185300 1668.5
1185310 1664.7
1185320 1665.2
1185330 1664.3
1185340 1664.3
1185350 1663.1
1185360 1661.0
1185370 1658.5
1185380 1658.5
1185390 1656.0
1185400 1651.3
1185410 1651.3
1185420 1644.3
1185430 1636.9
1185440 1636.9
1185450 1629.1
1185460 1621.3
1185470 1621.3
1185480 1614.1
1185490 1606.8
1185500 1606.8
1185510 1599.5
1185520 1592.3
1185530 1592.3
1185540 1585.2
1185550 1578.5
1185560 1578.5
1185570 1572.9
1185580 1570.0
1185590 1570.0
1185600 1567.0
1185610 1563.7
1185620 1563.7
1185630 1560.1
1185640 1556.6
1185650 1556.6
1185660 1553.4
1185670 1551.1
1185680 1551.1
1185690 1548.9
1185700 1546.2
1185710 1543.1
1185720 1543.1
1185730 1539.7
1185740 1542.3
1185750 1542.3
1185760 1540.1
1185770 1537.6
1185780 1537.6
1185790 1534.3
1185800 1530.5
1185810 1530.5
1185820 1527.3
1185830 1523.9
1185840 1523.9
1185850 1520.2
1185860 1515.6
1185870 1515.6
1185880 1511.3
1185890 1507.9
1185900 1507.9
1185910 1504.2
1185920 1500.3
1185930 1500.3
1185940 1495.4
1185950 1489.8
1185960 1489.8
1185970 1484.5
1185980 1479.4
1185990 1479.4
1186000 1473.0
1186010 1465.9
1186020 1465.9
1186030 1457.5
1186040 1448.7
1186050 1440.0
1186060 1440.0
1186070 1430.6
1186080 1421.4
1186090 1421.4
1186100 1413.0
1186110 1401.4
1186120 1401.4
1186130 1392.0
1186140 1385.4
1186150 1385.4
1186160 1379.2
1186170 1375.5
1186180 1375.5
1186190 1370.7
1186200 1367.1
1186210 1367.1
1186220 1364.0
1186230 1361.4
1186240 1361.4
1186250 1358.8
1186260 1356.0
1186270 1356.0
1186280 1353.1
1186290 1349.5
1186300 1349.5
1186310 1345.3
1186320 1339.5
1186330 1339.5
1186340 1333.2
1186350 1326.1
1186360 1326.1
1186370 1320.0
1186380 1313.7
1186390 1308.3
1186400 1308.3
1186410 1303.1
1186420 1297.5
1186430 1297.5
1186440 1292.8
1186450 1288.4
1186460 1288.4
1186470 1282.7
1186480 1276.1
1186490 1276.1
1186500 1267.5
1186510 1260.2
1186520 1260.2
1186530 1254.3
1186540 1249.2
1186550 1249.2
1186560 1244.9
1186570 1240.5
1186580 1240.5
1186590 1236.8
1186600 1229.2
1186610 1229.2
1186620 1224.4
1186630 1220.0
1186640 1220.0
1186650 1216.6
1186660 1214.9
1186670 1214.9
1186680 1213.8
1186690 1211.0
1186700 1211.0
1186710 1206.7
1186720 1202.5
1186730 1199.0
1186740 1199.0
1186750 1195.0
1186760 1192.1
1186770 1192.1
1186780 1190.6
1186790 1194.5
1186800 1194.5
1186810 1205.8
1186820 1209.2
1186830 1209.2
1186840 1210.3
1186850 1212.1
1186860 1212.1
1186870 1213.8
1186880 1206.2
1186890 1206.2
1186900 1199.4
1186910 1199.1
1186920 1199.1
1186930 1199.0
1186940 1196.9
1186950 1196.9
1186960 1193.6
1186970 1191.6
1186980 1191.6
1186990 1189.1
1187000 1184.8
1187010 1184.8
1187020 1175.8
1187030 1150.8
1187040 1150.8
1187050 1146.9
1187060 1148.9
1187070 1146.5
1187080 1146.5
1187090 1139.8
1187100 1133.2
1187110 1133.2
1187120 1127.4
1187130 1120.3
1187140 1120.3
1187150 1111.3
1187160 1103.7
1187170 1103.7
1187180 1098.5
1187190 1093.3
1187200 1093.3
1187210 1087.7
1187220 1082.4
1187230 1082.4
1187240 1077.0
1187250 1072.4
1187260 1072.4
1187270 1068.6
1187280 1065.4
1187290 1065.4
1187300 1062.6
1187310 1060.1
1187320 1060.1
1187330 1058.5
1187340 1056.0
1187350 1056.0
1187360 1052.0
1187370 1050.0
1187380 1049.7
1187390 1049.7
1187400 1051.5
1187410 1052.8
1187420 1052.8
1187430 1052.1
1187440 1049.1
1187450 1049.1
1187460 1040.3
1187470 1035.9
1187480 1035.9
1187490 1031.8
1187500 1027.8
1187510 1027.8
1187520 1023.7
1187530 1019.8
1187540 1019.8
1187550 1016.6
1187560 1013.3
1187570 1013.3
1187580 1010.4
1187590 1008.5
1187600 1008.5
1187610 1009.6
1187620 1011.8
1187630 1011.8
1187640 1015.6
1187650 1017.6
1187660 1017.6
1187670 1018.1
1187680 1018.1
1187690 1018.1
1187700 1016.7
1187710 1014.3
1187720 1011.4
1187730 1011.4
1187740 1007.0
1187750 1002.3
1187760 1002.3
1187770 998.5
1187780 996.0
1187790 996.0
1187800 993.6
1187810 989.9
1187820 989.9
1187830 985.8
1187840 981.7
1187850 981.7
1187860 978.2
1187870 975.0
1187880 975.0
1187890 968.0
1187900 965.1
1187910 965.1
1187920 961.6
1187930 958.0
1187940 958.0
1187950 954.2
1187960 950.5
1187970 950.5
1187980 947.6
1187990 945.4
1188000 945.4
1188010 943.4
1188020 941.1
1188030 941.1
1188040 938.8
1188050 937.1
1188060 935.3
1188070 935.3
1188080 932.7
1188090 929.0
1188100 929.0
1188110 924.6
1188120 920.2
1188130 920.2
1188140 918.8
1188150 917.3
1188160 917.3
1188170 914.8
1188180 913.8
1188190 913.8
1188200 910.2
1188210 906.2
1188220 906.2
1188230 904.8
1188240 905.4
1188250 905.4
1188260 908.4
1188270 903.9
1188280 903.9
1188290 899.5
1188300 897.0
1188310 897.0
1188320 893.6
1188330 891.6
1188340 891.6
1188350 889.9
1188360 889.0
1188370 889.0
1188380 887.7
1188390 886.5
1188400 885.0
1188410 885.0
1188420 883.1
1188430 881.1
1188440 881.1
1188450 879.5
1188460 878.6
1188470 878.6
1188480 877.8
1188490 877.1
1188500 877.1
1188510 876.4
1188520 875.7
1188530 875.7
1188540 875.0
1188550 874.3
1188560 874.3
1188570 873.6
1188580 873.0
1188590 873.0
1188600 872.4
1188610 871.9
1188620 871.9
1188630 871.4
1188640 871.0
1188650 871.0
1188660 870.3
1188670 868.8
1188680 868.8
1188690 867.2
1188700 866.2
1188710 866.2
1188720 865.0
1188730 863.9
1188740 863.0
1188750 862.8
1188760 861.7
1188770 861.1
1188780 861.1
1188790 860.7
1188800 860.3
1188810 860.3
1188820 860.1
1188830 860.0
1188840 860.0
1188850 860.0
1188860 860.0
1188870 860.0
1188880 860.4
1188890 860.0
1188900 860.0
1188910 859.6
1188920 859.5
1188930 859.5
1188940 859.4
1188950 859.3
1188960 859.3
1188970 859.0
1188980 858.9
1188990 858.9
1189000 858.9
1189010 859.0
1189020 859.0
1189030 859.2
1189040 859.5
1189050 859.5
1189060 859.4
1189070 859.3
1189080 859.1
1189090 859.1
1189100 859.2
1189110 859.5
1189120 859.5
1189130 859.6
1189140 859.7
1189150 859.7
1189160 859.8
1189170 859.8
1189180 859.6
1189190 859.5
1189200 858.5
1189210 858.5
1189220 858.1
1189230 859.5
1189240 859.5
1189250 860.7
1189260 860.3
1189270 860.3
1189280 859.4
1189290 859.3
1189300 859.3
1189310 859.3
1189320 859.4
1189330 859.4
1189340 859.3
1189350 859.2
1189360 859.2
1189370 858.5
1189380 858.4
1189390 859.0
1189400 859.0
1189410 859.1
1189420 859.1
1189430 859.1
1189440 858.8
1189450 858.5
1189460 858.5
1189470 858.3
1189480 858.2
1189490 858.2
1189500 858.2
1189510 858.1
1189520 858.1
1189530 858.0
1189540 858.2
1189550 858.2
1189560 858.7
1189570 858.4
1189580 858.4
1189590 857.0
1189600 856.4
1189610 856.6
1189620 856.7
1189630 856.6
1189640 856.6
1189650 856.6
1189660 856.6
1189670 856.6
1189680 857.1
1189690 858.5
1189700 858.5
1189710 858.8
1189720 858.3
1189730 858.1
1189740 858.1
1189750 858.2
1189760 858.2
1189770 858.2
1189780 858.2
1189790 858.2
1189800 858.2
1189810 858.2
1189820 858.2
1189830 858.2
1189840 857.9
1189850 857.7
1189860 857.7
1189870 857.6
1189880 857.7
1189890 857.7
1189900 857.0
1189910 857.1
1189920 857.1
1189930 857.4
1189940 857.9
1189950 857.9
1189960 858.1
1189970 858.0
1189980 858.0
1189990 858.1
1190000 858.2
1190010 858.2
1190020 858.4
1190030 858.5
1190040 858.5
1190050 858.3
1190060 858.2
1190070 858.0
1190080 858.0
1190090 858.1
1190100 858.2
1190110 858.2
1190120 858.3
1190130 858.3
1190140 858.3
1190150 858.2
1190160 858.0
1190170 858.0
1190180 857.9
1190190 858.1
1190200 858.1
1190210 858.2
1190220 858.2
1190230 858.2
1190240 858.2
1190250 858.5
1190260 858.5
1190270 858.7
1190280 857.8
1190290 857.8
1190300 858.0
1190310 861.0
1190320 861.0
1190330 862.4
1190340 860.8
1190350 860.8
1190360 860.3
1190370 860.8
1190380 860.8
1190390 861.8
1190400 862.7
1190410 863.5
1190420 863.5
1190430 864.1
1190440 864.8
1190450 864.8
1190460 864.7
1190470 864.7
1190480 864.9
1190490 864.8
1190500 864.7
1190510 864.7
1190520 864.6
1190530 864.5
1190540 864.5
1190550 864.4
1190560 864.3
1190570 864.3
1190580 864.0
1190590 863.9
1190600 863.9
1190610 863.9
1190620 863.8
1190630 863.8
1190640 863.5
1190650 863.9
1190660 863.9
1190670 864.8
1190680 865.1
1190690 865.1
1190700 865.1
1190710 865.1
1190720 865.1
1190730 865.1
1190740 865.0
1190750 864.8
1190760 864.8
1190770 864.6
1190780 864.2
1190790 864.2
1190800 863.7
1190810 864.5
1190820 864.5
1190830 865.6
1190840 865.9
1190850 865.9
1190860 865.9
1190870 865.9
1190880 865.9
1190890 865.7
1190900 865.7
1190910 865.7
1190920 865.5
1190930 865.4
1190940 865.4
1190950 865.3
1190960 865.1
1190970 865.1
1190980 865.0
1190990 865.0
1191000 865.0
1191010 865.1
1191020 865.5
1191030 865.5
1191040 866.5
1191050 867.3
1191060 867.3
1191070 867.5
1191080 867.8
1191090 867.7
1191100 867.7
1191110 867.5
1191120 867.1
1191130 867.1
1191140 866.4
1191150 865.5
1191160 865.5
1191170 866.4
1191180 867.9
1191190 867.9
1191200 867.9
1191210 868.8
1191220 868.8
1191230 870.5
1191240 873.5
1191250 873.5
1191260 876.4
1191270 878.7
1191280 878.7
1191290 881.6
1191300 884.4
1191310 884.4
1191320 885.9
1191330 887.5
1191340 887.5
1191350 898.3
1191360 900.4
1191370 900.4
1191380 903.2
1191390 906.3
1191400 908.1
1191410 908.1
1191420 909.8
1191430 912.0
1191440 912.0
1191450 913.5
1191460 914.0
1191470 914.0
1191480 914.8
1191490 915.5
1191500 915.5
1191510 916.9
1191520 918.4
1191530 918.4
1191540 918.6
1191550 919.1
1191560 919.1
1191570 921.9
1191580 924.1
1191590 924.1
1191600 925.3
1191610 927.6
1191620 927.6
1191630 932.1
1191640 937.9
1191650 937.9
1191660 939.1
1191670 939.0
1191680 939.0
1191690 939.9
1191700 941.3
1191710 941.3
1191720 942.0
1191730 942.0
1191740 942.7
1191750 942.7
1191760 940.0
1191770 935.5
1191780 935.5
1191790 938.2
1191800 935.8
1191810 935.8
1191820 933.9
1191830 932.2
1191840 932.2
1191850 931.2
1191860 931.1
1191870 931.1
1191880 932.2
1191890 932.0
1191900 932.0
1191910 933.2
1191920 933.0
1191930 933.0
1191940 930.9
1191950 928.6
1191960 928.6
1191970 928.9
1191980 929.9
1191990 929.9
1192000 931.8
1192010 933.6
1192020 933.6
1192030 935.6
1192040 938.0
1192050 938.0
1192060 939.5
1192070 941.0
1192080 942.3
1192090 942.3
1192100 943.5
1192110 944.9
1192120 944.9
1192130 947.4
1192140 949.7
1192150 949.7
1192160 951.5
1192170 954.0
1192180 954.0
1192190 957.3
1192200 961.3
1192210 961.3
1192220 965.0
1192230 973.8
1192240 973.8
1192250 977.7
1192260 981.7
1192270 981.7
1192280 985.9
1192290 989.7
1192300 989.7
1192310 992.6
1192320 995.5
1192330 995.5
1192340 998.5
1192350 1001.0
1192360 1001.0
1192370 1003.3
1192380 1005.4
1192390 1005.4
1192400 1006.8
1192410 1006.6
1192420 1007.3
1192430 1007.3
1192440 1008.8
1192450 1010.2
1192460 1010.2
1192470 1011.6
1192480 1012.8
1192490 1012.8
1192500 1013.2
1192510 1013.0
1192520 1013.0
1192530 1011.7
1192540 1007.0
1192550 1007.0
1192560 1003.4
1192570 1001.7
1192580 1001.7
1192590 1000.3
1192600 1000.5
1192610 1000.5
1192620 1002.5
1192630 1004.3
1192640 1004.3
1192650 1004.2
1192660 1007.9
1192670 1007.9
1192680 1005.4
1192690 1003.7
1192700 1003.7
1192710 1000.1
1192720 995.4
1192730 995.4
1192740 994.5
1192750 993.4
1192760 990.7
1192770 990.7
1192780 990.3
1192790 990.8
1192800 990.8
1192810 990.8
1192820 991.8
1192830 991.8
1192840 992.8
1192850 992.2
1192860 992.2
1192870 991.4
1192880 990.0
1192890 990.0
1192900 990.0
1192910 990.9
1192920 990.9
1192930 990.5
1192940 989.3
1192950 989.3
1192960 989.1
1192970 988.3
1192980 988.3
1192990 988.0
1193000 989.0
1193010 989.0
1193020 991.1
1193030 992.7
1193040 992.7
1193050 994.1
1193060 997.5
1193070 997.5
1193080 1001.6
1193090 1005.9
1193100 1016.2
1193110 1016.2
1193120 1019.7
1193130 1023.9
1193140 1023.9
1193150 1027.0
1193160 1028.7
1193170 1028.7
1193180 1029.5
1193190 1030.0
1193200 1030.0
1193210 1031.4
1193220 1032.6
1193230 1032.6
1193240 1033.0
1193250 1032.5
1193260 1032.5
1193270 1030.5
1193280 1027.4
1193290 1027.4
1193300 1024.6
1193310 1022.2
1193320 1022.2
1193330 1019.2
1193340 1016.0
1193350 1016.0
1193360 1014.0
1193370 1012.4
1193380 1012.4
1193390 1009.0
1193400 1004.5
1193410 999.8
1193420 999.8
1193430 994.7
1193440 989.2
1193450 989.2
1193460 983.8
1193470 978.3
1193480 978.3
1193490 972.4
1193500 966.7
1193510 966.7
1193520 961.3
1193530 956.9
1193540 956.9
1193550 952.6
1193560 946.1
1193570 946.1
1193580 938.4
1193590 935.2
1193600 935.2
1193610 932.0
1193620 928.9
1193630 928.9
1193640 926.4
1193650 925.0
1193660 925.0
1193670 926.1
1193680 929.9
1193690 929.9
1193700 934.9
1193710 940.6
1193720 940.6
1193730 943.7
1193740 945.5
1193750 953.1
1193760 953.1
1193770 959.8
1193780 964.1
1193790 964.1
1193800 966.4
1193810 966.7
1193820 966.7
1193830 967.2
1193840 968.5
1193850 968.5
1193860 968.4
1193870 967.9
1193880 967.9
1193890 969.0
1193900 969.6
1193910 969.6
1193920 969.9
1193930 970.6
1193940 970.6
1193950 971.3
1193960 971.9
1193970 971.9
1193980 975.0
1193990 974.8
1194000 974.8
1194010 974.5
1194020 974.3
1194030 974.3
1194040 974.3
1194050 974.6
1194060 974.6
1194070 974.8
1194080 974.1
1194090 973.0
1194100 973.0
1194110 971.7
1194120 969.7
1194130 969.7
1194140 968.2
1194150 967.4
1194160 967.4
1194170 966.7
1194180 966.0
1194190 966.0
1194200 965.1
1194210 963.8
1194220 963.8
1194230 962.4
1194240 961.1
1194250 961.1
1194260 959.1
1194270 955.6
1194280 955.6
1194290 953.1
1194300 953.6
1194310 953.6
1194320 957.7
1194330 959.2
1194340 959.2
1194350 960.0
1194360 961.7
1194370 961.7
1194380 963.8
1194390 964.4
1194400 964.4
1194410 965.3
1194420 971.2
1194430 973.8
1194440 973.8
1194450 976.1
1194460 977.7
1194470 977.7
1194480 979.5
1194490 982.0
1194500 982.0
1194510 983.7
1194520 985.8
1194530 985.8
1194540 988.0
1194550 989.4
1194560 989.4
1194570 991.0
1194580 993.0
1194590 993.0
1194600 994.2
1194610 994.1
1194620 994.1
1194630 995.5
1194640 996.3
1194650 996.3
1194660 997.1
1194670 997.7
1194680 997.7
1194690 999.1
1194700 1000.5
1194710 1000.5
1194720 1000.8
1194730 1000.4
1194740 1000.4
1194750 1001.6
1194760 1003.5
1194770 1005.8
1194780 1005.8
1194790 1008.1
1194800 1009.7
1194810 1009.7
1194820 1009.1
1194830 1008.0
1194840 1008.0
1194850 1011.2
1194860 1020.7
1194870 1020.7
1194880 1024.2
1194890 1029.8
1194900 1029.8
1194910 1035.5
1194920 1040.7
1194930 1040.7
1194940 1046.1
1194950 1054.1
1194960 1054.1
1194970 1064.2
1194980 1071.9
1194990 1071.9
1195000 1076.3
1195010 1080.6
1195020 1080.6
1195030 1088.3
1195040 1092.9
1195050 1092.9
1195060 1094.8
1195070 1096.8
1195080 1097.6
1195090 1097.6
1195100 1097.8
1195110 1098.3
1195120 1098.3
1195130 1100.0
1195140 1100.4
1195150 1100.4
1195160 1099.5
1195170 1096.4
1195180 1096.4
1195190 1091.8
1195200 1087.8
1195210 1087.8
1195220 1084.1
1195230 1080.8
1195240 1080.8
1195250 1077.5
1195260 1073.5
1195270 1073.5
1195280 1070.1
1195290 1066.8
1195300 1063.2
1195310 1060.0
1195320 1056.6
1195330 1056.6
1195340 1054.0
1195350 1052.5
1195360 1052.5
1195370 1050.5
1195380 1048.5
1195390 1048.5
1195400 1047.6
1195410 1046.9
1195420 1045.8
1195430 1045.8
1195440 1045.6
1195450 1046.6
1195460 1046.6
1195470 1048.3
1195480 1049.7
1195490 1049.7
1195500 1050.8
1195510 1051.4
1195520 1051.4
1195530 1051.7
1195540 1052.0
1195550 1052.0
1195560 1051.7
1195570 1050.5
1195580 1050.5
1195590 1049.2
1195600 1048.7
1195610 1048.7
1195620 1049.2
1195630 1050.1
1195640 1050.1
1195650 1049.8
1195660 1048.2
1195670 1048.2
1195680 1045.5
1195690 1042.2
1195700 1042.2
1195710 1040.0
1195720 1038.6
1195730 1038.6
1195740 1034.9
1195750 1034.7
1195760 1035.1
1195770 1035.1
1195780 1035.1
1195790 1034.2
1195800 1034.2
1195810 1032.9
1195820 1031.6
1195830 1031.6
1195840 1030.6
1195850 1030.0
1195860 1030.0
1195870 1029.9
1195880 1029.9
1195890 1029.9
1195900 1030.1
1195910 1030.4
1195920 1030.4
1195930 1030.9
1195940 1031.8
1195950 1031.8
1195960 1033.4
1195970 1035.2
1195980 1035.2
1195990 1036.9
1196000 1038.6
1196010 1038.6
1196020 1040.6
1196030 1042.4
1196040 1042.4
1196050 1044.1
1196060 1046.0
1196070 1046.0
1196080 1048.5
1196090 1051.3
1196100 1054.8
1196110 1054.8
1196120 1058.3
1196130 1061.5
1196140 1061.5
1196150 1064.4
1196160 1067.3
1196170 1067.3
1196180 1070.0
1196190 1070.1
1196200 1070.1
1196210 1071.4
1196220 1073.5
1196230 1073.5
1196240 1076.7
1196250 1080.4
1196260 1080.4
1196270 1084.4
1196280 1088.0
1196290 1088.0
1196300 1092.1
1196310 1095.6
1196320 1095.6
1196330 1099.2
1196340 1103.4
1196350 1103.4
1196360 1107.7
1196370 1111.6
1196380 1111.6
1196390 1114.6
1196400 1117.7
1196410 1117.7
1196420 1121.3
1196430 1125.0
1196440 1128.6
1196450 1128.6
1196460 1131.8
1196470 1135.2
1196480 1135.2
1196490 1139.1
1196500 1143.1
1196510 1143.1
1196520 1146.5
1196530 1149.9
1196540 1149.9
1196550 1153.5
1196560 1157.0
1196570 1157.0
1196580 1160.8
1196590 1164.6
1196600 1164.6
1196610 1167.4
1196620 1169.4
1196630 1167.5
1196640 1172.8
1196650 1178.4
1196660 1178.4
1196670 1183.6
1196680 1189.2
1196690 1189.2
1196700 1195.0
1196710 1201.0
1196720 1201.0
1196730 1208.1
1196740 1216.3
1196750 1223.8
1196760 1223.8
1196770 1230.4
1196780 1236.8
1196790 1236.8
1196800 1241.8
1196810 1243.9
1196820 1243.9
1196830 1249.1
1196840 1255.8
1196850 1255.8
1196860 1262.8
1196870 1269.7
1196880 1269.7
1196890 1277.2
1196900 1284.6
1196910 1284.6
1196920 1291.1
1196930 1298.1
1196940 1298.1
1196950 1304.6
1196960 1312.0
1196970 1312.0
1196980 1320.6
1196990 1328.5
1197000 1328.5
1197010 1335.8
1197020 1342.8
1197030 1342.8
1197040 1349.5
1197050 1355.5
1197060 1355.5
1197070 1357.1
1197080 1364.6
1197090 1373.1
1197100 1373.1
1197110 1380.4
1197120 1387.6
1197130 1387.6
1197140 1399.1
1197150 1408.1
1197160 1408.1
1197170 1416.9
1197180 1426.8
1197190 1426.8
1197200 1434.8
1197210 1445.0
1197220 1445.0
1197230 1460.1
1197240 1475.1
1197250 1475.1
1197260 1486.7
1197270 1495.6
1197280 1495.6
1197290 1498.7
1197300 1502.6
1197310 1502.6
1197320 1506.9
1197330 1509.1
1197340 1509.1
1197350 1512.2
1197360 1517.3
1197370 1517.3
1197380 1523.5
1197390 1529.0
1197400 1529.0
1197410 1541.5
1197420 1556.2
1197430 1571.0
1197440 1571.0
1197450 1582.4
1197460 1595.1
1197470 1595.1
1197480 1605.7
1197490 1614.5
1197500 1614.5
1197510 1620.7
1197520 1623.3
1197530 1623.3
1197540 1634.2
1197550 1641.4
1197560 1641.4
1197570 1649.5
1197580 1657.7
1197590 1657.7
1197600 1665.7
1197610 1674.6
1197620 1674.6
1197630 1679.6
1197640 1680.8
1197650 1680.8
1197660 1683.6
1197670 1684.5
1197680 1684.5
1197690 1680.6
1197700 1687.1
1197710 1687.1
1197720 1704.9
1197730 1715.1
1197740 1715.1
1197750 1722.6
1197760 1722.2
1197770 1709.1
1197780 1709.1
1197790 1693.6
1197800 1683.2
1197810 1683.2
1197820 1685.8
1197830 1687.1
1197840 1687.1
1197850 1667.8
1197860 1666.0
1197870 1666.0
1197880 1672.1
1197890 1684.3
1197900 1684.3
1197910 1705.7
1197920 1716.9
1197930 1716.9
1197940 1728.3
1197950 1738.7
1197960 1732.4
1197970 1742.0
1197980 1754.5
1197990 1754.5
1198000 1764.7
1198010 1770.4
1198020 1770.4
1198030 1774.4
1198040 1770.2
1198050 1770.2
1198060 1759.2
1198070 1750.5
1198080 1750.5
1198090 1749.3
1198100 1747.4
1198110 1735.0
1198120 1735.0
1198130 1727.3
1198140 1723.3
1198150 1723.3
1198160 1705.4
1198170 1696.6
1198180 1696.6
1198190 1705.6
1198200 1710.8
1198210 1710.8
1198220 1700.4
1198230 1690.3
1198240 1690.3
1198250 1696.5
1198260 1702.9
1198270 1702.9
1198280 1707.1
1198290 1709.2
1198300 1709.2
1198310 1707.1
1198320 1698.8
1198330 1698.8
1198340 1687.1
1198350 1679.2
1198360 1679.2
1198370 1671.4
1198380 1663.0
1198390 1663.0
1198400 1651.9
1198410 1633.4
1198420 1633.4
1198430 1621.3
1198440 1624.4
1198450 1638.9
1198460 1638.9
1198470 1647.9
1198480 1657.9
1198490 1657.9
1198500 1662.9
1198510 1658.0
1198520 1658.0
1198530 1647.4
1198540 1634.6
1198550 1634.6
1198560 1626.0
1198570 1615.5
1198580 1615.5
1198590 1605.7
1198600 1601.3
1198610 1601.3
1198620 1595.3
1198630 1587.4
1198640 1587.4
1198650 1575.1
1198660 1566.6
1198670 1566.6
1198680 1568.9
1198690 1567.3
1198700 1567.3
1198710 1559.6
1198720 1551.6
1198730 1551.6
1198740 1545.4
1198750 1546.2
1198760 1551.8
1198770 1551.8
1198780 1557.4
1198790 1549.1
1198800 1549.1
1198810 1538.4
1198820 1527.3
1198830 1527.3
1198840 1517.9
1198850 1501.8
1198860 1487.2
1198870 1476.0
1198880 1472.2
1198890 1472.2
1198900 1488.6
1198910 1509.9
1198920 1509.9
1198930 1515.5
1198940 1514.7
1198950 1514.7
1198960 1515.8
1198970 1527.3
1198980 1527.3
1198990 1548.3
1199000 1559.4
1199010 1559.4
1199020 1555.5
1199030 1546.2
1199040 1546.2
1199050 1560.1
1199060 1567.3
1199070 1567.3
1199080 1565.8
1199090 1563.9
1199100 1562.0
1199110 1562.0
1199120 1563.8
1199130 1566.0
1199140 1566.0
1199150 1577.5
1199160 1590.4
1199170 1590.4
1199180 1592.1
1199190 1588.0
1199200 1588.0
1199210 1585.2
1199220 1588.4
1199230 1588.4
1199240 1593.2
1199250 1595.2
1199260 1595.2
1199270 1593.2
1199280 1587.7
1199290 1587.7
1199300 1578.2
1199310 1573.5
1199320 1573.5
1199330 1568.3
1199340 1571.2
1199350 1571.2
1199360 1573.8
1199370 1574.6
1199380 1574.6
1199390 1573.2
1199400 1569.8
1199410 1569.8
1199420 1563.2
1199430 1556.7
1199440 1556.8
1199450 1556.8
1199460 1555.8
1199470 1536.9
1199480 1536.9
1199490 1512.5
1199500 1506.3
1199510 1506.3
1199520 1506.3
1199530 1512.2
1199540 1512.2
1199550 1512.2
1199560 1514.5
1199570 1514.5
1199580 1516.6
1199590 1517.9
1199600 1517.9
1199610 1519.2
1199620 1520.1
1199630 1520.1
1199640 1520.6
1199650 1517.9
1199660 1517.9
1199670 1515.2
1199680 1514.5
1199690 1514.5
1199700 1517.3
1199710 1522.5
1199720 1522.5
1199730 1523.1
1199740 1519.1
1199750 1509.6
1199760 1505.1
1199770 1504.1
1199780 1504.4
1199790 1504.4
1199800 1502.9
1199810 1503.0
1199820 1503.0
1199830 1503.7
1199840 1505.4
1199850 1505.4
1199860 1511.5
1199870 1517.8
1199880 1517.8
1199890 1519.9
1199900 1521.4
1199910 1521.4
1199920 1517.7
1199930 1515.4
1199940 1515.4
1199950 1518.0
1199960 1519.8
1199970 1519.8
1199980 1519.8
1199990 1522.1
