1180000 1696.4
1180010 1696.5
1180020 1695.6
1180030 1695.6
1180040 1695.0
1180050 1694.4
1180060 1694.4
1180070 1693.2
1180080 1692.8
1180090 1692.8
1180100 1691.7
1180110 1689.2
1180120 1689.2
1180130 1686.6
1180140 1684.1
1180150 1684.1
1180160 1682.7
1180170 1682.2
1180180 1680.8
1180190 1680.8
1180200 1679.9
1180210 1679.7
1180220 1679.7
1180230 1679.1
1180240 1678.4
1180250 1678.4
1180260 1677.9
1180270 1678.1
1180280 1678.1
1180290 1677.9
1180300 1676.1
1180310 1676.1
1180320 1674.2
1180330 1673.1
1180340 1673.1
1180350 1671.8
1180360 1669.0
1180370 1669.0
1180380 1665.3
1180390 1656.9
1180400 1656.9
1180410 1653.7
1180420 1651.9
1180430 1651.9
1180440 1649.4
1180450 1645.5
1180460 1645.5
1180470 1643.6
1180480 1641.1
1180490 1641.1
1180500 1639.0
1180510 1635.9
1180520 1632.2
1180530 1632.2
1180540 1627.4
1180550 1625.0
1180560 1625.0
1180570 1621.1
1180580 1617.7
1180590 1617.7
1180600 1613.7
1180610 1609.5
1180620 1609.5
1180630 1607.1
1180640 1605.3
1180650 1605.3
1180660 1603.4
1180670 1600.9
1180680 1600.9
1180690 1597.8
1180700 1594.0
1180710 1594.0
1180720 1589.4
1180730 1581.9
1180740 1581.9
1180750 1576.9
1180760 1571.5
1180770 1571.5
1180780 1563.6
1180790 1556.4
1180800 1556.4
1180810 1543.6
1180820 1537.7
1180830 1537.7
1180840 1532.8
1180850 1529.2
1180860 1526.2
1180870 1526.2
1180880 1522.0
1180890 1515.5
1180900 1515.5
1180910 1510.3
1180920 1505.8
1180930 1505.8
1180940 1498.5
1180950 1489.6
1180960 1489.6
1180970 1481.5
1180980 1474.3
1180990 1474.3
1181000 1468.3
1181010 1462.4
1181020 1462.4
1181030 1457.9
1181040 1455.3
1181050 1455.3
1181060 1453.9
1181070 1452.8
1181080 1452.8
1181090 1450.6
1181100 1448.5
1181110 1448.5
1181120 1448.3
1181130 1447.0
1181140 1447.0
1181150 1444.3
1181160 1442.3
1181170 1442.3
1181180 1440.7
1181190 1438.9
1181200 1435.3
1181210 1435.3
1181220 1433.7
1181230 1428.8
1181240 1428.8
1181250 1427.7
1181260 1427.4
1181270 1427.4
1181280 1426.9
1181290 1426.0
1181300 1426.0
1181310 1425.3
1181320 1425.9
1181330 1425.9
1181340 1426.9
1181350 1429.3
1181360 1429.3
1181370 1431.3
1181380 1433.4
1181390 1433.4
1181400 1435.6
1181410 1435.8
1181420 1435.8
1181430 1437.0
1181440 1438.9
1181450 1438.9
1181460 1438.0
1181470 1438.3
1181480 1438.3
1181490 1441.6
1181500 1442.6
1181510 1442.6
1181520 1446.3
1181530 1446.7
1181540 1441.1
1181550 1441.1
1181560 1434.0
1181570 1427.5
1181580 1427.5
1181590 1421.8
1181600 1416.2
1181610 1416.2
1181620 1414.4
1181630 1413.2
1181640 1413.2
1181650 1408.8
1181660 1404.5
1181670 1404.5
1181680 1402.2
1181690 1400.2
1181700 1400.2
1181710 1397.7
1181720 1395.0
1181730 1395.0
1181740 1393.1
1181750 1389.4
1181760 1389.4
1181770 1385.8
1181780 1380.7
1181790 1380.7
1181800 1374.5
1181810 1367.0
1181820 1367.0
1181830 1353.3
1181840 1340.7
1181850 1340.7
1181860 1329.7
1181870 1315.4
1181880 1302.1
1181890 1302.1
1181900 1289.6
1181910 1273.1
1181920 1273.1
1181930 1261.5
1181940 1250.6
1181950 1250.6
1181960 1241.5
1181970 1232.7
1181980 1232.7
1181990 1224.5
1182000 1216.7
1182010 1216.7
1182020 1209.0
1182030 1200.9
1182040 1200.9
1182050 1192.5
1182060 1184.2
1182070 1184.2
1182080 1175.5
1182090 1167.5
1182100 1167.5
1182110 1160.4
1182120 1153.6
1182130 1153.6
1182140 1146.9
1182150 1140.6
1182160 1140.6
1182170 1134.6
1182180 1129.2
1182190 1129.2
1182200 1124.2
1182210 1119.4
1182220 1113.8
1182230 1113.8
1182240 1108.2
1182250 1104.1
1182260 1104.1
1182270 1100.8
1182280 1098.2
1182290 1098.2
1182300 1097.0
1182310 1094.1
1182320 1094.1
1182330 1094.9
1182340 1096.0
1182350 1096.0
1182360 1098.7
1182370 1101.6
1182380 1101.6
1182390 1106.9
1182400 1114.8
1182410 1114.8
1182420 1120.3
1182430 1122.0
1182440 1122.0
1182450 1123.2
1182460 1124.4
1182470 1124.4
1182480 1125.4
1182490 1126.5
1182500 1123.4
1182510 1125.0
1182520 1127.0
1182530 1127.0
1182540 1128.3
1182550 1129.3
1182560 1131.0
1182570 1131.0
1182580 1132.0
1182590 1132.2
1182600 1132.2
1182610 1132.6
1182620 1133.3
1182630 1133.3
1182640 1134.9
1182650 1135.5
1182660 1135.5
1182670 1137.2
1182680 1139.4
1182690 1139.4
1182700 1141.0
1182710 1142.2
1182720 1142.2
1182730 1143.1
1182740 1144.2
1182750 1144.2
1182760 1145.5
1182770 1146.5
1182780 1146.5
1182790 1147.6
1182800 1148.1
1182810 1148.1
1182820 1149.4
1182830 1150.4
1182840 1150.4
1182850 1151.3
1182860 1153.6
1182870 1153.6
1182880 1158.5
1182890 1165.3
1182900 1172.5
1182910 1172.5
1182920 1177.9
1182930 1185.0
1182940 1185.0
1182950 1192.5
1182960 1200.1
1182970 1200.1
1182980 1207.3
1182990 1216.6
1183000 1216.6
1183010 1227.1
1183020 1237.0
1183030 1237.0
1183040 1246.8
1183050 1257.2
1183060 1257.2
1183070 1262.6
1183080 1265.4
1183090 1265.4
1183100 1268.5
1183110 1288.2
1183120 1288.2
1183130 1299.4
1183140 1308.0
1183150 1308.0
1183160 1316.8
1183170 1326.2
1183180 1326.2
1183190 1336.0
1183200 1345.5
1183210 1345.5
1183220 1352.7
1183230 1355.0
1183240 1356.0
1183250 1356.0
1183260 1355.8
1183270 1356.4
1183280 1356.4
1183290 1358.1
1183300 1356.6
1183310 1356.6
1183320 1358.6
1183330 1357.4
1183340 1357.4
1183350 1353.1
1183360 1362.7
1183370 1362.7
1183380 1366.0
1183390 1368.4
1183400 1368.4
1183410 1371.4
1183420 1373.9
1183430 1373.9
1183440 1378.1
1183450 1384.1
1183460 1384.1
1183470 1391.3
1183480 1401.3
1183490 1401.3
1183500 1412.3
1183510 1421.3
1183520 1421.3
1183530 1424.6
1183540 1425.4
1183550 1425.4
1183560 1427.1
1183570 1428.0
1183580 1427.7
1183590 1427.7
1183600 1425.4
1183610 1425.7
1183620 1425.7
1183630 1429.0
1183640 1435.4
1183650 1435.4
1183660 1439.9
1183670 1440.0
1183680 1440.0
1183690 1438.1
1183700 1438.3
1183710 1438.3
1183720 1441.5
1183730 1449.3
1183740 1449.3
1183750 1456.5
1183760 1463.0
1183770 1456.0
1183780 1461.9
1183790 1467.5
1183800 1467.5
1183810 1471.0
1183820 1474.7
1183830 1474.7
1183840 1477.8
1183850 1481.6
1183860 1481.6
1183870 1485.6
1183880 1489.2
1183890 1491.6
1183900 1491.6
1183910 1494.1
1183920 1497.7
1183930 1497.7
1183940 1500.8
1183950 1505.5
1183960 1505.5
1183970 1510.8
1183980 1513.6
1183990 1513.6
1184000 1517.1
1184010 1521.3
1184020 1521.3
1184030 1526.1
1184040 1532.8
1184050 1532.8
1184060 1543.2
1184070 1552.8
1184080 1552.8
1184090 1563.0
1184100 1571.0
1184110 1571.0
1184120 1577.3
1184130 1583.8
1184140 1583.8
1184150 1589.6
1184160 1595.0
1184170 1595.0
1184180 1600.6
1184190 1607.3
1184200 1602.8
1184210 1610.5
1184220 1616.4
1184230 1621.6
1184240 1621.6
1184250 1627.5
1184260 1634.1
1184270 1634.1
1184280 1640.7
1184290 1647.5
1184300 1647.5
1184310 1654.0
1184320 1660.4
1184330 1660.4
1184340 1666.3
1184350 1672.3
1184360 1672.3
1184370 1677.6
1184380 1682.9
1184390 1682.9
1184400 1689.0
1184410 1693.2
1184420 1693.2
1184430 1696.9
1184440 1700.9
1184450 1700.9
1184460 1706.8
1184470 1714.2
1184480 1714.2
1184490 1721.0
1184500 1727.6
1184510 1727.6
1184520 1733.9
1184530 1740.7
1184540 1740.7
1184550 1747.9
1184560 1755.1
1184570 1761.8
1184580 1761.8
1184590 1768.3
1184600 1774.0
1184610 1774.0
1184620 1779.0
1184630 1786.0
1184640 1786.0
1184650 1792.9
1184660 1799.2
1184670 1799.2
1184680 1804.8
1184690 1809.6
1184700 1809.6
1184710 1814.8
1184720 1821.8
1184730 1821.8
1184740 1829.4
1184750 1835.3
1184760 1835.3
1184770 1834.8
1184780 1828.2
1184790 1828.2
1184800 1821.5
1184810 1815.8
1184820 1815.8
1184830 1812.1
1184840 1807.9
1184850 1807.9
1184860 1801.6
1184870 1796.7
1184880 1796.7
1184890 1794.0
1184900 1790.2
1184910 1787.8
1184920 1787.8
1184930 1785.8
1184940 1784.1
1184950 1784.1
1184960 1781.9
1184970 1779.0
1184980 1779.0
1184990 1775.5
1185000 1772.0
1185010 1772.0
1185020 1768.3
1185030 1764.5
1185040 1764.5
1185050 1770.5
1185060 1770.4
1185070 1770.4
1185080 1768.5
1185090 1769.4
1185100 1769.4
1185110 1770.1
1185120 1768.8
1185130 1768.8
1185140 1767.7
1185150 1766.8
1185160 1766.8
1185170 1765.3
1185180 1763.2
1185190 1763.2
1185200 1760.5
1185210 1757.2
1185220 1757.2
1185230 1753.1
1185240 1748.9
1185250 1744.5
1185260 1744.5
1185270 1740.0
1185280 1735.9
1185290 1735.9
1185300 1732.4
1185310 1729.2
1185320 1729.2
1185330 1726.0
1185340 1723.2
1185350 1723.2
1185360 1720.9
1185370 1718.9
1185380 1718.9
1185390 1717.9
1185400 1717.4
1185410 1717.4
1185420 1717.1
1185430 1716.3
1185440 1716.3
1185450 1715.4
1185460 1714.1
1185470 1714.1
1185480 1715.0
1185490 1712.3
1185500 1712.3
1185510 1708.3
1185520 1704.0
1185530 1704.0
1185540 1699.3
1185550 1696.2
1185560 1696.2
1185570 1694.1
1185580 1694.0
1185590 1697.4
1185600 1697.4
1185610 1699.0
1185620 1699.6
1185630 1699.6
1185640 1703.2
1185650 1706.7
1185660 1706.7
1185670 1713.2
1185680 1720.6
1185690 1720.6
1185700 1721.9
1185710 1718.4
1185720 1718.4
1185730 1718.5
1185740 1720.5
1185750 1720.5
1185760 1729.0
1185770 1736.5
1185780 1736.5
1185790 1737.2
1185800 1738.1
1185810 1738.1
1185820 1739.8
1185830 1741.0
1185840 1741.0
1185850 1737.6
1185860 1737.1
1185870 1737.1
1185880 1740.6
1185890 1741.5
1185900 1720.5
1185910 1716.6
1185920 1705.0
1185930 1694.3
1185940 1694.3
1185950 1683.9
1185960 1670.1
1185970 1670.1
1185980 1656.8
1185990 1644.5
1186000 1644.5
1186010 1634.3
1186020 1627.5
1186030 1627.5
1186040 1620.4
1186050 1613.3
1186060 1613.3
1186070 1606.3
1186080 1599.4
1186090 1599.4
1186100 1592.7
1186110 1586.3
1186120 1586.3
1186130 1580.6
1186140 1575.3
1186150 1575.3
1186160 1569.8
1186170 1563.9
1186180 1563.9
1186190 1556.8
1186200 1548.7
1186210 1548.7
1186220 1539.8
1186230 1530.6
1186240 1530.6
1186250 1522.2
1186260 1515.0
1186270 1507.0
1186280 1507.0
1186290 1499.8
1186300 1493.1
1186310 1493.1
1186320 1486.8
1186330 1481.2
1186340 1481.2
1186350 1474.6
1186360 1466.8
1186370 1466.8
1186380 1457.7
1186390 1450.3
1186400 1450.3
1186410 1443.4
1186420 1435.8
1186430 1435.8
1186440 1427.1
1186450 1419.7
1186460 1419.7
1186470 1413.9
1186480 1407.0
1186490 1407.0
1186500 1399.3
1186510 1392.1
1186520 1392.1
1186530 1385.6
1186540 1380.1
1186550 1380.1
1186560 1376.0
1186570 1372.0
1186580 1372.0
1186590 1367.1
1186600 1362.2
1186610 1356.5
1186620 1356.5
1186630 1350.5
1186640 1344.4
1186650 1344.4
1186660 1338.2
1186670 1332.1
1186680 1332.1
1186690 1326.0
1186700 1319.6
1186710 1319.6
1186720 1313.6
1186730 1307.7
1186740 1307.7
1186750 1301.3
1186760 1301.5
1186770 1301.5
1186780 1295.9
1186790 1288.7
1186800 1288.7
1186810 1279.6
1186820 1269.0
1186830 1269.0
1186840 1258.5
1186850 1250.1
1186860 1250.1
1186870 1244.1
1186880 1239.6
1186890 1239.6
1186900 1235.2
1186910 1228.7
1186920 1228.7
1186930 1222.3
1186940 1217.6
1186950 1213.7
1186960 1213.7
1186970 1210.8
1186980 1210.2
1186990 1210.2
1187000 1207.8
1187010 1205.7
1187020 1205.7
1187030 1206.0
1187040 1204.9
1187050 1204.9
1187060 1201.1
1187070 1201.5
1187080 1201.5
1187090 1200.6
1187100 1203.9
1187110 1203.9
1187120 1206.3
1187130 1208.0
1187140 1208.0
1187150 1210.5
1187160 1213.7
1187170 1213.7
1187180 1216.1
1187190 1209.5
1187200 1209.5
1187210 1210.2
1187220 1210.8
1187230 1210.8
1187240 1211.6
1187250 1210.2
1187260 1210.2
1187270 1206.3
1187280 1201.2
1187290 1196.0
1187300 1196.0
1187310 1190.0
1187320 1183.5
1187330 1183.5
1187340 1177.1
1187350 1171.6
1187360 1171.6
1187370 1166.2
1187380 1160.3
1187390 1160.3
1187400 1154.8
1187410 1149.0
1187420 1149.0
1187430 1142.5
1187440 1135.3
1187450 1135.3
1187460 1128.2
1187470 1121.2
1187480 1121.2
1187490 1114.1
1187500 1107.5
1187510 1107.5
1187520 1102.5
1187530 1098.6
1187540 1098.6
1187550 1095.2
1187560 1092.2
1187570 1092.2
1187580 1089.3
1187590 1085.8
1187600 1085.8
1187610 1080.4
1187620 1071.5
1187630 1065.5
1187640 1065.5
1187650 1059.9
1187660 1054.7
1187670 1054.7
1187680 1049.7
1187690 1044.9
1187700 1044.9
1187710 1041.2
1187720 1039.2
1187730 1039.2
1187740 1036.2
1187750 1030.7
1187760 1030.7
1187770 1024.8
1187780 1018.7
1187790 1018.7
1187800 1012.6
1187810 1006.8
1187820 1006.8
1187830 1001.0
1187840 993.9
1187850 993.9
1187860 986.5
1187870 980.2
1187880 980.2
1187890 975.6
1187900 973.4
1187910 973.4
1187920 971.3
1187930 969.6
1187940 967.9
1187950 967.9
1187960 966.2
1187970 964.4
1187980 964.4
1187990 962.9
1188000 960.8
1188010 960.8
1188020 958.8
1188030 956.9
1188040 956.9
1188050 955.4
1188060 953.6
1188070 953.6
1188080 951.7
1188090 949.7
1188100 949.7
1188110 947.8
1188120 945.9
1188130 945.9
1188140 944.0
1188150 942.1
1188160 942.1
1188170 940.3
1188180 938.5
1188190 938.5
1188200 936.7
1188210 935.0
1188220 935.0
1188230 933.3
1188240 931.7
1188250 931.7
1188260 930.2
1188270 928.7
1188280 926.9
1188290 926.9
1188300 925.2
1188310 923.7
1188320 923.7
1188330 922.2
1188340 920.7
1188350 920.7
1188360 919.3
1188370 917.9
1188380 917.9
1188390 916.5
1188400 915.1
1188410 915.1
1188420 913.7
1188430 912.4
1188440 912.4
1188450 911.1
1188460 909.8
1188470 909.8
1188480 908.8
1188490 907.3
1188500 907.3
1188510 905.8
1188520 904.4
1188530 904.4
1188540 903.1
1188550 901.9
1188560 901.9
1188570 900.6
1188580 899.3
1188590 899.3
1188600 898.1
1188610 896.9
1188620 895.7
1188630 895.7
1188640 894.5
1188650 893.4
1188660 893.4
1188670 892.3
1188680 891.3
1188690 891.3
1188700 890.2
1188710 889.1
1188720 889.1
1188730 887.9
1188740 886.9
1188750 886.9
1188760 885.9
1188770 884.9
1188780 884.9
1188790 883.9
1188800 883.0
1188810 883.0
1188820 882.1
1188830 881.3
1188840 881.3
1188850 880.7
1188860 880.1
1188870 880.1
1188880 879.5
1188890 878.8
1188900 878.8
1188910 878.2
1188920 877.7
1188930 877.7
1188940 877.2
1188950 876.9
1188960 876.7
1188970 876.7
1188980 876.3
1188990 876.0
1189000 876.0
1189010 875.8
1189020 875.4
1189030 875.4
1189040 875.2
1189050 875.0
1189060 875.0
1189070 874.8
1189080 874.7
1189090 874.7
1189100 874.6
1189110 874.9
1189120 874.9
1189130 875.3
1189140 874.7
1189150 874.7
1189160 873.7
1189170 873.7
1189180 873.7
1189190 873.8
1189200 873.0
1189210 873.0
1189220 872.2
1189230 871.8
1189240 871.8
1189250 871.5
1189260 871.3
1189270 871.3
1189280 871.6
1189290 871.5
1189300 870.2
1189310 870.2
1189320 869.8
1189330 869.8
1189340 869.8
1189350 869.0
1189360 869.0
1189370 869.0
1189380 869.0
1189390 869.0
1189400 869.0
1189410 869.0
1189420 869.1
1189430 869.1
1189440 868.9
1189450 868.9
1189460 868.9
1189470 868.9
1189480 868.8
1189490 868.8
1189500 868.8
1189510 868.7
1189520 868.7
1189530 868.3
1189540 868.3
1189550 868.3
1189560 868.3
1189570 868.2
1189580 868.2
1189590 868.0
1189600 868.1
1189610 868.1
1189620 868.0
1189630 867.9
1189640 867.8
1189650 867.8
1189660 867.8
1189670 867.7
1189680 867.7
1189690 867.5
1189700 867.5
1189710 867.5
1189720 867.3
1189730 867.1
1189740 867.1
1189750 866.8
1189760 866.5
1189770 866.5
1189780 865.8
1189790 865.5
1189800 865.5
1189810 865.2
1189820 864.7
1189830 864.7
1189840 864.4
1189850 864.0
1189860 864.0
1189870 863.6
1189880 863.2
1189890 863.2
1189900 862.8
1189910 862.6
1189920 862.6
1189930 862.2
1189940 861.1
1189950 861.1
1189960 861.1
1189970 861.2
1189980 861.0
1189990 861.0
1190000 860.6
1190010 859.7
1190020 859.7
1190030 859.7
1190040 859.3
1190050 859.3
1190060 857.8
1190070 856.5
1190080 856.5
1190090 855.2
1190100 855.4
1190110 855.4
1190120 855.5
1190130 855.6
1190140 855.6
1190150 855.5
1190160 855.2
1190170 855.2
1190180 855.0
1190190 855.0
1190200 855.0
1190210 855.0
1190220 854.9
1190230 854.9
1190240 854.7
1190250 854.7
1190260 854.7
1190270 854.7
1190280 854.6
1190290 854.6
1190300 854.5
1190310 854.5
1190320 854.5
1190330 854.5
1190340 854.6
1190350 854.6
1190360 854.6
1190370 854.6
1190380 854.6
1190390 854.6
1190400 854.6
1190410 854.6
1190420 854.6
1190430 854.6
1190440 854.9
1190450 854.9
1190460 855.3
1190470 855.5
1190480 855.5
1190490 854.4
1190500 854.0
1190510 854.0
1190520 853.9
1190530 853.9
1190540 853.9
1190550 853.9
1190560 853.8
1190570 853.8
1190580 853.7
1190590 853.7
1190600 853.7
1190610 854.0
1190620 855.5
1190630 855.5
1190640 855.9
1190650 854.7
1190660 854.8
1190670 854.8
1190680 854.5
1190690 854.4
1190700 854.4
1190710 855.0
1190720 855.5
1190730 855.5
1190740 854.8
1190750 854.4
1190760 854.4
1190770 854.2
1190780 854.3
1190790 854.3
1190800 854.4
1190810 854.2
1190820 854.2
1190830 854.3
1190840 854.4
1190850 854.4
1190860 854.3
1190870 853.8
1190880 853.8
1190890 853.9
1190900 854.2
1190910 854.2
1190920 854.3
1190930 854.3
1190940 854.3
1190950 854.9
1190960 857.2
1190970 857.2
1190980 859.6
1190990 859.8
1191000 859.9
1191010 859.9
1191020 860.1
1191030 860.0
1191040 860.0
1191050 860.2
1191060 860.2
1191070 860.2
1191080 859.9
1191090 859.9
1191100 859.9
1191110 859.8
1191120 859.8
1191130 859.8
1191140 859.8
1191150 859.5
1191160 859.5
1191170 859.5
1191180 859.3
1191190 859.3
1191200 859.2
1191210 859.3
1191220 859.3
1191230 859.1
1191240 858.9
1191250 858.9
1191260 859.0
1191270 859.4
1191280 859.4
1191290 859.8
1191300 859.7
1191310 859.7
1191320 859.5
1191330 859.5
1191340 859.6
1191350 859.6
1191360 859.8
1191370 859.7
1191380 859.7
1191390 859.5
1191400 860.0
1191410 860.0
1191420 860.4
1191430 860.5
1191440 860.5
1191450 860.6
1191460 860.9
1191470 860.9
1191480 861.5
1191490 862.1
1191500 862.1
1191510 862.2
1191520 862.0
1191530 862.0
1191540 861.9
1191550 861.9
1191560 861.9
1191570 861.9
1191580 861.9
1191590 861.9
1191600 861.8
1191610 861.8
1191620 861.8
1191630 862.0
1191640 862.1
1191650 862.1
1191660 862.0
1191670 861.4
1191680 861.0
1191690 861.0
1191700 860.7
1191710 860.7
1191720 860.7
1191730 860.8
1191740 860.8
1191750 860.8
1191760 860.9
1191770 861.2
1191780 861.2
1191790 861.2
1191800 861.1
1191810 861.1
1191820 860.7
1191830 860.4
1191840 860.4
1191850 860.3
1191860 860.2
1191870 860.2
1191880 860.0
1191890 859.8
1191900 859.8
1191910 859.7
1191920 859.6
1191930 859.6
1191940 859.6
1191950 859.5
1191960 859.5
1191970 859.4
1191980 859.5
1191990 859.5
1192000 859.5
1192010 860.2
1192020 859.6
1192030 859.6
1192040 859.0
1192050 858.9
1192060 858.9
1192070 858.9
1192080 858.7
1192090 858.7
1192100 858.6
1192110 858.6
1192120 858.6
1192130 858.6
1192140 858.5
1192150 858.5
1192160 858.4
1192170 858.4
1192180 858.4
1192190 858.3
1192200 858.3
1192210 858.3
1192220 858.2
1192230 858.2
1192240 858.2
1192250 858.1
1192260 858.2
1192270 858.2
1192280 858.1
1192290 858.1
1192300 858.1
1192310 858.0
1192320 857.9
1192330 857.7
1192340 857.7
1192350 857.6
1192360 857.6
1192370 857.6
1192380 857.7
1192390 857.8
1192400 857.8
1192410 857.8
1192420 857.8
1192430 857.8
1192440 857.7
1192450 857.6
1192460 857.6
1192470 857.6
1192480 857.5
1192490 857.5
1192500 857.5
1192510 857.4
1192520 857.4
1192530 857.2
1192540 857.2
1192550 857.2
1192560 857.3
1192570 857.3
1192580 857.3
1192590 857.4
1192600 857.4
1192610 857.4
1192620 857.4
1192630 857.2
1192640 857.2
1192650 857.2
1192660 857.2
1192670 857.1
1192680 857.1
1192690 857.1
1192700 857.0
1192710 857.0
1192720 856.8
1192730 856.6
1192740 856.6
1192750 856.6
1192760 856.7
1192770 856.7
1192780 856.7
1192790 856.6
1192800 856.6
1192810 856.4
1192820 856.4
1192830 856.6
1192840 856.6
1192850 856.6
1192860 856.6
1192870 856.6
1192880 856.6
1192890 856.6
1192900 856.3
1192910 856.3
1192920 856.3
1192930 856.3
1192940 856.3
1192950 856.3
1192960 856.4
1192970 856.5
1192980 856.5
1192990 856.5
1193000 856.4
1193010 856.3
1193020 856.3
1193030 856.3
1193040 856.3
1193050 856.3
1193060 856.3
1193070 856.3
1193080 856.3
1193090 856.2
1193100 856.2
1193110 856.2
1193120 856.0
1193130 856.0
1193140 856.0
1193150 856.1
1193160 856.1
1193170 856.1
1193180 856.0
1193190 856.0
1193200 856.0
1193210 856.1
1193220 856.0
1193230 856.0
1193240 855.8
1193250 855.7
1193260 855.7
1193270 855.6
1193280 855.6
1193290 855.6
1193300 855.6
1193310 855.5
1193320 855.5
1193330 855.4
1193340 855.4
1193350 855.4
1193360 855.4
1193370 855.3
1193380 855.4
1193390 855.4
1193400 855.4
1193410 855.5
1193420 855.5
1193430 856.1
1193440 856.6
1193450 856.6
1193460 856.9
1193470 857.4
1193480 857.4
1193490 858.2
1193500 859.6
1193510 859.6
1193520 860.0
1193530 859.7
1193540 859.7
1193550 859.9
1193560 860.4
1193570 860.4
1193580 861.3
1193590 861.7
1193600 861.7
1193610 862.0
1193620 862.0
1193630 862.0
1193640 862.6
1193650 863.8
1193660 863.8
1193670 864.9
1193680 866.7
1193690 868.9
1193700 868.9
1193710 872.4
1193720 867.9
1193730 867.9
1193740 865.2
1193750 864.5
1193760 864.5
1193770 864.3
1193780 864.6
1193790 864.6
1193800 866.0
1193810 868.3
1193820 868.3
1193830 873.1
1193840 880.1
1193850 880.1
1193860 888.5
1193870 896.5
1193880 896.5
1193890 899.2
1193900 900.4
1193910 900.4
1193920 902.9
1193930 903.6
1193940 903.6
1193950 904.7
1193960 908.6
1193970 908.6
1193980 910.1
1193990 912.4
1194000 912.4
1194010 912.2
1194020 912.9
1194030 914.6
1194040 914.6
1194050 917.2
1194060 920.3
1194070 920.3
1194080 921.8
1194090 923.1
1194100 923.1
1194110 925.1
1194120 926.2
1194130 926.2
1194140 926.1
1194150 929.1
1194160 929.1
1194170 929.5
1194180 929.3
1194190 929.3
1194200 928.4
1194210 927.0
1194220 927.0
1194230 925.9
1194240 925.9
1194250 925.9
1194260 926.8
1194270 928.7
1194280 928.7
1194290 931.1
1194300 933.7
1194310 933.7
1194320 934.0
1194330 930.4
1194340 930.4
1194350 926.0
1194360 923.7
1194370 923.5
1194380 923.5
1194390 922.9
1194400 920.5
1194410 920.5
1194420 917.1
1194430 915.8
1194440 915.8
1194450 915.5
1194460 915.7
1194470 915.7
1194480 915.8
1194490 916.0
1194500 916.0
1194510 916.2
1194520 916.8
1194530 916.8
1194540 917.0
1194550 917.1
1194560 917.1
1194570 917.3
1194580 917.3
1194590 917.6
1194600 917.7
1194610 917.8
1194620 917.8
1194630 918.3
1194640 920.3
1194650 920.3
1194660 923.4
1194670 927.5
1194680 927.5
1194690 931.5
1194700 935.1
1194710 938.2
1194720 938.2
1194730 940.0
1194740 940.5
1194750 940.5
1194760 939.8
1194770 937.8
1194780 937.8
1194790 934.5
1194800 930.4
1194810 930.4
1194820 926.4
1194830 924.5
1194840 924.5
1194850 924.9
1194860 925.0
1194870 925.0
1194880 925.1
1194890 925.6
1194900 925.6
1194910 926.5
1194920 927.8
1194930 927.8
1194940 928.8
1194950 929.5
1194960 929.5
1194970 931.4
1194980 932.3
1194990 932.3
1195000 932.2
1195010 932.4
1195020 932.4
1195030 931.9
1195040 932.2
1195050 932.9
1195060 932.9
1195070 933.5
1195080 934.4
1195090 934.4
1195100 935.0
1195110 935.8
1195120 935.8
1195130 937.1
1195140 937.9
1195150 937.9
1195160 938.0
1195170 938.9
1195180 938.9
1195190 940.3
1195200 941.3
1195210 941.3
1195220 942.3
1195230 943.1
1195240 943.1
1195250 943.7
1195260 944.4
1195270 944.4
1195280 945.5
1195290 948.0
1195300 948.0
1195310 948.9
1195320 949.5
1195330 949.5
1195340 950.5
1195350 951.9
1195360 953.4
1195370 953.4
1195380 954.7
1195390 955.9
1195400 955.9
1195410 956.8
1195420 957.7
1195430 957.7
1195440 958.9
1195450 960.8
1195460 960.8
1195470 962.0
1195480 963.6
1195490 963.6
1195500 965.4
1195510 967.3
1195520 967.3
1195530 968.9
1195540 970.7
1195550 970.7
1195560 972.4
1195570 974.6
1195580 974.6
1195590 977.1
1195600 978.0
1195610 978.0
1195620 978.3
1195630 979.3
1195640 979.3
1195650 983.1
1195660 986.7
1195670 986.7
1195680 989.0
1195690 991.3
1195700 993.8
1195710 993.8
1195720 996.3
1195730 999.3
1195740 999.3
1195750 1002.8
1195760 1005.6
1195770 1005.6
1195780 1008.1
1195790 1010.5
1195800 1010.5
1195810 1011.9
1195820 1013.1
1195830 1013.1
1195840 1013.4
1195850 1015.9
1195860 1015.9
1195870 1021.7
1195880 1025.3
1195890 1025.3
1195900 1028.0
1195910 1031.2
1195920 1031.2
1195930 1035.6
1195940 1039.8
1195950 1039.8
1195960 1043.7
1195970 1047.4
1195980 1047.4
1195990 1051.0
1196000 1054.4
1196010 1054.4
1196020 1057.5
1196030 1061.0
1196040 1064.7
1196050 1064.7
1196060 1068.6
1196070 1072.1
1196080 1072.1
1196090 1075.9
1196100 1079.7
1196110 1079.7
1196120 1083.6
1196130 1086.6
1196140 1086.6
1196150 1089.8
1196160 1092.8
1196170 1092.8
1196180 1096.0
1196190 1099.4
1196200 1099.4
1196210 1102.4
1196220 1106.2
1196230 1106.2
1196240 1110.3
1196250 1114.2
1196260 1114.2
1196270 1118.5
1196280 1122.8
1196290 1122.8
1196300 1126.5
1196310 1129.9
1196320 1129.9
1196330 1133.6
1196340 1137.4
1196350 1135.9
1196360 1139.8
1196370 1143.6
1196380 1148.6
1196390 1148.6
1196400 1153.3
1196410 1157.5
1196420 1157.5
1196430 1162.6
1196440 1170.2
1196450 1170.2
1196460 1176.7
1196470 1181.2
1196480 1181.2
1196490 1185.8
1196500 1191.0
1196510 1191.0
1196520 1196.5
1196530 1203.4
1196540 1203.4
1196550 1211.5
1196560 1218.4
1196570 1218.4
1196580 1225.1
1196590 1231.7
1196600 1231.7
1196610 1238.1
1196620 1245.7
1196630 1245.7
1196640 1253.3
1196650 1260.8
1196660 1260.8
1196670 1269.3
1196680 1283.8
1196690 1283.8
1196700 1303.4
1196710 1311.6
1196720 1321.1
1196730 1321.1
1196740 1327.0
1196750 1328.6
1196760 1328.6
1196770 1327.6
1196780 1331.0
1196790 1331.0
1196800 1343.4
1196810 1349.3
1196820 1349.3
1196830 1356.7
1196840 1363.7
1196850 1363.7
1196860 1369.1
1196870 1374.1
1196880 1374.1
1196890 1379.8
1196900 1383.4
1196910 1383.4
1196920 1386.0
1196930 1397.6
1196940 1397.6
1196950 1414.0
1196960 1429.2
1196970 1429.2
1196980 1441.5
1196990 1455.5
1197000 1455.5
1197010 1467.2
1197020 1482.2
1197030 1482.2
1197040 1490.3
1197050 1499.6
1197060 1517.9
1197070 1517.9
1197080 1530.2
1197090 1537.4
1197100 1537.4
1197110 1544.4
1197120 1550.4
1197130 1550.4
1197140 1556.2
1197150 1561.8
1197160 1561.8
1197170 1568.0
1197180 1574.5
1197190 1574.5
1197200 1580.8
1197210 1587.5
1197220 1587.5
1197230 1596.0
1197240 1610.7
1197250 1610.7
1197260 1626.0
1197270 1638.6
1197280 1638.6
1197290 1646.0
1197300 1659.5
1197310 1659.5
1197320 1669.7
1197330 1683.1
1197340 1683.1
1197350 1700.0
1197360 1709.4
1197370 1709.4
1197380 1712.8
1197390 1721.0
1197400 1727.5
1197410 1727.5
1197420 1730.4
1197430 1739.0
1197440 1739.0
1197450 1740.4
1197460 1741.1
1197470 1741.1
1197480 1741.3
1197490 1741.5
1197500 1741.5
1197510 1746.4
1197520 1743.3
1197530 1743.3
1197540 1741.3
1197550 1744.8
1197560 1744.8
1197570 1752.4
1197580 1759.7
1197590 1759.7
1197600 1766.0
1197610 1763.8
1197620 1763.8
1197630 1756.5
1197640 1750.5
1197650 1750.5
1197660 1745.1
1197670 1738.3
1197680 1738.3
1197690 1729.2
1197700 1718.0
1197710 1718.0
1197720 1707.8
1197730 1699.8
1197740 1691.2
1197750 1691.2
1197760 1682.2
1197770 1670.2
1197780 1670.2
1197790 1659.6
1197800 1651.1
1197810 1651.1
1197820 1639.3
1197830 1629.0
1197840 1629.0
1197850 1616.8
1197860 1602.3
1197870 1602.3
1197880 1592.5
1197890 1584.1
1197900 1584.1
1197910 1574.9
1197920 1568.1
1197930 1568.1
1197940 1562.9
1197950 1557.4
1197960 1557.4
1197970 1551.6
1197980 1546.4
1197990 1546.4
1198000 1542.2
1198010 1538.2
1198020 1538.2
1198030 1534.6
1198040 1531.9
1198050 1531.9
1198060 1528.7
1198070 1525.7
1198080 1523.8
1198090 1523.8
1198100 1522.3
1198110 1521.6
1198120 1521.6
1198130 1524.0
1198140 1526.3
1198150 1526.3
1198160 1529.1
1198170 1532.1
1198180 1532.1
1198190 1535.0
1198200 1538.9
1198210 1538.9
1198220 1543.7
1198230 1547.9
1198240 1547.9
1198250 1552.7
1198260 1555.0
1198270 1555.0
1198280 1548.6
1198290 1539.7
1198300 1539.7
1198310 1532.3
1198320 1525.2
1198330 1525.2
1198340 1517.3
1198350 1509.6
1198360 1509.6
1198370 1503.3
1198380 1498.2
1198390 1493.6
1198400 1493.6
1198410 1490.8
1198420 1488.6
1198430 1488.6
1198440 1486.5
1198450 1484.8
1198460 1484.8
1198470 1483.8
1198480 1482.7
1198490 1482.7
1198500 1478.4
1198510 1471.9
1198520 1471.9
1198530 1464.7
1198540 1456.8
1198550 1456.8
1198560 1448.1
1198570 1443.5
1198580 1452.2
1198590 1454.4
1198600 1450.4
1198610 1450.4
1198620 1444.7
1198630 1439.8
1198640 1439.8
1198650 1437.9
1198660 1437.0
1198670 1437.0
1198680 1438.7
1198690 1441.9
1198700 1441.9
1198710 1443.3
1198720 1443.8
1198730 1442.3
1198740 1442.3
1198750 1441.5
1198760 1441.4
1198770 1441.4
1198780 1440.2
1198790 1437.2
1198800 1437.2
1198810 1431.8
1198820 1425.9
1198830 1425.9
1198840 1420.1
1198850 1413.3
1198860 1413.3
1198870 1406.3
1198880 1399.9
1198890 1399.9
1198900 1393.5
1198910 1387.2
1198920 1387.2
1198930 1381.6
1198940 1382.4
1198950 1382.4
1198960 1382.2
1198970 1380.8
1198980 1380.8
1198990 1377.7
1199000 1374.9
1199010 1374.9
1199020 1369.2
1199030 1373.6
1199040 1373.6
1199050 1369.4
1199060 1362.6
1199070 1357.5
1199080 1357.5
1199090 1353.9
1199100 1352.2
1199110 1352.2
1199120 1349.3
1199130 1346.7
1199140 1346.7
1199150 1341.8
1199160 1339.4
1199170 1339.4
1199180 1337.0
1199190 1331.6
1199200 1331.6
1199210 1328.0
1199220 1319.2
1199230 1319.2
1199240 1310.6
1199250 1307.0
1199260 1307.0
1199270 1302.9
1199280 1299.6
1199290 1299.6
1199300 1290.8
1199310 1284.7
1199320 1284.7
1199330 1283.4
1199340 1281.6
1199350 1281.6
1199360 1279.7
1199370 1274.9
1199380 1274.9
1199390 1270.6
1199400 1267.9
1199410 1265.4
1199420 1265.4
1199430 1263.5
1199440 1261.1
1199450 1261.1
1199460 1256.6
1199470 1257.5
1199480 1257.5
1199490 1249.2
1199500 1244.7
1199510 1244.7
1199520 1242.0
1199530 1239.4
1199540 1239.4
1199550 1236.5
1199560 1228.6
1199570 1228.6
1199580 1208.1
1199590 1200.9
1199600 1200.9
1199610 1199.4
1199620 1198.1
1199630 1198.1
1199640 1188.7
1199650 1182.5
1199660 1182.5
1199670 1180.3
1199680 1167.2
1199690 1167.2
1199700 1154.5
1199710 1146.6
1199720 1146.6
1199730 1148.0
1199740 1154.6
1199750 1157.1
1199760 1157.1
1199770 1156.9
1199780 1155.5
1199790 1155.5
1199800 1152.6
1199810 1150.8
1199820 1150.8
1199830 1147.8
1199840 1145.5
1199850 1145.5
1199860 1142.8
1199870 1139.7
1199880 1139.7
1199890 1136.6
1199900 1134.4
1199910 1134.4
1199920 1137.4
1199930 1134.0
1199940 1134.0
1199950 1130.7
1199960 1127.6
1199970 1127.6
1199980 1122.9
1199990 1121.2
