1180000 1671.2
1180010 1665.8
1180020 1657.5
1180030 1657.5
1180040 1660.6
1180050 1674.0
1180060 1674.0
1180070 1672.5
1180080 1652.9
1180090 1652.9
1180100 1625.4
1180110 1615.0
1180120 1615.0
1180130 1613.8
1180140 1614.2
1180150 1614.2
1180160 1613.7
1180170 1612.2
1180180 1612.2
1180190 1612.4
1180200 1611.9
1180210 1611.9
1180220 1607.9
1180230 1606.9
1180240 1606.9
1180250 1604.7
1180260 1602.3
1180270 1602.3
1180280 1598.4
1180290 1590.7
1180300 1577.3
1180310 1577.3
1180320 1562.0
1180330 1558.1
1180340 1558.1
1180350 1552.5
1180360 1547.4
1180370 1554.0
1180380 1548.1
1180390 1542.8
1180400 1542.8
1180410 1541.2
1180420 1538.5
1180430 1538.5
1180440 1538.4
1180450 1539.6
1180460 1539.6
1180470 1538.7
1180480 1538.1
1180490 1538.1
1180500 1537.9
1180510 1540.3
1180520 1540.3
1180530 1542.1
1180540 1543.7
1180550 1543.7
1180560 1543.5
1180570 1544.5
1180580 1544.5
1180590 1545.1
1180600 1540.4
1180610 1540.4
1180620 1540.1
1180630 1542.7
1180640 1545.5
1180650 1545.5
1180660 1539.8
1180670 1529.8
1180680 1529.8
1180690 1525.6
1180700 1528.3
1180710 1528.3
1180720 1527.7
1180730 1520.9
1180740 1520.9
1180750 1511.1
1180760 1503.9
1180770 1503.9
1180780 1495.9
1180790 1498.2
1180800 1498.2
1180810 1493.3
1180820 1489.8
1180830 1489.8
1180840 1486.5
1180850 1482.9
1180860 1482.9
1180870 1478.8
1180880 1474.8
1180890 1474.8
1180900 1470.1
1180910 1465.7
1180920 1465.7
1180930 1462.2
1180940 1459.4
1180950 1459.4
1180960 1455.5
1180970 1452.4
1180980 1450.9
1180990 1450.9
1181000 1450.0
1181010 1447.4
1181020 1447.4
1181030 1444.3
1181040 1440.7
1181050 1440.7
1181060 1434.0
1181070 1428.8
1181080 1428.8
1181090 1426.6
1181100 1427.5
1181110 1427.5
1181120 1424.1
1181130 1420.0
1181140 1420.0
1181150 1414.4
1181160 1408.9
1181170 1408.9
1181180 1404.6
1181190 1398.5
1181200 1398.5
1181210 1391.0
1181220 1388.3
1181230 1388.3
1181240 1387.5
1181250 1386.0
1181260 1386.0
1181270 1385.2
1181280 1380.7
1181290 1380.7
1181300 1380.2
1181310 1379.4
1181320 1378.6
1181330 1378.6
1181340 1375.0
1181350 1373.5
1181360 1373.5
1181370 1373.7
1181380 1370.3
1181390 1370.3
1181400 1366.3
1181410 1363.5
1181420 1363.5
1181430 1360.8
1181440 1357.2
1181450 1357.2
1181460 1354.1
1181470 1351.7
1181480 1351.7
1181490 1349.5
1181500 1348.2
1181510 1348.2
1181520 1346.8
1181530 1342.2
1181540 1342.2
1181550 1335.1
1181560 1326.1
1181570 1326.1
1181580 1318.5
1181590 1314.9
1181600 1314.9
1181610 1315.6
1181620 1312.6
1181630 1312.6
1181640 1314.4
1181650 1311.4
1181660 1307.4
1181670 1307.4
1181680 1302.4
1181690 1297.4
1181700 1297.4
1181710 1294.0
1181720 1290.2
1181730 1290.2
1181740 1286.6
1181750 1283.8
1181760 1283.8
1181770 1280.6
1181780 1277.3
1181790 1277.3
1181800 1273.9
1181810 1270.2
1181820 1270.2
1181830 1266.3
1181840 1262.7
1181850 1262.7
1181860 1259.1
1181870 1253.8
1181880 1253.8
1181890 1242.6
1181900 1231.7
1181910 1231.7
1181920 1223.7
1181930 1215.8
1181940 1215.8
1181950 1208.8
1181960 1202.0
1181970 1202.0
1181980 1195.5
1181990 1188.7
1182000 1181.9
1182010 1181.9
1182020 1175.3
1182030 1168.8
1182040 1168.8
1182050 1162.8
1182060 1156.8
1182070 1156.8
1182080 1152.0
1182090 1147.7
1182100 1147.7
1182110 1143.5
1182120 1139.7
1182130 1139.7
1182140 1136.5
1182150 1133.8
1182160 1133.8
1182170 1131.4
1182180 1128.7
1182190 1128.7
1182200 1125.7
1182210 1123.1
1182220 1123.1
1182230 1120.9
1182240 1118.4
1182250 1118.4
1182260 1115.3
1182270 1113.4
1182280 1113.4
1182290 1110.1
1182300 1106.9
1182310 1106.9
1182320 1105.3
1182330 1105.1
1182340 1104.6
1182350 1104.6
1182360 1103.3
1182370 1101.2
1182380 1101.2
1182390 1103.3
1182400 1106.7
1182410 1106.7
1182420 1110.3
1182430 1115.6
1182440 1115.6
1182450 1120.1
1182460 1121.8
1182470 1121.8
1182480 1122.0
1182490 1122.6
1182500 1122.6
1182510 1123.0
1182520 1123.3
1182530 1123.3
1182540 1123.8
1182550 1124.2
1182560 1124.2
1182570 1124.5
1182580 1124.5
1182590 1124.5
1182600 1124.5
1182610 1124.3
1182620 1124.3
1182630 1124.2
1182640 1124.6
1182650 1124.6
1182660 1125.1
1182670 1125.5
1182680 1125.9
1182690 1125.9
1182700 1126.3
1182710 1126.9
1182720 1126.9
1182730 1129.0
1182740 1133.7
1182750 1133.7
1182760 1138.3
1182770 1143.4
1182780 1143.4
1182790 1148.6
1182800 1152.7
1182810 1152.7
1182820 1156.0
1182830 1159.3
1182840 1159.3
1182850 1163.4
1182860 1168.4
1182870 1168.4
1182880 1173.9
1182890 1179.6
1182900 1180.0
1182910 1185.9
1182920 1192.3
1182930 1192.3
1182940 1198.8
1182950 1205.3
1182960 1205.3
1182970 1212.3
1182980 1219.4
1182990 1219.4
1183000 1227.0
1183010 1235.1
1183020 1245.6
1183030 1245.6
1183040 1259.5
1183050 1268.5
1183060 1268.5
1183070 1276.1
1183080 1284.0
1183090 1284.0
1183100 1292.5
1183110 1300.7
1183120 1300.7
1183130 1311.0
1183140 1323.8
1183150 1323.8
1183160 1341.2
1183170 1363.6
1183180 1363.6
1183190 1375.2
1183200 1380.0
1183210 1380.0
1183220 1385.9
1183230 1392.6
1183240 1392.6
1183250 1400.0
1183260 1408.1
1183270 1408.1
1183280 1416.7
1183290 1430.1
1183300 1430.1
1183310 1450.5
1183320 1457.8
1183330 1456.3
1183340 1463.6
1183350 1471.5
1183360 1478.8
1183370 1478.8
1183380 1485.9
1183390 1492.5
1183400 1492.5
1183410 1498.0
1183420 1502.5
1183430 1502.5
1183440 1505.7
1183450 1507.6
1183460 1507.6
1183470 1510.0
1183480 1514.1
1183490 1514.1
1183500 1518.4
1183510 1520.8
1183520 1520.8
1183530 1524.7
1183540 1528.0
1183550 1528.0
1183560 1530.5
1183570 1531.3
1183580 1531.3
1183590 1533.3
1183600 1535.5
1183610 1535.5
1183620 1538.4
1183630 1542.2
1183640 1542.2
1183650 1545.8
1183660 1551.1
1183670 1551.1
1183680 1557.4
1183690 1562.9
1183700 1568.4
1183710 1568.4
1183720 1574.8
1183730 1581.0
1183740 1581.0
1183750 1583.0
1183760 1589.6
1183770 1589.6
1183780 1596.5
1183790 1603.8
1183800 1603.8
1183810 1610.9
1183820 1616.7
1183830 1616.7
1183840 1619.8
1183850 1621.3
1183860 1621.3
1183870 1620.9
1183880 1623.7
1183890 1623.7
1183900 1629.4
1183910 1635.1
1183920 1635.1
1183930 1641.2
1183940 1647.5
1183950 1647.5
1183960 1653.1
1183970 1658.8
1183980 1658.8
1183990 1665.0
1184000 1671.3
1184010 1671.3
1184020 1677.1
1184030 1681.9
1184040 1687.1
1184050 1687.1
1184060 1692.2
1184070 1697.1
1184080 1697.1
1184090 1702.1
1184100 1708.1
1184110 1708.1
1184120 1714.7
1184130 1715.5
1184140 1715.5
1184150 1716.1
1184160 1719.8
1184170 1719.8
1184180 1712.2
1184190 1713.2
1184200 1713.2
1184210 1716.3
1184220 1720.7
1184230 1720.7
1184240 1724.1
1184250 1726.8
1184260 1726.8
1184270 1730.7
1184280 1735.7
1184290 1735.7
1184300 1736.5
1184310 1737.3
1184320 1737.3
1184330 1739.8
1184340 1738.6
1184350 1738.6
1184360 1740.4
1184370 1744.1
1184380 1748.6
1184390 1748.6
1184400 1751.1
1184410 1753.3
1184420 1753.3
1184430 1755.1
1184440 1756.5
1184450 1756.5
1184460 1758.2
1184470 1760.4
1184480 1760.4
1184490 1762.0
1184500 1763.9
1184510 1763.9
1184520 1769.2
1184530 1774.7
1184540 1774.7
1184550 1780.1
1184560 1785.4
1184570 1785.4
1184580 1791.5
1184590 1797.4
1184600 1795.2
1184610 1800.8
1184620 1806.8
1184630 1806.8
1184640 1812.3
1184650 1817.5
1184660 1817.5
1184670 1819.3
1184680 1815.0
1184690 1815.0
1184700 1808.1
1184710 1800.6
1184720 1793.7
1184730 1793.7
1184740 1786.8
1184750 1780.1
1184760 1780.1
1184770 1774.4
1184780 1768.9
1184790 1768.9
1184800 1763.6
1184810 1759.1
1184820 1759.1
1184830 1754.9
1184840 1751.2
1184850 1751.2
1184860 1747.7
1184870 1744.4
1184880 1744.4
1184890 1741.1
1184900 1738.4
1184910 1738.4
1184920 1736.2
1184930 1734.3
1184940 1734.3
1184950 1733.9
1184960 1733.9
1184970 1733.9
1184980 1731.6
1184990 1728.5
1185000 1728.5
1185010 1724.9
1185020 1722.3
1185030 1722.1
1185040 1719.6
1185050 1717.7
1185060 1715.9
1185070 1715.9
1185080 1714.3
1185090 1712.2
1185100 1712.2
1185110 1711.0
1185120 1711.0
1185130 1711.0
1185140 1712.4
1185150 1712.7
1185160 1712.7
1185170 1713.1
1185180 1712.6
1185190 1712.6
1185200 1711.3
1185210 1709.8
1185220 1709.8
1185230 1707.6
1185240 1704.5
1185250 1704.5
1185260 1700.7
1185270 1697.1
1185280 1697.1
1185290 1694.2
1185300 1691.8
1185310 1691.8
1185320 1689.4
1185330 1686.8
1185340 1686.8
1185350 1684.5
1185360 1683.6
1185370 1683.6
1185380 1683.5
1185390 1682.2
1185400 1681.5
1185410 1681.5
1185420 1682.5
1185430 1681.1
1185440 1681.1
1185450 1676.2
1185460 1670.3
1185470 1670.3
1185480 1667.7
1185490 1664.9
1185500 1664.9
1185510 1662.3
1185520 1659.2
1185530 1659.2
1185540 1657.9
1185550 1656.0
1185560 1656.0
1185570 1654.5
1185580 1652.8
1185590 1652.8
1185600 1649.1
1185610 1646.1
1185620 1646.1
1185630 1641.5
1185640 1637.4
1185650 1637.4
1185660 1632.4
1185670 1626.2
1185680 1626.2
1185690 1620.9
1185700 1617.5
1185710 1617.5
1185720 1613.4
1185730 1607.4
1185740 1607.0
1185750 1607.0
1185760 1611.8
1185770 1612.2
1185780 1612.2
1185790 1609.8
1185800 1606.8
1185810 1606.8
1185820 1603.1
1185830 1599.3
1185840 1599.3
1185850 1594.9
1185860 1589.5
1185870 1589.5
1185880 1584.3
1185890 1580.1
1185900 1580.1
1185910 1578.0
1185920 1576.1
1185930 1576.1
1185940 1574.8
1185950 1573.6
1185960 1573.6
1185970 1571.4
1185980 1569.1
1185990 1569.1
1186000 1566.9
1186010 1564.9
1186020 1564.9
1186030 1562.6
1186040 1560.1
1186050 1560.1
1186060 1557.6
1186070 1555.6
1186080 1554.0
1186090 1554.0
1186100 1552.4
1186110 1551.0
1186120 1551.0
1186130 1549.6
1186140 1548.1
1186150 1548.1
1186160 1546.4
1186170 1544.5
1186180 1544.5
1186190 1542.7
1186200 1540.8
1186210 1540.8
1186220 1538.7
1186230 1537.0
1186240 1537.0
1186250 1536.5
1186260 1535.8
1186270 1535.8
1186280 1534.6
1186290 1533.2
1186300 1533.2
1186310 1534.5
1186320 1530.4
1186330 1530.4
1186340 1527.7
1186350 1525.8
1186360 1525.8
1186370 1523.5
1186380 1518.4
1186390 1518.4
1186400 1510.1
1186410 1502.9
1186420 1496.0
1186430 1496.0
1186440 1488.4
1186450 1480.3
1186460 1480.3
1186470 1474.4
1186480 1469.2
1186490 1469.2
1186500 1464.2
1186510 1459.9
1186520 1459.9
1186530 1454.8
1186540 1448.8
1186550 1448.8
1186560 1442.4
1186570 1437.3
1186580 1437.3
1186590 1432.4
1186600 1427.7
1186610 1427.7
1186620 1423.7
1186630 1421.0
1186640 1421.0
1186650 1417.7
1186660 1413.4
1186670 1413.4
1186680 1407.7
1186690 1401.9
1186700 1401.9
1186710 1397.2
1186720 1393.1
1186730 1393.1
1186740 1387.4
1186750 1384.7
1186760 1383.5
1186770 1383.5
1186780 1382.8
1186790 1381.4
1186800 1381.4
1186810 1378.5
1186820 1375.0
1186830 1375.0
1186840 1371.3
1186850 1367.7
1186860 1367.7
1186870 1364.1
1186880 1360.8
1186890 1360.8
1186900 1356.7
1186910 1352.1
1186920 1352.1
1186930 1346.7
1186940 1340.5
1186950 1340.5
1186960 1334.6
1186970 1330.1
1186980 1330.1
1186990 1326.7
1187000 1322.9
1187010 1322.9
1187020 1318.8
1187030 1314.7
1187040 1314.7
1187050 1310.1
1187060 1305.2
1187070 1300.4
1187080 1300.4
1187090 1295.8
1187100 1291.7
1187110 1291.7
1187120 1287.8
1187130 1283.8
1187140 1283.8
1187150 1279.8
1187160 1276.8
1187170 1276.7
1187180 1273.3
1187190 1270.0
1187200 1270.0
1187210 1267.4
1187220 1265.6
1187230 1265.6
1187240 1263.1
1187250 1256.9
1187260 1256.9
1187270 1248.1
1187280 1240.3
1187290 1240.3
1187300 1231.8
1187310 1223.5
1187320 1223.5
1187330 1216.2
1187340 1210.0
1187350 1210.0
1187360 1204.3
1187370 1197.5
1187380 1197.5
1187390 1190.8
1187400 1184.8
1187410 1179.5
1187420 1179.5
1187430 1174.8
1187440 1169.4
1187450 1169.4
1187460 1163.7
1187470 1158.3
1187480 1158.3
1187490 1152.7
1187500 1146.4
1187510 1146.4
1187520 1139.9
1187530 1133.2
1187540 1133.2
1187550 1126.3
1187560 1120.0
1187570 1120.0
1187580 1113.9
1187590 1107.1
1187600 1106.3
1187610 1100.8
1187620 1094.0
1187630 1094.0
1187640 1087.0
1187650 1080.7
1187660 1080.7
1187670 1074.8
1187680 1069.5
1187690 1069.5
1187700 1064.5
1187710 1059.2
1187720 1059.2
1187730 1054.2
1187740 1049.5
1187750 1044.8
1187760 1044.8
1187770 1040.4
1187780 1036.2
1187790 1036.2
1187800 1031.3
1187810 1025.5
1187820 1025.5
1187830 1020.1
1187840 1015.0
1187850 1015.0
1187860 1011.1
1187870 1007.7
1187880 1007.7
1187890 1003.8
1187900 999.7
1187910 999.7
1187920 995.8
1187930 992.7
1187940 992.7
1187950 989.2
1187960 985.1
1187970 985.1
1187980 981.7
1187990 977.7
1188000 977.7
1188010 973.7
1188020 970.1
1188030 969.5
1188040 966.2
1188050 963.2
1188060 963.2
1188070 960.6
1188080 957.9
1188090 955.3
1188100 955.3
1188110 953.1
1188120 950.7
1188130 950.7
1188140 947.1
1188150 943.6
1188160 943.6
1188170 941.6
1188180 941.0
1188190 941.0
1188200 939.3
1188210 937.2
1188220 937.2
1188230 935.1
1188240 930.8
1188250 930.8
1188260 924.3
1188270 920.2
1188280 920.2
1188290 918.7
1188300 917.8
1188310 917.8
1188320 916.4
1188330 915.0
1188340 915.0
1188350 913.8
1188360 912.6
1188370 912.6
1188380 911.6
1188390 910.6
1188400 910.6
1188410 909.5
1188420 908.4
1188430 907.1
1188440 907.1
1188450 905.7
1188460 904.2
1188470 904.2
1188480 902.7
1188490 901.4
1188500 901.4
1188510 900.2
1188520 899.0
1188530 899.0
1188540 898.0
1188550 897.0
1188560 897.0
1188570 896.1
1188580 895.5
1188590 895.5
1188600 895.0
1188610 894.7
1188620 894.7
1188630 894.5
1188640 894.4
1188650 894.4
1188660 894.1
1188670 893.7
1188680 893.7
1188690 893.4
1188700 893.0
1188710 893.0
1188720 892.6
1188730 892.4
1188740 892.4
1188750 892.5
1188760 892.6
1188770 892.1
1188780 892.1
1188790 891.5
1188800 891.0
1188810 891.0
1188820 890.5
1188830 890.2
1188840 890.2
1188850 889.8
1188860 889.4
1188870 889.4
1188880 889.1
1188890 888.3
1188900 888.3
1188910 888.2
1188920 888.0
1188930 888.0
1188940 887.9
1188950 887.6
1188960 887.6
1188970 887.5
1188980 887.3
1188990 887.3
1189000 887.1
1189010 887.2
1189020 887.2
1189030 887.2
1189040 887.1
1189050 887.1
1189060 887.0
1189070 886.8
1189080 886.8
1189090 886.6
1189100 886.4
1189110 886.0
1189120 886.0
1189130 885.6
1189140 885.3
1189150 885.3
1189160 885.1
1189170 885.1
1189180 885.1
1189190 885.0
1189200 884.7
1189210 884.7
1189220 884.5
1189230 884.2
1189240 884.2
1189250 883.8
1189260 883.4
1189270 883.4
1189280 883.2
1189290 882.9
1189300 882.9
1189310 882.6
1189320 882.2
1189330 881.8
1189340 881.4
1189350 881.3
1189360 881.3
1189370 881.2
1189380 881.1
1189390 881.1
1189400 880.9
1189410 880.9
1189420 880.9
1189430 880.8
1189440 880.6
1189450 880.9
1189460 880.9
1189470 881.1
1189480 881.0
1189490 881.0
1189500 880.4
1189510 879.9
1189520 879.9
1189530 879.7
1189540 879.3
1189550 879.3
1189560 878.9
1189570 878.7
1189580 878.7
1189590 878.8
1189600 878.7
1189610 878.7
1189620 878.3
1189630 877.2
1189640 877.2
1189650 876.9
1189660 876.7
1189670 876.7
1189680 876.4
1189690 876.2
1189700 876.2
1189710 876.4
1189720 876.5
1189730 876.5
1189740 876.3
1189750 875.4
1189760 875.2
1189770 875.0
1189780 874.6
1189790 874.2
1189800 874.2
1189810 874.1
1189820 873.7
1189830 873.7
1189840 873.3
1189850 872.3
1189860 872.3
1189870 870.8
1189880 870.4
1189890 870.4
1189900 871.1
1189910 870.9
1189920 870.9
1189930 870.6
1189940 870.3
1189950 870.3
1189960 871.6
1189970 877.2
1189980 877.2
1189990 881.2
1190000 882.9
1190010 882.9
1190020 884.3
1190030 883.6
1190040 883.6
1190050 880.5
1190060 876.6
1190070 876.6
1190080 872.8
1190090 871.2
1190100 871.2
1190110 868.1
1190120 864.3
1190130 863.4
1190140 863.4
1190150 862.7
1190160 862.3
1190170 862.3
1190180 861.8
1190190 861.6
1190200 861.6
1190210 861.3
1190220 860.9
1190230 860.9
1190240 860.6
1190250 861.3
1190260 861.3
1190270 861.4
1190280 859.2
1190290 859.2
1190300 856.3
1190310 855.2
1190320 855.2
1190330 854.8
1190340 854.8
1190350 854.8
1190360 854.7
1190370 854.6
1190380 854.6
1190390 854.6
1190400 854.5
1190410 854.5
1190420 854.5
1190430 854.4
1190440 854.4
1190450 854.4
1190460 854.4
1190470 854.4
1190480 854.4
1190490 854.4
1190500 854.4
1190510 854.4
1190520 854.2
1190530 854.2
1190540 854.2
1190550 854.3
1190560 854.3
1190570 854.3
1190580 854.2
1190590 854.1
1190600 854.1
1190610 854.2
1190620 854.3
1190630 854.2
1190640 854.3
1190650 854.9
1190660 854.9
1190670 855.4
1190680 855.9
1190690 855.9
1190700 856.8
1190710 857.2
1190720 857.2
1190730 857.3
1190740 857.2
1190750 857.2
1190760 856.8
1190770 856.5
1190780 856.5
1190790 855.7
1190800 854.7
1190810 853.1
1190820 853.1
1190830 852.6
1190840 850.9
1190850 850.9
1190860 848.6
1190870 848.5
1190880 848.5
1190890 848.6
1190900 848.6
1190910 848.6
1190920 848.6
1190930 848.7
1190940 848.7
1190950 848.7
1190960 848.5
1190970 848.5
1190980 848.4
1190990 848.3
1191000 848.3
1191010 848.4
1191020 848.2
1191030 848.2
1191040 848.2
1191050 850.1
1191060 852.6
1191070 854.2
1191080 854.6
1191090 854.6
1191100 854.3
1191110 853.4
1191120 853.4
1191130 853.3
1191140 853.3
1191150 853.3
1191160 853.3
1191170 853.3
1191180 853.4
1191190 853.4
1191200 853.6
1191210 854.1
1191220 854.1
1191230 854.0
1191240 853.0
1191250 853.0
1191260 852.3
1191270 851.9
1191280 851.9
1191290 851.8
1191300 851.8
1191310 851.8
1191320 851.8
1191330 851.8
1191340 851.8
1191350 851.8
1191360 851.9
1191370 851.9
1191380 851.7
1191390 851.7
1191400 851.7
1191410 851.6
1191420 851.7
1191430 851.7
1191440 851.7
1191450 851.8
1191460 851.8
1191470 851.9
1191480 851.9
1191490 851.9
1191500 852.0
1191510 852.3
1191520 852.2
1191530 852.2
1191540 852.2
1191550 852.2
1191560 852.2
1191570 852.2
1191580 852.2
1191590 852.2
1191600 852.5
1191610 852.5
1191620 852.5
1191630 852.1
1191640 852.2
1191650 852.2
1191660 852.1
1191670 852.4
1191680 852.4
1191690 853.0
1191700 853.5
1191710 853.5
1191720 854.6
1191730 855.9
1191740 855.9
1191750 856.5
1191760 857.0
1191770 857.0
1191780 857.0
1191790 856.9
1191800 856.9
1191810 857.4
1191820 858.3
1191830 860.4
1191840 860.4
1191850 862.6
1191860 864.2
1191870 864.2
1191880 864.8
1191890 865.1
1191900 865.1
1191910 864.7
1191920 864.1
1191930 864.1
1191940 862.9
1191950 863.4
1191960 863.4
1191970 865.6
1191980 868.4
1191990 868.4
1192000 868.5
1192010 867.5
1192020 867.5
1192030 867.4
1192040 870.1
1192050 870.1
1192060 872.8
1192070 874.4
1192080 874.4
1192090 875.6
1192100 876.2
1192110 876.2
1192120 876.3
1192130 877.2
1192140 877.2
1192150 878.7
1192160 878.9
1192170 879.2
1192180 879.2
1192190 880.8
1192200 881.8
1192210 881.8
1192220 883.0
1192230 883.9
1192240 883.9
1192250 884.1
1192260 884.0
1192270 884.0
1192280 883.9
1192290 883.3
1192300 883.3
1192310 882.4
1192320 881.9
1192330 881.9
1192340 882.0
1192350 881.6
1192360 881.6
1192370 878.4
1192380 877.8
1192390 877.8
1192400 876.8
1192410 875.2
1192420 875.2
1192430 874.1
1192440 874.7
1192450 874.7
1192460 876.3
1192470 878.6
1192480 878.6
1192490 880.8
1192500 881.9
1192510 882.8
1192520 882.8
1192530 883.9
1192540 885.0
1192550 885.0
1192560 885.4
1192570 885.0
1192580 885.0
1192590 885.2
1192600 885.9
1192610 885.9
1192620 887.0
1192630 887.7
1192640 887.7
1192650 888.4
1192660 889.5
1192670 889.5
1192680 889.9
1192690 890.0
1192700 890.0
1192710 890.6
1192720 891.5
1192730 891.5
1192740 891.9
1192750 891.7
1192760 891.7
1192770 891.1
1192780 890.1
1192790 890.1
1192800 888.7
1192810 882.9
1192820 882.9
1192830 882.9
1192840 883.6
1192850 884.7
1192860 884.7
1192870 886.1
1192880 887.7
1192890 887.7
1192900 890.0
1192910 892.9
1192920 892.9
1192930 895.5
1192940 897.4
1192950 897.4
1192960 897.4
1192970 895.8
1192980 895.8
1192990 894.1
1193000 893.1
1193010 893.1
1193020 893.3
1193030 893.0
1193040 893.0
1193050 891.0
1193060 888.7
1193070 888.7
1193080 886.8
1193090 885.1
1193100 885.1
1193110 883.3
1193120 882.0
1193130 882.0
1193140 881.0
1193150 880.7
1193160 880.7
1193170 881.0
1193180 881.9
1193190 883.4
1193200 883.4
1193210 883.6
1193220 883.1
1193230 883.1
1193240 884.2
1193250 886.6
1193260 886.6
1193270 890.5
1193280 893.4
1193290 893.4
1193300 895.4
1193310 896.1
1193320 896.1
1193330 896.3
1193340 894.2
1193350 894.2
1193360 892.5
1193370 893.2
1193380 893.2
1193390 895.1
1193400 895.6
1193410 895.6
1193420 894.7
1193430 892.6
1193440 892.6
1193450 890.1
1193460 888.3
1193470 888.3
1193480 886.4
1193490 884.0
1193500 884.0
1193510 881.5
1193520 879.4
1193530 877.5
1193540 877.5
1193550 875.2
1193560 873.0
1193570 873.0
1193580 870.7
1193590 868.3
1193600 868.3
1193610 866.5
1193620 865.8
1193630 865.8
1193640 864.2
1193650 860.8
1193660 860.8
1193670 858.4
1193680 856.4
1193690 855.2
1193700 854.9
1193710 855.1
1193720 855.1
1193730 854.9
1193740 854.6
1193750 854.6
1193760 854.5
1193770 854.7
1193780 854.7
1193790 854.9
1193800 854.8
1193810 854.8
1193820 854.6
1193830 854.5
1193840 854.5
1193850 854.5
1193860 854.5
1193870 854.6
1193880 854.6
1193890 855.0
1193900 855.4
1193910 855.4
1193920 855.1
1193930 854.6
1193940 854.6
1193950 854.3
1193960 854.2
1193970 854.2
1193980 854.2
1193990 854.3
1194000 854.3
1194010 854.4
1194020 854.6
1194030 854.6
1194040 855.4
1194050 857.4
1194060 857.4
1194070 860.1
1194080 862.7
1194090 862.7
1194100 866.3
1194110 872.6
1194120 872.6
1194130 875.7
1194140 875.4
1194150 875.4
1194160 874.5
1194170 873.6
1194180 873.6
1194190 873.6
1194200 874.2
1194210 875.5
1194220 875.5
1194230 878.2
1194240 882.2
1194250 882.2
1194260 887.1
1194270 892.5
1194280 892.5
1194290 895.2
1194300 902.1
1194310 902.1
1194320 908.6
1194330 914.3
1194340 914.3
1194350 920.1
1194360 925.9
1194370 925.9
1194380 928.2
1194390 928.5
1194400 928.5
1194410 929.4
1194420 930.6
1194430 930.6
1194440 930.6
1194450 929.7
1194460 929.7
1194470 929.4
1194480 928.4
1194490 928.4
1194500 926.9
1194510 925.9
1194520 926.0
1194530 926.0
1194540 927.6
1194550 928.0
1194560 928.0
1194570 926.0
1194580 927.5
1194590 927.5
1194600 927.4
1194610 925.7
1194620 925.7
1194630 923.9
1194640 923.4
1194650 923.4
1194660 923.4
1194670 923.1
1194680 923.1
1194690 921.9
1194700 920.2
1194710 920.2
1194720 918.8
1194730 918.3
1194740 918.3
1194750 917.9
1194760 915.9
1194770 915.9
1194780 914.0
1194790 911.5
1194800 911.5
1194810 909.0
1194820 906.9
1194830 906.9
1194840 906.7
1194850 908.2
1194860 909.1
1194870 909.1
1194880 910.9
1194890 912.3
1194900 912.3
1194910 914.5
1194920 915.8
1194930 915.8
1194940 918.5
1194950 923.4
1194960 923.4
1194970 926.7
1194980 931.6
1194990 931.6
1195000 937.0
1195010 943.2
1195020 943.2
1195030 942.2
1195040 941.1
1195050 941.1
1195060 940.9
1195070 941.5
1195080 941.5
1195090 942.7
1195100 942.4
1195110 942.4
1195120 941.6
1195130 941.2
1195140 941.2
1195150 940.4
1195160 937.0
1195170 937.0
1195180 933.7
1195190 931.8
1195200 936.3
1195210 936.3
1195220 936.5
1195230 936.2
1195240 936.2
1195250 936.9
1195260 938.1
1195270 938.1
1195280 939.6
1195290 940.9
1195300 940.9
1195310 942.2
1195320 943.6
1195330 943.6
1195340 945.2
1195350 947.2
1195360 947.2
1195370 949.9
1195380 952.6
1195390 952.6
1195400 955.8
1195410 958.3
1195420 958.3
1195430 960.1
1195440 962.3
1195450 963.9
1195460 965.6
1195470 966.9
1195480 966.9
1195490 968.1
1195500 969.2
1195510 969.2
1195520 970.3
1195530 972.2
1195540 974.5
1195550 974.5
1195560 976.7
1195570 979.0
1195580 979.0
1195590 981.0
1195600 983.2
1195610 983.2
1195620 984.7
1195630 986.5
1195640 986.5
1195650 989.2
1195660 991.8
1195670 991.8
1195680 994.3
1195690 996.6
1195700 996.6
1195710 999.1
1195720 1002.2
1195730 1002.2
1195740 1004.6
1195750 1007.7
1195760 1007.7
1195770 1010.6
1195780 1013.0
1195790 1013.0
1195800 1014.6
1195810 1014.9
1195820 1014.9
1195830 1015.9
1195840 1017.2
1195850 1017.2
1195860 1019.2
1195870 1021.0
1195880 1021.7
1195890 1023.4
1195900 1024.6
1195910 1028.8
1195920 1028.8
1195930 1030.8
1195940 1032.8
1195950 1032.8
1195960 1034.9
1195970 1037.6
1195980 1037.6
1195990 1040.8
1196000 1043.3
1196010 1043.3
1196020 1044.4
1196030 1046.6
1196040 1046.6
1196050 1048.7
1196060 1050.8
1196070 1050.8
1196080 1053.6
1196090 1060.0
1196100 1060.0
1196110 1066.9
1196120 1073.1
1196130 1073.1
1196140 1079.0
1196150 1084.9
1196160 1084.9
1196170 1091.4
1196180 1097.9
1196190 1097.9
1196200 1104.2
1196210 1110.6
1196220 1115.5
1196230 1115.5
1196240 1117.9
1196250 1120.6
1196260 1120.6
1196270 1128.2
1196280 1130.9
1196290 1130.9
1196300 1137.0
1196310 1145.6
1196320 1145.6
1196330 1148.7
1196340 1157.4
1196350 1157.4
1196360 1162.2
1196370 1167.8
1196380 1167.8
1196390 1173.8
1196400 1180.9
1196410 1180.9
1196420 1186.9
1196430 1193.7
1196440 1193.7
1196450 1202.1
1196460 1214.0
1196470 1214.0
1196480 1223.3
1196490 1230.0
1196500 1230.0
1196510 1238.4
1196520 1245.7
1196530 1245.7
1196540 1251.7
1196550 1258.1
1196560 1264.8
1196570 1264.8
1196580 1271.8
1196590 1277.5
1196600 1277.5
1196610 1282.2
1196620 1289.1
1196630 1289.1
1196640 1296.4
1196650 1303.7
1196660 1303.7
1196670 1312.6
1196680 1322.8
1196690 1322.8
1196700 1331.2
1196710 1337.4
1196720 1337.4
1196730 1343.5
1196740 1350.1
1196750 1350.1
1196760 1356.7
1196770 1363.0
1196780 1365.1
1196790 1372.0
1196800 1379.0
1196810 1379.0
1196820 1386.1
1196830 1394.4
1196840 1394.4
1196850 1403.2
1196860 1408.7
1196870 1408.7
1196880 1412.6
1196890 1420.0
1196900 1428.3
1196910 1428.3
1196920 1442.2
1196930 1460.6
1196940 1460.6
1196950 1470.4
1196960 1478.7
1196970 1478.7
1196980 1488.0
1196990 1494.8
1197000 1494.8
1197010 1500.7
1197020 1504.5
1197030 1504.5
1197040 1508.8
1197050 1517.9
1197060 1517.9
1197070 1525.6
1197080 1532.8
1197090 1532.8
1197100 1541.7
1197110 1551.7
1197120 1551.7
1197130 1560.9
1197140 1570.6
1197150 1570.6
1197160 1581.5
1197170 1591.6
1197180 1591.6
1197190 1600.8
1197200 1611.1
1197210 1611.1
1197220 1623.7
1197230 1632.8
1197240 1641.2
1197250 1641.2
1197260 1644.7
1197270 1651.7
1197280 1651.7
1197290 1658.6
1197300 1667.0
1197310 1667.0
1197320 1675.8
1197330 1684.7
1197340 1684.7
1197350 1694.0
1197360 1702.8
1197370 1702.8
1197380 1711.7
1197390 1724.4
1197400 1724.4
1197410 1726.0
1197420 1722.6
1197430 1722.6
1197440 1718.4
1197450 1716.6
1197460 1716.6
1197470 1713.6
1197480 1705.3
1197490 1705.3
1197500 1699.8
1197510 1696.3
1197520 1696.3
1197530 1691.5
1197540 1683.8
1197550 1683.8
1197560 1677.6
1197570 1672.4
1197580 1668.0
1197590 1668.0
1197600 1660.1
1197610 1652.0
1197620 1652.0
1197630 1644.1
1197640 1635.3
1197650 1635.3
1197660 1626.0
1197670 1622.6
1197680 1622.6
1197690 1615.6
1197700 1610.6
1197710 1610.6
1197720 1608.2
1197730 1604.6
1197740 1604.6
1197750 1599.0
1197760 1592.2
1197770 1592.2
1197780 1589.9
1197790 1592.3
1197800 1592.3
1197810 1590.8
1197820 1584.9
1197830 1584.9
1197840 1581.6
1197850 1579.6
1197860 1579.6
1197870 1576.6
1197880 1573.4
1197890 1573.4
1197900 1571.1
1197910 1570.3
1197920 1569.1
1197930 1569.1
1197940 1566.9
1197950 1564.4
1197960 1564.4
1197970 1561.5
1197980 1557.6
1197990 1557.6
1198000 1552.6
1198010 1545.8
1198020 1545.8
1198030 1538.3
1198040 1531.0
1198050 1531.0
1198060 1524.1
1198070 1517.2
1198080 1517.2
1198090 1510.5
1198100 1504.1
1198110 1501.4
1198120 1494.7
1198130 1488.6
1198140 1488.6
1198150 1482.3
1198160 1476.0
1198170 1476.0
1198180 1469.0
1198190 1461.9
1198200 1461.9
1198210 1456.2
1198220 1451.0
1198230 1445.2
1198240 1445.2
1198250 1438.9
1198260 1432.5
1198270 1432.5
1198280 1426.1
1198290 1420.8
1198300 1420.8
1198310 1414.4
1198320 1410.1
1198330 1410.1
1198340 1409.2
1198350 1410.0
1198360 1410.0
1198370 1408.3
1198380 1405.8
1198390 1405.8
1198400 1403.6
1198410 1400.2
1198420 1400.2
1198430 1396.4
1198440 1393.3
1198450 1393.3
1198460 1387.7
1198470 1377.8
1198480 1377.8
1198490 1368.2
1198500 1360.2
1198510 1360.2
1198520 1355.1
1198530 1354.7
1198540 1354.7
1198550 1353.2
1198560 1356.8
1198570 1353.6
1198580 1353.6
1198590 1349.4
1198600 1344.6
1198610 1344.6
1198620 1341.2
1198630 1335.6
1198640 1335.6
1198650 1330.3
1198660 1326.2
1198670 1326.2
1198680 1322.2
1198690 1318.3
1198700 1318.3
1198710 1314.0
1198720 1309.5
1198730 1309.5
1198740 1305.1
1198750 1299.8
1198760 1299.8
1198770 1292.2
1198780 1284.9
1198790 1284.9
1198800 1278.6
1198810 1271.6
1198820 1271.6
1198830 1262.5
1198840 1250.1
1198850 1250.1
1198860 1239.0
1198870 1235.3
1198880 1235.3
1198890 1232.6
1198900 1231.3
1198910 1231.1
1198920 1231.1
1198930 1226.7
1198940 1221.1
1198950 1221.1
1198960 1213.7
1198970 1206.3
1198980 1206.3
1198990 1200.3
1199000 1194.9
1199010 1202.4
1199020 1197.6
1199030 1192.2
1199040 1192.2
1199050 1185.3
1199060 1178.0
1199070 1178.0
1199080 1171.3
1199090 1170.0
1199100 1170.0
1199110 1165.1
1199120 1158.9
1199130 1158.9
1199140 1151.6
1199150 1139.6
1199160 1139.6
1199170 1131.5
1199180 1125.3
1199190 1125.3
1199200 1124.4
1199210 1124.9
1199220 1124.9
1199230 1117.9
1199240 1112.1
1199250 1106.8
1199260 1106.8
1199270 1103.9
1199280 1101.8
1199290 1101.8
1199300 1099.1
1199310 1094.7
1199320 1094.7
1199330 1090.9
1199340 1087.3
1199350 1087.3
1199360 1083.0
1199370 1078.5
1199380 1078.5
1199390 1073.4
1199400 1068.5
1199410 1068.5
1199420 1065.0
1199430 1060.3
1199440 1060.3
1199450 1062.5
1199460 1060.8
1199470 1060.8
1199480 1058.5
1199490 1054.0
1199500 1054.0
1199510 1048.9
1199520 1047.0
1199530 1047.0
1199540 1047.8
1199550 1045.9
1199560 1045.9
1199570 1042.9
1199580 1039.1
1199590 1034.2
1199600 1034.2
1199610 1029.5
1199620 1024.6
1199630 1024.6
1199640 1022.8
1199650 1020.7
1199660 1020.7
1199670 1018.5
1199680 1018.6
1199690 1018.6
1199700 1018.1
1199710 1018.2
1199720 1018.2
1199730 1018.6
1199740 1018.8
1199750 1018.8
1199760 1017.9
1199770 1017.3
1199780 1017.3
1199790 1015.7
1199800 1013.6
1199810 1013.6
1199820 1010.9
1199830 1008.6
1199840 1008.6
1199850 1006.8
1199860 1005.9
1199870 1005.9
1199880 1005.1
1199890 1002.9
1199900 1006.9
1199910 1004.1
1199920 1001.3
1199930 998.9
1199940 998.9
1199950 996.0
1199960 993.5
1199970 993.5
1199980 991.0
1199990 988.3
