1180000 1508.8
1180010 1504.0
1180020 1504.0
1180030 1500.5
1180040 1495.1
1180050 1498.7
1180060 1495.0
1180070 1491.3
1180080 1491.3
1180090 1487.5
1180100 1484.0
1180110 1484.0
1180120 1480.7
1180130 1477.7
1180140 1477.7
1180150 1474.6
1180160 1471.4
1180170 1471.4
1180180 1468.7
1180190 1466.2
1180200 1466.2
1180210 1463.9
1180220 1461.4
1180230 1461.4
1180240 1458.3
1180250 1454.8
1180260 1450.7
1180270 1450.7
1180280 1446.6
1180290 1442.9
1180300 1442.9
1180310 1439.6
1180320 1437.0
1180330 1437.0
1180340 1435.6
1180350 1434.2
1180360 1434.2
1180370 1431.8
1180380 1427.9
1180390 1427.9
1180400 1423.8
1180410 1420.6
1180420 1420.6
1180430 1417.9
1180440 1416.8
1180450 1416.8
1180460 1416.5
1180470 1423.1
1180480 1423.1
1180490 1421.1
1180500 1418.0
1180510 1418.0
1180520 1415.6
1180530 1413.3
1180540 1413.3
1180550 1408.8
1180560 1402.6
1180570 1402.6
1180580 1395.7
1180590 1395.7
1180600 1397.7
1180610 1397.7
1180620 1395.8
1180630 1392.2
1180640 1392.2
1180650 1388.6
1180660 1384.6
1180670 1384.6
1180680 1380.7
1180690 1375.7
1180700 1375.7
1180710 1371.3
1180720 1368.0
1180730 1368.0
1180740 1365.3
1180750 1362.7
1180760 1362.7
1180770 1360.3
1180780 1357.8
1180790 1357.8
1180800 1355.2
1180810 1353.1
1180820 1353.1
1180830 1350.5
1180840 1347.7
1180850 1347.7
1180860 1344.8
1180870 1341.7
1180880 1341.7
1180890 1344.1
1180900 1343.8
1180910 1343.8
1180920 1341.7
1180930 1338.6
1180940 1335.5
1180950 1335.5
1180960 1331.9
1180970 1327.9
1180980 1327.9
1180990 1324.0
1181000 1319.4
1181010 1319.4
1181020 1314.6
1181030 1310.9
1181040 1310.9
1181050 1306.8
1181060 1302.5
1181070 1302.5
1181080 1299.3
1181090 1295.5
1181100 1295.5
1181110 1291.1
1181120 1286.9
1181130 1286.9
1181140 1283.5
1181150 1281.1
1181160 1281.1
1181170 1279.1
1181180 1277.1
1181190 1277.1
1181200 1274.1
1181210 1271.4
1181220 1271.4
1181230 1269.1
1181240 1265.9
1181250 1265.9
1181260 1262.7
1181270 1258.3
1181280 1253.7
1181290 1253.7
1181300 1248.2
1181310 1250.8
1181320 1250.8
1181330 1247.6
1181340 1243.5
1181350 1243.5
1181360 1238.1
1181370 1232.5
1181380 1232.5
1181390 1229.5
1181400 1224.9
1181410 1224.9
1181420 1218.2
1181430 1213.7
1181440 1213.7
1181450 1208.1
1181460 1202.2
1181470 1202.2
1181480 1197.6
1181490 1191.9
1181500 1191.9
1181510 1188.5
1181520 1187.5
1181530 1187.5
1181540 1188.5
1181550 1189.3
1181560 1189.3
1181570 1188.4
1181580 1185.8
1181590 1185.8
1181600 1183.6
1181610 1182.6
1181620 1181.7
1181630 1181.7
1181640 1180.8
1181650 1179.6
1181660 1179.6
1181670 1177.5
1181680 1174.8
1181690 1174.8
1181700 1170.7
1181710 1166.8
1181720 1166.8
1181730 1169.5
1181740 1167.2
1181750 1167.2
1181760 1164.0
1181770 1161.1
1181780 1161.1
1181790 1159.2
1181800 1157.9
1181810 1157.9
1181820 1155.6
1181830 1152.9
1181840 1152.9
1181850 1150.1
1181860 1148.0
1181870 1148.0
1181880 1145.6
1181890 1143.5
1181900 1143.5
1181910 1141.2
1181920 1138.8
1181930 1138.8
1181940 1136.3
1181950 1134.2
1181960 1133.4
1181970 1133.4
1181980 1134.5
1181990 1135.9
1182000 1135.9
1182010 1135.0
1182020 1130.4
1182030 1130.4
1182040 1126.2
1182050 1122.5
1182060 1122.5
1182070 1120.0
1182080 1118.2
1182090 1118.2
1182100 1116.7
1182110 1114.7
1182120 1114.7
1182130 1112.4
1182140 1110.9
1182150 1110.9
1182160 1110.5
1182170 1109.5
1182180 1109.5
1182190 1109.1
1182200 1107.9
1182210 1107.9
1182220 1108.8
1182230 1112.1
1182240 1112.1
1182250 1113.8
1182260 1114.0
1182270 1114.0
1182280 1113.5
1182290 1112.4
1182300 1113.5
1182310 1113.5
1182320 1113.5
1182330 1112.8
1182340 1112.8
1182350 1111.5
1182360 1110.8
1182370 1110.8
1182380 1111.8
1182390 1113.0
1182400 1113.0
1182410 1114.3
1182420 1115.9
1182430 1115.9
1182440 1120.9
1182450 1123.7
1182460 1123.7
1182470 1124.5
1182480 1125.7
1182490 1125.7
1182500 1127.0
1182510 1128.1
1182520 1128.1
1182530 1129.6
1182540 1131.1
1182550 1131.1
1182560 1132.5
1182570 1133.6
1182580 1134.2
1182590 1135.9
1182600 1137.6
1182610 1137.6
1182620 1139.4
1182630 1141.1
1182640 1142.9
1182650 1142.9
1182660 1145.1
1182670 1147.3
1182680 1147.3
1182690 1148.9
1182700 1150.6
1182710 1150.6
1182720 1152.5
1182730 1154.5
1182740 1154.5
1182750 1156.6
1182760 1158.6
1182770 1158.6
1182780 1160.2
1182790 1162.7
1182800 1162.7
1182810 1165.3
1182820 1167.6
1182830 1167.6
1182840 1169.9
1182850 1172.8
1182860 1172.8
1182870 1176.3
1182880 1180.7
1182890 1180.7
1182900 1186.0
1182910 1191.4
1182920 1191.4
1182930 1196.8
1182940 1202.9
1182950 1202.9
1182960 1210.4
1182970 1217.5
1182980 1224.6
1182990 1224.6
1183000 1231.4
1183010 1238.1
1183020 1238.1
1183030 1247.4
1183040 1262.2
1183050 1262.2
1183060 1273.3
1183070 1282.6
1183080 1282.6
1183090 1290.8
1183100 1299.3
1183110 1299.3
1183120 1306.3
1183130 1312.3
1183140 1312.3
1183150 1319.4
1183160 1327.6
1183170 1327.6
1183180 1337.6
1183190 1349.9
1183200 1349.9
1183210 1364.5
1183220 1376.0
1183230 1376.0
1183240 1383.4
1183250 1390.7
1183260 1390.7
1183270 1398.7
1183280 1406.1
1183290 1406.1
1183300 1415.3
1183310 1427.9
1183320 1439.1
1183330 1439.1
1183340 1446.6
1183350 1453.4
1183360 1453.4
1183370 1460.1
1183380 1466.7
1183390 1466.7
1183400 1474.7
1183410 1484.0
1183420 1484.0
1183430 1495.8
1183440 1503.7
1183450 1503.7
1183460 1511.3
1183470 1518.5
1183480 1518.5
1183490 1525.1
1183500 1530.9
1183510 1530.9
1183520 1535.5
1183530 1537.6
1183540 1537.6
1183550 1536.2
1183560 1534.6
1183570 1534.6
1183580 1533.7
1183590 1533.0
1183600 1533.0
1183610 1531.1
1183620 1528.9
1183630 1528.9
1183640 1530.3
1183650 1529.9
1183660 1534.7
1183670 1534.7
1183680 1535.8
1183690 1535.4
1183700 1535.4
1183710 1539.2
1183720 1544.6
1183730 1544.6
1183740 1546.9
1183750 1547.2
1183760 1547.2
1183770 1549.6
1183780 1551.9
1183790 1551.9
1183800 1555.7
1183810 1559.8
1183820 1559.8
1183830 1565.2
1183840 1570.6
1183850 1575.4
1183860 1579.7
1183870 1584.9
1183880 1584.9
1183890 1593.3
1183900 1602.6
1183910 1602.6
1183920 1611.2
1183930 1618.3
1183940 1618.3
1183950 1623.9
1183960 1629.9
1183970 1629.9
1183980 1637.7
1183990 1644.9
1184000 1651.1
1184010 1651.1
1184020 1656.8
1184030 1661.9
1184040 1661.9
1184050 1668.2
1184060 1674.5
1184070 1674.5
1184080 1680.8
1184090 1686.7
1184100 1686.7
1184110 1693.1
1184120 1699.9
1184130 1699.9
1184140 1706.6
1184150 1714.3
1184160 1714.3
1184170 1720.5
1184180 1725.9
1184190 1725.9
1184200 1731.8
1184210 1738.9
1184220 1738.9
1184230 1746.2
1184240 1753.0
1184250 1753.0
1184260 1759.3
1184270 1765.2
1184280 1764.0
1184290 1770.5
1184300 1776.6
1184310 1776.6
1184320 1782.4
1184330 1788.2
1184340 1795.2
1184350 1795.2
1184360 1803.0
1184370 1811.3
1184380 1811.3
1184390 1818.9
1184400 1827.0
1184410 1827.0
1184420 1835.4
1184430 1843.7
1184440 1843.7
1184450 1850.1
1184460 1855.3
1184470 1855.3
1184480 1860.4
1184490 1864.7
1184500 1864.7
1184510 1868.8
1184520 1872.6
1184530 1872.6
1184540 1875.4
1184550 1875.3
1184560 1875.3
1184570 1874.5
1184580 1873.5
1184590 1873.5
1184600 1871.0
1184610 1865.2
1184620 1865.2
1184630 1859.7
1184640 1856.1
1184650 1856.1
1184660 1850.7
1184670 1844.8
1184680 1838.3
1184690 1838.3
1184700 1830.0
1184710 1826.7
1184720 1826.7
1184730 1825.2
1184740 1823.4
1184750 1823.4
1184760 1820.9
1184770 1817.5
1184780 1817.5
1184790 1814.2
1184800 1812.5
1184810 1812.5
1184820 1811.1
1184830 1810.7
1184840 1810.7
1184850 1809.7
1184860 1808.6
1184870 1808.6
1184880 1807.7
1184890 1806.5
1184900 1806.5
1184910 1804.8
1184920 1801.7
1184930 1801.7
1184940 1797.7
1184950 1794.9
1184960 1794.9
1184970 1791.2
1184980 1786.8
1184990 1786.8
1185000 1782.6
1185010 1778.1
1185020 1773.6
1185030 1773.6
1185040 1769.5
1185050 1765.9
1185060 1765.9
1185070 1763.1
1185080 1761.1
1185090 1761.1
1185100 1759.1
1185110 1756.6
1185120 1756.6
1185130 1753.2
1185140 1748.6
1185150 1748.6
1185160 1742.2
1185170 1736.3
1185180 1736.3
1185190 1732.5
1185200 1731.4
1185210 1731.4
1185220 1731.8
1185230 1731.9
1185240 1731.9
1185250 1731.1
1185260 1729.4
1185270 1729.4
1185280 1727.2
1185290 1725.0
1185300 1725.0
1185310 1722.0
1185320 1718.3
1185330 1718.3
1185340 1714.5
1185350 1711.9
1185360 1709.6
1185370 1709.6
1185380 1707.1
1185390 1704.9
1185400 1704.9
1185410 1702.7
1185420 1701.0
1185430 1701.0
1185440 1698.0
1185450 1693.5
1185460 1693.5
1185470 1688.5
1185480 1682.5
1185490 1682.5
1185500 1676.7
1185510 1672.7
1185520 1672.7
1185530 1670.0
1185540 1667.2
1185550 1667.2
1185560 1661.4
1185570 1658.2
1185580 1658.2
1185590 1655.8
1185600 1654.2
1185610 1654.2
1185620 1653.2
1185630 1652.3
1185640 1652.3
1185650 1650.4
1185660 1647.5
1185670 1647.5
1185680 1644.7
1185690 1641.4
1185700 1638.0
1185710 1638.0
1185720 1634.0
1185730 1630.1
1185740 1630.1
1185750 1626.0
1185760 1621.8
1185770 1621.8
1185780 1617.6
1185790 1613.3
1185800 1613.3
1185810 1609.0
1185820 1604.2
1185830 1604.2
1185840 1599.8
1185850 1596.4
1185860 1596.4
1185870 1593.1
1185880 1588.1
1185890 1588.1
1185900 1581.6
1185910 1574.9
1185920 1574.9
1185930 1568.5
1185940 1563.0
1185950 1563.0
1185960 1558.6
1185970 1554.4
1185980 1552.7
1185990 1548.9
1186000 1545.6
1186010 1545.6
1186020 1542.2
1186030 1539.5
1186040 1537.0
1186050 1537.0
1186060 1533.8
1186070 1528.8
1186080 1528.8
1186090 1524.1
1186100 1520.6
1186110 1520.6
1186120 1516.3
1186130 1511.8
1186140 1511.8
1186150 1505.7
1186160 1503.0
1186170 1503.0
1186180 1501.2
1186190 1499.6
1186200 1499.6
1186210 1498.2
1186220 1496.6
1186230 1496.6
1186240 1495.1
1186250 1491.8
1186260 1491.8
1186270 1488.0
1186280 1484.2
1186290 1484.2
1186300 1480.0
1186310 1476.2
1186320 1476.2
1186330 1473.0
1186340 1469.3
1186350 1469.3
1186360 1464.8
1186370 1461.0
1186380 1456.4
1186390 1456.4
1186400 1451.4
1186410 1451.0
1186420 1451.0
1186430 1447.0
1186440 1443.7
1186450 1443.7
1186460 1438.9
1186470 1433.5
1186480 1433.5
1186490 1430.2
1186500 1429.6
1186510 1429.6
1186520 1427.6
1186530 1421.8
1186540 1421.8
1186550 1414.1
1186560 1405.6
1186570 1405.6
1186580 1397.0
1186590 1392.6
1186600 1392.6
1186610 1393.2
1186620 1394.3
1186630 1394.3
1186640 1391.5
1186650 1389.1
1186660 1389.1
1186670 1386.8
1186680 1387.5
1186690 1387.5
1186700 1386.7
1186710 1385.4
1186720 1384.7
1186730 1384.7
1186740 1379.9
1186750 1382.0
1186760 1382.0
1186770 1381.9
1186780 1381.2
1186790 1381.2
1186800 1382.4
1186810 1382.0
1186820 1382.0
1186830 1379.0
1186840 1384.1
1186850 1384.1
1186860 1382.9
1186870 1383.9
1186880 1383.9
1186890 1383.5
1186900 1383.0
1186910 1383.0
1186920 1382.1
1186930 1378.6
1186940 1378.6
1186950 1373.3
1186960 1368.1
1186970 1368.1
1186980 1364.0
1186990 1359.6
1187000 1359.6
1187010 1354.5
1187020 1350.0
1187030 1350.0
1187040 1346.4
1187050 1343.6
1187060 1340.8
1187070 1340.8
1187080 1337.1
1187090 1332.7
1187100 1332.7
1187110 1328.2
1187120 1323.0
1187130 1323.0
1187140 1317.5
1187150 1312.4
1187160 1312.4
1187170 1307.2
1187180 1301.7
1187190 1301.7
1187200 1294.5
1187210 1287.9
1187220 1287.9
1187230 1283.0
1187240 1277.9
1187250 1277.9
1187260 1274.3
1187270 1267.1
1187280 1267.1
1187290 1262.3
1187300 1256.8
1187310 1256.8
1187320 1251.9
1187330 1248.9
1187340 1248.9
1187350 1246.1
1187360 1243.4
1187370 1243.4
1187380 1239.8
1187390 1236.4
1187400 1231.6
1187410 1231.6
1187420 1227.9
1187430 1221.9
1187440 1221.9
1187450 1216.3
1187460 1211.4
1187470 1211.4
1187480 1206.5
1187490 1202.5
1187500 1202.5
1187510 1198.7
1187520 1194.8
1187530 1194.8
1187540 1190.6
1187550 1185.2
1187560 1185.2
1187570 1178.6
1187580 1171.5
1187590 1171.5
1187600 1164.9
1187610 1158.5
1187620 1158.5
1187630 1151.8
1187640 1146.5
1187650 1146.5
1187660 1141.3
1187670 1135.8
1187680 1135.8
1187690 1130.5
1187700 1124.2
1187710 1124.2
1187720 1120.5
1187730 1116.0
1187740 1110.0
1187750 1110.0
1187760 1104.4
1187770 1100.3
1187780 1100.3
1187790 1096.6
1187800 1092.7
1187810 1092.7
1187820 1088.3
1187830 1082.8
1187840 1082.8
1187850 1076.8
1187860 1071.4
1187870 1071.4
1187880 1066.2
1187890 1060.4
1187900 1060.4
1187910 1055.5
1187920 1052.7
1187930 1052.7
1187940 1051.3
1187950 1048.8
1187960 1048.8
1187970 1045.6
1187980 1040.7
1187990 1040.7
1188000 1034.9
1188010 1028.0
1188020 1028.0
1188030 1020.9
1188040 1013.5
1188050 1013.5
1188060 1006.7
1188070 1000.4
1188080 994.0
1188090 994.0
1188100 988.1
1188110 982.9
1188120 982.9
1188130 976.7
1188140 972.0
1188150 972.0
1188160 967.5
1188170 962.6
1188180 962.6
1188190 958.3
1188200 955.1
1188210 955.1
1188220 952.9
1188230 950.8
1188240 950.8
1188250 949.5
1188260 948.1
1188270 948.1
1188280 946.2
1188290 944.6
1188300 944.6
1188310 943.6
1188320 943.0
1188330 943.0
1188340 942.4
1188350 942.2
1188360 942.2
1188370 942.1
1188380 939.9
1188390 939.9
1188400 936.0
1188410 932.2
1188420 929.4
1188430 929.4
1188440 926.1
1188450 922.6
1188460 922.6
1188470 920.3
1188480 916.6
1188490 916.6
1188500 913.1
1188510 912.1
1188520 912.1
1188530 912.2
1188540 911.8
1188550 911.8
1188560 910.6
1188570 910.4
1188580 910.4
1188590 910.9
1188600 910.8
1188610 910.8
1188620 910.1
1188630 909.8
1188640 909.8
1188650 909.9
1188660 910.3
1188670 910.3
1188680 910.1
1188690 909.6
1188700 909.6
1188710 909.4
1188720 908.8
1188730 908.8
1188740 908.5
1188750 908.0
1188760 907.8
1188770 907.8
1188780 907.7
1188790 907.6
1188800 907.6
1188810 907.0
1188820 905.8
1188830 905.8
1188840 905.3
1188850 904.9
1188860 904.9
1188870 904.4
1188880 904.0
1188890 904.0
1188900 903.8
1188910 903.6
1188920 903.6
1188930 903.2
1188940 902.7
1188950 902.7
1188960 902.1
1188970 901.5
1188980 901.5
1188990 900.3
1189000 899.9
1189010 899.9
1189020 899.4
1189030 899.2
1189040 899.2
1189050 898.7
1189060 898.3
1189070 898.3
1189080 898.0
1189090 897.7
1189100 897.5
1189110 897.5
1189120 897.2
1189130 896.8
1189140 896.8
1189150 896.4
1189160 896.1
1189170 896.1
1189180 895.8
1189190 895.5
1189200 895.5
1189210 895.1
1189220 894.8
1189230 894.8
1189240 894.4
1189250 893.9
1189260 893.9
1189270 893.8
1189280 893.6
1189290 893.6
1189300 893.4
1189310 893.2
1189320 893.2
1189330 892.9
1189340 892.5
1189350 892.5
1189360 892.1
1189370 891.7
1189380 891.7
1189390 891.4
1189400 891.1
1189410 891.1
1189420 890.9
1189430 890.1
1189440 890.0
1189450 890.0
1189460 889.7
1189470 889.6
1189480 889.6
1189490 889.4
1189500 889.3
1189510 889.3
1189520 889.2
1189530 888.9
1189540 888.9
1189550 888.7
1189560 888.0
1189570 888.0
1189580 888.2
1189590 887.8
1189600 887.8
1189610 887.0
1189620 886.2
1189630 886.2
1189640 885.9
1189650 885.7
1189660 885.7
1189670 885.6
1189680 885.4
1189690 885.4
1189700 884.9
1189710 884.2
1189720 884.2
1189730 883.5
1189740 882.8
1189750 882.8
1189760 882.1
1189770 881.6
1189780 881.3
1189790 881.3
1189800 880.8
1189810 880.3
1189820 880.3
1189830 880.1
1189840 879.5
1189850 879.5
1189860 878.5
1189870 878.4
1189880 878.4
1189890 878.2
1189900 877.8
1189910 877.8
1189920 877.5
1189930 877.2
1189940 877.2
1189950 876.9
1189960 876.8
1189970 876.8
1189980 876.8
1189990 880.5
1190000 880.5
1190010 888.7
1190020 891.6
1190030 891.6
1190040 893.1
1190050 894.8
1190060 894.8
1190070 896.5
1190080 897.8
1190090 897.8
1190100 896.9
1190110 893.9
1190120 891.5
1190130 891.5
1190140 888.8
1190150 885.0
1190160 885.0
1190170 878.8
1190180 873.1
1190190 873.1
1190200 870.9
1190210 870.7
1190220 870.7
1190230 870.5
1190240 870.2
1190250 870.2
1190260 870.1
1190270 869.1
1190280 869.1
1190290 868.3
1190300 867.9
1190310 867.9
1190320 867.6
1190330 867.2
1190340 867.2
1190350 866.7
1190360 866.3
1190370 866.3
1190380 865.9
1190390 865.6
1190400 865.6
1190410 865.3
1190420 864.9
1190430 864.9
1190440 864.3
1190450 864.3
1190460 864.2
1190470 864.2
1190480 864.2
1190490 864.1
1190500 864.1
1190510 863.9
1190520 863.9
1190530 863.9
1190540 862.9
1190550 862.1
1190560 862.1
1190570 861.7
1190580 861.6
1190590 861.6
1190600 861.7
1190610 861.7
1190620 861.7
1190630 861.2
1190640 861.1
1190650 861.1
1190660 861.1
1190670 860.9
1190680 860.9
1190690 860.1
1190700 859.7
1190710 859.7
1190720 859.4
1190730 859.1
1190740 859.1
1190750 858.6
1190760 857.4
1190770 857.4
1190780 857.3
1190790 857.2
1190800 857.1
1190810 857.1
1190820 856.8
1190830 856.5
1190840 856.5
1190850 856.3
1190860 856.2
1190870 856.2
1190880 856.4
1190890 856.8
1190900 856.8
1190910 857.4
1190920 858.1
1190930 858.1
1190940 858.4
1190950 858.2
1190960 858.2
1190970 857.1
1190980 853.8
1190990 853.8
1191000 852.2
1191010 850.6
1191020 850.6
1191030 849.1
1191040 848.2
1191050 848.2
1191060 847.9
1191070 847.6
1191080 847.6
1191090 847.6
1191100 847.5
1191110 847.5
1191120 847.4
1191130 847.4
1191140 847.4
1191150 847.4
1191160 847.5
1191170 847.5
1191180 847.5
1191190 848.2
1191200 851.4
1191210 851.4
1191220 853.7
1191230 853.6
1191240 853.6
1191250 852.5
1191260 851.7
1191270 851.7
1191280 851.5
1191290 851.6
1191300 851.6
1191310 851.5
1191320 851.5
1191330 851.5
1191340 851.2
1191350 851.0
1191360 851.0
1191370 851.1
1191380 850.4
1191390 850.4
1191400 851.2
1191410 852.7
1191420 852.7
1191430 853.5
1191440 853.3
1191450 853.3
1191460 853.5
1191470 851.8
1191480 849.6
1191490 849.6
1191500 849.1
1191510 849.1
1191520 849.1
1191530 850.1
1191540 850.4
1191550 850.4
1191560 850.3
1191570 850.2
1191580 850.2
1191590 850.0
1191600 849.9
1191610 849.9
1191620 849.7
1191630 849.7
1191640 849.7
1191650 849.9
1191660 850.1
1191670 850.1
1191680 849.9
1191690 849.9
1191700 849.9
1191710 849.9
1191720 849.8
1191730 849.8
1191740 849.9
1191750 849.8
1191760 849.8
1191770 849.8
1191780 850.2
1191790 850.2
1191800 851.5
1191810 852.8
1191820 852.2
1191830 852.2
1191840 852.3
1191850 851.9
1191860 851.9
1191870 852.0
1191880 853.4
1191890 853.4
1191900 854.4
1191910 854.7
1191920 854.7
1191930 854.8
1191940 856.5
1191950 856.5
1191960 858.8
1191970 860.1
1191980 860.1
1191990 861.3
1192000 863.6
1192010 863.6
1192020 866.6
1192030 869.9
1192040 872.4
1192050 877.0
1192060 882.3
1192070 882.3
1192080 886.6
1192090 890.6
1192100 890.6
1192110 891.9
1192120 890.2
1192130 888.6
1192140 888.6
1192150 890.2
1192160 891.6
1192170 891.6
1192180 892.8
1192190 892.3
1192200 892.3
1192210 890.4
1192220 888.8
1192230 888.8
1192240 889.4
1192250 891.1
1192260 891.1
1192270 895.0
1192280 900.5
1192290 900.5
1192300 903.5
1192310 906.9
1192320 906.9
1192330 908.8
1192340 908.4
1192350 908.4
1192360 907.4
1192370 906.2
1192380 906.2
1192390 905.5
1192400 904.9
1192410 904.9
1192420 901.2
1192430 894.7
1192440 894.7
1192450 890.6
1192460 890.0
1192470 893.4
1192480 893.4
1192490 896.5
1192500 901.8
1192510 901.8
1192520 905.5
1192530 908.1
1192540 908.1
1192550 910.9
1192560 913.1
1192570 913.1
1192580 914.8
1192590 916.9
1192600 916.9
1192610 919.1
1192620 920.2
1192630 920.2
1192640 920.0
1192650 919.4
1192660 919.4
1192670 920.3
1192680 921.4
1192690 921.4
1192700 920.8
1192710 922.6
1192720 922.6
1192730 926.8
1192740 928.6
1192750 928.6
1192760 929.4
1192770 930.4
1192780 930.4
1192790 931.8
1192800 934.3
1192810 935.9
1192820 935.9
1192830 936.8
1192840 937.4
1192850 937.4
1192860 937.1
1192870 936.3
1192880 936.3
1192890 935.8
1192900 935.7
1192910 934.8
1192920 935.8
1192930 936.5
1192940 936.5
1192950 936.0
1192960 935.4
1192970 935.4
1192980 934.1
1192990 932.8
1193000 932.8
1193010 932.1
1193020 930.4
1193030 930.4
1193040 927.6
1193050 926.9
1193060 926.9
1193070 926.9
1193080 926.3
1193090 926.3
1193100 925.9
1193110 924.9
1193120 924.9
1193130 923.3
1193140 922.8
1193150 922.2
1193160 922.2
1193170 920.2
1193180 918.3
1193190 918.3
1193200 916.1
1193210 913.2
1193220 913.2
1193230 909.8
1193240 906.2
1193250 906.2
1193260 902.7
1193270 898.7
1193280 898.7
1193290 895.3
1193300 893.0
1193310 893.0
1193320 891.1
1193330 889.6
1193340 889.6
1193350 892.5
1193360 892.8
1193370 892.8
1193380 892.9
1193390 892.2
1193400 892.2
1193410 891.2
1193420 890.2
1193430 890.2
1193440 890.0
1193450 891.9
1193460 891.9
1193470 894.7
1193480 895.2
1193490 894.0
1193500 894.0
1193510 892.2
1193520 890.7
1193530 890.7
1193540 889.8
1193550 888.2
1193560 888.2
1193570 887.2
1193580 885.9
1193590 885.9
1193600 884.2
1193610 882.3
1193620 882.3
1193630 880.4
1193640 877.8
1193650 877.8
1193660 872.0
1193670 867.5
1193680 867.5
1193690 862.3
1193700 857.8
1193710 857.8
1193720 856.8
1193730 856.0
1193740 856.0
1193750 855.5
1193760 854.7
1193770 854.7
1193780 854.0
1193790 853.9
1193800 853.9
1193810 853.7
1193820 853.6
1193830 853.5
1193840 853.5
1193850 853.5
1193860 853.4
1193870 853.4
1193880 853.4
1193890 853.3
1193900 853.3
1193910 853.2
1193920 853.2
1193930 853.2
1193940 853.3
1193950 853.7
1193960 853.7
1193970 853.9
1193980 853.3
1193990 853.3
1194000 853.2
1194010 853.2
1194020 853.2
1194030 853.2
1194040 853.5
1194050 853.5
1194060 855.1
1194070 858.2
1194080 858.2
1194090 862.5
1194100 868.1
1194110 868.1
1194120 871.9
1194130 873.5
1194140 873.5
1194150 872.2
1194160 871.3
1194170 873.2
1194180 873.2
1194190 874.5
1194200 877.7
1194210 877.7
1194220 882.3
1194230 884.0
1194240 884.0
1194250 884.1
1194260 884.1
1194270 884.1
1194280 886.7
1194290 893.3
1194300 893.3
1194310 895.1
1194320 898.5
1194330 898.5
1194340 902.4
1194350 905.8
1194360 905.8
1194370 908.8
1194380 911.3
1194390 911.3
1194400 913.0
1194410 913.6
1194420 913.6
1194430 914.1
1194440 914.9
1194450 914.9
1194460 915.0
1194470 915.1
1194480 915.1
1194490 916.4
1194500 917.3
1194510 916.9
1194520 916.9
1194530 916.8
1194540 916.3
1194550 916.3
1194560 915.3
1194570 913.1
1194580 913.1
1194590 910.6
1194600 909.2
1194610 909.2
1194620 909.0
1194630 908.4
1194640 908.4
1194650 907.1
1194660 905.1
1194670 907.7
1194680 904.9
1194690 903.1
1194700 903.1
1194710 901.7
1194720 901.2
1194730 901.2
1194740 901.1
1194750 899.7
1194760 899.7
1194770 896.4
1194780 893.9
1194790 893.9
1194800 892.9
1194810 892.5
1194820 892.5
1194830 892.9
1194840 893.1
1194850 894.0
1194860 894.0
1194870 896.8
1194880 897.4
1194890 897.4
1194900 897.4
1194910 897.1
1194920 897.1
1194930 897.1
1194940 897.6
1194950 897.6
1194960 899.3
1194970 900.4
1194980 900.4
1194990 902.2
1195000 904.7
1195010 904.7
1195020 907.2
1195030 908.3
1195040 908.3
1195050 909.5
1195060 910.8
1195070 910.8
1195080 912.2
1195090 912.1
1195100 912.1
1195110 912.8
1195120 912.6
1195130 912.6
1195140 912.3
1195150 912.3
1195160 912.3
1195170 913.5
1195180 915.0
1195190 916.3
1195200 916.3
1195210 918.2
1195220 920.2
1195230 920.2
1195240 922.0
1195250 923.4
1195260 923.4
1195270 923.8
1195280 924.6
1195290 924.6
1195300 927.1
1195310 928.5
1195320 928.5
1195330 930.0
1195340 931.5
1195350 931.5
1195360 933.1
1195370 936.1
1195380 936.1
1195390 940.2
1195400 943.5
1195410 943.5
1195420 947.0
1195430 950.2
1195440 950.2
1195450 952.8
1195460 956.0
1195470 956.0
1195480 958.4
1195490 960.1
1195500 960.1
1195510 961.5
1195520 962.6
1195530 963.7
1195540 963.7
1195550 966.6
1195560 968.0
1195570 968.0
1195580 969.1
1195590 970.3
1195600 970.3
1195610 972.2
1195620 973.7
1195630 973.7
1195640 975.3
1195650 975.5
1195660 975.5
1195670 973.5
1195680 972.7
1195690 972.7
1195700 973.9
1195710 975.5
1195720 975.5
1195730 977.0
1195740 981.0
1195750 981.0
1195760 984.2
1195770 987.5
1195780 987.5
1195790 991.7
1195800 996.8
1195810 996.8
1195820 1000.2
1195830 1002.3
1195840 1002.3
1195850 1004.6
1195860 1007.1
1195870 1010.3
1195880 1010.3
1195890 1012.9
1195900 1017.0
1195910 1017.0
1195920 1022.3
1195930 1026.5
1195940 1026.5
1195950 1029.1
1195960 1029.0
1195970 1029.0
1195980 1028.8
1195990 1030.0
1196000 1032.9
1196010 1033.0
1196020 1034.3
1196030 1034.3
1196040 1037.7
1196050 1041.3
1196060 1041.3
1196070 1044.5
1196080 1048.9
1196090 1048.9
1196100 1051.4
1196110 1053.5
1196120 1053.5
1196130 1056.7
1196140 1059.4
1196150 1059.4
1196160 1061.7
1196170 1064.5
1196180 1064.5
1196190 1068.6
1196200 1074.2
1196210 1080.8
1196220 1080.8
1196230 1087.7
1196240 1094.3
1196250 1094.3
1196260 1100.1
1196270 1106.1
1196280 1106.1
1196290 1110.1
1196300 1114.5
1196310 1114.5
1196320 1125.0
1196330 1144.3
1196340 1144.3
1196350 1150.4
1196360 1159.9
1196370 1159.9
1196380 1161.8
1196390 1165.9
1196400 1165.9
1196410 1176.4
1196420 1186.3
1196430 1186.3
1196440 1200.0
1196450 1216.1
1196460 1216.1
1196470 1231.0
1196480 1242.5
1196490 1242.5
1196500 1252.5
1196510 1259.9
1196520 1259.9
1196530 1266.4
1196540 1272.4
1196550 1278.0
1196560 1278.0
1196570 1283.7
1196580 1288.8
1196590 1288.8
1196600 1296.0
1196610 1304.8
1196620 1304.8
1196630 1313.7
1196640 1321.1
1196650 1321.1
1196660 1328.0
1196670 1336.4
1196680 1336.4
1196690 1345.7
1196700 1354.4
1196710 1354.4
1196720 1364.5
1196730 1374.6
1196740 1374.6
1196750 1379.2
1196760 1384.9
1196770 1384.9
1196780 1385.4
1196790 1390.5
1196800 1390.5
1196810 1403.3
1196820 1412.0
1196830 1412.0
1196840 1418.5
1196850 1426.7
1196860 1426.7
1196870 1429.3
1196880 1439.1
1196890 1444.5
1196900 1444.5
1196910 1458.1
1196920 1470.4
1196930 1470.4
1196940 1476.8
1196950 1483.4
1196960 1483.4
1196970 1490.9
1196980 1500.2
1196990 1500.2
1197000 1512.2
1197010 1522.9
1197020 1522.9
1197030 1531.3
1197040 1540.1
1197050 1540.1
1197060 1547.5
1197070 1553.7
1197080 1553.7
1197090 1560.0
1197100 1566.7
1197110 1566.7
1197120 1573.6
1197130 1580.8
1197140 1580.8
1197150 1588.6
1197160 1598.3
1197170 1598.3
1197180 1608.5
1197190 1617.4
1197200 1617.4
1197210 1624.9
1197220 1632.0
1197230 1638.4
1197240 1638.4
1197250 1643.1
1197260 1647.3
1197270 1647.3
1197280 1649.8
1197290 1649.6
1197300 1649.6
1197310 1649.0
1197320 1647.2
1197330 1654.3
1197340 1651.8
1197350 1648.3
1197360 1648.3
1197370 1645.4
1197380 1639.7
1197390 1639.7
1197400 1636.1
1197410 1633.4
1197420 1633.4
1197430 1627.7
1197440 1623.4
1197450 1623.4
1197460 1621.7
1197470 1615.9
1197480 1615.9
1197490 1607.7
1197500 1601.2
1197510 1601.2
1197520 1594.6
1197530 1586.2
1197540 1586.2
1197550 1577.7
1197560 1569.0
1197570 1562.6
1197580 1562.6
1197590 1555.7
1197600 1549.1
1197610 1549.1
1197620 1541.8
1197630 1535.6
1197640 1535.6
1197650 1530.2
1197660 1524.4
1197670 1524.4
1197680 1519.8
1197690 1514.7
1197700 1514.7
1197710 1508.8
1197720 1501.4
1197730 1501.4
1197740 1497.9
1197750 1491.9
1197760 1491.9
1197770 1486.4
1197780 1484.3
1197790 1484.3
1197800 1482.8
1197810 1480.3
1197820 1480.3
1197830 1477.0
1197840 1473.0
1197850 1473.0
1197860 1468.6
1197870 1462.6
1197880 1462.6
1197890 1456.5
1197900 1448.9
1197910 1441.0
1197920 1441.0
1197930 1429.0
1197940 1421.5
1197950 1421.5
1197960 1425.1
1197970 1427.8
1197980 1427.8
1197990 1426.1
1198000 1423.0
1198010 1423.0
1198020 1419.8
1198030 1417.0
1198040 1417.0
1198050 1415.0
1198060 1412.7
1198070 1412.7
1198080 1410.0
1198090 1407.4
1198100 1407.4
1198110 1402.9
1198120 1399.4
1198130 1399.4
1198140 1396.1
1198150 1392.4
1198160 1392.4
1198170 1387.5
1198180 1381.5
1198190 1381.5
1198200 1375.1
1198210 1366.0
1198220 1371.8
1198230 1366.2
1198240 1359.6
1198250 1354.7
1198260 1354.7
1198270 1350.8
1198280 1348.6
1198290 1348.6
1198300 1347.1
1198310 1343.3
1198320 1343.3
1198330 1336.9
1198340 1330.8
1198350 1330.8
1198360 1327.4
1198370 1323.0
1198380 1323.0
1198390 1316.9
1198400 1312.9
1198410 1312.9
1198420 1308.8
1198430 1303.3
1198440 1303.3
1198450 1296.4
1198460 1292.0
1198470 1292.0
1198480 1288.2
1198490 1283.2
1198500 1283.2
1198510 1277.4
1198520 1272.5
1198530 1272.5
1198540 1267.8
1198550 1262.7
1198560 1262.7
1198570 1257.5
1198580 1253.9
1198590 1249.2
1198600 1249.2
1198610 1244.4
1198620 1239.9
1198630 1239.9
1198640 1233.6
1198650 1223.7
1198660 1224.6
1198670 1214.9
1198680 1205.3
1198690 1205.3
1198700 1198.8
1198710 1190.0
1198720 1190.0
1198730 1177.2
1198740 1167.9
1198750 1167.9
1198760 1165.6
1198770 1160.0
1198780 1160.0
1198790 1152.4
1198800 1143.7
1198810 1143.7
1198820 1134.9
1198830 1133.0
1198840 1133.0
1198850 1133.9
1198860 1129.9
1198870 1129.9
1198880 1121.7
1198890 1112.6
1198900 1112.6
1198910 1105.5
1198920 1101.2
1198930 1099.1
1198940 1099.1
1198950 1096.0
1198960 1090.5
1198970 1090.5
1198980 1084.8
1198990 1078.8
1199000 1078.8
1199010 1073.2
1199020 1066.6
1199030 1066.6
1199040 1061.0
1199050 1056.4
1199060 1056.4
1199070 1052.7
1199080 1048.9
1199090 1048.9
1199100 1045.3
1199110 1046.1
1199120 1046.1
1199130 1045.3
1199140 1043.8
1199150 1043.8
1199160 1041.1
1199170 1038.0
1199180 1038.0
1199190 1034.8
1199200 1031.9
1199210 1031.9
1199220 1029.1
1199230 1025.8
1199240 1025.8
1199250 1021.4
1199260 1020.4
1199270 1019.8
1199280 1019.8
1199290 1017.2
1199300 1013.8
1199310 1013.8
1199320 1010.4
1199330 1007.1
1199340 1007.1
1199350 1004.1
1199360 1001.5
1199370 1001.5
1199380 999.7
1199390 997.8
1199400 997.8
1199410 995.7
1199420 993.5
1199430 993.5
1199440 991.4
1199450 989.7
1199460 989.7
1199470 988.1
1199480 986.5
1199490 986.5
1199500 984.2
1199510 982.3
1199520 982.3
1199530 979.6
1199540 977.4
1199550 977.4
1199560 976.9
1199570 976.0
1199580 975.7
1199590 975.7
1199600 975.7
1199610 975.7
1199620 975.7
1199630 975.7
1199640 975.7
1199650 975.7
1199660 975.7
1199670 975.7
1199680 975.7
1199690 975.7
1199700 975.7
1199710 975.7
1199720 975.7
1199730 975.7
1199740 975.7
1199750 975.7
1199760 975.7
1199770 975.7
1199780 975.7
1199790 975.7
1199800 975.7
1199810 975.7
1199820 975.7
1199830 975.7
1199840 975.7
1199850 975.7
1199860 975.7
1199870 975.7
1199880 975.7
1199890 975.7
1199900 975.7
1199910 975.7
1199920 975.7
1199930 975.7
1199940 975.7
1199950 975.7
1199960 975.7
1199970 975.7
1199980 975.7
1199990 975.7
