1180000 1264.8
1180010 1262.9
1180020 1262.9
1180030 1260.0
1180040 1255.9
1180050 1255.9
1180060 1253.4
1180070 1251.3
1180080 1251.3
1180090 1248.2
1180100 1244.1
1180110 1244.1
1180120 1238.8
1180130 1234.5
1180140 1234.5
1180150 1231.8
1180160 1227.7
1180170 1227.7
1180180 1225.0
1180190 1227.9
1180200 1227.9
1180210 1224.9
1180220 1222.4
1180230 1222.4
1180240 1219.5
1180250 1209.5
1180260 1202.6
1180270 1202.6
1180280 1206.7
1180290 1210.0
1180300 1210.0
1180310 1207.3
1180320 1204.2
1180330 1204.2
1180340 1200.8
1180350 1196.5
1180360 1196.5
1180370 1193.3
1180380 1190.4
1180390 1190.4
1180400 1187.5
1180410 1184.4
1180420 1184.4
1180430 1182.1
1180440 1179.6
1180450 1179.6
1180460 1176.6
1180470 1174.2
1180480 1174.2
1180490 1171.7
1180500 1170.5
1180510 1170.5
1180520 1167.9
1180530 1163.5
1180540 1163.5
1180550 1160.0
1180560 1159.2
1180570 1159.2
1180580 1157.4
1180590 1154.1
1180600 1150.4
1180610 1154.8
1180620 1151.5
1180630 1148.5
1180640 1148.5
1180650 1145.4
1180660 1142.7
1180670 1142.7
1180680 1140.5
1180690 1138.8
1180700 1138.8
1180710 1136.6
1180720 1134.7
1180730 1134.7
1180740 1133.5
1180750 1132.4
1180760 1132.4
1180770 1131.1
1180780 1130.5
1180790 1130.5
1180800 1130.1
1180810 1128.6
1180820 1128.6
1180830 1126.6
1180840 1126.0
1180850 1126.0
1180860 1125.7
1180870 1124.5
1180880 1124.5
1180890 1123.0
1180900 1121.3
1180910 1121.3
1180920 1120.6
1180930 1120.5
1180940 1120.7
1180950 1120.7
1180960 1120.8
1180970 1120.9
1180980 1120.9
1180990 1121.0
1181000 1121.1
1181010 1121.1
1181020 1121.3
1181030 1121.4
1181040 1121.4
1181050 1121.3
1181060 1121.4
1181070 1121.4
1181080 1121.5
1181090 1121.9
1181100 1121.9
1181110 1122.3
1181120 1122.6
1181130 1122.6
1181140 1122.8
1181150 1123.0
1181160 1123.0
1181170 1123.2
1181180 1123.4
1181190 1123.4
1181200 1123.5
1181210 1123.5
1181220 1123.5
1181230 1123.6
1181240 1123.6
1181250 1123.6
1181260 1123.5
1181270 1123.6
1181280 1123.7
1181290 1123.7
1181300 1123.9
1181310 1124.1
1181320 1124.1
1181330 1124.4
1181340 1124.7
1181350 1124.7
1181360 1125.1
1181370 1125.6
1181380 1125.6
1181390 1126.0
1181400 1126.5
1181410 1126.5
1181420 1127.0
1181430 1127.3
1181440 1127.3
1181450 1127.3
1181460 1127.8
1181470 1127.8
1181480 1128.3
1181490 1128.7
1181500 1128.7
1181510 1129.2
1181520 1129.7
1181530 1129.7
1181540 1130.0
1181550 1130.3
1181560 1130.3
1181570 1130.6
1181580 1131.0
1181590 1131.0
1181600 1131.5
1181610 1132.1
1181620 1132.8
1181630 1132.8
1181640 1133.6
1181650 1134.5
1181660 1134.5
1181670 1134.9
1181680 1135.2
1181690 1135.2
1181700 1135.7
1181710 1136.2
1181720 1136.2
1181730 1136.9
1181740 1137.9
1181750 1137.9
1181760 1138.4
1181770 1138.2
1181780 1138.2
1181790 1139.2
1181800 1139.7
1181810 1139.7
1181820 1140.2
1181830 1141.8
1181840 1141.8
1181850 1143.0
1181860 1143.8
1181870 1143.1
1181880 1143.5
1181890 1143.7
1181900 1143.7
1181910 1144.2
1181920 1144.7
1181930 1144.7
1181940 1145.5
1181950 1146.6
1181960 1147.8
1181970 1147.8
1181980 1149.2
1181990 1150.1
1182000 1150.1
1182010 1150.6
1182020 1151.1
1182030 1151.1
1182040 1151.7
1182050 1152.6
1182060 1152.6
1182070 1153.4
1182080 1154.0
1182090 1154.0
1182100 1154.4
1182110 1154.8
1182120 1154.8
1182130 1156.0
1182140 1157.1
1182150 1157.1
1182160 1158.0
1182170 1158.4
1182180 1158.4
1182190 1159.7
1182200 1160.6
1182210 1160.6
1182220 1161.5
1182230 1162.3
1182240 1162.3
1182250 1163.0
1182260 1163.5
1182270 1163.5
1182280 1164.6
1182290 1165.1
1182300 1165.6
1182310 1165.6
1182320 1165.5
1182330 1166.5
1182340 1166.5
1182350 1168.0
1182360 1169.5
1182370 1169.5
1182380 1170.4
1182390 1170.8
1182400 1170.8
1182410 1170.1
1182420 1168.2
1182430 1168.2
1182440 1170.5
1182450 1179.7
1182460 1179.7
1182470 1188.1
1182480 1195.6
1182490 1195.6
1182500 1201.0
1182510 1204.7
1182520 1204.7
1182530 1208.2
1182540 1211.7
1182550 1211.7
1182560 1215.2
1182570 1217.8
1182580 1217.8
1182590 1220.2
1182600 1222.6
1182610 1222.6
1182620 1224.9
1182630 1227.1
1182640 1229.1
1182650 1229.1
1182660 1231.8
1182670 1235.1
1182680 1235.1
1182690 1238.6
1182700 1242.6
1182710 1240.0
1182720 1243.9
1182730 1248.4
1182740 1248.4
1182750 1253.2
1182760 1257.9
1182770 1257.9
1182780 1263.2
1182790 1269.1
1182800 1269.1
1182810 1275.2
1182820 1281.8
1182830 1281.8
1182840 1289.2
1182850 1297.6
1182860 1297.6
1182870 1307.0
1182880 1314.8
1182890 1314.8
1182900 1322.5
1182910 1330.7
1182920 1330.7
1182930 1339.2
1182940 1347.3
1182950 1347.3
1182960 1358.4
1182970 1370.3
1182980 1382.5
1182990 1382.5
1183000 1394.4
1183010 1405.7
1183020 1405.7
1183030 1419.5
1183040 1432.7
1183050 1432.7
1183060 1441.7
1183070 1449.2
1183080 1449.2
1183090 1455.8
1183100 1460.9
1183110 1460.9
1183120 1465.8
1183130 1471.0
1183140 1474.4
1183150 1480.0
1183160 1485.5
1183170 1485.5
1183180 1492.2
1183190 1499.8
1183200 1499.8
1183210 1507.5
1183220 1513.0
1183230 1513.0
1183240 1517.8
1183250 1522.9
1183260 1522.9
1183270 1528.9
1183280 1535.7
1183290 1535.7
1183300 1542.2
1183310 1548.4
1183320 1555.6
1183330 1555.6
1183340 1561.8
1183350 1568.5
1183360 1568.5
1183370 1574.9
1183380 1582.1
1183390 1582.1
1183400 1589.3
1183410 1596.7
1183420 1596.7
1183430 1603.6
1183440 1609.9
1183450 1609.9
1183460 1615.7
1183470 1622.0
1183480 1622.0
1183490 1628.2
1183500 1633.9
1183510 1633.9
1183520 1639.6
1183530 1644.5
1183540 1644.5
1183550 1647.8
1183560 1654.2
1183570 1654.2
1183580 1657.0
1183590 1658.9
1183600 1658.9
1183610 1660.0
1183620 1660.3
1183630 1660.3
1183640 1660.1
1183650 1660.6
1183660 1661.2
1183670 1661.2
1183680 1659.7
1183690 1653.9
1183700 1653.9
1183710 1646.8
1183720 1640.1
1183730 1640.1
1183740 1634.6
1183750 1629.5
1183760 1629.5
1183770 1625.2
1183780 1621.9
1183790 1621.9
1183800 1620.1
1183810 1618.5
1183820 1618.5
1183830 1618.4
1183840 1618.3
1183850 1618.3
1183860 1616.2
1183870 1619.6
1183880 1619.6
1183890 1620.1
1183900 1618.2
1183910 1618.2
1183920 1616.2
1183930 1611.9
1183940 1611.9
1183950 1613.6
1183960 1619.4
1183970 1619.4
1183980 1619.2
1183990 1625.6
1184000 1626.3
1184010 1626.3
1184020 1632.8
1184030 1639.7
1184040 1639.7
1184050 1643.5
1184060 1645.8
1184070 1645.8
1184080 1648.9
1184090 1655.3
1184100 1655.3
1184110 1662.7
1184120 1671.1
1184130 1671.1
1184140 1678.7
1184150 1685.6
1184160 1685.6
1184170 1692.9
1184180 1701.0
1184190 1701.0
1184200 1708.7
1184210 1715.7
1184220 1715.7
1184230 1722.1
1184240 1727.0
1184250 1727.0
1184260 1731.3
1184270 1734.4
1184280 1734.4
1184290 1734.6
1184300 1732.3
1184310 1732.3
1184320 1728.7
1184330 1724.6
1184340 1721.6
1184350 1721.6
1184360 1718.8
1184370 1716.7
1184380 1716.7
1184390 1716.3
1184400 1721.5
1184410 1726.3
1184420 1731.6
1184430 1736.5
1184440 1736.5
1184450 1741.5
1184460 1746.6
1184470 1746.6
1184480 1751.2
1184490 1755.5
1184500 1755.5
1184510 1759.4
1184520 1762.9
1184530 1762.9
1184540 1765.3
1184550 1767.4
1184560 1767.4
1184570 1768.7
1184580 1770.6
1184590 1770.6
1184600 1773.8
1184610 1778.1
1184620 1778.1
1184630 1782.9
1184640 1787.8
1184650 1787.8
1184660 1793.2
1184670 1798.5
1184680 1803.7
1184690 1803.7
1184700 1808.9
1184710 1813.9
1184720 1813.9
1184730 1818.9
1184740 1823.1
1184750 1823.1
1184760 1825.0
1184770 1823.4
1184780 1823.4
1184790 1818.3
1184800 1812.4
1184810 1812.4
1184820 1804.7
1184830 1797.4
1184840 1801.3
1184850 1795.8
1184860 1790.1
1184870 1790.1
1184880 1784.4
1184890 1777.4
1184900 1777.4
1184910 1769.5
1184920 1762.0
1184930 1762.0
1184940 1753.1
1184950 1744.9
1184960 1744.9
1184970 1736.9
1184980 1729.8
1184990 1729.8
1185000 1723.8
1185010 1718.6
1185020 1713.9
1185030 1713.9
1185040 1708.9
1185050 1703.8
1185060 1703.8
1185070 1698.3
1185080 1692.7
1185090 1692.7
1185100 1687.2
1185110 1682.6
1185120 1682.6
1185130 1678.6
1185140 1674.4
1185150 1674.4
1185160 1669.7
1185170 1665.6
1185180 1665.6
1185190 1662.3
1185200 1659.5
1185210 1659.5
1185220 1655.9
1185230 1652.3
1185240 1652.3
1185250 1649.2
1185260 1646.7
1185270 1650.8
1185280 1649.6
1185290 1649.6
1185300 1649.6
1185310 1649.5
1185320 1648.6
1185330 1648.6
1185340 1645.7
1185350 1643.6
1185360 1641.9
1185370 1641.9
1185380 1639.5
1185390 1636.1
1185400 1636.1
1185410 1634.0
1185420 1632.2
1185430 1632.2
1185440 1630.5
1185450 1629.3
1185460 1629.3
1185470 1627.9
1185480 1626.6
1185490 1626.6
1185500 1625.7
1185510 1624.9
1185520 1624.9
1185530 1624.4
1185540 1625.3
1185550 1625.3
1185560 1627.3
1185570 1628.5
1185580 1628.5
1185590 1628.5
1185600 1628.7
1185610 1628.7
1185620 1629.1
1185630 1629.3
1185640 1629.3
1185650 1627.5
1185660 1625.9
1185670 1625.9
1185680 1625.5
1185690 1632.3
1185700 1632.3
1185710 1631.4
1185720 1631.4
1185730 1632.1
1185740 1632.1
1185750 1631.2
1185760 1629.7
1185770 1629.7
1185780 1629.3
1185790 1628.6
1185800 1628.6
1185810 1628.1
1185820 1627.2
1185830 1627.2
1185840 1626.2
1185850 1624.6
1185860 1624.6
1185870 1624.4
1185880 1625.0
1185890 1625.0
1185900 1625.2
1185910 1625.3
1185920 1625.3
1185930 1626.0
1185940 1626.2
1185950 1626.2
1185960 1626.9
1185970 1630.3
1185980 1630.3
1185990 1630.3
1186000 1630.3
1186010 1630.3
1186020 1632.9
1186030 1633.9
1186040 1633.9
1186050 1633.8
1186060 1633.7
1186070 1633.8
1186080 1633.8
1186090 1634.0
1186100 1632.7
1186110 1632.7
1186120 1635.6
1186130 1631.9
1186140 1631.9
1186150 1628.0
1186160 1623.5
1186170 1623.5
1186180 1617.8
1186190 1613.0
1186200 1613.0
1186210 1611.4
1186220 1609.1
1186230 1609.1
1186240 1605.7
1186250 1603.4
1186260 1603.4
1186270 1601.8
1186280 1600.4
1186290 1600.4
1186300 1598.5
1186310 1594.7
1186320 1594.7
1186330 1588.9
1186340 1581.4
1186350 1581.4
1186360 1572.0
1186370 1562.8
1186380 1562.8
1186390 1554.5
1186400 1547.4
1186410 1544.4
1186420 1544.4
1186430 1543.4
1186440 1541.4
1186450 1541.4
1186460 1537.9
1186470 1534.3
1186480 1534.3
1186490 1531.1
1186500 1528.4
1186510 1528.4
1186520 1525.7
1186530 1523.1
1186540 1523.1
1186550 1513.0
1186560 1509.9
1186570 1509.9
1186580 1505.7
1186590 1500.2
1186600 1500.2
1186610 1493.1
1186620 1485.4
1186630 1485.4
1186640 1478.2
1186650 1472.9
1186660 1472.9
1186670 1470.1
1186680 1467.8
1186690 1467.8
1186700 1464.5
1186710 1460.1
1186720 1460.1
1186730 1454.2
1186740 1447.3
1186750 1440.5
1186760 1440.5
1186770 1434.2
1186780 1430.7
1186790 1430.7
1186800 1430.0
1186810 1429.6
1186820 1429.6
1186830 1428.9
1186840 1425.0
1186850 1425.0
1186860 1416.1
1186870 1407.4
1186880 1407.4
1186890 1401.7
1186900 1395.4
1186910 1395.4
1186920 1388.4
1186930 1384.2
1186940 1384.2
1186950 1382.2
1186960 1379.6
1186970 1379.6
1186980 1368.9
1186990 1363.9
1187000 1363.9
1187010 1358.6
1187020 1353.2
1187030 1353.2
1187040 1347.3
1187050 1341.3
1187060 1341.3
1187070 1335.8
1187080 1330.6
1187090 1325.7
1187100 1325.7
1187110 1320.8
1187120 1316.9
1187130 1316.9
1187140 1312.3
1187150 1307.4
1187160 1307.4
1187170 1303.1
1187180 1298.8
1187190 1298.8
1187200 1294.1
1187210 1289.5
1187220 1289.5
1187230 1284.3
1187240 1278.9
1187250 1278.9
1187260 1274.4
1187270 1270.6
1187280 1270.6
1187290 1266.8
1187300 1262.9
1187310 1262.9
1187320 1259.1
1187330 1255.0
1187340 1255.0
1187350 1251.2
1187360 1247.3
1187370 1247.3
1187380 1243.1
1187390 1239.2
1187400 1239.2
1187410 1235.9
1187420 1232.5
1187430 1229.0
1187440 1229.0
1187450 1225.6
1187460 1221.9
1187470 1221.9
1187480 1217.7
1187490 1213.7
1187500 1213.7
1187510 1209.6
1187520 1206.0
1187530 1206.0
1187540 1203.1
1187550 1199.6
1187560 1199.6
1187570 1195.7
1187580 1192.3
1187590 1192.3
1187600 1189.1
1187610 1185.7
1187620 1185.7
1187630 1182.2
1187640 1178.2
1187650 1178.2
1187660 1174.0
1187670 1170.0
1187680 1170.0
1187690 1166.0
1187700 1162.1
1187710 1162.1
1187720 1158.0
1187730 1154.2
1187740 1154.2
1187750 1150.6
1187760 1147.5
1187770 1143.4
1187780 1143.4
1187790 1138.9
1187800 1133.5
1187810 1133.5
1187820 1127.0
1187830 1121.1
1187840 1122.3
1187850 1117.2
1187860 1112.2
1187870 1112.2
1187880 1107.7
1187890 1102.1
1187900 1102.1
1187910 1095.5
1187920 1084.7
1187930 1084.7
1187940 1068.1
1187950 1060.1
1187960 1060.1
1187970 1057.8
1187980 1050.1
1187990 1050.1
1188000 1047.0
1188010 1042.5
1188020 1042.5
1188030 1040.9
1188040 1043.0
1188050 1043.0
1188060 1042.0
1188070 1038.1
1188080 1038.1
1188090 1030.5
1188100 1024.9
1188110 1027.5
1188120 1027.5
1188130 1033.6
1188140 1037.1
1188150 1037.1
1188160 1038.0
1188170 1035.4
1188180 1035.4
1188190 1048.7
1188200 1055.2
1188210 1055.2
1188220 1054.7
1188230 1052.7
1188240 1052.7
1188250 1050.0
1188260 1047.3
1188270 1047.5
1188280 1043.6
1188290 1039.5
1188300 1039.5
1188310 1034.9
1188320 1029.6
1188330 1029.6
1188340 1023.9
1188350 1018.8
1188360 1018.8
1188370 1015.1
1188380 1011.8
1188390 1011.8
1188400 1008.3
1188410 1003.4
1188420 1003.4
1188430 997.5
1188440 991.3
1188450 985.7
1188460 985.7
1188470 981.4
1188480 978.4
1188490 978.4
1188500 976.7
1188510 977.1
1188520 977.1
1188530 978.4
1188540 977.9
1188550 977.9
1188560 975.3
1188570 971.1
1188580 971.1
1188590 967.2
1188600 964.2
1188610 964.2
1188620 960.8
1188630 958.1
1188640 958.1
1188650 955.7
1188660 953.2
1188670 953.2
1188680 950.7
1188690 949.0
1188700 948.4
1188710 947.4
1188720 946.8
1188730 946.8
1188740 945.7
1188750 945.0
1188760 945.0
1188770 944.1
1188780 943.4
1188790 942.7
1188800 942.7
1188810 942.2
1188820 941.7
1188830 941.7
1188840 939.9
1188850 938.6
1188860 938.6
1188870 937.8
1188880 937.3
1188890 937.3
1188900 937.1
1188910 936.9
1188920 936.9
1188930 936.9
1188940 936.8
1188950 936.8
1188960 936.3
1188970 935.3
1188980 935.3
1188990 934.5
1189000 933.1
1189010 933.1
1189020 932.0
1189030 931.6
1189040 931.6
1189050 931.5
1189060 931.5
1189070 931.5
1189080 931.5
1189090 930.9
1189100 930.9
1189110 929.0
1189120 928.2
1189130 927.3
1189140 927.3
1189150 926.6
1189160 925.8
1189170 925.8
1189180 925.0
1189190 924.1
1189200 924.1
1189210 923.3
1189220 922.7
1189230 922.7
1189240 922.2
1189250 921.4
1189260 921.4
1189270 920.9
1189280 920.3
1189290 920.3
1189300 920.0
1189310 919.7
1189320 919.7
1189330 919.5
1189340 919.2
1189350 919.2
1189360 918.8
1189370 917.6
1189380 917.6
1189390 915.3
1189400 913.6
1189410 913.6
1189420 910.9
1189430 910.3
1189440 910.3
1189450 909.8
1189460 909.4
1189470 909.0
1189480 909.0
1189490 908.7
1189500 908.9
1189510 908.9
1189520 908.9
1189530 908.0
1189540 908.0
1189550 907.1
1189560 906.5
1189570 907.0
1189580 906.4
1189590 905.4
1189600 905.4
1189610 904.2
1189620 903.7
1189630 903.7
1189640 903.4
1189650 901.8
1189660 901.8
1189670 899.9
1189680 899.8
1189690 899.8
1189700 899.9
1189710 900.0
1189720 900.0
1189730 900.0
1189740 900.1
1189750 900.1
1189760 900.0
1189770 900.0
1189780 900.0
1189790 899.9
1189800 899.8
1189810 899.6
1189820 899.6
1189830 898.2
1189840 894.8
1189850 894.8
1189860 893.7
1189870 892.6
1189880 892.6
1189890 891.9
1189900 891.3
1189910 891.3
1189920 890.7
1189930 890.2
1189940 890.2
1189950 889.8
1189960 889.4
1189970 889.4
1189980 888.9
1189990 888.3
1190000 888.4
1190010 887.8
1190020 887.2
1190030 887.2
1190040 886.7
1190050 886.0
1190060 886.0
1190070 885.5
1190080 884.9
1190090 884.9
1190100 884.2
1190110 883.4
1190120 883.4
1190130 882.8
1190140 882.3
1190150 881.9
1190160 881.9
1190170 881.4
1190180 880.9
1190190 880.9
1190200 880.4
1190210 879.8
1190220 879.8
1190230 879.2
1190240 878.7
1190250 878.7
1190260 878.0
1190270 877.4
1190280 877.4
1190290 876.8
1190300 876.3
1190310 876.3
1190320 875.6
1190330 875.0
1190340 875.0
1190350 874.4
1190360 873.9
1190370 873.9
1190380 873.5
1190390 873.0
1190400 873.0
1190410 872.6
1190420 872.2
1190430 872.0
1190440 871.5
1190450 871.0
1190460 871.0
1190470 870.6
1190480 870.1
1190490 869.5
1190500 869.5
1190510 869.0
1190520 868.5
1190530 868.5
1190540 868.0
1190550 867.6
1190560 867.6
1190570 867.1
1190580 866.8
1190590 866.8
1190600 866.5
1190610 866.3
1190620 866.3
1190630 866.1
1190640 865.8
1190650 865.8
1190660 865.6
1190670 865.4
1190680 865.4
1190690 865.2
1190700 865.0
1190710 865.0
1190720 864.9
1190730 864.8
1190740 864.8
1190750 864.4
1190760 864.1
1190770 864.1
1190780 863.8
1190790 863.6
1190800 863.6
1190810 863.5
1190820 863.4
1190830 863.3
1190840 863.3
1190850 863.1
1190860 863.0
1190870 863.1
1190880 863.0
1190890 862.8
1190900 862.8
1190910 862.9
1190920 863.2
1190930 863.2
1190940 863.5
1190950 863.6
1190960 863.6
1190970 863.2
1190980 863.2
1190990 863.2
1191000 863.0
1191010 862.9
1191020 862.9
1191030 862.8
1191040 862.6
1191050 862.6
1191060 862.3
1191070 862.0
1191080 862.0
1191090 861.7
1191100 861.4
1191110 861.4
1191120 860.9
1191130 860.6
1191140 860.6
1191150 860.3
1191160 859.7
1191170 859.5
1191180 859.5
1191190 859.5
1191200 859.5
1191210 859.5
1191220 859.3
1191230 859.2
1191240 859.2
1191250 859.1
1191260 859.0
1191270 859.0
1191280 856.5
1191290 853.2
1191300 853.2
1191310 852.2
1191320 851.7
1191330 851.7
1191340 851.3
1191350 851.3
1191360 851.3
1191370 851.6
1191380 850.6
1191390 850.6
1191400 849.5
1191410 849.0
1191420 849.0
1191430 849.2
1191440 849.4
1191450 849.4
1191460 849.5
1191470 849.5
1191480 849.5
1191490 849.6
1191500 849.0
1191510 848.2
1191520 848.2
1191530 848.2
1191540 848.2
1191550 848.2
1191560 848.2
1191570 848.1
1191580 848.1
1191590 848.0
1191600 847.1
1191610 847.1
1191620 845.3
1191630 845.0
1191640 845.0
1191650 844.9
1191660 844.9
1191670 844.9
1191680 844.9
1191690 845.0
1191700 845.0
1191710 845.3
1191720 845.2
1191730 845.2
1191740 845.2
1191750 845.0
1191760 845.0
1191770 845.1
1191780 845.1
1191790 845.1
1191800 845.3
1191810 845.6
1191820 845.6
1191830 846.4
1191840 846.3
1191850 845.9
1191860 845.9
1191870 845.7
1191880 845.4
1191890 845.4
1191900 846.8
1191910 848.3
1191920 848.3
1191930 848.8
1191940 849.2
1191950 849.2
1191960 848.9
1191970 848.4
1191980 848.4
1191990 848.6
1192000 847.8
1192010 847.8
1192020 847.3
1192030 847.6
1192040 847.6
1192050 847.7
1192060 847.3
1192070 847.3
1192080 847.1
1192090 847.0
1192100 847.0
1192110 847.1
1192120 847.2
1192130 847.2
1192140 847.4
1192150 847.3
1192160 847.3
1192170 847.2
1192180 847.2
1192190 847.2
1192200 847.2
1192210 847.1
1192220 847.0
1192230 847.0
1192240 846.9
1192250 847.0
1192260 847.0
1192270 846.9
1192280 846.8
1192290 846.8
1192300 846.9
1192310 846.9
1192320 846.9
1192330 846.6
1192340 846.6
1192350 846.6
1192360 846.5
1192370 846.6
1192380 846.6
1192390 847.5
1192400 847.7
1192410 847.7
1192420 847.5
1192430 847.5
1192440 847.5
1192450 847.6
1192460 847.7
1192470 847.7
1192480 847.9
1192490 848.2
1192500 848.2
1192510 848.1
1192520 848.0
1192530 848.0
1192540 848.0
1192550 850.3
1192560 852.2
1192570 852.2
1192580 852.2
1192590 852.2
1192600 852.2
1192610 852.0
1192620 852.1
1192630 852.1
1192640 852.2
1192650 852.3
1192660 852.3
1192670 852.5
1192680 853.4
1192690 853.4
1192700 853.6
1192710 853.6
1192720 853.6
1192730 853.9
1192740 854.3
1192750 854.3
1192760 854.2
1192770 854.4
1192780 854.4
1192790 854.7
1192800 855.0
1192810 855.0
1192820 855.8
1192830 856.3
1192840 856.3
1192850 856.4
1192860 856.3
1192870 856.3
1192880 856.1
1192890 855.9
1192900 855.6
1192910 855.6
1192920 855.4
1192930 855.4
1192940 855.4
1192950 855.1
1192960 854.7
1192970 854.7
1192980 854.5
1192990 854.3
1193000 854.3
1193010 854.2
1193020 854.2
1193030 854.2
1193040 854.4
1193050 854.4
1193060 854.4
1193070 854.8
1193080 854.4
1193090 854.4
1193100 854.2
1193110 854.1
1193120 854.1
1193130 853.9
1193140 853.9
1193150 853.9
1193160 853.6
1193170 853.4
1193180 853.4
1193190 853.3
1193200 853.2
1193210 853.2
1193220 853.0
1193230 852.9
1193240 852.8
1193250 852.8
1193260 852.8
1193270 852.7
1193280 852.7
1193290 852.7
1193300 852.7
1193310 852.7
1193320 852.7
1193330 852.7
1193340 852.7
1193350 852.7
1193360 852.7
1193370 852.7
1193380 852.7
1193390 852.9
1193400 852.9
1193410 852.9
1193420 852.8
1193430 852.8
1193440 852.6
1193450 852.6
1193460 852.6
1193470 852.6
1193480 852.6
1193490 852.7
1193500 852.7
1193510 852.4
1193520 852.4
1193530 851.9
1193540 850.9
1193550 850.9
1193560 849.9
1193570 849.7
1193580 849.3
1193590 849.3
1193600 849.5
1193610 849.7
1193620 849.7
1193630 849.8
1193640 850.3
1193650 850.3
1193660 851.1
1193670 852.3
1193680 852.3
1193690 852.6
1193700 853.2
1193710 853.2
1193720 852.8
1193730 852.3
1193740 852.3
1193750 852.9
1193760 851.5
1193770 851.5
1193780 851.3
1193790 851.4
1193800 851.4
1193810 851.6
1193820 851.8
1193830 851.8
1193840 851.6
1193850 851.0
1193860 851.0
1193870 851.0
1193880 851.2
1193890 851.2
1193900 851.2
1193910 851.1
1193920 851.2
1193930 851.2
1193940 851.3
1193950 851.3
1193960 851.3
1193970 852.0
1193980 852.4
1193990 852.4
1194000 852.5
1194010 852.7
1194020 852.7
1194030 852.5
1194040 852.4
1194050 852.4
1194060 852.3
1194070 851.7
1194080 851.7
1194090 851.4
1194100 851.5
1194110 851.5
1194120 851.6
1194130 851.5
1194140 851.5
1194150 851.2
1194160 851.0
1194170 851.0
1194180 851.6
1194190 852.2
1194200 852.2
1194210 853.3
1194220 856.0
1194230 856.0
1194240 857.1
1194250 857.0
1194260 857.4
1194270 857.4
1194280 858.0
1194290 859.0
1194300 859.0
1194310 859.1
1194320 859.1
1194330 859.1
1194340 859.5
1194350 860.6
1194360 860.6
1194370 864.7
1194380 866.4
1194390 866.4
1194400 866.9
1194410 867.8
1194420 867.8
1194430 866.5
1194440 864.3
1194450 864.3
1194460 862.9
1194470 862.0
1194480 862.0
1194490 862.5
1194500 864.4
1194510 864.4
1194520 865.1
1194530 865.4
1194540 865.4
1194550 865.5
1194560 865.9
1194570 865.9
1194580 867.0
1194590 870.0
1194600 872.3
1194610 872.3
1194620 873.0
1194630 873.7
1194640 873.7
1194650 874.4
1194660 875.2
1194670 875.2
1194680 876.5
1194690 875.0
1194700 875.0
1194710 873.0
1194720 870.6
1194730 870.6
1194740 868.6
1194750 867.8
1194760 867.8
1194770 869.3
1194780 868.9
1194790 868.9
1194800 869.5
1194810 874.1
1194820 874.1
1194830 875.5
1194840 876.8
1194850 876.8
1194860 878.1
1194870 879.3
1194880 879.3
1194890 878.9
1194900 879.0
1194910 879.0
1194920 879.4
1194930 879.4
1194940 879.3
1194950 879.3
1194960 879.5
1194970 879.7
1194980 879.7
1194990 879.0
1195000 877.8
1195010 877.8
1195020 876.0
1195030 875.6
1195040 875.6
1195050 876.5
1195060 876.8
1195070 876.8
1195080 875.5
1195090 875.1
1195100 875.1
1195110 876.3
1195120 879.8
1195130 879.8
1195140 880.4
1195150 880.1
1195160 880.1
1195170 879.9
1195180 879.5
1195190 879.5
1195200 878.7
1195210 878.1
1195220 878.1
1195230 878.0
1195240 878.3
1195250 878.8
1195260 879.6
1195270 879.8
1195280 880.2
1195290 880.2
1195300 880.6
1195310 881.2
1195320 881.2
1195330 881.7
1195340 882.3
1195350 882.3
1195360 882.9
1195370 883.5
1195380 883.5
1195390 884.3
1195400 885.2
1195410 885.2
1195420 886.1
1195430 886.9
1195440 886.9
1195450 887.7
1195460 888.4
1195470 888.4
1195480 889.8
1195490 891.2
1195500 891.2
1195510 891.7
1195520 892.0
1195530 892.0
1195540 893.4
1195550 896.0
1195560 896.0
1195570 896.7
1195580 897.1
1195590 897.1
1195600 897.4
1195610 899.3
1195620 901.0
1195630 901.0
1195640 902.0
1195650 902.7
1195660 902.7
1195670 904.0
1195680 905.9
1195690 905.9
1195700 909.8
1195710 911.6
1195720 911.6
1195730 913.3
1195740 915.0
1195750 915.0
1195760 917.1
1195770 918.5
1195780 918.5
1195790 917.6
1195800 917.0
1195810 917.0
1195820 916.0
1195830 916.0
1195840 916.0
1195850 920.3
1195860 924.3
1195870 924.3
1195880 927.4
1195890 930.4
1195900 930.4
1195910 933.2
1195920 935.4
1195930 935.4
1195940 937.9
1195950 940.7
1195960 943.7
1195970 943.7
1195980 946.5
1195990 949.6
1196000 949.6
1196010 953.7
1196020 958.6
1196030 958.6
1196040 962.9
1196050 966.9
1196060 966.9
1196070 971.2
1196080 976.3
1196090 976.3
1196100 978.1
1196110 978.7
1196120 978.7
1196130 985.5
1196140 991.1
1196150 991.1
1196160 998.0
1196170 1005.0
1196180 1005.0
1196190 1011.6
1196200 1016.4
1196210 1016.4
1196220 1019.4
1196230 1021.9
1196240 1021.9
1196250 1026.2
1196260 1031.2
1196270 1031.2
1196280 1036.0
1196290 1040.9
1196300 1046.8
1196310 1046.8
1196320 1052.9
1196330 1058.8
1196340 1058.8
1196350 1064.6
1196360 1070.5
1196370 1070.5
1196380 1076.7
1196390 1083.3
1196400 1083.3
1196410 1089.9
1196420 1096.0
1196430 1096.0
1196440 1101.0
1196450 1105.6
1196460 1105.6
1196470 1111.7
1196480 1115.9
1196490 1115.9
1196500 1120.2
1196510 1125.6
1196520 1125.6
1196530 1133.6
1196540 1138.5
1196550 1138.5
1196560 1142.6
1196570 1147.4
1196580 1154.1
1196590 1159.1
1196600 1165.0
1196610 1165.0
1196620 1171.2
1196630 1174.8
1196640 1178.5
1196650 1178.5
1196660 1183.3
1196670 1186.7
1196680 1186.7
1196690 1185.7
1196700 1187.3
1196710 1187.3
1196720 1190.3
1196730 1188.4
1196740 1188.4
1196750 1187.5
1196760 1189.1
1196770 1189.1
1196780 1197.9
1196790 1202.7
1196800 1202.7
1196810 1207.2
1196820 1212.8
1196830 1212.8
1196840 1214.9
1196850 1216.0
1196860 1216.0
1196870 1218.4
1196880 1219.7
1196890 1219.7
1196900 1219.5
1196910 1220.0
1196920 1220.0
1196930 1218.9
1196940 1219.7
1196950 1219.7
1196960 1219.8
1196970 1218.5
1196980 1216.9
1196990 1216.9
1197000 1219.9
1197010 1219.8
1197020 1219.8
1197030 1222.8
1197040 1223.1
1197050 1223.1
1197060 1225.2
1197070 1227.0
1197080 1227.0
1197090 1226.2
1197100 1225.3
1197110 1225.3
1197120 1223.5
1197130 1224.3
1197140 1224.3
1197150 1229.1
1197160 1228.1
1197170 1228.1
1197180 1227.7
1197190 1225.0
1197200 1225.0
1197210 1225.6
1197220 1229.9
1197230 1229.9
1197240 1230.7
1197250 1229.8
1197260 1229.8
1197270 1228.1
1197280 1227.5
1197290 1227.5
1197300 1227.1
1197310 1226.9
1197320 1225.5
1197330 1225.5
1197340 1225.5
1197350 1227.9
1197360 1227.9
1197370 1227.2
1197380 1227.2
1197390 1227.2
1197400 1224.2
1197410 1223.5
1197420 1223.5
1197430 1224.3
1197440 1223.1
1197450 1223.1
1197460 1221.0
1197470 1224.6
1197480 1224.6
1197490 1219.5
1197500 1213.4
1197510 1213.4
1197520 1212.3
1197530 1212.8
1197540 1212.8
1197550 1210.7
1197560 1212.8
1197570 1212.8
1197580 1213.1
1197590 1212.2
1197600 1212.2
1197610 1210.6
1197620 1210.1
1197630 1210.1
1197640 1208.5
1197650 1205.4
1197660 1201.8
1197670 1201.8
1197680 1198.0
1197690 1194.9
1197700 1194.9
1197710 1192.7
1197720 1190.9
1197730 1190.9
1197740 1188.5
1197750 1186.4
1197760 1186.4
1197770 1183.5
1197780 1180.1
1197790 1180.1
1197800 1175.8
1197810 1170.9
1197820 1170.9
1197830 1166.5
1197840 1163.0
1197850 1163.0
1197860 1159.0
1197870 1155.5
1197880 1155.5
1197890 1151.5
1197900 1148.9
1197910 1148.9
1197920 1153.3
1197930 1150.6
1197940 1150.6
1197950 1146.1
1197960 1142.7
1197970 1142.7
1197980 1139.0
1197990 1134.2
1198000 1128.3
1198010 1128.3
1198020 1125.9
1198030 1123.2
1198040 1123.2
1198050 1117.5
1198060 1112.7
1198070 1112.7
1198080 1109.1
1198090 1105.1
1198100 1105.1
1198110 1101.1
1198120 1097.4
1198130 1097.4
1198140 1092.9
1198150 1091.4
1198160 1091.4
1198170 1088.8
1198180 1085.3
1198190 1085.3
1198200 1080.3
1198210 1073.1
1198220 1073.1
1198230 1072.9
1198240 1072.6
1198250 1072.6
1198260 1071.9
1198270 1070.8
1198280 1070.8
1198290 1068.6
1198300 1066.1
1198310 1066.1
1198320 1064.4
1198330 1062.8
1198340 1060.8
1198350 1060.8
1198360 1065.1
1198370 1063.2
1198380 1063.2
1198390 1059.5
1198400 1060.3
1198410 1060.3
1198420 1060.4
1198430 1058.8
1198440 1058.8
1198450 1057.2
1198460 1055.9
1198470 1055.9
1198480 1053.9
1198490 1051.4
1198500 1051.4
1198510 1049.7
1198520 1047.9
1198530 1047.9
1198540 1044.5
1198550 1042.3
1198560 1042.3
1198570 1039.6
1198580 1036.5
1198590 1036.5
1198600 1034.1
1198610 1031.5
1198620 1031.5
1198630 1029.1
1198640 1025.5
1198650 1025.5
1198660 1021.6
1198670 1016.5
1198680 1011.9
1198690 1011.9
1198700 1008.8
1198710 1005.0
1198720 1005.0
1198730 999.6
1198740 994.5
1198750 994.5
1198760 990.9
1198770 988.3
1198780 988.3
1198790 986.2
1198800 984.8
1198810 987.0
1198820 986.3
1198830 986.1
1198840 986.1
1198850 984.6
1198860 980.0
1198870 980.0
1198880 975.6
1198890 975.2
1198900 975.2
1198910 974.1
1198920 970.6
1198930 970.6
1198940 970.9
1198950 973.4
1198960 973.4
1198970 977.2
1198980 982.9
1198990 982.9
1199000 985.2
1199010 987.1
1199020 989.0
1199030 989.0
1199040 990.7
1199050 992.8
1199060 992.8
1199070 994.7
1199080 996.6
1199090 996.6
1199100 998.5
1199110 999.3
1199120 999.3
1199130 1000.1
1199140 1002.7
1199150 1002.7
1199160 1006.6
1199170 1011.4
1199180 1011.4
1199190 1016.3
1199200 1021.7
1199210 1021.7
1199220 1027.6
1199230 1033.1
1199240 1033.1
1199250 1038.4
1199260 1040.0
1199270 1040.0
1199280 1044.9
1199290 1048.1
1199300 1048.1
1199310 1050.9
1199320 1055.5
1199330 1055.5
1199340 1059.2
1199350 1063.2
1199360 1066.8
1199370 1066.8
1199380 1070.7
1199390 1074.8
1199400 1074.8
1199410 1078.6
1199420 1081.9
1199430 1081.9
1199440 1085.1
1199450 1088.8
1199460 1088.8
1199470 1092.0
1199480 1095.1
1199490 1095.1
1199500 1099.3
1199510 1104.3
1199520 1104.3
1199530 1107.8
1199540 1111.3
1199550 1111.3
1199560 1116.2
1199570 1121.0
1199580 1121.0
1199590 1124.1
1199600 1127.4
1199610 1127.4
1199620 1132.5
1199630 1136.8
1199640 1136.8
1199650 1140.2
1199660 1143.0
1199670 1143.0
1199680 1145.7
1199690 1149.2
1199700 1146.6
1199710 1146.6
1199720 1149.7
1199730 1152.3
1199740 1152.3
1199750 1156.7
1199760 1160.7
1199770 1160.7
1199780 1164.3
1199790 1167.7
1199800 1167.7
1199810 1175.6
1199820 1181.7
1199830 1181.7
1199840 1172.8
1199850 1167.1
1199860 1167.1
1199870 1164.4
1199880 1164.8
1199890 1164.8
1199900 1175.4
1199910 1175.8
1199920 1175.8
1199930 1179.9
1199940 1185.9
1199950 1185.9
1199960 1185.3
1199970 1185.2
1199980 1185.2
1199990 1198.6
