1180000 1139.1
1180010 1139.4
1180020 1139.8
1180030 1139.8
1180040 1140.3
1180050 1141.7
1180060 1141.7
1180070 1141.7
1180080 1140.8
1180090 1140.8
1180100 1139.4
1180110 1139.2
1180120 1139.2
1180130 1139.4
1180140 1139.3
1180150 1139.3
1180160 1139.2
1180170 1139.1
1180180 1139.1
1180190 1139.2
1180200 1139.6
1180210 1139.6
1180220 1137.9
1180230 1138.4
1180240 1139.7
1180250 1139.7
1180260 1141.0
1180270 1140.9
1180280 1140.9
1180290 1139.3
1180300 1137.3
1180310 1137.3
1180320 1136.5
1180330 1136.7
1180340 1136.7
1180350 1136.9
1180360 1136.8
1180370 1136.8
1180380 1136.5
1180390 1136.1
1180400 1136.1
1180410 1135.3
1180420 1134.7
1180430 1134.7
1180440 1134.5
1180450 1134.3
1180460 1134.3
1180470 1134.2
1180480 1134.0
1180490 1134.0
1180500 1133.7
1180510 1133.4
1180520 1133.4
1180530 1133.0
1180540 1132.7
1180550 1132.7
1180560 1132.4
1180570 1132.0
1180580 1132.0
1180590 1131.7
1180600 1131.5
1180610 1132.5
1180620 1132.5
1180630 1131.8
1180640 1129.7
1180650 1129.7
1180660 1130.5
1180670 1133.4
1180680 1133.4
1180690 1134.0
1180700 1134.2
1180710 1134.2
1180720 1134.1
1180730 1134.8
1180740 1134.8
1180750 1135.9
1180760 1137.2
1180770 1137.2
1180780 1138.4
1180790 1140.5
1180800 1140.5
1180810 1143.3
1180820 1145.8
1180830 1145.8
1180840 1147.0
1180850 1147.4
1180860 1147.4
1180870 1148.3
1180880 1149.3
1180890 1149.3
1180900 1150.6
1180910 1151.4
1180920 1151.4
1180930 1152.2
1180940 1153.3
1180950 1154.9
1180960 1154.9
1180970 1156.5
1180980 1157.9
1180990 1157.9
1181000 1159.5
1181010 1161.3
1181020 1161.3
1181030 1162.5
1181040 1163.5
1181050 1163.5
1181060 1162.5
1181070 1164.1
1181080 1164.1
1181090 1165.0
1181100 1165.5
1181110 1165.5
1181120 1166.2
1181130 1167.2
1181140 1167.2
1181150 1167.6
1181160 1166.6
1181170 1166.6
1181180 1165.7
1181190 1165.3
1181200 1165.3
1181210 1164.8
1181220 1164.9
1181230 1164.9
1181240 1165.6
1181250 1166.6
1181260 1166.6
1181270 1167.4
1181280 1168.0
1181290 1168.4
1181300 1168.4
1181310 1170.6
1181320 1172.4
1181330 1172.4
1181340 1174.3
1181350 1178.0
1181360 1178.0
1181370 1181.0
1181380 1182.8
1181390 1182.8
1181400 1185.5
1181410 1188.3
1181420 1188.3
1181430 1190.0
1181440 1191.4
1181450 1191.4
1181460 1194.6
1181470 1197.2
1181480 1194.3
1181490 1197.0
1181500 1199.8
1181510 1199.8
1181520 1202.5
1181530 1205.7
1181540 1205.7
1181550 1208.7
1181560 1209.9
1181570 1209.9
1181580 1212.1
1181590 1213.3
1181600 1213.3
1181610 1210.8
1181620 1210.9
1181630 1212.9
1181640 1212.9
1181650 1219.5
1181660 1227.5
1181670 1227.5
1181680 1234.7
1181690 1239.3
1181700 1239.3
1181710 1242.3
1181720 1243.9
1181730 1243.9
1181740 1242.8
1181750 1239.9
1181760 1239.9
1181770 1241.6
1181780 1247.4
1181790 1247.4
1181800 1250.6
1181810 1252.8
1181820 1252.8
1181830 1255.2
1181840 1257.4
1181850 1257.4
1181860 1258.0
1181870 1254.3
1181880 1254.3
1181890 1260.1
1181900 1264.2
1181910 1264.2
1181920 1269.0
1181930 1275.2
1181940 1275.2
1181950 1280.0
1181960 1284.7
1181970 1290.1
1181980 1290.1
1181990 1295.7
1182000 1301.4
1182010 1301.4
1182020 1307.2
1182030 1313.5
1182040 1313.5
1182050 1319.9
1182060 1326.5
1182070 1326.5
1182080 1333.3
1182090 1338.2
1182100 1338.2
1182110 1340.0
1182120 1342.1
1182130 1342.1
1182140 1344.6
1182150 1346.2
1182160 1346.2
1182170 1349.1
1182180 1351.2
1182190 1351.2
1182200 1353.3
1182210 1355.3
1182220 1355.3
1182230 1357.0
1182240 1357.5
1182250 1357.5
1182260 1355.7
1182270 1352.1
1182280 1352.1
1182290 1346.3
1182300 1340.0
1182310 1332.9
1182320 1332.9
1182330 1322.5
1182340 1314.2
1182350 1314.2
1182360 1306.9
1182370 1302.5
1182380 1302.5
1182390 1298.7
1182400 1294.4
1182410 1294.4
1182420 1293.9
1182430 1297.3
1182440 1297.3
1182450 1303.6
1182460 1311.4
1182470 1311.4
1182480 1320.0
1182490 1328.6
1182500 1328.6
1182510 1338.4
1182520 1349.7
1182530 1349.7
1182540 1362.1
1182550 1375.1
1182560 1375.1
1182570 1385.1
1182580 1389.0
1182590 1389.0
1182600 1390.2
1182610 1393.8
1182620 1393.8
1182630 1397.8
1182640 1401.0
1182650 1401.0
1182660 1403.3
1182670 1405.9
1182680 1408.1
1182690 1408.1
1182700 1409.2
1182710 1409.2
1182720 1409.2
1182730 1411.3
1182740 1413.8
1182750 1406.6
1182760 1408.5
1182770 1406.5
1182780 1406.5
1182790 1405.9
1182800 1408.8
1182810 1408.8
1182820 1411.5
1182830 1413.6
1182840 1413.6
1182850 1415.6
1182860 1418.7
1182870 1418.7
1182880 1423.0
1182890 1427.1
1182900 1427.1
1182910 1430.7
1182920 1433.4
1182930 1433.4
1182940 1435.6
1182950 1437.3
1182960 1437.3
1182970 1439.4
1182980 1442.1
1182990 1442.1
1183000 1444.8
1183010 1446.6
1183020 1448.0
1183030 1448.0
1183040 1448.6
1183050 1448.8
1183060 1448.8
1183070 1448.6
1183080 1448.1
1183090 1448.1
1183100 1447.5
1183110 1445.3
1183120 1445.3
1183130 1439.8
1183140 1433.0
1183150 1433.0
1183160 1425.6
1183170 1412.9
1183180 1412.9
1183190 1403.6
1183200 1407.5
1183210 1407.5
1183220 1418.2
1183230 1420.7
1183240 1420.7
1183250 1421.8
1183260 1420.9
1183270 1420.9
1183280 1419.2
1183290 1418.2
1183300 1418.2
1183310 1415.9
1183320 1411.2
1183330 1411.2
1183340 1406.8
1183350 1402.0
1183360 1396.2
1183370 1396.2
1183380 1390.9
1183390 1399.3
1183400 1399.3
1183410 1409.2
1183420 1413.4
1183430 1413.4
1183440 1415.0
1183450 1416.4
1183460 1416.4
1183470 1417.5
1183480 1418.8
1183490 1418.8
1183500 1418.7
1183510 1414.5
1183520 1414.5
1183530 1414.4
1183540 1422.4
1183550 1422.4
1183560 1428.8
1183570 1434.5
1183580 1434.5
1183590 1439.8
1183600 1435.1
1183610 1435.1
1183620 1431.7
1183630 1431.1
1183640 1431.1
1183650 1431.1
1183660 1428.6
1183670 1428.6
1183680 1426.3
1183690 1423.4
1183700 1420.3
1183710 1420.3
1183720 1414.7
1183730 1409.1
1183740 1409.1
1183750 1402.5
1183760 1398.7
1183770 1398.7
1183780 1400.1
1183790 1407.3
1183800 1407.3
1183810 1416.2
1183820 1426.2
1183830 1426.2
1183840 1437.3
1183850 1446.6
1183860 1446.6
1183870 1454.6
1183880 1461.4
1183890 1461.4
1183900 1466.8
1183910 1472.3
1183920 1472.3
1183930 1479.9
1183940 1489.6
1183950 1489.6
1183960 1499.0
1183970 1508.4
1183980 1508.4
1183990 1518.8
1184000 1526.6
1184010 1526.6
1184020 1532.0
1184030 1537.4
1184040 1542.1
1184050 1542.1
1184060 1547.6
1184070 1553.2
1184080 1553.2
1184090 1558.7
1184100 1564.6
1184110 1564.6
1184120 1570.8
1184130 1576.9
1184140 1576.9
1184150 1583.0
1184160 1588.8
1184170 1588.8
1184180 1594.6
1184190 1599.9
1184200 1599.9
1184210 1605.9
1184220 1611.0
1184230 1611.0
1184240 1615.7
1184250 1620.2
1184260 1620.2
1184270 1624.2
1184280 1627.6
1184290 1627.6
1184300 1630.3
1184310 1631.7
1184320 1631.7
1184330 1631.3
1184340 1632.8
1184350 1632.8
1184360 1632.8
1184370 1633.5
1184380 1635.7
1184390 1635.7
1184400 1639.2
1184410 1642.3
1184420 1642.3
1184430 1645.7
1184440 1650.1
1184450 1652.3
1184460 1656.4
1184470 1660.2
1184480 1660.2
1184490 1664.0
1184500 1667.6
1184510 1667.6
1184520 1671.9
1184530 1677.2
1184540 1677.2
1184550 1683.1
1184560 1689.1
1184570 1689.1
1184580 1694.9
1184590 1700.8
1184600 1700.8
1184610 1707.7
1184620 1714.2
1184630 1714.2
1184640 1720.9
1184650 1727.5
1184660 1727.5
1184670 1733.8
1184680 1739.7
1184690 1739.7
1184700 1744.8
1184710 1747.2
1184720 1747.4
1184730 1747.4
1184740 1748.1
1184750 1750.5
1184760 1750.5
1184770 1753.0
1184780 1755.5
1184790 1755.5
1184800 1758.1
1184810 1761.2
1184820 1761.2
1184830 1764.9
1184840 1769.4
1184850 1769.4
1184860 1773.8
1184870 1775.5
1184880 1775.5
1184890 1779.6
1184900 1783.9
1184910 1783.9
1184920 1788.8
1184930 1794.1
1184940 1794.1
1184950 1796.0
1184960 1790.3
1184970 1790.3
1184980 1784.0
1184990 1777.6
1185000 1777.6
1185010 1770.9
1185020 1763.8
1185030 1763.8
1185040 1757.7
1185050 1751.6
1185060 1751.6
1185070 1745.5
1185080 1739.6
1185090 1733.9
1185100 1733.9
1185110 1728.4
1185120 1722.8
1185130 1722.8
1185140 1717.3
1185150 1712.3
1185160 1712.3
1185170 1707.8
1185180 1703.2
1185190 1703.2
1185200 1698.3
1185210 1693.0
1185220 1693.0
1185230 1688.6
1185240 1684.0
1185250 1684.0
1185260 1678.8
1185270 1673.5
1185280 1673.5
1185290 1669.5
1185300 1666.2
1185310 1666.2
1185320 1662.9
1185330 1659.5
1185340 1659.5
1185350 1656.4
1185360 1653.6
1185370 1653.6
1185380 1651.4
1185390 1649.0
1185400 1649.0
1185410 1646.9
1185420 1645.1
1185430 1643.6
1185440 1643.6
1185450 1643.6
1185460 1642.3
1185470 1642.3
1185480 1639.4
1185490 1635.5
1185500 1635.5
1185510 1631.7
1185520 1628.6
1185530 1628.6
1185540 1626.6
1185550 1624.8
1185560 1624.8
1185570 1622.8
1185580 1621.0
1185590 1621.0
1185600 1619.6
1185610 1618.3
1185620 1618.3
1185630 1616.5
1185640 1614.4
1185650 1614.4
1185660 1612.1
1185670 1609.9
1185680 1609.9
1185690 1607.7
1185700 1605.8
1185710 1605.8
1185720 1605.8
1185730 1602.9
1185740 1602.9
1185750 1601.7
1185760 1599.6
1185770 1597.2
1185780 1597.2
1185790 1591.8
1185800 1586.6
1185810 1586.6
1185820 1582.0
1185830 1577.1
1185840 1577.1
1185850 1572.5
1185860 1568.2
1185870 1568.2
1185880 1563.9
1185890 1559.4
1185900 1559.4
1185910 1555.6
1185920 1552.5
1185930 1552.5
1185940 1548.5
1185950 1543.8
1185960 1543.8
1185970 1539.8
1185980 1536.4
1185990 1536.4
1186000 1532.1
1186010 1528.2
1186020 1528.2
1186030 1525.0
1186040 1521.4
1186050 1521.4
1186060 1516.7
1186070 1512.1
1186080 1512.1
1186090 1508.6
1186100 1505.5
1186110 1502.0
1186120 1502.0
1186130 1497.9
1186140 1491.6
1186150 1491.6
1186160 1492.7
1186170 1488.5
1186180 1488.5
1186190 1484.5
1186200 1480.1
1186210 1480.1
1186220 1474.9
1186230 1468.0
1186240 1468.0
1186250 1461.4
1186260 1456.2
1186270 1456.2
1186280 1451.4
1186290 1446.9
1186300 1446.9
1186310 1444.2
1186320 1439.7
1186330 1439.7
1186340 1431.5
1186350 1422.7
1186360 1422.7
1186370 1413.9
1186380 1406.3
1186390 1406.3
1186400 1400.0
1186410 1391.4
1186420 1391.4
1186430 1384.9
1186440 1380.3
1186450 1376.1
1186460 1376.1
1186470 1373.3
1186480 1372.0
1186490 1372.0
1186500 1370.0
1186510 1371.4
1186520 1371.4
1186530 1374.9
1186540 1376.4
1186550 1376.4
1186560 1379.9
1186570 1383.2
1186580 1391.1
1186590 1395.7
1186600 1402.4
1186610 1402.4
1186620 1409.8
1186630 1410.7
1186640 1410.7
1186650 1410.4
1186660 1407.5
1186670 1407.5
1186680 1401.6
1186690 1395.2
1186700 1395.2
1186710 1388.4
1186720 1381.8
1186730 1381.8
1186740 1375.5
1186750 1369.5
1186760 1369.5
1186770 1363.4
1186780 1357.3
1186790 1351.5
1186800 1351.5
1186810 1346.0
1186820 1340.3
1186830 1340.3
1186840 1334.7
1186850 1329.4
1186860 1329.4
1186870 1324.7
1186880 1320.3
1186890 1320.3
1186900 1315.8
1186910 1312.0
1186920 1312.0
1186930 1308.8
1186940 1306.2
1186950 1306.2
1186960 1303.2
1186970 1299.4
1186980 1299.4
1186990 1294.6
1187000 1290.1
1187010 1292.4
1187020 1288.8
1187030 1285.4
1187040 1285.4
1187050 1282.0
1187060 1279.1
1187070 1279.1
1187080 1276.8
1187090 1275.0
1187100 1275.0
1187110 1274.3
1187120 1273.9
1187130 1272.4
1187140 1272.4
1187150 1268.4
1187160 1264.7
1187170 1264.7
1187180 1262.4
1187190 1256.3
1187200 1256.3
1187210 1255.8
1187220 1254.3
1187230 1254.3
1187240 1255.6
1187250 1254.4
1187260 1254.4
1187270 1252.5
1187280 1250.4
1187290 1250.4
1187300 1247.9
1187310 1245.0
1187320 1245.0
1187330 1239.6
1187340 1229.7
1187350 1229.7
1187360 1214.2
1187370 1198.4
1187380 1198.4
1187390 1175.4
1187400 1155.7
1187410 1155.7
1187420 1138.8
1187430 1142.5
1187440 1135.5
1187450 1141.5
1187460 1150.0
1187470 1150.0
1187480 1167.6
1187490 1176.3
1187500 1181.9
1187510 1181.9
1187520 1202.6
1187530 1216.1
1187540 1216.1
1187550 1213.4
1187560 1210.5
1187570 1210.5
1187580 1206.6
1187590 1200.7
1187600 1200.7
1187610 1201.8
1187620 1208.6
1187630 1208.6
1187640 1215.4
1187650 1222.2
1187660 1222.2
1187670 1229.3
1187680 1238.3
1187690 1238.3
1187700 1246.4
1187710 1247.8
1187720 1247.8
1187730 1247.2
1187740 1245.2
1187750 1245.2
1187760 1243.4
1187770 1241.8
1187780 1241.8
1187790 1239.9
1187800 1237.6
1187810 1237.6
1187820 1233.7
1187830 1227.0
1187840 1225.0
1187850 1225.0
1187860 1225.7
1187870 1221.3
1187880 1221.3
1187890 1219.7
1187900 1216.4
1187910 1216.4
1187920 1213.2
1187930 1209.8
1187940 1209.8
1187950 1206.2
1187960 1202.3
1187970 1202.3
1187980 1199.9
1187990 1196.8
1188000 1196.8
1188010 1191.8
1188020 1187.6
1188030 1187.6
1188040 1182.5
1188050 1178.1
1188060 1178.1
1188070 1173.8
1188080 1170.9
1188090 1170.9
1188100 1168.1
1188110 1164.2
1188120 1164.2
1188130 1159.6
1188140 1152.8
1188150 1152.8
1188160 1146.1
1188170 1141.0
1188180 1138.0
1188190 1138.0
1188200 1133.8
1188210 1132.0
1188220 1132.0
1188230 1129.2
1188240 1125.1
1188250 1125.1
1188260 1124.6
1188270 1123.3
1188280 1123.3
1188290 1121.1
1188300 1118.2
1188310 1127.6
1188320 1123.9
1188330 1120.7
1188340 1120.7
1188350 1116.9
1188360 1110.2
1188370 1110.2
1188380 1104.1
1188390 1098.7
1188400 1098.7
1188410 1094.4
1188420 1090.0
1188430 1090.0
1188440 1083.6
1188450 1077.5
1188460 1077.5
1188470 1077.2
1188480 1075.0
1188490 1075.0
1188500 1069.5
1188510 1064.5
1188520 1059.2
1188530 1059.2
1188540 1053.6
1188550 1047.6
1188560 1047.6
1188570 1041.4
1188580 1037.7
1188590 1037.7
1188600 1034.2
1188610 1029.6
1188620 1029.6
1188630 1023.0
1188640 1016.1
1188650 1016.1
1188660 1007.1
1188670 1000.1
1188680 1000.1
1188690 1003.2
1188700 1006.5
1188710 1006.5
1188720 1003.6
1188730 999.5
1188740 995.3
1188750 994.4
1188760 992.6
1188770 992.6
1188780 987.0
1188790 984.5
1188800 984.5
1188810 985.5
1188820 984.8
1188830 984.8
1188840 982.3
1188850 981.1
1188860 980.7
1188870 980.7
1188880 979.3
1188890 977.3
1188900 977.3
1188910 976.2
1188920 975.6
1188930 975.6
1188940 975.2
1188950 974.5
1188960 974.5
1188970 972.7
1188980 970.2
1188990 970.2
1189000 967.5
1189010 964.4
1189020 964.4
1189030 962.1
1189040 959.5
1189050 959.5
1189060 958.4
1189070 958.4
1189080 958.4
1189090 957.3
1189100 955.7
1189110 955.7
1189120 954.1
1189130 952.4
1189140 952.4
1189150 950.9
1189160 949.6
1189170 948.3
1189180 946.8
1189190 944.9
1189200 943.4
1189210 943.4
1189220 942.1
1189230 940.1
1189240 940.1
1189250 938.0
1189260 936.5
1189270 936.5
1189280 935.0
1189290 933.4
1189300 933.4
1189310 931.1
1189320 929.4
1189330 929.4
1189340 928.2
1189350 926.4
1189360 926.4
1189370 925.8
1189380 925.3
1189390 925.3
1189400 923.1
1189410 921.2
1189420 921.2
1189430 920.0
1189440 918.9
1189450 918.9
1189460 917.3
1189470 916.0
1189480 916.0
1189490 914.8
1189500 912.8
1189510 912.8
1189520 910.9
1189530 909.5
1189540 908.1
1189550 908.1
1189560 906.7
1189570 906.0
1189580 906.0
1189590 905.6
1189600 902.9
1189610 902.9
1189620 901.7
1189630 900.7
1189640 900.7
1189650 899.6
1189660 898.7
1189670 898.7
1189680 898.2
1189690 897.4
1189700 897.4
1189710 896.6
1189720 895.6
1189730 895.6
1189740 895.4
1189750 895.1
1189760 895.1
1189770 894.8
1189780 893.9
1189790 893.9
1189800 893.3
1189810 892.5
1189820 892.5
1189830 891.5
1189840 890.3
1189850 890.3
1189860 889.2
1189870 888.5
1189880 888.5
1189890 887.4
1189900 886.6
1189910 885.5
1189920 885.5
1189930 884.9
1189940 884.4
1189950 884.4
1189960 883.8
1189970 883.2
1189980 883.2
1189990 882.8
1190000 882.4
1190010 882.4
1190020 882.0
1190030 881.4
1190040 881.4
1190050 881.2
1190060 880.7
1190070 880.7
1190080 880.0
1190090 879.6
1190100 879.6
1190110 879.5
1190120 878.7
1190130 878.7
1190140 877.3
1190150 876.9
1190160 876.9
1190170 876.2
1190180 875.3
1190190 875.3
1190200 874.3
1190210 873.7
1190220 873.7
1190230 873.0
1190240 872.2
1190250 871.5
1190260 871.5
1190270 871.4
1190280 871.0
1190290 871.0
1190300 870.6
1190310 870.1
1190320 870.1
1190330 869.4
1190340 868.8
1190350 868.8
1190360 868.3
1190370 868.1
1190380 868.1
1190390 866.5
1190400 865.3
1190410 865.3
1190420 865.2
1190430 865.6
1190440 865.6
1190450 866.0
1190460 866.5
1190470 867.7
1190480 867.5
1190490 867.1
1190500 867.1
1190510 866.9
1190520 866.7
1190530 866.7
1190540 866.5
1190550 866.3
1190560 866.3
1190570 866.1
1190580 866.0
1190590 865.9
1190600 865.9
1190610 865.8
1190620 865.8
1190630 865.8
1190640 865.7
1190650 865.7
1190660 865.7
1190670 865.6
1190680 865.5
1190690 865.5
1190700 865.5
1190710 865.3
1190720 865.3
1190730 865.2
1190740 865.2
1190750 865.2
1190760 865.1
1190770 865.0
1190780 865.0
1190790 864.9
1190800 865.0
1190810 865.0
1190820 865.0
1190830 865.0
1190840 865.0
1190850 865.1
1190860 865.2
1190870 865.2
1190880 865.4
1190890 865.4
1190900 865.4
1190910 865.5
1190920 865.4
1190930 865.2
1190940 865.2
1190950 864.9
1190960 864.5
1190970 864.5
1190980 863.8
1190990 862.8
1191000 862.8
1191010 861.5
1191020 859.8
1191030 859.8
1191040 858.0
1191050 857.4
1191060 857.4
1191070 857.1
1191080 857.0
1191090 857.0
1191100 856.7
1191110 856.6
1191120 856.6
1191130 856.6
1191140 856.6
1191150 856.6
1191160 856.8
1191170 856.6
1191180 856.6
1191190 856.2
1191200 856.0
1191210 856.0
1191220 856.0
1191230 855.2
1191240 855.2
1191250 851.8
1191260 848.2
1191270 847.2
1191280 847.2
1191290 847.2
1191300 847.2
1191310 847.2
1191320 847.1
1191330 847.0
1191340 847.1
1191350 847.2
1191360 847.2
1191370 847.2
1191380 847.1
1191390 847.1
1191400 847.1
1191410 847.1
1191420 847.1
1191430 847.1
1191440 847.2
1191450 847.2
1191460 847.2
1191470 847.1
1191480 847.0
1191490 847.0
1191500 847.0
1191510 846.9
1191520 846.9
1191530 846.9
1191540 846.9
1191550 846.9
1191560 846.9
1191570 846.9
1191580 846.9
1191590 846.9
1191600 846.9
1191610 846.8
1191620 846.8
1191630 846.8
1191640 846.9
1191650 846.9
1191660 847.0
1191670 846.7
1191680 846.7
1191690 846.5
1191700 846.6
1191710 846.6
1191720 846.5
1191730 846.2
1191740 846.2
1191750 846.0
1191760 846.0
1191770 846.0
1191780 846.0
1191790 845.9
1191800 845.9
1191810 845.8
1191820 845.8
1191830 845.8
1191840 845.8
1191850 845.7
1191860 845.7
1191870 845.3
1191880 845.2
1191890 845.2
1191900 845.1
1191910 845.1
1191920 845.1
1191930 844.7
1191940 844.6
1191950 844.5
1191960 844.5
1191970 844.5
1191980 844.6
1191990 844.6
1192000 844.6
1192010 844.5
1192020 844.5
1192030 844.5
1192040 844.5
1192050 844.5
1192060 845.0
1192070 844.0
1192080 844.0
1192090 842.8
1192100 842.5
1192110 842.5
1192120 842.5
1192130 842.3
1192140 842.3
1192150 842.2
1192160 841.8
1192170 841.8
1192180 841.7
1192190 841.7
1192200 841.7
1192210 841.7
1192220 841.8
1192230 841.8
1192240 841.8
1192250 841.9
1192260 841.9
1192270 842.2
1192280 842.0
1192290 842.0
1192300 843.0
1192310 844.8
1192320 845.2
1192330 845.2
1192340 845.2
1192350 845.3
1192360 845.3
1192370 845.7
1192380 845.3
1192390 845.3
1192400 845.3
1192410 845.5
1192420 845.5
1192430 845.4
1192440 845.6
1192450 845.6
1192460 846.2
1192470 846.6
1192480 846.6
1192490 847.1
1192500 847.6
1192510 847.6
1192520 848.5
1192530 850.8
1192540 850.8
1192550 852.2
1192560 854.8
1192570 854.8
1192580 856.8
1192590 857.0
1192600 857.0
1192610 858.0
1192620 859.2
1192630 859.2
1192640 858.5
1192650 858.1
1192660 858.0
1192670 858.0
1192680 857.3
1192690 855.9
1192700 855.9
1192710 854.6
1192720 854.0
1192730 854.0
1192740 854.0
1192750 854.0
1192760 854.0
1192770 854.2
1192780 854.3
1192790 854.3
1192800 854.1
1192810 853.9
1192820 853.9
1192830 853.8
1192840 853.7
1192850 853.7
1192860 853.5
1192870 853.4
1192880 853.4
1192890 853.2
1192900 852.8
1192910 852.8
1192920 852.4
1192930 852.3
1192940 852.3
1192950 852.0
1192960 851.8
1192970 851.8
1192980 851.3
1192990 850.7
1193000 850.0
1193010 850.0
1193020 849.6
1193030 850.2
1193040 850.2
1193050 851.4
1193060 851.6
1193070 851.6
1193080 851.3
1193090 851.9
1193100 851.9
1193110 852.7
1193120 852.8
1193130 852.8
1193140 852.9
1193150 852.8
1193160 852.8
1193170 852.9
1193180 852.9
1193190 852.9
1193200 852.9
1193210 852.9
1193220 852.9
1193230 852.8
1193240 852.8
1193250 852.8
1193260 852.7
1193270 852.6
1193280 852.6
1193290 852.6
1193300 852.7
1193310 852.7
1193320 852.7
1193330 852.6
1193340 852.5
1193350 852.5
1193360 852.3
1193370 852.0
1193380 852.0
1193390 851.8
1193400 851.7
1193410 851.7
1193420 851.4
1193430 851.5
1193440 851.5
1193450 851.6
1193460 851.8
1193470 851.8
1193480 852.0
1193490 852.0
1193500 852.0
1193510 852.0
1193520 851.9
1193530 851.9
1193540 852.1
1193550 851.6
1193560 851.6
1193570 851.6
1193580 851.7
1193590 851.7
1193600 851.5
1193610 851.4
1193620 851.4
1193630 851.6
1193640 851.4
1193650 851.4
1193660 851.3
1193670 851.3
1193680 851.2
1193690 851.2
1193700 851.0
1193710 850.8
1193720 850.8
1193730 850.5
1193740 850.2
1193750 850.2
1193760 850.2
1193770 850.1
1193780 850.1
1193790 850.0
1193800 849.9
1193810 849.9
1193820 849.7
1193830 849.8
1193840 849.8
1193850 849.7
1193860 849.8
1193870 849.8
1193880 849.8
1193890 849.7
1193900 849.7
1193910 849.7
1193920 849.8
1193930 849.8
1193940 849.8
1193950 849.7
1193960 849.7
1193970 849.7
1193980 849.8
1193990 849.8
1194000 849.7
1194010 849.6
1194020 849.5
1194030 849.5
1194040 849.4
1194050 849.2
1194060 849.2
1194070 849.0
1194080 848.8
1194090 848.8
1194100 848.7
1194110 848.5
1194120 848.5
1194130 848.3
1194140 848.5
1194150 848.5
1194160 848.6
1194170 848.6
1194180 848.6
1194190 848.7
1194200 848.8
1194210 848.8
1194220 849.0
1194230 849.2
1194240 849.2
1194250 848.7
1194260 848.9
1194270 848.9
1194280 849.0
1194290 849.1
1194300 849.1
1194310 848.8
1194320 848.7
1194330 848.7
1194340 848.6
1194350 848.6
1194360 848.7
1194370 848.7
1194380 848.6
1194390 848.7
1194400 848.7
1194410 848.7
1194420 848.9
1194430 848.9
1194440 848.9
1194450 848.9
1194460 848.9
1194470 848.8
1194480 848.8
1194490 848.8
1194500 848.8
1194510 848.8
1194520 848.8
1194530 848.9
1194540 849.0
1194550 849.0
1194560 849.0
1194570 848.9
1194580 848.9
1194590 849.1
1194600 849.3
1194610 849.3
1194620 849.5
1194630 849.8
1194640 849.8
1194650 850.2
1194660 851.0
1194670 851.0
1194680 851.1
1194690 851.2
1194700 851.2
1194710 851.3
1194720 851.5
1194730 851.2
1194740 851.2
1194750 851.3
1194760 851.6
1194770 851.6
1194780 851.7
1194790 851.7
1194800 851.7
1194810 851.7
1194820 851.7
1194830 851.7
1194840 851.7
1194850 853.2
1194860 853.2
1194870 854.4
1194880 855.0
1194890 855.0
1194900 856.2
1194910 856.6
1194920 856.6
1194930 856.5
1194940 857.2
1194950 857.2
1194960 858.1
1194970 857.1
1194980 857.1
1194990 856.9
1195000 858.1
1195010 858.1
1195020 859.1
1195030 859.6
1195040 859.6
1195050 860.4
1195060 859.8
1195070 859.7
1195080 859.7
1195090 859.5
1195100 858.9
1195110 858.9
1195120 858.5
1195130 858.9
1195140 858.9
1195150 859.8
1195160 862.0
1195170 862.0
1195180 862.9
1195190 862.9
1195200 862.9
1195210 865.5
1195220 867.7
1195230 867.7
1195240 869.2
1195250 870.8
1195260 870.8
1195270 874.6
1195280 875.0
1195290 873.3
1195300 873.2
1195310 873.6
1195320 873.6
1195330 874.1
1195340 875.8
1195350 875.8
1195360 878.8
1195370 880.9
1195380 880.9
1195390 880.9
1195400 880.6
1195410 879.1
1195420 879.1
1195430 876.6
1195440 876.6
1195450 876.6
1195460 877.7
1195470 879.0
1195480 879.0
1195490 879.5
1195500 880.6
1195510 880.6
1195520 881.3
1195530 883.5
1195540 883.5
1195550 885.8
1195560 887.0
1195570 887.0
1195580 887.1
1195590 886.9
1195600 886.9
1195610 887.3
1195620 888.4
1195630 888.4
1195640 890.4
1195650 892.5
1195660 892.5
1195670 894.2
1195680 895.7
1195690 895.7
1195700 896.7
1195710 897.4
1195720 897.4
1195730 897.5
1195740 897.2
1195750 896.7
1195760 896.7
1195770 896.1
1195780 894.8
1195790 894.8
1195800 893.1
1195810 891.1
1195820 891.1
1195830 889.0
1195840 887.1
1195850 887.1
1195860 885.0
1195870 883.1
1195880 883.1
1195890 881.4
1195900 880.6
1195910 880.6
1195920 881.7
1195930 883.2
1195940 883.2
1195950 880.3
1195960 878.5
1195970 878.5
1195980 878.3
1195990 878.3
1196000 878.3
1196010 878.5
1196020 878.8
1196030 878.8
1196040 879.1
1196050 879.2
1196060 879.2
1196070 879.4
1196080 879.7
1196090 879.9
1196100 879.9
1196110 880.2
1196120 880.7
1196130 880.7
1196140 881.4
1196150 881.9
1196160 881.9
1196170 882.5
1196180 883.9
1196190 883.9
1196200 885.1
1196210 886.1
1196220 886.1
1196230 887.1
1196240 888.1
1196250 888.1
1196260 889.2
1196270 890.4
1196280 890.4
1196290 891.5
1196300 892.7
1196310 892.7
1196320 893.8
1196330 894.9
1196340 894.9
1196350 896.0
1196360 897.1
1196370 897.1
1196380 898.7
1196390 902.1
1196400 902.1
1196410 905.4
1196420 905.7
1196430 905.7
1196440 905.7
1196450 905.6
1196460 904.6
1196470 904.6
1196480 903.1
1196490 902.1
1196500 902.1
1196510 902.2
1196520 902.3
1196530 902.3
1196540 902.2
1196550 901.9
1196560 901.9
1196570 900.6
1196580 899.8
1196590 899.8
1196600 899.8
1196610 901.9
1196620 904.5
1196630 905.5
1196640 906.2
1196650 906.2
1196660 906.3
1196670 907.0
1196680 907.0
1196690 909.2
1196700 913.5
1196710 913.5
1196720 916.9
1196730 919.0
1196740 919.0
1196750 923.2
1196760 925.8
1196770 928.4
1196780 928.4
1196790 930.7
1196800 933.2
1196810 933.2
1196820 935.5
1196830 937.0
1196840 937.0
1196850 937.7
1196860 939.5
1196870 939.5
1196880 942.0
1196890 944.6
1196900 944.6
1196910 948.2
1196920 950.6
1196930 950.6
1196940 946.6
1196950 939.2
1196960 939.2
1196970 932.7
1196980 926.6
1196990 926.6
1197000 920.8
1197010 916.8
1197020 916.8
1197030 913.0
1197040 909.2
1197050 909.2
1197060 906.9
1197070 904.4
1197080 904.4
1197090 902.4
1197100 900.3
1197110 897.6
1197120 897.6
1197130 894.6
1197140 894.4
1197150 894.4
1197160 894.6
1197170 894.1
1197180 894.1
1197190 894.6
1197200 895.4
1197210 895.4
1197220 895.5
1197230 895.0
1197240 895.0
1197250 894.1
1197260 893.6
1197270 893.6
1197280 893.7
1197290 894.3
1197300 894.3
1197310 895.2
1197320 896.0
1197330 896.0
1197340 896.3
1197350 896.5
1197360 896.5
1197370 896.4
1197380 896.9
1197390 896.9
1197400 896.7
1197410 896.4
1197420 896.4
1197430 896.3
1197440 896.1
1197450 896.1
1197460 896.1
1197470 896.3
1197480 896.4
1197490 896.4
1197500 896.3
1197510 895.0
1197520 895.0
1197530 895.0
1197540 895.1
1197550 895.1
1197560 895.2
1197570 895.3
1197580 895.3
1197590 895.4
1197600 895.5
1197610 895.5
1197620 895.6
1197630 895.6
1197640 895.6
1197650 895.6
1197660 895.7
1197670 895.7
1197680 895.7
1197690 895.7
1197700 895.7
1197710 895.7
1197720 896.6
1197730 896.6
1197740 898.9
1197750 903.3
1197760 903.3
1197770 910.6
1197780 917.5
1197790 917.5
1197800 923.6
1197810 929.1
1197820 933.5
1197830 933.5
1197840 935.6
1197850 939.3
1197860 939.3
1197870 946.5
1197880 951.0
1197890 951.0
1197900 955.8
1197910 961.5
1197920 961.5
1197930 966.9
1197940 971.6
1197950 969.1
1197960 970.1
1197970 972.1
1197980 972.1
1197990 976.5
1198000 982.0
1198010 982.0
1198020 988.4
1198030 994.0
1198040 994.0
1198050 999.1
1198060 1003.4
1198070 1003.4
1198080 1002.4
1198090 1004.3
1198100 1004.3
1198110 1012.4
1198120 1022.0
1198130 1022.0
1198140 1029.4
1198150 1034.1
1198160 1037.5
1198170 1037.5
1198180 1039.8
1198190 1043.0
1198200 1043.0
1198210 1047.4
1198220 1051.8
1198230 1051.8
1198240 1053.7
1198250 1056.8
1198260 1056.8
1198270 1060.7
1198280 1063.1
1198290 1063.1
1198300 1065.5
1198310 1066.6
1198320 1066.6
1198330 1069.5
1198340 1073.6
1198350 1073.6
1198360 1077.3
1198370 1081.3
1198380 1081.3
1198390 1086.1
1198400 1091.3
1198410 1091.3
1198420 1093.8
1198430 1095.1
1198440 1095.1
1198450 1094.2
1198460 1095.0
1198470 1095.0
1198480 1098.4
1198490 1102.5
1198500 1104.1
1198510 1104.1
1198520 1102.1
1198530 1102.8
1198540 1102.8
1198550 1106.2
1198560 1110.2
1198570 1110.2
1198580 1112.4
1198590 1115.2
1198600 1115.2
1198610 1117.1
1198620 1120.4
1198630 1120.4
1198640 1125.9
1198650 1131.6
1198660 1131.6
1198670 1136.2
1198680 1139.9
1198690 1139.9
1198700 1143.7
1198710 1149.6
1198720 1149.6
1198730 1155.8
1198740 1160.4
1198750 1160.4
1198760 1165.7
1198770 1170.7
1198780 1170.7
1198790 1171.0
1198800 1168.1
1198810 1168.1
1198820 1173.6
1198830 1183.8
1198840 1193.8
1198850 1189.1
1198860 1194.2
1198870 1197.7
1198880 1197.7
1198890 1202.3
1198900 1207.4
1198910 1207.4
1198920 1214.2
1198930 1222.0
1198940 1222.0
1198950 1227.4
1198960 1232.4
1198970 1232.4
1198980 1237.6
1198990 1242.8
1199000 1242.8
1199010 1247.6
1199020 1252.1
1199030 1252.1
1199040 1256.4
1199050 1261.0
1199060 1261.0
1199070 1266.0
1199080 1271.2
1199090 1271.2
1199100 1275.3
1199110 1277.3
1199120 1277.3
1199130 1277.8
1199140 1280.9
1199150 1280.9
1199160 1286.6
1199170 1293.2
1199180 1300.9
1199190 1300.9
1199200 1308.7
1199210 1316.9
1199220 1316.9
1199230 1325.8
1199240 1333.9
1199250 1333.9
1199260 1339.1
1199270 1343.5
1199280 1343.5
1199290 1341.5
1199300 1345.6
1199310 1345.6
1199320 1350.9
1199330 1355.6
1199340 1355.6
1199350 1359.3
1199360 1362.8
1199370 1362.8
1199380 1365.7
1199390 1367.9
1199400 1367.9
1199410 1373.5
1199420 1379.5
1199430 1379.5
1199440 1383.7
1199450 1387.8
1199460 1387.8
1199470 1391.0
1199480 1392.4
1199490 1392.4
1199500 1396.9
1199510 1403.8
1199520 1408.7
1199530 1408.7
1199540 1413.7
1199550 1419.5
1199560 1419.5
1199570 1426.2
1199580 1433.3
1199590 1433.3
1199600 1440.4
1199610 1447.7
1199620 1447.7
1199630 1453.6
1199640 1458.7
1199650 1458.7
1199660 1463.8
1199670 1468.7
1199680 1468.7
1199690 1473.4
1199700 1478.0
1199710 1478.0
1199720 1482.6
1199730 1487.4
1199740 1484.3
1199750 1488.4
1199760 1492.1
1199770 1492.1
1199780 1497.1
1199790 1503.1
1199800 1503.1
1199810 1508.5
1199820 1513.6
1199830 1513.6
1199840 1518.8
1199850 1523.5
1199860 1528.1
1199870 1528.1
1199880 1532.6
1199890 1536.5
1199900 1536.5
1199910 1540.0
1199920 1543.1
1199930 1543.1
1199940 1545.9
1199950 1548.8
1199960 1548.8
1199970 1551.4
1199980 1553.8
1199990 1553.8
