1180000 1134.5
1180010 1134.5
1180020 1133.8
1180030 1133.1
1180040 1133.1
1180050 1132.6
1180060 1132.0
1180070 1132.0
1180080 1131.2
1180090 1130.6
1180100 1130.6
1180110 1130.3
1180120 1130.1
1180130 1130.1
1180140 1129.9
1180150 1129.8
1180160 1129.8
1180170 1129.9
1180180 1130.2
1180190 1130.2
1180200 1129.6
1180210 1127.8
1180220 1127.8
1180230 1126.6
1180240 1126.4
1180250 1126.4
1180260 1126.4
1180270 1126.2
1180280 1126.2
1180290 1126.1
1180300 1126.1
1180310 1126.0
1180320 1126.0
1180330 1125.6
1180340 1125.4
1180350 1125.4
1180360 1125.5
1180370 1125.9
1180380 1125.9
1180390 1126.4
1180400 1127.1
1180410 1127.1
1180420 1127.7
1180430 1129.5
1180440 1129.5
1180450 1130.0
1180460 1127.7
1180470 1127.7
1180480 1127.3
1180490 1126.9
1180500 1126.9
1180510 1126.7
1180520 1126.6
1180530 1126.6
1180540 1126.5
1180550 1126.4
1180560 1126.4
1180570 1126.3
1180580 1126.2
1180590 1126.2
1180600 1126.0
1180610 1125.8
1180620 1125.8
1180630 1125.6
1180640 1125.4
1180650 1125.4
1180660 1125.2
1180670 1125.0
1180680 1124.9
1180690 1124.9
1180700 1124.8
1180710 1124.6
1180720 1124.6
1180730 1124.4
1180740 1124.2
1180750 1124.2
1180760 1124.5
1180770 1124.3
1180780 1124.3
1180790 1124.3
1180800 1124.5
1180810 1124.5
1180820 1125.0
1180830 1125.6
1180840 1125.6
1180850 1126.3
1180860 1127.0
1180870 1127.0
1180880 1127.8
1180890 1128.7
1180900 1128.7
1180910 1129.5
1180920 1130.3
1180930 1130.3
1180940 1131.1
1180950 1132.0
1180960 1132.0
1180970 1133.2
1180980 1134.2
1180990 1134.2
1181000 1135.4
1181010 1135.7
1181020 1136.0
1181030 1136.0
1181040 1136.6
1181050 1137.3
1181060 1137.3
1181070 1138.1
1181080 1138.8
1181090 1138.8
1181100 1138.8
1181110 1139.2
1181120 1139.2
1181130 1139.9
1181140 1141.0
1181150 1141.0
1181160 1142.2
1181170 1143.3
1181180 1143.3
1181190 1144.2
1181200 1145.4
1181210 1145.4
1181220 1147.0
1181230 1148.2
1181240 1148.2
1181250 1149.5
1181260 1150.0
1181270 1150.0
1181280 1150.8
1181290 1152.1
1181300 1152.1
1181310 1153.0
1181320 1154.1
1181330 1154.1
1181340 1155.0
1181350 1155.6
1181360 1156.7
1181370 1156.7
1181380 1157.3
1181390 1159.2
1181400 1159.2
1181410 1160.7
1181420 1162.9
1181430 1162.9
1181440 1163.5
1181450 1163.8
1181460 1163.8
1181470 1163.9
1181480 1163.9
1181490 1163.9
1181500 1164.9
1181510 1166.4
1181520 1164.4
1181530 1165.3
1181540 1166.3
1181550 1166.3
1181560 1166.6
1181570 1165.9
1181580 1165.9
1181590 1166.2
1181600 1166.8
1181610 1166.8
1181620 1166.8
1181630 1166.6
1181640 1166.6
1181650 1166.4
1181660 1166.9
1181670 1166.9
1181680 1167.6
1181690 1167.9
1181700 1167.6
1181710 1167.6
1181720 1167.6
1181730 1168.5
1181740 1168.5
1181750 1169.5
1181760 1170.0
1181770 1170.0
1181780 1170.2
1181790 1170.4
1181800 1170.4
1181810 1170.9
1181820 1172.1
1181830 1172.1
1181840 1172.9
1181850 1174.3
1181860 1174.3
1181870 1176.2
1181880 1178.8
1181890 1178.8
1181900 1181.2
1181910 1185.4
1181920 1185.4
1181930 1189.8
1181940 1190.6
1181950 1190.6
1181960 1193.5
1181970 1196.2
1181980 1196.2
1181990 1198.7
1182000 1200.8
1182010 1200.8
1182020 1203.3
1182030 1207.1
1182040 1211.1
1182050 1211.1
1182060 1214.6
1182070 1215.8
1182080 1215.8
1182090 1215.7
1182100 1217.4
1182110 1217.4
1182120 1220.1
1182130 1222.0
1182140 1222.0
1182150 1222.1
1182160 1220.8
1182170 1220.8
1182180 1220.1
1182190 1221.5
1182200 1221.5
1182210 1224.1
1182220 1227.5
1182230 1227.5
1182240 1231.5
1182250 1235.5
1182260 1235.5
1182270 1237.4
1182280 1238.6
1182290 1238.6
1182300 1240.5
1182310 1243.5
1182320 1243.5
1182330 1246.2
1182340 1247.9
1182350 1247.9
1182360 1252.0
1182370 1259.5
1182380 1265.8
1182390 1265.8
1182400 1271.4
1182410 1277.8
1182420 1277.8
1182430 1283.9
1182440 1288.4
1182450 1288.4
1182460 1292.1
1182470 1296.4
1182480 1296.4
1182490 1298.9
1182500 1300.1
1182510 1300.1
1182520 1300.9
1182530 1301.8
1182540 1301.8
1182550 1302.5
1182560 1304.4
1182570 1304.4
1182580 1305.6
1182590 1305.1
1182600 1305.1
1182610 1304.8
1182620 1304.5
1182630 1304.5
1182640 1304.0
1182650 1304.3
1182660 1304.3
1182670 1305.3
1182680 1306.0
1182690 1306.0
1182700 1306.0
1182710 1303.2
1182720 1302.4
1182730 1302.4
1182740 1301.4
1182750 1297.9
1182760 1297.9
1182770 1296.3
1182780 1302.1
1182790 1296.2
1182800 1296.2
1182810 1292.8
1182820 1292.8
1182830 1290.0
1182840 1289.7
1182850 1289.7
1182860 1288.6
1182870 1287.1
1182880 1287.1
1182890 1283.5
1182900 1279.7
1182910 1279.7
1182920 1277.3
1182930 1276.1
1182940 1276.1
1182950 1275.7
1182960 1276.9
1182970 1276.9
1182980 1277.9
1182990 1279.6
1183000 1279.6
1183010 1280.6
1183020 1280.8
1183030 1280.8
1183040 1280.8
1183050 1279.3
1183060 1279.3
1183070 1277.1
1183080 1277.6
1183090 1278.6
1183100 1278.6
1183110 1279.9
1183120 1282.3
1183130 1282.3
1183140 1283.8
1183150 1286.9
1183160 1286.9
1183170 1292.1
1183180 1297.3
1183190 1297.3
1183200 1303.9
1183210 1317.2
1183220 1317.2
1183230 1322.0
1183240 1328.1
1183250 1328.1
1183260 1337.2
1183270 1344.2
1183280 1344.2
1183290 1351.8
1183300 1358.8
1183310 1358.8
1183320 1365.2
1183330 1366.0
1183340 1366.0
1183350 1363.0
1183360 1359.8
1183370 1359.8
1183380 1358.3
1183390 1360.8
1183400 1360.8
1183410 1365.2
1183420 1367.9
1183430 1371.2
1183440 1371.2
1183450 1373.1
1183460 1374.6
1183470 1374.6
1183480 1375.6
1183490 1378.7
1183500 1378.7
1183510 1381.2
1183520 1384.6
1183530 1384.6
1183540 1389.1
1183550 1390.8
1183560 1390.8
1183570 1390.3
1183580 1388.3
1183590 1388.3
1183600 1384.8
1183610 1379.4
1183620 1379.4
1183630 1374.4
1183640 1379.7
1183650 1379.7
1183660 1387.5
1183670 1396.9
1183680 1396.9
1183690 1406.4
1183700 1414.8
1183710 1414.8
1183720 1420.2
1183730 1425.6
1183740 1425.6
1183750 1429.8
1183760 1431.3
1183770 1435.2
1183780 1435.2
1183790 1441.4
1183800 1442.9
1183810 1442.9
1183820 1444.0
1183830 1446.0
1183840 1446.0
1183850 1451.1
1183860 1458.1
1183870 1458.1
1183880 1463.5
1183890 1465.7
1183900 1465.7
1183910 1466.4
1183920 1467.8
1183930 1467.8
1183940 1470.0
1183950 1466.1
1183960 1466.1
1183970 1461.4
1183980 1457.5
1183990 1457.5
1184000 1457.2
1184010 1455.8
1184020 1455.8
1184030 1455.0
1184040 1457.8
1184050 1457.8
1184060 1465.6
1184070 1466.5
1184080 1466.5
1184090 1470.1
1184100 1476.9
1184110 1483.5
1184120 1483.5
1184130 1490.5
1184140 1496.8
1184150 1496.8
1184160 1505.3
1184170 1512.5
1184180 1512.5
1184190 1517.6
1184200 1524.1
1184210 1524.1
1184220 1528.5
1184230 1528.8
1184240 1528.8
1184250 1529.7
1184260 1530.9
1184270 1530.9
1184280 1530.5
1184290 1530.1
1184300 1530.1
1184310 1530.8
1184320 1533.0
1184330 1533.0
1184340 1535.9
1184350 1540.3
1184360 1540.3
1184370 1544.2
1184380 1547.7
1184390 1547.7
1184400 1552.0
1184410 1555.9
1184420 1555.9
1184430 1561.9
1184440 1568.0
1184450 1575.8
1184460 1575.8
1184470 1581.6
1184480 1587.8
1184490 1596.4
1184500 1601.8
1184510 1606.0
1184520 1606.0
1184530 1609.7
1184540 1612.6
1184550 1612.6
1184560 1614.1
1184570 1613.2
1184580 1613.2
1184590 1615.9
1184600 1619.4
1184610 1619.4
1184620 1623.6
1184630 1630.5
1184640 1630.5
1184650 1639.4
1184660 1646.6
1184670 1646.6
1184680 1652.6
1184690 1658.3
1184700 1658.3
1184710 1663.5
1184720 1668.5
1184730 1668.5
1184740 1673.2
1184750 1677.7
1184760 1677.7
1184770 1681.6
1184780 1686.8
1184790 1693.0
1184800 1693.0
1184810 1698.3
1184820 1703.3
1184830 1703.3
1184840 1708.6
1184850 1714.0
1184860 1714.0
1184870 1720.2
1184880 1726.9
1184890 1726.9
1184900 1733.3
1184910 1738.4
1184920 1735.3
1184930 1736.3
1184940 1732.8
1184950 1732.8
1184960 1729.0
1184970 1726.9
1184980 1726.9
1184990 1724.6
1185000 1722.0
1185010 1722.0
1185020 1718.7
1185030 1714.9
1185040 1714.9
1185050 1711.7
1185060 1708.3
1185070 1708.3
1185080 1704.5
1185090 1700.2
1185100 1700.2
1185110 1695.6
1185120 1691.8
1185130 1689.0
1185140 1689.0
1185150 1687.0
1185160 1684.3
1185170 1684.3
1185180 1681.9
1185190 1680.0
1185200 1680.0
1185210 1677.7
1185220 1676.0
1185230 1676.0
1185240 1674.5
1185250 1673.3
1185260 1673.3
1185270 1671.0
1185280 1668.5
1185290 1668.5
1185300 1666.8
1185310 1664.5
1185320 1664.5
1185330 1659.5
1185340 1649.9
1185350 1649.9
1185360 1645.3
1185370 1641.2
1185380 1641.2
1185390 1638.9
1185400 1636.2
1185410 1636.2
1185420 1633.4
1185430 1630.7
1185440 1630.7
1185450 1628.0
1185460 1625.3
1185470 1622.2
1185480 1622.2
1185490 1620.5
1185500 1618.2
1185510 1618.2
1185520 1616.8
1185530 1615.2
1185540 1615.2
1185550 1613.5
1185560 1611.9
1185570 1611.9
1185580 1610.2
1185590 1606.9
1185600 1606.9
1185610 1604.1
1185620 1603.8
1185630 1603.8
1185640 1602.7
1185650 1600.9
1185660 1600.9
1185670 1599.0
1185680 1597.2
1185690 1597.2
1185700 1595.5
1185710 1593.9
1185720 1593.9
1185730 1592.1
1185740 1590.2
1185750 1590.2
1185760 1588.3
1185770 1582.1
1185780 1582.1
1185790 1579.3
1185800 1576.2
1185810 1573.5
1185820 1573.5
1185830 1571.2
1185840 1568.3
1185850 1568.3
1185860 1564.6
1185870 1560.2
1185880 1560.2
1185890 1555.4
1185900 1551.0
1185910 1551.0
1185920 1546.8
1185930 1542.2
1185940 1542.2
1185950 1537.7
1185960 1533.8
1185970 1533.8
1185980 1530.1
1185990 1526.3
1186000 1526.3
1186010 1523.0
1186020 1519.4
1186030 1519.4
1186040 1512.6
1186050 1505.5
1186060 1505.5
1186070 1499.1
1186080 1484.6
1186090 1484.6
1186100 1471.5
1186110 1468.3
1186120 1468.3
1186130 1463.0
1186140 1455.5
1186150 1455.5
1186160 1447.6
1186170 1440.3
1186180 1433.8
1186190 1433.8
1186200 1425.4
1186210 1420.7
1186220 1420.7
1186230 1416.5
1186240 1412.1
1186250 1412.1
1186260 1406.8
1186270 1402.1
1186280 1402.1
1186290 1398.3
1186300 1398.1
1186310 1398.1
1186320 1399.1
1186330 1399.3
1186340 1399.3
1186350 1401.0
1186360 1400.7
1186370 1400.7
1186380 1394.1
1186390 1390.2
1186400 1390.2
1186410 1382.3
1186420 1375.1
1186430 1375.1
1186440 1370.3
1186450 1364.8
1186460 1364.8
1186470 1360.9
1186480 1362.0
1186490 1362.0
1186500 1364.1
1186510 1358.2
1186520 1352.9
1186530 1352.9
1186540 1347.1
1186550 1338.8
1186560 1338.8
1186570 1331.9
1186580 1327.4
1186590 1327.4
1186600 1323.5
1186610 1313.8
1186620 1313.8
1186630 1317.6
1186640 1312.8
1186650 1312.8
1186660 1304.9
1186670 1301.2
1186680 1301.2
1186690 1297.2
1186700 1289.8
1186710 1289.8
1186720 1278.5
1186730 1266.6
1186740 1266.6
1186750 1264.6
1186760 1271.0
1186770 1271.0
1186780 1272.6
1186790 1272.4
1186800 1272.4
1186810 1272.6
1186820 1271.8
1186830 1271.8
1186840 1272.2
1186850 1270.5
1186860 1264.2
1186870 1264.2
1186880 1258.5
1186890 1253.3
1186900 1253.3
1186910 1253.9
1186920 1248.9
1186930 1248.9
1186940 1247.3
1186950 1248.0
1186960 1248.0
1186970 1248.8
1186980 1246.2
1186990 1246.2
1187000 1243.2
1187010 1239.4
1187020 1239.4
1187030 1236.0
1187040 1229.7
1187050 1229.7
1187060 1223.9
1187070 1215.0
1187080 1215.0
1187090 1214.2
1187100 1219.4
1187110 1219.4
1187120 1226.8
1187130 1232.7
1187140 1232.7
1187150 1226.4
1187160 1217.9
1187170 1217.9
1187180 1213.9
1187190 1217.2
1187200 1218.3
1187210 1218.3
1187220 1217.6
1187230 1218.8
1187240 1218.8
1187250 1223.5
1187260 1227.7
1187270 1227.7
1187280 1229.3
1187290 1230.0
1187300 1230.0
1187310 1230.8
1187320 1228.8
1187330 1228.8
1187340 1224.4
1187350 1219.9
1187360 1219.9
1187370 1216.2
1187380 1212.4
1187390 1212.4
1187400 1207.9
1187410 1204.4
1187420 1204.4
1187430 1201.7
1187440 1199.3
1187450 1199.3
1187460 1196.6
1187470 1193.3
1187480 1193.3
1187490 1185.8
1187500 1179.9
1187510 1179.9
1187520 1174.3
1187530 1169.8
1187540 1164.0
1187550 1164.0
1187560 1145.6
1187570 1131.2
1187580 1131.2
1187590 1123.8
1187600 1116.2
1187610 1116.2
1187620 1107.9
1187630 1094.5
1187640 1094.5
1187650 1082.8
1187660 1076.0
1187670 1076.0
1187680 1085.2
1187690 1107.5
1187700 1107.5
1187710 1115.7
1187720 1119.8
1187730 1119.8
1187740 1121.3
1187750 1121.4
1187760 1121.4
1187770 1123.7
1187780 1131.0
1187790 1131.0
1187800 1144.7
1187810 1164.1
1187820 1164.1
1187830 1182.6
1187840 1188.1
1187850 1188.1
1187860 1187.9
1187870 1187.1
1187880 1187.0
1187890 1187.0
1187900 1187.5
1187910 1187.5
1187920 1187.2
1187930 1186.5
1187940 1186.0
1187950 1186.0
1187960 1184.5
1187970 1181.9
1187980 1181.9
1187990 1179.9
1188000 1178.2
1188010 1178.2
1188020 1177.2
1188030 1176.2
1188040 1176.2
1188050 1175.0
1188060 1172.6
1188070 1172.6
1188080 1168.5
1188090 1163.9
1188100 1163.9
1188110 1160.2
1188120 1158.7
1188130 1158.7
1188140 1157.5
1188150 1156.1
1188160 1156.1
1188170 1154.0
1188180 1151.2
1188190 1151.2
1188200 1146.2
1188210 1139.2
1188220 1133.3
1188230 1133.3
1188240 1128.1
1188250 1123.3
1188260 1123.3
1188270 1118.5
1188280 1115.5
1188290 1115.5
1188300 1114.3
1188310 1110.0
1188320 1110.0
1188330 1105.5
1188340 1101.3
1188350 1094.0
1188360 1090.7
1188370 1087.4
1188380 1087.4
1188390 1084.6
1188400 1081.5
1188410 1081.5
1188420 1077.6
1188430 1074.6
1188440 1074.6
1188450 1071.8
1188460 1067.9
1188470 1067.9
1188480 1061.9
1188490 1055.7
1188500 1055.7
1188510 1051.2
1188520 1047.6
1188530 1047.6
1188540 1044.0
1188550 1039.7
1188560 1035.2
1188570 1035.2
1188580 1030.7
1188590 1026.3
1188600 1026.3
1188610 1022.1
1188620 1018.4
1188630 1018.4
1188640 1014.4
1188650 1010.1
1188660 1010.1
1188670 1006.0
1188680 1001.2
1188690 1001.2
1188700 996.8
1188710 991.9
1188720 991.9
1188730 986.7
1188740 981.3
1188750 981.3
1188760 975.3
1188770 968.8
1188780 968.7
1188790 963.8
1188800 960.1
1188810 960.1
1188820 957.0
1188830 953.9
1188840 953.9
1188850 951.3
1188860 948.6
1188870 948.6
1188880 946.8
1188890 945.3
1188900 943.9
1188910 943.9
1188920 942.4
1188930 940.0
1188940 940.0
1188950 938.0
1188960 937.0
1188970 937.0
1188980 936.1
1188990 935.1
1189000 935.1
1189010 934.0
1189020 932.7
1189030 932.7
1189040 931.1
1189050 930.0
1189060 930.0
1189070 928.9
1189080 927.9
1189090 927.9
1189100 926.8
1189110 925.6
1189120 925.6
1189130 924.5
1189140 923.5
1189150 923.5
1189160 922.7
1189170 921.5
1189180 921.5
1189190 920.7
1189200 919.6
1189210 919.0
1189220 918.0
1189230 918.1
1189240 918.1
1189250 917.5
1189260 916.1
1189270 915.4
1189280 915.4
1189290 914.1
1189300 912.8
1189310 912.8
1189320 912.0
1189330 911.6
1189340 911.6
1189350 910.9
1189360 909.9
1189370 909.9
1189380 909.2
1189390 908.4
1189400 908.4
1189410 908.1
1189420 907.7
1189430 907.7
1189440 906.5
1189450 905.2
1189460 905.2
1189470 904.3
1189480 903.8
1189490 903.8
1189500 902.9
1189510 902.1
1189520 902.1
1189530 901.4
1189540 900.8
1189550 900.8
1189560 900.2
1189570 899.6
1189580 899.6
1189590 898.9
1189600 898.3
1189610 897.7
1189620 897.7
1189630 897.0
1189640 896.5
1189650 896.5
1189660 896.0
1189670 895.4
1189680 895.4
1189690 894.8
1189700 894.1
1189710 894.1
1189720 893.4
1189730 892.8
1189740 892.8
1189750 892.3
1189760 891.8
1189770 891.8
1189780 891.2
1189790 890.7
1189800 890.7
1189810 890.3
1189820 889.8
1189830 889.8
1189840 889.4
1189850 889.0
1189860 889.0
1189870 888.4
1189880 887.8
1189890 887.8
1189900 887.3
1189910 886.8
1189920 886.8
1189930 886.4
1189940 885.9
1189950 885.5
1189960 885.5
1189970 884.9
1189980 884.3
1189990 884.3
1190000 883.5
1190010 883.0
1190020 883.0
1190030 882.5
1190040 882.0
1190050 882.0
1190060 881.4
1190070 881.1
1190080 881.2
1190090 880.4
1190100 880.0
1190110 880.0
1190120 879.9
1190130 879.3
1190140 879.3
1190150 878.8
1190160 878.4
1190170 878.4
1190180 877.9
1190190 877.4
1190200 877.4
1190210 877.0
1190220 876.6
1190230 876.6
1190240 875.9
1190250 875.2
1190260 875.2
1190270 875.0
1190280 874.7
1190290 873.4
1190300 873.4
1190310 872.9
1190320 872.3
1190330 872.3
1190340 871.9
1190350 871.6
1190360 871.6
1190370 871.6
1190380 871.2
1190390 871.2
1190400 870.6
1190410 870.3
1190420 870.3
1190430 869.9
1190440 869.5
1190450 869.5
1190460 869.1
1190470 868.8
1190480 868.8
1190490 868.5
1190500 868.1
1190510 867.8
1190520 867.5
1190530 867.1
1190540 867.1
1190550 866.7
1190560 866.3
1190570 866.3
1190580 865.9
1190590 865.6
1190600 865.6
1190610 865.5
1190620 865.4
1190630 865.0
1190640 865.0
1190650 864.4
1190660 863.8
1190670 863.8
1190680 863.3
1190690 863.0
1190700 863.0
1190710 862.7
1190720 862.5
1190730 862.5
1190740 862.3
1190750 862.0
1190760 862.0
1190770 861.9
1190780 861.7
1190790 861.7
1190800 861.6
1190810 861.4
1190820 861.4
1190830 861.2
1190840 861.0
1190850 861.0
1190860 860.8
1190870 860.6
1190880 860.6
1190890 860.3
1190900 860.1
1190910 860.1
1190920 859.9
1190930 859.5
1190940 859.5
1190950 859.7
1190960 859.6
1190970 859.4
1190980 859.4
1190990 859.2
1191000 859.1
1191010 859.1
1191020 858.9
1191030 858.8
1191040 858.8
1191050 858.7
1191060 858.5
1191070 858.5
1191080 858.5
1191090 858.5
1191100 858.5
1191110 858.4
1191120 856.3
1191130 856.3
1191140 853.1
1191150 852.7
1191160 852.7
1191170 853.9
1191180 855.1
1191190 855.1
1191200 856.6
1191210 856.3
1191220 856.3
1191230 853.1
1191240 851.0
1191250 851.0
1191260 850.6
1191270 850.2
1191280 850.2
1191290 850.0
1191300 849.8
1191310 849.5
1191320 849.5
1191330 849.2
1191340 849.0
1191350 849.0
1191360 848.9
1191370 848.8
1191380 848.8
1191390 848.7
1191400 849.0
1191410 849.0
1191420 849.1
1191430 848.6
1191440 848.6
1191450 848.5
1191460 848.2
1191470 848.2
1191480 847.5
1191490 847.2
1191500 847.2
1191510 847.1
1191520 847.2
1191530 847.2
1191540 847.7
1191550 847.5
1191560 847.5
1191570 847.0
1191580 846.8
1191590 846.8
1191600 846.9
1191610 846.9
1191620 846.9
1191630 846.8
1191640 846.7
1191650 846.7
1191660 846.7
1191670 846.7
1191680 846.8
1191690 846.8
1191700 846.8
1191710 846.7
1191720 846.7
1191730 846.3
1191740 845.6
1191750 845.6
1191760 845.6
1191770 845.6
1191780 845.6
1191790 845.4
1191800 845.2
1191810 845.2
1191820 845.2
1191830 845.3
1191840 845.3
1191850 845.3
1191860 845.3
1191870 845.3
1191880 845.4
1191890 845.4
1191900 845.4
1191910 845.4
1191920 845.9
1191930 845.9
1191940 845.3
1191950 844.1
1191960 844.1
1191970 843.6
1191980 843.7
1191990 843.7
1192000 843.6
1192010 843.5
1192020 843.5
1192030 843.5
1192040 843.5
1192050 843.6
1192060 843.6
1192070 843.6
1192080 843.6
1192090 843.6
1192100 843.6
1192110 843.5
1192120 843.5
1192130 843.2
1192140 842.6
1192150 842.6
1192160 842.2
1192170 842.2
1192180 842.2
1192190 842.2
1192200 843.3
1192210 843.3
1192220 847.0
1192230 847.3
1192240 847.3
1192250 847.2
1192260 847.3
1192270 847.3
1192280 845.8
1192290 846.1
1192300 846.1
1192310 846.7
1192320 847.5
1192330 847.5
1192340 847.2
1192350 846.1
1192360 846.8
1192370 846.8
1192380 846.9
1192390 846.3
1192400 846.3
1192410 846.5
1192420 847.6
1192430 847.6
1192440 846.4
1192450 845.3
1192460 845.3
1192470 845.1
1192480 845.2
1192490 845.2
1192500 845.4
1192510 845.5
1192520 845.5
1192530 845.5
1192540 845.5
1192550 845.5
1192560 845.5
1192570 845.6
1192580 845.6
1192590 845.6
1192600 845.7
1192610 845.7
1192620 845.8
1192630 845.8
1192640 845.8
1192650 845.8
1192660 845.8
1192670 845.8
1192680 845.7
1192690 845.7
1192700 846.0
1192710 846.0
1192720 847.8
1192730 848.7
1192740 848.7
1192750 849.3
1192760 850.9
1192770 850.9
1192780 852.0
1192790 851.9
1192800 851.9
1192810 852.2
1192820 852.3
1192830 852.3
1192840 852.3
1192850 852.8
1192860 852.8
1192870 854.1
1192880 854.4
1192890 854.4
1192900 854.4
1192910 854.3
1192920 854.3
1192930 854.2
1192940 854.2
1192950 854.2
1192960 854.0
1192970 853.9
1192980 853.9
1192990 853.8
1193000 853.7
1193010 853.7
1193020 853.5
1193030 853.3
1193040 853.2
1193050 853.2
1193060 853.1
1193070 853.0
1193080 853.0
1193090 853.1
1193100 853.1
1193110 853.1
1193120 853.1
1193130 853.1
1193140 853.1
1193150 853.1
1193160 853.0
1193170 853.0
1193180 852.9
1193190 853.0
1193200 853.0
1193210 853.1
1193220 853.1
1193230 853.1
1193240 853.1
1193250 853.1
1193260 853.1
1193270 852.9
1193280 852.7
1193290 852.7
1193300 852.6
1193310 852.5
1193320 852.5
1193330 852.4
1193340 852.5
1193350 852.5
1193360 852.5
1193370 852.6
1193380 852.9
1193390 852.9
1193400 853.0
1193410 853.0
1193420 853.0
1193430 852.9
1193440 853.1
1193450 853.1
1193460 853.2
1193470 853.1
1193480 853.1
1193490 852.9
1193500 852.5
1193510 852.5
1193520 852.3
1193530 852.0
1193540 852.0
1193550 851.6
1193560 851.5
1193570 851.6
1193580 851.4
1193590 851.2
1193600 851.2
1193610 851.2
1193620 851.3
1193630 851.3
1193640 851.3
1193650 851.2
1193660 851.2
1193670 851.2
1193680 851.2
1193690 851.2
1193700 851.1
1193710 851.0
1193720 850.9
1193730 850.9
1193740 850.9
1193750 851.2
1193760 851.2
1193770 850.9
1193780 850.5
1193790 850.5
1193800 850.3
1193810 850.3
1193820 850.3
1193830 850.3
1193840 850.7
1193850 850.7
1193860 850.6
1193870 850.2
1193880 850.2
1193890 850.4
1193900 850.2
1193910 850.2
1193920 849.9
1193930 849.7
1193940 849.7
1193950 849.7
1193960 849.7
1193970 849.7
1193980 849.4
1193990 849.4
1194000 849.4
1194010 849.4
1194020 849.5
1194030 849.5
1194040 849.9
1194050 849.6
1194060 849.5
1194070 849.5
1194080 849.4
1194090 849.3
1194100 849.3
1194110 849.3
1194120 849.3
1194130 849.3
1194140 849.3
1194150 849.2
1194160 849.2
1194170 849.2
1194180 849.6
1194190 849.6
1194200 849.6
1194210 849.2
1194220 849.2
1194230 849.4
1194240 849.5
1194250 849.5
1194260 849.5
1194270 849.4
1194280 849.4
1194290 849.3
1194300 849.2
1194310 849.2
1194320 848.8
1194330 848.9
1194340 848.9
1194350 850.0
1194360 852.0
1194370 852.0
1194380 853.6
1194390 855.6
1194400 856.5
1194410 856.5
1194420 856.2
1194430 856.5
1194440 856.5
1194450 859.1
1194460 861.1
1194470 861.1
1194480 863.8
1194490 865.3
1194500 865.3
1194510 864.6
1194520 864.8
1194530 864.8
1194540 865.4
1194550 865.2
1194560 865.2
1194570 864.8
1194580 864.7
1194590 864.7
1194600 865.0
1194610 865.4
1194620 865.4
1194630 866.0
1194640 867.4
1194650 867.4
1194660 869.5
1194670 871.7
1194680 871.7
1194690 875.2
1194700 879.6
1194710 879.6
1194720 882.2
1194730 886.0
1194740 888.4
1194750 888.4
1194760 890.2
1194770 890.6
1194780 890.6
1194790 889.1
1194800 888.3
1194810 888.3
1194820 887.7
1194830 884.5
1194840 884.5
1194850 881.1
1194860 878.6
1194870 878.6
1194880 876.4
1194890 874.6
1194900 874.6
1194910 874.0
1194920 873.2
1194930 873.2
1194940 874.7
1194950 878.3
1194960 878.3
1194970 879.3
1194980 878.1
1194990 878.1
1195000 875.3
1195010 871.5
1195020 871.5
1195030 868.9
1195040 868.8
1195050 868.8
1195060 870.9
1195070 870.4
1195080 870.5
1195090 870.5
1195100 870.8
1195110 871.3
1195120 871.3
1195130 874.0
1195140 875.9
1195150 875.9
1195160 875.9
1195170 875.1
1195180 875.1
1195190 874.1
1195200 873.0
1195210 873.0
1195220 872.4
1195230 871.7
1195240 871.7
1195250 871.3
1195260 871.1
1195270 871.1
1195280 870.4
1195290 869.5
1195300 869.5
1195310 869.2
1195320 868.9
1195330 869.3
1195340 869.3
1195350 869.1
1195360 869.1
1195370 868.1
1195380 867.0
1195390 867.0
1195400 866.4
1195410 865.1
1195420 865.1
1195430 865.3
1195440 865.6
1195450 865.4
1195460 865.4
1195470 865.6
1195480 866.0
1195490 866.0
1195500 866.4
1195510 866.7
1195520 866.7
1195530 867.1
1195540 867.7
1195550 867.7
1195560 868.6
1195570 870.1
1195580 870.1
1195590 870.8
1195600 871.5
1195610 871.5
1195620 872.5
1195630 873.6
1195640 873.6
1195650 874.1
1195660 874.3
1195670 874.3
1195680 875.0
1195690 876.6
1195700 876.6
1195710 877.6
1195720 878.3
1195730 878.3
1195740 881.0
1195750 881.9
1195760 881.9
1195770 880.9
1195780 880.6
1195790 881.1
1195800 881.1
1195810 881.6
1195820 881.8
1195830 881.8
1195840 882.2
1195850 882.3
1195860 882.3
1195870 882.3
1195880 882.3
1195890 882.3
1195900 882.2
1195910 882.1
1195920 882.1
1195930 882.0
1195940 882.1
1195950 882.1
1195960 882.1
1195970 882.1
1195980 882.1
1195990 882.3
1196000 882.8
1196010 882.8
1196020 883.4
1196030 884.3
1196040 884.3
1196050 885.0
1196060 886.0
1196070 886.0
1196080 886.8
1196090 887.7
1196100 887.7
1196110 888.9
1196120 890.0
1196130 891.3
1196140 891.3
1196150 892.7
1196160 894.0
1196170 894.0
1196180 895.1
1196190 896.3
1196200 896.3
1196210 897.8
1196220 899.4
1196230 899.4
1196240 900.8
1196250 902.0
1196260 902.0
1196270 903.2
1196280 904.4
1196290 904.4
1196300 905.5
1196310 906.7
1196320 906.7
1196330 908.9
1196340 911.2
1196350 911.2
1196360 913.1
1196370 914.9
1196380 914.9
1196390 917.3
1196400 918.2
1196410 918.2
1196420 920.0
1196430 921.5
1196440 921.5
1196450 923.2
1196460 925.6
1196470 928.2
1196480 928.2
1196490 929.8
1196500 931.2
1196510 931.2
1196520 933.4
1196530 935.0
1196540 935.0
1196550 936.5
1196560 937.8
1196570 937.8
1196580 939.2
1196590 940.1
1196600 940.1
1196610 941.3
1196620 942.4
1196630 942.4
1196640 943.4
1196650 944.4
1196660 946.4
1196670 948.4
1196680 950.1
1196690 950.1
1196700 951.1
1196710 953.2
1196720 953.2
1196730 954.4
1196740 954.5
1196750 954.5
1196760 954.8
1196770 953.7
1196780 953.7
1196790 953.8
1196800 955.8
1196810 957.6
1196820 957.6
1196830 956.8
1196840 954.9
1196850 954.9
1196860 955.8
1196870 957.4
1196880 957.4
1196890 959.6
1196900 961.7
1196910 961.7
1196920 963.8
1196930 965.9
1196940 965.9
1196950 967.7
1196960 969.5
1196970 969.5
1196980 970.8
1196990 972.2
1197000 972.2
1197010 974.4
1197020 976.0
1197030 976.0
1197040 977.5
1197050 976.6
1197060 976.6
1197070 972.8
1197080 968.9
1197090 968.9
1197100 967.5
1197110 966.3
1197120 966.3
1197130 959.2
1197140 955.9
1197150 954.1
1197160 954.1
1197170 952.5
1197180 954.7
1197190 954.7
1197200 959.6
1197210 961.2
1197220 961.2
1197230 959.1
1197240 955.7
1197250 955.7
1197260 949.8
1197270 949.4
1197280 949.4
1197290 950.4
1197300 945.9
1197310 945.9
1197320 939.8
1197330 942.7
1197340 942.7
1197350 949.8
1197360 951.4
1197370 951.4
1197380 950.7
1197390 951.2
1197400 951.2
1197410 951.6
1197420 951.5
1197430 951.5
1197440 950.4
1197450 945.5
1197460 945.5
1197470 940.3
1197480 938.6
1197490 938.5
1197500 938.5
1197510 944.7
1197520 946.7
1197530 946.7
1197540 947.4
1197550 951.5
1197560 951.5
1197570 950.9
1197580 950.0
1197590 950.0
1197600 950.2
1197610 951.0
1197620 951.0
1197630 951.8
1197640 952.5
1197650 952.5
1197660 953.1
1197670 953.9
1197680 953.9
1197690 954.7
1197700 955.4
1197710 955.4
1197720 956.5
1197730 957.9
1197740 957.9
1197750 958.9
1197760 959.3
1197770 959.3
1197780 959.6
1197790 960.3
1197800 960.3
1197810 956.0
1197820 953.4
1197830 958.8
1197840 958.8
1197850 970.5
1197860 981.3
1197870 981.3
1197880 982.2
1197890 981.8
1197900 981.8
1197910 980.8
1197920 980.2
1197930 980.2
1197940 980.0
1197950 981.1
1197960 981.1
1197970 983.3
1197980 984.8
1197990 984.8
1198000 988.8
1198010 987.5
1198020 987.5
1198030 985.4
1198040 984.8
1198050 984.8
1198060 978.2
1198070 966.1
1198080 966.1
1198090 958.2
1198100 951.4
1198110 951.4
1198120 943.2
1198130 939.7
1198140 939.7
1198150 940.8
1198160 955.0
1198170 972.1
1198180 972.1
1198190 975.0
1198200 977.4
1198210 977.4
1198220 979.6
1198230 981.6
1198240 981.6
1198250 983.6
1198260 985.8
1198270 985.8
1198280 987.8
1198290 989.6
1198300 989.6
1198310 988.4
1198320 991.0
1198330 991.0
1198340 993.7
1198350 996.9
1198360 996.9
1198370 1003.1
1198380 1009.0
1198390 1009.0
1198400 1014.0
1198410 1018.5
1198420 1018.5
1198430 1022.9
1198440 1025.9
1198450 1025.9
1198460 1028.8
1198470 1030.9
1198480 1030.9
1198490 1032.9
1198500 1034.4
1198510 1035.3
1198520 1035.3
1198530 1035.9
1198540 1039.3
1198550 1039.3
1198560 1044.0
1198570 1047.4
1198580 1047.4
1198590 1048.9
1198600 1051.2
1198610 1051.2
1198620 1056.8
1198630 1063.4
1198640 1063.4
1198650 1068.8
1198660 1072.7
1198670 1072.7
1198680 1076.1
1198690 1078.5
1198700 1078.5
1198710 1078.2
1198720 1078.2
1198730 1078.2
1198740 1080.5
1198750 1083.6
1198760 1083.6
1198770 1086.8
1198780 1090.9
1198790 1090.9
1198800 1094.4
1198810 1097.4
1198820 1097.4
1198830 1100.6
1198840 1101.7
1198850 1101.0
1198860 1101.0
1198870 1101.9
1198880 1109.4
1198890 1106.4
1198900 1113.8
1198910 1118.8
1198920 1118.8
1198930 1122.6
1198940 1122.7
1198950 1122.7
1198960 1122.4
1198970 1124.2
1198980 1124.2
1198990 1128.1
1199000 1133.8
1199010 1133.8
1199020 1136.9
1199030 1141.3
1199040 1141.3
1199050 1146.7
1199060 1152.7
1199070 1152.7
1199080 1159.3
1199090 1166.9
1199100 1166.9
1199110 1174.8
1199120 1182.2
1199130 1182.2
1199140 1189.1
1199150 1194.2
1199160 1194.2
1199170 1201.5
1199180 1208.5
1199190 1213.9
1199200 1213.9
1199210 1216.7
1199220 1221.4
1199230 1221.4
1199240 1227.8
1199250 1234.0
1199260 1234.0
1199270 1240.5
1199280 1247.3
1199290 1247.3
1199300 1255.9
1199310 1262.2
1199320 1262.2
1199330 1267.7
1199340 1274.6
1199350 1274.6
1199360 1282.2
1199370 1287.6
1199380 1287.6
1199390 1293.4
1199400 1299.7
1199410 1299.7
1199420 1306.0
1199430 1313.2
1199440 1313.2
1199450 1319.3
1199460 1325.5
1199470 1325.5
1199480 1331.9
1199490 1337.1
1199500 1337.1
1199510 1340.9
1199520 1346.5
1199530 1346.5
1199540 1354.0
1199550 1360.6
1199560 1364.9
1199570 1364.9
1199580 1368.6
1199590 1371.4
1199600 1371.4
1199610 1374.4
1199620 1377.4
1199630 1377.4
1199640 1381.0
1199650 1384.8
1199660 1384.8
1199670 1388.7
1199680 1393.8
1199690 1393.8
1199700 1398.7
1199710 1401.5
1199720 1401.5
1199730 1405.1
1199740 1409.6
1199750 1409.6
1199760 1414.6
1199770 1420.4
1199780 1420.4
1199790 1418.9
1199800 1423.1
1199810 1423.1
1199820 1427.4
1199830 1432.4
1199840 1432.4
1199850 1437.1
1199860 1441.3
1199870 1441.3
1199880 1444.6
1199890 1447.2
1199900 1449.5
1199910 1449.5
1199920 1452.2
1199930 1454.6
1199940 1454.6
1199950 1456.1
1199960 1456.4
1199970 1456.4
1199980 1456.6
1199990 1459.0
