1180000 1381.1
1180010 1381.1
1180020 1380.7
1180030 1378.7
1180040 1378.7
1180050 1376.3
1180060 1377.0
1180070 1377.0
1180080 1376.4
1180090 1374.1
1180100 1374.1
1180110 1375.9
1180120 1381.0
1180130 1381.0
1180140 1386.1
1180150 1382.4
1180160 1382.4
1180170 1379.9
1180180 1379.6
1180190 1380.1
1180200 1380.1
1180210 1378.8
1180220 1373.5
1180230 1373.5
1180240 1372.8
1180250 1376.7
1180260 1376.7
1180270 1383.3
1180280 1390.8
1180290 1390.8
1180300 1400.1
1180310 1411.6
1180320 1411.6
1180330 1426.9
1180340 1467.9
1180350 1467.9
1180360 1486.3
1180370 1489.4
1180380 1489.4
1180390 1478.9
1180400 1485.3
1180410 1485.3
1180420 1495.4
1180430 1506.2
1180440 1506.2
1180450 1521.9
1180460 1541.4
1180470 1541.4
1180480 1556.7
1180490 1566.5
1180500 1566.5
1180510 1563.7
1180520 1556.3
1180530 1551.9
1180540 1551.9
1180550 1545.1
1180560 1548.6
1180570 1548.6
1180580 1571.2
1180590 1573.7
1180600 1573.7
1180610 1570.8
1180620 1573.9
1180630 1573.9
1180640 1572.6
1180650 1567.6
1180660 1567.6
1180670 1565.9
1180680 1563.2
1180690 1563.2
1180700 1568.0
1180710 1583.5
1180720 1583.5
1180730 1586.5
1180740 1582.4
1180750 1582.4
1180760 1582.7
1180770 1585.5
1180780 1585.5
1180790 1593.9
1180800 1601.2
1180810 1561.3
1180820 1574.9
1180830 1606.5
1180840 1606.5
1180850 1625.8
1180860 1633.7
1180870 1633.7
1180880 1639.7
1180890 1644.6
1180900 1644.1
1180910 1644.1
1180920 1650.9
1180930 1663.1
1180940 1663.1
1180950 1674.3
1180960 1683.6
1180970 1683.6
1180980 1688.9
1180990 1693.8
1181000 1693.8
1181010 1699.8
1181020 1706.6
1181030 1706.6
1181040 1713.8
1181050 1721.4
1181060 1721.4
1181070 1730.5
1181080 1740.4
1181090 1740.4
1181100 1747.6
1181110 1754.7
1181120 1754.7
1181130 1759.6
1181140 1758.1
1181150 1758.1
1181160 1752.5
1181170 1749.0
1181180 1749.0
1181190 1744.1
1181200 1739.5
1181210 1739.5
1181220 1733.5
1181230 1720.4
1181240 1711.9
1181250 1711.9
1181260 1712.6
1181270 1713.9
1181280 1713.9
1181290 1711.3
1181300 1707.4
1181310 1707.4
1181320 1711.3
1181330 1717.5
1181340 1717.5
1181350 1721.7
1181360 1724.2
1181370 1724.2
1181380 1725.3
1181390 1725.6
1181400 1725.6
1181410 1727.2
1181420 1730.3
1181430 1730.3
1181440 1730.7
1181450 1732.9
1181460 1732.9
1181470 1739.0
1181480 1741.0
1181490 1741.0
1181500 1747.1
1181510 1754.3
1181520 1754.3
1181530 1761.3
1181540 1767.3
1181550 1767.3
1181560 1773.4
1181570 1778.7
1181580 1779.9
1181590 1779.9
1181600 1776.6
1181610 1770.7
1181620 1770.7
1181630 1765.5
1181640 1760.7
1181650 1760.7
1181660 1751.9
1181670 1748.6
1181680 1748.6
1181690 1742.6
1181700 1737.3
1181710 1737.3
1181720 1732.2
1181730 1727.9
1181740 1727.9
1181750 1724.6
1181760 1719.8
1181770 1719.8
1181780 1714.3
1181790 1708.9
1181800 1708.9
1181810 1703.6
1181820 1700.5
1181830 1700.5
1181840 1699.7
1181850 1698.5
1181860 1698.5
1181870 1696.1
1181880 1692.3
1181890 1692.3
1181900 1686.8
1181910 1682.0
1181920 1677.4
1181930 1677.4
1181940 1676.8
1181950 1676.9
1181960 1676.9
1181970 1681.4
1181980 1684.6
1181990 1684.6
1182000 1685.6
1182010 1686.9
1182020 1686.9
1182030 1692.1
1182040 1698.2
1182050 1698.2
1182060 1704.8
1182070 1707.6
1182080 1700.0
1182090 1700.7
1182100 1701.5
1182110 1701.5
1182120 1703.1
1182130 1705.7
1182140 1705.7
1182150 1711.6
1182160 1719.7
1182170 1719.7
1182180 1726.7
1182190 1732.5
1182200 1732.5
1182210 1737.4
1182220 1742.6
1182230 1742.6
1182240 1747.3
1182250 1751.9
1182260 1751.9
1182270 1756.0
1182280 1759.5
1182290 1762.2
1182300 1762.2
1182310 1764.7
1182320 1769.1
1182330 1769.1
1182340 1780.6
1182350 1786.1
1182360 1786.1
1182370 1787.5
1182380 1785.9
1182390 1785.9
1182400 1787.8
1182410 1790.0
1182420 1790.0
1182430 1789.0
1182440 1786.7
1182450 1786.7
1182460 1781.9
1182470 1783.8
1182480 1783.8
1182490 1789.5
1182500 1793.2
1182510 1793.2
1182520 1797.1
1182530 1802.0
1182540 1802.0
1182550 1806.5
1182560 1812.7
1182570 1812.7
1182580 1820.1
1182590 1827.0
1182600 1827.0
1182610 1834.7
1182620 1844.8
1182630 1861.9
1182640 1861.9
1182650 1872.5
1182660 1880.6
1182670 1880.6
1182680 1889.6
1182690 1898.5
1182700 1898.5
1182710 1906.5
1182720 1911.3
1182730 1911.3
1182740 1911.7
1182750 1907.7
1182760 1907.7
1182770 1904.5
1182780 1904.2
1182790 1904.2
1182800 1903.7
1182810 1902.2
1182820 1902.2
1182830 1898.1
1182840 1895.3
1182850 1895.3
1182860 1895.0
1182870 1896.2
1182880 1896.2
1182890 1894.1
1182900 1894.9
1182910 1894.9
1182920 1892.3
1182930 1892.7
1182940 1892.7
1182950 1892.5
1182960 1891.0
1182970 1892.6
1182980 1892.6
1182990 1896.9
1183000 1895.2
1183010 1895.2
1183020 1893.6
1183030 1897.6
1183040 1897.6
1183050 1903.2
1183060 1910.3
1183070 1910.3
1183080 1917.9
1183090 1924.8
1183100 1924.8
1183110 1931.3
1183120 1936.1
1183130 1936.1
1183140 1941.1
1183150 1944.3
1183160 1944.3
1183170 1941.0
1183180 1934.5
1183190 1934.5
1183200 1928.6
1183210 1922.9
1183220 1922.9
1183230 1916.5
1183240 1911.2
1183250 1911.2
1183260 1906.4
1183270 1902.3
1183280 1902.3
1183290 1899.4
1183300 1896.1
1183310 1896.1
1183320 1890.9
1183330 1887.6
1183340 1884.3
1183350 1881.1
1183360 1877.0
1183370 1872.1
1183380 1872.1
1183390 1867.7
1183400 1864.1
1183410 1864.1
1183420 1860.4
1183430 1857.9
1183440 1857.9
1183450 1855.7
1183460 1853.2
1183470 1853.2
1183480 1850.0
1183490 1846.6
1183500 1846.6
1183510 1843.3
1183520 1840.2
1183530 1840.2
1183540 1836.9
1183550 1833.3
1183560 1833.3
1183570 1828.9
1183580 1824.1
1183590 1824.1
1183600 1819.2
1183610 1815.2
1183620 1815.2
1183630 1811.5
1183640 1808.6
1183650 1808.6
1183660 1806.1
1183670 1803.3
1183680 1800.9
1183690 1800.9
1183700 1798.9
1183710 1796.1
1183720 1796.1
1183730 1793.8
1183740 1791.8
1183750 1791.8
1183760 1790.1
1183770 1782.6
1183780 1782.6
1183790 1781.7
1183800 1781.2
1183810 1781.2
1183820 1781.5
1183830 1782.3
1183840 1782.3
1183850 1783.4
1183860 1784.9
1183870 1784.9
1183880 1786.7
1183890 1789.1
1183900 1789.1
1183910 1792.1
1183920 1794.7
1183930 1794.7
1183940 1796.1
1183950 1797.3
1183960 1797.3
1183970 1798.0
1183980 1799.2
1183990 1799.2
1184000 1800.8
1184010 1802.5
1184020 1804.0
1184030 1804.0
1184040 1805.3
1184050 1808.4
1184060 1808.4
1184070 1811.5
1184080 1814.7
1184090 1814.7
1184100 1817.7
1184110 1820.6
1184120 1820.6
1184130 1825.7
1184140 1832.4
1184150 1832.4
1184160 1840.1
1184170 1846.2
1184180 1846.2
1184190 1852.7
1184200 1856.9
1184210 1856.9
1184220 1864.9
1184230 1871.8
1184240 1871.8
1184250 1877.9
1184260 1880.1
1184270 1880.1
1184280 1875.6
1184290 1868.8
1184300 1868.8
1184310 1861.0
1184320 1852.7
1184330 1852.7
1184340 1844.8
1184350 1837.1
1184360 1831.0
1184370 1831.0
1184380 1825.8
1184390 1820.7
1184400 1820.7
1184410 1815.5
1184420 1810.1
1184430 1810.1
1184440 1805.4
1184450 1800.6
1184460 1800.6
1184470 1795.6
1184480 1791.4
1184490 1791.4
1184500 1787.7
1184510 1784.2
1184520 1784.2
1184530 1780.7
1184540 1777.2
1184550 1777.2
1184560 1773.9
1184570 1770.1
1184580 1770.1
1184590 1765.4
1184600 1761.2
1184610 1761.2
1184620 1757.5
1184630 1753.1
1184640 1753.1
1184650 1749.2
1184660 1745.6
1184670 1745.6
1184680 1741.9
1184690 1738.2
1184700 1738.2
1184710 1734.6
1184720 1731.4
1184730 1728.2
1184740 1728.2
1184750 1725.6
1184760 1723.8
1184770 1723.8
1184780 1723.4
1184790 1723.7
1184800 1723.7
1184810 1724.6
1184820 1724.5
1184830 1724.5
1184840 1723.4
1184850 1723.2
1184860 1723.2
1184870 1723.7
1184880 1724.4
1184890 1724.4
1184900 1725.1
1184910 1725.5
1184920 1725.5
1184930 1726.4
1184940 1727.7
1184950 1727.7
1184960 1729.4
1184970 1731.8
1184980 1731.8
1184990 1734.8
1185000 1737.6
1185010 1737.6
1185020 1740.5
1185030 1743.4
1185040 1743.4
1185050 1752.8
1185060 1754.8
1185070 1756.8
1185080 1756.8
1185090 1759.8
1185100 1764.0
1185110 1764.0
1185120 1768.5
1185130 1773.7
1185140 1773.7
1185150 1779.0
1185160 1783.3
1185170 1783.3
1185180 1786.8
1185190 1790.0
1185200 1790.0
1185210 1792.6
1185220 1796.1
1185230 1796.1
1185240 1800.6
1185250 1805.2
1185260 1805.2
1185270 1809.3
1185280 1813.0
1185290 1813.0
1185300 1817.3
1185310 1823.1
1185320 1823.1
1185330 1832.8
1185340 1843.0
1185350 1843.0
1185360 1848.4
1185370 1853.5
1185380 1853.5
1185390 1856.6
1185400 1857.5
1185410 1857.7
1185420 1857.7
1185430 1857.9
1185440 1857.9
1185450 1857.9
1185460 1857.2
1185470 1855.9
1185480 1856.5
1185490 1853.7
1185500 1850.6
1185510 1850.6
1185520 1846.7
1185530 1842.7
1185540 1842.7
1185550 1838.7
1185560 1834.7
1185570 1834.7
1185580 1830.6
1185590 1825.2
1185600 1825.2
1185610 1819.8
1185620 1815.0
1185630 1815.0
1185640 1810.6
1185650 1805.9
1185660 1805.9
1185670 1801.2
1185680 1796.2
1185690 1796.2
1185700 1791.9
1185710 1788.4
1185720 1788.4
1185730 1784.5
1185740 1779.1
1185750 1779.1
1185760 1773.9
1185770 1769.3
1185780 1764.9
1185790 1764.9
1185800 1762.2
1185810 1760.0
1185820 1760.0
1185830 1755.9
1185840 1750.8
1185850 1750.8
1185860 1747.4
1185870 1747.4
1185880 1747.4
1185890 1744.5
1185900 1735.5
1185910 1735.5
1185920 1733.3
1185930 1730.0
1185940 1730.0
1185950 1727.1
1185960 1720.6
1185970 1720.6
1185980 1714.5
1185990 1709.0
1186000 1709.0
1186010 1705.0
1186020 1705.0
1186030 1705.0
1186040 1702.6
1186050 1699.7
1186060 1699.7
1186070 1697.3
1186080 1698.0
1186090 1698.0
1186100 1702.4
1186110 1705.4
1186120 1703.4
1186130 1703.4
1186140 1701.1
1186150 1699.1
1186160 1699.1
1186170 1698.8
1186180 1698.1
1186190 1698.1
1186200 1697.0
1186210 1698.1
1186220 1698.1
1186230 1698.1
1186240 1699.1
1186250 1699.1
1186260 1698.6
1186270 1696.7
1186280 1696.7
1186290 1695.2
1186300 1694.2
1186310 1694.2
1186320 1693.3
1186330 1686.3
1186340 1686.3
1186350 1684.7
1186360 1683.9
1186370 1683.9
1186380 1682.7
1186390 1680.7
1186400 1680.7
1186410 1679.5
1186420 1678.8
1186430 1678.8
1186440 1678.6
1186450 1677.2
1186460 1675.8
1186470 1675.8
1186480 1675.8
1186490 1675.6
1186500 1675.6
1186510 1676.5
1186520 1675.8
1186530 1675.8
1186540 1672.6
1186550 1670.5
1186560 1670.5
1186570 1669.0
1186580 1668.3
1186590 1668.3
1186600 1668.4
1186610 1668.6
1186620 1668.6
1186630 1668.8
1186640 1672.0
1186650 1672.0
1186660 1673.5
1186670 1670.9
1186680 1670.9
1186690 1671.1
1186700 1674.1
1186710 1674.1
1186720 1678.6
1186730 1679.4
1186740 1679.4
1186750 1680.8
1186760 1677.3
1186770 1677.3
1186780 1681.5
1186790 1687.6
1186800 1693.6
1186810 1693.6
1186820 1698.0
1186830 1701.8
1186840 1701.8
1186850 1705.1
1186860 1707.5
1186870 1707.5
1186880 1708.0
1186890 1709.9
1186900 1709.9
1186910 1714.3
1186920 1719.0
1186930 1719.0
1186940 1724.0
1186950 1728.2
1186960 1728.2
1186970 1732.4
1186980 1735.9
1186990 1735.9
1187000 1738.4
1187010 1740.5
1187020 1740.5
1187030 1741.2
1187040 1742.1
1187050 1742.1
1187060 1741.7
1187070 1740.8
1187080 1740.8
1187090 1740.0
1187100 1737.7
1187110 1737.7
1187120 1734.6
1187130 1731.3
1187140 1731.3
1187150 1729.6
1187160 1729.7
1187170 1728.7
1187180 1728.7
1187190 1719.0
1187200 1712.4
1187210 1712.4
1187220 1705.5
1187230 1700.2
1187240 1700.2
1187250 1697.4
1187260 1694.0
1187270 1694.0
1187280 1688.8
1187290 1684.0
1187300 1684.0
1187310 1679.6
1187320 1676.2
1187330 1676.2
1187340 1672.4
1187350 1666.3
1187360 1666.3
1187370 1661.6
1187380 1660.3
1187390 1660.3
1187400 1659.5
1187410 1658.0
1187420 1658.0
1187430 1656.1
1187440 1653.8
1187450 1653.8
1187460 1652.7
1187470 1653.2
1187480 1653.2
1187490 1652.3
1187500 1650.1
1187510 1647.8
1187520 1647.8
1187530 1644.9
1187540 1642.2
1187550 1642.2
1187560 1640.3
1187570 1639.1
1187580 1639.1
1187590 1637.6
1187600 1635.6
1187610 1635.6
1187620 1625.9
1187630 1624.4
1187640 1624.4
1187650 1623.6
1187660 1622.2
1187670 1622.2
1187680 1619.8
1187690 1617.0
1187700 1617.0
1187710 1613.9
1187720 1616.7
1187730 1616.7
1187740 1621.7
1187750 1626.5
1187760 1626.5
1187770 1632.0
1187780 1633.6
1187790 1633.6
1187800 1633.2
1187810 1632.9
1187820 1632.9
1187830 1631.8
1187840 1632.3
1187850 1634.0
1187860 1634.0
1187870 1634.7
1187880 1634.8
1187890 1634.8
1187900 1634.1
1187910 1633.0
1187920 1633.0
1187930 1633.3
1187940 1632.2
1187950 1632.2
1187960 1629.9
1187970 1625.4
1187980 1625.4
1187990 1620.6
1188000 1614.5
1188010 1614.5
1188020 1607.8
1188030 1601.5
1188040 1601.5
1188050 1592.7
1188060 1585.8
1188070 1585.8
1188080 1577.7
1188090 1569.3
1188100 1569.3
1188110 1566.5
1188120 1565.9
1188130 1565.9
1188140 1563.6
1188150 1561.7
1188160 1561.7
1188170 1561.1
1188180 1560.1
1188190 1556.8
1188200 1556.8
1188210 1557.2
1188220 1556.2
1188230 1556.2
1188240 1552.8
1188250 1549.2
1188260 1549.2
1188270 1545.1
1188280 1539.2
1188290 1539.2
1188300 1532.8
1188310 1525.6
1188320 1525.6
1188330 1518.2
1188340 1512.9
1188350 1512.9
1188360 1508.7
1188370 1503.4
1188380 1503.4
1188390 1497.9
1188400 1491.9
1188410 1491.9
1188420 1488.2
1188430 1484.7
1188440 1484.7
1188450 1479.4
1188460 1473.2
1188470 1473.2
1188480 1464.5
1188490 1459.1
1188500 1459.1
1188510 1453.4
1188520 1449.6
1188530 1449.6
1188540 1444.8
1188550 1439.2
1188560 1433.0
1188570 1433.0
1188580 1427.9
1188590 1423.5
1188600 1423.5
1188610 1418.0
1188620 1411.8
1188630 1411.8
1188640 1407.3
1188650 1403.4
1188660 1403.4
1188670 1399.6
1188680 1395.6
1188690 1395.6
1188700 1389.9
1188710 1383.9
1188720 1383.9
1188730 1377.5
1188740 1370.2
1188750 1370.2
1188760 1362.1
1188770 1354.3
1188780 1354.3
1188790 1348.6
1188800 1344.2
1188810 1344.2
1188820 1339.3
1188830 1335.5
1188840 1335.5
1188850 1332.4
1188860 1330.9
1188870 1330.9
1188880 1328.4
1188890 1324.0
1188900 1320.8
1188910 1320.8
1188920 1310.0
1188930 1305.1
1188940 1305.1
1188950 1301.0
1188960 1294.3
1188970 1294.3
1188980 1287.3
1188990 1283.7
1189000 1283.7
1189010 1281.3
1189020 1276.4
1189030 1276.4
1189040 1271.5
1189050 1267.6
1189060 1267.6
1189070 1264.2
1189080 1261.0
1189090 1261.0
1189100 1256.6
1189110 1251.4
1189120 1251.4
1189130 1246.8
1189140 1242.3
1189150 1242.3
1189160 1237.5
1189170 1233.7
1189180 1233.7
1189190 1230.0
1189200 1226.9
1189210 1226.9
1189220 1224.2
1189230 1221.2
1189240 1218.1
1189250 1218.1
1189260 1213.9
1189270 1209.0
1189280 1209.0
1189290 1205.1
1189300 1200.2
1189310 1200.2
1189320 1195.0
1189330 1189.9
1189340 1189.9
1189350 1185.8
1189360 1182.1
1189370 1182.1
1189380 1175.2
1189390 1168.6
1189400 1168.6
1189410 1162.9
1189420 1158.3
1189430 1158.3
1189440 1154.0
1189450 1151.1
1189460 1151.1
1189470 1147.9
1189480 1144.7
1189490 1144.7
1189500 1141.4
1189510 1137.7
1189520 1137.7
1189530 1133.7
1189540 1130.4
1189550 1130.4
1189560 1127.3
1189570 1124.3
1189580 1124.3
1189590 1121.1
1189600 1117.4
1189610 1113.8
1189620 1113.8
1189630 1110.1
1189640 1106.7
1189650 1106.7
1189660 1102.6
1189670 1098.6
1189680 1098.6
1189690 1094.4
1189700 1089.6
1189710 1089.6
1189720 1084.9
1189730 1080.6
1189740 1080.6
1189750 1076.9
1189760 1073.5
1189770 1073.5
1189780 1069.8
1189790 1066.5
1189800 1066.5
1189810 1062.7
1189820 1059.0
1189830 1059.0
1189840 1055.1
1189850 1050.2
1189860 1050.2
1189870 1044.7
1189880 1037.7
1189890 1037.7
1189900 1031.6
1189910 1026.2
1189920 1026.2
1189930 1022.2
1189940 1018.7
1189950 1014.9
1189960 1014.9
1189970 1011.6
1189980 1010.1
1189990 1010.1
1190000 1009.4
1190010 1009.5
1190020 1009.5
1190030 1009.6
1190040 1008.5
1190050 1008.5
1190060 1006.6
1190070 1005.2
1190080 1005.2
1190090 1004.4
1190100 1004.5
1190110 1004.5
1190120 1004.4
1190130 1001.6
1190140 1001.6
1190150 997.1
1190160 994.0
1190170 994.0
1190180 990.5
1190190 987.0
1190200 987.0
1190210 984.9
1190220 979.8
1190230 979.8
1190240 979.3
1190250 979.3
1190260 979.3
1190270 979.6
1190280 981.0
1190290 983.5
1190300 983.5
1190310 984.7
1190320 985.4
1190330 985.4
1190340 984.2
1190350 981.8
1190360 981.8
1190370 979.2
1190380 977.7
1190390 977.7
1190400 976.8
1190410 975.5
1190420 975.5
1190430 974.5
1190440 973.0
1190450 973.0
1190460 970.8
1190470 968.4
1190480 968.4
1190490 966.7
1190500 963.6
1190510 963.6
1190520 959.8
1190530 956.3
1190540 956.3
1190550 947.6
1190560 940.3
1190570 940.3
1190580 934.1
1190590 928.6
1190600 928.6
1190610 921.8
1190620 915.9
1190630 911.4
1190640 911.4
1190650 900.3
1190660 895.3
1190670 895.3
1190680 889.8
1190690 884.7
1190700 884.7
1190710 878.5
1190720 873.2
1190730 873.2
1190740 869.5
1190750 866.5
1190760 866.5
1190770 863.2
1190780 859.5
1190790 859.5
1190800 856.5
1190810 855.8
1190820 855.8
1190830 856.1
1190840 856.4
1190850 856.4
1190860 857.0
1190870 857.8
1190880 857.8
1190890 858.0
1190900 857.9
1190910 857.9
1190920 857.6
1190930 857.2
1190940 857.2
1190950 856.7
1190960 856.2
1190970 856.2
1190980 855.8
1190990 855.5
1191000 855.5
1191010 855.5
1191020 855.5
1191030 855.6
1191040 855.6
1191050 855.6
1191060 855.0
1191070 855.0
1191080 853.6
1191090 849.5
1191100 849.5
1191110 848.7
1191120 848.4
1191130 848.4
1191140 848.4
1191150 848.5
1191160 848.5
1191170 848.5
1191180 848.4
1191190 848.4
1191200 848.4
1191210 848.4
1191220 848.4
1191230 848.3
1191240 848.2
1191250 848.2
1191260 848.3
1191270 848.4
1191280 848.4
1191290 848.3
1191300 848.4
1191310 848.4
1191320 848.5
1191330 848.7
1191340 848.8
1191350 848.8
1191360 848.7
1191370 848.6
1191380 848.6
1191390 848.6
1191400 848.8
1191410 848.8
1191420 848.7
1191430 847.5
1191440 847.5
1191450 846.5
1191460 845.9
1191470 845.9
1191480 842.7
1191490 840.9
1191500 840.9
1191510 840.2
1191520 840.3
1191530 840.3
1191540 840.3
1191550 840.2
1191560 840.2
1191570 840.2
1191580 840.2
1191590 840.2
1191600 840.1
1191610 840.3
1191620 840.3
1191630 839.6
1191640 840.0
1191650 840.0
1191660 840.0
1191670 840.0
1191680 840.0
1191690 840.0
1191700 840.0
1191710 840.0
1191720 840.0
1191730 840.0
1191740 840.0
1191750 840.0
1191760 840.0
1191770 840.0
1191780 840.0
1191790 840.1
1191800 840.2
1191810 840.2
1191820 840.2
1191830 840.2
1191840 840.2
1191850 840.3
1191860 840.3
1191870 840.3
1191880 840.4
1191890 840.4
1191900 840.4
1191910 840.4
1191920 840.3
1191930 840.3
1191940 840.0
1191950 839.8
1191960 840.1
1191970 839.9
1191980 839.8
1191990 839.8
1192000 839.9
1192010 840.1
1192020 840.1
1192030 840.1
1192040 840.1
1192050 840.2
1192060 840.2
1192070 840.2
1192080 840.3
1192090 840.3
1192100 840.4
1192110 840.5
1192120 840.5
1192130 840.6
1192140 840.7
1192150 840.7
1192160 840.6
1192170 840.8
1192180 840.8
1192190 841.4
1192200 838.8
1192210 838.8
1192220 838.1
1192230 838.1
1192240 838.1
1192250 838.1
1192260 838.1
1192270 838.1
1192280 838.2
1192290 839.6
1192300 839.6
1192310 839.9
1192320 839.6
1192330 839.6
1192340 839.3
1192350 840.6
1192360 840.6
1192370 841.1
1192380 840.9
1192390 840.7
1192400 840.7
1192410 840.7
1192420 840.5
1192430 840.5
1192440 840.5
1192450 840.3
1192460 840.3
1192470 840.3
1192480 840.2
1192490 840.2
1192500 840.2
1192510 840.2
1192520 840.2
1192530 840.1
1192540 840.1
1192550 840.1
1192560 840.0
1192570 840.0
1192580 840.0
1192590 839.8
1192600 839.7
1192610 839.7
1192620 839.7
1192630 839.9
1192640 839.9
1192650 839.8
1192660 839.4
1192670 839.4
1192680 839.7
1192690 840.1
1192700 840.1
1192710 840.2
1192720 840.3
1192730 840.3
1192740 840.3
1192750 840.3
1192760 840.4
1192770 840.4
1192780 840.4
1192790 840.3
1192800 840.3
1192810 840.2
1192820 840.3
1192830 840.3
1192840 840.2
1192850 839.9
1192860 839.9
1192870 840.1
1192880 840.2
1192890 840.2
1192900 839.7
1192910 839.8
1192920 839.8
1192930 840.0
1192940 840.3
1192950 840.3
1192960 840.6
1192970 840.3
1192980 840.3
1192990 840.2
1193000 840.7
1193010 840.7
1193020 841.3
1193030 841.9
1193040 841.9
1193050 842.0
1193060 841.8
1193070 841.7
1193080 841.7
1193090 842.0
1193100 841.9
1193110 841.9
1193120 841.8
1193130 841.8
1193140 841.8
1193150 842.2
1193160 842.7
1193170 842.7
1193180 844.6
1193190 847.0
1193200 847.0
1193210 847.6
1193220 847.4
1193230 847.4
1193240 847.9
1193250 848.1
1193260 848.1
1193270 848.3
1193280 848.3
1193290 848.3
1193300 848.2
1193310 848.0
1193320 848.0
1193330 847.9
1193340 847.7
1193350 847.7
1193360 847.7
1193370 847.7
1193380 847.7
1193390 847.7
1193400 847.9
1193410 847.9
1193420 848.0
1193430 848.1
1193440 848.0
1193450 848.0
1193460 848.0
1193470 848.1
1193480 848.1
1193490 848.1
1193500 848.4
1193510 848.4
1193520 848.6
1193530 847.9
1193540 847.9
1193550 847.6
1193560 847.8
1193570 847.8
1193580 847.9
1193590 847.9
1193600 847.9
1193610 848.0
1193620 848.1
1193630 848.1
1193640 848.3
1193650 848.5
1193660 848.5
1193670 848.6
1193680 848.6
1193690 848.6
1193700 848.5
1193710 848.8
1193720 848.8
1193730 848.9
1193740 848.6
1193750 848.6
1193760 848.6
1193770 848.8
1193780 848.9
1193790 848.9
1193800 849.0
1193810 848.9
1193820 848.9
1193830 848.7
1193840 848.8
1193850 848.8
1193860 849.0
1193870 849.0
1193880 849.0
1193890 849.0
1193900 849.1
1193910 849.1
1193920 849.1
1193930 849.1
1193940 849.1
1193950 849.1
1193960 849.2
1193970 849.2
1193980 849.3
1193990 849.4
1194000 849.4
1194010 849.5
1194020 849.7
1194030 849.7
1194040 850.0
1194050 850.2
1194060 850.2
1194070 850.2
1194080 850.3
1194090 850.3
1194100 850.5
1194110 850.4
1194120 850.4
1194130 850.4
1194140 850.4
1194150 850.5
1194160 850.5
1194170 850.5
1194180 850.6
1194190 850.6
1194200 850.6
1194210 850.9
1194220 850.9
1194230 850.9
1194240 851.3
1194250 851.3
1194260 851.5
1194270 851.6
1194280 851.6
1194290 851.7
1194300 851.8
1194310 851.8
1194320 852.0
1194330 852.1
1194340 852.1
1194350 852.2
1194360 852.4
1194370 852.4
1194380 852.7
1194390 852.8
1194400 852.8
1194410 853.0
1194420 853.3
1194430 853.3
1194440 853.5
1194450 853.7
1194460 853.8
1194470 853.8
1194480 853.9
1194490 854.0
1194500 854.0
1194510 854.2
1194520 854.8
1194530 854.8
1194540 855.3
1194550 855.0
1194560 855.0
1194570 854.9
1194580 854.8
1194590 855.1
1194600 855.0
1194610 855.2
1194620 855.2
1194630 854.8
1194640 854.5
1194650 854.5
1194660 854.6
1194670 854.6
1194680 854.6
1194690 854.7
1194700 854.5
1194710 854.5
1194720 854.5
1194730 854.9
1194740 854.9
1194750 855.1
1194760 855.1
1194770 855.1
1194780 855.2
1194790 855.3
1194800 855.3
1194810 855.4
1194820 855.8
1194830 856.1
1194840 856.1
1194850 856.0
1194860 856.1
1194870 856.1
1194880 856.1
1194890 856.1
1194900 856.1
1194910 856.2
1194920 856.3
1194930 856.3
1194940 855.9
1194950 854.9
1194960 854.9
1194970 854.6
1194980 854.7
1194990 854.7
1195000 854.6
1195010 854.6
1195020 854.6
1195030 854.8
1195040 854.5
1195050 854.5
1195060 855.1
1195070 854.7
1195080 854.7
1195090 853.8
1195100 854.3
1195110 854.3
1195120 855.7
1195130 856.7
1195140 856.7
1195150 858.0
1195160 859.2
1195170 860.2
1195180 860.2
1195190 860.9
1195200 861.8
1195210 861.8
1195220 862.5
1195230 862.8
1195240 862.8
1195250 862.4
1195260 862.3
1195270 862.3
1195280 862.9
1195290 864.8
1195300 864.8
1195310 866.5
1195320 866.8
1195330 866.8
1195340 866.7
1195350 866.4
1195360 866.4
1195370 867.1
1195380 868.2
1195390 868.2
1195400 869.3
1195410 870.7
1195420 870.7
1195430 872.5
1195440 872.7
1195450 872.7
1195460 871.2
1195470 859.7
1195480 859.7
1195490 858.8
1195500 858.8
1195510 858.9
1195520 858.9
1195530 859.1
1195540 859.3
1195550 859.3
1195560 859.5
1195570 859.6
1195580 859.6
1195590 859.8
1195600 859.9
1195610 859.9
1195620 860.5
1195630 861.5
1195640 861.5
1195650 861.8
1195660 861.8
1195670 861.8
1195680 861.8
1195690 861.9
1195700 861.9
1195710 861.9
1195720 861.9
1195730 861.9
1195740 862.0
1195750 862.2
1195760 862.2
1195770 862.3
1195780 862.3
1195790 862.3
1195800 862.4
1195810 862.4
1195820 862.4
1195830 862.4
1195840 862.4
1195850 862.3
1195860 862.3
1195870 862.1
1195880 861.6
1195890 861.6
1195900 861.4
1195910 861.3
1195920 861.6
1195930 861.4
1195940 861.4
1195950 861.4
1195960 861.4
1195970 861.4
1195980 861.4
1195990 861.4
1196000 861.4
1196010 861.4
1196020 862.0
1196030 863.9
1196040 863.9
1196050 867.2
1196060 871.0
1196070 871.0
1196080 875.1
1196090 879.1
1196100 879.1
1196110 883.4
1196120 887.1
1196130 887.1
1196140 889.7
1196150 891.0
1196160 891.0
1196170 891.6
1196180 892.5
1196190 892.5
1196200 894.6
1196210 898.0
1196220 901.5
1196230 901.5
1196240 903.3
1196250 904.1
1196260 904.1
1196270 907.7
1196280 912.8
1196290 912.8
1196300 917.3
1196310 918.8
1196320 918.8
1196330 919.6
1196340 920.5
1196350 920.5
1196360 915.6
1196370 915.6
1196380 915.6
1196390 917.5
1196400 921.3
1196410 921.3
1196420 926.3
1196430 930.8
1196440 930.8
1196450 935.5
1196460 938.7
1196470 938.7
1196480 935.5
1196490 930.0
1196500 930.0
1196510 925.5
1196520 922.0
1196530 922.0
1196540 918.7
1196550 915.8
1196560 914.5
1196570 914.5
1196580 913.2
1196590 913.4
1196600 913.4
1196610 917.5
1196620 916.3
1196630 916.3
1196640 911.7
1196650 908.7
1196660 908.7
1196670 902.3
1196680 893.7
1196690 893.7
1196700 884.9
1196710 877.9
1196720 877.9
1196730 872.4
1196740 870.4
1196750 870.4
1196760 870.1
1196770 870.1
1196780 870.1
1196790 870.2
1196800 870.3
1196810 870.3
1196820 870.5
1196830 870.9
1196840 870.9
1196850 872.4
1196860 875.1
1196870 875.1
1196880 873.4
1196890 871.9
1196900 871.4
1196910 871.4
1196920 871.0
1196930 870.8
1196940 870.8
1196950 870.5
1196960 870.0
1196970 870.0
1196980 869.6
1196990 869.2
1197000 869.2
1197010 869.0
1197020 869.1
1197030 869.1
1197040 869.5
1197050 870.6
1197060 870.6
1197070 872.9
1197080 878.6
1197090 878.6
1197100 882.2
1197110 883.2
1197120 883.2
1197130 887.2
1197140 893.1
1197150 893.1
1197160 896.4
1197170 899.6
1197180 899.6
1197190 907.9
1197200 913.1
1197210 913.1
1197220 907.3
1197230 906.2
1197240 906.8
1197250 926.2
1197260 934.4
1197270 937.8
1197280 937.8
1197290 948.5
1197300 947.4
1197310 947.4
1197320 932.9
1197330 930.8
1197340 930.8
1197350 935.7
1197360 943.4
1197370 943.4
1197380 944.2
1197390 934.6
1197400 934.6
1197410 925.0
1197420 919.2
1197430 919.2
1197440 918.5
1197450 912.8
1197460 912.8
1197470 914.1
1197480 928.9
1197490 928.9
1197500 949.7
1197510 961.6
1197520 961.6
1197530 968.3
1197540 971.7
1197550 971.7
1197560 972.4
1197570 970.4
1197580 970.4
1197590 969.4
1197600 967.7
1197610 963.6
1197620 963.6
1197630 963.3
1197640 964.5
1197650 964.5
1197660 966.4
1197670 962.4
1197680 962.4
1197690 962.7
1197700 957.7
1197710 957.7
1197720 957.2
1197730 954.7
1197740 954.7
1197750 942.8
1197760 938.8
1197770 938.8
1197780 955.1
1197790 969.2
1197800 969.2
1197810 973.5
1197820 973.8
1197830 973.8
1197840 973.9
1197850 980.1
1197860 980.1
1197870 985.0
1197880 987.6
1197890 987.6
1197900 986.1
1197910 984.5
1197920 984.5
1197930 982.5
1197940 982.5
1197950 980.9
1197960 980.9
1197970 978.0
1197980 980.6
1197990 980.6
1198000 984.5
1198010 983.1
1198020 983.1
1198030 984.1
1198040 987.9
1198050 987.9
1198060 985.9
1198070 980.5
1198080 980.5
1198090 981.8
1198100 981.6
1198110 981.6
1198120 982.2
1198130 982.9
1198140 988.9
1198150 988.2
1198160 991.1
1198170 991.1
1198180 995.8
1198190 997.4
1198200 997.4
1198210 999.7
1198220 1002.0
1198230 1002.0
1198240 1004.1
1198250 1008.3
1198260 1008.3
1198270 1009.0
1198280 1008.8
1198290 1017.3
1198300 1017.3
1198310 1023.8
1198320 1026.2
1198330 1026.2
1198340 1028.2
1198350 1031.0
1198360 1031.0
1198370 1032.6
1198380 1035.9
1198390 1035.9
1198400 1038.1
1198410 1040.1
1198420 1040.1
1198430 1041.6
1198440 1044.1
1198450 1044.1
1198460 1045.6
1198470 1046.3
1198480 1046.3
1198490 1048.8
1198500 1050.4
1198510 1050.4
1198520 1049.1
1198530 1050.8
1198540 1050.8
1198550 1054.6
1198560 1054.1
1198570 1054.1
1198580 1051.5
1198590 1056.1
1198600 1056.1
1198610 1061.3
1198620 1065.2
1198630 1063.1
1198640 1063.1
1198650 1059.8
1198660 1058.6
1198670 1058.6
1198680 1065.7
1198690 1070.8
1198700 1070.8
1198710 1070.7
1198720 1070.4
1198730 1070.4
1198740 1073.3
1198750 1070.9
1198760 1070.9
1198770 1070.8
1198780 1070.2
1198790 1070.2
1198800 1069.7
1198810 1073.3
1198820 1073.3
1198830 1079.6
1198840 1080.4
1198850 1080.4
1198860 1082.3
1198870 1084.8
1198880 1084.8
1198890 1086.4
1198900 1086.8
1198910 1086.8
1198920 1087.7
1198930 1089.0
1198940 1089.0
1198950 1090.7
1198960 1092.5
1198970 1092.5
1198980 1093.2
1198990 1092.8
1199000 1092.4
1199010 1092.4
1199020 1091.2
1199030 1097.3
1199040 1097.3
1199050 1096.1
1199060 1095.2
1199070 1095.2
1199080 1094.6
1199090 1095.5
1199100 1095.5
1199110 1096.7
1199120 1093.5
1199130 1093.5
1199140 1090.8
1199150 1097.5
1199160 1097.5
1199170 1104.4
1199180 1114.5
1199190 1114.5
1199200 1120.8
1199210 1125.3
1199220 1125.3
1199230 1128.9
1199240 1132.2
1199250 1132.2
1199260 1136.1
1199270 1140.6
1199280 1140.6
1199290 1144.2
1199300 1147.6
1199310 1147.6
1199320 1151.2
1199330 1154.4
1199340 1156.6
1199350 1156.6
1199360 1157.4
1199370 1159.3
1199380 1159.3
1199390 1160.1
1199400 1157.1
1199410 1157.1
1199420 1151.7
1199430 1148.2
1199440 1148.2
1199450 1146.8
1199460 1147.0
1199470 1147.0
1199480 1153.9
1199490 1153.3
1199500 1153.3
1199510 1152.9
1199520 1151.9
1199530 1151.9
1199540 1148.6
1199550 1140.9
1199560 1140.9
1199570 1134.9
1199580 1130.0
1199590 1130.0
1199600 1126.8
1199610 1129.8
1199620 1129.8
1199630 1134.0
1199640 1137.1
1199650 1137.1
1199660 1137.7
1199670 1137.8
1199680 1136.8
1199690 1136.8
1199700 1136.4
1199710 1135.1
1199720 1135.1
1199730 1135.3
1199740 1134.1
1199750 1134.1
1199760 1129.7
1199770 1128.5
1199780 1128.5
1199790 1131.0
1199800 1133.0
1199810 1133.0
1199820 1136.1
1199830 1135.9
1199840 1135.9
1199850 1133.1
1199860 1137.0
1199870 1137.0
1199880 1139.9
1199890 1140.7
1199900 1140.7
1199910 1142.0
1199920 1143.7
1199930 1145.8
1199940 1147.0
1199950 1148.1
1199960 1148.1
1199970 1149.7
1199980 1151.5
1199990 1151.5
