1180000 1528.7
1180010 1528.7
1180020 1527.3
1180030 1527.4
1180040 1527.4
1180050 1527.5
1180060 1528.5
1180070 1529.8
1180080 1529.8
1180090 1528.6
1180100 1530.5
1180110 1530.5
1180120 1534.5
1180130 1535.7
1180140 1535.7
1180150 1538.7
1180160 1540.9
1180170 1540.9
1180180 1551.6
1180190 1563.5
1180200 1563.5
1180210 1571.1
1180220 1572.4
1180230 1572.4
1180240 1581.3
1180250 1595.1
1180260 1584.4
1180270 1592.5
1180280 1599.2
1180290 1599.2
1180300 1605.0
1180310 1613.4
1180320 1613.4
1180330 1621.8
1180340 1626.9
1180350 1626.9
1180360 1629.3
1180370 1629.5
1180380 1629.5
1180390 1632.7
1180400 1636.4
1180410 1636.8
1180420 1636.8
1180430 1635.1
1180440 1631.5
1180450 1631.5
1180460 1634.8
1180470 1655.2
1180480 1655.2
1180490 1692.1
1180500 1721.4
1180510 1721.4
1180520 1726.0
1180530 1733.1
1180540 1733.1
1180550 1752.1
1180560 1784.0
1180570 1784.0
1180580 1791.4
1180590 1798.3
1180600 1798.3
1180610 1806.3
1180620 1813.9
1180630 1813.9
1180640 1821.3
1180650 1827.3
1180660 1827.3
1180670 1830.8
1180680 1824.6
1180690 1824.6
1180700 1826.2
1180710 1828.5
1180720 1828.5
1180730 1829.9
1180740 1833.8
1180750 1833.8
1180760 1838.7
1180770 1844.2
1180780 1849.3
1180790 1849.3
1180800 1855.3
1180810 1864.1
1180820 1864.1
1180830 1869.7
1180840 1868.8
1180850 1868.8
1180860 1866.7
1180870 1865.2
1180880 1865.2
1180890 1865.2
1180900 1862.8
1180910 1862.8
1180920 1862.1
1180930 1864.6
1180940 1864.6
1180950 1869.1
1180960 1871.4
1180970 1871.4
1180980 1875.1
1180990 1885.2
1181000 1885.2
1181010 1898.9
1181020 1912.2
1181030 1912.2
1181040 1920.0
1181050 1926.4
1181060 1926.4
1181070 1945.3
1181080 1961.9
1181090 1961.9
1181100 1959.7
1181110 1983.8
1181120 1997.9
1181130 1997.9
1181140 1999.1
1181150 1997.0
1181160 1997.0
1181170 1995.8
1181180 1985.9
1181190 1985.9
1181200 1972.6
1181210 1960.5
1181220 1960.5
1181230 1948.4
1181240 1934.0
1181250 1934.0
1181260 1923.6
1181270 1912.5
1181280 1912.5
1181290 1899.0
1181300 1892.6
1181310 1892.6
1181320 1887.8
1181330 1883.3
1181340 1883.3
1181350 1879.5
1181360 1876.7
1181370 1876.7
1181380 1873.5
1181390 1868.8
1181400 1868.8
1181410 1863.2
1181420 1857.3
1181430 1857.3
1181440 1851.6
1181450 1846.8
1181460 1843.0
1181470 1843.0
1181480 1839.6
1181490 1836.1
1181500 1836.1
1181510 1833.8
1181520 1825.8
1181530 1825.8
1181540 1822.7
1181550 1819.3
1181560 1819.3
1181570 1815.3
1181580 1811.3
1181590 1811.3
1181600 1807.6
1181610 1804.0
1181620 1804.0
1181630 1800.4
1181640 1797.0
1181650 1797.0
1181660 1793.8
1181670 1790.8
1181680 1790.8
1181690 1788.0
1181700 1785.2
1181710 1785.2
1181720 1782.6
1181730 1779.9
1181740 1779.9
1181750 1778.4
1181760 1777.7
1181770 1777.7
1181780 1777.6
1181790 1779.0
1181800 1779.0
1181810 1781.0
1181820 1783.3
1181830 1785.4
1181840 1785.4
1181850 1787.4
1181860 1789.2
1181870 1789.2
1181880 1791.3
1181890 1792.4
1181900 1792.4
1181910 1793.5
1181920 1795.0
1181930 1795.0
1181940 1793.2
1181950 1795.4
1181960 1795.4
1181970 1797.0
1181980 1799.4
1181990 1799.4
1182000 1802.6
1182010 1806.0
1182020 1806.0
1182030 1807.9
1182040 1810.2
1182050 1810.2
1182060 1813.8
1182070 1817.2
1182080 1817.2
1182090 1822.3
1182100 1826.9
1182110 1826.9
1182120 1829.8
1182130 1831.9
1182140 1831.9
1182150 1835.7
1182160 1840.3
1182170 1843.0
1182180 1843.0
1182190 1846.0
1182200 1850.1
1182210 1850.1
1182220 1855.3
1182230 1861.3
1182240 1861.3
1182250 1867.2
1182260 1873.1
1182270 1873.1
1182280 1879.1
1182290 1884.1
1182300 1884.1
1182310 1888.7
1182320 1894.2
1182330 1894.2
1182340 1901.7
1182350 1910.0
1182360 1910.0
1182370 1916.8
1182380 1928.1
1182390 1928.1
1182400 1940.4
1182410 1953.3
1182420 1953.3
1182430 1967.4
1182440 1980.3
1182450 1980.3
1182460 2012.5
1182470 2012.7
1182480 2012.7
1182490 2010.1
1182500 2003.7
1182510 2000.2
1182520 2000.2
1182530 1996.8
1182540 1994.2
1182550 1994.2
1182560 1995.4
1182570 1999.0
1182580 1999.0
1182590 2002.6
1182600 2002.0
1182610 2002.0
1182620 2001.8
1182630 1996.3
1182640 1996.3
1182650 1990.8
1182660 1988.2
1182670 1988.2
1182680 1989.4
1182690 1991.9
1182700 1991.9
1182710 1995.7
1182720 2000.0
1182730 2000.0
1182740 2004.6
1182750 2010.4
1182760 2010.4
1182770 2016.8
1182780 2022.7
1182790 2028.2
1182800 2032.1
1182810 2034.1
1182820 2034.1
1182830 2035.0
1182840 2038.1
1182850 2038.1
1182860 2041.4
1182870 2045.0
1182880 2048.4
1182890 2048.4
1182900 2051.0
1182910 2055.3
1182920 2055.3
1182930 2062.8
1182940 2070.1
1182950 2070.1
1182960 2075.4
1182970 2080.1
1182980 2080.1
1182990 2088.1
1183000 2096.1
1183010 2096.1
1183020 2095.3
1183030 2087.7
1183040 2087.7
1183050 2084.6
1183060 2085.4
1183070 2085.4
1183080 2090.2
1183090 2100.0
1183100 2100.0
1183110 2108.3
1183120 2110.2
1183130 2110.2
1183140 2118.7
1183150 2121.0
1183160 2121.0
1183170 2123.7
1183180 2132.5
1183190 2132.5
1183200 2144.4
1183210 2160.1
1183220 2168.5
1183230 2168.5
1183240 2182.1
1183250 2187.9
1183260 2187.9
1183270 2187.2
1183280 2209.2
1183290 2209.2
1183300 2223.1
1183310 2221.0
1183320 2221.0
1183330 2225.4
1183340 2232.4
1183350 2232.4
1183360 2228.9
1183370 2218.4
1183380 2218.4
1183390 2207.4
1183400 2195.3
1183410 2195.3
1183420 2183.4
1183430 2171.4
1183440 2171.4
1183450 2159.9
1183460 2152.0
1183470 2152.0
1183480 2144.1
1183490 2133.7
1183500 2133.7
1183510 2127.0
1183520 2122.8
1183530 2122.8
1183540 2118.5
1183550 2105.5
1183560 2092.4
1183570 2092.4
1183580 2077.6
1183590 2065.5
1183600 2065.5
1183610 2058.3
1183620 2050.7
1183630 2050.7
1183640 2054.8
1183650 2053.2
1183660 2053.2
1183670 2043.8
1183680 2035.2
1183690 2035.2
1183700 2025.8
1183710 2017.6
1183720 2017.6
1183730 2006.1
1183740 1992.2
1183750 1992.2
1183760 1972.7
1183770 1955.7
1183780 1955.7
1183790 1944.1
1183800 1938.3
1183810 1938.3
1183820 1934.9
1183830 1924.3
1183840 1924.3
1183850 1903.0
1183860 1878.2
1183870 1878.2
1183880 1856.9
1183890 1856.7
1183900 1856.7
1183910 1870.7
1183920 1889.7
1183930 1896.0
1183940 1896.0
1183950 1894.7
1183960 1893.4
1183970 1893.4
1183980 1889.9
1183990 1888.8
1184000 1888.8
1184010 1900.7
1184020 1932.3
1184030 1932.3
1184040 1947.3
1184050 1957.7
1184060 1963.5
1184070 1972.4
1184080 1972.5
1184090 1972.5
1184100 1984.5
1184110 2001.5
1184120 2001.5
1184130 2015.8
1184140 2019.4
1184150 2019.4
1184160 2027.6
1184170 2029.1
1184180 2029.1
1184190 2021.2
1184200 2010.4
1184210 2010.4
1184220 1996.9
1184230 1981.0
1184240 1981.0
1184250 1965.7
1184260 1950.7
1184270 1930.1
1184280 1930.1
1184290 1914.3
1184300 1900.4
1184310 1900.4
1184320 1887.3
1184330 1874.2
1184340 1874.2
1184350 1862.8
1184360 1851.3
1184370 1851.3
1184380 1833.7
1184390 1811.7
1184400 1811.7
1184410 1800.8
1184420 1789.1
1184430 1789.1
1184440 1770.6
1184450 1755.6
1184460 1755.6
1184470 1745.7
1184480 1736.5
1184490 1741.3
1184500 1731.7
1184510 1723.5
1184520 1723.5
1184530 1716.0
1184540 1710.1
1184550 1710.1
1184560 1705.9
1184570 1703.2
1184580 1703.2
1184590 1701.0
1184600 1697.9
1184610 1694.4
1184620 1694.4
1184630 1690.2
1184640 1685.6
1184650 1685.6
1184660 1680.7
1184670 1675.8
1184680 1675.8
1184690 1670.3
1184700 1664.9
1184710 1664.9
1184720 1660.0
1184730 1654.9
1184740 1654.9
1184750 1649.9
1184760 1646.4
1184770 1646.4
1184780 1643.3
1184790 1639.9
1184800 1639.9
1184810 1636.5
1184820 1633.5
1184830 1633.5
1184840 1631.2
1184850 1628.9
1184860 1628.9
1184870 1626.0
1184880 1625.4
1184890 1625.4
1184900 1630.6
1184910 1637.8
1184920 1637.8
1184930 1644.0
1184940 1649.3
1184950 1649.3
1184960 1652.3
1184970 1655.3
1184980 1658.6
1184990 1658.6
1185000 1661.2
1185010 1664.3
1185020 1664.3
1185030 1668.7
1185040 1672.9
1185050 1672.9
1185060 1676.1
1185070 1681.1
1185080 1681.1
1185090 1693.7
1185100 1703.6
1185110 1703.6
1185120 1710.5
1185130 1713.9
1185140 1713.9
1185150 1717.7
1185160 1721.0
1185170 1721.0
1185180 1726.1
1185190 1733.3
1185200 1733.3
1185210 1740.1
1185220 1746.7
1185230 1746.7
1185240 1753.6
1185250 1761.2
1185260 1761.2
1185270 1770.3
1185280 1781.7
1185290 1781.7
1185300 1791.6
1185310 1805.4
1185320 1817.9
1185330 1817.9
1185340 1821.9
1185350 1835.7
1185360 1835.7
1185370 1846.9
1185380 1860.2
1185390 1860.2
1185400 1876.8
1185410 1885.0
1185420 1885.0
1185430 1884.6
1185440 1901.7
1185450 1901.7
1185460 1918.4
1185470 1927.7
1185480 1927.7
1185490 1941.2
1185500 1963.8
1185510 1963.8
1185520 1974.1
1185530 1976.6
1185540 1976.6
1185550 1995.7
1185560 1999.8
1185570 1999.8
1185580 2004.4
1185590 2018.5
1185600 2018.5
1185610 2026.8
1185620 2030.9
1185630 2030.9
1185640 2030.0
1185650 2027.7
1185660 2021.6
1185670 2021.6
1185680 2015.1
1185690 2016.8
1185700 2016.8
1185710 2015.6
1185720 2003.9
1185730 2003.9
1185740 1995.4
1185750 1987.7
1185760 1987.7
1185770 1974.0
1185780 1971.8
1185790 1971.8
1185800 1969.2
1185810 1971.0
1185820 1971.0
1185830 1974.7
1185840 1974.2
1185850 1974.2
1185860 1966.1
1185870 1956.2
1185880 1956.2
1185890 1953.3
1185900 1955.5
1185910 1955.5
1185920 1965.7
1185930 1991.5
1185940 1991.5
1185950 1998.3
1185960 1999.3
1185970 1999.3
1185980 1998.9
1185990 1987.4
1186000 1982.4
1186010 1982.4
1186020 1974.0
1186030 1963.3
1186040 1963.3
1186050 1956.4
1186060 1952.0
1186070 1952.0
1186080 1946.3
1186090 1945.0
1186100 1945.0
1186110 1944.4
1186120 1942.9
1186130 1942.9
1186140 1941.6
1186150 1938.9
1186160 1938.9
1186170 1940.2
1186180 1942.7
1186190 1942.7
1186200 1936.0
1186210 1940.1
1186220 1940.1
1186230 1947.4
1186240 1951.3
1186250 1951.3
1186260 1944.1
1186270 1935.6
1186280 1935.6
1186290 1930.2
1186300 1926.2
1186310 1926.2
1186320 1922.0
1186330 1917.5
1186340 1917.5
1186350 1916.1
1186360 1918.5
1186370 1924.9
1186380 1924.9
1186390 1926.1
1186400 1920.3
1186410 1920.3
1186420 1918.4
1186430 1915.5
1186440 1915.5
1186450 1910.8
1186460 1906.8
1186470 1906.8
1186480 1905.4
1186490 1903.4
1186500 1903.4
1186510 1901.8
1186520 1900.7
1186530 1900.7
1186540 1904.1
1186550 1906.8
1186560 1906.8
1186570 1906.5
1186580 1904.4
1186590 1904.4
1186600 1903.6
1186610 1903.0
1186620 1903.0
1186630 1894.5
1186640 1893.5
1186650 1893.5
1186660 1893.1
1186670 1893.7
1186680 1893.7
1186690 1897.0
1186700 1900.5
1186710 1906.1
1186720 1906.1
1186730 1910.6
1186740 1908.7
1186750 1908.7
1186760 1906.2
1186770 1905.7
1186780 1905.7
1186790 1906.4
1186800 1908.7
1186810 1908.7
1186820 1914.9
1186830 1923.4
1186840 1923.4
1186850 1921.6
1186860 1921.7
1186870 1921.7
1186880 1927.6
1186890 1936.9
1186900 1936.9
1186910 1944.8
1186920 1952.4
1186930 1952.4
1186940 1944.0
1186950 1933.8
1186960 1933.8
1186970 1926.6
1186980 1922.0
1186990 1922.0
1187000 1914.9
1187010 1908.3
1187020 1908.3
1187030 1904.9
1187040 1900.9
1187050 1895.1
1187060 1905.2
1187070 1901.5
1187080 1894.9
1187090 1894.9
1187100 1891.1
1187110 1892.3
1187120 1892.3
1187130 1895.7
1187140 1896.0
1187150 1896.0
1187160 1889.9
1187170 1878.7
1187180 1878.7
1187190 1861.7
1187200 1850.6
1187210 1850.6
1187220 1849.2
1187230 1851.1
1187240 1851.1
1187250 1841.7
1187260 1831.3
1187270 1831.3
1187280 1822.0
1187290 1816.2
1187300 1816.2
1187310 1812.2
1187320 1809.0
1187330 1809.0
1187340 1807.9
1187350 1810.3
1187360 1810.3
1187370 1814.2
1187380 1808.3
1187390 1808.3
1187400 1798.5
1187410 1790.3
1187420 1785.1
1187430 1785.1
1187440 1775.4
1187450 1767.2
1187460 1767.2
1187470 1756.5
1187480 1750.5
1187490 1765.5
1187500 1757.5
1187510 1755.4
1187520 1755.4
1187530 1750.5
1187540 1745.0
1187550 1745.0
1187560 1741.9
1187570 1739.7
1187580 1739.7
1187590 1736.8
1187600 1728.4
1187610 1728.4
1187620 1723.2
1187630 1719.4
1187640 1719.4
1187650 1714.9
1187660 1709.8
1187670 1709.8
1187680 1706.2
1187690 1703.6
1187700 1703.6
1187710 1699.7
1187720 1694.0
1187730 1694.0
1187740 1685.6
1187750 1679.2
1187760 1675.1
1187770 1675.1
1187780 1670.4
1187790 1665.4
1187800 1665.4
1187810 1659.9
1187820 1655.3
1187830 1655.3
1187840 1651.3
1187850 1648.0
1187860 1648.0
1187870 1644.4
1187880 1639.9
1187890 1639.9
1187900 1630.7
1187910 1629.9
1187920 1638.5
1187930 1642.4
1187940 1645.0
1187950 1645.0
1187960 1651.1
1187970 1658.8
1187980 1658.8
1187990 1666.2
1188000 1675.1
1188010 1675.1
1188020 1675.2
1188030 1671.9
1188040 1671.9
1188050 1669.2
1188060 1661.8
1188070 1661.8
1188080 1649.1
1188090 1640.3
1188100 1637.0
1188110 1637.0
1188120 1629.7
1188130 1621.1
1188140 1621.1
1188150 1612.0
1188160 1601.1
1188170 1601.1
1188180 1592.3
1188190 1590.5
1188200 1590.5
1188210 1588.1
1188220 1584.5
1188230 1584.5
1188240 1579.6
1188250 1572.6
1188260 1572.6
1188270 1567.1
1188280 1563.0
1188290 1563.0
1188300 1561.3
1188310 1561.6
1188320 1561.6
1188330 1559.9
1188340 1553.6
1188350 1565.0
1188360 1554.8
1188370 1555.4
1188380 1555.4
1188390 1557.5
1188400 1555.6
1188410 1555.6
1188420 1552.2
1188430 1551.4
1188440 1551.4
1188450 1551.3
1188460 1549.6
1188470 1552.8
1188480 1552.8
1188490 1557.0
1188500 1559.3
1188510 1559.3
1188520 1557.3
1188530 1553.1
1188540 1553.1
1188550 1549.6
1188560 1544.1
1188570 1544.1
1188580 1538.4
1188590 1532.1
1188600 1532.1
1188610 1529.1
1188620 1526.3
1188630 1526.3
1188640 1521.6
1188650 1517.7
1188660 1517.7
1188670 1514.3
1188680 1513.0
1188690 1513.0
1188700 1511.4
1188710 1506.8
1188720 1506.8
1188730 1502.7
1188740 1500.0
1188750 1500.0
1188760 1499.2
1188770 1499.6
1188780 1503.6
1188790 1501.5
1188800 1498.7
1188810 1497.2
1188820 1497.2
1188830 1495.6
1188840 1492.9
1188850 1492.9
1188860 1490.2
1188870 1488.1
1188880 1488.1
1188890 1487.2
1188900 1488.1
1188910 1488.1
1188920 1486.7
1188930 1482.1
1188940 1482.1
1188950 1477.0
1188960 1470.5
1188970 1470.5
1188980 1465.7
1188990 1464.9
1189000 1464.9
1189010 1465.2
1189020 1464.1
1189030 1464.1
1189040 1462.3
1189050 1456.4
1189060 1456.4
1189070 1451.1
1189080 1447.6
1189090 1447.6
1189100 1443.3
1189110 1438.7
1189120 1438.7
1189130 1433.7
1189140 1433.2
1189150 1436.9
1189160 1436.9
1189170 1438.2
1189180 1438.7
1189190 1438.7
1189200 1436.3
1189210 1429.8
1189220 1429.8
1189230 1424.4
1189240 1419.8
1189250 1419.8
1189260 1415.0
1189270 1410.4
1189280 1410.4
1189290 1405.7
1189300 1397.4
1189310 1397.4
1189320 1386.2
1189330 1376.7
1189340 1376.7
1189350 1369.1
1189360 1362.0
1189370 1362.0
1189380 1356.7
1189390 1350.8
1189400 1350.8
1189410 1346.9
1189420 1345.0
1189430 1345.0
1189440 1340.7
1189450 1329.5
1189460 1329.5
1189470 1314.1
1189480 1300.2
1189490 1300.2
1189500 1286.2
1189510 1275.7
1189520 1264.1
1189530 1264.1
1189540 1258.1
1189550 1250.5
1189560 1250.5
1189570 1237.5
1189580 1221.7
1189590 1221.7
1189600 1212.8
1189610 1207.0
1189620 1207.0
1189630 1200.9
1189640 1194.8
1189650 1189.1
1189660 1182.6
1189670 1177.8
1189680 1177.8
1189690 1172.6
1189700 1167.4
1189710 1167.4
1189720 1160.9
1189730 1155.7
1189740 1155.7
1189750 1152.5
1189760 1148.4
1189770 1148.4
1189780 1142.8
1189790 1137.3
1189800 1137.3
1189810 1132.3
1189820 1126.8
1189830 1126.8
1189840 1121.2
1189850 1115.5
1189860 1110.6
1189870 1110.6
1189880 1106.3
1189890 1101.9
1189900 1101.9
1189910 1096.4
1189920 1090.4
1189930 1090.4
1189940 1084.6
1189950 1079.9
1189960 1079.9
1189970 1075.2
1189980 1070.6
1189990 1070.6
1190000 1065.8
1190010 1060.8
1190020 1060.8
1190030 1056.1
1190040 1052.4
1190050 1052.4
1190060 1048.6
1190070 1044.2
1190080 1039.3
1190090 1036.6
1190100 1033.5
1190110 1033.5
1190120 1030.6
1190130 1027.3
1190140 1027.3
1190150 1023.9
1190160 1020.9
1190170 1020.9
1190180 1017.8
1190190 1013.9
1190200 1011.0
1190210 1011.0
1190220 1009.2
1190230 1007.2
1190240 1007.2
1190250 1004.9
1190260 1003.6
1190270 1003.6
1190280 1001.5
1190290 998.3
1190300 998.3
1190310 995.9
1190320 993.3
1190330 993.3
1190340 990.0
1190350 987.7
1190360 987.7
1190370 985.4
1190380 981.8
1190390 981.8
1190400 977.2
1190410 972.1
1190420 972.1
1190430 967.1
1190440 963.4
1190450 963.4
1190460 960.7
1190470 958.9
1190480 958.9
1190490 957.9
1190500 956.5
1190510 955.9
1190520 952.8
1190530 948.8
1190540 948.8
1190550 944.7
1190560 941.6
1190570 939.2
1190580 939.2
1190590 935.5
1190600 931.1
1190610 931.1
1190620 926.8
1190630 924.2
1190640 924.2
1190650 922.0
1190660 919.1
1190670 919.1
1190680 916.0
1190690 911.9
1190700 911.9
1190710 907.3
1190720 902.9
1190730 902.9
1190740 899.4
1190750 895.5
1190760 895.5
1190770 891.2
1190780 886.6
1190790 886.6
1190800 883.1
1190810 879.0
1190820 879.0
1190830 875.0
1190840 871.2
1190850 871.2
1190860 867.9
1190870 864.7
1190880 864.7
1190890 863.0
1190900 861.6
1190910 860.3
1190920 860.3
1190930 859.4
1190940 858.5
1190950 858.3
1190960 857.6
1190970 857.1
1190980 857.1
1190990 857.0
1191000 857.2
1191010 857.2
1191020 857.0
1191030 857.9
1191040 857.9
1191050 858.8
1191060 859.3
1191070 859.3
1191080 859.5
1191090 859.5
1191100 859.5
1191110 859.9
1191120 860.7
1191130 860.7
1191140 861.7
1191150 862.9
1191160 862.9
1191170 864.3
1191180 865.4
1191190 865.4
1191200 866.3
1191210 867.5
1191220 867.5
1191230 867.9
1191240 867.5
1191250 866.9
1191260 866.9
1191270 866.6
1191280 866.6
1191290 866.6
1191300 866.8
1191310 867.1
1191320 867.1
1191330 867.9
1191340 868.5
1191350 868.5
1191360 868.6
1191370 868.5
1191380 872.4
1191390 871.4
1191400 870.2
1191410 870.2
1191420 869.8
1191430 870.5
1191440 870.5
1191450 871.9
1191460 871.9
1191470 871.9
1191480 871.3
1191490 870.8
1191500 870.8
1191510 869.8
1191520 868.8
1191530 868.8
1191540 867.8
1191550 866.6
1191560 866.6
1191570 866.2
1191580 866.5
1191590 866.5
1191600 866.8
1191610 867.0
1191620 866.8
1191630 866.8
1191640 866.5
1191650 866.0
1191660 866.0
1191670 865.5
1191680 865.9
1191690 865.9
1191700 867.0
1191710 868.0
1191720 868.0
1191730 868.5
1191740 868.6
1191750 868.6
1191760 868.4
1191770 867.3
1191780 867.3
1191790 865.6
1191800 863.1
1191810 863.1
1191820 859.5
1191830 855.3
1191840 855.3
1191850 854.1
1191860 851.7
1191870 851.7
1191880 843.3
1191890 839.3
1191900 839.3
1191910 840.2
1191920 839.9
1191930 839.9
1191940 839.5
1191950 839.5
1191960 839.5
1191970 839.5
1191980 839.5
1191990 839.6
1192000 839.6
1192010 839.4
1192020 839.0
1192030 839.0
1192040 839.3
1192050 839.5
1192060 839.5
1192070 839.5
1192080 839.5
1192090 839.5
1192100 839.2
1192110 839.2
1192120 839.2
1192130 839.3
1192140 839.4
1192150 839.4
1192160 839.1
1192170 839.1
1192180 839.1
1192190 839.1
1192200 839.1
1192210 839.1
1192220 839.5
1192230 839.5
1192240 839.5
1192250 837.1
1192260 836.9
1192270 836.9
1192280 836.9
1192290 837.0
1192300 837.0
1192310 837.0
1192320 837.2
1192330 838.2
1192340 838.2
1192350 840.1
1192360 839.5
1192370 839.5
1192380 838.9
1192390 838.9
1192400 838.9
1192410 838.8
1192420 838.9
1192430 838.9
1192440 838.9
1192450 838.8
1192460 838.8
1192470 839.0
1192480 839.1
1192490 839.1
1192500 839.1
1192510 839.0
1192520 839.0
1192530 838.9
1192540 838.7
1192550 838.7
1192560 838.6
1192570 838.5
1192580 838.5
1192590 838.5
1192600 838.4
1192610 838.4
1192620 838.4
1192630 838.4
1192640 838.4
1192650 838.5
1192660 838.5
1192670 838.3
1192680 838.3
1192690 838.0
1192700 838.2
1192710 838.2
1192720 838.4
1192730 838.2
1192740 838.2
1192750 838.1
1192760 838.1
1192770 838.1
1192780 838.2
1192790 838.0
1192800 838.0
1192810 838.3
1192820 838.4
1192830 838.4
1192840 838.4
1192850 838.7
1192860 838.7
1192870 838.6
1192880 838.4
1192890 838.4
1192900 838.4
1192910 838.5
1192920 838.5
1192930 838.5
1192940 838.6
1192950 838.6
1192960 838.5
1192970 838.7
1192980 838.7
1192990 838.8
1193000 839.3
1193010 840.9
1193020 840.9
1193030 841.1
1193040 841.0
1193050 841.0
1193060 840.9
1193070 840.7
1193080 840.7
1193090 840.3
1193100 840.3
1193110 840.3
1193120 840.4
1193130 840.3
1193140 840.3
1193150 840.2
1193160 840.4
1193170 840.4
1193180 840.6
1193190 840.4
1193200 840.4
1193210 840.0
1193220 839.9
1193230 839.9
1193240 841.9
1193250 845.1
1193260 845.1
1193270 845.7
1193280 845.9
1193290 845.9
1193300 846.3
1193310 846.3
1193320 846.3
1193330 846.5
1193340 846.6
1193350 846.6
1193360 846.6
1193370 846.6
1193380 846.5
1193390 846.5
1193400 846.4
1193410 846.4
1193420 846.4
1193430 846.4
1193440 846.4
1193450 846.4
1193460 846.5
1193470 846.4
1193480 846.4
1193490 846.2
1193500 845.8
1193510 845.8
1193520 845.8
1193530 845.9
1193540 845.9
1193550 845.9
1193560 845.9
1193570 845.9
1193580 845.8
1193590 845.7
1193600 845.7
1193610 845.7
1193620 845.7
1193630 845.7
1193640 845.8
1193650 846.0
1193660 846.0
1193670 846.1
1193680 846.1
1193690 846.1
1193700 846.0
1193710 846.1
1193720 846.3
1193730 846.3
1193740 846.3
1193750 846.4
1193760 846.4
1193770 846.3
1193780 846.3
1193790 846.3
1193800 846.5
1193810 846.6
1193820 846.6
1193830 846.7
1193840 846.8
1193850 846.8
1193860 846.9
1193870 847.0
1193880 847.0
1193890 847.1
1193900 847.2
1193910 847.2
1193920 847.3
1193930 847.4
1193940 847.4
1193950 847.5
1193960 847.6
1193970 847.6
1193980 847.6
1193990 847.9
1194000 847.9
1194010 847.9
1194020 848.2
1194030 848.2
1194040 848.4
1194050 848.5
1194060 848.6
1194070 848.6
1194080 848.8
1194090 848.9
1194100 848.9
1194110 849.1
1194120 849.4
1194130 849.4
1194140 849.7
1194150 850.1
1194160 850.1
1194170 850.5
1194180 850.5
1194190 850.5
1194200 850.5
1194210 850.6
1194220 850.6
1194230 850.5
1194240 850.5
1194250 850.5
1194260 850.3
1194270 850.4
1194280 850.4
1194290 850.8
1194300 850.9
1194310 850.9
1194320 851.2
1194330 851.4
1194340 851.4
1194350 851.4
1194360 851.4
1194370 851.4
1194380 851.4
1194390 851.3
1194400 851.2
1194410 851.2
1194420 851.3
1194430 851.3
1194440 851.3
1194450 851.3
1194460 851.3
1194470 851.3
1194480 851.3
1194490 851.5
1194500 851.5
1194510 851.8
1194520 852.1
1194530 852.1
1194540 851.9
1194550 852.0
1194560 852.0
1194570 852.1
1194580 851.9
1194590 851.9
1194600 850.8
1194610 850.4
1194620 850.4
1194630 850.6
1194640 850.6
1194650 850.6
1194660 850.6
1194670 850.6
1194680 850.6
1194690 850.6
1194700 850.6
1194710 850.6
1194720 850.6
1194730 850.0
1194740 850.0
1194750 849.7
1194760 849.8
1194770 849.9
1194780 849.9
1194790 849.7
1194800 849.7
1194810 849.7
1194820 849.7
1194830 849.8
1194840 849.8
1194850 850.0
1194860 850.0
1194870 850.0
1194880 850.0
1194890 850.1
1194900 850.1
1194910 849.2
1194920 848.7
1194930 848.7
1194940 847.8
1194950 848.3
1194960 848.3
1194970 851.1
1194980 852.0
1194990 852.0
1195000 852.1
1195010 852.2
1195020 852.2
1195030 852.2
1195040 852.4
1195050 852.4
1195060 853.2
1195070 853.7
1195080 853.7
1195090 854.8
1195100 858.1
1195110 861.2
1195120 861.2
1195130 862.6
1195140 864.7
1195150 864.7
1195160 867.5
1195170 870.2
1195180 870.2
1195190 872.2
1195200 874.7
1195210 874.7
1195220 878.1
1195230 882.4
1195240 882.4
1195250 886.9
1195260 891.1
1195270 891.1
1195280 895.0
1195290 898.7
1195300 898.7
1195310 902.5
1195320 907.1
1195330 907.1
1195340 906.0
1195350 910.2
1195360 910.2
1195370 913.7
1195380 914.2
1195390 914.2
1195400 914.6
1195410 915.0
1195420 915.0
1195430 914.6
1195440 912.8
1195450 908.0
1195460 908.0
1195470 904.8
1195480 907.7
1195490 907.7
1195500 911.0
1195510 913.3
1195520 913.3
1195530 914.5
1195540 915.1
1195550 915.1
1195560 915.1
1195570 916.7
1195580 916.7
1195590 918.9
1195600 921.0
1195610 921.0
1195620 921.0
1195630 918.6
1195640 918.6
1195650 916.6
1195660 914.8
1195670 914.8
1195680 911.8
1195690 910.1
1195700 910.1
1195710 909.1
1195720 908.1
1195730 908.1
1195740 907.5
1195750 906.9
1195760 906.9
1195770 905.7
1195780 906.9
1195790 905.2
1195800 905.2
1195810 904.0
1195820 901.4
1195830 901.4
1195840 898.4
1195850 897.9
1195860 897.9
1195870 897.9
1195880 897.9
1195890 897.9
1195900 897.9
1195910 897.9
1195920 897.9
1195930 897.9
1195940 897.9
1195950 897.9
1195960 897.9
1195970 897.9
1195980 897.9
1195990 897.9
1196000 897.9
1196010 897.9
1196020 897.9
1196030 898.5
1196040 898.5
1196050 900.8
1196060 904.5
1196070 904.5
1196080 908.4
1196090 910.4
1196100 910.4
1196110 911.3
1196120 911.6
1196130 911.6
1196140 914.3
1196150 917.9
1196160 920.2
1196170 920.2
1196180 920.4
1196190 919.0
1196200 919.0
1196210 916.2
1196220 918.1
1196230 918.1
1196240 921.2
1196250 924.7
1196260 924.7
1196270 927.7
1196280 930.3
1196290 930.3
1196300 933.1
1196310 934.5
1196320 934.5
1196330 935.0
1196340 935.8
1196350 935.8
1196360 936.9
1196370 937.9
1196380 937.9
1196390 938.3
1196400 938.3
1196410 938.3
1196420 938.9
1196430 940.3
1196440 940.3
1196450 940.7
1196460 940.7
1196470 940.7
1196480 940.7
1196490 941.9
1196500 942.3
1196510 942.3
1196520 942.5
1196530 942.4
1196540 942.4
1196550 941.9
1196560 943.4
1196570 943.4
1196580 944.0
1196590 943.4
1196600 943.4
1196610 942.9
1196620 942.7
1196630 942.7
1196640 943.4
1196650 945.3
1196660 945.3
1196670 946.0
1196680 946.9
1196690 946.9
1196700 948.0
1196710 949.3
1196720 949.3
1196730 950.8
1196740 952.2
1196750 952.2
1196760 953.7
1196770 954.6
1196780 954.6
1196790 952.1
1196800 948.6
1196810 948.6
1196820 947.4
1196830 948.2
1196840 948.0
1196850 948.0
1196860 946.5
1196870 945.1
1196880 945.1
1196890 944.9
1196900 946.7
1196910 946.7
1196920 950.9
1196930 956.3
1196940 956.3
1196950 960.9
1196960 959.1
1196970 959.1
1196980 953.2
1196990 947.1
1197000 947.1
1197010 941.7
1197020 937.7
1197030 937.7
1197040 934.5
1197050 932.4
1197060 932.4
1197070 932.5
1197080 935.0
1197090 935.0
1197100 932.6
1197110 924.6
1197120 924.6
1197130 917.5
1197140 911.5
1197150 911.5
1197160 908.5
1197170 913.9
1197180 913.9
1197190 920.9
1197200 927.5
1197210 925.7
1197220 925.7
1197230 919.8
1197240 913.3
1197250 913.3
1197260 909.0
1197270 904.5
1197280 904.5
1197290 900.5
1197300 901.2
1197310 901.2
1197320 903.4
1197330 906.3
1197340 906.3
1197350 909.2
1197360 914.1
1197370 914.1
1197380 920.5
1197390 927.0
1197400 927.0
1197410 931.3
1197420 933.5
1197430 933.5
1197440 933.6
1197450 932.9
1197460 932.9
1197470 933.3
1197480 936.6
1197490 936.6
1197500 942.5
1197510 950.2
1197520 950.2
1197530 956.5
1197540 963.6
1197550 971.5
1197560 971.5
1197570 979.6
1197580 991.3
1197590 991.3
1197600 998.6
1197610 1002.8
1197620 1002.8
1197630 1012.3
1197640 1015.8
1197650 1015.8
1197660 1013.7
1197670 1013.1
1197680 1013.1
1197690 1014.4
1197700 1018.7
1197710 1018.7
1197720 1022.5
1197730 1023.1
1197740 1023.1
1197750 1023.3
1197760 1023.8
1197770 1023.8
1197780 1024.0
1197790 1023.8
1197800 1023.8
1197810 1023.7
1197820 1023.5
1197830 1023.5
1197840 1023.3
1197850 1023.3
1197860 1023.3
1197870 1023.1
1197880 1022.7
1197890 1021.6
1197900 1021.6
1197910 1018.6
1197920 1014.1
1197930 1014.1
1197940 1011.1
1197950 1009.8
1197960 1009.8
1197970 1009.5
1197980 1011.8
1197990 1011.8
1198000 1009.1
1198010 1008.6
1198020 1008.6
1198030 1007.7
1198040 1007.7
1198050 1007.7
1198060 1009.1
1198070 1011.6
1198080 1011.6
1198090 1010.1
1198100 1008.1
1198110 1008.1
1198120 1007.3
1198130 1006.1
1198140 1006.1
1198150 1003.2
1198160 999.4
1198170 999.4
1198180 999.7
1198190 1002.4
1198200 1002.4
1198210 1001.6
1198220 998.5
1198230 995.3
1198240 995.3
1198250 991.7
1198260 988.6
1198270 988.6
1198280 987.2
1198290 991.9
1198300 991.9
1198310 995.2
1198320 992.5
1198330 992.5
1198340 988.3
1198350 985.4
1198360 985.4
1198370 987.5
1198380 988.4
1198390 988.4
1198400 986.8
1198410 983.6
1198420 983.6
1198430 977.4
1198440 969.5
1198450 961.3
1198460 952.7
1198470 947.3
1198480 947.3
1198490 944.8
1198500 946.6
1198510 946.6
1198520 944.9
1198530 943.1
1198540 943.1
1198550 937.0
1198560 927.3
1198570 927.3
1198580 920.5
1198590 918.0
1198600 916.5
1198610 916.5
1198620 916.1
1198630 917.4
1198640 917.4
1198650 920.3
1198660 925.9
1198670 925.9
1198680 931.5
1198690 935.9
1198700 935.9
1198710 941.3
1198720 949.0
1198730 949.0
1198740 955.3
1198750 962.0
1198760 962.0
1198770 960.9
1198780 955.0
1198790 955.0
1198800 946.1
1198810 943.5
1198820 943.5
1198830 944.3
1198840 943.0
1198850 943.0
1198860 940.6
1198870 937.7
1198880 937.7
1198890 924.8
1198900 920.4
1198910 920.4
1198920 919.6
1198930 921.0
1198940 926.5
1198950 926.5
1198960 933.0
1198970 938.6
1198980 938.6
1198990 941.7
1199000 945.1
1199010 945.1
1199020 954.4
1199030 963.7
1199040 963.7
1199050 966.1
1199060 957.2
1199070 957.2
1199080 954.0
1199090 959.4
1199100 959.4
1199110 965.2
1199120 971.8
1199130 971.8
1199140 981.9
1199150 981.7
1199160 981.7
1199170 976.8
1199180 972.8
1199190 972.8
1199200 964.8
1199210 955.1
1199220 955.1
1199230 951.6
1199240 956.8
1199250 956.8
1199260 963.5
1199270 951.6
1199280 953.5
1199290 953.5
1199300 956.7
1199310 955.8
1199320 955.8
1199330 953.4
1199340 963.8
1199350 963.8
1199360 960.6
1199370 962.7
1199380 962.7
1199390 970.9
1199400 980.4
1199410 980.4
1199420 994.4
1199430 1016.0
1199440 1016.0
1199450 1025.5
1199460 1022.8
1199470 1022.8
1199480 1018.4
1199490 1015.0
1199500 1015.0
1199510 1012.3
1199520 1018.0
1199530 1018.0
1199540 1014.4
1199550 1008.1
1199560 1008.1
1199570 1008.2
1199580 1014.0
1199590 1014.0
1199600 1014.4
1199610 1011.2
1199620 1011.2
1199630 1006.9
1199640 1008.0
1199650 1011.5
1199660 1011.5
1199670 1011.3
1199680 1003.6
1199690 1003.6
1199700 996.1
1199710 984.7
1199720 984.7
1199730 982.9
1199740 990.7
1199750 990.7
1199760 1004.4
1199770 1009.2
1199780 1009.2
1199790 1020.7
1199800 1017.7
1199810 1017.7
1199820 1013.9
1199830 1009.1
1199840 1009.1
1199850 1001.0
1199860 991.9
1199870 991.9
1199880 982.6
1199890 976.2
1199900 976.2
1199910 981.5
1199920 988.9
1199930 988.9
1199940 997.5
1199950 1000.5
1199960 1000.5
1199970 1006.5
1199980 1014.9
1199990 1022.9
