1180000 1897.3
1180010 1897.3
1180020 1903.6
1180030 1908.2
1180040 1908.2
1180050 1909.8
1180060 1917.4
1180070 1917.4
1180080 1921.3
1180090 1924.2
1180100 1924.2
1180110 1927.2
1180120 1928.8
1180130 1930.0
1180140 1930.0
1180150 1931.6
1180160 1933.5
1180170 1933.5
1180180 1933.1
1180190 1933.7
1180200 1933.7
1180210 1933.1
1180220 1931.0
1180230 1931.0
1180240 1928.0
1180250 1924.8
1180260 1924.8
1180270 1920.5
1180280 1909.2
1180290 1909.2
1180300 1878.0
1180310 1843.1
1180320 1843.1
1180330 1818.1
1180340 1794.5
1180350 1794.5
1180360 1783.7
1180370 1781.1
1180380 1781.1
1180390 1774.4
1180400 1768.0
1180410 1768.0
1180420 1761.6
1180430 1754.8
1180440 1754.8
1180450 1747.9
1180460 1741.2
1180470 1735.3
1180480 1735.3
1180490 1729.7
1180500 1724.4
1180510 1724.4
1180520 1719.8
1180530 1716.8
1180540 1716.8
1180550 1715.7
1180560 1715.3
1180570 1715.3
1180580 1714.8
1180590 1714.1
1180600 1714.1
1180610 1712.4
1180620 1710.0
1180630 1710.0
1180640 1707.9
1180650 1706.2
1180660 1706.2
1180670 1704.7
1180680 1704.5
1180690 1704.5
1180700 1704.3
1180710 1700.4
1180720 1700.4
1180730 1694.8
1180740 1689.3
1180750 1689.3
1180760 1685.1
1180770 1682.7
1180780 1682.7
1180790 1681.3
1180800 1684.3
1180810 1684.3
1180820 1683.3
1180830 1682.0
1180840 1680.6
1180850 1680.6
1180860 1679.7
1180870 1678.9
1180880 1678.9
1180890 1678.6
1180900 1678.5
1180910 1678.5
1180920 1678.6
1180930 1679.6
1180940 1679.6
1180950 1681.4
1180960 1683.9
1180970 1683.9
1180980 1685.7
1180990 1687.0
1181000 1687.0
1181010 1688.0
1181020 1688.4
1181030 1688.4
1181040 1688.3
1181050 1688.1
1181060 1688.1
1181070 1687.7
1181080 1687.5
1181090 1687.5
1181100 1686.9
1181110 1686.0
1181120 1686.0
1181130 1684.2
1181140 1682.9
1181150 1682.9
1181160 1681.9
1181170 1680.1
1181180 1678.2
1181190 1678.2
1181200 1676.6
1181210 1674.9
1181220 1681.3
1181230 1679.4
1181240 1677.6
1181250 1677.6
1181260 1675.7
1181270 1673.8
1181280 1673.8
1181290 1672.0
1181300 1669.9
1181310 1669.9
1181320 1667.5
1181330 1665.1
1181340 1665.1
1181350 1662.4
1181360 1659.4
1181370 1659.4
1181380 1655.8
1181390 1651.5
1181400 1651.5
1181410 1647.0
1181420 1643.0
1181430 1643.0
1181440 1639.8
1181450 1638.9
1181460 1638.9
1181470 1639.0
1181480 1637.0
1181490 1637.0
1181500 1638.8
1181510 1638.8
1181520 1640.6
1181530 1640.6
1181540 1645.3
1181550 1649.0
1181560 1649.0
1181570 1649.9
1181580 1648.2
1181590 1648.2
1181600 1644.9
1181610 1641.1
1181620 1641.1
1181630 1637.3
1181640 1638.5
1181650 1638.5
1181660 1634.8
1181670 1630.2
1181680 1630.2
1181690 1625.3
1181700 1620.1
1181710 1620.1
1181720 1614.5
1181730 1610.5
1181740 1610.5
1181750 1611.0
1181760 1607.7
1181770 1607.7
1181780 1612.6
1181790 1619.6
1181800 1619.6
1181810 1627.3
1181820 1655.5
1181830 1655.5
1181840 1674.7
1181850 1674.1
1181860 1674.1
1181870 1671.2
1181880 1677.9
1181890 1678.7
1181900 1678.7
1181910 1673.7
1181920 1669.5
1181930 1669.5
1181940 1665.8
1181950 1666.2
1181960 1666.2
1181970 1664.0
1181980 1660.0
1181990 1660.0
1182000 1655.5
1182010 1651.0
1182020 1651.0
1182030 1648.2
1182040 1644.6
1182050 1644.6
1182060 1652.6
1182070 1647.6
1182080 1647.6
1182090 1642.7
1182100 1636.5
1182110 1636.5
1182120 1633.1
1182130 1630.3
1182140 1630.3
1182150 1625.4
1182160 1621.0
1182170 1621.0
1182180 1621.1
1182190 1623.3
1182200 1623.3
1182210 1625.2
1182220 1627.7
1182230 1632.6
1182240 1632.6
1182250 1644.2
1182260 1653.4
1182270 1653.4
1182280 1658.1
1182290 1662.7
1182300 1662.7
1182310 1667.9
1182320 1668.3
1182330 1668.3
1182340 1667.5
1182350 1664.3
1182360 1664.3
1182370 1661.9
1182380 1658.1
1182390 1658.1
1182400 1653.5
1182410 1649.6
1182420 1649.6
1182430 1645.4
1182440 1643.3
1182450 1643.3
1182460 1639.5
1182470 1635.3
1182480 1642.4
1182490 1641.4
1182500 1639.3
1182510 1639.3
1182520 1638.7
1182530 1638.0
1182540 1638.0
1182550 1636.4
1182560 1629.8
1182570 1629.8
1182580 1622.7
1182590 1625.4
1182600 1630.6
1182610 1630.6
1182620 1631.1
1182630 1628.5
1182640 1628.5
1182650 1626.1
1182660 1624.6
1182670 1624.6
1182680 1623.9
1182690 1623.3
1182700 1623.3
1182710 1622.8
1182720 1621.8
1182730 1621.8
1182740 1619.8
1182750 1619.2
1182760 1619.2
1182770 1621.5
1182780 1622.7
1182790 1622.7
1182800 1620.5
1182810 1620.7
1182820 1620.7
1182830 1623.8
1182840 1627.0
1182850 1627.0
1182860 1629.9
1182870 1632.5
1182880 1632.5
1182890 1635.1
1182900 1636.8
1182910 1643.9
1182920 1646.6
1182930 1658.2
1182940 1675.3
1182950 1675.3
1182960 1694.1
1182970 1716.8
1182980 1716.8
1182990 1742.4
1183000 1743.1
1183010 1743.1
1183020 1750.9
1183030 1758.3
1183040 1758.3
1183050 1768.6
1183060 1788.1
1183070 1788.1
1183080 1813.6
1183090 1831.5
1183100 1831.5
1183110 1830.6
1183120 1827.2
1183130 1827.2
1183140 1823.8
1183150 1820.6
1183160 1820.6
1183170 1816.5
1183180 1809.6
1183190 1809.6
1183200 1793.2
1183210 1780.3
1183220 1780.3
1183230 1770.1
1183240 1758.7
1183250 1758.7
1183260 1751.7
1183270 1748.8
1183280 1752.0
1183290 1752.0
1183300 1752.1
1183310 1748.4
1183320 1748.4
1183330 1757.7
1183340 1750.5
1183350 1750.5
1183360 1752.6
1183370 1749.1
1183380 1749.1
1183390 1741.4
1183400 1736.9
1183410 1736.9
1183420 1732.6
1183430 1724.4
1183440 1724.4
1183450 1714.9
1183460 1704.6
1183470 1704.6
1183480 1692.3
1183490 1677.2
1183500 1677.2
1183510 1660.3
1183520 1642.7
1183530 1642.7
1183540 1629.5
1183550 1614.3
1183560 1614.3
1183570 1605.9
1183580 1599.4
1183590 1599.4
1183600 1590.9
1183610 1590.5
1183620 1590.5
1183630 1588.8
1183640 1584.3
1183650 1581.1
1183660 1581.1
1183670 1574.4
1183680 1565.3
1183690 1565.3
1183700 1559.3
1183710 1553.3
1183720 1553.3
1183730 1543.7
1183740 1538.9
1183750 1538.9
1183760 1542.1
1183770 1539.3
1183780 1539.3
1183790 1536.6
1183800 1533.3
1183810 1533.3
1183820 1530.6
1183830 1528.3
1183840 1528.3
1183850 1527.0
1183860 1526.2
1183870 1526.2
1183880 1524.4
1183890 1522.2
1183900 1522.2
1183910 1519.8
1183920 1516.5
1183930 1516.5
1183940 1512.9
1183950 1510.4
1183960 1510.4
1183970 1510.2
1183980 1510.0
1183990 1510.0
1184000 1510.0
1184010 1508.6
1184020 1507.7
1184030 1507.7
1184040 1505.5
1184050 1502.1
1184060 1502.1
1184070 1499.7
1184080 1497.8
1184090 1497.8
1184100 1497.4
1184110 1497.3
1184120 1497.3
1184130 1498.4
1184140 1502.1
1184150 1502.1
1184160 1507.4
1184170 1512.4
1184180 1515.1
1184190 1519.0
1184200 1522.2
1184210 1522.2
1184220 1525.2
1184230 1527.5
1184240 1527.5
1184250 1529.3
1184260 1532.0
1184270 1532.0
1184280 1533.2
1184290 1533.7
1184300 1533.7
1184310 1536.3
1184320 1544.1
1184330 1544.1
1184340 1564.3
1184350 1578.7
1184360 1584.8
1184370 1584.8
1184380 1591.4
1184390 1601.2
1184400 1601.2
1184410 1612.6
1184420 1623.9
1184430 1623.9
1184440 1627.5
1184450 1628.4
1184460 1628.4
1184470 1629.4
1184480 1631.9
1184490 1631.9
1184500 1633.4
1184510 1633.6
1184520 1633.6
1184530 1632.8
1184540 1629.4
1184550 1629.4
1184560 1628.5
1184570 1624.0
1184580 1624.0
1184590 1615.4
1184600 1607.3
1184610 1615.5
1184620 1603.9
1184630 1590.8
1184640 1590.8
1184650 1577.8
1184660 1573.3
1184670 1573.3
1184680 1569.0
1184690 1564.3
1184700 1559.3
1184710 1559.3
1184720 1554.5
1184730 1550.5
1184740 1550.5
1184750 1548.6
1184760 1547.4
1184770 1547.4
1184780 1545.8
1184790 1543.0
1184800 1543.0
1184810 1542.5
1184820 1538.4
1184830 1538.4
1184840 1536.2
1184850 1540.7
1184860 1540.7
1184870 1544.5
1184880 1543.7
1184890 1543.7
1184900 1541.4
1184910 1539.4
1184920 1539.4
1184930 1534.6
1184940 1526.8
1184950 1526.8
1184960 1528.5
1184970 1536.0
1184980 1536.0
1184990 1541.0
1185000 1546.1
1185010 1546.1
1185020 1548.8
1185030 1549.2
1185040 1549.2
1185050 1551.1
1185060 1549.8
1185070 1545.9
1185080 1545.9
1185090 1546.5
1185100 1550.3
1185110 1550.3
1185120 1555.4
1185130 1558.7
1185140 1558.7
1185150 1560.0
1185160 1561.3
1185170 1561.3
1185180 1564.0
1185190 1567.9
1185200 1567.9
1185210 1572.2
1185220 1576.8
1185230 1576.8
1185240 1581.3
1185250 1585.1
1185260 1585.1
1185270 1588.8
1185280 1593.4
1185290 1593.4
1185300 1597.9
1185310 1603.0
1185320 1603.0
1185330 1610.8
1185340 1611.7
1185350 1611.7
1185360 1613.1
1185370 1616.7
1185380 1616.7
1185390 1617.2
1185400 1622.8
1185410 1629.3
1185420 1629.3
1185430 1624.9
1185440 1621.6
1185450 1621.6
1185460 1631.4
1185470 1628.5
1185480 1628.5
1185490 1611.7
1185500 1602.3
1185510 1602.3
1185520 1595.3
1185530 1588.4
1185540 1588.4
1185550 1581.6
1185560 1575.7
1185570 1575.7
1185580 1571.3
1185590 1567.6
1185600 1567.6
1185610 1564.1
1185620 1560.6
1185630 1560.6
1185640 1557.6
1185650 1556.1
1185660 1556.1
1185670 1555.9
1185680 1556.6
1185690 1556.6
1185700 1557.3
1185710 1558.0
1185720 1558.0
1185730 1558.8
1185740 1558.9
1185750 1559.1
1185760 1559.1
1185770 1560.6
1185780 1561.4
1185790 1561.4
1185800 1561.9
1185810 1563.6
1185820 1563.6
1185830 1565.7
1185840 1568.5
1185850 1568.5
1185860 1571.6
1185870 1573.9
1185880 1573.9
1185890 1581.3
1185900 1584.6
1185910 1584.6
1185920 1587.5
1185930 1590.3
1185940 1590.3
1185950 1592.1
1185960 1593.4
1185970 1593.4
1185980 1596.2
1185990 1600.1
1186000 1600.1
1186010 1604.0
1186020 1608.0
1186030 1608.0
1186040 1612.8
1186050 1616.1
1186060 1616.1
1186070 1619.0
1186080 1621.6
1186090 1621.6
1186100 1625.7
1186110 1632.1
1186120 1639.6
1186130 1639.6
1186140 1639.8
1186150 1640.5
1186160 1640.5
1186170 1644.2
1186180 1650.1
1186190 1650.1
1186200 1656.2
1186210 1663.0
1186220 1663.0
1186230 1669.8
1186240 1676.5
1186250 1676.5
1186260 1681.8
1186270 1686.2
1186280 1686.2
1186290 1690.9
1186300 1696.0
1186310 1696.0
1186320 1705.4
1186330 1712.7
1186340 1712.7
1186350 1720.7
1186360 1723.7
1186370 1723.7
1186380 1725.8
1186390 1728.6
1186400 1728.6
1186410 1733.6
1186420 1739.3
1186430 1739.3
1186440 1745.8
1186450 1751.9
1186460 1753.8
1186470 1753.8
1186480 1751.9
1186490 1747.5
1186500 1747.5
1186510 1743.5
1186520 1739.6
1186530 1739.6
1186540 1735.3
1186550 1730.5
1186560 1730.5
1186570 1726.5
1186580 1722.9
1186590 1722.9
1186600 1719.0
1186610 1715.2
1186620 1715.2
1186630 1710.7
1186640 1705.7
1186650 1705.7
1186660 1702.0
1186670 1699.2
1186680 1699.2
1186690 1697.0
1186700 1694.3
1186710 1694.3
1186720 1691.1
1186730 1688.1
1186740 1682.9
1186750 1680.4
1186760 1678.0
1186770 1678.0
1186780 1676.2
1186790 1674.5
1186800 1672.5
1186810 1672.5
1186820 1670.9
1186830 1669.6
1186840 1669.6
1186850 1668.2
1186860 1667.6
1186870 1667.6
1186880 1666.4
1186890 1665.0
1186900 1665.0
1186910 1663.1
1186920 1660.4
1186930 1660.4
1186940 1657.3
1186950 1653.7
1186960 1653.7
1186970 1649.4
1186980 1647.1
1186990 1647.1
1187000 1645.2
1187010 1643.9
1187020 1643.9
1187030 1642.7
1187040 1641.8
1187050 1641.8
1187060 1641.7
1187070 1641.6
1187080 1641.6
1187090 1641.5
1187100 1642.2
1187110 1642.2
1187120 1642.6
1187130 1642.8
1187140 1642.8
1187150 1643.3
1187160 1643.4
1187170 1637.3
1187180 1637.3
1187190 1639.1
1187200 1641.5
1187210 1641.5
1187220 1642.0
1187230 1643.3
1187240 1643.3
1187250 1644.5
1187260 1645.9
1187270 1645.9
1187280 1647.3
1187290 1649.0
1187300 1649.0
1187310 1651.1
1187320 1653.1
1187330 1653.1
1187340 1654.4
1187350 1654.5
1187360 1654.5
1187370 1654.9
1187380 1655.9
1187390 1655.9
1187400 1655.6
1187410 1655.0
1187420 1655.0
1187430 1655.0
1187440 1655.2
1187450 1655.2
1187460 1654.4
1187470 1653.2
1187480 1653.2
1187490 1651.9
1187500 1651.0
1187510 1649.8
1187520 1649.8
1187530 1648.4
1187540 1646.6
1187550 1646.6
1187560 1643.1
1187570 1636.7
1187580 1636.7
1187590 1629.4
1187600 1620.8
1187610 1620.8
1187620 1615.0
1187630 1611.2
1187640 1611.2
1187650 1610.8
1187660 1612.7
1187670 1612.7
1187680 1612.2
1187690 1612.1
1187700 1612.1
1187710 1612.2
1187720 1612.1
1187730 1612.1
1187740 1611.2
1187750 1609.6
1187760 1609.6
1187770 1607.5
1187780 1605.2
1187790 1605.2
1187800 1602.9
1187810 1600.5
1187820 1600.5
1187830 1598.2
1187840 1596.0
1187850 1596.0
1187860 1593.4
1187870 1590.9
1187880 1588.7
1187890 1588.7
1187900 1586.7
1187910 1584.9
1187920 1584.9
1187930 1582.7
1187940 1580.5
1187950 1580.5
1187960 1578.5
1187970 1576.2
1187980 1576.2
1187990 1573.8
1188000 1571.3
1188010 1571.3
1188020 1568.4
1188030 1565.5
1188040 1564.7
1188050 1561.5
1188060 1559.2
1188070 1559.2
1188080 1558.5
1188090 1557.8
1188100 1557.8
1188110 1552.7
1188120 1543.1
1188130 1543.1
1188140 1538.1
1188150 1536.2
1188160 1536.2
1188170 1534.1
1188180 1532.1
1188190 1532.1
1188200 1528.9
1188210 1523.9
1188220 1517.8
1188230 1517.8
1188240 1512.6
1188250 1509.1
1188260 1509.1
1188270 1507.3
1188280 1506.5
1188290 1506.5
1188300 1507.0
1188310 1507.1
1188320 1507.1
1188330 1505.7
1188340 1505.1
1188350 1505.1
1188360 1505.0
1188370 1504.0
1188380 1504.0
1188390 1502.2
1188400 1500.6
1188410 1500.6
1188420 1499.2
1188430 1498.9
1188440 1498.9
1188450 1499.3
1188460 1499.3
1188470 1496.0
1188480 1495.0
1188490 1492.1
1188500 1492.1
1188510 1487.7
1188520 1482.9
1188530 1482.9
1188540 1477.4
1188550 1472.5
1188560 1472.5
1188570 1468.4
1188580 1464.6
1188590 1461.2
1188600 1461.2
1188610 1457.6
1188620 1454.3
1188630 1454.3
1188640 1451.9
1188650 1451.0
1188660 1451.0
1188670 1450.5
1188680 1449.2
1188690 1449.2
1188700 1447.5
1188710 1446.3
1188720 1446.3
1188730 1446.7
1188740 1445.4
1188750 1445.4
1188760 1441.3
1188770 1437.1
1188780 1437.1
1188790 1433.1
1188800 1432.0
1188810 1432.0
1188820 1433.4
1188830 1430.7
1188840 1430.7
1188850 1428.2
1188860 1429.3
1188870 1429.3
1188880 1426.0
1188890 1419.8
1188900 1418.1
1188910 1411.7
1188920 1404.9
1188930 1398.5
1188940 1398.5
1188950 1392.6
1188960 1387.8
1188970 1387.8
1188980 1384.0
1188990 1378.3
1189000 1378.3
1189010 1370.9
1189020 1363.5
1189030 1363.5
1189040 1358.1
1189050 1349.7
1189060 1349.7
1189070 1341.5
1189080 1335.8
1189090 1335.8
1189100 1330.3
1189110 1327.7
1189120 1327.7
1189130 1324.8
1189140 1321.7
1189150 1321.7
1189160 1318.8
1189170 1315.1
1189180 1315.1
1189190 1311.9
1189200 1309.4
1189210 1309.4
1189220 1308.1
1189230 1307.9
1189240 1307.9
1189250 1309.7
1189260 1307.3
1189270 1303.6
1189280 1303.6
1189290 1297.2
1189300 1290.1
1189310 1290.1
1189320 1286.1
1189330 1282.7
1189340 1282.7
1189350 1281.5
1189360 1275.9
1189370 1275.9
1189380 1271.9
1189390 1266.6
1189400 1266.6
1189410 1259.3
1189420 1253.2
1189430 1253.2
1189440 1246.7
1189450 1240.5
1189460 1240.5
1189470 1235.5
1189480 1231.3
1189490 1231.3
1189500 1227.2
1189510 1222.6
1189520 1222.6
1189530 1220.1
1189540 1220.5
1189550 1220.5
1189560 1219.2
1189570 1215.7
1189580 1215.7
1189590 1211.5
1189600 1205.8
1189610 1205.8
1189620 1201.0
1189630 1197.1
1189640 1192.6
1189650 1192.6
1189660 1187.1
1189670 1181.9
1189680 1181.9
1189690 1176.5
1189700 1172.1
1189710 1172.1
1189720 1164.4
1189730 1156.7
1189740 1156.7
1189750 1152.2
1189760 1148.1
1189770 1147.9
1189780 1144.9
1189790 1142.5
1189800 1142.5
1189810 1138.4
1189820 1134.0
1189830 1134.0
1189840 1128.4
1189850 1122.6
1189860 1122.6
1189870 1117.2
1189880 1111.2
1189890 1111.2
1189900 1105.7
1189910 1101.0
1189920 1101.0
1189930 1098.4
1189940 1096.8
1189950 1096.8
1189960 1095.2
1189970 1094.1
1189980 1093.3
1189990 1093.3
1190000 1090.7
1190010 1087.6
1190020 1087.6
1190030 1084.6
1190040 1082.3
1190050 1082.3
1190060 1080.9
1190070 1078.9
1190080 1078.9
1190090 1076.5
1190100 1073.5
1190110 1073.5
1190120 1069.7
1190130 1063.7
1190140 1063.7
1190150 1058.1
1190160 1054.1
1190170 1054.1
1190180 1049.4
1190190 1046.3
1190200 1046.4
1190210 1044.9
1190220 1044.2
1190230 1044.2
1190240 1044.5
1190250 1043.6
1190260 1043.6
1190270 1042.6
1190280 1041.5
1190290 1041.5
1190300 1036.9
1190310 1034.6
1190320 1034.6
1190330 1033.4
1190340 1029.3
1190350 1024.0
1190360 1024.0
1190370 1020.9
1190380 1018.5
1190390 1018.5
1190400 1016.5
1190410 1015.0
1190420 1015.0
1190430 1013.7
1190440 1011.9
1190450 1011.9
1190460 1009.9
1190470 1008.6
1190480 1008.6
1190490 1007.1
1190500 1005.1
1190510 1005.1
1190520 1001.9
1190530 998.6
1190540 998.6
1190550 995.0
1190560 992.3
1190570 992.3
1190580 990.5
1190590 988.8
1190600 988.8
1190610 986.5
1190620 983.9
1190630 986.0
1190640 983.8
1190650 983.6
1190660 983.6
1190670 983.3
1190680 982.5
1190690 982.3
1190700 982.3
1190710 981.7
1190720 981.3
1190730 981.3
1190740 979.9
1190750 977.6
1190760 977.6
1190770 977.2
1190780 978.2
1190790 978.2
1190800 978.1
1190810 976.9
1190820 976.9
1190830 976.9
1190840 975.6
1190850 975.6
1190860 975.8
1190870 975.2
1190880 975.2
1190890 974.3
1190900 974.4
1190910 974.4
1190920 974.0
1190930 973.7
1190940 973.7
1190950 973.5
1190960 973.9
1190970 973.9
1190980 975.9
1190990 979.7
1191000 979.7
1191010 982.7
1191020 987.2
1191030 990.6
1191040 990.6
1191050 990.9
1191060 989.8
1191070 991.0
1191080 992.8
1191090 994.9
1191100 994.9
1191110 996.4
1191120 998.6
1191130 998.6
1191140 999.6
1191150 996.7
1191160 996.7
1191170 997.4
1191180 999.8
1191190 999.8
1191200 995.2
1191210 986.4
1191220 986.4
1191230 978.9
1191240 972.9
1191250 972.9
1191260 969.9
1191270 967.7
1191280 967.7
1191290 964.6
1191300 961.8
1191310 961.8
1191320 959.0
1191330 955.5
1191340 955.5
1191350 949.9
1191360 944.0
1191370 944.0
1191380 940.5
1191390 939.4
1191400 937.8
1191410 937.8
1191420 936.0
1191430 934.3
1191440 934.3
1191450 933.5
1191460 934.8
1191470 934.8
1191480 937.9
1191490 941.3
1191500 941.3
1191510 942.3
1191520 945.6
1191530 945.6
1191540 947.9
1191550 955.2
1191560 955.2
1191570 962.8
1191580 964.2
1191590 964.2
1191600 963.0
1191610 966.2
1191620 966.2
1191630 962.2
1191640 951.6
1191650 951.6
1191660 944.8
1191670 941.1
1191680 941.1
1191690 928.8
1191700 910.8
1191710 910.8
1191720 895.3
1191730 881.9
1191740 868.6
1191750 868.6
1191760 860.9
1191770 854.1
1191780 854.1
1191790 848.7
1191800 844.1
1191810 844.1
1191820 839.9
1191830 835.9
1191840 835.9
1191850 835.6
1191860 835.8
1191870 835.8
1191880 835.7
1191890 835.4
1191900 835.4
1191910 835.5
1191920 835.5
1191930 835.5
1191940 835.8
1191950 835.8
1191960 835.8
1191970 835.5
1191980 835.8
1191990 835.8
1192000 837.3
1192010 836.6
1192020 836.6
1192030 835.8
1192040 835.9
1192050 835.9
1192060 835.9
1192070 835.8
1192080 835.8
1192090 835.8
1192100 835.9
1192110 836.0
1192120 836.0
1192130 836.0
1192140 836.0
1192150 836.0
1192160 836.1
1192170 836.1
1192180 836.1
1192190 836.2
1192200 836.4
1192210 836.4
1192220 836.4
1192230 836.5
1192240 836.5
1192250 836.5
1192260 836.6
1192270 836.6
1192280 836.7
1192290 836.9
1192300 836.9
1192310 836.5
1192320 835.4
1192330 835.4
1192340 835.3
1192350 835.4
1192360 835.4
1192370 835.3
1192380 835.2
1192390 835.2
1192400 835.2
1192410 835.4
1192420 835.4
1192430 835.7
1192440 836.2
1192450 836.7
1192460 836.7
1192470 836.8
1192480 836.6
1192490 836.6
1192500 836.5
1192510 836.4
1192520 836.4
1192530 836.4
1192540 836.4
1192550 836.4
1192560 836.2
1192570 835.9
1192580 835.9
1192590 835.7
1192600 836.4
1192610 836.4
1192620 836.4
1192630 836.4
1192640 836.4
1192650 836.1
1192660 836.0
1192670 836.0
1192680 835.9
1192690 836.2
1192700 836.2
1192710 836.0
1192720 836.2
1192730 836.2
1192740 836.1
1192750 836.0
1192760 836.0
1192770 835.8
1192780 835.7
1192790 835.6
1192800 835.6
1192810 835.5
1192820 835.5
1192830 835.5
1192840 835.4
1192850 835.5
1192860 835.5
1192870 835.4
1192880 834.8
1192890 834.8
1192900 836.0
1192910 837.9
1192920 837.9
1192930 838.7
1192940 839.3
1192950 839.3
1192960 839.8
1192970 840.0
1192980 840.0
1192990 840.2
1193000 840.4
1193010 840.4
1193020 840.4
1193030 840.5
1193040 840.5
1193050 840.4
1193060 840.1
1193070 840.1
1193080 839.3
1193090 839.2
1193100 839.2
1193110 839.4
1193120 839.3
1193130 839.3
1193140 838.8
1193150 838.3
1193160 838.1
1193170 838.1
1193180 838.0
1193190 838.1
1193200 838.1
1193210 839.2
1193220 840.4
1193230 840.4
1193240 840.4
1193250 840.2
1193260 840.4
1193270 840.5
1193280 840.4
1193290 840.4
1193300 840.3
1193310 840.3
1193320 840.3
1193330 840.4
1193340 840.4
1193350 840.4
1193360 840.5
1193370 841.2
1193380 841.2
1193390 841.3
1193400 841.2
1193410 841.2
1193420 841.4
1193430 841.3
1193440 841.3
1193450 840.6
1193460 840.8
1193470 840.8
1193480 841.0
1193490 841.0
1193500 841.3
1193510 841.3
1193520 841.6
1193530 842.2
1193540 842.2
1193550 844.2
1193560 848.4
1193570 848.4
1193580 853.3
1193590 859.4
1193600 859.4
1193610 871.7
1193620 886.9
1193630 886.9
1193640 890.2
1193650 903.8
1193660 903.8
1193670 913.8
1193680 920.4
1193690 918.3
1193700 925.5
1193710 930.1
1193720 930.1
1193730 933.9
1193740 936.9
1193750 936.9
1193760 937.1
1193770 934.3
1193780 934.3
1193790 933.1
1193800 935.9
1193810 935.9
1193820 937.6
1193830 938.8
1193840 938.8
1193850 939.3
1193860 937.2
1193870 931.2
1193880 931.2
1193890 923.9
1193900 916.9
1193910 916.9
1193920 909.4
1193930 900.4
1193940 900.4
1193950 892.5
1193960 885.5
1193970 885.5
1193980 879.5
1193990 875.1
1194000 875.1
1194010 871.2
1194020 867.4
1194030 867.4
1194040 863.8
1194050 860.3
1194060 860.3
1194070 857.1
1194080 855.3
1194090 855.3
1194100 854.8
1194110 854.6
1194120 854.6
1194130 855.6
1194140 855.2
1194150 855.2
1194160 856.8
1194170 858.4
1194180 858.4
1194190 860.5
1194200 862.9
1194210 866.8
1194220 866.8
1194230 870.0
1194240 872.1
1194250 872.1
1194260 872.8
1194270 873.4
1194280 873.4
1194290 874.3
1194300 874.5
1194310 874.5
1194320 873.3
1194330 870.5
1194340 870.5
1194350 866.7
1194360 863.8
1194370 863.8
1194380 859.3
1194390 854.2
1194400 854.2
1194410 853.0
1194420 853.0
1194430 853.0
1194440 852.9
1194450 852.6
1194460 852.6
1194470 852.4
1194480 851.8
1194490 851.8
1194500 849.0
1194510 846.1
1194520 846.1
1194530 845.7
1194540 845.9
1194550 846.1
1194560 846.1
1194570 846.3
1194580 846.2
1194590 846.2
1194600 846.0
1194610 846.2
1194620 846.2
1194630 846.2
1194640 846.2
1194650 846.2
1194660 846.1
1194670 846.0
1194680 846.0
1194690 845.7
1194700 845.7
1194710 845.7
1194720 845.7
1194730 845.7
1194740 845.7
1194750 845.7
1194760 845.6
1194770 845.6
1194780 845.7
1194790 845.6
1194800 845.6
1194810 845.7
1194820 845.6
1194830 845.6
1194840 846.0
1194850 845.3
1194860 845.3
1194870 844.5
1194880 846.9
1194890 846.9
1194900 853.5
1194910 859.8
1194920 864.3
1194930 864.3
1194940 869.0
1194950 874.9
1194960 874.9
1194970 881.7
1194980 888.3
1194990 888.3
1195000 894.2
1195010 900.9
1195020 900.4
1195030 906.6
1195040 908.0
1195050 908.0
1195060 910.4
1195070 914.5
1195080 914.5
1195090 915.2
1195100 918.0
1195110 918.0
1195120 921.5
1195130 924.2
1195140 924.2
1195150 926.8
1195160 929.8
1195170 929.8
1195180 933.0
1195190 936.7
1195200 936.7
1195210 940.6
1195220 943.8
1195230 943.8
1195240 946.5
1195250 949.5
1195260 953.0
1195270 953.0
1195280 957.6
1195290 962.4
1195300 962.4
1195310 966.2
1195320 967.6
1195330 967.6
1195340 968.3
1195350 971.0
1195360 971.0
1195370 974.6
1195380 978.7
1195390 978.7
1195400 983.5
1195410 987.2
1195420 987.2
1195430 988.5
1195440 988.0
1195450 988.0
1195460 985.8
1195470 983.1
1195480 983.1
1195490 984.9
1195500 987.9
1195510 987.9
1195520 991.0
1195530 994.7
1195540 994.7
1195550 996.7
1195560 998.6
1195570 998.6
1195580 999.0
1195590 1000.3
1195600 1001.5
1195610 1001.5
1195620 1003.2
1195630 1006.1
1195640 1006.1
1195650 1009.1
1195660 1010.5
1195670 1010.5
1195680 1010.7
1195690 1010.5
1195700 1010.5
1195710 1011.6
1195720 1011.4
1195730 1011.4
1195740 1012.6
1195750 1015.2
1195760 1015.2
1195770 1018.7
1195780 1023.4
1195790 1023.4
1195800 1027.8
1195810 1031.5
1195820 1031.5
1195830 1037.5
1195840 1044.6
1195850 1044.6
1195860 1051.8
1195870 1060.0
1195880 1060.0
1195890 1065.8
1195900 1063.5
1195910 1063.5
1195920 1068.6
1195930 1074.6
1195940 1074.6
1195950 1079.8
1195960 1084.0
1195970 1086.5
1195980 1086.5
1195990 1088.3
1196000 1089.9
1196010 1089.9
1196020 1091.6
1196030 1092.8
1196040 1092.8
1196050 1093.8
1196060 1094.5
1196070 1094.5
1196080 1092.8
1196090 1091.3
1196100 1091.3
1196110 1096.1
1196120 1099.8
1196130 1099.8
1196140 1103.4
1196150 1107.3
1196160 1107.3
1196170 1109.1
1196180 1108.8
1196190 1108.8
1196200 1107.8
1196210 1107.0
1196220 1107.0
1196230 1106.4
1196240 1105.6
1196250 1105.6
1196260 1108.8
1196270 1110.7
1196280 1110.7
1196290 1112.6
1196300 1114.5
1196310 1116.7
1196320 1116.7
1196330 1119.7
1196340 1117.3
1196350 1117.3
1196360 1120.4
1196370 1123.2
1196380 1123.2
1196390 1126.5
1196400 1129.3
1196410 1129.3
1196420 1130.6
1196430 1132.0
1196440 1132.0
1196450 1134.5
1196460 1137.9
1196470 1137.9
1196480 1141.4
1196490 1143.9
1196500 1143.9
1196510 1144.8
1196520 1141.6
1196530 1141.6
1196540 1135.9
1196550 1129.8
1196560 1129.8
1196570 1124.5
1196580 1120.1
1196590 1120.1
1196600 1114.5
1196610 1111.3
1196620 1111.3
1196630 1111.2
1196640 1114.3
1196650 1114.3
1196660 1118.0
1196670 1122.1
1196680 1127.0
1196690 1127.0
1196700 1131.4
1196710 1134.0
1196720 1134.0
1196730 1136.6
1196740 1139.7
1196750 1139.7
1196760 1142.6
1196770 1146.0
1196780 1146.0
1196790 1149.1
1196800 1152.8
1196810 1152.8
1196820 1157.2
1196830 1161.9
1196840 1161.9
1196850 1166.8
1196860 1170.1
1196870 1170.1
1196880 1171.6
1196890 1173.7
1196900 1173.7
1196910 1175.7
1196920 1177.3
1196930 1177.3
1196940 1180.3
1196950 1183.6
1196960 1183.6
1196970 1184.7
1196980 1184.1
1196990 1184.1
1197000 1183.0
1197010 1179.9
1197020 1176.9
1197030 1176.9
1197040 1174.7
1197050 1173.9
1197060 1173.9
1197070 1173.6
1197080 1172.3
1197090 1172.3
1197100 1170.2
1197110 1168.8
1197120 1168.8
1197130 1167.9
1197140 1165.4
1197150 1165.4
1197160 1163.8
1197170 1165.3
1197180 1165.3
1197190 1161.5
1197200 1152.2
1197210 1152.2
1197220 1139.8
1197230 1131.9
1197240 1131.9
1197250 1132.8
1197260 1139.3
1197270 1139.3
1197280 1144.6
1197290 1148.7
1197300 1148.7
1197310 1151.4
1197320 1151.4
1197330 1151.4
1197340 1150.6
1197350 1149.5
1197360 1146.6
1197370 1146.6
1197380 1144.3
1197390 1146.4
1197400 1146.4
1197410 1148.6
1197420 1148.6
1197430 1148.6
1197440 1147.7
1197450 1146.2
1197460 1146.2
1197470 1142.1
1197480 1138.6
1197490 1138.6
1197500 1136.2
1197510 1137.7
1197520 1137.7
1197530 1139.2
1197540 1135.4
1197550 1135.4
1197560 1129.9
1197570 1127.3
1197580 1127.3
1197590 1124.0
1197600 1118.4
1197610 1118.4
1197620 1112.6
1197630 1101.4
1197640 1101.4
1197650 1091.5
1197660 1107.6
1197670 1107.6
1197680 1120.3
1197690 1128.1
1197700 1128.1
1197710 1135.4
1197720 1140.6
1197730 1144.0
1197740 1144.0
1197750 1147.1
1197760 1149.5
1197770 1149.5
1197780 1149.8
1197790 1149.6
1197800 1149.6
1197810 1147.6
1197820 1144.4
1197830 1144.4
1197840 1144.4
1197850 1145.8
1197860 1145.8
1197870 1147.1
1197880 1148.1
1197890 1148.1
1197900 1148.6
1197910 1148.3
1197920 1148.3
1197930 1151.4
1197940 1153.8
1197950 1153.8
1197960 1154.2
1197970 1154.0
1197980 1154.0
1197990 1152.4
1198000 1151.2
1198010 1151.2
1198020 1151.2
1198030 1150.7
1198040 1150.7
1198050 1150.2
1198060 1151.8
1198070 1153.4
1198080 1153.4
1198090 1156.8
1198100 1160.5
1198110 1160.5
1198120 1159.2
1198130 1159.8
1198140 1159.8
1198150 1160.5
1198160 1161.0
1198170 1161.0
1198180 1161.0
1198190 1160.7
1198200 1160.7
1198210 1160.7
1198220 1161.8
1198230 1161.8
1198240 1162.5
1198250 1162.0
1198260 1162.0
1198270 1160.7
1198280 1157.5
1198290 1157.5
1198300 1152.7
1198310 1149.7
1198320 1149.7
1198330 1146.1
1198340 1142.9
1198350 1142.9
1198360 1140.6
1198370 1140.5
1198380 1140.5
1198390 1140.6
1198400 1138.4
1198410 1136.2
1198420 1136.2
1198430 1134.9
1198440 1134.0
1198450 1134.0
1198460 1133.0
1198470 1132.6
1198480 1132.6
1198490 1129.4
1198500 1125.1
1198510 1125.1
1198520 1122.9
1198530 1121.5
1198540 1121.5
1198550 1120.3
1198560 1119.1
1198570 1115.5
1198580 1115.4
1198590 1112.3
1198600 1112.3
1198610 1105.1
1198620 1095.7
1198630 1095.7
1198640 1085.7
1198650 1073.3
1198660 1073.3
1198670 1061.4
1198680 1047.9
1198690 1047.9
1198700 1044.1
1198710 1051.5
1198720 1051.5
1198730 1060.1
1198740 1068.8
1198750 1068.8
1198760 1076.5
1198770 1083.1
1198780 1088.4
1198790 1088.4
1198800 1092.7
1198810 1098.1
1198820 1098.1
1198830 1102.0
1198840 1104.4
1198850 1104.4
1198860 1103.8
1198870 1101.0
1198880 1101.0
1198890 1098.0
1198900 1094.9
1198910 1094.9
1198920 1094.5
1198930 1096.2
1198940 1096.2
1198950 1101.4
1198960 1107.6
1198970 1107.6
1198980 1112.8
1198990 1111.0
1199000 1111.0
1199010 1106.6
1199020 1106.4
1199030 1106.4
1199040 1111.9
1199050 1117.5
1199060 1117.5
1199070 1121.6
1199080 1124.2
1199090 1124.2
1199100 1126.2
1199110 1127.8
1199120 1128.3
1199130 1128.3
1199140 1129.6
1199150 1130.5
1199160 1130.5
1199170 1131.9
1199180 1132.2
1199190 1132.2
1199200 1130.1
1199210 1128.3
1199220 1128.3
1199230 1133.6
1199240 1137.8
1199250 1137.8
1199260 1140.4
1199270 1138.7
1199280 1138.7
1199290 1136.9
1199300 1140.6
1199310 1140.6
1199320 1143.6
1199330 1145.4
1199340 1145.4
1199350 1148.0
1199360 1149.7
1199370 1149.7
1199380 1149.8
1199390 1149.9
1199400 1149.9
1199410 1149.9
1199420 1148.2
1199430 1148.2
1199440 1149.3
1199450 1149.9
1199460 1150.3
1199470 1146.4
1199480 1146.6
1199490 1146.3
1199500 1146.3
1199510 1145.8
1199520 1146.5
1199530 1146.5
1199540 1147.1
1199550 1147.5
1199560 1147.5
1199570 1147.3
1199580 1147.8
1199590 1147.8
1199600 1148.2
1199610 1141.4
1199620 1141.4
1199630 1138.0
1199640 1145.0
1199650 1145.0
1199660 1149.3
1199670 1150.5
1199680 1150.5
1199690 1149.4
1199700 1148.6
1199710 1148.6
1199720 1148.1
1199730 1149.7
1199740 1149.7
1199750 1152.2
1199760 1154.7
1199770 1154.7
1199780 1156.7
1199790 1157.9
1199800 1157.9
1199810 1157.8
1199820 1157.2
1199830 1156.3
1199840 1156.3
1199850 1155.6
1199860 1156.9
1199870 1156.9
1199880 1157.9
1199890 1158.1
1199900 1158.1
1199910 1152.4
1199920 1152.4
1199930 1152.4
1199940 1152.1
1199950 1150.9
1199960 1150.9
1199970 1149.9
1199980 1149.1
1199990 1149.1
