1180000 1882.3
1180010 1882.3
1180020 1897.3
1180030 1909.5
1180040 1909.5
1180050 1915.3
1180060 1919.1
1180070 1919.1
1180080 1925.6
1180090 1928.5
1180100 1928.5
1180110 1931.7
1180120 1930.2
1180130 1930.2
1180140 1923.2
1180150 1929.5
1180160 1929.5
1180170 1947.4
1180180 1949.9
1180190 1949.9
1180200 1948.6
1180210 1946.6
1180220 1946.6
1180230 1947.2
1180240 1949.5
1180250 1949.5
1180260 1953.1
1180270 1950.0
1180280 1950.0
1180290 1942.9
1180300 1916.9
1180310 1916.9
1180320 1894.0
1180330 1866.0
1180340 1843.0
1180350 1841.4
1180360 1818.3
1180370 1799.9
1180380 1799.9
1180390 1789.8
1180400 1781.9
1180410 1781.9
1180420 1774.8
1180430 1768.4
1180440 1768.4
1180450 1762.6
1180460 1757.1
1180470 1757.1
1180480 1751.5
1180490 1746.2
1180500 1746.2
1180510 1741.3
1180520 1737.4
1180530 1737.4
1180540 1734.7
1180550 1732.6
1180560 1732.6
1180570 1731.5
1180580 1730.2
1180590 1730.2
1180600 1728.6
1180610 1726.9
1180620 1726.9
1180630 1725.3
1180640 1723.5
1180650 1723.5
1180660 1721.2
1180670 1719.3
1180680 1719.3
1180690 1718.3
1180700 1717.6
1180710 1716.9
1180720 1716.9
1180730 1716.2
1180740 1715.3
1180750 1715.3
1180760 1714.2
1180770 1718.5
1180780 1718.5
1180790 1716.5
1180800 1715.0
1180810 1715.0
1180820 1714.5
1180830 1714.9
1180840 1714.9
1180850 1715.4
1180860 1715.2
1180870 1715.2
1180880 1714.7
1180890 1714.1
1180900 1714.1
1180910 1713.3
1180920 1713.0
1180930 1713.0
1180940 1714.4
1180950 1716.7
1180960 1716.7
1180970 1719.1
1180980 1721.2
1180990 1721.2
1181000 1722.7
1181010 1724.2
1181020 1724.2
1181030 1725.6
1181040 1726.8
1181050 1727.6
1181060 1727.6
1181070 1727.7
1181080 1726.6
1181090 1726.6
1181100 1724.9
1181110 1723.4
1181120 1723.4
1181130 1722.2
1181140 1721.1
1181150 1721.1
1181160 1720.0
1181170 1718.8
1181180 1718.8
1181190 1724.4
1181200 1723.0
1181210 1723.0
1181220 1721.6
1181230 1720.0
1181240 1720.0
1181250 1718.0
1181260 1716.4
1181270 1716.4
1181280 1714.2
1181290 1710.9
1181300 1710.9
1181310 1708.3
1181320 1710.6
1181330 1710.6
1181340 1735.2
1181350 1767.9
1181360 1767.9
1181370 1784.3
1181380 1786.2
1181390 1786.2
1181400 1784.2
1181410 1781.6
1181420 1775.9
1181430 1775.9
1181440 1763.8
1181450 1749.8
1181460 1749.8
1181470 1737.0
1181480 1724.0
1181490 1724.0
1181500 1714.2
1181510 1707.6
1181520 1707.6
1181530 1704.2
1181540 1720.1
1181550 1720.1
1181560 1739.5
1181570 1750.8
1181580 1750.8
1181590 1769.0
1181600 1780.8
1181610 1807.8
1181620 1799.1
1181630 1794.3
1181640 1794.3
1181650 1785.3
1181660 1789.0
1181670 1789.0
1181680 1795.0
1181690 1794.7
1181700 1794.7
1181710 1786.3
1181720 1781.7
1181730 1781.7
1181740 1783.0
1181750 1786.4
1181760 1785.2
1181770 1785.2
1181780 1796.7
1181790 1817.2
1181800 1817.2
1181810 1825.4
1181820 1828.7
1181830 1828.7
1181840 1824.5
1181850 1815.0
1181860 1815.0
1181870 1799.0
1181880 1789.5
1181890 1789.5
1181900 1771.0
1181910 1762.1
1181920 1762.1
1181930 1757.8
1181940 1751.9
1181950 1751.9
1181960 1746.8
1181970 1741.9
1181980 1741.9
1181990 1736.5
1182000 1732.6
1182010 1732.6
1182020 1727.9
1182030 1765.4
1182040 1765.4
1182050 1779.2
1182060 1764.7
1182070 1764.7
1182080 1730.2
1182090 1709.4
1182100 1694.3
1182110 1694.3
1182120 1679.1
1182130 1671.7
1182140 1671.7
1182150 1666.1
1182160 1664.0
1182170 1664.0
1182180 1663.3
1182190 1665.2
1182200 1665.2
1182210 1669.5
1182220 1677.3
1182230 1677.3
1182240 1690.6
1182250 1706.3
1182260 1706.3
1182270 1722.1
1182280 1730.3
1182290 1730.3
1182300 1729.5
1182310 1725.7
1182320 1725.7
1182330 1723.3
1182340 1720.3
1182350 1720.3
1182360 1718.5
1182370 1713.5
1182380 1713.5
1182390 1709.6
1182400 1705.6
1182410 1705.6
1182420 1701.8
1182430 1695.9
1182440 1695.9
1182450 1688.8
1182460 1687.8
1182470 1683.0
1182480 1683.0
1182490 1680.5
1182500 1680.6
1182510 1680.6
1182520 1677.3
1182530 1668.9
1182540 1668.9
1182550 1663.1
1182560 1661.5
1182570 1661.5
1182580 1663.5
1182590 1666.5
1182600 1666.5
1182610 1667.1
1182620 1665.3
1182630 1665.3
1182640 1663.6
1182650 1660.7
1182660 1660.7
1182670 1658.0
1182680 1655.8
1182690 1655.8
1182700 1654.5
1182710 1653.8
1182720 1653.8
1182730 1653.1
1182740 1651.6
1182750 1651.6
1182760 1650.5
1182770 1650.1
1182780 1650.1
1182790 1649.2
1182800 1648.4
1182810 1648.5
1182820 1648.5
1182830 1651.0
1182840 1655.8
1182850 1655.8
1182860 1661.9
1182870 1671.7
1182880 1689.4
1182890 1701.5
1182900 1713.8
1182910 1713.8
1182920 1732.3
1182930 1748.5
1182940 1748.5
1182950 1767.0
1182960 1785.8
1182970 1785.8
1182980 1800.0
1182990 1805.3
1183000 1805.3
1183010 1806.4
1183020 1807.1
1183030 1807.1
1183040 1806.1
1183050 1803.8
1183060 1803.8
1183070 1805.6
1183080 1828.9
1183090 1828.9
1183100 1858.6
1183110 1885.6
1183120 1885.6
1183130 1877.7
1183140 1867.3
1183150 1867.3
1183160 1859.0
1183170 1850.8
1183180 1851.5
1183190 1851.5
1183200 1848.8
1183210 1846.6
1183220 1846.6
1183230 1839.5
1183240 1832.0
1183250 1832.0
1183260 1826.4
1183270 1821.8
1183280 1821.8
1183290 1822.6
1183300 1825.5
1183310 1825.5
1183320 1814.0
1183330 1811.3
1183340 1811.3
1183350 1810.7
1183360 1806.0
1183370 1806.0
1183380 1798.8
1183390 1791.2
1183400 1791.2
1183410 1782.7
1183420 1777.0
1183430 1777.0
1183440 1772.4
1183450 1774.7
1183460 1774.7
1183470 1775.3
1183480 1771.2
1183490 1771.2
1183500 1766.1
1183510 1760.6
1183520 1750.8
1183530 1750.8
1183540 1742.8
1183550 1731.9
1183560 1731.9
1183570 1711.1
1183580 1687.6
1183590 1687.6
1183600 1676.4
1183610 1665.9
1183620 1665.9
1183630 1655.7
1183640 1645.1
1183650 1645.1
1183660 1637.6
1183670 1630.4
1183680 1630.4
1183690 1621.7
1183700 1614.2
1183710 1614.2
1183720 1606.8
1183730 1611.6
1183740 1611.6
1183750 1607.8
1183760 1597.7
1183770 1597.7
1183780 1583.5
1183790 1574.1
1183800 1574.1
1183810 1570.0
1183820 1567.3
1183830 1567.3
1183840 1564.6
1183850 1561.2
1183860 1557.4
1183870 1557.4
1183880 1553.0
1183890 1548.1
1183900 1548.1
1183910 1543.2
1183920 1538.6
1183930 1538.6
1183940 1535.9
1183950 1534.1
1183960 1534.1
1183970 1532.0
1183980 1529.4
1183990 1529.4
1184000 1528.5
1184010 1527.4
1184020 1527.4
1184030 1525.1
1184040 1524.0
1184050 1524.0
1184060 1522.3
1184070 1521.1
1184080 1521.1
1184090 1519.5
1184100 1518.3
1184110 1518.3
1184120 1518.5
1184130 1521.9
1184140 1521.9
1184150 1532.5
1184160 1537.0
1184170 1537.0
1184180 1540.7
1184190 1544.8
1184200 1544.8
1184210 1550.6
1184220 1561.7
1184230 1565.4
1184240 1565.4
1184250 1569.6
1184260 1571.9
1184270 1571.9
1184280 1576.4
1184290 1589.9
1184300 1589.9
1184310 1603.3
1184320 1610.1
1184330 1610.1
1184340 1615.3
1184350 1622.5
1184360 1622.5
1184370 1629.1
1184380 1641.2
1184390 1641.2
1184400 1660.1
1184410 1671.3
1184420 1671.3
1184430 1671.1
1184440 1675.0
1184450 1675.0
1184460 1675.4
1184470 1676.0
1184480 1676.0
1184490 1676.5
1184500 1679.2
1184510 1679.2
1184520 1681.3
1184530 1681.0
1184540 1681.0
1184550 1676.6
1184560 1670.2
1184570 1652.9
1184580 1649.2
1184590 1640.2
1184600 1638.9
1184610 1638.9
1184620 1631.9
1184630 1616.8
1184640 1616.8
1184650 1608.5
1184660 1599.5
1184670 1599.5
1184680 1593.0
1184690 1586.4
1184700 1586.4
1184710 1581.2
1184720 1574.8
1184730 1574.8
1184740 1570.2
1184750 1567.4
1184760 1567.4
1184770 1564.9
1184780 1561.6
1184790 1561.6
1184800 1558.5
1184810 1556.1
1184820 1556.1
1184830 1552.5
1184840 1552.8
1184850 1552.8
1184860 1556.7
1184870 1556.2
1184880 1556.2
1184890 1553.5
1184900 1552.4
1184910 1552.4
1184920 1551.6
1184930 1548.1
1184940 1542.9
1184950 1542.9
1184960 1538.0
1184970 1542.5
1184980 1542.5
1184990 1546.7
1185000 1551.2
1185010 1551.2
1185020 1555.1
1185030 1556.3
1185040 1556.3
1185050 1557.9
1185060 1559.7
1185070 1559.7
1185080 1560.9
1185090 1561.5
1185100 1561.5
1185110 1563.2
1185120 1565.9
1185130 1565.9
1185140 1569.0
1185150 1572.2
1185160 1572.2
1185170 1576.9
1185180 1583.2
1185190 1583.2
1185200 1591.8
1185210 1599.1
1185220 1599.1
1185230 1604.6
1185240 1609.8
1185250 1609.8
1185260 1614.9
1185270 1624.3
1185280 1633.2
1185290 1633.2
1185300 1638.7
1185310 1648.5
1185320 1648.5
1185330 1656.6
1185340 1664.2
1185350 1664.2
1185360 1668.0
1185370 1668.1
1185380 1668.1
1185390 1673.3
1185400 1675.3
1185410 1675.3
1185420 1677.0
1185430 1665.8
1185440 1665.8
1185450 1659.9
1185460 1655.6
1185470 1655.6
1185480 1649.7
1185490 1636.8
1185500 1636.8
1185510 1627.2
1185520 1622.2
1185530 1622.2
1185540 1618.3
1185550 1614.2
1185560 1614.2
1185570 1609.8
1185580 1605.4
1185590 1605.4
1185600 1600.9
1185610 1596.8
1185620 1592.5
1185630 1592.5
1185640 1589.3
1185650 1588.3
1185660 1588.3
1185670 1588.5
1185680 1590.0
1185690 1590.0
1185700 1592.1
1185710 1593.7
1185720 1593.7
1185730 1594.9
1185740 1595.5
1185750 1595.5
1185760 1595.9
1185770 1596.0
1185780 1596.0
1185790 1595.8
1185800 1596.1
1185810 1596.1
1185820 1596.2
1185830 1596.9
1185840 1596.9
1185850 1598.3
1185860 1605.5
1185870 1605.5
1185880 1607.1
1185890 1609.1
1185900 1609.1
1185910 1613.0
1185920 1617.5
1185930 1617.5
1185940 1621.1
1185950 1624.4
1185960 1624.4
1185970 1627.1
1185980 1629.7
1185990 1632.3
1186000 1632.3
1186010 1635.2
1186020 1639.3
1186030 1639.3
1186040 1643.2
1186050 1647.4
1186060 1647.4
1186070 1652.2
1186080 1657.3
1186090 1657.3
1186100 1662.1
1186110 1666.6
1186120 1666.6
1186130 1671.6
1186140 1677.4
1186150 1677.4
1186160 1689.4
1186170 1713.6
1186180 1713.6
1186190 1726.8
1186200 1728.5
1186210 1728.5
1186220 1729.3
1186230 1734.9
1186240 1734.9
1186250 1740.5
1186260 1740.8
1186270 1740.8
1186280 1740.7
1186290 1758.3
1186300 1758.3
1186310 1762.2
1186320 1757.7
1186330 1754.7
1186340 1754.7
1186350 1753.7
1186360 1754.5
1186370 1754.5
1186380 1755.4
1186390 1758.1
1186400 1758.1
1186410 1763.6
1186420 1770.4
1186430 1770.4
1186440 1773.3
1186450 1768.8
1186460 1768.8
1186470 1761.9
1186480 1755.0
1186490 1755.0
1186500 1748.3
1186510 1741.2
1186520 1741.2
1186530 1734.6
1186540 1728.2
1186550 1728.2
1186560 1722.8
1186570 1717.8
1186580 1717.8
1186590 1713.3
1186600 1708.6
1186610 1708.6
1186620 1704.2
1186630 1700.0
1186640 1700.0
1186650 1696.6
1186660 1693.9
1186670 1691.2
1186680 1691.2
1186690 1687.7
1186700 1685.1
1186710 1685.1
1186720 1683.1
1186730 1679.1
1186740 1679.1
1186750 1675.0
1186760 1672.1
1186770 1672.1
1186780 1670.9
1186790 1670.4
1186800 1670.4
1186810 1670.1
1186820 1668.4
1186830 1668.4
1186840 1665.3
1186850 1661.9
1186860 1661.9
1186870 1658.1
1186880 1654.1
1186890 1654.1
1186900 1649.6
1186910 1644.0
1186920 1644.0
1186930 1637.9
1186940 1632.6
1186950 1632.6
1186960 1626.7
1186970 1621.1
1186980 1621.1
1186990 1617.3
1187000 1615.7
1187010 1615.7
1187020 1614.6
1187030 1613.1
1187040 1611.8
1187050 1611.8
1187060 1611.0
1187070 1611.2
1187080 1611.2
1187090 1612.2
1187100 1613.3
1187110 1613.3
1187120 1614.1
1187130 1614.4
1187140 1614.4
1187150 1612.6
1187160 1613.1
1187170 1613.1
1187180 1613.2
1187190 1614.5
1187200 1614.5
1187210 1615.1
1187220 1615.5
1187230 1615.5
1187240 1616.0
1187250 1617.1
1187260 1617.1
1187270 1619.1
1187280 1620.9
1187290 1620.9
1187300 1621.8
1187310 1623.4
1187320 1623.4
1187330 1625.4
1187340 1626.8
1187350 1626.8
1187360 1627.2
1187370 1626.4
1187380 1624.7
1187390 1624.7
1187400 1623.2
1187410 1622.8
1187420 1622.8
1187430 1621.0
1187440 1619.2
1187450 1619.2
1187460 1618.3
1187470 1618.0
1187480 1618.0
1187490 1616.0
1187500 1615.1
1187510 1615.1
1187520 1612.5
1187530 1611.8
1187540 1611.8
1187550 1612.7
1187560 1612.2
1187570 1612.2
1187580 1602.2
1187590 1599.4
1187600 1599.4
1187610 1595.8
1187620 1591.2
1187630 1591.2
1187640 1586.5
1187650 1581.7
1187660 1581.7
1187670 1576.0
1187680 1574.6
1187690 1574.6
1187700 1574.4
1187710 1574.2
1187720 1574.2
1187730 1573.7
1187740 1573.0
1187750 1572.3
1187760 1572.3
1187770 1571.3
1187780 1570.4
1187790 1570.4
1187800 1569.5
1187810 1568.9
1187820 1568.9
1187830 1568.1
1187840 1567.2
1187850 1567.2
1187860 1566.2
1187870 1565.4
1187880 1565.4
1187890 1564.1
1187900 1562.4
1187910 1562.4
1187920 1560.5
1187930 1558.9
1187940 1558.9
1187950 1557.6
1187960 1556.1
1187970 1556.1
1187980 1554.7
1187990 1553.7
1188000 1553.7
1188010 1548.7
1188020 1548.9
1188030 1548.9
1188040 1548.0
1188050 1546.8
1188060 1546.8
1188070 1545.7
1188080 1544.6
1188090 1543.8
1188100 1543.8
1188110 1543.2
1188120 1543.2
1188130 1543.2
1188140 1543.2
1188150 1543.9
1188160 1543.9
1188170 1545.0
1188180 1544.8
1188190 1544.8
1188200 1544.5
1188210 1543.8
1188220 1543.8
1188230 1543.2
1188240 1542.1
1188250 1542.1
1188260 1540.0
1188270 1536.0
1188280 1536.0
1188290 1533.5
1188300 1532.6
1188310 1532.6
1188320 1531.7
1188330 1530.8
1188340 1530.8
1188350 1528.0
1188360 1527.4
1188370 1527.4
1188380 1525.2
1188390 1520.7
1188400 1520.7
1188410 1514.9
1188420 1505.8
1188430 1493.5
1188440 1488.8
1188450 1482.6
1188460 1478.9
1188470 1478.9
1188480 1477.7
1188490 1475.5
1188500 1475.5
1188510 1471.6
1188520 1468.9
1188530 1468.9
1188540 1466.9
1188550 1464.1
1188560 1464.1
1188570 1459.9
1188580 1457.5
1188590 1457.5
1188600 1455.1
1188610 1452.9
1188620 1452.9
1188630 1450.7
1188640 1445.5
1188650 1445.5
1188660 1440.6
1188670 1435.7
1188680 1435.7
1188690 1430.7
1188700 1425.5
1188710 1425.5
1188720 1422.3
1188730 1420.0
1188740 1420.0
1188750 1416.7
1188760 1412.5
1188770 1412.5
1188780 1408.4
1188790 1405.8
1188800 1404.0
1188810 1404.0
1188820 1402.1
1188830 1399.8
1188840 1399.8
1188850 1397.7
1188860 1396.1
1188870 1394.7
1188880 1392.3
1188890 1389.4
1188900 1389.4
1188910 1383.2
1188920 1379.9
1188930 1379.9
1188940 1375.8
1188950 1373.5
1188960 1373.5
1188970 1370.7
1188980 1368.0
1188990 1368.0
1189000 1366.0
1189010 1362.3
1189020 1362.3
1189030 1355.1
1189040 1351.5
1189050 1351.5
1189060 1349.3
1189070 1345.9
1189080 1345.9
1189090 1342.5
1189100 1338.5
1189110 1338.5
1189120 1334.7
1189130 1329.6
1189140 1324.0
1189150 1324.0
1189160 1319.1
1189170 1315.1
1189180 1315.1
1189190 1310.1
1189200 1303.4
1189210 1303.4
1189220 1297.6
1189230 1293.5
1189240 1293.5
1189250 1290.7
1189260 1287.1
1189270 1287.1
1189280 1285.0
1189290 1283.8
1189300 1282.6
1189310 1277.8
1189320 1272.1
1189330 1272.1
1189340 1267.8
1189350 1264.8
1189360 1264.8
1189370 1259.9
1189380 1254.9
1189390 1254.9
1189400 1248.8
1189410 1244.8
1189420 1244.8
1189430 1240.6
1189440 1236.1
1189450 1236.1
1189460 1232.8
1189470 1230.0
1189480 1230.0
1189490 1226.7
1189500 1223.0
1189510 1219.4
1189520 1219.4
1189530 1216.6
1189540 1213.6
1189550 1213.6
1189560 1210.4
1189570 1207.8
1189580 1207.8
1189590 1205.0
1189600 1203.0
1189610 1203.0
1189620 1200.0
1189630 1195.0
1189640 1195.0
1189650 1191.7
1189660 1187.4
1189670 1187.4
1189680 1182.7
1189690 1179.1
1189700 1179.1
1189710 1173.3
1189720 1163.7
1189730 1163.7
1189740 1153.7
1189750 1149.6
1189760 1149.6
1189770 1143.2
1189780 1133.8
1189790 1133.8
1189800 1126.7
1189810 1123.4
1189820 1123.4
1189830 1122.7
1189840 1121.7
1189850 1121.8
1189860 1121.8
1189870 1123.5
1189880 1123.2
1189890 1123.2
1189900 1121.5
1189910 1120.7
1189920 1120.7
1189930 1121.9
1189940 1125.9
1189950 1125.9
1189960 1128.2
1189970 1125.0
1189980 1125.0
1189990 1115.8
1190000 1109.3
1190010 1109.3
1190020 1105.5
1190030 1103.6
1190040 1103.6
1190050 1098.8
1190060 1093.6
1190070 1093.6
1190080 1088.7
1190090 1083.2
1190100 1083.2
1190110 1076.9
1190120 1070.0
1190130 1070.0
1190140 1064.9
1190150 1062.7
1190160 1062.7
1190170 1064.4
1190180 1060.4
1190190 1058.8
1190200 1058.8
1190210 1060.3
1190220 1058.9
1190230 1058.9
1190240 1056.6
1190250 1055.0
1190260 1055.0
1190270 1054.0
1190280 1049.3
1190290 1049.3
1190300 1045.2
1190310 1043.1
1190320 1043.1
1190330 1041.9
1190340 1040.1
1190350 1040.1
1190360 1039.2
1190370 1041.0
1190380 1041.0
1190390 1038.1
1190400 1032.5
1190410 1032.5
1190420 1029.2
1190430 1028.7
1190440 1028.7
1190450 1027.0
1190460 1024.1
1190470 1024.1
1190480 1020.8
1190490 1018.2
1190500 1018.2
1190510 1014.8
1190520 1009.4
1190530 1009.4
1190540 1004.8
1190550 1002.4
1190560 1001.6
1190570 1001.6
1190580 1000.6
1190590 998.1
1190600 998.1
1190610 1001.0
1190620 1004.9
1190630 1004.9
1190640 1010.4
1190650 1010.3
1190660 1010.3
1190670 1009.3
1190680 1009.7
1190690 1009.7
1190700 1008.4
1190710 1007.1
1190720 1007.1
1190730 1004.8
1190740 1003.2
1190750 1003.2
1190760 1002.9
1190770 1001.9
1190780 1001.9
1190790 999.1
1190800 992.9
1190810 992.9
1190820 989.2
1190830 984.7
1190840 984.7
1190850 982.1
1190860 981.8
1190870 981.8
1190880 982.3
1190890 981.5
1190900 979.9
1190910 979.9
1190920 981.3
1190930 983.0
1190940 983.0
1190950 986.0
1190960 986.4
1190970 986.4
1190980 987.4
1190990 987.7
1191000 987.7
1191010 990.6
1191020 994.5
1191030 994.5
1191040 1002.5
1191050 1008.6
1191060 1008.6
1191070 1012.7
1191080 1017.2
1191090 1017.2
1191100 1020.8
1191110 1022.1
1191120 1022.1
1191130 1023.8
1191140 1021.4
1191150 1021.4
1191160 1018.6
1191170 1016.4
1191180 1016.4
1191190 1012.4
1191200 1006.5
1191210 1006.5
1191220 1000.6
1191230 995.9
1191240 995.9
1191250 993.4
1191260 993.3
1191270 990.7
1191280 990.7
1191290 986.2
1191300 981.5
1191310 981.5
1191320 970.0
1191330 948.5
1191340 948.5
1191350 933.8
1191360 926.9
1191370 926.9
1191380 920.0
1191390 913.1
1191400 913.1
1191410 907.3
1191420 903.5
1191430 903.5
1191440 902.4
1191450 901.9
1191460 901.9
1191470 900.8
1191480 897.5
1191490 897.5
1191500 898.3
1191510 900.2
1191520 900.2
1191530 902.6
1191540 904.8
1191550 904.8
1191560 905.4
1191570 905.9
1191580 905.9
1191590 903.6
1191600 895.9
1191610 889.4
1191620 889.4
1191630 884.1
1191640 877.4
1191650 877.4
1191660 874.3
1191670 874.0
1191680 874.0
1191690 870.9
1191700 866.4
1191710 866.4
1191720 860.4
1191730 853.8
1191740 853.8
1191750 847.6
1191760 843.2
1191770 843.2
1191780 839.5
1191790 836.4
1191800 836.4
1191810 836.5
1191820 838.0
1191830 838.0
1191840 839.8
1191850 842.4
1191860 842.4
1191870 845.3
1191880 845.7
1191890 845.7
1191900 845.3
1191910 843.6
1191920 843.6
1191930 843.5
1191940 843.2
1191950 842.4
1191960 842.4
1191970 839.9
1191980 837.8
1191990 837.8
1192000 838.3
1192010 837.5
1192020 837.5
1192030 836.7
1192040 836.5
1192050 836.5
1192060 836.6
1192070 836.7
1192080 836.7
1192090 836.7
1192100 836.8
1192110 836.8
1192120 836.9
1192130 836.9
1192140 836.9
1192150 836.9
1192160 836.8
1192170 836.8
1192180 836.8
1192190 836.8
1192200 836.8
1192210 836.8
1192220 836.6
1192230 836.6
1192240 836.8
1192250 836.9
1192260 836.9
1192270 836.9
1192280 837.0
1192290 837.0
1192300 837.0
1192310 836.8
1192320 836.1
1192330 836.1
1192340 835.7
1192350 835.6
1192360 835.6
1192370 835.5
1192380 835.5
1192390 835.5
1192400 835.6
1192410 836.4
1192420 836.4
1192430 837.2
1192440 837.5
1192450 837.5
1192460 837.6
1192470 837.4
1192480 837.4
1192490 837.2
1192500 837.2
1192510 837.2
1192520 837.0
1192530 836.9
1192540 836.9
1192550 836.7
1192560 836.6
1192570 836.6
1192580 836.3
1192590 836.0
1192600 836.0
1192610 835.8
1192620 835.6
1192630 835.6
1192640 835.9
1192650 836.3
1192660 836.9
1192670 836.9
1192680 836.5
1192690 836.4
1192700 836.4
1192710 836.3
1192720 836.4
1192730 836.4
1192740 836.3
1192750 836.1
1192760 836.1
1192770 836.4
1192780 836.4
1192790 836.5
1192800 836.4
1192810 835.7
1192820 835.7
1192830 835.1
1192840 835.5
1192850 835.5
1192860 836.0
1192870 836.0
1192880 836.0
1192890 835.9
1192900 835.7
1192910 835.7
1192920 834.9
1192930 836.3
1192940 836.3
1192950 837.8
1192960 838.5
1192970 838.5
1192980 839.1
1192990 839.6
1193000 839.6
1193010 840.0
1193020 840.2
1193030 840.1
1193040 840.1
1193050 840.0
1193060 839.8
1193070 839.8
1193080 839.3
1193090 839.1
1193100 839.1
1193110 838.9
1193120 838.6
1193130 838.6
1193140 838.5
1193150 838.5
1193160 838.5
1193170 838.5
1193180 838.9
1193190 838.9
1193200 839.7
1193210 840.4
1193220 840.4
1193230 840.8
1193240 841.0
1193250 841.0
1193260 841.3
1193270 841.3
1193280 841.3
1193290 841.2
1193300 840.9
1193310 840.9
1193320 840.9
1193330 841.0
1193340 841.0
1193350 841.2
1193360 841.7
1193370 841.9
1193380 841.9
1193390 841.1
1193400 840.8
1193410 840.8
1193420 840.7
1193430 840.6
1193440 840.6
1193450 841.1
1193460 840.7
1193470 840.7
1193480 840.9
1193490 841.5
1193500 841.5
1193510 841.8
1193520 842.1
1193530 842.1
1193540 842.3
1193550 842.5
1193560 842.5
1193570 842.8
1193580 842.9
1193590 842.9
1193600 842.8
1193610 843.7
1193620 843.7
1193630 848.0
1193640 854.3
1193650 854.3
1193660 855.7
1193670 861.2
1193680 861.2
1193690 868.6
1193700 879.3
1193710 894.8
1193720 894.8
1193730 903.9
1193740 911.2
1193750 911.2
1193760 914.0
1193770 916.1
1193780 916.1
1193790 917.7
1193800 919.6
1193810 919.6
1193820 921.1
1193830 921.1
1193840 921.1
1193850 920.7
1193860 920.2
1193870 920.2
1193880 917.8
1193890 914.9
1193900 914.9
1193910 912.9
1193920 909.9
1193930 909.9
1193940 907.0
1193950 904.2
1193960 904.2
1193970 898.3
1193980 890.3
1193990 890.3
1194000 883.6
1194010 878.1
1194020 878.1
1194030 873.2
1194040 869.0
1194050 869.0
1194060 865.7
1194070 865.3
1194080 865.3
1194090 865.3
1194100 865.4
1194110 863.2
1194120 863.2
1194130 860.6
1194140 858.7
1194150 858.7
1194160 858.8
1194170 860.7
1194180 860.7
1194190 861.2
1194200 861.4
1194210 861.4
1194220 861.0
1194230 862.3
1194240 862.3
1194250 865.0
1194260 867.6
1194270 867.6
1194280 870.0
1194290 871.7
1194300 871.7
1194310 872.4
1194320 871.1
1194330 871.1
1194340 868.6
1194350 866.7
1194360 866.7
1194370 864.7
1194380 862.0
1194390 862.0
1194400 858.8
1194410 857.4
1194420 856.9
1194430 856.9
1194440 853.8
1194450 849.3
1194460 849.3
1194470 846.5
1194480 846.6
1194490 846.6
1194500 846.8
1194510 846.4
1194520 846.4
1194530 846.8
1194540 846.8
1194550 847.2
1194560 846.9
1194570 847.2
1194580 847.2
1194590 847.0
1194600 846.6
1194610 846.6
1194620 846.3
1194630 846.4
1194640 846.4
1194650 846.6
1194660 846.4
1194670 846.4
1194680 846.4
1194690 846.5
1194700 846.5
1194710 846.5
1194720 846.5
1194730 846.5
1194740 846.4
1194750 846.0
1194760 846.1
1194770 846.1
1194780 846.1
1194790 845.9
1194800 845.9
1194810 845.8
1194820 846.3
1194830 846.3
1194840 845.2
1194850 845.2
1194860 845.2
1194870 847.7
1194880 850.2
1194890 850.2
1194900 854.0
1194910 859.0
1194920 859.0
1194930 865.3
1194940 871.8
1194950 871.8
1194960 877.0
1194970 880.8
1194980 880.8
1194990 885.6
1195000 890.9
1195010 890.9
1195020 898.3
1195030 904.1
1195040 904.1
1195050 907.9
1195060 908.9
1195070 908.9
1195080 911.6
1195090 917.0
1195100 917.0
1195110 920.8
1195120 923.6
1195130 924.8
1195140 924.8
1195150 926.6
1195160 928.1
1195170 928.1
1195180 929.9
1195190 932.3
1195200 932.3
1195210 935.0
1195220 937.7
1195230 937.7
1195240 940.6
1195250 943.6
1195260 943.6
1195270 947.3
1195280 951.7
1195290 951.7
1195300 956.9
1195310 962.2
1195320 962.2
1195330 966.1
1195340 969.7
1195350 969.7
1195360 971.4
1195370 974.5
1195380 974.5
1195390 977.0
1195400 979.3
1195410 979.3
1195420 982.9
1195430 983.5
1195440 983.5
1195450 984.6
1195460 984.6
1195470 984.8
1195480 984.8
1195490 984.7
1195500 985.4
1195510 985.4
1195520 986.6
1195530 988.4
1195540 988.4
1195550 990.5
1195560 991.9
1195570 991.9
1195580 993.9
1195590 995.3
1195600 995.3
1195610 997.0
1195620 999.2
1195630 999.2
1195640 1000.4
1195650 1002.0
1195660 1002.0
1195670 1003.7
1195680 1004.7
1195690 1004.7
1195700 1005.7
1195710 1006.9
1195720 1006.9
1195730 1008.4
1195740 1009.9
1195750 1009.9
1195760 1011.6
1195770 1012.4
1195780 1012.4
1195790 1013.2
1195800 1014.6
1195810 1014.6
1195820 1016.2
1195830 1018.7
1195840 1021.7
1195850 1021.7
1195860 1024.9
1195870 1023.5
1195880 1023.5
1195890 1026.7
1195900 1030.3
1195910 1030.3
1195920 1034.1
1195930 1037.9
1195940 1037.9
1195950 1041.4
1195960 1043.9
1195970 1043.9
1195980 1045.2
1195990 1045.9
1196000 1045.9
1196010 1048.0
1196020 1051.6
1196030 1051.6
1196040 1053.9
1196050 1055.1
1196060 1055.1
1196070 1056.4
1196080 1056.4
1196090 1056.4
1196100 1054.9
1196110 1056.8
1196120 1056.8
1196130 1057.7
1196140 1058.0
1196150 1058.0
1196160 1058.6
1196170 1058.9
1196180 1058.9
1196190 1058.9
1196200 1059.6
1196210 1059.2
1196220 1059.2
1196230 1064.0
1196240 1068.4
1196250 1068.4
1196260 1073.0
1196270 1075.9
1196280 1075.9
1196290 1080.0
1196300 1084.1
1196310 1081.6
1196320 1086.8
1196330 1089.7
1196340 1089.7
1196350 1092.3
1196360 1095.0
1196370 1095.0
1196380 1098.4
1196390 1101.3
1196400 1101.3
1196410 1104.3
1196420 1107.5
1196430 1107.5
1196440 1108.5
1196450 1109.6
1196460 1109.6
1196470 1111.5
1196480 1112.8
1196490 1112.8
1196500 1113.4
1196510 1112.7
1196520 1108.4
1196530 1108.4
1196540 1101.7
1196550 1095.9
1196560 1095.9
1196570 1091.8
1196580 1089.9
1196590 1089.9
1196600 1094.8
1196610 1100.3
1196620 1100.3
1196630 1103.2
1196640 1104.3
1196650 1104.3
1196660 1107.1
1196670 1110.5
1196680 1110.5
1196690 1115.0
1196700 1122.5
1196710 1122.5
1196720 1131.2
1196730 1140.6
1196740 1140.6
1196750 1150.3
1196760 1152.7
1196770 1152.7
1196780 1156.8
1196790 1158.5
1196800 1158.5
1196810 1159.3
1196820 1161.5
1196830 1161.5
1196840 1160.4
1196850 1155.2
1196860 1155.2
1196870 1152.6
1196880 1150.2
1196890 1149.6
1196900 1149.6
1196910 1151.2
1196920 1151.5
1196930 1151.5
1196940 1151.4
1196950 1152.5
1196960 1152.5
1196970 1153.1
1196980 1150.9
1196990 1150.9
1197000 1149.6
1197010 1147.9
1197020 1147.9
1197030 1145.3
1197040 1142.4
1197050 1142.4
1197060 1140.1
1197070 1138.7
1197080 1138.7
1197090 1137.3
1197100 1137.1
1197110 1137.1
1197120 1135.8
1197130 1134.5
1197140 1134.5
1197150 1133.6
1197160 1133.2
1197170 1133.2
1197180 1132.8
1197190 1131.6
1197200 1128.1
1197210 1128.0
1197220 1128.1
1197230 1126.5
1197240 1126.5
1197250 1124.6
1197260 1120.9
1197270 1120.9
1197280 1113.1
1197290 1110.0
1197300 1110.0
1197310 1115.4
1197320 1119.7
1197330 1119.7
1197340 1119.7
1197350 1119.4
1197360 1119.4
1197370 1120.5
1197380 1119.2
1197390 1119.2
1197400 1120.2
1197410 1121.9
1197420 1121.9
1197430 1122.6
1197440 1121.6
1197450 1121.6
1197460 1121.2
1197470 1120.5
1197480 1120.5
1197490 1118.0
1197500 1117.5
1197510 1117.5
1197520 1120.1
1197530 1118.5
1197540 1118.5
1197550 1114.8
1197560 1109.6
1197570 1097.6
1197580 1097.6
1197590 1083.3
1197600 1072.4
1197610 1072.4
1197620 1064.6
1197630 1069.2
1197640 1069.2
1197650 1087.0
1197660 1098.3
1197670 1098.3
1197680 1110.1
1197690 1117.0
1197700 1117.0
1197710 1122.6
1197720 1127.0
1197730 1127.0
1197740 1130.5
1197750 1132.5
1197760 1132.5
1197770 1132.7
1197780 1132.1
1197790 1132.1
1197800 1130.5
1197810 1127.8
1197820 1127.8
1197830 1124.1
1197840 1119.1
1197850 1119.1
1197860 1118.5
1197870 1119.8
1197880 1119.8
1197890 1120.0
1197900 1120.1
1197910 1120.1
1197920 1118.8
1197930 1121.0
1197940 1121.5
1197950 1121.5
1197960 1118.2
1197970 1116.5
1197980 1116.5
1197990 1117.4
1198000 1121.1
1198010 1121.1
1198020 1125.8
1198030 1126.9
1198040 1126.9
1198050 1128.5
1198060 1130.6
1198070 1130.6
1198080 1132.6
1198090 1129.5
1198100 1129.5
1198110 1131.1
1198120 1132.3
1198130 1132.3
1198140 1133.4
1198150 1133.8
1198160 1133.8
1198170 1133.7
1198180 1133.6
1198190 1133.6
1198200 1132.8
1198210 1132.1
1198220 1132.1
1198230 1131.8
1198240 1130.8
1198250 1130.8
1198260 1129.5
1198270 1128.2
1198280 1126.9
1198290 1126.9
1198300 1125.3
1198310 1124.1
1198320 1124.1
1198330 1123.1
1198340 1122.3
1198350 1122.3
1198360 1120.1
1198370 1119.8
1198380 1119.8
1198390 1119.4
1198400 1118.4
1198410 1118.4
1198420 1117.0
1198430 1115.6
1198440 1115.6
1198450 1114.3
1198460 1112.9
1198470 1112.9
1198480 1112.0
1198490 1111.0
1198500 1111.0
1198510 1110.1
1198520 1109.9
1198530 1109.9
1198540 1107.2
1198550 1106.2
1198560 1106.2
1198570 1104.7
1198580 1099.6
1198590 1099.6
1198600 1092.6
1198610 1084.3
1198620 1076.4
1198630 1076.4
1198640 1069.5
1198650 1062.0
1198660 1062.0
1198670 1055.2
1198680 1049.0
1198690 1049.0
1198700 1042.0
1198710 1033.5
1198720 1033.5
1198730 1030.1
1198740 1037.9
1198750 1037.9
1198760 1047.5
1198770 1055.9
1198780 1055.9
1198790 1063.2
1198800 1069.7
1198810 1069.7
1198820 1075.1
1198830 1078.2
1198840 1078.2
1198850 1077.3
1198860 1072.5
1198870 1072.5
1198880 1068.3
1198890 1065.6
1198900 1065.6
1198910 1072.3
1198920 1078.8
1198930 1078.8
1198940 1079.9
1198950 1077.6
1198960 1077.6
1198970 1080.0
1198980 1085.7
1198990 1092.1
1199000 1092.1
1199010 1096.3
1199020 1100.4
1199030 1100.4
1199040 1103.6
1199050 1104.9
1199060 1104.9
1199070 1106.7
1199080 1105.8
1199090 1105.8
1199100 1105.0
1199110 1106.9
1199120 1106.9
1199130 1107.5
1199140 1107.6
1199150 1107.6
1199160 1110.0
1199170 1110.7
1199180 1110.7
1199190 1108.1
1199200 1103.3
1199210 1103.3
1199220 1104.9
1199230 1104.8
1199240 1104.8
1199250 1104.7
1199260 1110.8
1199270 1110.8
1199280 1116.5
1199290 1119.0
1199300 1119.0
1199310 1121.1
1199320 1122.2
1199330 1123.6
1199340 1123.6
1199350 1124.5
1199360 1124.7
1199370 1124.7
1199380 1124.8
1199390 1124.3
1199400 1124.3
1199410 1120.1
1199420 1120.2
1199430 1120.2
1199440 1120.9
1199450 1122.4
1199460 1122.4
1199470 1122.9
1199480 1123.5
1199490 1123.5
1199500 1122.7
1199510 1124.4
1199520 1124.4
1199530 1125.3
1199540 1125.9
1199550 1125.9
1199560 1126.3
1199570 1126.3
1199580 1126.3
1199590 1125.4
1199600 1125.4
1199610 1125.4
1199620 1126.2
1199630 1123.3
1199640 1123.3
1199650 1115.3
1199660 1114.5
1199670 1114.5
1199680 1117.9
1199690 1122.5
1199700 1124.5
1199710 1124.5
1199720 1124.3
1199730 1124.0
1199740 1124.0
1199750 1123.5
1199760 1123.5
1199770 1123.5
1199780 1123.3
1199790 1123.0
1199800 1123.0
1199810 1122.9
1199820 1122.9
1199830 1122.9
1199840 1123.7
1199850 1125.0
1199860 1125.0
1199870 1125.5
1199880 1121.3
1199890 1121.3
1199900 1122.8
1199910 1124.4
1199920 1124.4
1199930 1125.6
1199940 1123.8
1199950 1123.8
1199960 1119.3
1199970 1116.4
1199980 1116.4
1199990 1116.3
