1180000 1787.7
1180010 1786.1
1180020 1786.1
1180030 1786.5
1180040 1787.5
1180050 1787.5
1180060 1788.1
1180070 1786.4
1180080 1786.4
1180090 1784.6
1180100 1783.8
1180110 1783.8
1180120 1783.7
1180130 1780.9
1180140 1780.9
1180150 1779.0
1180160 1779.9
1180170 1779.9
1180180 1782.4
1180190 1785.8
1180200 1785.8
1180210 1789.8
1180220 1799.5
1180230 1799.5
1180240 1804.8
1180250 1810.8
1180260 1810.8
1180270 1817.7
1180280 1824.7
1180290 1824.7
1180300 1832.4
1180310 1840.3
1180320 1845.5
1180330 1845.5
1180340 1848.1
1180350 1850.9
1180360 1850.9
1180370 1853.0
1180380 1857.3
1180390 1857.3
1180400 1864.2
1180410 1871.3
1180420 1871.3
1180430 1878.9
1180440 1884.7
1180450 1884.7
1180460 1890.1
1180470 1891.6
1180480 1891.6
1180490 1889.9
1180500 1888.5
1180510 1888.5
1180520 1889.8
1180530 1892.3
1180540 1892.3
1180550 1893.9
1180560 1896.7
1180570 1896.7
1180580 1902.4
1180590 1904.9
1180600 1904.9
1180610 1907.2
1180620 1903.1
1180630 1903.1
1180640 1892.5
1180650 1893.8
1180660 1897.1
1180670 1897.1
1180680 1901.6
1180690 1906.7
1180700 1906.7
1180710 1912.8
1180720 1913.7
1180730 1913.7
1180740 1914.0
1180750 1914.0
1180760 1914.0
1180770 1913.2
1180780 1910.5
1180790 1910.5
1180800 1908.3
1180810 1907.5
1180820 1907.5
1180830 1905.7
1180840 1903.5
1180850 1903.5
1180860 1902.3
1180870 1900.9
1180880 1900.9
1180890 1899.7
1180900 1898.6
1180910 1898.6
1180920 1897.1
1180930 1895.2
1180940 1895.2
1180950 1893.4
1180960 1891.0
1180970 1891.0
1180980 1888.1
1180990 1884.2
1181000 1884.2
1181010 1880.4
1181020 1876.7
1181030 1873.3
1181040 1873.3
1181050 1871.1
1181060 1867.8
1181070 1862.3
1181080 1857.2
1181090 1850.8
1181100 1850.8
1181110 1846.5
1181120 1843.1
1181130 1843.1
1181140 1840.6
1181150 1839.1
1181160 1839.1
1181170 1836.5
1181180 1831.1
1181190 1831.1
1181200 1826.4
1181210 1824.2
1181220 1824.2
1181230 1822.7
1181240 1818.6
1181250 1818.6
1181260 1816.3
1181270 1812.4
1181280 1812.4
1181290 1808.5
1181300 1806.3
1181310 1806.3
1181320 1804.0
1181330 1801.1
1181340 1801.1
1181350 1798.4
1181360 1795.6
1181370 1792.5
1181380 1792.5
1181390 1788.9
1181400 1783.7
1181410 1783.7
1181420 1777.0
1181430 1769.5
1181440 1769.5
1181450 1763.2
1181460 1758.3
1181470 1758.3
1181480 1755.3
1181490 1740.9
1181500 1740.9
1181510 1734.6
1181520 1730.7
1181530 1730.7
1181540 1725.7
1181550 1720.0
1181560 1720.0
1181570 1715.4
1181580 1712.2
1181590 1712.2
1181600 1711.1
1181610 1711.2
1181620 1711.2
1181630 1710.6
1181640 1709.6
1181650 1709.6
1181660 1708.3
1181670 1707.4
1181680 1707.4
1181690 1706.1
1181700 1705.4
1181710 1705.4
1181720 1704.1
1181730 1702.2
1181740 1700.3
1181750 1700.3
1181760 1699.5
1181770 1701.9
1181780 1701.9
1181790 1703.4
1181800 1703.1
1181810 1703.1
1181820 1702.2
1181830 1699.2
1181840 1699.2
1181850 1695.3
1181860 1692.9
1181870 1692.9
1181880 1688.8
1181890 1683.5
1181900 1683.5
1181910 1675.0
1181920 1671.7
1181930 1671.7
1181940 1669.9
1181950 1669.1
1181960 1669.1
1181970 1668.0
1181980 1666.7
1181990 1666.7
1182000 1664.9
1182010 1662.5
1182020 1662.5
1182030 1659.9
1182040 1658.0
1182050 1658.0
1182060 1657.5
1182070 1656.8
1182080 1655.3
1182090 1655.3
1182100 1654.3
1182110 1653.5
1182120 1653.5
1182130 1653.4
1182140 1652.4
1182150 1652.4
1182160 1652.0
1182170 1650.9
1182180 1650.9
1182190 1649.3
1182200 1649.9
1182210 1649.9
1182220 1651.3
1182230 1652.4
1182240 1652.4
1182250 1651.0
1182260 1649.5
1182270 1649.5
1182280 1649.5
1182290 1651.6
1182300 1651.6
1182310 1653.1
1182320 1653.9
1182330 1648.4
1182340 1650.7
1182350 1652.9
1182360 1652.9
1182370 1654.4
1182380 1655.7
1182390 1655.7
1182400 1656.7
1182410 1657.1
1182420 1657.1
1182430 1656.6
1182440 1654.6
1182450 1651.0
1182460 1651.0
1182470 1648.2
1182480 1647.5
1182490 1647.5
1182500 1647.3
1182510 1647.8
1182520 1647.8
1182530 1647.9
1182540 1648.3
1182550 1648.3
1182560 1648.4
1182570 1648.8
1182580 1648.8
1182590 1648.7
1182600 1648.3
1182610 1648.3
1182620 1646.4
1182630 1640.9
1182640 1640.9
1182650 1636.7
1182660 1637.9
1182670 1637.9
1182680 1638.7
1182690 1640.3
1182700 1640.3
1182710 1647.5
1182720 1649.8
1182730 1649.8
1182740 1652.4
1182750 1650.1
1182760 1636.8
1182770 1627.2
1182780 1622.6
1182790 1618.3
1182800 1618.3
1182810 1612.6
1182820 1605.5
1182830 1605.5
1182840 1594.7
1182850 1593.7
1182860 1593.7
1182870 1589.4
1182880 1582.9
1182890 1582.9
1182900 1575.7
1182910 1571.7
1182920 1571.7
1182930 1567.6
1182940 1559.2
1182950 1559.2
1182960 1556.5
1182970 1555.4
1182980 1555.4
1182990 1553.8
1183000 1552.0
1183010 1552.0
1183020 1548.0
1183030 1544.0
1183040 1544.0
1183050 1537.4
1183060 1534.5
1183070 1534.5
1183080 1533.0
1183090 1531.2
1183100 1531.2
1183110 1528.8
1183120 1527.9
1183130 1527.9
1183140 1526.3
1183150 1524.7
1183160 1523.3
1183170 1523.3
1183180 1515.0
1183190 1512.2
1183200 1512.2
1183210 1509.0
1183220 1508.7
1183230 1508.7
1183240 1506.6
1183250 1499.9
1183260 1499.9
1183270 1493.4
1183280 1489.4
1183290 1489.4
1183300 1488.0
1183310 1491.7
1183320 1491.7
1183330 1492.7
1183340 1491.7
1183350 1491.7
1183360 1490.0
1183370 1487.4
1183380 1487.4
1183390 1487.3
1183400 1491.1
1183410 1491.1
1183420 1494.9
1183430 1496.8
1183440 1496.8
1183450 1497.2
1183460 1496.6
1183470 1496.6
1183480 1495.6
1183490 1494.1
1183500 1494.1
1183510 1493.5
1183520 1493.3
1183530 1493.0
1183540 1493.0
1183550 1492.7
1183560 1491.9
1183570 1491.9
1183580 1490.8
1183590 1489.6
1183600 1483.3
1183610 1481.8
1183620 1479.9
1183630 1479.9
1183640 1478.8
1183650 1477.7
1183660 1477.7
1183670 1476.2
1183680 1475.4
1183690 1475.4
1183700 1473.3
1183710 1472.4
1183720 1472.4
1183730 1472.6
1183740 1471.7
1183750 1471.7
1183760 1470.7
1183770 1470.3
1183780 1470.3
1183790 1470.9
1183800 1470.7
1183810 1470.7
1183820 1471.1
1183830 1471.2
1183840 1471.2
1183850 1470.5
1183860 1470.3
1183870 1471.2
1183880 1471.2
1183890 1478.0
1183900 1482.1
1183910 1482.1
1183920 1486.7
1183930 1489.7
1183940 1489.7
1183950 1489.6
1183960 1487.4
1183970 1487.4
1183980 1481.0
1183990 1476.3
1184000 1476.3
1184010 1473.0
1184020 1471.7
1184030 1456.0
1184040 1453.0
1184050 1450.8
1184060 1450.8
1184070 1449.2
1184080 1449.1
1184090 1449.1
1184100 1450.5
1184110 1448.5
1184120 1448.5
1184130 1446.6
1184140 1450.6
1184150 1450.6
1184160 1451.9
1184170 1455.0
1184180 1455.0
1184190 1456.1
1184200 1456.8
1184210 1456.8
1184220 1455.0
1184230 1451.1
1184240 1447.7
1184250 1447.7
1184260 1449.9
1184270 1449.3
1184280 1449.3
1184290 1446.0
1184300 1443.4
1184310 1443.4
1184320 1442.9
1184330 1440.0
1184340 1440.0
1184350 1438.6
1184360 1437.5
1184370 1437.5
1184380 1436.8
1184390 1436.6
1184400 1436.6
1184410 1437.1
1184420 1435.8
1184430 1435.8
1184440 1433.2
1184450 1424.0
1184460 1424.0
1184470 1422.4
1184480 1420.3
1184490 1420.3
1184500 1416.3
1184510 1411.6
1184520 1411.6
1184530 1408.1
1184540 1408.4
1184550 1408.4
1184560 1409.7
1184570 1409.6
1184580 1407.8
1184590 1407.8
1184600 1405.0
1184610 1401.5
1184620 1401.5
1184630 1397.6
1184640 1393.3
1184650 1393.3
1184660 1389.0
1184670 1385.4
1184680 1385.4
1184690 1381.4
1184700 1376.5
1184710 1376.5
1184720 1372.5
1184730 1369.9
1184740 1369.9
1184750 1366.3
1184760 1362.8
1184770 1362.8
1184780 1359.6
1184790 1356.0
1184800 1356.0
1184810 1352.1
1184820 1348.3
1184830 1348.3
1184840 1344.7
1184850 1340.9
1184860 1340.9
1184870 1337.3
1184880 1329.5
1184890 1329.5
1184900 1327.4
1184910 1325.7
1184920 1325.7
1184930 1323.2
1184940 1320.7
1184950 1318.5
1184960 1318.5
1184970 1316.0
1184980 1313.4
1184990 1313.4
1185000 1310.7
1185010 1308.2
1185020 1308.2
1185030 1306.4
1185040 1305.1
1185050 1305.1
1185060 1303.2
1185070 1301.9
1185080 1301.9
1185090 1300.8
1185100 1300.0
1185110 1300.0
1185120 1299.9
1185130 1300.3
1185140 1300.3
1185150 1300.2
1185160 1299.3
1185170 1299.3
1185180 1297.6
1185190 1295.9
1185200 1295.9
1185210 1294.1
1185220 1292.5
1185230 1292.5
1185240 1290.8
1185250 1289.1
1185260 1289.1
1185270 1288.2
1185280 1286.3
1185290 1284.0
1185300 1284.0
1185310 1280.7
1185320 1278.3
1185330 1278.3
1185340 1276.9
1185350 1276.9
1185360 1276.9
1185370 1277.1
1185380 1277.6
1185390 1277.6
1185400 1277.5
1185410 1277.5
1185420 1277.5
1185430 1276.8
1185440 1275.9
1185450 1275.9
1185460 1273.8
1185470 1269.4
1185480 1269.4
1185490 1266.1
1185500 1264.5
1185510 1264.5
1185520 1262.7
1185530 1259.6
1185540 1259.6
1185550 1257.6
1185560 1256.2
1185570 1256.2
1185580 1254.1
1185590 1251.6
1185600 1251.6
1185610 1247.3
1185620 1240.8
1185630 1240.8
1185640 1236.0
1185650 1233.1
1185660 1230.9
1185670 1230.9
1185680 1228.9
1185690 1226.5
1185700 1226.5
1185710 1223.7
1185720 1221.4
1185730 1221.4
1185740 1225.8
1185750 1230.9
1185760 1230.9
1185770 1240.5
1185780 1249.2
1185790 1249.2
1185800 1251.3
1185810 1249.1
1185820 1249.1
1185830 1254.3
1185840 1258.0
1185850 1258.0
1185860 1258.2
1185870 1256.7
1185880 1256.7
1185890 1249.1
1185900 1241.3
1185910 1241.3
1185920 1234.0
1185930 1234.8
1185940 1234.8
1185950 1239.3
1185960 1242.9
1185970 1242.9
1185980 1246.8
1185990 1252.9
1186000 1257.5
1186010 1257.5
1186020 1262.2
1186030 1265.3
1186040 1265.3
1186050 1266.1
1186060 1265.4
1186070 1265.4
1186080 1264.5
1186090 1264.3
1186100 1264.3
1186110 1261.1
1186120 1261.2
1186130 1261.2
1186140 1264.0
1186150 1269.3
1186160 1274.5
1186170 1280.2
1186180 1285.6
1186190 1285.6
1186200 1290.0
1186210 1293.3
1186220 1293.3
1186230 1295.7
1186240 1297.9
1186250 1297.9
1186260 1299.2
1186270 1299.6
1186280 1299.6
1186290 1300.7
1186300 1300.1
1186310 1300.1
1186320 1295.9
1186330 1284.3
1186340 1284.3
1186350 1274.0
1186360 1268.5
1186370 1273.4
1186380 1273.4
1186390 1282.6
1186400 1288.7
1186410 1288.7
1186420 1292.4
1186430 1294.9
1186440 1294.9
1186450 1298.3
1186460 1303.4
1186470 1303.4
1186480 1308.1
1186490 1310.4
1186500 1310.4
1186510 1311.3
1186520 1311.9
1186530 1311.9
1186540 1308.6
1186550 1308.5
1186560 1308.5
1186570 1309.6
1186580 1313.5
1186590 1316.7
1186600 1321.3
1186610 1325.8
1186620 1325.8
1186630 1325.1
1186640 1321.8
1186650 1321.8
1186660 1314.8
1186670 1307.6
1186680 1307.6
1186690 1301.1
1186700 1300.6
1186710 1308.7
1186720 1308.7
1186730 1317.8
1186740 1324.6
1186750 1324.6
1186760 1329.0
1186770 1332.1
1186780 1332.1
1186790 1336.6
1186800 1343.2
1186810 1343.2
1186820 1349.3
1186830 1354.2
1186840 1354.2
1186850 1357.9
1186860 1358.8
1186870 1358.8
1186880 1361.0
1186890 1366.6
1186900 1366.6
1186910 1372.5
1186920 1377.6
1186930 1377.6
1186940 1381.6
1186950 1384.2
1186960 1384.2
1186970 1386.5
1186980 1389.7
1186990 1389.7
1187000 1392.3
1187010 1392.6
1187020 1399.8
1187030 1401.3
1187040 1403.3
1187050 1403.3
1187060 1406.5
1187070 1411.9
1187080 1417.6
1187090 1417.6
1187100 1422.9
1187110 1428.0
1187120 1428.0
1187130 1432.7
1187140 1436.7
1187150 1436.7
1187160 1439.9
1187170 1445.3
1187180 1445.3
1187190 1452.3
1187200 1453.8
1187210 1453.8
1187220 1457.4
1187230 1464.0
1187240 1464.0
1187250 1473.0
1187260 1482.2
1187270 1482.2
1187280 1490.3
1187290 1499.2
1187300 1499.2
1187310 1504.8
1187320 1504.1
1187330 1504.1
1187340 1502.9
1187350 1495.0
1187360 1495.0
1187370 1492.3
1187380 1490.9
1187390 1490.9
1187400 1495.3
1187410 1503.2
1187420 1511.4
1187430 1511.4
1187440 1521.3
1187450 1532.1
1187460 1532.1
1187470 1541.9
1187480 1550.3
1187490 1550.3
1187500 1560.1
1187510 1570.2
1187520 1570.2
1187530 1578.4
1187540 1584.4
1187550 1584.4
1187560 1590.6
1187570 1592.1
1187580 1592.1
1187590 1587.5
1187600 1585.3
1187610 1585.3
1187620 1586.2
1187630 1582.2
1187640 1582.2
1187650 1581.2
1187660 1581.2
1187670 1581.2
1187680 1583.0
1187690 1582.8
1187700 1582.8
1187710 1580.2
1187720 1577.9
1187730 1577.9
1187740 1576.2
1187750 1577.1
1187760 1577.1
1187770 1578.9
1187780 1581.7
1187790 1587.3
1187800 1587.3
1187810 1585.3
1187820 1579.3
1187830 1579.3
1187840 1574.8
1187850 1570.9
1187860 1570.9
1187870 1568.6
1187880 1578.8
1187890 1578.8
1187900 1577.4
1187910 1576.6
1187920 1576.6
1187930 1571.4
1187940 1557.4
1187950 1557.4
1187960 1547.2
1187970 1537.6
1187980 1537.6
1187990 1527.4
1188000 1518.0
1188010 1518.0
1188020 1509.4
1188030 1502.1
1188040 1502.1
1188050 1494.7
1188060 1487.1
1188070 1487.1
1188080 1479.5
1188090 1471.4
1188100 1471.4
1188110 1462.9
1188120 1454.8
1188130 1447.4
1188140 1447.4
1188150 1440.4
1188160 1433.6
1188170 1433.6
1188180 1427.0
1188190 1420.4
1188200 1420.4
1188210 1414.1
1188220 1407.6
1188230 1407.6
1188240 1401.3
1188250 1395.0
1188260 1395.0
1188270 1389.0
1188280 1383.1
1188290 1383.1
1188300 1377.1
1188310 1369.4
1188320 1369.4
1188330 1363.5
1188340 1357.8
1188350 1357.8
1188360 1352.6
1188370 1348.1
1188380 1348.1
1188390 1343.8
1188400 1339.1
1188410 1339.1
1188420 1335.1
1188430 1331.0
1188440 1331.0
1188450 1326.6
1188460 1321.9
1188470 1321.9
1188480 1315.2
1188490 1306.8
1188500 1297.8
1188510 1297.8
1188520 1289.8
1188530 1281.8
1188540 1281.8
1188550 1271.2
1188560 1260.4
1188570 1260.4
1188580 1252.2
1188590 1244.2
1188600 1244.2
1188610 1236.5
1188620 1228.7
1188630 1228.7
1188640 1221.1
1188650 1214.5
1188660 1214.5
1188670 1208.7
1188680 1203.8
1188690 1203.8
1188700 1200.1
1188710 1196.5
1188720 1196.5
1188730 1192.5
1188740 1188.7
1188750 1190.3
1188760 1186.9
1188770 1183.4
1188780 1183.4
1188790 1180.4
1188800 1177.1
1188810 1177.1
1188820 1174.0
1188830 1169.8
1188840 1169.8
1188850 1165.2
1188860 1162.9
1188870 1159.5
1188880 1159.5
1188890 1156.6
1188900 1154.7
1188910 1154.7
1188920 1152.2
1188930 1149.1
1188940 1149.1
1188950 1145.1
1188960 1141.3
1188970 1141.3
1188980 1138.1
1188990 1136.2
1189000 1136.2
1189010 1134.2
1189020 1131.8
1189030 1131.8
1189040 1128.7
1189050 1125.3
1189060 1125.3
1189070 1122.0
1189080 1118.2
1189090 1118.2
1189100 1114.9
1189110 1111.9
1189120 1111.9
1189130 1108.9
1189140 1105.7
1189150 1105.7
1189160 1102.7
1189170 1099.7
1189180 1101.5
1189190 1098.7
1189200 1096.1
1189210 1093.0
1189220 1093.0
1189230 1089.0
1189240 1084.4
1189250 1084.4
1189260 1080.3
1189270 1076.7
1189280 1076.7
1189290 1073.0
1189300 1069.8
1189310 1069.8
1189320 1066.8
1189330 1064.4
1189340 1064.4
1189350 1062.4
1189360 1060.4
1189370 1060.4
1189380 1058.0
1189390 1055.4
1189400 1055.4
1189410 1051.6
1189420 1047.2
1189430 1047.2
1189440 1044.8
1189450 1044.3
1189460 1044.3
1189470 1044.3
1189480 1044.2
1189490 1044.2
1189500 1044.0
1189510 1043.2
1189520 1043.2
1189530 1041.4
1189540 1035.8
1189550 1035.8
1189560 1032.8
1189570 1031.9
1189580 1028.0
1189590 1028.0
1189600 1021.9
1189610 1025.4
1189620 1025.4
1189630 1022.3
1189640 1019.4
1189650 1019.4
1189660 1016.9
1189670 1013.7
1189680 1013.7
1189690 1010.1
1189700 1007.0
1189710 1007.0
1189720 1004.4
1189730 1000.7
1189740 1000.7
1189750 996.4
1189760 990.0
1189770 990.0
1189780 990.1
1189790 986.8
1189800 986.8
1189810 984.0
1189820 982.1
1189830 982.1
1189840 978.7
1189850 973.6
1189860 973.6
1189870 968.8
1189880 968.4
1189890 968.4
1189900 973.1
1189910 981.1
1189920 980.7
1189930 980.7
1189940 973.4
1189950 969.5
1189960 969.5
1189970 959.2
1189980 961.3
1189990 961.3
1190000 956.3
1190010 947.3
1190020 947.3
1190030 944.8
1190040 954.2
1190050 954.2
1190060 956.9
1190070 959.3
1190080 959.3
1190090 962.7
1190100 968.9
1190110 968.9
1190120 968.2
1190130 960.8
1190140 960.8
1190150 962.6
1190160 970.4
1190170 970.4
1190180 975.1
1190190 977.8
1190200 977.8
1190210 973.8
1190220 967.0
1190230 967.0
1190240 957.7
1190250 950.4
1190260 950.4
1190270 946.3
1190280 943.5
1190290 945.9
1190300 945.9
1190310 951.9
1190320 959.3
1190330 959.3
1190340 964.8
1190350 965.8
1190360 965.8
1190370 965.1
1190380 964.9
1190390 964.9
1190400 962.9
1190410 957.0
1190420 957.0
1190430 951.3
1190440 949.4
1190450 949.4
1190460 951.0
1190470 955.0
1190480 955.7
1190490 958.4
1190500 960.0
1190510 960.0
1190520 960.3
1190530 959.7
1190540 959.7
1190550 959.8
1190560 961.6
1190570 961.6
1190580 964.1
1190590 968.1
1190600 968.1
1190610 972.1
1190620 972.6
1190630 969.3
1190640 969.3
1190650 969.2
1190660 974.9
1190670 974.9
1190680 981.1
1190690 990.9
1190700 990.9
1190710 998.0
1190720 999.0
1190730 999.0
1190740 994.7
1190750 991.6
1190760 991.6
1190770 991.2
1190780 990.4
1190790 990.4
1190800 988.9
1190810 985.1
1190820 985.1
1190830 980.9
1190840 977.7
1190850 977.7
1190860 974.4
1190870 971.0
1190880 971.0
1190890 969.5
1190900 969.9
1190910 976.5
1190920 977.2
1190930 983.3
1190940 983.3
1190950 994.2
1190960 1001.6
1190970 1001.6
1190980 1004.2
1190990 1004.1
1191000 1004.0
1191010 1004.0
1191020 1004.4
1191030 1005.0
1191040 1005.0
1191050 1005.2
1191060 1006.2
1191070 1006.2
1191080 1008.2
1191090 1009.9
1191100 1009.9
1191110 1010.2
1191120 1010.1
1191130 1010.1
1191140 1010.8
1191150 1008.7
1191160 1008.7
1191170 1005.6
1191180 1002.6
1191190 1002.6
1191200 1002.9
1191210 1004.9
1191220 1004.9
1191230 1006.0
1191240 1006.5
1191250 1006.5
1191260 1006.5
1191270 1006.4
1191280 1006.4
1191290 1005.3
1191300 1001.1
1191310 1001.1
1191320 996.1
1191330 992.1
1191340 989.1
1191350 991.1
1191360 986.9
1191370 980.7
1191380 980.7
1191390 971.6
1191400 963.4
1191410 963.4
1191420 957.4
1191430 953.2
1191440 953.2
1191450 948.9
1191460 944.7
1191470 944.7
1191480 936.8
1191490 925.7
1191500 925.7
1191510 912.7
1191520 903.1
1191530 903.1
1191540 894.8
1191550 886.4
1191560 886.4
1191570 878.8
1191580 873.2
1191590 873.2
1191600 869.1
1191610 866.6
1191620 866.6
1191630 863.8
1191640 856.7
1191650 856.7
1191660 849.5
1191670 844.5
1191680 844.5
1191690 840.3
1191700 839.3
1191710 839.6
1191720 839.6
1191730 839.7
1191740 839.8
1191750 839.8
1191760 839.9
1191770 840.0
1191780 840.0
1191790 840.2
1191800 840.3
1191810 840.3
1191820 840.5
1191830 840.3
1191840 840.3
1191850 840.0
1191860 840.1
1191870 840.1
1191880 840.0
1191890 838.4
1191900 838.4
1191910 833.9
1191920 833.0
1191930 833.0
1191940 833.0
1191950 833.1
1191960 833.1
1191970 833.0
1191980 833.0
1191990 833.0
1192000 833.1
1192010 833.1
1192020 833.1
1192030 832.3
1192040 831.9
1192050 832.0
1192060 832.0
1192070 832.5
1192080 832.7
1192090 832.7
1192100 832.7
1192110 832.7
1192120 832.7
1192130 832.9
1192140 832.9
1192150 832.9
1192160 832.9
1192170 833.0
1192180 833.0
1192190 833.0
1192200 833.2
1192210 833.2
1192220 833.3
1192230 833.4
1192240 833.4
1192250 833.5
1192260 833.6
1192270 833.6
1192280 833.7
1192290 833.8
1192300 833.8
1192310 833.8
1192320 834.0
1192330 834.0
1192340 834.2
1192350 834.1
1192360 834.1
1192370 834.3
1192380 834.4
1192390 834.4
1192400 834.1
1192410 832.6
1192420 832.4
1192430 832.4
1192440 832.3
1192450 832.3
1192460 832.3
1192470 832.3
1192480 833.3
1192490 833.3
1192500 834.0
1192510 833.6
1192520 833.6
1192530 833.5
1192540 833.4
1192550 833.4
1192560 833.6
1192570 833.3
1192580 833.3
1192590 832.3
1192600 832.3
1192610 832.3
1192620 833.2
1192630 833.8
1192640 833.8
1192650 832.9
1192660 832.8
1192670 832.8
1192680 832.6
1192690 833.3
1192700 833.3
1192710 834.2
1192720 834.7
1192730 834.7
1192740 834.9
1192750 834.9
1192760 834.9
1192770 834.9
1192780 834.8
1192790 834.8
1192800 834.8
1192810 834.8
1192820 834.8
1192830 834.8
1192840 834.9
1192850 834.9
1192860 834.9
1192870 834.7
1192880 834.5
1192890 834.5
1192900 834.0
1192910 833.6
1192920 833.6
1192930 833.4
1192940 835.0
1192950 835.0
1192960 837.3
1192970 836.4
1192980 836.4
1192990 834.0
1193000 833.7
1193010 833.7
1193020 833.6
1193030 833.5
1193040 833.5
1193050 833.5
1193060 833.7
1193070 833.7
1193080 833.9
1193090 833.7
1193100 833.6
1193110 833.8
1193120 834.6
1193130 835.2
1193140 835.2
1193150 835.7
1193160 836.0
1193170 836.0
1193180 836.5
1193190 837.2
1193200 837.2
1193210 837.8
1193220 838.3
1193230 838.3
1193240 838.5
1193250 838.9
1193260 838.9
1193270 840.4
1193280 840.9
1193290 840.9
1193300 841.0
1193310 840.9
1193320 840.9
1193330 841.2
1193340 841.7
1193350 841.7
1193360 842.3
1193370 842.8
1193380 842.8
1193390 843.3
1193400 843.8
1193410 843.8
1193420 844.2
1193430 844.7
1193440 844.7
1193450 845.1
1193460 845.5
1193470 845.9
1193480 845.9
1193490 846.0
1193500 846.3
1193510 846.3
1193520 846.5
1193530 846.5
1193540 845.9
1193550 845.9
1193560 846.2
1193570 846.2
1193580 846.6
1193590 847.1
1193600 847.1
1193610 847.5
1193620 847.9
1193630 847.9
1193640 848.3
1193650 848.7
1193660 848.7
1193670 849.1
1193680 849.3
1193690 849.3
1193700 849.5
1193710 849.7
1193720 849.7
1193730 850.0
1193740 849.8
1193750 849.8
1193760 847.9
1193770 845.7
1193780 845.7
1193790 844.8
1193800 844.6
1193810 844.6
1193820 845.0
1193830 846.7
1193840 849.7
1193850 849.7
1193860 851.3
1193870 853.9
1193880 853.9
1193890 854.9
1193900 854.9
1193910 854.9
1193920 855.2
1193930 856.1
1193940 856.1
1193950 857.0
1193960 857.2
1193970 857.2
1193980 857.9
1193990 858.3
1194000 858.3
1194010 858.1
1194020 856.3
1194030 856.3
1194040 853.6
1194050 853.4
1194060 853.4
1194070 854.1
1194080 854.5
1194090 854.5
1194100 854.9
1194110 855.4
1194120 855.4
1194130 855.8
1194140 856.0
1194150 856.0
1194160 856.3
1194170 856.8
1194180 857.0
1194190 857.0
1194200 857.0
1194210 857.1
1194220 857.1
1194230 857.5
1194240 857.9
1194250 857.9
1194260 858.3
1194270 858.8
1194280 858.8
1194290 859.2
1194300 859.6
1194310 859.6
1194320 860.2
1194330 860.7
1194340 860.7
1194350 861.3
1194360 862.0
1194370 862.0
1194380 862.6
1194390 863.2
1194400 863.2
1194410 863.9
1194420 864.9
1194430 864.9
1194440 865.7
1194450 866.7
1194460 866.7
1194470 867.6
1194480 868.5
1194490 868.5
1194500 869.5
1194510 870.4
1194520 870.4
1194530 871.1
1194540 871.6
1194550 872.3
1194560 872.3
1194570 873.1
1194580 874.0
1194590 874.0
1194600 875.1
1194610 877.3
1194620 877.3
1194630 882.5
1194640 887.3
1194650 887.3
1194660 886.5
1194670 886.1
1194680 886.1
1194690 883.0
1194700 880.6
1194710 880.6
1194720 882.3
1194730 883.0
1194740 883.0
1194750 884.0
1194760 885.5
1194770 885.5
1194780 886.7
1194790 888.2
1194800 888.2
1194810 890.6
1194820 893.1
1194830 893.1
1194840 895.8
1194850 897.7
1194860 895.3
1194870 897.5
1194880 900.5
1194890 904.7
1194900 904.7
1194910 908.6
1194920 912.1
1194930 912.1
1194940 910.4
1194950 902.9
1194960 902.9
1194970 902.6
1194980 905.1
1194990 905.1
1195000 907.6
1195010 908.8
1195020 908.8
1195030 910.6
1195040 914.0
1195050 914.0
1195060 917.6
1195070 920.3
1195080 920.3
1195090 921.7
1195100 922.7
1195110 922.7
1195120 924.0
1195130 925.2
1195140 925.2
1195150 926.5
1195160 928.0
1195170 928.0
1195180 929.9
1195190 932.3
1195200 932.3
1195210 934.7
1195220 938.3
1195230 938.3
1195240 944.1
1195250 951.4
1195260 959.3
1195270 959.3
1195280 967.2
1195290 973.1
1195300 971.1
1195310 976.0
1195320 980.0
1195330 980.0
1195340 984.2
1195350 989.2
1195360 989.2
1195370 994.0
1195380 999.2
1195390 999.2
1195400 1004.3
1195410 1009.8
1195420 1009.8
1195430 1016.1
1195440 1022.2
1195450 1022.2
1195460 1027.6
1195470 1031.8
1195480 1031.8
1195490 1036.2
1195500 1041.1
1195510 1041.1
1195520 1047.2
1195530 1053.8
1195540 1053.8
1195550 1059.4
1195560 1064.0
1195570 1064.0
1195580 1070.0
1195590 1075.7
1195600 1075.7
1195610 1079.4
1195620 1082.6
1195630 1086.3
1195640 1086.3
1195650 1090.9
1195660 1096.7
1195670 1096.7
1195680 1102.9
1195690 1107.4
1195700 1107.4
1195710 1112.5
1195720 1118.4
1195730 1118.4
1195740 1119.3
1195750 1123.0
1195760 1123.0
1195770 1127.6
1195780 1132.0
1195790 1132.0
1195800 1136.6
1195810 1141.8
1195820 1141.8
1195830 1147.5
1195840 1153.4
1195850 1153.4
1195860 1161.1
1195870 1168.8
1195880 1168.8
1195890 1175.0
1195900 1180.0
1195910 1180.0
1195920 1182.6
1195930 1185.0
1195940 1185.0
1195950 1188.0
1195960 1192.5
1195970 1197.7
1195980 1197.7
1195990 1202.2
1196000 1205.2
1196010 1205.2
1196020 1207.5
1196030 1210.4
1196040 1210.4
1196050 1213.3
1196060 1215.8
1196070 1215.8
1196080 1218.8
1196090 1223.1
1196100 1223.1
1196110 1228.1
1196120 1232.7
1196130 1232.7
1196140 1238.1
1196150 1243.7
1196160 1243.7
1196170 1249.6
1196180 1255.6
1196190 1251.5
1196200 1256.8
1196210 1262.1
1196220 1262.1
1196230 1267.9
1196240 1274.3
1196250 1274.3
1196260 1280.5
1196270 1285.3
1196280 1285.3
1196290 1289.4
1196300 1293.9
1196310 1293.9
1196320 1299.6
1196330 1305.4
1196340 1308.9
1196350 1308.9
1196360 1311.6
1196370 1313.2
1196380 1313.2
1196390 1314.4
1196400 1316.1
1196410 1316.1
1196420 1318.3
1196430 1319.4
1196440 1319.4
1196450 1315.7
1196460 1317.8
1196470 1317.8
1196480 1322.8
1196490 1324.6
1196500 1324.6
1196510 1327.2
1196520 1330.8
1196530 1330.8
1196540 1335.1
1196550 1340.4
1196560 1340.4
1196570 1346.2
1196580 1351.5
1196590 1351.5
1196600 1356.7
1196610 1360.9
1196620 1360.9
1196630 1355.5
1196640 1358.4
1196650 1358.4
1196660 1361.5
1196670 1365.9
1196680 1369.8
1196690 1369.8
1196700 1371.8
1196710 1377.7
1196720 1377.7
1196730 1384.9
1196740 1389.7
1196750 1389.7
1196760 1394.0
1196770 1398.6
1196780 1398.6
1196790 1402.8
1196800 1406.7
1196810 1406.7
1196820 1411.6
1196830 1416.4
1196840 1416.4
1196850 1420.6
1196860 1424.8
1196870 1424.8
1196880 1428.6
1196890 1435.0
1196900 1435.0
1196910 1441.7
1196920 1449.6
1196930 1449.6
1196940 1455.3
1196950 1460.6
1196960 1460.6
1196970 1464.4
1196980 1467.1
1196990 1467.1
1197000 1469.2
1197010 1471.3
1197020 1471.3
1197030 1473.1
1197040 1475.2
1197050 1477.3
1197060 1477.3
1197070 1475.8
1197080 1478.4
1197090 1478.4
1197100 1480.5
1197110 1483.4
1197120 1483.4
1197130 1485.9
1197140 1488.6
1197150 1488.6
1197160 1492.0
1197170 1496.1
1197180 1496.1
1197190 1502.0
1197200 1506.0
1197210 1506.0
1197220 1509.3
1197230 1512.7
1197240 1512.7
1197250 1516.7
1197260 1518.6
1197270 1518.6
1197280 1519.1
1197290 1522.1
1197300 1522.1
1197310 1525.3
1197320 1529.5
1197330 1529.5
1197340 1532.7
1197350 1535.0
1197360 1535.0
1197370 1534.7
1197380 1534.8
1197390 1536.0
1197400 1536.0
1197410 1537.8
1197420 1538.2
1197430 1538.2
1197440 1536.7
1197450 1533.9
1197460 1533.9
1197470 1530.5
1197480 1526.0
1197490 1526.0
1197500 1521.3
1197510 1517.3
1197520 1511.6
1197530 1507.5
1197540 1505.6
1197550 1505.6
1197560 1504.6
1197570 1502.7
1197580 1502.7
1197590 1502.3
1197600 1502.4
1197610 1502.4
1197620 1502.7
1197630 1502.7
1197640 1502.7
1197650 1502.0
1197660 1499.2
1197670 1499.2
1197680 1491.9
1197690 1483.0
1197700 1483.0
1197710 1476.2
1197720 1473.0
1197730 1473.0
1197740 1474.3
1197750 1478.1
1197760 1480.9
1197770 1480.9
1197780 1481.9
1197790 1482.2
1197800 1482.2
1197810 1482.1
1197820 1481.4
1197830 1481.4
1197840 1479.9
1197850 1477.4
1197860 1477.4
1197870 1476.1
1197880 1474.9
1197890 1474.9
1197900 1474.5
1197910 1474.9
1197920 1474.9
1197930 1474.7
1197940 1474.2
1197950 1474.2
1197960 1473.2
1197970 1465.6
1197980 1465.6
1197990 1463.1
1198000 1460.2
1198010 1460.2
1198020 1456.5
1198030 1451.6
1198040 1451.6
1198050 1445.1
1198060 1438.7
1198070 1438.7
1198080 1433.0
1198090 1428.1
1198100 1423.5
1198110 1423.5
1198120 1419.0
1198130 1415.0
1198140 1415.0
1198150 1411.2
1198160 1407.2
1198170 1407.2
1198180 1403.4
1198190 1397.2
1198200 1397.2
1198210 1387.1
1198220 1382.7
1198230 1382.7
1198240 1376.2
1198250 1366.0
1198260 1366.0
1198270 1358.2
1198280 1351.3
1198290 1351.3
1198300 1345.4
1198310 1339.8
1198320 1339.8
1198330 1337.1
1198340 1335.9
1198350 1335.9
1198360 1335.6
1198370 1334.7
1198380 1334.7
1198390 1333.2
1198400 1332.9
1198410 1323.5
1198420 1324.2
1198430 1325.7
1198440 1325.7
1198450 1326.4
1198460 1327.9
1198470 1330.8
1198480 1330.8
1198490 1330.5
1198500 1329.8
1198510 1329.8
1198520 1328.9
1198530 1326.8
1198540 1326.8
1198550 1324.0
1198560 1320.8
1198570 1320.8
1198580 1317.2
1198590 1312.5
1198600 1312.5
1198610 1305.9
1198620 1299.7
1198630 1299.7
1198640 1293.4
1198650 1296.8
1198660 1296.8
1198670 1304.7
1198680 1310.6
1198690 1310.6
1198700 1314.6
1198710 1316.7
1198720 1316.7
1198730 1318.4
1198740 1316.4
1198750 1316.4
1198760 1311.2
1198770 1316.4
1198780 1316.4
1198790 1325.0
1198800 1331.5
1198810 1336.3
1198820 1336.3
1198830 1339.7
1198840 1342.8
1198850 1342.8
1198860 1345.7
1198870 1349.6
1198880 1349.6
1198890 1352.9
1198900 1356.2
1198910 1356.2
1198920 1359.2
1198930 1362.1
1198940 1362.1
1198950 1364.5
1198960 1366.6
1198970 1366.6
1198980 1368.7
1198990 1369.8
1199000 1369.8
1199010 1369.3
1199020 1368.1
1199030 1368.1
1199040 1367.6
1199050 1367.2
1199060 1367.2
1199070 1365.5
1199080 1365.9
1199090 1365.9
1199100 1370.3
1199110 1376.4
1199120 1376.4
1199130 1382.3
1199140 1388.7
1199150 1388.7
1199160 1394.7
1199170 1400.1
1199180 1404.4
1199190 1404.4
1199200 1409.0
1199210 1412.9
1199220 1412.9
1199230 1416.9
1199240 1422.5
1199250 1422.5
1199260 1428.2
1199270 1434.0
1199280 1434.0
1199290 1439.6
1199300 1444.8
1199310 1449.2
1199320 1454.9
1199330 1460.6
1199340 1460.6
1199350 1465.2
1199360 1471.0
1199370 1471.0
1199380 1477.6
1199390 1483.8
1199400 1483.8
1199410 1490.0
1199420 1495.8
1199430 1495.8
1199440 1500.9
1199450 1505.1
1199460 1505.1
1199470 1509.9
1199480 1515.0
1199490 1515.0
1199500 1519.7
1199510 1525.4
1199520 1531.6
1199530 1531.6
1199540 1539.2
1199550 1545.7
1199560 1545.7
1199570 1552.3
1199580 1558.8
1199590 1558.8
1199600 1565.4
1199610 1572.0
1199620 1572.0
1199630 1578.1
1199640 1584.0
1199650 1584.0
1199660 1589.8
1199670 1595.4
1199680 1595.4
1199690 1600.3
1199700 1604.8
1199710 1604.8
1199720 1608.1
1199730 1610.0
1199740 1610.0
1199750 1611.4
1199760 1605.7
1199770 1605.7
1199780 1606.3
1199790 1605.7
1199800 1605.7
1199810 1602.2
1199820 1599.1
1199830 1599.1
1199840 1598.1
1199850 1598.4
1199860 1598.4
1199870 1601.4
1199880 1605.1
1199890 1608.8
1199900 1608.8
1199910 1612.2
1199920 1614.6
1199930 1614.6
1199940 1616.8
1199950 1618.6
1199960 1618.6
1199970 1619.8
1199980 1621.2
1199990 1621.2
