1180000 1293.0
1180010 1293.0
1180020 1290.8
1180030 1287.3
1180040 1287.3
1180050 1286.6
1180060 1285.6
1180070 1285.6
1180080 1281.7
1180090 1278.4
1180100 1278.4
1180110 1276.5
1180120 1276.1
1180130 1276.1
1180140 1276.8
1180150 1273.4
1180160 1273.4
1180170 1270.0
1180180 1266.8
1180190 1266.8
1180200 1266.2
1180210 1266.0
1180220 1262.7
1180230 1262.7
1180240 1254.6
1180250 1251.0
1180260 1251.0
1180270 1247.0
1180280 1242.4
1180290 1242.4
1180300 1236.9
1180310 1230.8
1180320 1230.8
1180330 1226.0
1180340 1221.2
1180350 1221.2
1180360 1216.7
1180370 1213.8
1180380 1213.8
1180390 1211.9
1180400 1208.9
1180410 1208.9
1180420 1207.4
1180430 1210.2
1180440 1210.2
1180450 1207.5
1180460 1199.3
1180470 1199.3
1180480 1194.4
1180490 1195.6
1180500 1195.6
1180510 1199.2
1180520 1205.0
1180530 1205.0
1180540 1208.0
1180550 1209.0
1180560 1209.8
1180570 1209.8
1180580 1210.6
1180590 1211.4
1180600 1211.4
1180610 1212.0
1180620 1213.8
1180630 1213.8
1180640 1215.8
1180650 1217.6
1180660 1217.9
1180670 1219.6
1180680 1221.5
1180690 1221.5
1180700 1222.8
1180710 1224.5
1180720 1224.5
1180730 1226.0
1180740 1227.7
1180750 1227.7
1180760 1229.5
1180770 1231.2
1180780 1231.2
1180790 1232.8
1180800 1234.6
1180810 1234.6
1180820 1236.1
1180830 1237.4
1180840 1237.4
1180850 1238.9
1180860 1240.5
1180870 1240.5
1180880 1242.3
1180890 1244.0
1180900 1244.0
1180910 1245.7
1180920 1246.8
1180930 1248.4
1180940 1248.4
1180950 1250.9
1180960 1253.5
1180970 1253.5
1180980 1256.4
1180990 1259.3
1181000 1259.3
1181010 1262.3
1181020 1265.2
1181030 1265.2
1181040 1268.1
1181050 1271.0
1181060 1271.0
1181070 1274.1
1181080 1276.2
1181090 1276.2
1181100 1279.0
1181110 1282.1
1181120 1282.1
1181130 1285.3
1181140 1288.9
1181150 1288.9
1181160 1292.8
1181170 1294.1
1181180 1294.1
1181190 1296.8
1181200 1300.3
1181210 1300.3
1181220 1302.5
1181230 1305.3
1181240 1305.3
1181250 1309.4
1181260 1313.8
1181270 1313.8
1181280 1319.1
1181290 1327.5
1181300 1337.0
1181310 1337.0
1181320 1345.3
1181330 1352.8
1181340 1352.8
1181350 1359.7
1181360 1371.0
1181370 1371.0
1181380 1381.1
1181390 1389.2
1181400 1389.2
1181410 1395.4
1181420 1402.9
1181430 1402.9
1181440 1409.6
1181450 1417.2
1181460 1417.2
1181470 1425.6
1181480 1435.4
1181490 1435.4
1181500 1443.8
1181510 1446.4
1181520 1446.4
1181530 1451.3
1181540 1456.6
1181550 1456.6
1181560 1463.7
1181570 1468.6
1181580 1468.6
1181590 1466.4
1181600 1467.6
1181610 1467.6
1181620 1471.0
1181630 1476.9
1181640 1476.9
1181650 1483.7
1181660 1485.3
1181670 1488.6
1181680 1488.6
1181690 1491.8
1181700 1496.5
1181710 1496.5
1181720 1500.1
1181730 1505.3
1181740 1505.3
1181750 1510.1
1181760 1516.8
1181770 1516.8
1181780 1523.8
1181790 1526.0
1181800 1526.0
1181810 1526.2
1181820 1534.8
1181830 1534.8
1181840 1544.6
1181850 1553.2
1181860 1553.2
1181870 1563.5
1181880 1574.0
1181890 1574.0
1181900 1585.7
1181910 1593.5
1181920 1593.5
1181930 1595.1
1181940 1600.4
1181950 1600.4
1181960 1612.9
1181970 1625.5
1181980 1625.5
1181990 1632.0
1182000 1637.0
1182010 1637.0
1182020 1642.0
1182030 1646.1
1182040 1650.8
1182050 1650.8
1182060 1658.4
1182070 1666.1
1182080 1666.1
1182090 1673.0
1182100 1679.9
1182110 1679.9
1182120 1687.1
1182130 1693.5
1182140 1693.5
1182150 1695.8
1182160 1694.6
1182170 1694.6
1182180 1707.7
1182190 1716.3
1182200 1716.3
1182210 1721.5
1182220 1725.6
1182230 1725.6
1182240 1730.1
1182250 1734.9
1182260 1734.9
1182270 1739.3
1182280 1744.9
1182290 1744.9
1182300 1750.8
1182310 1756.5
1182320 1756.5
1182330 1762.4
1182340 1768.3
1182350 1761.5
1182360 1756.2
1182370 1747.8
1182380 1747.8
1182390 1735.5
1182400 1723.2
1182410 1714.4
1182420 1714.4
1182430 1708.7
1182440 1703.5
1182450 1703.5
1182460 1699.8
1182470 1699.9
1182480 1699.9
1182490 1700.0
1182500 1696.4
1182510 1696.4
1182520 1691.5
1182530 1687.5
1182540 1687.5
1182550 1684.0
1182560 1680.2
1182570 1680.2
1182580 1676.1
1182590 1670.7
1182600 1670.7
1182610 1663.7
1182620 1659.3
1182630 1659.3
1182640 1656.8
1182650 1652.9
1182660 1652.9
1182670 1647.4
1182680 1642.8
1182690 1642.8
1182700 1637.8
1182710 1632.9
1182720 1632.9
1182730 1627.5
1182740 1621.9
1182750 1616.1
1182760 1616.1
1182770 1609.3
1182780 1600.4
1182790 1600.4
1182800 1593.8
1182810 1587.9
1182820 1587.9
1182830 1582.2
1182840 1577.0
1182850 1577.0
1182860 1571.5
1182870 1565.9
1182880 1565.9
1182890 1560.3
1182900 1556.0
1182910 1556.0
1182920 1552.3
1182930 1548.2
1182940 1548.2
1182950 1542.5
1182960 1534.7
1182970 1534.7
1182980 1527.5
1182990 1521.1
1183000 1521.1
1183010 1516.8
1183020 1514.5
1183030 1514.5
1183040 1511.3
1183050 1506.9
1183060 1506.9
1183070 1502.2
1183080 1497.4
1183090 1497.4
1183100 1492.2
1183110 1485.9
1183120 1478.7
1183130 1478.7
1183140 1472.3
1183150 1468.9
1183160 1468.9
1183170 1466.5
1183180 1462.2
1183190 1462.2
1183200 1453.4
1183210 1449.0
1183220 1449.0
1183230 1443.9
1183240 1438.5
1183250 1438.5
1183260 1432.5
1183270 1426.3
1183280 1426.3
1183290 1420.4
1183300 1413.9
1183310 1413.9
1183320 1407.7
1183330 1401.8
1183340 1401.8
1183350 1396.7
1183360 1392.2
1183370 1392.2
1183380 1387.6
1183390 1381.1
1183400 1381.1
1183410 1374.0
1183420 1367.2
1183430 1367.2
1183440 1359.3
1183450 1350.2
1183460 1350.2
1183470 1338.9
1183480 1326.8
1183490 1317.3
1183500 1317.3
1183510 1306.5
1183520 1296.3
1183530 1296.3
1183540 1288.2
1183550 1281.3
1183560 1281.3
1183570 1274.9
1183580 1269.0
1183590 1269.0
1183600 1263.5
1183610 1259.3
1183620 1254.1
1183630 1249.4
1183640 1243.8
1183650 1243.8
1183660 1239.2
1183670 1235.0
1183680 1235.0
1183690 1231.2
1183700 1226.3
1183710 1226.3
1183720 1221.4
1183730 1215.7
1183740 1215.7
1183750 1209.9
1183760 1203.6
1183770 1203.6
1183780 1194.3
1183790 1187.3
1183800 1187.3
1183810 1181.2
1183820 1176.9
1183830 1176.9
1183840 1174.1
1183850 1171.2
1183860 1166.8
1183870 1166.8
1183880 1161.7
1183890 1156.9
1183900 1156.9
1183910 1153.3
1183920 1151.6
1183930 1151.6
1183940 1150.8
1183950 1152.0
1183960 1152.0
1183970 1151.7
1183980 1150.6
1183990 1150.6
1184000 1150.9
1184010 1154.2
1184020 1154.2
1184030 1157.4
1184040 1159.4
1184050 1164.9
1184060 1166.7
1184070 1168.2
1184080 1168.2
1184090 1169.9
1184100 1172.8
1184110 1172.8
1184120 1175.5
1184130 1178.3
1184140 1178.3
1184150 1181.4
1184160 1183.6
1184170 1183.6
1184180 1183.5
1184190 1187.4
1184200 1187.4
1184210 1192.4
1184220 1192.7
1184230 1192.9
1184240 1192.9
1184250 1193.9
1184260 1196.5
1184270 1196.5
1184280 1201.2
1184290 1204.0
1184300 1204.0
1184310 1205.7
1184320 1208.0
1184330 1208.0
1184340 1208.6
1184350 1212.5
1184360 1212.5
1184370 1215.4
1184380 1215.6
1184390 1215.6
1184400 1212.3
1184410 1210.2
1184420 1210.2
1184430 1210.5
1184440 1211.3
1184450 1211.3
1184460 1211.7
1184470 1223.8
1184480 1223.8
1184490 1226.4
1184500 1222.5
1184510 1222.5
1184520 1220.2
1184530 1222.8
1184540 1222.8
1184550 1225.3
1184560 1226.3
1184570 1226.3
1184580 1227.5
1184590 1227.7
1184600 1226.4
1184610 1226.4
1184620 1226.2
1184630 1225.9
1184640 1225.9
1184650 1225.0
1184660 1222.3
1184670 1222.3
1184680 1219.3
1184690 1217.6
1184700 1217.6
1184710 1215.6
1184720 1213.1
1184730 1213.1
1184740 1209.9
1184750 1205.4
1184760 1205.4
1184770 1202.0
1184780 1199.8
1184790 1199.8
1184800 1196.4
1184810 1194.1
1184820 1194.1
1184830 1192.5
1184840 1188.7
1184850 1188.7
1184860 1183.4
1184870 1180.4
1184880 1180.4
1184890 1178.8
1184900 1177.5
1184910 1177.5
1184920 1172.6
1184930 1175.8
1184940 1178.6
1184950 1178.6
1184960 1177.4
1184970 1175.9
1184980 1175.9
1184990 1173.1
1185000 1171.3
1185010 1171.3
1185020 1172.5
1185030 1172.2
1185040 1172.2
1185050 1170.0
1185060 1163.4
1185070 1163.4
1185080 1162.2
1185090 1171.5
1185100 1171.5
1185110 1183.7
1185120 1187.9
1185130 1187.9
1185140 1188.0
1185150 1187.5
1185160 1187.5
1185170 1188.2
1185180 1184.3
1185190 1184.3
1185200 1179.1
1185210 1189.0
1185220 1189.0
1185230 1193.5
1185240 1181.3
1185250 1181.3
1185260 1174.7
1185270 1165.9
1185280 1165.9
1185290 1153.8
1185300 1149.5
1185310 1145.5
1185320 1145.5
1185330 1150.1
1185340 1148.9
1185350 1148.9
1185360 1153.4
1185370 1148.5
1185380 1148.5
1185390 1140.9
1185400 1137.2
1185410 1137.2
1185420 1133.2
1185430 1128.2
1185440 1128.2
1185450 1125.4
1185460 1122.3
1185470 1122.3
1185480 1118.3
1185490 1113.9
1185500 1113.9
1185510 1109.6
1185520 1106.7
1185530 1106.7
1185540 1104.1
1185550 1100.5
1185560 1100.5
1185570 1096.5
1185580 1092.7
1185590 1092.7
1185600 1088.2
1185610 1082.5
1185620 1082.5
1185630 1075.8
1185640 1072.7
1185650 1072.7
1185660 1071.5
1185670 1069.2
1185680 1068.0
1185690 1068.0
1185700 1067.5
1185710 1066.3
1185720 1066.3
1185730 1065.5
1185740 1065.3
1185750 1065.3
1185760 1070.7
1185770 1067.6
1185780 1067.6
1185790 1062.3
1185800 1059.9
1185810 1059.9
1185820 1060.8
1185830 1062.1
1185840 1062.1
1185850 1061.1
1185860 1059.4
1185870 1059.4
1185880 1059.5
1185890 1060.1
1185900 1060.1
1185910 1059.6
1185920 1058.9
1185930 1058.9
1185940 1056.1
1185950 1054.4
1185960 1054.4
1185970 1053.2
1185980 1051.6
1185990 1051.6
1186000 1047.7
1186010 1048.1
1186020 1048.1
1186030 1046.1
1186040 1044.4
1186050 1042.6
1186060 1042.6
1186070 1039.9
1186080 1036.7
1186090 1036.7
1186100 1033.0
1186110 1029.8
1186120 1029.8
1186130 1028.5
1186140 1028.2
1186150 1028.2
1186160 1028.3
1186170 1028.3
1186180 1033.7
1186190 1033.4
1186200 1033.1
1186210 1033.1
1186220 1033.0
1186230 1033.3
1186240 1033.3
1186250 1033.0
1186260 1032.7
1186270 1032.7
1186280 1032.9
1186290 1033.0
1186300 1033.0
1186310 1032.5
1186320 1030.9
1186330 1030.9
1186340 1028.7
1186350 1026.3
1186360 1026.3
1186370 1024.3
1186380 1022.7
1186390 1022.7
1186400 1021.8
1186410 1020.4
1186420 1018.0
1186430 1018.0
1186440 1015.7
1186450 1014.0
1186460 1014.0
1186470 1011.5
1186480 1008.8
1186490 1008.8
1186500 1005.7
1186510 1001.5
1186520 1001.5
1186530 998.7
1186540 994.3
1186550 994.3
1186560 988.9
1186570 983.3
1186580 983.3
1186590 980.3
1186600 977.8
1186610 982.7
1186620 979.6
1186630 975.8
1186640 975.8
1186650 971.0
1186660 965.6
1186670 965.6
1186680 959.5
1186690 952.3
1186700 952.3
1186710 945.4
1186720 939.0
1186730 939.0
1186740 933.4
1186750 929.9
1186760 926.4
1186770 926.4
1186780 922.4
1186790 919.2
1186800 919.2
1186810 915.8
1186820 911.9
1186830 911.9
1186840 907.9
1186850 904.2
1186860 904.2
1186870 901.1
1186880 898.4
1186890 898.4
1186900 897.0
1186910 896.4
1186920 896.4
1186930 894.3
1186940 893.8
1186950 893.8
1186960 893.3
1186970 892.5
1186980 892.5
1186990 891.6
1187000 890.9
1187010 890.9
1187020 889.6
1187030 888.4
1187040 891.3
1187050 890.1
1187060 889.7
1187070 889.7
1187080 889.0
1187090 887.5
1187100 887.5
1187110 886.7
1187120 885.9
1187130 884.6
1187140 884.6
1187150 885.5
1187160 885.7
1187170 885.7
1187180 883.4
1187190 878.3
1187200 878.3
1187210 873.2
1187220 868.4
1187230 868.4
1187240 865.0
1187250 864.3
1187260 864.3
1187270 864.3
1187280 863.1
1187290 863.1
1187300 860.2
1187310 856.7
1187320 856.7
1187330 854.8
1187340 855.6
1187350 855.6
1187360 856.1
1187370 855.5
1187380 855.5
1187390 853.6
1187400 850.4
1187410 850.4
1187420 846.0
1187430 840.6
1187440 840.6
1187450 836.4
1187460 831.7
1187470 835.6
1187480 831.7
1187490 831.0
1187500 830.7
1187510 830.7
1187520 829.8
1187530 829.2
1187540 829.2
1187550 828.1
1187560 826.8
1187570 826.8
1187580 826.5
1187590 826.2
1187600 826.2
1187610 825.4
1187620 825.2
1187630 825.2
1187640 826.1
1187650 827.4
1187660 827.4
1187670 828.0
1187680 827.3
1187690 827.3
1187700 826.2
1187710 825.1
1187720 825.1
1187730 824.8
1187740 824.8
1187750 824.8
1187760 824.9
1187770 825.2
1187780 825.2
1187790 825.5
1187800 825.5
1187810 825.5
1187820 825.6
1187830 825.9
1187840 825.9
1187850 826.2
1187860 826.4
1187870 826.4
1187880 826.4
1187890 826.4
1187900 827.1
1187910 827.1
1187920 827.3
1187930 827.5
1187940 827.5
1187950 827.6
1187960 827.7
1187970 827.7
1187980 827.8
1187990 828.1
1188000 828.1
1188010 828.4
1188020 828.5
1188030 828.5
1188040 828.4
1188050 828.4
1188060 828.4
1188070 828.4
1188080 828.3
1188090 828.3
1188100 828.2
1188110 828.1
1188120 828.1
1188130 827.9
1188140 827.7
1188150 827.7
1188160 827.6
1188170 827.5
1188180 827.5
1188190 827.5
1188200 827.7
1188210 827.7
1188220 827.6
1188230 827.7
1188240 827.6
1188250 827.6
1188260 827.3
1188270 827.3
1188280 827.3
1188290 827.2
1188300 827.1
1188310 827.1
1188320 827.2
1188330 826.4
1188340 826.4
1188350 825.2
1188360 826.3
1188370 826.3
1188380 827.3
1188390 827.3
1188400 827.3
1188410 827.5
1188420 826.9
1188430 826.9
1188440 826.6
1188450 826.6
1188460 826.6
1188470 826.6
1188480 826.6
1188490 826.6
1188500 826.5
1188510 826.3
1188520 826.3
1188530 826.2
1188540 826.2
1188550 826.2
1188560 826.1
1188570 826.2
1188580 826.1
1188590 826.1
1188600 826.1
1188610 826.0
1188620 826.0
1188630 825.8
1188640 825.7
1188650 825.7
1188660 825.9
1188670 826.1
1188680 826.1
1188690 824.9
1188700 821.0
1188710 821.0
1188720 819.1
1188730 818.9
1188740 818.9
1188750 819.2
1188760 819.3
1188770 819.7
1188780 819.6
1188790 819.7
1188800 819.7
1188810 819.7
1188820 819.7
1188830 819.7
1188840 819.7
1188850 819.6
1188860 819.6
1188870 819.7
1188880 819.7
1188890 819.7
1188900 819.8
1188910 819.9
1188920 819.9
1188930 819.9
1188940 820.0
1188950 820.1
1188960 820.1
1188970 820.1
1188980 820.3
1188990 820.3
1189000 820.7
1189010 821.6
1189020 821.6
1189030 819.7
1189040 818.7
1189050 818.7
1189060 818.7
1189070 819.3
1189080 819.3
1189090 820.2
1189100 820.1
1189110 820.1
1189120 819.7
1189130 819.4
1189140 819.4
1189150 819.1
1189160 819.0
1189170 819.0
1189180 818.9
1189190 818.8
1189200 818.9
1189210 818.8
1189220 818.7
1189230 818.7
1189240 818.6
1189250 818.5
1189260 818.5
1189270 818.4
1189280 818.3
1189290 818.3
1189300 818.3
1189310 818.4
1189320 818.4
1189330 818.4
1189340 818.4
1189350 818.4
1189360 818.4
1189370 818.4
1189380 818.5
1189390 818.5
1189400 818.5
1189410 818.5
1189420 818.5
1189430 818.4
1189440 818.5
1189450 818.5
1189460 818.6
1189470 818.7
1189480 818.7
1189490 818.7
1189500 818.8
1189510 818.8
1189520 818.8
1189530 818.8
1189540 818.8
1189550 818.9
1189560 819.0
1189570 819.0
1189580 819.0
1189590 818.6
1189600 818.6
1189610 818.7
1189620 819.0
1189630 818.8
1189640 819.2
1189650 819.2
1189660 819.2
1189670 819.1
1189680 819.7
1189690 819.8
1189700 819.8
1189710 819.5
1189720 819.7
1189730 819.7
1189740 819.7
1189750 819.8
1189760 819.8
1189770 820.0
1189780 820.1
1189790 820.1
1189800 820.2
1189810 820.7
1189820 820.7
1189830 822.3
1189840 824.4
1189850 824.4
1189860 825.5
1189870 825.5
1189880 825.5
1189890 824.5
1189900 822.4
1189910 822.4
1189920 821.1
1189930 820.8
1189940 820.8
1189950 819.6
1189960 817.7
1189970 817.7
1189980 817.2
1189990 817.4
1190000 817.4
1190010 817.5
1190020 817.6
1190030 817.6
1190040 817.7
1190050 817.7
1190060 817.7
1190070 817.6
1190080 817.6
1190090 817.6
1190100 817.6
1190110 817.7
1190120 817.9
1190130 817.9
1190140 818.6
1190150 819.7
1190160 819.7
1190170 820.9
1190180 821.8
1190190 821.8
1190200 821.6
1190210 820.8
1190220 820.8
1190230 820.6
1190240 820.7
1190250 820.7
1190260 820.5
1190270 820.4
1190280 820.4
1190290 820.5
1190300 820.5
1190310 820.5
1190320 820.8
1190330 821.3
1190340 821.3
1190350 821.9
1190360 821.8
1190370 821.8
1190380 821.7
1190390 821.4
1190400 821.4
1190410 821.2
1190420 821.3
1190430 821.5
1190440 821.5
1190450 821.5
1190460 821.5
1190470 821.5
1190480 821.2
1190490 820.8
1190500 821.3
1190510 821.7
1190520 821.8
1190530 821.8
1190540 821.7
1190550 821.7
1190560 821.7
1190570 821.7
1190580 821.6
1190590 821.6
1190600 821.8
1190610 821.9
1190620 821.9
1190630 821.8
1190640 821.7
1190650 821.7
1190660 821.9
1190670 822.2
1190680 822.2
1190690 822.3
1190700 822.2
1190710 822.2
1190720 822.3
1190730 822.2
1190740 822.2
1190750 822.0
1190760 822.1
1190770 822.5
1190780 822.5
1190790 822.7
1190800 822.7
1190810 822.7
1190820 822.9
1190830 823.0
1190840 823.0
1190850 823.2
1190860 823.2
1190870 823.2
1190880 822.9
1190890 822.7
1190900 822.7
1190910 822.7
1190920 822.6
1190930 822.6
1190940 823.3
1190950 823.5
1190960 823.5
1190970 823.2
1190980 823.3
1190990 823.3
1191000 823.0
1191010 822.9
1191020 822.9
1191030 822.7
1191040 822.9
1191050 822.9
1191060 823.0
1191070 823.6
1191080 823.6
1191090 823.8
1191100 823.8
1191110 823.8
1191120 824.0
1191130 826.6
1191140 830.2
1191150 830.2
1191160 830.7
1191170 830.7
1191180 830.7
1191190 830.8
1191200 830.9
1191210 830.9
1191220 831.0
1191230 831.3
1191240 831.3
1191250 831.5
1191260 831.5
1191270 831.5
1191280 831.4
1191290 831.4
1191300 831.4
1191310 831.2
1191320 831.2
1191330 831.2
1191340 831.2
1191350 831.2
1191360 831.2
1191370 831.1
1191380 831.2
1191390 831.2
1191400 831.3
1191410 831.4
1191420 831.4
1191430 831.4
1191440 831.5
1191450 831.5
1191460 831.6
1191470 832.0
1191480 832.0
1191490 832.3
1191500 832.5
1191510 832.7
1191520 832.7
1191530 832.9
1191540 833.0
1191550 833.0
1191560 833.2
1191570 833.4
1191580 833.4
1191590 833.1
1191600 832.4
1191610 832.4
1191620 833.4
1191630 835.5
1191640 835.5
1191650 835.3
1191660 835.5
1191670 835.5
1191680 836.0
1191690 838.7
1191700 838.7
1191710 844.0
1191720 849.4
1191730 849.4
1191740 854.8
1191750 858.1
1191760 858.1
1191770 860.2
1191780 862.9
1191790 862.9
1191800 866.6
1191810 873.4
1191820 873.4
1191830 876.0
1191840 878.8
1191850 878.8
1191860 882.8
1191870 886.4
1191880 890.1
1191890 890.1
1191900 894.9
1191910 897.2
1191920 897.2
1191930 901.3
1191940 905.7
1191950 905.7
1191960 908.7
1191970 910.6
1191980 910.6
1191990 910.8
1192000 909.4
1192010 909.4
1192020 906.1
1192030 901.4
1192040 901.4
1192050 898.4
1192060 894.7
1192070 894.7
1192080 890.2
1192090 889.4
1192100 889.4
1192110 890.3
1192120 890.4
1192130 890.4
1192140 889.6
1192150 891.5
1192160 891.5
1192170 893.3
1192180 894.2
1192190 894.2
1192200 895.6
1192210 896.1
1192220 896.1
1192230 897.8
1192240 900.8
1192250 905.8
1192260 905.8
1192270 906.7
1192280 903.6
1192290 903.6
1192300 900.6
1192310 898.9
1192320 898.9
1192330 898.5
1192340 895.6
1192350 895.6
1192360 893.5
1192370 889.9
1192380 889.9
1192390 886.3
1192400 881.6
1192410 881.6
1192420 878.1
1192430 874.6
1192440 874.6
1192450 870.6
1192460 866.9
1192470 866.9
1192480 864.1
1192490 861.8
1192500 861.8
1192510 859.9
1192520 858.6
1192530 858.6
1192540 858.3
1192550 858.5
1192560 858.5
1192570 858.8
1192580 859.4
1192590 859.4
1192600 859.9
1192610 860.5
1192620 861.1
1192630 861.1
1192640 861.5
1192650 862.2
1192660 862.2
1192670 863.2
1192680 869.3
1192690 869.3
1192700 872.5
1192710 876.1
1192720 876.1
1192730 880.2
1192740 884.3
1192750 884.3
1192760 891.1
1192770 896.1
1192780 896.1
1192790 903.6
1192800 908.5
1192810 908.5
1192820 912.5
1192830 916.2
1192840 916.2
1192850 919.9
1192860 929.0
1192870 929.0
1192880 934.5
1192890 933.1
1192900 933.1
1192910 929.9
1192920 927.3
1192930 927.3
1192940 921.9
1192950 917.6
1192960 917.3
1192970 917.3
1192980 916.0
1192990 915.1
1193000 915.1
1193010 915.6
1193020 916.1
1193030 916.1
1193040 918.1
1193050 921.1
1193060 921.1
1193070 922.0
1193080 922.4
1193090 922.4
1193100 923.1
1193110 926.4
1193120 935.6
1193130 938.5
1193140 942.7
1193150 942.7
1193160 947.9
1193170 950.4
1193180 950.4
1193190 952.5
1193200 953.4
1193210 953.4
1193220 954.9
1193230 955.7
1193240 955.7
1193250 955.0
1193260 954.0
1193270 954.0
1193280 953.6
1193290 953.3
1193300 953.3
1193310 952.1
1193320 948.6
1193330 944.8
1193340 944.8
1193350 941.9
1193360 939.7
1193370 939.7
1193380 940.1
1193390 943.0
1193400 943.0
1193410 946.5
1193420 948.7
1193430 948.7
1193440 950.1
1193450 951.9
1193460 951.9
1193470 954.4
1193480 956.6
1193490 956.6
1193500 958.4
1193510 960.0
1193520 960.0
1193530 963.1
1193540 968.0
1193550 968.0
1193560 967.2
1193570 969.0
1193580 969.0
1193590 970.9
1193600 971.2
1193610 971.2
1193620 972.4
1193630 974.2
1193640 974.2
1193650 975.8
1193660 977.1
1193670 977.1
1193680 978.0
1193690 980.4
1193700 983.1
1193710 983.1
1193720 985.6
1193730 988.1
1193740 988.1
1193750 990.4
1193760 993.8
1193770 993.8
1193780 997.4
1193790 1000.8
1193800 1000.8
1193810 1003.7
1193820 1005.7
1193830 1005.7
1193840 1007.7
1193850 1010.8
1193860 1010.8
1193870 1014.1
1193880 1017.5
1193890 1017.5
1193900 1021.6
1193910 1025.7
1193920 1025.7
1193930 1027.9
1193940 1029.9
1193950 1029.9
1193960 1032.3
1193970 1034.2
1193980 1034.2
1193990 1035.3
1194000 1029.1
1194010 1029.1
1194020 1029.0
1194030 1025.9
1194040 1025.9
1194050 1030.1
1194060 1032.1
1194070 1033.8
1194080 1033.8
1194090 1035.7
1194100 1036.7
1194110 1036.7
1194120 1037.2
1194130 1038.9
1194140 1038.9
1194150 1042.0
1194160 1044.7
1194170 1044.7
1194180 1046.4
1194190 1046.5
1194200 1046.5
1194210 1048.0
1194220 1051.0
1194230 1051.0
1194240 1054.5
1194250 1058.6
1194260 1058.6
1194270 1061.2
1194280 1062.8
1194290 1062.8
1194300 1063.4
1194310 1063.7
1194320 1063.7
1194330 1065.1
1194340 1066.6
1194350 1066.6
1194360 1069.0
1194370 1071.6
1194380 1071.6
1194390 1074.4
1194400 1076.2
1194410 1076.2
1194420 1078.0
1194430 1079.8
1194440 1074.5
1194450 1074.5
1194460 1076.5
1194470 1078.8
1194480 1078.8
1194490 1081.3
1194500 1084.3
1194510 1084.3
1194520 1088.0
1194530 1090.1
1194540 1090.1
1194550 1093.8
1194560 1097.8
1194570 1097.8
1194580 1102.8
1194590 1109.6
1194600 1109.6
1194610 1116.8
1194620 1123.9
1194630 1123.9
1194640 1130.6
1194650 1136.1
1194660 1136.1
1194670 1141.3
1194680 1146.1
1194690 1146.1
1194700 1150.5
1194710 1154.2
1194720 1154.2
1194730 1156.9
1194740 1159.4
1194750 1159.4
1194760 1161.9
1194770 1162.9
1194780 1162.5
1194790 1162.5
1194800 1161.7
1194810 1161.4
1194820 1161.4
1194830 1162.8
1194840 1163.9
1194850 1163.9
1194860 1165.4
1194870 1166.8
1194880 1165.5
1194890 1167.1
1194900 1168.7
1194910 1168.7
1194920 1170.6
1194930 1173.6
1194940 1173.6
1194950 1176.4
1194960 1179.4
1194970 1179.4
1194980 1181.5
1194990 1183.3
1195000 1183.3
1195010 1185.3
1195020 1187.2
1195030 1187.2
1195040 1189.9
1195050 1193.9
1195060 1193.9
1195070 1198.7
1195080 1202.6
1195090 1202.6
1195100 1205.9
1195110 1209.9
1195120 1209.9
1195130 1215.7
1195140 1222.8
1195150 1229.9
1195160 1229.9
1195170 1237.7
1195180 1242.8
1195190 1242.8
1195200 1246.2
1195210 1248.8
1195220 1248.8
1195230 1250.9
1195240 1252.9
1195250 1252.9
1195260 1254.9
1195270 1258.3
1195280 1258.3
1195290 1262.1
1195300 1265.0
1195310 1265.0
1195320 1266.4
1195330 1268.9
1195340 1268.9
1195350 1271.1
1195360 1273.0
1195370 1273.0
1195380 1274.8
1195390 1279.2
1195400 1279.2
1195410 1285.0
1195420 1289.6
1195430 1289.6
1195440 1292.9
1195450 1296.6
1195460 1296.6
1195470 1299.5
1195480 1300.3
1195490 1300.3
1195500 1299.8
1195510 1299.3
1195520 1298.8
1195530 1298.8
1195540 1300.8
1195550 1303.4
1195560 1303.4
1195570 1306.4
1195580 1309.7
1195590 1309.7
1195600 1313.3
1195610 1316.8
1195620 1316.8
1195630 1322.0
1195640 1327.5
1195650 1327.5
1195660 1330.1
1195670 1330.0
1195680 1330.0
1195690 1329.0
1195700 1329.8
1195710 1329.8
1195720 1332.8
1195730 1336.5
1195740 1336.5
1195750 1339.8
1195760 1341.5
1195770 1339.4
1195780 1343.6
1195790 1346.4
1195800 1346.4
1195810 1349.3
1195820 1354.0
1195830 1354.0
1195840 1358.4
1195850 1361.7
1195860 1361.7
1195870 1366.4
1195880 1372.8
1195890 1379.4
1195900 1379.4
1195910 1385.1
1195920 1390.4
1195930 1390.4
1195940 1395.0
1195950 1398.2
1195960 1398.2
1195970 1399.5
1195980 1401.5
1195990 1401.5
1196000 1407.4
1196010 1415.8
1196020 1415.8
1196030 1423.5
1196040 1429.6
1196050 1429.6
1196060 1434.6
1196070 1440.2
1196080 1440.2
1196090 1446.1
1196100 1452.4
1196110 1452.4
1196120 1458.3
1196130 1465.6
1196140 1465.6
1196150 1472.7
1196160 1480.5
1196170 1480.5
1196180 1488.2
1196190 1495.6
1196200 1495.6
1196210 1504.3
1196220 1511.9
1196230 1511.9
1196240 1519.3
1196250 1526.5
1196260 1534.1
1196270 1534.1
1196280 1541.9
1196290 1551.4
1196300 1551.4
1196310 1555.7
1196320 1552.4
1196330 1552.4
1196340 1550.2
1196350 1549.3
1196360 1549.3
1196370 1549.4
1196380 1550.5
1196390 1550.5
1196400 1551.9
1196410 1552.6
1196420 1552.6
1196430 1551.5
1196440 1548.9
1196450 1548.9
1196460 1546.0
1196470 1542.2
1196480 1542.2
1196490 1538.0
1196500 1534.3
1196510 1534.3
1196520 1531.2
1196530 1528.5
1196540 1528.5
1196550 1525.9
1196560 1523.6
1196570 1523.6
1196580 1521.1
1196590 1518.6
1196600 1516.4
1196610 1516.4
1196620 1512.7
1196630 1510.6
1196640 1510.6
1196650 1505.0
1196660 1505.5
1196670 1505.5
1196680 1507.8
1196690 1510.0
1196700 1510.0
1196710 1511.6
1196720 1510.5
1196730 1510.5
1196740 1509.2
1196750 1510.0
1196760 1510.0
1196770 1510.9
1196780 1510.5
1196790 1510.5
1196800 1510.1
1196810 1509.1
1196820 1509.1
1196830 1507.7
1196840 1506.6
1196850 1506.6
1196860 1503.8
1196870 1501.2
1196880 1501.2
1196890 1503.1
1196900 1509.2
1196910 1509.2
1196920 1513.6
1196930 1515.3
1196940 1515.3
1196950 1515.9
1196960 1515.8
1196970 1515.5
1196980 1515.5
1196990 1514.7
1197000 1514.4
1197010 1514.4
1197020 1513.9
1197030 1512.9
1197040 1512.9
1197050 1511.3
1197060 1511.4
1197070 1511.4
1197080 1511.9
1197090 1511.7
1197100 1505.7
1197110 1507.4
1197120 1510.4
1197130 1510.4
1197140 1512.0
1197150 1514.5
1197160 1514.5
1197170 1516.8
1197180 1518.8
1197190 1518.8
1197200 1520.6
1197210 1522.4
1197220 1522.4
1197230 1524.1
1197240 1525.5
1197250 1525.5
1197260 1526.6
1197270 1527.3
1197280 1527.3
1197290 1527.8
1197300 1528.3
1197310 1528.3
1197320 1528.9
1197330 1531.1
1197340 1534.7
1197350 1534.7
1197360 1538.2
1197370 1541.4
1197380 1541.4
1197390 1544.3
1197400 1547.8
1197410 1547.8
1197420 1551.0
1197430 1553.0
1197440 1553.0
1197450 1554.5
1197460 1556.0
1197470 1556.0
1197480 1557.4
1197490 1559.0
1197500 1559.0
1197510 1560.6
1197520 1561.9
1197530 1561.9
1197540 1557.5
1197550 1558.5
1197560 1558.5
1197570 1559.4
1197580 1560.2
1197590 1560.2
1197600 1561.1
1197610 1561.9
1197620 1561.9
1197630 1562.8
1197640 1563.9
1197650 1563.9
1197660 1565.9
1197670 1568.0
1197680 1568.0
1197690 1568.8
1197700 1569.7
1197710 1569.8
1197720 1569.8
1197730 1570.4
1197740 1574.1
1197750 1574.1
1197760 1581.0
1197770 1588.1
1197780 1588.1
1197790 1592.7
1197800 1597.9
1197810 1597.9
1197820 1603.5
1197830 1608.8
1197840 1608.8
1197850 1613.7
1197860 1618.6
1197870 1618.6
1197880 1623.5
1197890 1629.1
1197900 1629.1
1197910 1635.3
1197920 1641.0
1197930 1641.0
1197940 1647.2
1197950 1653.5
1197960 1653.5
1197970 1659.5
1197980 1665.9
1197990 1665.7
1198000 1672.3
1198010 1678.5
1198020 1678.5
1198030 1684.5
1198040 1690.6
1198050 1690.6
1198060 1696.9
1198070 1703.1
1198080 1708.3
1198090 1708.3
1198100 1709.2
1198110 1711.7
1198120 1711.7
1198130 1710.6
1198140 1704.0
1198150 1704.0
1198160 1704.2
1198170 1692.4
1198180 1692.4
1198190 1677.6
1198200 1671.7
1198210 1671.7
1198220 1667.9
1198230 1664.9
1198240 1664.9
1198250 1665.4
1198260 1663.5
1198270 1663.5
1198280 1659.4
1198290 1663.6
1198300 1663.6
1198310 1670.1
1198320 1676.0
1198330 1676.0
1198340 1682.9
1198350 1690.3
1198360 1690.3
1198370 1698.4
1198380 1707.7
1198390 1707.7
1198400 1717.4
1198410 1720.4
1198420 1721.3
1198430 1721.3
1198440 1723.3
1198450 1723.8
1198460 1723.8
1198470 1724.1
1198480 1723.6
1198490 1723.6
1198500 1722.6
1198510 1721.8
1198520 1721.8
1198530 1721.6
1198540 1722.0
1198550 1722.0
1198560 1722.7
1198570 1722.6
1198580 1722.6
1198590 1723.1
1198600 1720.2
1198610 1720.2
1198620 1717.6
1198630 1713.4
1198640 1713.4
1198650 1687.7
1198660 1624.1
1198670 1624.1
1198680 1547.3
1198690 1524.8
1198700 1524.8
1198710 1518.0
1198720 1515.3
1198730 1515.3
1198740 1512.2
1198750 1508.6
1198760 1508.6
1198770 1505.4
1198780 1504.2
1198790 1504.3
1198800 1504.3
1198810 1504.0
1198820 1501.4
1198830 1501.4
1198840 1498.9
1198850 1497.3
1198860 1497.3
1198870 1495.5
1198880 1498.6
1198890 1498.6
1198900 1496.7
1198910 1496.2
1198920 1496.2
1198930 1496.7
1198940 1497.0
1198950 1497.0
1198960 1498.7
1198970 1500.1
1198980 1500.1
1198990 1500.8
1199000 1502.0
1199010 1502.0
1199020 1502.3
1199030 1503.2
1199040 1503.2
1199050 1502.9
