1180000 1306.1
1180010 1299.0
1180020 1299.0
1180030 1289.8
1180040 1281.4
1180050 1281.4
1180060 1277.2
1180070 1274.4
1180080 1274.4
1180090 1268.0
1180100 1261.4
1180110 1267.5
1180120 1261.2
1180130 1254.7
1180140 1254.7
1180150 1247.6
1180160 1241.1
1180170 1241.1
1180180 1234.5
1180190 1228.2
1180200 1228.2
1180210 1222.2
1180220 1217.8
1180230 1217.8
1180240 1215.2
1180250 1213.4
1180260 1210.4
1180270 1210.4
1180280 1207.4
1180290 1205.0
1180300 1205.0
1180310 1202.8
1180320 1199.9
1180330 1199.9
1180340 1197.2
1180350 1194.4
1180360 1194.4
1180370 1191.9
1180380 1188.9
1180390 1188.9
1180400 1185.5
1180410 1182.0
1180420 1182.0
1180430 1178.3
1180440 1174.9
1180450 1174.9
1180460 1171.5
1180470 1168.5
1180480 1168.5
1180490 1165.0
1180500 1158.0
1180510 1158.0
1180520 1150.8
1180530 1141.4
1180540 1141.4
1180550 1136.8
1180560 1133.2
1180570 1133.2
1180580 1132.0
1180590 1130.6
1180600 1130.6
1180610 1132.8
1180620 1136.4
1180630 1138.2
1180640 1138.2
1180650 1139.5
1180660 1140.5
1180670 1140.5
1180680 1140.4
1180690 1141.6
1180700 1141.6
1180710 1144.5
1180720 1149.8
1180730 1149.8
1180740 1155.4
1180750 1160.3
1180760 1160.3
1180770 1164.6
1180780 1169.6
1180790 1169.6
1180800 1177.1
1180810 1185.5
1180820 1185.5
1180830 1192.6
1180840 1198.8
1180850 1198.8
1180860 1205.2
1180870 1212.1
1180880 1212.1
1180890 1219.0
1180900 1226.0
1180910 1226.0
1180920 1233.1
1180930 1240.1
1180940 1240.1
1180950 1244.8
1180960 1250.7
1180970 1250.7
1180980 1256.1
1180990 1260.8
1181000 1265.3
1181010 1265.3
1181020 1270.3
1181030 1276.8
1181040 1276.8
1181050 1283.5
1181060 1290.1
1181070 1290.1
1181080 1297.3
1181090 1304.5
1181100 1304.5
1181110 1310.2
1181120 1313.8
1181130 1313.8
1181140 1315.8
1181150 1317.3
1181160 1317.3
1181170 1317.9
1181180 1317.9
1181190 1317.9
1181200 1317.6
1181210 1317.5
1181220 1317.5
1181230 1318.9
1181240 1322.0
1181250 1322.0
1181260 1325.5
1181270 1327.7
1181280 1327.7
1181290 1326.5
1181300 1326.8
1181310 1326.8
1181320 1328.3
1181330 1329.9
1181340 1329.9
1181350 1331.0
1181360 1327.7
1181370 1325.4
1181380 1325.4
1181390 1317.9
1181400 1318.5
1181410 1318.5
1181420 1325.1
1181430 1331.7
1181440 1331.7
1181450 1331.9
1181460 1327.0
1181470 1327.0
1181480 1320.7
1181490 1320.8
1181500 1320.8
1181510 1323.0
1181520 1324.7
1181530 1324.7
1181540 1326.2
1181550 1329.5
1181560 1329.5
1181570 1330.5
1181580 1330.8
1181590 1330.8
1181600 1332.6
1181610 1335.9
1181620 1335.9
1181630 1343.0
1181640 1350.9
1181650 1350.9
1181660 1358.9
1181670 1366.2
1181680 1366.2
1181690 1373.4
1181700 1393.2
1181710 1393.2
1181720 1423.7
1181730 1432.6
1181740 1437.3
1181750 1437.3
1181760 1444.9
1181770 1454.0
1181780 1454.0
1181790 1468.3
1181800 1476.6
1181810 1476.6
1181820 1480.7
1181830 1481.3
1181840 1481.3
1181850 1481.5
1181860 1481.3
1181870 1481.3
1181880 1480.8
1181890 1480.3
1181900 1480.3
1181910 1481.4
1181920 1481.6
1181930 1481.6
1181940 1481.0
1181950 1481.2
1181960 1481.2
1181970 1480.1
1181980 1477.6
1181990 1477.6
1182000 1479.7
1182010 1481.2
1182020 1481.2
1182030 1481.9
1182040 1481.8
1182050 1481.8
1182060 1481.4
1182070 1481.0
1182080 1481.0
1182090 1480.0
1182100 1478.5
1182110 1475.7
1182120 1475.7
1182130 1474.7
1182140 1473.4
1182150 1473.4
1182160 1467.1
1182170 1465.1
1182180 1465.1
1182190 1468.7
1182200 1468.5
1182210 1474.2
1182220 1472.1
1182230 1470.9
1182240 1470.9
1182250 1468.8
1182260 1461.9
1182270 1461.9
1182280 1455.5
1182290 1451.5
1182300 1451.5
1182310 1445.6
1182320 1438.1
1182330 1438.1
1182340 1430.3
1182350 1427.4
1182360 1427.4
1182370 1418.8
1182380 1404.5
1182390 1404.5
1182400 1392.3
1182410 1382.3
1182420 1382.3
1182430 1376.9
1182440 1370.3
1182450 1370.3
1182460 1364.1
1182470 1366.6
1182480 1375.3
1182490 1375.3
1182500 1381.1
1182510 1387.9
1182520 1387.9
1182530 1394.1
1182540 1397.4
1182550 1397.4
1182560 1399.7
1182570 1406.5
1182580 1406.5
1182590 1408.3
1182600 1403.3
1182610 1403.3
1182620 1398.0
1182630 1396.6
1182640 1404.1
1182650 1407.5
1182660 1409.8
1182670 1409.8
1182680 1413.6
1182690 1420.3
1182700 1420.3
1182710 1420.1
1182720 1422.5
1182730 1422.5
1182740 1430.8
1182750 1436.6
1182760 1436.6
1182770 1441.1
1182780 1445.5
1182790 1445.5
1182800 1450.4
1182810 1458.0
1182820 1458.0
1182830 1459.8
1182840 1458.2
1182850 1456.6
1182860 1456.6
1182870 1454.7
1182880 1452.5
1182890 1452.5
1182900 1449.9
1182910 1447.2
1182920 1447.2
1182930 1444.1
1182940 1440.2
1182950 1440.2
1182960 1435.7
1182970 1431.3
1182980 1431.3
1182990 1427.6
1183000 1423.7
1183010 1423.7
1183020 1419.4
1183030 1415.2
1183040 1415.2
1183050 1410.8
1183060 1410.4
1183070 1410.4
1183080 1404.4
1183090 1398.5
1183100 1398.5
1183110 1394.1
1183120 1389.7
1183130 1389.7
1183140 1385.2
1183150 1380.2
1183160 1380.2
1183170 1374.5
1183180 1367.6
1183190 1367.6
1183200 1361.3
1183210 1354.6
1183220 1348.0
1183230 1348.0
1183240 1341.8
1183250 1335.2
1183260 1335.2
1183270 1328.1
1183280 1321.4
1183290 1321.4
1183300 1316.7
1183310 1312.4
1183320 1312.4
1183330 1307.9
1183340 1304.8
1183350 1304.8
1183360 1299.6
1183370 1297.4
1183380 1297.4
1183390 1298.4
1183400 1296.8
1183410 1296.8
1183420 1292.1
1183430 1290.4
1183440 1290.4
1183450 1289.6
1183460 1288.9
1183470 1288.9
1183480 1284.5
1183490 1284.1
1183500 1284.1
1183510 1278.2
1183520 1274.2
1183530 1274.2
1183540 1268.6
1183550 1266.5
1183560 1266.5
1183570 1272.2
1183580 1276.7
1183590 1270.1
1183600 1270.1
1183610 1253.3
1183620 1241.5
1183630 1241.5
1183640 1234.2
1183650 1228.8
1183660 1228.8
1183670 1223.6
1183680 1217.6
1183690 1217.6
1183700 1212.4
1183710 1208.6
1183720 1208.6
1183730 1205.4
1183740 1200.7
1183750 1200.7
1183760 1192.9
1183770 1184.8
1183780 1184.8
1183790 1177.2
1183800 1171.0
1183810 1171.0
1183820 1165.6
1183830 1161.4
1183840 1161.4
1183850 1159.4
1183860 1159.2
1183870 1159.2
1183880 1157.6
1183890 1154.7
1183900 1154.7
1183910 1157.6
1183920 1154.7
1183930 1154.7
1183940 1150.7
1183950 1147.7
1183960 1146.9
1183970 1146.9
1183980 1146.1
1183990 1143.3
1184000 1143.3
1184010 1139.5
1184020 1137.0
1184030 1137.0
1184040 1132.8
1184050 1127.3
1184060 1127.3
1184070 1120.5
1184080 1111.3
1184090 1111.3
1184100 1101.6
1184110 1093.0
1184120 1093.0
1184130 1085.2
1184140 1080.1
1184150 1080.1
1184160 1078.1
1184170 1077.4
1184180 1077.4
1184190 1076.8
1184200 1076.7
1184210 1076.7
1184220 1077.6
1184230 1075.0
1184240 1075.0
1184250 1068.5
1184260 1063.0
1184270 1063.0
1184280 1057.9
1184290 1054.7
1184300 1053.8
1184310 1053.8
1184320 1055.0
1184330 1056.9
1184340 1062.9
1184350 1061.5
1184360 1058.6
1184370 1058.6
1184380 1055.7
1184390 1054.5
1184400 1054.5
1184410 1051.8
1184420 1046.4
1184430 1046.4
1184440 1040.1
1184450 1034.4
1184460 1034.4
1184470 1030.8
1184480 1027.5
1184490 1027.5
1184500 1023.3
1184510 1018.3
1184520 1018.3
1184530 1014.0
1184540 1009.8
1184550 1009.8
1184560 1004.4
1184570 998.2
1184580 998.2
1184590 992.4
1184600 988.8
1184610 988.8
1184620 984.8
1184630 978.5
1184640 978.5
1184650 973.1
1184660 969.5
1184670 966.4
1184680 966.4
1184690 964.4
1184700 963.5
1184710 963.5
1184720 961.1
1184730 954.5
1184740 954.5
1184750 949.8
1184760 949.9
1184770 949.9
1184780 949.0
1184790 948.3
1184800 948.3
1184810 947.6
1184820 946.3
1184830 946.3
1184840 945.0
1184850 943.1
1184860 943.1
1184870 942.0
1184880 940.7
1184890 940.7
1184900 938.1
1184910 936.4
1184920 936.4
1184930 937.4
1184940 938.8
1184950 938.8
1184960 937.6
1184970 936.2
1184980 936.2
1184990 935.0
1185000 934.0
1185010 934.0
1185020 932.8
1185030 931.7
1185040 930.4
1185050 930.4
1185060 929.4
1185070 928.1
1185080 928.1
1185090 927.0
1185100 925.7
1185110 925.7
1185120 924.1
1185130 922.3
1185140 922.3
1185150 921.2
1185160 921.2
1185170 921.2
1185180 921.1
1185190 920.7
1185200 920.7
1185210 919.4
1185220 918.1
1185230 918.1
1185240 916.8
1185250 915.2
1185260 915.2
1185270 914.9
1185280 913.8
1185290 913.8
1185300 912.0
1185310 910.6
1185320 910.6
1185330 909.8
1185340 909.2
1185350 909.2
1185360 908.1
1185370 906.8
1185380 906.8
1185390 905.2
1185400 903.8
1185410 902.5
1185420 902.5
1185430 901.2
1185440 900.3
1185450 900.3
1185460 899.7
1185470 898.5
1185480 898.5
1185490 896.9
1185500 895.8
1185510 895.8
1185520 894.9
1185530 893.7
1185540 893.7
1185550 892.4
1185560 891.2
1185570 891.2
1185580 889.7
1185590 888.7
1185600 888.7
1185610 887.7
1185620 887.4
1185630 887.4
1185640 886.5
1185650 885.3
1185660 885.3
1185670 883.9
1185680 882.6
1185690 882.6
1185700 881.6
1185710 880.7
1185720 880.7
1185730 879.6
1185740 878.7
1185750 878.7
1185760 877.9
1185770 877.0
1185780 876.1
1185790 876.1
1185800 875.1
1185810 874.1
1185820 874.1
1185830 873.2
1185840 872.0
1185850 872.0
1185860 870.9
1185870 869.5
1185880 869.5
1185890 868.3
1185900 867.0
1185910 867.0
1185920 865.8
1185930 864.7
1185940 864.7
1185950 863.6
1185960 862.1
1185970 862.1
1185980 860.9
1185990 860.0
1186000 860.0
1186010 859.2
1186020 858.2
1186030 858.2
1186040 857.5
1186050 856.8
1186060 856.8
1186070 856.1
1186080 855.2
1186090 855.2
1186100 854.3
1186110 853.5
1186120 853.5
1186130 852.7
1186140 852.0
1186150 851.3
1186160 851.3
1186170 850.6
1186180 849.9
1186190 849.9
1186200 849.2
1186210 848.6
1186220 848.6
1186230 847.9
1186240 847.1
1186250 847.1
1186260 846.3
1186270 845.6
1186280 845.6
1186290 845.0
1186300 844.3
1186310 844.3
1186320 843.8
1186330 843.2
1186340 843.2
1186350 842.6
1186360 842.0
1186370 842.0
1186380 841.5
1186390 841.0
1186400 841.0
1186410 840.5
1186420 839.9
1186430 839.9
1186440 839.3
1186450 838.7
1186460 838.7
1186470 838.4
1186480 837.9
1186490 837.9
1186500 837.5
1186510 837.0
1186520 836.4
1186530 836.4
1186540 836.0
1186550 835.7
1186560 835.7
1186570 835.4
1186580 835.1
1186590 835.1
1186600 834.9
1186610 834.6
1186620 834.6
1186630 834.1
1186640 833.6
1186650 833.6
1186660 833.5
1186670 833.2
1186680 833.2
1186690 832.9
1186700 832.5
1186710 832.5
1186720 832.1
1186730 831.8
1186740 831.8
1186750 831.4
1186760 831.1
1186770 831.1
1186780 830.8
1186790 830.5
1186800 830.5
1186810 830.3
1186820 830.0
1186830 830.0
1186840 829.7
1186850 829.4
1186860 829.4
1186870 829.2
1186880 829.0
1186890 828.8
1186900 828.7
1186910 828.5
1186920 828.4
1186930 828.4
1186940 828.2
1186950 828.0
1186960 828.0
1186970 827.8
1186980 827.7
1186990 827.7
1187000 827.5
1187010 827.4
1187020 827.4
1187030 827.2
1187040 826.7
1187050 826.7
1187060 826.3
1187070 826.0
1187080 826.0
1187090 825.7
1187100 825.4
1187110 825.4
1187120 825.1
1187130 824.9
1187140 824.9
1187150 824.7
1187160 824.5
1187170 824.5
1187180 824.3
1187190 824.0
1187200 824.0
1187210 823.8
1187220 823.7
1187230 823.7
1187240 823.6
1187250 823.5
1187260 823.4
1187270 823.4
1187280 823.3
1187290 823.2
1187300 823.2
1187310 823.2
1187320 823.1
1187330 823.2
1187340 823.0
1187350 822.8
1187360 822.8
1187370 822.6
1187380 822.5
1187390 822.5
1187400 822.5
1187410 822.4
1187420 822.4
1187430 822.3
1187440 822.2
1187450 822.2
1187460 822.2
1187470 822.3
1187480 822.3
1187490 822.3
1187500 822.3
1187510 822.3
1187520 822.3
1187530 822.3
1187540 822.3
1187550 822.7
1187560 823.5
1187570 823.5
1187580 822.7
1187590 822.2
1187600 822.2
1187610 821.9
1187620 821.8
1187630 822.2
1187640 822.2
1187650 822.2
1187660 822.1
1187670 822.1
1187680 821.2
1187690 821.0
1187700 821.0
1187710 820.2
1187720 819.3
1187730 819.3
1187740 819.6
1187750 820.1
1187760 819.8
1187770 820.1
1187780 820.4
1187790 820.4
1187800 820.6
1187810 820.7
1187820 820.7
1187830 820.8
1187840 820.8
1187850 820.8
1187860 821.0
1187870 821.1
1187880 821.1
1187890 821.0
1187900 820.8
1187910 820.8
1187920 820.8
1187930 821.0
1187940 821.0
1187950 821.3
1187960 821.4
1187970 821.4
1187980 821.3
1187990 821.1
1188000 820.7
1188010 820.7
1188020 818.8
1188030 816.2
1188040 816.2
1188050 814.3
1188060 813.7
1188070 813.7
1188080 813.7
1188090 813.9
1188100 813.9
1188110 813.9
1188120 813.7
1188130 813.7
1188140 813.8
1188150 813.9
1188160 813.9
1188170 814.0
1188180 814.0
1188190 813.8
1188200 814.0
1188210 814.0
1188220 814.0
1188230 814.1
1188240 814.2
1188250 814.2
1188260 814.2
1188270 814.3
1188280 814.3
1188290 814.4
1188300 814.3
1188310 814.3
1188320 814.3
1188330 814.2
1188340 814.2
1188350 814.2
1188360 814.2
1188370 814.2
1188380 814.2
1188390 814.6
1188400 814.6
1188410 814.6
1188420 814.5
1188430 816.3
1188440 816.3
1188450 819.6
1188460 821.1
1188470 821.1
1188480 820.1
1188490 819.7
1188500 819.7
1188510 818.3
1188520 815.9
1188530 815.9
1188540 815.1
1188550 815.6
1188560 815.6
1188570 815.6
1188580 815.7
1188590 815.7
1188600 815.5
1188610 814.6
1188620 814.6
1188630 814.9
1188640 814.4
1188650 814.4
1188660 814.3
1188670 814.3
1188680 814.3
1188690 814.3
1188700 814.5
1188710 814.8
1188720 814.8
1188730 815.0
1188740 815.2
1188750 815.2
1188760 815.2
1188770 815.5
1188780 815.5
1188790 815.9
1188800 815.9
1188810 815.9
1188820 815.9
1188830 815.7
1188840 815.7
1188850 815.7
1188860 815.7
1188870 815.7
1188880 815.7
1188890 815.6
1188900 815.6
1188910 816.3
1188920 816.4
1188930 816.4
1188940 816.0
1188950 816.1
1188960 816.1
1188970 816.3
1188980 816.3
1188990 816.3
1189000 816.3
1189010 816.4
1189020 816.4
1189030 816.4
1189040 816.5
1189050 816.5
1189060 816.6
1189070 816.7
1189080 816.7
1189090 816.7
1189100 816.6
1189110 816.4
1189120 816.4
1189130 816.5
1189140 816.5
1189150 816.5
1189160 816.3
1189170 816.3
1189180 816.3
1189190 816.4
1189200 816.7
1189210 816.7
1189220 817.3
1189230 817.3
1189240 817.3
1189250 817.2
1189260 817.3
1189270 817.3
1189280 817.3
1189290 817.2
1189300 817.2
1189310 817.3
1189320 817.3
1189330 817.3
1189340 817.3
1189350 817.3
1189360 817.3
1189370 817.4
1189380 817.4
1189390 817.4
1189400 817.3
1189410 817.4
1189420 817.4
1189430 817.4
1189440 817.4
1189450 817.4
1189460 817.4
1189470 817.4
1189480 817.4
1189490 817.6
1189500 817.6
1189510 817.6
1189520 817.6
1189530 817.4
1189540 817.4
1189550 817.4
1189560 817.5
1189570 817.6
1189580 817.6
1189590 817.7
1189600 817.7
1189610 817.7
1189620 817.7
1189630 817.5
1189640 817.5
1189650 817.3
1189660 817.2
1189670 817.2
1189680 817.2
1189690 817.2
1189700 817.2
1189710 817.3
1189720 817.3
1189730 817.3
1189740 817.4
1189750 817.5
1189760 817.5
1189770 817.6
1189780 817.5
1189790 817.5
1189800 817.6
1189810 817.6
1189820 817.6
1189830 817.6
1189840 817.7
1189850 817.7
1189860 817.7
1189870 818.0
1189880 818.5
1189890 818.5
1189900 819.7
1189910 821.3
1189920 821.3
1189930 821.0
1189940 821.0
1189950 821.0
1189960 822.8
1189970 824.8
1189980 824.8
1189990 825.2
1190000 825.3
1190010 825.3
1190020 825.3
1190030 825.2
1190040 825.2
1190050 825.0
1190060 825.1
1190070 825.1
1190080 825.3
1190090 825.3
1190100 825.3
1190110 825.3
1190120 825.3
1190130 825.3
1190140 825.4
1190150 825.5
1190160 825.5
1190170 825.6
1190180 825.7
1190190 825.7
1190200 825.7
1190210 825.7
1190220 825.7
1190230 825.7
1190240 825.7
1190250 825.6
1190260 825.6
1190270 825.6
1190280 825.6
1190290 825.6
1190300 825.6
1190310 825.5
1190320 825.5
1190330 825.5
1190340 825.6
1190350 825.6
1190360 825.6
1190370 825.7
1190380 825.7
1190390 825.7
1190400 825.8
1190410 825.8
1190420 826.4
1190430 826.5
1190440 826.5
1190450 826.0
1190460 825.9
1190470 825.9
1190480 825.9
1190490 826.0
1190500 826.0
1190510 826.2
1190520 826.3
1190530 826.3
1190540 826.3
1190550 826.3
1190560 826.2
1190570 826.2
1190580 826.1
1190590 826.0
1190600 826.0
1190610 826.1
1190620 826.2
1190630 826.2
1190640 826.5
1190650 826.7
1190660 826.7
1190670 826.5
1190680 825.8
1190690 825.8
1190700 825.6
1190710 825.6
1190720 825.6
1190730 825.6
1190740 825.8
1190750 825.8
1190760 825.8
1190770 825.8
1190780 825.8
1190790 825.7
1190800 825.9
1190810 825.9
1190820 826.0
1190830 825.8
1190840 825.8
1190850 825.8
1190860 825.8
1190870 825.8
1190880 826.0
1190890 826.0
1190900 826.0
1190910 826.4
1190920 826.4
1190930 826.6
1190940 826.6
1190950 826.7
1190960 827.1
1190970 827.1
1190980 827.5
1190990 828.0
1191000 828.0
1191010 827.6
1191020 828.7
1191030 828.7
1191040 830.5
1191050 832.7
1191060 832.7
1191070 834.0
1191080 835.2
1191090 835.2
1191100 836.5
1191110 836.4
1191120 836.4
1191130 835.3
1191140 833.9
1191150 833.9
1191160 831.4
1191170 829.0
1191180 829.0
1191190 829.0
1191200 829.5
1191210 829.5
1191220 830.0
1191230 830.2
1191240 830.2
1191250 830.9
1191260 831.7
1191270 831.7
1191280 832.6
1191290 833.5
1191300 834.5
1191310 834.5
1191320 835.4
1191330 836.3
1191340 836.3
1191350 837.1
1191360 838.0
1191370 838.0
1191380 839.0
1191390 840.0
1191400 840.0
1191410 841.0
1191420 842.1
1191430 842.1
1191440 843.5
1191450 845.7
1191460 845.7
1191470 848.4
1191480 851.5
1191490 851.5
1191500 855.6
1191510 859.5
1191520 859.5
1191530 863.1
1191540 866.1
1191550 866.1
1191560 868.2
1191570 869.7
1191580 869.7
1191590 871.2
1191600 872.4
1191610 872.4
1191620 874.0
1191630 875.9
1191640 875.9
1191650 877.7
1191660 879.7
1191670 883.7
1191680 883.7
1191690 887.3
1191700 892.2
1191710 892.2
1191720 893.7
1191730 893.5
1191740 893.5
1191750 893.0
1191760 893.4
1191770 893.4
1191780 895.5
1191790 898.7
1191800 898.7
1191810 901.4
1191820 903.2
1191830 903.2
1191840 906.3
1191850 910.0
1191860 910.0
1191870 912.3
1191880 913.6
1191890 913.6
1191900 915.1
1191910 916.6
1191920 916.6
1191930 917.2
1191940 917.5
1191950 917.5
1191960 918.3
1191970 918.6
1191980 918.6
1191990 919.5
1192000 921.6
1192010 921.6
1192020 923.7
1192030 926.6
1192040 930.1
1192050 930.1
1192060 932.5
1192070 934.2
1192080 934.2
1192090 934.4
1192100 932.0
1192110 932.0
1192120 931.7
1192130 931.4
1192140 931.4
1192150 931.5
1192160 931.1
1192170 931.1
1192180 930.3
1192190 930.2
1192200 930.2
1192210 932.7
1192220 936.9
1192230 936.9
1192240 940.4
1192250 941.6
1192260 941.6
1192270 942.6
1192280 943.4
1192290 943.4
1192300 944.2
1192310 945.3
1192320 945.3
1192330 947.1
1192340 949.0
1192350 949.0
1192360 954.5
1192370 959.0
1192380 959.0
1192390 963.3
1192400 968.0
1192410 971.9
1192420 971.9
1192430 975.6
1192440 978.4
1192450 978.4
1192460 980.1
1192470 982.9
1192480 982.9
1192490 986.3
1192500 987.5
1192510 987.5
1192520 988.2
1192530 990.4
1192540 997.3
1192550 999.9
1192560 1002.8
1192570 1002.8
1192580 1001.5
1192590 1002.9
1192600 1002.9
1192610 1005.5
1192620 1006.5
1192630 1006.5
1192640 1007.8
1192650 1010.3
1192660 1010.3
1192670 1013.0
1192680 1014.7
1192690 1014.7
1192700 1016.0
1192710 1018.4
1192720 1018.4
1192730 1021.2
1192740 1024.6
1192750 1024.6
1192760 1026.6
1192770 1031.5
1192780 1036.2
1192790 1036.2
1192800 1037.8
1192810 1038.5
1192820 1038.5
1192830 1041.1
1192840 1046.1
1192850 1046.1
1192860 1049.3
1192870 1049.6
1192880 1049.6
1192890 1049.5
1192900 1051.8
1192910 1051.8
1192920 1053.9
1192930 1056.0
1192940 1056.0
1192950 1057.7
1192960 1057.9
1192970 1057.9
1192980 1058.3
1192990 1059.6
1193000 1059.6
1193010 1062.6
1193020 1065.7
1193030 1065.7
1193040 1067.9
1193050 1070.0
1193060 1070.0
1193070 1071.7
1193080 1070.9
1193090 1070.9
1193100 1069.2
1193110 1069.7
1193120 1069.7
1193130 1070.9
1193140 1071.1
1193150 1070.3
1193160 1070.3
1193170 1069.6
1193180 1070.4
1193190 1070.4
1193200 1071.2
1193210 1072.3
1193220 1072.3
1193230 1073.5
1193240 1075.3
1193250 1075.3
1193260 1075.6
1193270 1076.0
1193280 1076.0
1193290 1078.4
1193300 1080.5
1193310 1080.5
1193320 1081.7
1193330 1083.4
1193340 1083.4
1193350 1085.0
1193360 1089.0
1193370 1089.0
1193380 1091.7
1193390 1092.8
1193400 1092.8
1193410 1094.3
1193420 1100.6
1193430 1100.6
1193440 1103.1
1193450 1104.0
1193460 1104.0
1193470 1104.4
1193480 1102.0
1193490 1098.4
1193500 1098.4
1193510 1095.4
1193520 1094.0
1193530 1094.0
1193540 1093.7
1193550 1094.4
1193560 1094.4
1193570 1095.7
1193580 1097.2
1193590 1097.2
1193600 1097.9
1193610 1099.4
1193620 1099.4
1193630 1101.8
1193640 1104.4
1193650 1104.4
1193660 1106.5
1193670 1108.7
1193680 1108.7
1193690 1110.7
1193700 1113.4
1193710 1113.4
1193720 1117.8
1193730 1121.1
1193740 1121.1
1193750 1123.9
1193760 1126.3
1193770 1126.3
1193780 1130.2
1193790 1132.5
1193800 1132.5
1193810 1133.6
1193820 1135.1
1193830 1135.1
1193840 1136.8
1193850 1138.8
1193860 1140.3
1193870 1140.3
1193880 1143.3
1193890 1146.7
1193900 1146.7
1193910 1150.4
1193920 1153.1
1193930 1153.1
1193940 1155.8
1193950 1158.1
1193960 1158.1
1193970 1160.6
1193980 1163.4
1193990 1163.4
1194000 1167.1
1194010 1171.2
1194020 1171.2
1194030 1175.3
1194040 1179.8
1194050 1179.8
1194060 1183.0
1194070 1186.3
1194080 1186.3
1194090 1190.0
1194100 1193.9
1194110 1193.9
1194120 1196.4
1194130 1197.2
1194140 1197.2
1194150 1199.0
1194160 1200.7
1194170 1200.7
1194180 1201.1
1194190 1200.4
1194200 1200.4
1194210 1199.5
1194220 1197.7
1194230 1196.1
1194240 1196.1
1194250 1194.7
1194260 1193.6
1194270 1193.6
1194280 1194.2
1194290 1196.6
1194300 1198.3
1194310 1201.6
1194320 1204.6
1194330 1204.6
1194340 1206.7
1194350 1207.7
1194360 1207.7
1194370 1207.6
1194380 1207.9
1194390 1207.9
1194400 1207.2
1194410 1206.6
1194420 1206.6
1194430 1206.8
1194440 1207.8
1194450 1207.8
1194460 1209.4
1194470 1211.4
1194480 1211.4
1194490 1213.9
1194500 1217.8
1194510 1217.8
1194520 1223.4
1194530 1229.8
1194540 1229.8
1194550 1236.1
1194560 1242.6
1194570 1242.6
1194580 1248.6
1194590 1254.6
1194600 1260.9
1194610 1260.9
1194620 1267.2
1194630 1274.1
1194640 1274.1
1194650 1282.0
1194660 1291.5
1194670 1291.5
1194680 1299.3
1194690 1303.8
1194700 1303.8
1194710 1308.1
1194720 1311.9
1194730 1311.9
1194740 1311.6
1194750 1313.1
1194760 1313.1
1194770 1316.1
1194780 1318.4
1194790 1318.4
1194800 1322.0
1194810 1326.5
1194820 1326.5
1194830 1329.4
1194840 1331.6
1194850 1331.6
1194860 1334.3
1194870 1335.7
1194880 1335.7
1194890 1337.1
1194900 1340.4
1194910 1340.4
1194920 1344.3
1194930 1347.2
1194940 1347.2
1194950 1350.0
1194960 1353.0
1194970 1355.4
1194980 1355.4
1194990 1357.7
1195000 1359.5
1195010 1359.5
1195020 1359.7
1195030 1361.4
1195040 1361.4
1195050 1366.8
1195060 1373.2
1195070 1373.2
1195080 1379.3
1195090 1382.9
1195100 1382.9
1195110 1385.3
1195120 1388.5
1195130 1388.5
1195140 1392.3
1195150 1395.6
1195160 1395.6
1195170 1398.8
1195180 1397.0
1195190 1397.0
1195200 1400.3
1195210 1404.7
1195220 1404.7
1195230 1408.8
1195240 1412.6
1195250 1412.6
1195260 1414.9
1195270 1417.3
1195280 1417.3
1195290 1420.1
1195300 1423.6
1195310 1423.6
1195320 1428.4
1195330 1430.1
1195340 1432.7
1195350 1432.7
1195360 1435.8
1195370 1439.8
1195380 1439.8
1195390 1442.7
1195400 1447.5
1195410 1447.5
1195420 1454.0
1195430 1459.0
1195440 1459.0
1195450 1462.6
1195460 1464.3
1195470 1464.3
1195480 1466.6
1195490 1466.6
1195500 1466.6
1195510 1466.7
1195520 1466.9
1195530 1466.9
1195540 1467.3
1195550 1468.7
1195560 1468.7
1195570 1470.1
1195580 1471.3
1195590 1471.3
1195600 1474.0
1195610 1477.4
1195620 1477.6
1195630 1479.2
1195640 1481.9
1195650 1481.9
1195660 1488.7
1195670 1493.3
1195680 1493.3
1195690 1495.6
1195700 1499.0
1195710 1501.8
1195720 1501.8
1195730 1505.2
1195740 1508.1
1195750 1508.1
1195760 1510.3
1195770 1512.8
1195780 1512.8
1195790 1516.0
1195800 1518.0
1195810 1518.0
1195820 1519.2
1195830 1519.8
1195840 1519.8
1195850 1519.9
1195860 1520.8
1195870 1520.8
1195880 1522.8
1195890 1524.3
1195900 1524.3
1195910 1525.7
1195920 1525.7
1195930 1525.7
1195940 1524.1
1195950 1522.2
1195960 1522.2
1195970 1521.2
1195980 1520.9
1195990 1520.9
1196000 1521.8
1196010 1523.4
1196020 1523.4
1196030 1526.7
1196040 1531.1
1196050 1531.1
1196060 1535.8
1196070 1536.2
1196080 1538.7
1196090 1538.7
1196100 1540.7
1196110 1543.9
1196120 1543.9
1196130 1547.2
1196140 1551.2
1196150 1551.2
1196160 1556.0
1196170 1561.9
1196180 1561.9
1196190 1568.6
1196200 1576.7
1196210 1576.7
1196220 1586.8
1196230 1594.4
1196240 1594.4
1196250 1595.8
1196260 1596.6
1196270 1596.6
1196280 1596.5
1196290 1599.0
1196300 1599.0
1196310 1602.8
1196320 1606.4
1196330 1606.4
1196340 1610.9
1196350 1614.8
1196360 1614.8
1196370 1618.6
1196380 1622.1
1196390 1622.1
1196400 1625.0
1196410 1627.6
1196420 1627.6
1196430 1629.7
1196440 1632.8
1196450 1636.6
1196460 1636.6
1196470 1641.1
1196480 1647.4
1196490 1647.4
1196500 1654.4
1196510 1663.9
1196520 1663.9
1196530 1669.4
1196540 1673.4
1196550 1673.4
1196560 1677.8
1196570 1684.2
1196580 1684.2
1196590 1689.6
1196600 1691.6
1196610 1691.6
1196620 1694.2
1196630 1694.6
1196640 1694.6
1196650 1694.7
1196660 1697.1
1196670 1697.1
1196680 1699.9
1196690 1703.3
1196700 1703.3
1196710 1705.3
1196720 1707.0
1196730 1707.0
1196740 1708.2
1196750 1709.7
1196760 1709.7
1196770 1711.7
1196780 1714.4
1196790 1714.4
1196800 1718.3
1196810 1723.1
1196820 1728.3
1196830 1728.3
1196840 1734.0
1196850 1750.6
1196860 1750.6
1196870 1776.0
1196880 1795.8
1196890 1795.8
1196900 1815.3
1196910 1835.4
1196920 1835.4
1196930 1850.5
1196940 1853.8
1196950 1847.7
1196960 1844.1
1196970 1842.0
1196980 1842.0
1196990 1852.7
1197000 1885.2
1197010 1885.2
1197020 1931.4
1197030 1972.2
1197040 1972.2
1197050 2004.0
1197060 2020.4
1197070 2020.4
1197080 2027.8
1197090 2031.6
1197100 2031.6
1197110 2035.7
1197120 2037.6
1197130 2037.6
1197140 2037.7
1197150 2033.8
1197160 2028.1
1197170 2028.1
1197180 2018.7
1197190 2013.0
1197200 2013.0
1197210 2015.1
1197220 2029.2
1197230 2029.2
1197240 2035.3
1197250 2039.3
1197260 2039.3
1197270 2043.3
1197280 2042.9
1197290 2042.9
1197300 2039.5
1197310 2037.9
1197320 2037.9
1197330 2036.8
1197340 2031.1
1197350 2031.1
1197360 2016.2
1197370 2012.9
1197380 2012.9
1197390 2021.1
1197400 1995.4
1197410 1995.4
1197420 1993.2
1197430 1986.6
1197440 1986.6
1197450 1989.3
1197460 1988.7
1197470 1988.7
1197480 1971.8
1197490 1948.4
1197500 1948.4
1197510 1940.3
1197520 1932.9
1197530 1926.1
1197540 1926.1
1197550 1919.5
1197560 1913.2
1197570 1913.2
1197580 1907.3
1197590 1902.1
1197600 1902.1
1197610 1897.4
1197620 1894.3
1197630 1894.3
1197640 1890.8
1197650 1888.2
1197660 1888.2
1197670 1888.0
1197680 1888.8
1197690 1888.8
1197700 1892.2
1197710 1896.2
1197720 1896.2
1197730 1896.4
1197740 1893.4
1197750 1893.4
1197760 1890.7
1197770 1882.3
1197780 1882.3
1197790 1875.0
1197800 1878.0
1197810 1878.0
1197820 1882.6
1197830 1883.7
1197840 1883.7
1197850 1887.7
1197860 1878.3
1197870 1878.3
1197880 1862.0
1197890 1825.8
1197900 1792.0
1197910 1792.0
1197920 1773.7
1197930 1762.5
1197940 1762.5
1197950 1748.1
1197960 1729.1
1197970 1729.1
1197980 1716.4
1197990 1705.9
1198000 1705.9
1198010 1695.4
1198020 1677.6
1198030 1677.6
1198040 1664.8
1198050 1655.4
1198060 1655.4
1198070 1646.5
1198080 1638.3
1198090 1638.3
1198100 1628.6
1198110 1610.1
1198120 1610.1
1198130 1596.1
1198140 1585.0
1198150 1585.0
1198160 1574.6
1198170 1567.0
1198180 1567.0
1198190 1560.6
1198200 1554.3
1198210 1554.3
1198220 1547.8
1198230 1541.4
1198240 1541.4
1198250 1535.0
1198260 1528.8
1198270 1522.6
1198280 1522.6
1198290 1516.4
1198300 1510.1
1198310 1510.1
1198320 1503.9
1198330 1497.0
1198340 1497.0
1198350 1490.3
1198360 1483.7
1198370 1483.7
1198380 1477.3
1198390 1471.1
1198400 1471.1
1198410 1464.9
1198420 1459.2
1198430 1459.2
1198440 1454.6
