1180000 1256.3
1180010 1253.1
1180020 1248.7
1180030 1248.7
1180040 1246.0
1180050 1244.1
1180060 1244.1
1180070 1243.3
1180080 1242.1
1180090 1242.1
1180100 1240.3
1180110 1239.1
1180120 1239.1
1180130 1238.0
1180140 1236.2
1180150 1236.2
1180160 1233.1
1180170 1229.7
1180180 1229.7
1180190 1225.9
1180200 1222.1
1180210 1222.1
1180220 1218.4
1180230 1214.8
1180240 1214.8
1180250 1211.1
1180260 1207.8
1180270 1207.8
1180280 1207.4
1180290 1203.8
1180300 1203.8
1180310 1199.2
1180320 1195.0
1180330 1195.0
1180340 1191.4
1180350 1187.8
1180360 1184.7
1180370 1184.7
1180380 1183.2
1180390 1181.1
1180400 1181.1
1180410 1178.0
1180420 1174.6
1180430 1174.6
1180440 1171.2
1180450 1168.0
1180460 1168.0
1180470 1164.6
1180480 1161.4
1180490 1161.4
1180500 1158.0
1180510 1154.9
1180520 1154.9
1180530 1151.5
1180540 1147.4
1180550 1147.4
1180560 1143.2
1180570 1138.6
1180580 1138.6
1180590 1132.1
1180600 1128.1
1180610 1128.1
1180620 1127.1
1180630 1125.6
1180640 1125.6
1180650 1125.8
1180660 1129.1
1180670 1129.1
1180680 1132.2
1180690 1136.4
1180700 1136.8
1180710 1142.9
1180720 1148.2
1180730 1151.8
1180740 1151.8
1180750 1155.1
1180760 1160.5
1180770 1160.5
1180780 1167.8
1180790 1174.4
1180800 1174.4
1180810 1180.2
1180820 1186.0
1180830 1186.0
1180840 1192.1
1180850 1198.0
1180860 1198.0
1180870 1205.5
1180880 1212.6
1180890 1212.6
1180900 1219.4
1180910 1226.3
1180920 1226.3
1180930 1234.2
1180940 1242.5
1180950 1242.5
1180960 1249.3
1180970 1255.0
1180980 1255.0
1180990 1260.4
1181000 1265.0
1181010 1265.0
1181020 1268.4
1181030 1271.0
1181040 1271.0
1181050 1274.0
1181060 1277.6
1181070 1281.4
1181080 1281.4
1181090 1285.1
1181100 1288.4
1181110 1288.4
1181120 1295.8
1181130 1297.2
1181140 1297.2
1181150 1297.2
1181160 1297.4
1181170 1297.4
1181180 1297.5
1181190 1296.2
1181200 1296.2
1181210 1293.7
1181220 1293.0
1181230 1293.0
1181240 1293.0
1181250 1291.5
1181260 1291.5
1181270 1291.9
1181280 1293.9
1181290 1293.9
1181300 1293.1
1181310 1290.4
1181320 1290.4
1181330 1290.5
1181340 1294.6
1181350 1294.6
1181360 1298.0
1181370 1289.8
1181380 1289.8
1181390 1283.6
1181400 1289.5
1181410 1289.5
1181420 1299.5
1181430 1305.3
1181440 1302.8
1181450 1302.8
1181460 1292.1
1181470 1281.3
1181480 1281.3
1181490 1275.9
1181500 1275.9
1181510 1275.9
1181520 1284.1
1181530 1292.6
1181540 1288.9
1181550 1295.6
1181560 1303.9
1181570 1303.9
1181580 1323.9
1181590 1348.1
1181600 1348.1
1181610 1347.4
1181620 1355.4
1181630 1355.4
1181640 1375.3
1181650 1388.8
1181660 1388.8
1181670 1397.7
1181680 1408.4
1181690 1408.4
1181700 1416.0
1181710 1420.6
1181720 1420.6
1181730 1424.7
1181740 1430.2
1181750 1430.2
1181760 1433.9
1181770 1436.9
1181780 1436.9
1181790 1440.2
1181800 1443.3
1181810 1445.0
1181820 1445.0
1181830 1444.1
1181840 1443.2
1181850 1443.2
1181860 1442.2
1181870 1441.0
1181880 1441.0
1181890 1439.3
1181900 1437.9
1181910 1437.9
1181920 1438.6
1181930 1437.7
1181940 1437.7
1181950 1436.1
1181960 1440.0
1181970 1440.0
1181980 1442.7
1181990 1444.7
1182000 1444.7
1182010 1445.9
1182020 1446.2
1182030 1446.2
1182040 1446.1
1182050 1445.1
1182060 1445.1
1182070 1444.5
1182080 1444.8
1182090 1444.8
1182100 1444.6
1182110 1443.4
1182120 1443.4
1182130 1440.6
1182140 1436.3
1182150 1436.3
1182160 1434.9
1182170 1428.4
1182180 1424.0
1182190 1424.0
1182200 1427.0
1182210 1426.7
1182220 1426.7
1182230 1425.9
1182240 1421.9
1182250 1421.9
1182260 1421.4
1182270 1422.7
1182280 1422.7
1182290 1421.1
1182300 1415.3
1182310 1415.3
1182320 1406.1
1182330 1395.8
1182340 1395.8
1182350 1385.4
1182360 1375.5
1182370 1375.5
1182380 1368.4
1182390 1373.8
1182400 1373.8
1182410 1368.4
1182420 1361.5
1182430 1361.5
1182440 1352.3
1182450 1343.5
1182460 1343.5
1182470 1334.9
1182480 1328.8
1182490 1328.8
1182500 1329.9
1182510 1336.5
1182520 1336.5
1182530 1343.2
1182540 1348.4
1182550 1356.0
1182560 1356.0
1182570 1354.2
1182580 1344.9
1182590 1344.9
1182600 1341.8
1182610 1344.8
1182620 1344.8
1182630 1345.9
1182640 1349.8
1182650 1349.8
1182660 1355.8
1182670 1360.9
1182680 1360.9
1182690 1366.3
1182700 1373.0
1182710 1373.0
1182720 1380.4
1182730 1389.7
1182740 1389.7
1182750 1398.8
1182760 1404.1
1182770 1404.1
1182780 1411.9
1182790 1415.4
1182800 1415.4
1182810 1419.8
1182820 1417.2
1182830 1417.2
1182840 1414.4
1182850 1409.9
1182860 1409.9
1182870 1408.0
1182880 1406.8
1182890 1406.8
1182900 1405.3
1182910 1403.7
1182920 1403.6
1182930 1403.6
1182940 1402.6
1182950 1399.7
1182960 1399.7
1182970 1396.9
1182980 1395.2
1182990 1395.2
1183000 1392.6
1183010 1389.5
1183020 1389.5
1183030 1386.1
1183040 1383.0
1183050 1383.0
1183060 1379.9
1183070 1378.6
1183080 1378.6
1183090 1378.3
1183100 1377.9
1183110 1377.9
1183120 1376.3
1183130 1374.5
1183140 1374.5
1183150 1373.2
1183160 1370.2
1183170 1370.2
1183180 1365.4
1183190 1358.7
1183200 1358.7
1183210 1350.7
1183220 1342.7
1183230 1342.7
1183240 1338.7
1183250 1331.6
1183260 1331.6
1183270 1324.3
1183280 1317.4
1183290 1310.9
1183300 1310.9
1183310 1305.5
1183320 1301.6
1183330 1301.6
1183340 1297.0
1183350 1290.2
1183360 1290.2
1183370 1283.3
1183380 1276.0
1183390 1276.0
1183400 1268.6
1183410 1260.8
1183420 1260.8
1183430 1253.6
1183440 1248.0
1183450 1248.0
1183460 1245.1
1183470 1244.8
1183480 1244.8
1183490 1240.1
1183500 1233.7
1183510 1233.7
1183520 1228.3
1183530 1223.7
1183540 1223.7
1183550 1219.7
1183560 1214.0
1183570 1214.0
1183580 1207.3
1183590 1201.6
1183600 1201.6
1183610 1196.5
1183620 1189.9
1183630 1189.9
1183640 1184.5
1183650 1178.8
1183660 1181.8
1183670 1181.8
1183680 1177.9
1183690 1172.4
1183700 1172.4
1183710 1166.4
1183720 1161.1
1183730 1161.1
1183740 1152.9
1183750 1148.7
1183760 1148.7
1183770 1146.6
1183780 1141.8
1183790 1141.8
1183800 1135.3
1183810 1129.9
1183820 1129.9
1183830 1126.8
1183840 1122.7
1183850 1122.7
1183860 1116.9
1183870 1110.6
1183880 1110.6
1183890 1105.3
1183900 1102.8
1183910 1102.8
1183920 1098.3
1183930 1093.4
1183940 1093.4
1183950 1088.2
1183960 1084.5
1183970 1084.5
1183980 1081.1
1183990 1078.3
1184000 1078.3
1184010 1075.7
1184020 1073.3
1184030 1070.2
1184040 1070.2
1184050 1066.7
1184060 1062.8
1184070 1062.8
1184080 1059.3
1184090 1061.7
1184100 1061.7
1184110 1058.9
1184120 1057.6
1184130 1057.6
1184140 1057.3
1184150 1055.7
1184160 1055.7
1184170 1053.0
1184180 1051.0
1184190 1051.0
1184200 1049.6
1184210 1048.5
1184220 1048.5
1184230 1048.3
1184240 1049.0
1184250 1049.0
1184260 1048.6
1184270 1045.2
1184280 1045.2
1184290 1040.8
1184300 1036.5
1184310 1036.5
1184320 1033.0
1184330 1030.1
1184340 1030.1
1184350 1027.5
1184360 1024.6
1184370 1024.6
1184380 1022.3
1184390 1020.0
1184400 1017.6
1184410 1017.6
1184420 1015.9
1184430 1014.9
1184440 1014.9
1184450 1014.6
1184460 1014.8
1184470 1014.8
1184480 1014.8
1184490 1013.1
1184500 1013.1
1184510 1013.1
1184520 1008.1
1184530 1008.1
1184540 1002.3
1184550 997.3
1184560 997.3
1184570 992.9
1184580 989.3
1184590 989.3
1184600 985.7
1184610 981.8
1184620 981.8
1184630 977.5
1184640 973.4
1184650 973.4
1184660 969.4
1184670 966.2
1184680 966.2
1184690 962.6
1184700 959.0
1184710 959.0
1184720 955.3
1184730 951.9
1184740 951.9
1184750 948.0
1184760 944.2
1184770 941.2
1184780 941.2
1184790 938.7
1184800 937.0
1184810 937.0
1184820 936.3
1184830 935.6
1184840 935.6
1184850 934.9
1184860 933.9
1184870 933.9
1184880 933.2
1184890 932.3
1184900 932.3
1184910 931.2
1184920 930.6
1184930 930.6
1184940 930.7
1184950 930.2
1184960 930.2
1184970 929.7
1184980 928.4
1184990 928.4
1185000 926.5
1185010 924.9
1185020 924.9
1185030 922.1
1185040 919.9
1185050 919.9
1185060 919.0
1185070 918.6
1185080 918.6
1185090 917.9
1185100 917.5
1185110 917.5
1185120 916.6
1185130 915.2
1185140 914.0
1185150 914.0
1185160 912.8
1185170 911.6
1185180 911.6
1185190 910.9
1185200 910.8
1185210 910.8
1185220 910.7
1185230 909.6
1185240 909.6
1185250 908.1
1185260 907.0
1185270 907.0
1185280 906.6
1185290 905.8
1185300 905.8
1185310 904.7
1185320 903.4
1185330 903.4
1185340 902.6
1185350 901.5
1185360 901.5
1185370 902.0
1185380 901.5
1185390 901.5
1185400 900.4
1185410 899.2
1185420 899.2
1185430 898.0
1185440 896.4
1185450 896.4
1185460 895.2
1185470 894.2
1185480 894.2
1185490 893.3
1185500 891.7
1185510 890.6
1185520 890.6
1185530 889.2
1185540 887.8
1185550 887.8
1185560 886.4
1185570 885.3
1185580 885.3
1185590 884.5
1185600 883.5
1185610 883.5
1185620 882.5
1185630 881.2
1185640 881.2
1185650 880.5
1185660 879.7
1185670 879.7
1185680 878.7
1185690 877.6
1185700 877.6
1185710 876.4
1185720 875.2
1185730 875.2
1185740 874.0
1185750 872.9
1185760 872.9
1185770 872.0
1185780 871.2
1185790 870.6
1185800 869.6
1185810 868.8
1185820 868.8
1185830 868.0
1185840 866.9
1185850 866.9
1185860 866.1
1185870 865.8
1185880 865.2
1185890 865.2
1185900 864.1
1185910 862.9
1185920 862.9
1185930 862.3
1185940 862.1
1185950 862.1
1185960 861.3
1185970 860.4
1185980 860.4
1185990 859.4
1186000 858.4
1186010 858.4
1186020 857.5
1186030 856.5
1186040 856.5
1186050 855.3
1186060 854.4
1186070 854.4
1186080 853.6
1186090 852.9
1186100 852.9
1186110 852.0
1186120 851.2
1186130 851.2
1186140 850.4
1186150 849.7
1186160 849.7
1186170 848.9
1186180 848.2
1186190 848.2
1186200 847.5
1186210 846.9
1186220 847.3
1186230 846.7
1186240 846.1
1186250 845.5
1186260 845.5
1186270 844.9
1186280 844.4
1186290 844.4
1186300 843.8
1186310 843.3
1186320 843.3
1186330 842.7
1186340 842.2
1186350 842.2
1186360 841.5
1186370 841.0
1186380 841.0
1186390 840.6
1186400 840.2
1186410 840.2
1186420 839.8
1186430 839.4
1186440 839.4
1186450 838.8
1186460 838.2
1186470 838.2
1186480 837.7
1186490 837.2
1186500 837.2
1186510 836.5
1186520 836.3
1186530 836.3
1186540 835.6
1186550 834.9
1186560 834.9
1186570 834.6
1186580 834.4
1186590 834.4
1186600 834.4
1186610 834.3
1186620 834.2
1186630 834.2
1186640 834.3
1186650 833.7
1186660 833.7
1186670 833.5
1186680 833.4
1186690 833.4
1186700 833.2
1186710 833.0
1186720 833.0
1186730 832.9
1186740 832.9
1186750 832.9
1186760 834.4
1186770 837.0
1186780 837.0
1186790 839.5
1186800 841.8
1186810 841.8
1186820 843.4
1186830 844.3
1186840 844.3
1186850 844.8
1186860 846.0
1186870 846.0
1186880 846.4
1186890 846.0
1186900 846.0
1186910 845.8
1186920 843.9
1186930 843.9
1186940 841.2
1186950 840.2
1186960 841.6
1186970 841.6
1186980 841.7
1186990 840.7
1187000 840.7
1187010 839.5
1187020 838.0
1187030 838.0
1187040 835.5
1187050 833.5
1187060 833.5
1187070 830.8
1187080 828.0
1187090 828.0
1187100 827.1
1187110 826.5
1187120 826.5
1187130 825.8
1187140 825.3
1187150 825.3
1187160 824.9
1187170 824.5
1187180 824.5
1187190 824.2
1187200 823.9
1187210 823.9
1187220 823.8
1187230 823.6
1187240 823.6
1187250 823.4
1187260 823.4
1187270 823.4
1187280 823.3
1187290 823.2
1187300 823.2
1187310 823.1
1187320 823.0
1187330 823.0
1187340 823.0
1187350 822.9
1187360 822.8
1187370 822.8
1187380 822.7
1187390 822.6
1187400 822.6
1187410 822.6
1187420 822.6
1187430 822.6
1187440 822.6
1187450 822.6
1187460 822.6
1187470 823.5
1187480 824.5
1187490 824.5
1187500 823.2
1187510 822.8
1187520 822.8
1187530 822.3
1187540 822.3
1187550 822.3
1187560 822.3
1187570 822.3
1187580 822.3
1187590 822.2
1187600 822.3
1187610 822.3
1187620 822.3
1187630 822.2
1187640 822.2
1187650 822.0
1187660 821.5
1187670 821.5
1187680 820.9
1187690 820.4
1187700 820.0
1187710 820.0
1187720 820.0
1187730 820.0
1187740 820.0
1187750 820.5
1187760 820.8
1187770 820.8
1187780 820.6
1187790 820.6
1187800 820.6
1187810 820.6
1187820 820.5
1187830 820.5
1187840 820.5
1187850 820.6
1187860 820.6
1187870 820.7
1187880 820.6
1187890 820.6
1187900 820.9
1187910 821.1
1187920 821.1
1187930 821.1
1187940 821.2
1187950 821.2
1187960 821.3
1187970 821.1
1187980 821.1
1187990 820.8
1188000 820.2
1188010 820.2
1188020 819.0
1188030 818.3
1188040 818.3
1188050 814.9
1188060 813.7
1188070 813.7
1188080 813.7
1188090 813.7
1188100 813.7
1188110 813.7
1188120 813.7
1188130 813.7
1188140 813.7
1188150 813.7
1188160 813.8
1188170 813.8
1188180 813.8
1188190 813.9
1188200 813.9
1188210 813.9
1188220 814.1
1188230 814.1
1188240 814.3
1188250 814.4
1188260 814.4
1188270 814.3
1188280 814.5
1188290 814.5
1188300 815.5
1188310 818.1
1188320 818.1
1188330 820.7
1188340 820.0
1188350 820.0
1188360 819.4
1188370 819.5
1188380 819.5
1188390 818.7
1188400 816.1
1188410 816.1
1188420 815.0
1188430 815.3
1188440 815.4
1188450 815.4
1188460 815.4
1188470 815.5
1188480 815.5
1188490 815.7
1188500 816.1
1188510 816.1
1188520 815.0
1188530 814.3
1188540 814.3
1188550 814.3
1188560 814.4
1188570 814.4
1188580 814.3
1188590 813.9
1188600 813.9
1188610 814.3
1188620 815.0
1188630 815.0
1188640 815.4
1188650 815.6
1188660 815.6
1188670 815.7
1188680 815.7
1188690 815.7
1188700 815.6
1188710 815.3
1188720 815.3
1188730 814.9
1188740 815.4
1188750 815.4
1188760 815.7
1188770 815.5
1188780 815.5
1188790 815.5
1188800 815.5
1188810 815.5
1188820 815.5
1188830 815.4
1188840 815.8
1188850 815.8
1188860 815.8
1188870 815.7
1188880 815.7
1188890 816.7
1188900 818.0
1188910 818.0
1188920 818.9
1188930 818.0
1188940 818.0
1188950 817.2
1188960 816.7
1188970 816.7
1188980 816.6
1188990 816.7
1189000 816.7
1189010 817.3
1189020 817.2
1189030 817.2
1189040 816.8
1189050 817.7
1189060 817.7
1189070 819.9
1189080 822.3
1189090 822.3
1189100 824.1
1189110 827.6
1189120 827.6
1189130 829.5
1189140 828.8
1189150 828.8
1189160 828.3
1189170 827.3
1189180 826.5
1189190 826.5
1189200 823.8
1189210 819.5
1189220 819.5
1189230 818.3
1189240 818.4
1189250 818.4
1189260 818.4
1189270 817.5
1189280 817.5
1189290 817.1
1189300 817.0
1189310 817.0
1189320 817.2
1189330 817.3
1189340 817.3
1189350 817.4
1189360 817.4
1189370 817.4
1189380 817.4
1189390 817.4
1189400 817.4
1189410 817.5
1189420 817.6
1189430 817.6
1189440 817.5
1189450 817.6
1189460 817.6
1189470 817.6
1189480 817.4
1189490 817.4
1189500 817.3
1189510 817.2
1189520 817.2
1189530 817.0
1189540 817.2
1189550 817.2
1189560 817.2
1189570 817.1
1189580 817.2
1189590 817.2
1189600 818.1
1189610 819.2
1189620 819.2
1189630 820.2
1189640 820.7
1189650 820.7
1189660 820.7
1189670 820.8
1189680 820.8
1189690 820.9
1189700 821.1
1189710 821.1
1189720 821.3
1189730 821.4
1189740 821.4
1189750 821.4
1189760 822.3
1189770 822.3
1189780 824.1
1189790 824.8
1189800 824.8
1189810 825.1
1189820 825.1
1189830 825.1
1189840 825.1
1189850 825.1
1189860 825.1
1189870 825.1
1189880 825.0
1189890 825.0
1189900 825.1
1189910 825.2
1189920 825.5
1189930 825.5
1189940 825.6
1189950 825.4
1189960 825.4
1189970 825.3
1189980 825.4
1189990 825.4
1190000 825.4
1190010 825.6
1190020 825.6
1190030 825.6
1190040 825.5
1190050 825.5
1190060 825.4
1190070 825.3
1190080 825.3
1190090 825.4
1190100 825.3
1190110 825.3
1190120 825.3
1190130 825.3
1190140 825.3
1190150 825.4
1190160 825.5
1190170 825.5
1190180 825.6
1190190 825.6
1190200 825.6
1190210 825.5
1190220 825.5
1190230 825.5
1190240 825.5
1190250 825.5
1190260 825.5
1190270 825.5
1190280 825.6
1190290 825.9
1190300 825.9
1190310 826.4
1190320 827.1
1190330 827.1
1190340 830.6
1190350 838.8
1190360 838.8
1190370 846.1
1190380 850.0
1190390 850.0
1190400 851.3
1190410 850.8
1190420 850.8
1190430 849.8
1190440 849.4
1190450 849.4
1190460 849.3
1190470 850.4
1190480 850.4
1190490 851.3
1190500 851.3
1190510 851.3
1190520 851.6
1190530 853.0
1190540 848.3
1190550 850.6
1190560 851.1
1190570 851.1
1190580 850.9
1190590 850.2
1190600 850.2
1190610 847.3
1190620 844.8
1190630 844.8
1190640 842.0
1190650 839.5
1190660 837.2
1190670 837.2
1190680 835.4
1190690 835.7
1190700 835.7
1190710 835.0
1190720 832.7
1190730 832.7
1190740 830.7
1190750 829.0
1190760 829.0
1190770 827.5
1190780 826.9
1190790 826.9
1190800 826.7
1190810 826.6
1190820 826.6
1190830 826.6
1190840 826.6
1190850 826.6
1190860 826.8
1190870 826.9
1190880 826.9
1190890 826.9
1190900 826.9
1190910 826.9
1190920 827.0
1190930 826.9
1190940 826.9
1190950 826.9
1190960 826.9
1190970 827.0
1190980 827.0
1190990 827.3
1191000 827.3
1191010 827.8
1191020 828.1
1191030 828.8
1191040 828.8
1191050 829.3
1191060 830.9
1191070 830.9
1191080 834.2
1191090 837.5
1191100 837.5
1191110 840.2
1191120 844.6
1191130 844.6
1191140 847.7
1191150 847.9
1191160 847.9
1191170 846.9
1191180 845.3
1191190 845.3
1191200 844.3
1191210 843.6
1191220 843.6
1191230 842.8
1191240 843.9
1191250 843.9
1191260 846.2
1191270 848.8
1191280 848.8
1191290 852.0
1191300 854.0
1191310 854.0
1191320 855.6
1191330 857.4
1191340 857.4
1191350 859.7
1191360 860.6
1191370 860.6
1191380 862.0
1191390 860.5
1191400 860.8
1191410 851.8
1191420 854.2
1191430 857.5
1191440 857.5
1191450 859.3
1191460 858.4
1191470 858.4
1191480 855.4
1191490 853.5
1191500 853.5
1191510 852.9
1191520 853.5
1191530 853.5
1191540 853.9
1191550 854.6
1191560 854.6
1191570 856.2
1191580 860.2
1191590 860.2
1191600 865.6
1191610 871.8
1191620 871.8
1191630 877.7
1191640 884.4
1191650 884.4
1191660 891.2
1191670 896.5
1191680 896.5
1191690 901.6
1191700 904.2
1191710 904.2
1191720 905.6
1191730 907.9
1191740 907.9
1191750 908.6
1191760 908.1
1191770 907.3
1191780 907.3
1191790 906.7
1191800 907.2
1191810 907.2
1191820 909.7
1191830 912.5
1191840 912.5
1191850 917.7
1191860 921.5
1191870 921.5
1191880 925.3
1191890 928.8
1191900 928.8
1191910 932.3
1191920 934.2
1191930 934.2
1191940 935.3
1191950 937.0
1191960 937.0
1191970 938.9
1191980 941.4
1191990 941.4
1192000 943.9
1192010 946.1
1192020 946.1
1192030 947.4
1192040 949.1
1192050 949.1
1192060 951.6
1192070 952.9
1192080 952.9
1192090 954.0
1192100 955.0
1192110 955.2
1192120 955.2
1192130 956.5
1192140 958.9
1192150 958.9
1192160 961.3
1192170 963.2
1192180 963.2
1192190 965.5
1192200 967.5
1192210 967.5
1192220 967.4
1192230 968.6
1192240 968.6
1192250 971.2
1192260 973.9
1192270 973.9
1192280 970.6
1192290 970.6
1192300 970.6
1192310 971.1
1192320 973.1
1192330 973.1
1192340 975.8
1192350 979.6
1192360 979.6
1192370 982.2
1192380 985.1
1192390 985.1
1192400 987.5
1192410 989.0
1192420 989.0
1192430 988.8
1192440 986.9
1192450 986.9
1192460 985.8
1192470 986.5
1192480 989.8
1192490 989.8
1192500 993.8
1192510 997.6
1192520 997.6
1192530 1000.2
1192540 1000.9
1192550 1000.9
1192560 1001.3
1192570 1001.5
1192580 1001.5
1192590 1001.5
1192600 1001.5
1192610 1001.5
1192620 1001.6
1192630 1002.0
1192640 1002.0
1192650 1002.6
1192660 1003.5
1192670 1003.5
1192680 1004.8
1192690 1006.5
1192700 1006.5
1192710 1008.4
1192720 1012.1
1192730 1012.1
1192740 1017.8
1192750 1021.0
1192760 1021.0
1192770 1023.7
1192780 1029.2
1192790 1029.2
1192800 1035.6
1192810 1043.7
1192820 1043.7
1192830 1051.3
1192840 1054.0
1192850 1050.6
1192860 1050.6
1192870 1049.1
1192880 1051.0
1192890 1051.0
1192900 1052.5
1192910 1054.5
1192920 1054.5
1192930 1056.7
1192940 1058.9
1192950 1058.9
1192960 1060.5
1192970 1059.9
1192980 1059.9
1192990 1059.9
1193000 1060.2
1193010 1060.2
1193020 1059.4
1193030 1058.9
1193040 1058.9
1193050 1059.0
1193060 1059.6
1193070 1059.6
1193080 1060.3
1193090 1063.2
1193100 1063.2
1193110 1065.5
1193120 1067.5
1193130 1067.5
1193140 1070.4
1193150 1069.9
1193160 1071.9
1193170 1069.0
1193180 1064.3
1193190 1064.3
1193200 1061.8
1193210 1062.9
1193220 1064.7
1193230 1064.7
1193240 1066.0
1193250 1067.2
1193260 1067.2
1193270 1069.5
1193280 1069.8
1193290 1069.8
1193300 1069.7
1193310 1070.2
1193320 1070.2
1193330 1072.0
1193340 1073.9
1193350 1073.9
1193360 1076.6
1193370 1080.4
1193380 1080.4
1193390 1083.2
1193400 1085.2
1193410 1085.2
1193420 1087.7
1193430 1091.1
1193440 1091.1
1193450 1095.0
1193460 1097.9
1193470 1097.9
1193480 1099.6
1193490 1100.8
1193500 1100.8
1193510 1102.2
1193520 1102.7
1193530 1102.7
1193540 1103.4
1193550 1102.3
1193560 1102.3
1193570 1101.5
1193580 1103.0
1193590 1105.6
1193600 1103.9
1193610 1106.3
1193620 1108.2
1193630 1108.2
1193640 1111.3
1193650 1116.1
1193660 1116.1
1193670 1120.4
1193680 1123.6
1193690 1123.6
1193700 1127.2
1193710 1131.0
1193720 1131.0
1193730 1134.3
1193740 1136.3
1193750 1136.3
1193760 1138.3
1193770 1140.4
1193780 1140.4
1193790 1141.3
1193800 1141.0
1193810 1141.0
1193820 1140.8
1193830 1142.4
1193840 1142.4
1193850 1144.3
1193860 1144.7
1193870 1144.7
1193880 1145.5
1193890 1147.0
1193900 1147.0
1193910 1147.3
1193920 1147.1
1193930 1147.1
1193940 1148.3
1193950 1151.3
1193960 1154.8
1193970 1154.8
1193980 1157.8
1193990 1161.4
1194000 1161.4
1194010 1166.2
1194020 1170.5
1194030 1170.5
1194040 1180.3
1194050 1184.0
1194060 1184.0
1194070 1188.7
1194080 1194.3
1194090 1194.3
1194100 1199.7
1194110 1204.6
1194120 1204.6
1194130 1208.1
1194140 1209.0
1194150 1209.0
1194160 1208.6
1194170 1208.2
1194180 1208.2
1194190 1207.4
1194200 1206.1
1194210 1206.1
1194220 1204.7
1194230 1204.6
1194240 1204.6
1194250 1204.9
1194260 1205.3
1194270 1205.3
1194280 1205.7
1194290 1206.5
1194300 1206.5
1194310 1206.3
1194320 1205.9
1194330 1207.4
1194340 1207.4
1194350 1209.3
1194360 1210.3
1194370 1210.3
1194380 1210.6
1194390 1212.3
1194400 1212.3
1194410 1214.5
1194420 1217.8
1194430 1217.8
1194440 1222.7
1194450 1227.9
1194460 1227.9
1194470 1231.6
1194480 1226.1
1194490 1226.1
1194500 1228.7
1194510 1231.9
1194520 1231.9
1194530 1237.0
1194540 1242.6
1194550 1242.6
1194560 1248.4
1194570 1254.3
1194580 1254.3
1194590 1260.6
1194600 1267.3
1194610 1267.3
1194620 1273.6
1194630 1279.9
1194640 1279.9
1194650 1286.6
1194660 1293.4
1194670 1293.4
1194680 1300.1
1194690 1308.0
1194700 1312.4
1194710 1312.4
1194720 1312.1
1194730 1313.6
1194740 1313.6
1194750 1316.6
1194760 1320.5
1194770 1320.5
1194780 1324.9
1194790 1329.2
1194800 1329.2
1194810 1333.2
1194820 1337.4
1194830 1337.4
1194840 1342.3
1194850 1348.0
1194860 1348.0
1194870 1352.4
1194880 1355.4
1194890 1355.4
1194900 1358.3
1194910 1363.5
1194920 1357.1
1194930 1360.7
1194940 1366.5
1194950 1366.5
1194960 1371.9
1194970 1374.7
1194980 1374.7
1194990 1376.1
1195000 1376.6
1195010 1376.6
1195020 1376.6
1195030 1379.4
1195040 1379.4
1195050 1386.4
1195060 1394.3
1195070 1400.9
1195080 1400.9
1195090 1406.5
1195100 1411.7
1195110 1411.7
1195120 1416.2
1195130 1419.0
1195140 1419.0
1195150 1422.2
1195160 1425.0
1195170 1425.0
1195180 1427.8
1195190 1431.9
1195200 1431.9
1195210 1435.8
1195220 1440.1
1195230 1440.1
1195240 1445.8
1195250 1452.0
1195260 1452.0
1195270 1456.5
1195280 1460.5
1195290 1460.5
1195300 1463.1
1195310 1464.8
1195320 1464.8
1195330 1466.8
1195340 1469.0
1195350 1469.0
1195360 1465.0
1195370 1465.5
1195380 1465.5
1195390 1465.5
1195400 1466.5
1195410 1466.5
1195420 1466.9
1195430 1466.8
1195440 1467.1
1195450 1467.1
1195460 1467.3
1195470 1467.3
1195480 1467.3
1195490 1470.3
1195500 1473.6
1195510 1473.6
1195520 1477.4
1195530 1481.4
1195540 1481.4
1195550 1485.9
1195560 1491.6
1195570 1491.6
1195580 1497.4
1195590 1502.3
1195600 1502.3
1195610 1507.0
1195620 1510.8
1195630 1510.8
1195640 1512.8
1195650 1513.1
1195660 1513.1
1195670 1513.7
1195680 1516.9
1195690 1516.9
1195700 1519.5
1195710 1520.5
1195720 1520.5
1195730 1523.3
1195740 1528.0
1195750 1528.0
1195760 1531.6
1195770 1535.3
1195780 1535.3
1195790 1535.8
1195800 1536.3
1195810 1534.6
1195820 1534.6
1195830 1535.2
1195840 1535.3
1195850 1535.3
1195860 1533.6
1195870 1531.1
1195880 1531.1
1195890 1527.7
1195900 1526.8
1195910 1526.8
1195920 1532.9
1195930 1537.0
1195940 1537.0
1195950 1539.4
1195960 1540.9
1195970 1540.9
1195980 1542.5
1195990 1544.0
1196000 1544.0
1196010 1546.3
1196020 1548.9
1196030 1548.9
1196040 1551.2
1196050 1553.5
1196060 1553.5
1196070 1556.2
1196080 1559.6
1196090 1559.6
1196100 1563.0
1196110 1566.1
1196120 1566.1
1196130 1570.6
1196140 1575.5
1196150 1575.5
1196160 1579.9
1196170 1583.7
1196180 1586.4
1196190 1586.4
1196200 1589.2
1196210 1591.4
1196220 1591.4
1196230 1593.7
1196240 1595.0
1196250 1591.7
1196260 1592.1
1196270 1593.8
1196280 1593.8
1196290 1596.9
1196300 1600.9
1196310 1600.9
1196320 1605.5
1196330 1610.2
1196340 1610.2
1196350 1615.5
1196360 1620.2
1196370 1620.2
1196380 1624.4
1196390 1628.8
1196400 1628.8
1196410 1634.1
1196420 1639.1
1196430 1639.1
1196440 1642.6
1196450 1646.3
1196460 1646.3
1196470 1650.4
1196480 1654.2
1196490 1654.2
1196500 1657.9
1196510 1661.4
1196520 1664.7
1196530 1664.7
1196540 1668.1
1196550 1672.7
1196560 1672.7
1196570 1678.7
1196580 1687.7
1196590 1687.7
1196600 1697.3
1196610 1706.0
1196620 1706.0
1196630 1713.3
1196640 1718.1
1196650 1718.1
1196660 1722.5
1196670 1726.6
1196680 1726.6
1196690 1723.5
1196700 1727.7
1196710 1727.7
1196720 1732.2
1196730 1736.6
1196740 1736.6
1196750 1741.3
1196760 1752.6
1196770 1752.6
1196780 1758.1
1196790 1763.8
1196800 1763.8
1196810 1767.5
1196820 1779.9
1196830 1779.9
1196840 1791.1
1196850 1798.5
1196860 1798.5
1196870 1816.9
1196880 1848.1
1196890 1880.5
1196900 1880.5
1196910 1892.8
1196920 1895.9
1196930 1895.9
1196940 1897.6
1196950 1903.2
1196960 1903.2
1196970 1908.4
1196980 1913.9
1196990 1913.9
1197000 1921.1
1197010 1926.0
1197020 1926.0
1197030 1932.0
1197040 1940.9
1197050 1940.9
1197060 1948.1
1197070 1957.4
1197080 1957.4
1197090 1964.1
1197100 1969.4
1197110 1969.4
1197120 1974.8
1197130 1977.6
1197140 1985.0
1197150 1986.3
1197160 1987.5
1197170 1987.5
1197180 1987.3
1197190 1986.1
1197200 1986.1
1197210 1985.4
1197220 1984.6
1197230 1984.6
1197240 1982.4
1197250 1976.6
1197260 1967.4
1197270 1967.4
1197280 1958.6
1197290 1949.3
1197300 1949.3
1197310 1940.8
1197320 1934.3
1197330 1934.3
1197340 1927.8
1197350 1921.6
1197360 1921.6
1197370 1915.8
1197380 1907.8
1197390 1907.8
1197400 1900.3
1197410 1894.1
1197420 1894.1
1197430 1888.9
1197440 1884.8
1197450 1884.8
1197460 1881.7
1197470 1877.5
1197480 1877.5
1197490 1873.2
1197500 1872.3
1197510 1872.3
1197520 1873.5
1197530 1871.5
1197540 1871.5
1197550 1871.0
1197560 1875.7
1197570 1875.7
1197580 1887.8
1197590 1884.6
1197600 1884.6
1197610 1880.9
1197620 1876.7
1197630 1873.9
1197640 1873.9
1197650 1873.1
1197660 1872.5
1197670 1872.5
1197680 1870.4
1197690 1868.9
1197700 1868.9
1197710 1863.6
1197720 1840.4
1197730 1840.4
1197740 1819.2
1197750 1799.3
1197760 1799.3
1197770 1784.6
1197780 1775.3
1197790 1775.3
1197800 1766.5
1197810 1758.9
1197820 1758.9
1197830 1756.4
1197840 1749.6
1197850 1749.6
1197860 1743.3
1197870 1744.9
1197880 1744.9
1197890 1744.8
1197900 1732.8
1197910 1732.8
1197920 1713.0
1197930 1700.5
1197940 1700.5
1197950 1708.3
1197960 1715.9
1197970 1715.9
1197980 1720.3
1197990 1713.0
1198000 1702.8
1198010 1702.8
1198020 1686.1
1198030 1668.3
1198040 1668.3
1198050 1657.4
1198060 1645.2
1198070 1645.2
1198080 1635.9
1198090 1628.2
1198100 1628.2
1198110 1620.2
1198120 1609.7
1198130 1609.7
1198140 1599.7
1198150 1585.2
1198160 1585.2
1198170 1566.2
1198180 1543.6
1198190 1543.6
1198200 1535.3
1198210 1530.8
1198220 1530.8
1198230 1525.9
1198240 1520.3
1198250 1520.3
1198260 1514.8
1198270 1509.6
1198280 1509.6
1198290 1503.6
1198300 1497.3
1198310 1497.3
1198320 1490.9
1198330 1484.9
1198340 1484.9
1198350 1479.2
1198360 1474.0
