1180000 1097.2
1180010 1097.2
1180020 1092.2
1180030 1085.8
1180040 1078.4
1180050 1078.4
1180060 1069.6
1180070 1060.0
1180080 1060.0
1180090 1050.6
1180100 1045.3
1180110 1045.3
1180120 1045.3
1180130 1043.9
1180140 1050.7
1180150 1048.4
1180160 1042.9
1180170 1042.9
1180180 1035.1
1180190 1029.1
1180200 1029.1
1180210 1027.0
1180220 1023.2
1180230 1023.2
1180240 1018.3
1180250 1012.5
1180260 1012.5
1180270 1007.3
1180280 1003.4
1180290 1003.4
1180300 1000.7
1180310 999.6
1180320 999.6
1180330 998.3
1180340 997.3
1180350 997.3
1180360 994.6
1180370 993.2
1180380 993.2
1180390 991.8
1180400 989.2
1180410 987.5
1180420 987.5
1180430 986.5
1180440 984.9
1180450 984.9
1180460 983.8
1180470 982.9
1180480 982.9
1180490 982.5
1180500 981.8
1180510 981.8
1180520 981.0
1180530 979.2
1180540 979.2
1180550 976.9
1180560 979.3
1180570 979.3
1180580 976.9
1180590 973.1
1180600 973.1
1180610 968.6
1180620 964.5
1180630 964.5
1180640 960.6
1180650 957.1
1180660 957.1
1180670 952.8
1180680 947.8
1180690 947.8
1180700 942.8
1180710 937.9
1180720 937.9
1180730 933.0
1180740 927.3
1180750 927.3
1180760 922.6
1180770 919.7
1180780 917.2
1180790 917.2
1180800 914.2
1180810 911.8
1180820 911.8
1180830 909.8
1180840 908.5
1180850 908.5
1180860 907.6
1180870 907.5
1180880 907.5
1180890 910.1
1180900 915.3
1180910 915.3
1180920 919.1
1180930 921.6
1180940 921.6
1180950 922.1
1180960 920.0
1180970 920.0
1180980 924.2
1180990 923.9
1181000 923.9
1181010 921.4
1181020 917.1
1181030 917.1
1181040 912.4
1181050 906.6
1181060 906.6
1181070 900.7
1181080 895.1
1181090 895.1
1181100 890.8
1181110 888.7
1181120 888.7
1181130 887.5
1181140 886.6
1181150 886.6
1181160 884.9
1181170 884.5
1181180 885.2
1181190 885.2
1181200 885.8
1181210 885.2
1181220 885.2
1181230 883.0
1181240 879.9
1181250 879.9
1181260 876.1
1181270 871.6
1181280 871.6
1181290 866.7
1181300 863.8
1181310 863.8
1181320 863.0
1181330 863.0
1181340 863.0
1181350 863.1
1181360 863.1
1181370 863.1
1181380 862.8
1181390 862.7
1181400 862.7
1181410 863.7
1181420 864.0
1181430 864.0
1181440 864.1
1181450 863.9
1181460 863.9
1181470 863.8
1181480 863.7
1181490 863.7
1181500 863.3
1181510 862.6
1181520 862.6
1181530 862.2
1181540 861.5
1181550 860.6
1181560 860.6
1181570 860.2
1181580 859.6
1181590 859.6
1181600 859.0
1181610 862.2
1181620 862.2
1181630 863.4
1181640 863.3
1181650 863.3
1181660 861.9
1181670 862.8
1181680 862.8
1181690 862.9
1181700 862.3
1181710 862.3
1181720 861.7
1181730 861.1
1181740 861.1
1181750 860.4
1181760 859.8
1181770 859.8
1181780 859.4
1181790 859.0
1181800 859.0
1181810 858.7
1181820 858.6
1181830 858.5
1181840 858.0
1181850 857.4
1181860 857.4
1181870 856.7
1181880 855.7
1181890 855.7
1181900 855.6
1181910 855.2
1181920 854.5
1181930 854.5
1181940 854.0
1181950 853.9
1181960 853.9
1181970 854.4
1181980 854.5
1181990 854.5
1182000 854.1
1182010 853.9
1182020 853.9
1182030 854.1
1182040 854.4
1182050 854.4
1182060 854.8
1182070 855.2
1182080 855.2
1182090 855.4
1182100 855.5
1182110 855.5
1182120 855.7
1182130 856.0
1182140 856.0
1182150 856.6
1182160 857.0
1182170 857.0
1182180 857.1
1182190 857.0
1182200 857.0
1182210 857.0
1182220 856.9
1182230 856.9
1182240 856.6
1182250 857.8
1182260 857.8
1182270 857.7
1182280 857.6
1182290 857.3
1182300 857.3
1182310 856.5
1182320 855.5
1182330 855.5
1182340 854.3
1182350 853.3
1182360 853.3
1182370 852.5
1182380 851.6
1182390 851.6
1182400 851.2
1182410 851.1
1182420 851.1
1182430 851.1
1182440 851.2
1182450 851.2
1182460 851.4
1182470 851.3
1182480 851.3
1182490 851.2
1182500 851.1
1182510 851.1
1182520 851.1
1182530 850.9
1182540 850.9
1182550 850.5
1182560 850.2
1182570 850.2
1182580 850.0
1182590 850.1
1182600 850.1
1182610 849.9
1182620 849.4
1182630 849.4
1182640 848.8
1182650 848.6
1182660 848.5
1182670 849.9
1182680 849.4
1182690 849.3
1182700 849.3
1182710 849.6
1182720 850.2
1182730 850.2
1182740 850.7
1182750 851.4
1182760 851.4
1182770 852.1
1182780 852.7
1182790 852.7
1182800 853.6
1182810 854.4
1182820 854.4
1182830 854.2
1182840 852.4
1182850 852.4
1182860 853.0
1182870 852.7
1182880 852.7
1182890 852.2
1182900 852.0
1182910 852.0
1182920 851.7
1182930 851.5
1182940 851.5
1182950 851.4
1182960 850.9
1182970 850.9
1182980 850.9
1182990 851.0
1183000 851.0
1183010 851.1
1183020 851.2
1183030 851.1
1183040 851.1
1183050 850.9
1183060 850.5
1183070 850.5
1183080 850.0
1183090 849.7
1183100 850.4
1183110 849.9
1183120 849.4
1183130 849.4
1183140 849.4
1183150 849.0
1183160 849.0
1183170 848.0
1183180 847.4
1183190 847.4
1183200 846.4
1183210 845.8
1183220 845.8
1183230 845.7
1183240 845.5
1183250 845.5
1183260 845.2
1183270 844.7
1183280 844.7
1183290 844.4
1183300 843.9
1183310 843.9
1183320 843.5
1183330 842.8
1183340 842.8
1183350 842.0
1183360 841.8
1183370 841.8
1183380 841.7
1183390 841.4
1183400 841.4
1183410 841.0
1183420 840.5
1183430 840.1
1183440 840.1
1183450 839.8
1183460 839.3
1183470 839.3
1183480 838.7
1183490 838.1
1183500 838.1
1183510 837.4
1183520 837.7
1183530 837.7
1183540 837.0
1183550 836.3
1183560 836.3
1183570 835.6
1183580 834.9
1183590 834.9
1183600 834.2
1183610 833.5
1183620 833.5
1183630 832.9
1183640 832.3
1183650 832.3
1183660 831.6
1183670 831.0
1183680 831.0
1183690 830.5
1183700 829.9
1183710 829.9
1183720 829.4
1183730 828.7
1183740 828.7
1183750 828.1
1183760 827.9
1183770 827.9
1183780 827.3
1183790 827.0
1183800 826.8
1183810 826.8
1183820 826.4
1183830 826.2
1183840 826.2
1183850 825.9
1183860 825.5
1183870 825.5
1183880 825.1
1183890 824.7
1183900 824.7
1183910 824.4
1183920 824.4
1183930 824.4
1183940 824.3
1183950 824.0
1183960 824.0
1183970 823.8
1183980 823.6
1183990 823.6
1184000 823.4
1184010 823.2
1184020 823.2
1184030 823.1
1184040 823.2
1184050 823.2
1184060 823.1
1184070 822.0
1184080 822.0
1184090 821.5
1184100 821.7
1184110 821.7
1184120 822.0
1184130 822.1
1184140 822.1
1184150 822.4
1184160 822.6
1184170 822.7
1184180 822.7
1184190 822.9
1184200 823.0
1184210 823.0
1184220 823.1
1184230 823.1
1184240 823.1
1184250 823.3
1184260 823.4
1184270 823.4
1184280 823.5
1184290 823.7
1184300 823.7
1184310 824.1
1184320 824.2
1184330 824.2
1184340 824.5
1184350 824.9
1184360 824.9
1184370 825.6
1184380 825.8
1184390 825.8
1184400 825.9
1184410 826.0
1184420 826.0
1184430 826.0
1184440 826.1
1184450 826.1
1184460 826.2
1184470 826.3
1184480 826.3
1184490 826.3
1184500 826.2
1184510 826.2
1184520 826.0
1184530 825.7
1184540 825.4
1184550 825.4
1184560 825.4
1184570 825.3
1184580 825.3
1184590 825.3
1184600 825.4
1184610 825.4
1184620 825.4
1184630 825.5
1184640 825.5
1184650 825.5
1184660 825.5
1184670 825.5
1184680 825.5
1184690 825.7
1184700 825.7
1184710 825.5
1184720 825.4
1184730 825.4
1184740 825.3
1184750 825.2
1184760 825.2
1184770 825.1
1184780 825.1
1184790 825.1
1184800 825.2
1184810 825.0
1184820 825.0
1184830 824.7
1184840 824.3
1184850 824.3
1184860 824.0
1184870 823.7
1184880 823.7
1184890 823.6
1184900 823.7
1184910 823.8
1184920 823.8
1184930 824.0
1184940 824.2
1184950 824.2
1184960 824.8
1184970 825.5
1184980 825.5
1184990 825.7
1185000 825.4
1185010 825.4
1185020 825.4
1185030 826.0
1185040 826.0
1185050 826.9
1185060 828.2
1185070 828.2
1185080 828.9
1185090 829.4
1185100 829.4
1185110 830.6
1185120 832.1
1185130 832.1
1185140 833.0
1185150 833.9
1185160 833.9
1185170 834.8
1185180 835.4
1185190 835.4
1185200 835.3
1185210 834.5
1185220 834.5
1185230 841.8
1185240 843.2
1185250 843.2
1185260 842.7
1185270 840.7
1185280 838.7
1185290 838.7
1185300 837.0
1185310 833.8
1185320 833.8
1185330 830.6
1185340 827.8
1185350 827.8
1185360 825.3
1185370 823.2
1185380 823.2
1185390 822.3
1185400 822.2
1185410 822.2
1185420 822.4
1185430 822.9
1185440 822.9
1185450 823.2
1185460 823.6
1185470 823.6
1185480 824.5
1185490 825.9
1185500 825.9
1185510 827.9
1185520 828.6
1185530 828.6
1185540 828.0
1185550 828.7
1185560 828.7
1185570 830.2
1185580 831.1
1185590 831.1
1185600 831.2
1185610 832.8
1185620 832.8
1185630 835.1
1185640 833.3
1185650 832.6
1185660 832.6
1185670 833.9
1185680 835.2
1185690 835.2
1185700 836.1
1185710 836.5
1185720 836.5
1185730 836.3
1185740 835.9
1185750 835.9
1185760 835.3
1185770 834.8
1185780 834.8
1185790 834.1
1185800 833.3
1185810 833.3
1185820 832.3
1185830 831.2
1185840 831.2
1185850 830.0
1185860 828.9
1185870 828.9
1185880 828.3
1185890 828.0
1185900 828.0
1185910 827.9
1185920 827.8
1185930 827.8
1185940 827.7
1185950 827.6
1185960 827.6
1185970 827.5
1185980 827.4
1185990 827.4
1186000 827.6
1186010 828.1
1186020 828.1
1186030 828.4
1186040 829.0
1186050 829.2
1186060 829.2
1186070 829.6
1186080 828.7
1186090 828.7
1186100 828.7
1186110 828.8
1186120 828.8
1186130 829.4
1186140 830.3
1186150 830.3
1186160 831.7
1186170 833.4
1186180 833.4
1186190 834.9
1186200 837.8
1186210 837.8
1186220 839.0
1186230 838.1
1186240 838.1
1186250 838.8
1186260 838.7
1186270 838.7
1186280 838.6
1186290 838.2
1186300 838.2
1186310 838.7
1186320 839.5
1186330 839.5
1186340 842.5
1186350 841.6
1186360 841.6
1186370 837.6
1186380 835.0
1186390 835.0
1186400 834.2
1186410 835.1
1186420 835.6
1186430 835.6
1186440 832.0
1186450 827.2
1186460 827.2
1186470 821.4
1186480 818.3
1186490 818.3
1186500 818.1
1186510 817.8
1186520 817.8
1186530 817.5
1186540 816.7
1186550 816.7
1186560 815.3
1186570 816.1
1186580 816.1
1186590 817.4
1186600 817.3
1186610 817.3
1186620 817.3
1186630 815.9
1186640 815.9
1186650 813.7
1186660 813.6
1186670 813.6
1186680 813.4
1186690 813.4
1186700 813.4
1186710 814.2
1186720 813.5
1186730 813.5
1186740 813.2
1186750 813.9
1186760 813.9
1186770 812.8
1186780 808.4
1186790 807.6
1186800 807.6
1186810 807.7
1186820 807.7
1186830 807.7
1186840 807.4
1186850 806.9
1186860 806.9
1186870 806.7
1186880 806.7
1186890 806.7
1186900 806.7
1186910 806.6
1186920 806.6
1186930 806.6
1186940 806.9
1186950 806.9
1186960 807.5
1186970 811.1
1186980 811.1
1186990 814.7
1187000 817.2
1187010 817.2
1187020 821.3
1187030 827.2
1187040 827.2
1187050 837.7
1187060 848.8
1187070 848.8
1187080 854.5
1187090 856.6
1187100 856.6
1187110 861.9
1187120 867.4
1187130 867.4
1187140 873.1
1187150 879.9
1187160 883.5
1187170 883.5
1187180 886.8
1187190 890.6
1187200 890.6
1187210 893.8
1187220 896.2
1187230 896.2
1187240 897.2
1187250 899.7
1187260 899.7
1187270 904.0
1187280 911.0
1187290 911.0
1187300 919.1
1187310 923.6
1187320 923.6
1187330 926.2
1187340 932.2
1187350 932.2
1187360 933.1
1187370 927.3
1187380 927.3
1187390 926.7
1187400 926.8
1187410 926.8
1187420 928.0
1187430 925.9
1187440 925.9
1187450 922.8
1187460 920.8
1187470 920.8
1187480 919.8
1187490 919.2
1187500 919.2
1187510 916.8
1187520 913.4
1187530 910.8
1187540 910.8
1187550 909.1
1187560 907.2
1187570 907.2
1187580 904.1
1187590 900.2
1187600 900.2
1187610 897.8
1187620 895.5
1187630 895.5
1187640 892.2
1187650 887.6
1187660 887.6
1187670 883.6
1187680 879.3
1187690 879.3
1187700 873.5
1187710 866.5
1187720 866.5
1187730 860.1
1187740 854.6
1187750 854.6
1187760 849.0
1187770 839.5
1187780 839.5
1187790 829.7
1187800 822.8
1187810 822.8
1187820 821.5
1187830 821.4
1187840 821.4
1187850 821.2
1187860 821.2
1187870 821.2
1187880 821.4
1187890 821.5
1187900 821.6
1187910 821.6
1187920 821.5
1187930 821.3
1187940 821.3
1187950 821.2
1187960 821.0
1187970 821.0
1187980 821.0
1187990 821.1
1188000 821.1
1188010 821.3
1188020 821.5
1188030 821.5
1188040 821.7
1188050 822.0
1188060 822.0
1188070 822.1
1188080 822.0
1188090 822.0
1188100 821.5
1188110 821.0
1188120 821.0
1188130 820.8
1188140 820.5
1188150 820.5
1188160 820.4
1188170 820.3
1188180 820.3
1188190 820.2
1188200 820.1
1188210 820.1
1188220 820.1
1188230 820.1
1188240 820.1
1188250 820.1
1188260 820.1
1188270 820.3
1188280 820.3
1188290 820.6
1188300 820.5
1188310 820.5
1188320 820.5
1188330 820.8
1188340 820.8
1188350 820.9
1188360 821.0
1188370 821.0
1188380 821.0
1188390 821.2
1188400 821.2
1188410 821.4
1188420 822.2
1188430 822.2
1188440 824.8
1188450 829.1
1188460 829.1
1188470 834.5
1188480 839.6
1188490 839.6
1188500 843.6
1188510 848.8
1188520 848.8
1188530 853.9
1188540 857.7
1188550 857.7
1188560 862.3
1188570 867.4
1188580 867.4
1188590 872.8
1188600 877.6
1188610 877.6
1188620 881.9
1188630 887.3
1188640 887.3
1188650 894.8
1188660 904.3
1188670 911.1
1188680 911.1
1188690 916.3
1188700 922.3
1188710 922.3
1188720 929.7
1188730 937.4
1188740 937.4
1188750 943.8
1188760 947.7
1188770 947.7
1188780 951.3
1188790 953.7
1188800 953.7
1188810 954.1
1188820 955.0
1188830 955.0
1188840 955.1
1188850 955.3
1188860 955.3
1188870 958.0
1188880 959.6
1188890 959.6
1188900 959.5
1188910 957.9
1188920 957.9
1188930 954.8
1188940 951.9
1188950 951.9
1188960 947.7
1188970 946.1
1188980 946.1
1188990 950.6
1189000 953.8
1189010 953.8
1189020 957.9
1189030 960.2
1189040 959.4
1189050 959.4
1189060 960.6
1189070 963.6
1189080 963.6
1189090 964.3
1189100 954.9
1189110 954.9
1189120 951.3
1189130 949.3
1189140 949.3
1189150 947.5
1189160 945.2
1189170 945.2
1189180 942.8
1189190 941.4
1189200 941.4
1189210 938.8
1189220 937.6
1189230 937.6
1189240 937.7
1189250 937.9
1189260 937.9
1189270 939.6
1189280 939.2
1189290 939.2
1189300 937.0
1189310 936.3
1189320 936.3
1189330 937.0
1189340 938.7
1189350 938.7
1189360 940.9
1189370 943.8
1189380 943.8
1189390 946.7
1189400 950.8
1189410 956.7
1189420 956.7
1189430 964.5
1189440 970.0
1189450 970.0
1189460 972.7
1189470 979.3
1189480 979.3
1189490 985.5
1189500 985.9
1189510 985.9
1189520 985.9
1189530 981.6
1189540 981.6
1189550 980.5
1189560 979.8
1189570 979.8
1189580 980.8
1189590 986.3
1189600 986.3
1189610 989.3
1189620 989.6
1189630 989.6
1189640 989.6
1189650 994.0
1189660 994.0
1189670 1000.1
1189680 1003.1
1189690 1003.1
1189700 1004.3
1189710 1004.7
1189720 1004.7
1189730 1007.4
1189740 1009.5
1189750 1009.5
1189760 1017.5
1189770 1023.2
1189780 1025.3
1189790 1025.3
1189800 1024.7
1189810 1023.5
1189820 1023.5
1189830 1025.0
1189840 1024.6
1189850 1024.6
1189860 1025.0
1189870 1026.5
1189880 1026.5
1189890 1028.2
1189900 1030.0
1189910 1030.0
1189920 1032.2
1189930 1034.6
1189940 1034.6
1189950 1039.8
1189960 1029.9
1189970 1029.9
1189980 1031.7
1189990 1034.6
1190000 1034.6
1190010 1035.2
1190020 1031.6
1190030 1031.6
1190040 1028.8
1190050 1025.7
1190060 1025.7
1190070 1022.1
1190080 1018.3
1190090 1018.3
1190100 1013.4
1190110 1008.2
1190120 1008.2
1190130 1002.9
1190140 997.1
1190150 992.0
1190160 992.0
1190170 987.8
1190180 983.7
1190190 983.7
1190200 979.5
1190210 976.3
1190220 976.3
1190230 972.8
1190240 969.1
1190250 969.1
1190260 965.6
1190270 960.6
1190280 960.6
1190290 956.3
1190300 952.7
1190310 952.7
1190320 949.6
1190330 946.9
1190340 946.9
1190350 944.0
1190360 941.2
1190370 941.2
1190380 938.9
1190390 935.6
1190400 930.1
1190410 926.4
1190420 923.1
1190430 923.1
1190440 919.7
1190450 916.7
1190460 916.7
1190470 914.6
1190480 912.2
1190490 912.2
1190500 908.6
1190510 905.1
1190520 901.8
1190530 901.8
1190540 898.6
1190550 894.8
1190560 894.8
1190570 891.3
1190580 887.9
1190590 887.9
1190600 884.6
1190610 882.3
1190620 882.3
1190630 880.4
1190640 878.2
1190650 878.2
1190660 874.8
1190670 871.1
1190680 871.1
1190690 867.3
1190700 863.2
1190710 863.2
1190720 860.2
1190730 857.8
1190740 857.8
1190750 855.7
1190760 853.6
1190770 853.6
1190780 852.0
1190790 850.5
1190800 850.5
1190810 849.4
1190820 848.2
1190830 848.1
1190840 846.6
1190850 845.2
1190860 845.2
1190870 844.0
1190880 842.9
1190890 842.3
1190900 842.3
1190910 841.9
1190920 841.7
1190930 841.7
1190940 841.9
1190950 842.9
1190960 842.9
1190970 843.2
1190980 842.3
1190990 842.3
1191000 840.9
1191010 839.7
1191020 839.7
1191030 839.3
1191040 838.8
1191050 838.8
1191060 838.2
1191070 837.7
1191080 837.7
1191090 837.4
1191100 837.1
1191110 837.1
1191120 836.7
1191130 836.4
1191140 836.4
1191150 836.1
1191160 835.8
1191170 835.8
1191180 835.4
1191190 835.2
1191200 835.2
1191210 835.0
1191220 834.8
1191230 834.8
1191240 834.5
1191250 834.2
1191260 834.1
1191270 834.4
1191280 834.1
1191290 834.0
1191300 834.0
1191310 833.6
1191320 833.7
1191330 833.7
1191340 833.7
1191350 834.3
1191360 834.3
1191370 835.2
1191380 836.1
1191390 836.1
1191400 835.9
1191410 836.0
1191420 836.0
1191430 837.1
1191440 837.9
1191450 837.9
1191460 838.1
1191470 838.3
1191480 838.3
1191490 838.9
1191500 840.1
1191510 840.1
1191520 842.1
1191530 844.3
1191540 844.3
1191550 846.5
1191560 850.8
1191570 850.8
1191580 855.5
1191590 857.7
1191600 857.7
1191610 860.1
1191620 862.2
1191630 862.2
1191640 863.6
1191650 865.1
1191660 866.0
1191670 866.0
1191680 868.0
1191690 869.9
1191700 869.9
1191710 875.5
1191720 876.6
1191730 876.6
1191740 878.2
1191750 880.0
1191760 880.0
1191770 883.0
1191780 887.0
1191790 887.0
1191800 889.0
1191810 890.8
1191820 890.8
1191830 893.0
1191840 895.0
1191850 895.0
1191860 895.2
1191870 894.7
1191880 894.7
1191890 894.3
1191900 890.8
1191910 890.8
1191920 887.7
1191930 888.7
1191940 888.7
1191950 893.7
1191960 898.9
1191970 898.9
1191980 900.7
1191990 900.9
1192000 900.9
1192010 900.6
1192020 900.3
1192030 899.5
1192040 899.5
1192050 898.3
1192060 898.1
1192070 898.1
1192080 898.0
1192090 896.2
1192100 896.2
1192110 893.8
1192120 892.1
1192130 892.1
1192140 892.0
1192150 889.3
1192160 889.3
1192170 887.1
1192180 883.6
1192190 883.6
1192200 879.3
1192210 874.6
1192220 874.6
1192230 870.9
1192240 868.8
1192250 868.8
1192260 867.0
1192270 865.8
1192280 865.8
1192290 865.6
1192300 864.8
1192310 864.8
1192320 863.1
1192330 860.4
1192340 860.4
1192350 857.9
1192360 856.8
1192370 856.8
1192380 856.4
1192390 854.1
1192400 848.9
1192410 848.9
1192420 842.4
1192430 834.9
1192440 834.9
1192450 828.9
1192460 825.3
1192470 825.3
1192480 822.6
1192490 820.8
1192500 820.8
1192510 821.4
1192520 823.3
1192530 823.3
