1180000 1381.3
1180010 1392.0
1180020 1392.0
1180030 1397.7
1180040 1396.3
1180050 1396.3
1180060 1394.1
1180070 1392.1
1180080 1392.1
1180090 1389.0
1180100 1384.9
1180110 1384.9
1180120 1380.3
1180130 1375.7
1180140 1375.7
1180150 1370.0
1180160 1360.0
1180170 1360.0
1180180 1348.5
1180190 1339.1
1180200 1339.1
1180210 1334.0
1180220 1330.5
1180230 1330.5
1180240 1328.1
1180250 1325.8
1180260 1325.8
1180270 1321.8
1180280 1316.2
1180290 1316.2
1180300 1309.7
1180310 1301.5
1180320 1290.7
1180330 1282.8
1180340 1276.1
1180350 1270.8
1180360 1270.8
1180370 1266.4
1180380 1263.7
1180390 1263.7
1180400 1261.1
1180410 1257.9
1180420 1257.9
1180430 1252.8
1180440 1246.0
1180450 1246.0
1180460 1239.6
1180470 1233.2
1180480 1233.2
1180490 1227.2
1180500 1223.2
1180510 1223.2
1180520 1220.5
1180530 1217.2
1180540 1217.2
1180550 1212.9
1180560 1207.0
1180570 1207.0
1180580 1200.6
1180590 1194.3
1180600 1194.3
1180610 1189.0
1180620 1184.7
1180630 1184.7
1180640 1180.6
1180650 1176.2
1180660 1176.2
1180670 1171.6
1180680 1166.9
1180690 1161.6
1180700 1161.6
1180710 1156.1
1180720 1150.2
1180730 1150.2
1180740 1143.6
1180750 1137.0
1180760 1137.0
1180770 1130.0
1180780 1124.3
1180790 1124.3
1180800 1119.5
1180810 1114.7
1180820 1114.7
1180830 1110.1
1180840 1105.9
1180850 1105.9
1180860 1101.5
1180870 1097.1
1180880 1097.1
1180890 1092.7
1180900 1088.6
1180910 1088.6
1180920 1085.1
1180930 1080.8
1180940 1080.8
1180950 1075.7
1180960 1071.1
1180970 1071.1
1180980 1066.7
1180990 1064.0
1181000 1064.0
1181010 1062.1
1181020 1061.0
1181030 1061.0
1181040 1059.8
1181050 1057.2
1181060 1054.6
1181070 1054.6
1181080 1052.9
1181090 1050.2
1181100 1050.2
1181110 1046.5
1181120 1043.3
1181130 1043.3
1181140 1039.7
1181150 1032.5
1181160 1032.5
1181170 1008.4
1181180 1000.7
1181190 1000.7
1181200 994.6
1181210 990.1
1181220 990.1
1181230 989.5
1181240 988.7
1181250 988.7
1181260 983.7
1181270 977.8
1181280 977.8
1181290 966.9
1181300 952.2
1181310 952.2
1181320 946.0
1181330 942.3
1181340 942.3
1181350 947.6
1181360 950.2
1181370 950.2
1181380 952.3
1181390 958.1
1181400 958.1
1181410 963.6
1181420 968.1
1181430 968.1
1181440 973.8
1181450 982.1
1181460 989.6
1181470 989.6
1181480 1005.5
1181490 1009.6
1181500 1009.6
1181510 1009.0
1181520 1008.4
1181530 1008.4
1181540 1009.4
1181550 1017.0
1181560 1017.0
1181570 1029.8
1181580 1032.2
1181590 1035.7
1181600 1036.1
1181610 1042.5
1181620 1042.5
1181630 1053.0
1181640 1056.6
1181650 1056.6
1181660 1055.5
1181670 1053.8
1181680 1053.8
1181690 1052.0
1181700 1048.2
1181710 1048.2
1181720 1039.7
1181730 1036.9
1181740 1036.9
1181750 1036.3
1181760 1036.4
1181770 1036.4
1181780 1037.5
1181790 1042.2
1181800 1042.2
1181810 1044.1
1181820 1043.9
1181830 1043.9
1181840 1043.9
1181850 1041.9
1181860 1040.9
1181870 1040.9
1181880 1041.7
1181890 1039.3
1181900 1039.3
1181910 1036.0
1181920 1031.3
1181930 1031.3
1181940 1026.2
1181950 1023.8
1181960 1023.8
1181970 1037.1
1181980 1055.1
1181990 1055.1
1182000 1057.0
1182010 1049.0
1182020 1049.0
1182030 1045.0
1182040 1040.7
1182050 1040.7
1182060 1036.2
1182070 1032.7
1182080 1032.7
1182090 1029.1
1182100 1025.6
1182110 1025.6
1182120 1022.7
1182130 1020.7
1182140 1020.7
1182150 1019.4
1182160 1018.5
1182170 1018.5
1182180 1021.4
1182190 1025.3
1182200 1029.1
1182210 1029.1
1182220 1025.1
1182230 1017.0
1182240 1017.0
1182250 1009.5
1182260 1002.1
1182270 1002.1
1182280 994.3
1182290 989.3
1182300 989.3
1182310 985.8
1182320 981.9
1182330 981.9
1182340 979.0
1182350 977.4
1182360 977.4
1182370 975.2
1182380 971.5
1182390 971.5
1182400 967.3
1182410 962.6
1182420 962.6
1182430 962.5
1182440 974.0
1182450 974.0
1182460 969.9
1182470 966.5
1182480 966.5
1182490 965.7
1182500 965.0
1182510 965.0
1182520 965.2
1182530 967.1
1182540 967.1
1182550 973.0
1182560 977.7
1182570 977.2
1182580 977.2
1182590 975.0
1182600 972.6
1182610 972.6
1182620 971.8
1182630 972.8
1182640 972.8
1182650 971.5
1182660 968.4
1182670 968.4
1182680 966.6
1182690 966.3
1182700 966.3
1182710 963.6
1182720 960.1
1182730 960.1
1182740 958.3
1182750 956.7
1182760 956.7
1182770 957.3
1182780 959.7
1182790 959.7
1182800 957.7
1182810 954.8
1182820 954.8
1182830 954.6
1182840 954.4
1182850 954.4
1182860 954.7
1182870 957.1
1182880 957.1
1182890 963.1
1182900 964.8
1182910 964.8
1182920 964.7
1182930 964.4
1182940 966.0
1182950 966.0
1182960 967.3
1182970 968.2
1182980 968.2
1182990 967.9
1183000 966.4
1183010 966.4
1183020 964.4
1183030 963.6
1183040 963.6
1183050 962.9
1183060 961.4
1183070 961.4
1183080 959.9
1183090 959.5
1183100 959.5
1183110 959.3
1183120 957.1
1183130 957.1
1183140 954.4
1183150 950.9
1183160 950.9
1183170 952.5
1183180 954.6
1183190 954.6
1183200 954.4
1183210 953.5
1183220 953.5
1183230 952.4
1183240 950.2
1183250 950.2
1183260 946.0
1183270 940.3
1183280 940.3
1183290 942.7
1183300 941.0
1183310 937.5
1183320 937.5
1183330 933.1
1183340 928.6
1183350 928.6
1183360 923.3
1183370 918.3
1183380 918.3
1183390 916.7
1183400 913.8
1183410 913.8
1183420 910.4
1183430 908.6
1183440 908.6
1183450 906.9
1183460 904.6
1183470 904.6
1183480 901.6
1183490 899.7
1183500 899.7
1183510 898.0
1183520 894.3
1183530 894.3
1183540 890.3
1183550 888.2
1183560 888.2
1183570 887.3
1183580 887.3
1183590 887.3
1183600 887.0
1183610 886.5
1183620 886.5
1183630 885.4
1183640 883.9
1183650 883.9
1183660 882.8
1183670 881.2
1183680 879.9
1183690 879.9
1183700 879.2
1183710 885.9
1183720 885.9
1183730 887.2
1183740 889.0
1183750 889.0
1183760 891.3
1183770 892.7
1183780 892.7
1183790 893.8
1183800 893.0
1183810 893.0
1183820 892.1
1183830 891.1
1183840 891.1
1183850 889.4
1183860 888.9
1183870 888.9
1183880 893.4
1183890 896.9
1183900 896.9
1183910 895.5
1183920 894.2
1183930 894.2
1183940 891.2
1183950 888.8
1183960 888.8
1183970 886.8
1183980 884.7
1183990 884.7
1184000 881.1
1184010 876.1
1184020 876.1
1184030 870.0
1184040 863.2
1184050 854.8
1184060 854.8
1184070 847.3
1184080 841.7
1184090 841.7
1184100 837.7
1184110 836.7
1184120 836.7
1184130 836.6
1184140 836.9
1184150 836.9
1184160 836.8
1184170 836.7
1184180 836.7
1184190 836.8
1184200 837.3
1184210 837.3
1184220 837.8
1184230 838.1
1184240 838.1
1184250 838.4
1184260 838.6
1184270 838.6
1184280 838.9
1184290 839.3
1184300 839.3
1184310 839.6
1184320 839.8
1184330 839.8
1184340 840.2
1184350 840.4
1184360 840.4
1184370 840.8
1184380 841.0
1184390 841.0
1184400 841.3
1184410 841.8
1184420 842.2
1184430 842.2
1184440 842.5
1184450 842.8
1184460 842.8
1184470 843.2
1184480 843.5
1184490 843.5
1184500 843.7
1184510 844.0
1184520 844.0
1184530 844.3
1184540 844.6
1184550 844.6
1184560 845.4
1184570 845.7
1184580 845.7
1184590 845.9
1184600 846.2
1184610 846.2
1184620 846.4
1184630 846.6
1184640 846.6
1184650 846.8
1184660 847.1
1184670 847.1
1184680 847.4
1184690 847.7
1184700 847.7
1184710 847.9
1184720 848.1
1184730 848.1
1184740 848.4
1184750 848.6
1184760 848.6
1184770 848.8
1184780 849.0
1184790 849.1
1184800 849.1
1184810 849.3
1184820 849.5
1184830 849.5
1184840 849.6
1184850 849.8
1184860 849.8
1184870 850.0
1184880 850.2
1184890 850.2
1184900 850.2
1184910 850.2
1184920 850.2
1184930 850.5
1184940 850.9
1184950 850.9
1184960 851.1
1184970 851.3
1184980 851.3
1184990 851.9
1185000 851.8
1185010 851.8
1185020 851.7
1185030 851.6
1185040 851.6
1185050 851.6
1185060 851.5
1185070 851.5
1185080 851.5
1185090 851.5
1185100 851.5
1185110 851.4
1185120 851.4
1185130 851.4
1185140 851.2
1185150 851.1
1185160 851.2
1185170 851.2
1185180 851.3
1185190 851.4
1185200 851.4
1185210 851.5
1185220 851.6
1185230 851.6
1185240 851.6
1185250 851.6
1185260 851.6
1185270 851.6
1185280 851.6
1185290 851.6
1185300 851.7
1185310 851.8
1185320 851.8
1185330 852.3
1185340 855.1
1185350 855.1
1185360 861.5
1185370 869.0
1185380 869.0
1185390 876.9
1185400 885.4
1185410 885.4
1185420 892.9
1185430 904.3
1185440 904.3
1185450 919.1
1185460 937.9
1185470 937.9
1185480 943.2
1185490 945.0
1185500 945.0
1185510 944.6
1185520 944.0
1185530 944.5
1185540 944.5
1185550 944.8
1185560 943.8
1185570 943.8
1185580 944.0
1185590 942.6
1185600 942.6
1185610 940.7
1185620 936.9
1185630 936.9
1185640 931.5
1185650 926.7
1185660 926.7
1185670 924.2
1185680 922.1
1185690 922.1
1185700 921.8
1185710 923.1
1185720 923.1
1185730 925.0
1185740 927.1
1185750 927.1
1185760 929.9
1185770 933.3
1185780 933.3
1185790 937.0
1185800 941.4
1185810 941.4
1185820 946.2
1185830 951.5
1185840 946.3
1185850 952.2
1185860 958.2
1185870 958.2
1185880 964.1
1185890 969.5
1185900 973.4
1185910 973.4
1185920 976.5
1185930 978.5
1185940 978.5
1185950 978.6
1185960 977.3
1185970 977.3
1185980 976.2
1185990 976.9
1186000 976.9
1186010 977.5
1186020 978.3
1186030 978.3
1186040 978.2
1186050 973.4
1186060 973.4
1186070 968.3
1186080 964.8
1186090 964.8
1186100 963.5
1186110 964.2
1186120 964.2
1186130 965.5
1186140 967.6
1186150 967.6
1186160 968.8
1186170 969.4
1186180 969.4
1186190 969.8
1186200 968.2
1186210 968.2
1186220 966.2
1186230 964.8
1186240 964.8
1186250 964.2
1186260 964.7
1186270 965.2
1186280 965.2
1186290 966.2
1186300 967.5
1186310 967.5
1186320 968.2
1186330 970.0
1186340 970.0
1186350 971.7
1186360 972.9
1186370 972.9
1186380 974.2
1186390 976.4
1186400 976.4
1186410 981.4
1186420 981.8
1186430 981.8
1186440 983.2
1186450 987.4
1186460 987.4
1186470 988.7
1186480 987.3
1186490 987.3
1186500 985.9
1186510 983.7
1186520 983.7
1186530 980.8
1186540 976.5
1186550 976.5
1186560 973.0
1186570 970.9
1186580 970.9
1186590 968.5
1186600 965.2
1186610 965.2
1186620 961.8
1186630 957.6
1186640 955.0
1186650 955.0
1186660 952.9
1186670 947.9
1186680 947.9
1186690 942.7
1186700 941.0
1186710 941.0
1186720 937.1
1186730 933.6
1186740 933.6
1186750 933.7
1186760 936.5
1186770 936.5
1186780 936.9
1186790 932.3
1186800 932.3
1186810 927.7
1186820 926.0
1186830 926.0
1186840 922.5
1186850 916.7
1186860 916.7
1186870 911.7
1186880 904.9
1186890 904.9
1186900 896.2
1186910 888.1
1186920 888.1
1186930 881.3
1186940 875.3
1186950 875.3
1186960 871.0
1186970 869.9
1186980 869.9
1186990 869.3
1187000 867.4
1187010 866.3
1187020 866.3
1187030 865.1
1187040 862.3
1187050 862.3
1187060 857.4
1187070 853.8
1187080 853.8
1187090 849.4
1187100 842.9
1187110 842.9
1187120 835.6
1187130 830.3
1187140 830.3
1187150 824.3
1187160 822.6
1187170 822.6
1187180 820.8
1187190 816.5
1187200 816.5
1187210 815.7
1187220 816.7
1187230 816.7
1187240 817.3
1187250 817.0
1187260 817.0
1187270 815.0
1187280 811.6
1187290 811.6
1187300 810.1
1187310 808.6
1187320 808.6
1187330 808.3
1187340 808.6
1187350 808.6
1187360 809.6
1187370 810.4
1187380 810.4
1187390 811.4
1187400 810.9
1187410 809.7
1187420 809.7
1187430 809.1
1187440 809.2
1187450 809.2
1187460 809.4
1187470 809.6
1187480 809.6
1187490 809.8
1187500 809.8
1187510 809.8
1187520 810.1
1187530 810.7
1187540 810.7
1187550 811.0
1187560 810.9
1187570 810.9
1187580 810.9
1187590 810.8
1187600 810.8
1187610 810.8
1187620 810.8
1187630 810.8
1187640 811.0
1187650 811.0
1187660 811.0
1187670 811.2
1187680 811.4
1187690 811.4
1187700 811.5
1187710 811.3
1187720 811.3
1187730 811.4
1187740 811.4
1187750 811.4
1187760 811.3
1187770 811.1
1187780 811.2
1187790 811.2
1187800 811.2
1187810 811.1
1187820 811.1
1187830 811.2
1187840 811.5
1187850 811.5
1187860 811.3
1187870 811.5
1187880 811.5
1187890 811.9
1187900 812.1
1187910 812.1
1187920 812.1
1187930 812.1
1187940 812.1
1187950 812.0
1187960 812.0
1187970 812.0
1187980 812.0
1187990 812.0
1188000 812.0
1188010 812.0
1188020 811.9
1188030 811.9
1188040 811.7
1188050 811.7
1188060 811.7
1188070 811.7
1188080 811.8
1188090 811.8
1188100 811.7
1188110 811.7
1188120 811.7
1188130 811.9
1188140 812.1
1188150 812.2
1188160 812.2
1188170 812.1
1188180 812.0
1188190 812.0
1188200 812.0
1188210 812.3
1188220 812.3
1188230 813.3
1188240 813.6
1188250 813.6
1188260 813.6
1188270 813.5
1188280 813.5
1188290 813.5
1188300 813.5
1188310 813.5
1188320 813.4
1188330 813.3
1188340 813.3
1188350 813.2
1188360 813.2
1188370 813.2
1188380 813.1
1188390 813.1
1188400 813.1
1188410 813.3
1188420 813.3
1188430 813.3
1188440 813.5
1188450 814.3
1188460 814.3
1188470 816.7
1188480 820.0
1188490 820.0
1188500 820.7
1188510 820.9
1188520 820.9
1188530 820.9
1188540 820.9
1188550 820.9
1188560 820.9
1188570 821.0
1188580 821.0
1188590 821.0
1188600 821.0
1188610 821.1
1188620 821.1
1188630 821.2
1188640 821.3
1188650 821.3
1188660 821.4
1188670 821.5
1188680 821.5
1188690 821.5
1188700 821.5
1188710 821.5
1188720 821.5
1188730 821.5
1188740 821.5
1188750 821.5
1188760 821.5
1188770 821.5
1188780 821.5
1188790 821.6
1188800 821.6
1188810 821.9
1188820 821.9
1188830 821.9
1188840 822.0
1188850 822.0
1188860 822.0
1188870 822.0
1188880 822.0
1188890 822.0
1188900 822.0
1188910 822.0
1188920 822.1
1188930 822.1
1188940 822.1
1188950 822.2
1188960 822.2
1188970 822.2
1188980 822.2
1188990 822.2
1189000 822.2
1189010 822.2
1189020 822.2
1189030 822.3
1189040 822.4
1189050 822.4
1189060 822.5
1189070 822.5
1189080 822.5
1189090 822.5
1189100 822.6
1189110 822.6
1189120 822.7
1189130 822.7
1189140 822.7
1189150 822.7
1189160 822.8
1189170 822.8
1189180 822.9
1189190 822.9
1189200 822.9
1189210 822.9
1189220 823.2
1189230 823.2
1189240 823.1
1189250 823.0
1189260 823.0
1189270 823.0
1189280 823.1
1189290 823.1
1189300 823.1
1189310 823.2
1189320 823.4
1189330 823.4
1189340 823.5
1189350 823.4
1189360 823.4
1189370 823.3
1189380 823.3
1189390 823.3
1189400 823.3
1189410 823.4
1189420 823.4
1189430 823.5
1189440 823.6
1189450 823.6
1189460 823.6
1189470 823.6
1189480 823.6
1189490 823.7
1189500 823.8
1189510 823.8
1189520 823.8
1189530 823.9
1189540 823.9
1189550 823.9
1189560 824.0
1189570 824.0
1189580 824.1
1189590 824.1
1189600 824.1
1189610 824.1
1189620 824.1
1189630 824.0
1189640 824.0
1189650 823.9
1189660 823.8
1189670 823.8
1189680 823.9
1189690 824.0
1189700 824.0
1189710 824.0
1189720 824.2
1189730 824.2
1189740 824.2
1189750 823.5
1189760 823.5
1189770 823.3
1189780 823.6
1189790 823.6
1189800 823.5
1189810 823.5
1189820 823.5
1189830 823.5
1189840 823.6
1189850 823.6
1189860 823.6
1189870 823.6
1189880 823.6
1189890 823.6
1189900 823.6
1189910 823.6
1189920 823.6
1189930 823.6
1189940 823.6
1189950 823.6
1189960 823.6
1189970 823.6
1189980 823.7
1189990 823.9
1190000 824.9
1190010 824.9
1190020 826.6
1190030 831.4
1190040 831.4
1190050 836.9
1190060 840.5
1190070 840.5
1190080 840.4
1190090 841.4
1190100 841.4
1190110 843.7
1190120 846.7
1190130 846.7
1190140 849.8
1190150 853.2
1190160 856.7
1190170 859.6
1190180 865.6
1190190 865.6
1190200 871.2
1190210 875.0
1190220 875.0
1190230 879.7
1190240 885.0
1190250 885.0
1190260 891.0
1190270 895.1
1190280 895.1
1190290 898.1
1190300 900.3
1190310 900.3
1190320 901.7
1190330 905.2
1190340 905.2
1190350 909.1
1190360 912.3
1190370 914.6
1190380 914.6
1190390 914.8
1190400 912.6
1190410 912.6
1190420 911.8
1190430 909.2
1190440 909.2
1190450 906.3
1190460 899.7
1190470 899.7
1190480 894.1
1190490 892.4
1190500 892.4
1190510 894.3
1190520 898.1
1190530 898.1
1190540 901.0
1190550 905.1
1190560 905.1
1190570 909.9
1190580 914.3
1190590 917.9
1190600 923.2
1190610 929.4
1190620 929.4
1190630 936.3
1190640 945.4
1190650 945.4
1190660 952.6
1190670 946.6
1190680 946.6
1190690 941.6
1190700 941.0
1190710 941.0
1190720 942.7
1190730 947.7
1190740 956.9
1190750 956.9
1190760 966.2
1190770 973.5
1190780 973.5
1190790 979.0
1190800 984.9
1190810 984.9
1190820 988.7
1190830 990.9
1190840 990.9
1190850 990.9
1190860 987.9
1190870 987.9
1190880 985.4
1190890 977.6
1190900 977.6
1190910 969.6
1190920 961.3
1190930 961.3
1190940 955.3
1190950 951.0
1190960 951.0
1190970 952.2
1190980 950.7
1190990 950.7
1191000 950.9
1191010 949.5
1191020 949.5
1191030 955.0
1191040 955.2
1191050 955.2
1191060 955.8
1191070 958.0
1191080 958.0
1191090 960.4
1191100 964.7
1191110 969.6
1191120 969.6
1191130 976.3
1191140 981.9
1191150 981.9
1191160 989.8
1191170 1008.3
1191180 1008.3
1191190 1018.9
1191200 1027.9
1191210 1027.9
1191220 1036.2
1191230 1039.7
1191240 1039.7
1191250 1040.6
1191260 1042.0
1191270 1042.0
1191280 1043.7
1191290 1045.3
1191300 1045.3
1191310 1047.2
1191320 1048.4
1191330 1048.4
1191340 1049.8
1191350 1052.7
1191360 1052.7
1191370 1054.0
1191380 1054.9
1191390 1054.9
1191400 1057.1
1191410 1058.2
1191420 1058.2
1191430 1058.3
1191440 1060.3
1191450 1060.3
1191460 1060.1
1191470 1060.7
1191480 1061.5
1191490 1061.5
1191500 1062.6
1191510 1060.8
1191520 1060.8
1191530 1061.0
1191540 1061.4
1191550 1061.4
1191560 1061.8
1191570 1062.5
1191580 1062.5
1191590 1062.9
1191600 1063.4
1191610 1063.4
1191620 1064.7
1191630 1064.5
1191640 1064.5
1191650 1065.1
1191660 1065.5
1191670 1065.5
1191680 1065.4
1191690 1065.4
1191700 1065.4
1191710 1065.8
1191720 1066.0
1191730 1066.0
1191740 1066.7
1191750 1067.8
1191760 1067.8
1191770 1069.2
1191780 1070.5
1191790 1070.5
1191800 1071.5
1191810 1071.7
1191820 1071.7
1191830 1071.9
1191840 1072.1
1191850 1072.3
1191860 1072.3
1191870 1072.2
1191880 1071.8
1191890 1071.8
1191900 1071.6
1191910 1073.2
1191920 1073.2
1191930 1073.9
1191940 1075.2
1191950 1075.2
1191960 1076.6
1191970 1077.3
1191980 1077.3
1191990 1076.8
1192000 1074.9
1192010 1074.9
1192020 1072.9
1192030 1072.6
1192040 1072.6
1192050 1072.7
1192060 1074.7
1192070 1074.7
1192080 1076.8
1192090 1077.8
1192100 1077.8
1192110 1079.3
1192120 1079.9
1192130 1079.9
1192140 1080.9
1192150 1081.7
1192160 1081.7
1192170 1081.5
1192180 1082.4
1192190 1082.4
1192200 1083.3
1192210 1082.4
1192220 1081.0
1192230 1081.0
1192240 1078.9
1192250 1078.3
1192260 1078.3
1192270 1078.3
1192280 1078.5
1192290 1078.5
1192300 1079.0
1192310 1078.9
1192320 1078.9
1192330 1077.5
1192340 1072.4
1192350 1072.4
1192360 1072.1
1192370 1071.9
1192380 1071.9
1192390 1071.1
1192400 1070.2
1192410 1070.2
1192420 1069.5
1192430 1068.5
1192440 1068.5
1192450 1065.9
1192460 1060.8
1192470 1060.8
1192480 1053.6
1192490 1044.2
1192500 1044.2
1192510 1039.4
1192520 1037.3
1192530 1037.3
1192540 1036.9
1192550 1035.8
1192560 1035.8
1192570 1034.1
1192580 1032.0
1192590 1028.2
1192600 1028.2
1192610 1021.9
1192620 1015.9
1192630 1015.9
1192640 1010.4
1192650 1005.4
1192660 1005.4
1192670 1000.5
1192680 996.5
1192690 996.5
1192700 990.6
1192710 978.2
1192720 978.2
1192730 966.4
1192740 959.3
1192750 959.3
1192760 954.3
1192770 954.2
1192780 954.2
1192790 956.0
1192800 959.7
1192810 959.7
1192820 961.4
1192830 960.3
1192840 960.3
1192850 958.8
1192860 957.1
1192870 957.1
1192880 954.9
1192890 952.1
1192900 952.1
1192910 948.1
1192920 943.2
1192930 943.2
1192940 934.8
1192950 929.2
1192960 926.8
1192970 926.8
1192980 926.1
1192990 924.3
1193000 924.3
1193010 922.9
1193020 921.7
1193030 921.7
1193040 921.6
1193050 919.7
1193060 919.7
1193070 915.0
1193080 906.6
1193090 906.6
1193100 895.5
1193110 888.3
1193120 888.3
1193130 883.8
1193140 879.0
1193150 879.0
1193160 874.7
1193170 871.4
1193180 871.4
1193190 869.7
1193200 868.3
1193210 871.6
1193220 870.0
1193230 868.3
1193240 868.3
1193250 867.4
1193260 867.7
1193270 867.7
1193280 869.1
1193290 871.5
1193300 871.5
1193310 875.8
1193320 888.6
1193330 899.4
1193340 899.4
1193350 904.4
1193360 907.4
1193370 907.4
1193380 906.3
1193390 908.1
1193400 908.1
1193410 909.1
1193420 905.0
1193430 905.0
1193440 900.0
1193450 893.1
1193460 893.1
1193470 890.4
1193480 889.8
1193490 889.8
1193500 889.3
1193510 889.4
1193520 889.4
1193530 889.4
1193540 888.5
1193550 888.5
1193560 887.2
1193570 886.2
1193580 886.2
1193590 885.4
1193600 885.9
1193610 885.9
1193620 886.1
1193630 886.9
1193640 886.9
1193650 896.9
1193660 901.0
1193670 901.0
1193680 906.7
1193690 915.5
1193700 920.8
1193710 920.8
1193720 925.6
1193730 928.6
1193740 928.6
1193750 928.4
1193760 926.0
1193770 926.0
1193780 922.2
1193790 916.6
1193800 916.6
1193810 913.2
1193820 909.9
1193830 909.9
1193840 909.3
1193850 911.9
1193860 911.9
1193870 914.0
1193880 915.8
1193890 915.8
1193900 919.6
1193910 928.8
1193920 928.8
1193930 927.8
1193940 922.6
1193950 922.6
1193960 917.7
1193970 913.3
1193980 913.3
1193990 910.9
1194000 910.2
1194010 910.2
1194020 909.5
1194030 909.3
1194040 909.3
1194050 907.5
1194060 909.8
1194070 914.5
1194080 914.5
1194090 927.9
1194100 928.1
1194110 928.1
1194120 925.2
1194130 919.1
1194140 919.1
1194150 914.7
1194160 922.9
1194170 922.9
1194180 924.6
1194190 924.3
1194200 924.3
1194210 922.9
1194220 924.7
1194230 924.7
1194240 927.7
1194250 931.2
1194260 931.2
1194270 934.7
1194280 938.4
1194290 938.4
1194300 941.7
1194310 945.8
1194320 945.8
1194330 950.7
1194340 955.4
1194350 955.4
1194360 960.6
1194370 966.2
1194380 966.2
1194390 971.8
1194400 977.0
1194410 977.0
1194420 981.3
1194430 985.8
1194440 990.1
1194450 990.1
1194460 994.7
1194470 998.8
1194480 998.8
1194490 1002.2
1194500 1006.1
1194510 1006.1
1194520 1009.6
1194530 1019.5
1194540 1019.5
1194550 1023.5
1194560 1027.6
1194570 1027.6
1194580 1032.0
1194590 1035.7
1194600 1035.7
1194610 1041.7
1194620 1048.2
1194630 1048.2
1194640 1058.2
1194650 1066.9
1194660 1066.9
1194670 1072.0
1194680 1076.0
1194690 1076.0
1194700 1079.1
1194710 1077.7
1194720 1077.7
1194730 1074.1
1194740 1069.7
1194750 1069.7
1194760 1068.0
1194770 1068.6
1194780 1068.6
1194790 1072.1
1194800 1076.6
1194810 1079.7
1194820 1079.7
1194830 1081.4
1194840 1084.3
1194850 1084.3
1194860 1093.6
1194870 1099.0
1194880 1099.0
1194890 1100.5
1194900 1103.2
1194910 1103.2
1194920 1107.4
1194930 1112.2
1194940 1112.2
1194950 1116.9
1194960 1123.4
1194970 1124.8
1194980 1130.2
1194990 1135.4
1195000 1135.4
1195010 1140.8
1195020 1146.9
1195030 1146.9
1195040 1152.1
1195050 1158.1
1195060 1158.1
1195070 1164.3
1195080 1169.3
1195090 1169.3
1195100 1174.2
1195110 1179.3
1195120 1179.3
1195130 1184.9
1195140 1190.9
1195150 1190.9
1195160 1197.4
1195170 1204.6
1195180 1211.6
1195190 1211.6
1195200 1218.2
1195210 1224.6
1195220 1224.6
1195230 1231.8
1195240 1241.6
1195250 1241.6
1195260 1251.4
1195270 1265.3
1195280 1265.3
1195290 1280.5
1195300 1303.0
1195310 1303.0
1195320 1318.3
1195330 1328.2
1195340 1328.2
1195350 1341.3
1195360 1363.1
1195370 1363.1
1195380 1362.4
1195390 1357.8
1195400 1357.8
1195410 1355.3
1195420 1345.9
1195430 1345.9
1195440 1351.0
1195450 1356.7
1195460 1356.7
1195470 1362.9
1195480 1369.9
1195490 1369.9
1195500 1377.4
1195510 1384.5
1195520 1384.5
1195530 1391.3
1195540 1397.9
1195550 1397.9
1195560 1404.0
1195570 1409.8
1195580 1416.3
1195590 1416.3
1195600 1423.4
1195610 1431.1
1195620 1431.1
1195630 1439.0
1195640 1447.0
1195650 1447.0
1195660 1459.5
1195670 1469.7
1195680 1469.7
1195690 1478.0
1195700 1487.0
1195710 1487.0
1195720 1495.9
1195730 1504.4
1195740 1504.4
1195750 1511.4
1195760 1517.1
1195770 1517.1
1195780 1521.4
1195790 1528.0
1195800 1528.0
1195810 1536.7
1195820 1546.8
1195830 1546.8
1195840 1555.8
1195850 1559.5
1195860 1557.3
1195870 1552.2
1195880 1547.6
1195890 1547.6
1195900 1542.0
1195910 1535.1
1195920 1535.1
1195930 1528.5
1195940 1522.4
1195950 1516.7
1195960 1516.7
1195970 1510.7
1195980 1504.2
1195990 1504.2
1196000 1497.8
1196010 1490.2
1196020 1490.2
1196030 1481.6
1196040 1475.2
1196050 1475.2
1196060 1469.6
1196070 1463.6
1196080 1463.6
