1180000 977.3
1180010 977.3
1180020 971.9
1180030 966.8
1180040 966.8
1180050 962.4
1180060 958.3
1180070 958.3
1180080 954.2
1180090 950.1
1180100 950.1
1180110 945.0
1180120 936.8
1180130 936.8
1180140 932.7
1180150 937.0
1180160 938.6
1180170 938.6
1180180 938.2
1180190 938.0
1180200 938.0
1180210 937.6
1180220 938.1
1180230 938.1
1180240 937.2
1180250 932.5
1180260 932.5
1180270 926.1
1180280 919.9
1180290 919.9
1180300 916.4
1180310 916.0
1180320 916.0
1180330 914.4
1180340 912.4
1180350 912.4
1180360 910.4
1180370 908.5
1180380 908.5
1180390 909.1
1180400 907.3
1180410 907.3
1180420 905.3
1180430 903.4
1180440 903.4
1180450 901.4
1180460 899.7
1180470 899.7
1180480 898.1
1180490 896.3
1180500 896.3
1180510 894.5
1180520 892.9
1180530 890.8
1180540 890.8
1180550 888.5
1180560 885.8
1180570 885.8
1180580 883.3
1180590 880.9
1180600 880.9
1180610 878.9
1180620 878.7
1180630 878.7
1180640 879.3
1180650 879.6
1180660 879.6
1180670 879.0
1180680 879.0
1180690 879.0
1180700 879.3
1180710 879.5
1180720 879.5
1180730 878.5
1180740 877.6
1180750 877.6
1180760 877.3
1180770 876.2
1180780 876.2
1180790 875.7
1180800 874.3
1180810 876.2
1180820 874.9
1180830 872.2
1180840 872.2
1180850 869.4
1180860 865.0
1180870 865.0
1180880 862.2
1180890 860.8
1180900 860.8
1180910 860.8
1180920 860.6
1180930 859.0
1180940 859.0
1180950 858.2
1180960 857.5
1180970 857.5
1180980 856.4
1180990 855.3
1181000 855.3
1181010 854.5
1181020 853.3
1181030 853.3
1181040 852.0
1181050 849.6
1181060 849.6
1181070 847.7
1181080 846.4
1181090 846.4
1181100 845.6
1181110 844.9
1181120 844.9
1181130 844.9
1181140 845.1
1181150 845.1
1181160 845.2
1181170 845.3
1181180 845.3
1181190 845.4
1181200 845.7
1181210 845.7
1181220 846.1
1181230 846.7
1181240 846.7
1181250 847.3
1181260 847.7
1181270 848.0
1181280 848.0
1181290 848.2
1181300 848.0
1181310 848.0
1181320 847.6
1181330 847.5
1181340 847.5
1181350 847.7
1181360 848.0
1181370 848.0
1181380 848.1
1181390 848.4
1181400 848.4
1181410 848.8
1181420 849.2
1181430 849.2
1181440 849.5
1181450 849.4
1181460 849.4
1181470 849.4
1181480 849.5
1181490 849.5
1181500 849.7
1181510 849.8
1181520 849.8
1181530 849.9
1181540 850.2
1181550 850.2
1181560 850.4
1181570 850.3
1181580 850.3
1181590 849.7
1181600 848.9
1181610 848.9
1181620 846.5
1181630 844.0
1181640 844.0
1181650 843.2
1181660 844.4
1181670 846.7
1181680 846.7
1181690 847.2
1181700 848.9
1181710 848.9
1181720 848.6
1181730 848.4
1181740 848.4
1181750 848.0
1181760 847.7
1181770 847.7
1181780 847.5
1181790 847.3
1181800 847.3
1181810 847.3
1181820 847.4
1181830 847.4
1181840 847.2
1181850 847.2
1181860 847.2
1181870 847.5
1181880 847.8
1181890 847.8
1181900 847.8
1181910 847.4
1181920 847.4
1181930 846.8
1181940 846.3
1181950 846.3
1181960 846.0
1181970 845.6
1181980 845.6
1181990 845.1
1182000 844.9
1182010 844.9
1182020 844.8
1182030 844.7
1182040 844.5
1182050 844.5
1182060 844.2
1182070 844.0
1182080 844.3
1182090 844.0
1182100 843.5
1182110 843.5
1182120 843.2
1182130 842.9
1182140 842.9
1182150 842.4
1182160 842.1
1182170 842.1
1182180 841.9
1182190 841.8
1182200 841.8
1182210 841.6
1182220 841.4
1182230 841.4
1182240 841.3
1182250 841.0
1182260 841.0
1182270 840.9
1182280 840.8
1182290 840.8
1182300 840.4
1182310 840.1
1182320 840.1
1182330 839.5
1182340 838.8
1182350 838.8
1182360 838.6
1182370 838.4
1182380 838.4
1182390 838.3
1182400 838.1
1182410 837.8
1182420 837.8
1182430 837.5
1182440 837.1
1182450 837.1
1182460 836.7
1182470 836.2
1182480 836.2
1182490 835.7
1182500 835.4
1182510 835.4
1182520 835.3
1182530 835.2
1182540 835.2
1182550 835.0
1182560 834.9
1182570 834.9
1182580 834.7
1182590 834.3
1182600 834.3
1182610 834.0
1182620 833.8
1182630 833.8
1182640 833.8
1182650 833.6
1182660 833.6
1182670 833.5
1182680 833.6
1182690 833.6
1182700 833.5
1182710 833.4
1182720 833.4
1182730 833.9
1182740 834.1
1182750 834.1
1182760 834.0
1182770 834.0
1182780 834.1
1182790 834.1
1182800 834.3
1182810 834.6
1182820 834.6
1182830 835.0
1182840 834.9
1182850 834.9
1182860 834.6
1182870 833.7
1182880 833.7
1182890 833.0
1182900 832.8
1182910 832.8
1182920 832.8
1182930 833.3
1182940 833.3
1182950 833.0
1182960 833.0
1182970 833.0
1182980 832.5
1182990 832.1
1183000 832.1
1183010 831.8
1183020 831.7
1183030 831.7
1183040 831.8
1183050 832.0
1183060 832.0
1183070 831.7
1183080 831.2
1183090 831.2
1183100 831.4
1183110 831.5
1183120 831.5
1183130 830.9
1183140 830.5
1183150 830.4
1183160 830.4
1183170 830.2
1183180 830.1
1183190 830.1
1183200 829.8
1183210 829.6
1183220 829.6
1183230 829.7
1183240 829.1
1183250 829.1
1183260 828.7
1183270 828.6
1183280 828.6
1183290 828.3
1183300 827.7
1183310 827.7
1183320 827.0
1183330 826.4
1183340 826.4
1183350 828.4
1183360 828.0
1183370 828.0
1183380 827.8
1183390 827.7
1183400 827.7
1183410 827.3
1183420 826.8
1183430 826.8
1183440 826.8
1183450 826.6
1183460 826.6
1183470 825.8
1183480 825.2
1183490 825.2
1183500 823.5
1183510 821.5
1183520 821.5
1183530 820.0
1183540 818.9
1183550 816.8
1183560 816.8
1183570 815.1
1183580 814.9
1183590 814.9
1183600 815.3
1183610 815.4
1183620 815.4
1183630 815.3
1183640 814.9
1183650 814.9
1183660 814.7
1183670 814.7
1183680 814.7
1183690 814.9
1183700 814.8
1183710 814.8
1183720 814.6
1183730 814.5
1183740 814.5
1183750 814.5
1183760 814.5
1183770 814.4
1183780 814.5
1183790 814.8
1183800 814.8
1183810 815.0
1183820 814.9
1183830 814.9
1183840 814.5
1183850 814.5
1183860 814.5
1183870 814.4
1183880 814.4
1183890 814.4
1183900 814.4
1183910 814.4
1183920 814.3
1183930 814.3
1183940 814.3
1183950 814.2
1183960 814.2
1183970 814.2
1183980 814.1
1183990 814.1
1184000 814.0
1184010 814.0
1184020 814.0
1184030 814.1
1184040 814.0
1184050 814.0
1184060 814.0
1184070 814.1
1184080 814.1
1184090 814.1
1184100 814.1
1184110 814.1
1184120 814.2
1184130 814.3
1184140 814.3
1184150 813.9
1184160 813.8
1184170 813.8
1184180 813.8
1184190 813.6
1184200 813.2
1184210 813.1
1184220 813.4
1184230 813.4
1184240 813.6
1184250 813.6
1184260 813.6
1184270 813.5
1184280 813.4
1184290 813.4
1184300 813.4
1184310 813.4
1184320 813.4
1184330 813.4
1184340 813.4
1184350 813.4
1184360 813.4
1184370 813.3
1184380 813.2
1184390 813.2
1184400 813.1
1184410 813.1
1184420 813.1
1184430 813.2
1184440 814.0
1184450 814.0
1184460 816.9
1184470 818.1
1184480 818.1
1184490 818.3
1184500 818.1
1184510 818.1
1184520 818.0
1184530 818.5
1184540 818.5
1184550 818.9
1184560 819.0
1184570 819.0
1184580 819.7
1184590 819.8
1184600 819.8
1184610 819.3
1184620 819.6
1184630 819.6
1184640 819.9
1184650 819.8
1184660 819.7
1184670 819.7
1184680 820.0
1184690 820.2
1184700 820.2
1184710 820.3
1184720 820.4
1184730 820.4
1184740 820.4
1184750 820.5
1184760 820.5
1184770 820.5
1184780 820.5
1184790 820.5
1184800 820.5
1184810 820.6
1184820 820.6
1184830 820.7
1184840 820.7
1184850 820.7
1184860 820.7
1184870 820.6
1184880 820.6
1184890 820.6
1184900 820.6
1184910 820.6
1184920 820.4
1184930 820.2
1184940 820.2
1184950 820.2
1184960 820.1
1184970 820.1
1184980 820.0
1184990 819.9
1185000 819.9
1185010 819.9
1185020 819.8
1185030 819.8
1185040 819.8
1185050 819.7
1185060 819.6
1185070 819.6
1185080 819.5
1185090 819.4
1185100 819.4
1185110 819.4
1185120 819.3
1185130 819.3
1185140 819.2
1185150 819.0
1185160 819.0
1185170 818.9
1185180 818.8
1185190 818.8
1185200 818.7
1185210 818.5
1185220 818.5
1185230 818.2
1185240 817.8
1185250 817.8
1185260 817.3
1185270 816.5
1185280 816.5
1185290 815.6
1185300 814.1
1185310 814.1
1185320 812.4
1185330 811.7
1185340 811.7
1185350 811.3
1185360 811.1
1185370 811.1
1185380 811.0
1185390 810.9
1185400 810.9
1185410 810.8
1185420 810.8
1185430 810.7
1185440 810.7
1185450 810.6
1185460 810.5
1185470 810.5
1185480 810.7
1185490 810.6
1185500 810.6
1185510 810.5
1185520 810.5
1185530 810.5
1185540 810.5
1185550 810.5
1185560 810.5
1185570 810.5
1185580 810.6
1185590 810.6
1185600 810.6
1185610 810.6
1185620 810.6
1185630 811.0
1185640 810.8
1185650 810.8
1185660 810.0
1185670 810.0
1185680 810.0
1185690 809.9
1185700 809.8
1185710 809.8
1185720 809.8
1185730 809.9
1185740 809.9
1185750 812.0
1185760 815.3
1185770 815.3
1185780 812.5
1185790 809.6
1185800 809.4
1185810 809.4
1185820 809.4
1185830 809.3
1185840 809.3
1185850 809.2
1185860 809.2
1185870 809.2
1185880 809.1
1185890 809.1
1185900 809.1
1185910 809.1
1185920 809.1
1185930 809.1
1185940 809.0
1185950 809.0
1185960 809.0
1185970 809.0
1185980 808.9
1185990 808.9
1186000 808.6
1186010 808.7
1186020 808.7
1186030 808.8
1186040 809.0
1186050 809.0
1186060 809.1
1186070 808.9
1186080 808.9
1186090 810.1
1186100 815.0
1186110 815.0
1186120 818.6
1186130 818.8
1186140 818.8
1186150 818.6
1186160 818.3
1186170 818.6
1186180 818.6
1186190 819.1
1186200 817.3
1186210 817.3
1186220 816.2
1186230 815.7
1186240 815.7
1186250 815.0
1186260 814.4
1186270 814.4
1186280 814.2
1186290 814.0
1186300 814.0
1186310 812.7
1186320 811.6
1186330 811.6
1186340 811.5
1186350 811.5
1186360 811.5
1186370 811.6
1186380 811.7
1186390 811.7
1186400 812.3
1186410 812.3
1186420 812.3
1186430 812.0
1186440 811.7
1186450 811.7
1186460 811.5
1186470 811.1
1186480 811.1
1186490 811.1
1186500 811.1
1186510 811.1
1186520 810.4
1186530 807.5
1186540 806.8
1186550 806.8
1186560 807.3
1186570 807.5
1186580 807.5
1186590 807.2
1186600 807.2
1186610 807.2
1186620 807.2
1186630 807.2
1186640 807.2
1186650 807.2
1186660 807.2
1186670 807.2
1186680 807.3
1186690 807.2
1186700 807.2
1186710 808.5
1186720 809.2
1186730 809.2
1186740 806.9
1186750 806.7
1186760 806.7
1186770 806.7
1186780 806.5
1186790 806.5
1186800 806.5
1186810 806.5
1186820 806.5
1186830 806.5
1186840 806.6
1186850 806.6
1186860 807.3
1186870 809.4
1186880 809.4
1186890 809.1
1186900 808.5
1186910 807.9
1186920 807.9
1186930 807.0
1186940 806.7
1186950 806.7
1186960 806.9
1186970 806.9
1186980 806.9
1186990 806.6
1187000 806.5
1187010 806.5
1187020 806.5
1187030 806.5
1187040 806.5
1187050 807.6
1187060 811.1
1187070 811.1
1187080 815.0
1187090 817.9
1187100 817.9
1187110 822.9
1187120 825.8
1187130 825.8
1187140 824.9
1187150 824.0
1187160 824.0
1187170 822.9
1187180 821.3
1187190 821.3
1187200 828.5
1187210 832.3
1187220 832.3
1187230 838.7
1187240 843.0
1187250 843.0
1187260 848.4
1187270 853.9
1187280 856.9
1187290 856.9
1187300 858.7
1187310 860.6
1187320 860.6
1187330 859.3
1187340 858.2
1187350 858.2
1187360 860.4
1187370 864.3
1187380 864.3
1187390 867.1
1187400 866.2
1187410 866.2
1187420 864.2
1187430 862.6
1187440 862.6
1187450 862.1
1187460 862.8
1187470 862.8
1187480 862.2
1187490 862.5
1187500 862.5
1187510 861.2
1187520 858.9
1187530 858.9
1187540 857.9
1187550 858.7
1187560 858.7
1187570 858.9
1187580 859.6
1187590 859.6
1187600 858.4
1187610 854.3
1187620 854.3
1187630 857.7
1187640 855.0
1187650 855.0
1187660 852.6
1187670 849.7
1187680 846.1
1187690 846.1
1187700 841.9
1187710 837.8
1187720 837.8
1187730 837.3
1187740 842.2
1187750 842.2
1187760 848.1
1187770 855.2
1187780 855.2
1187790 860.3
1187800 864.1
1187810 864.1
1187820 868.0
1187830 871.1
1187840 871.1
1187850 874.4
1187860 880.2
1187870 880.2
1187880 883.6
1187890 885.4
1187900 885.4
1187910 888.4
1187920 891.6
1187930 891.6
1187940 892.7
1187950 893.2
1187960 893.2
1187970 893.7
1187980 892.1
1187990 892.1
1188000 891.0
1188010 888.8
1188020 888.8
1188030 885.8
1188040 882.2
1188050 876.9
1188060 875.0
1188070 867.3
1188080 860.0
1188090 860.0
1188100 857.1
1188110 859.5
1188120 859.5
1188130 868.2
1188140 876.1
1188150 876.1
1188160 883.2
1188170 893.6
1188180 893.6
1188190 902.6
1188200 909.9
1188210 909.9
1188220 915.3
1188230 916.1
1188240 916.1
1188250 921.4
1188260 934.0
1188270 934.0
1188280 939.7
1188290 944.4
1188300 944.4
1188310 949.2
1188320 958.2
1188330 958.2
1188340 974.2
1188350 984.5
1188360 984.5
1188370 992.1
1188380 997.7
1188390 997.7
1188400 1002.1
1188410 1006.8
1188420 1009.6
1188430 1009.6
1188440 1008.8
1188450 1007.0
1188460 1007.0
1188470 1006.8
1188480 1006.9
1188490 1009.1
1188500 1008.5
1188510 1006.9
1188520 1006.9
1188530 1005.8
1188540 1004.0
1188550 1004.0
1188560 1003.0
1188570 1006.6
1188580 1006.6
1188590 1009.6
1188600 1011.1
1188610 1011.1
1188620 1013.5
1188630 1014.7
1188640 1014.7
1188650 1015.4
1188660 1014.6
1188670 1014.6
1188680 1012.5
1188690 1007.9
1188700 1007.9
1188710 1001.9
1188720 995.0
1188730 995.0
1188740 988.8
1188750 983.9
1188760 983.9
1188770 984.4
1188780 991.4
1188790 999.0
1188800 999.0
1188810 1005.6
1188820 1015.0
1188830 1015.0
1188840 1035.2
1188850 1052.8
1188860 1052.8
1188870 1063.7
1188880 1066.1
1188890 1066.1
1188900 1067.1
1188910 1067.9
1188920 1071.6
1188930 1070.0
1188940 1068.4
1188950 1068.4
1188960 1072.5
1188970 1078.4
1188980 1078.4
1188990 1082.0
1189000 1084.4
1189010 1084.4
1189020 1087.6
1189030 1089.4
1189040 1089.4
1189050 1090.8
1189060 1090.3
1189070 1090.3
1189080 1089.1
1189090 1088.6
1189100 1088.6
1189110 1088.5
1189120 1089.5
1189130 1089.5
1189140 1089.5
1189150 1091.6
1189160 1094.3
1189170 1094.3
1189180 1095.0
1189190 1094.5
1189200 1094.5
1189210 1095.4
1189220 1098.1
1189230 1098.1
1189240 1103.1
1189250 1109.2
1189260 1109.2
1189270 1115.4
1189280 1120.1
1189290 1120.1
1189300 1124.7
1189310 1131.9
1189320 1131.9
1189330 1138.3
1189340 1142.9
1189350 1139.4
1189360 1138.3
1189370 1135.5
1189380 1135.5
1189390 1133.2
1189400 1133.8
1189410 1133.8
1189420 1134.6
1189430 1133.3
1189440 1133.3
1189450 1132.2
1189460 1135.2
1189470 1135.2
1189480 1141.7
1189490 1145.8
1189500 1145.8
1189510 1146.1
1189520 1146.6
1189530 1146.6
1189540 1146.3
1189550 1144.4
1189560 1143.2
1189570 1143.2
1189580 1144.2
1189590 1144.3
1189600 1144.3
1189610 1143.6
1189620 1144.0
1189630 1144.0
1189640 1145.7
1189650 1147.9
1189660 1147.9
1189670 1150.0
1189680 1152.6
1189690 1152.6
1189700 1155.7
1189710 1159.4
1189720 1159.4
1189730 1163.3
1189740 1167.9
1189750 1167.9
1189760 1173.2
1189770 1180.0
1189780 1180.0
1189790 1182.2
1189800 1179.3
1189810 1179.3
1189820 1176.8
1189830 1178.8
1189840 1178.8
1189850 1183.4
1189860 1186.5
1189870 1186.5
1189880 1187.5
1189890 1187.2
1189900 1187.2
1189910 1186.8
1189920 1184.7
1189930 1183.4
1189940 1183.4
1189950 1180.7
1189960 1179.5
1189970 1179.5
1189980 1179.1
1189990 1176.6
1190000 1176.6
1190010 1173.7
1190020 1172.8
1190030 1172.8
1190040 1171.5
1190050 1169.9
1190060 1169.9
1190070 1168.6
1190080 1165.2
1190090 1165.2
1190100 1163.7
1190110 1163.6
1190120 1163.6
1190130 1159.8
1190140 1155.8
1190150 1155.8
1190160 1151.4
1190170 1147.4
1190180 1147.4
1190190 1145.0
1190200 1143.1
1190210 1143.1
1190220 1138.0
1190230 1136.6
1190240 1136.6
1190250 1134.8
1190260 1132.0
1190270 1132.0
1190280 1129.0
1190290 1122.8
1190300 1116.4
1190310 1116.4
1190320 1109.7
1190330 1104.0
1190340 1104.0
1190350 1100.3
1190360 1095.8
1190370 1095.8
1190380 1091.0
1190390 1085.4
1190400 1085.4
1190410 1078.2
1190420 1071.8
1190430 1071.8
1190440 1066.7
1190450 1062.8
1190460 1062.8
1190470 1058.2
1190480 1053.3
1190490 1053.3
1190500 1048.8
1190510 1044.4
1190520 1044.4
1190530 1040.4
1190540 1037.5
1190550 1037.5
1190560 1035.2
1190570 1031.1
1190580 1031.1
1190590 1027.5
1190600 1024.1
1190610 1024.1
1190620 1020.6
1190630 1016.5
1190640 1016.5
1190650 1011.8
1190660 1003.5
1190670 1000.3
1190680 1000.3
1190690 997.3
1190700 995.4
1190710 995.4
1190720 992.8
1190730 988.9
1190740 988.9
1190750 984.2
1190760 979.5
1190770 979.5
1190780 976.7
1190790 975.2
1190800 975.2
1190810 974.3
1190820 973.1
1190830 973.1
1190840 972.1
1190850 971.1
1190860 971.1
1190870 969.2
1190880 968.3
1190890 968.3
1190900 967.9
1190910 966.4
1190920 966.4
1190930 963.8
1190940 961.5
1190950 961.5
1190960 960.2
1190970 960.1
1190980 960.1
1190990 958.6
1191000 955.6
1191010 955.6
1191020 952.0
1191030 948.6
1191040 944.8
1191050 944.8
1191060 941.4
1191070 938.6
1191080 938.6
1191090 930.2
1191100 927.2
1191110 927.2
1191120 923.2
