1180000 889.2
1180010 891.4
1180020 891.9
1180030 891.9
1180040 889.9
1180050 885.4
1180060 885.4
1180070 883.2
1180080 885.2
1180090 885.2
1180100 887.1
1180110 887.9
1180120 887.9
1180130 888.2
1180140 889.5
1180150 890.8
1180160 890.8
1180170 890.0
1180180 891.1
1180190 891.1
1180200 891.7
1180210 891.1
1180220 891.1
1180230 889.7
1180240 887.7
1180250 887.7
1180260 886.3
1180270 885.5
1180280 885.5
1180290 884.4
1180300 882.8
1180310 882.8
1180320 882.0
1180330 883.4
1180340 883.4
1180350 882.4
1180360 880.9
1180370 880.9
1180380 879.3
1180390 878.9
1180400 878.9
1180410 878.0
1180420 876.1
1180430 876.1
1180440 873.9
1180450 872.4
1180460 872.4
1180470 870.8
1180480 868.9
1180490 868.9
1180500 867.0
1180510 866.2
1180520 865.2
1180530 865.2
1180540 863.6
1180550 861.7
1180560 861.7
1180570 861.0
1180580 860.5
1180590 860.5
1180600 859.2
1180610 858.2
1180620 858.2
1180630 857.5
1180640 856.7
1180650 856.7
1180660 855.3
1180670 853.9
1180680 853.9
1180690 852.4
1180700 851.2
1180710 851.2
1180720 849.8
1180730 848.3
1180740 848.3
1180750 847.6
1180760 847.0
1180770 847.0
1180780 846.9
1180790 846.2
1180800 846.2
1180810 844.9
1180820 844.7
1180830 844.7
1180840 844.4
1180850 844.3
1180860 844.3
1180870 843.7
1180880 842.6
1180890 842.6
1180900 842.0
1180910 841.3
1180920 839.3
1180930 839.3
1180940 838.2
1180950 838.0
1180960 838.0
1180970 837.9
1180980 837.7
1180990 837.7
1181000 837.4
1181010 837.4
1181020 837.4
1181030 837.5
1181040 837.7
1181050 837.7
1181060 837.9
1181070 837.8
1181080 837.8
1181090 837.9
1181100 838.3
1181110 838.3
1181120 838.6
1181130 838.9
1181140 838.9
1181150 839.2
1181160 839.4
1181170 839.7
1181180 839.4
1181190 839.3
1181200 839.3
1181210 839.4
1181220 839.4
1181230 839.4
1181240 839.4
1181250 839.5
1181260 839.5
1181270 839.8
1181280 840.2
1181290 840.4
1181300 840.4
1181310 840.8
1181320 841.0
1181330 841.0
1181340 841.2
1181350 841.5
1181360 841.5
1181370 841.8
1181380 841.9
1181390 841.9
1181400 841.9
1181410 841.6
1181420 841.6
1181430 841.6
1181440 841.7
1181450 841.7
1181460 841.7
1181470 841.7
1181480 841.7
1181490 841.7
1181500 841.8
1181510 841.8
1181520 841.9
1181530 842.1
1181540 842.1
1181550 842.2
1181560 842.1
1181570 842.1
1181580 842.3
1181590 842.4
1181600 842.7
1181610 842.7
1181620 842.6
1181630 842.6
1181640 842.4
1181650 842.0
1181660 841.6
1181670 841.6
1181680 841.3
1181690 840.9
1181700 840.9
1181710 840.5
1181720 840.1
1181730 840.1
1181740 839.7
1181750 837.7
1181760 837.7
1181770 837.7
1181780 839.0
1181790 839.0
1181800 839.4
1181810 840.5
1181820 840.5
1181830 840.3
1181840 840.0
1181850 840.0
1181860 839.8
1181870 839.5
1181880 839.5
1181890 839.4
1181900 839.4
1181910 839.4
1181920 839.5
1181930 839.4
1181940 839.4
1181950 839.2
1181960 838.9
1181970 838.9
1181980 838.6
1181990 838.3
1182000 838.3
1182010 838.2
1182020 838.4
1182030 838.3
1182040 838.3
1182050 838.0
1182060 837.8
1182070 837.8
1182080 837.6
1182090 837.4
1182100 837.4
1182110 837.2
1182120 836.9
1182130 836.9
1182140 836.6
1182150 836.3
1182160 836.3
1182170 835.9
1182180 835.6
1182190 835.6
1182200 835.2
1182210 834.8
1182220 834.8
1182230 834.5
1182240 834.2
1182250 834.2
1182260 834.1
1182270 834.0
1182280 834.0
1182290 833.9
1182300 833.7
1182310 833.7
1182320 833.6
1182330 833.3
1182340 833.3
1182350 833.0
1182360 832.7
1182370 832.7
1182380 832.3
1182390 831.9
1182400 831.9
1182410 831.6
1182420 831.1
1182430 830.5
1182440 831.3
1182450 831.0
1182460 830.9
1182470 830.9
1182480 831.2
1182490 831.6
1182500 831.6
1182510 831.9
1182520 831.9
1182530 831.9
1182540 831.6
1182550 831.3
1182560 831.3
1182570 831.0
1182580 830.8
1182590 830.8
1182600 830.7
1182610 830.5
1182620 830.5
1182630 830.0
1182640 829.5
1182650 829.5
1182660 829.2
1182670 828.9
1182680 828.9
1182690 828.4
1182700 828.0
1182710 828.0
1182720 827.5
1182730 827.1
1182740 827.1
1182750 826.8
1182760 826.4
1182770 826.4
1182780 826.1
1182790 826.1
1182800 826.1
1182810 826.1
1182820 825.9
1182830 825.8
1182840 825.8
1182850 825.8
1182860 826.2
1182870 826.2
1182880 826.4
1182890 827.7
1182900 827.7
1182910 827.7
1182920 826.7
1182930 826.7
1182940 825.8
1182950 825.5
1182960 825.5
1182970 825.0
1182980 824.5
1182990 824.5
1183000 824.1
1183010 823.9
1183020 823.9
1183030 823.6
1183040 823.3
1183050 823.3
1183060 823.0
1183070 822.8
1183080 822.8
1183090 823.3
1183100 823.8
1183110 823.8
1183120 822.9
1183130 821.4
1183140 821.4
1183150 820.6
1183160 820.1
1183170 819.6
1183180 819.6
1183190 819.2
1183200 818.8
1183210 818.8
1183220 818.5
1183230 818.2
1183240 818.2
1183250 818.0
1183260 817.9
1183270 817.9
1183280 817.7
1183290 817.6
1183300 817.6
1183310 817.5
1183320 817.2
1183330 817.2
1183340 817.0
1183350 816.8
1183360 816.8
1183370 816.7
1183380 816.6
1183390 816.6
1183400 816.6
1183410 816.6
1183420 816.6
1183430 816.5
1183440 816.6
1183450 816.6
1183460 817.1
1183470 817.4
1183480 817.4
1183490 817.2
1183500 816.9
1183510 816.9
1183520 816.8
1183530 816.8
1183540 816.8
1183550 816.8
1183560 816.9
1183570 816.8
1183580 816.8
1183590 816.6
1183600 816.7
1183610 816.7
1183620 816.7
1183630 816.3
1183640 816.3
1183650 816.3
1183660 816.2
1183670 816.2
1183680 816.2
1183690 816.1
1183700 816.1
1183710 816.1
1183720 816.1
1183730 816.1
1183740 815.5
1183750 814.5
1183760 814.5
1183770 813.6
1183780 813.0
1183790 813.0
1183800 812.8
1183810 812.8
1183820 812.8
1183830 812.9
1183840 813.5
1183850 813.5
1183860 814.2
1183870 814.9
1183880 814.9
1183890 815.3
1183900 815.5
1183910 815.5
1183920 815.5
1183930 815.6
1183940 815.7
1183950 815.7
1183960 815.7
1183970 815.6
1183980 815.6
1183990 815.4
1184000 815.2
1184010 815.2
1184020 815.3
1184030 815.3
1184040 815.3
1184050 815.3
1184060 815.2
1184070 815.2
1184080 815.1
1184090 815.1
1184100 815.1
1184110 815.3
1184120 815.5
1184130 815.5
1184140 815.5
1184150 815.4
1184160 815.4
1184170 815.4
1184180 815.3
1184190 815.3
1184200 815.0
1184210 814.6
1184220 814.6
1184230 814.4
1184240 814.1
1184250 814.1
1184260 813.7
1184270 813.4
1184280 813.4
1184290 812.9
1184300 812.5
1184310 812.0
1184320 812.0
1184330 811.6
1184340 811.4
1184350 811.4
1184360 811.2
1184370 811.1
1184380 811.1
1184390 810.9
1184400 810.8
1184410 810.8
1184420 810.7
1184430 810.7
1184440 810.7
1184450 810.6
1184460 810.6
1184470 810.6
1184480 810.6
1184490 810.5
1184500 810.5
1184510 810.5
1184520 810.5
1184530 810.5
1184540 810.5
1184550 810.4
1184560 810.4
1184570 812.4
1184580 812.1
1184590 812.1
1184600 811.7
1184610 811.2
1184620 811.2
1184630 810.7
1184640 810.3
1184650 810.3
1184660 810.1
1184670 810.1
1184680 810.2
1184690 810.2
1184700 810.6
1184710 811.7
1184720 811.7
1184730 812.6
1184740 812.8
1184750 812.8
1184760 812.7
1184770 812.5
1184780 812.5
1184790 812.3
1184800 812.2
1184810 812.2
1184820 812.1
1184830 812.1
1184840 812.1
1184850 812.0
1184860 811.9
1184870 811.9
1184880 811.9
1184890 811.8
1184900 811.8
1184910 811.6
1184920 811.5
1184930 811.5
1184940 811.3
1184950 811.6
1184960 811.6
1184970 812.3
1184980 812.5
1184990 812.1
1185000 812.1
1185010 811.6
1185020 811.6
1185030 811.4
1185040 811.3
1185050 811.2
1185060 811.2
1185070 811.1
1185080 811.1
1185090 811.1
1185100 811.1
1185110 811.0
1185120 811.0
1185130 810.9
1185140 810.8
1185150 810.8
1185160 810.6
1185170 810.6
1185180 810.6
1185190 810.5
1185200 810.1
1185210 810.1
1185220 809.8
1185230 810.0
1185240 810.0
1185250 810.1
1185260 810.0
1185270 810.0
1185280 810.1
1185290 809.9
1185300 809.9
1185310 809.7
1185320 809.7
1185330 809.7
1185340 809.6
1185350 809.7
1185360 809.7
1185370 809.6
1185380 809.5
1185390 809.5
1185400 809.5
1185410 809.7
1185420 809.9
1185430 809.9
1185440 809.8
1185450 809.8
1185460 809.8
1185470 809.7
1185480 809.8
1185490 809.8
1185500 809.8
1185510 810.0
1185520 810.0
1185530 810.2
1185540 810.3
1185550 810.3
1185560 810.2
1185570 809.1
1185580 809.1
1185590 807.7
1185600 807.6
1185610 807.6
1185620 808.2
1185630 810.0
1185640 810.0
1185650 810.1
1185660 809.8
1185670 809.8
1185680 809.8
1185690 809.6
1185700 809.6
1185710 809.5
1185720 809.2
1185730 809.2
1185740 809.3
1185750 809.2
1185760 809.2
1185770 808.9
1185780 808.8
1185790 808.8
1185800 809.0
1185810 809.3
1185820 809.5
1185830 809.5
1185840 809.5
1185850 809.4
1185860 809.4
1185870 809.2
1185880 809.0
1185890 809.0
1185900 808.8
1185910 808.7
1185920 808.7
1185930 808.6
1185940 808.5
1185950 808.5
1185960 808.4
1185970 808.3
1185980 808.3
1185990 808.4
1186000 808.3
1186010 808.3
1186020 808.1
1186030 808.1
1186040 808.1
1186050 808.2
1186060 807.9
1186070 807.9
1186080 806.7
1186090 806.1
1186100 806.1
1186110 806.0
1186120 806.0
1186130 806.0
1186140 806.0
1186150 805.9
1186160 805.9
1186170 805.8
1186180 805.8
1186190 805.8
1186200 805.8
1186210 805.8
1186220 805.7
1186230 805.7
1186240 805.7
1186250 805.7
1186260 805.7
1186270 805.8
1186280 805.6
1186290 805.6
1186300 805.8
1186310 805.8
1186320 805.8
1186330 806.3
1186340 806.9
1186350 806.9
1186360 809.2
1186370 810.1
1186380 810.1
1186390 809.0
1186400 806.3
1186410 806.3
1186420 805.8
1186430 805.6
1186440 805.6
1186450 805.6
1186460 805.6
1186470 805.6
1186480 805.6
1186490 806.0
1186500 806.0
1186510 806.1
1186520 806.1
1186530 806.1
1186540 806.0
1186550 806.0
1186560 806.3
1186570 806.3
1186580 806.2
1186590 806.3
1186600 806.3
1186610 806.5
1186620 806.6
1186630 806.6
1186640 806.6
1186650 806.7
1186660 806.7
1186670 806.6
1186680 806.6
1186690 806.6
1186700 806.5
1186710 806.5
1186720 806.5
1186730 806.6
1186740 806.9
1186750 806.9
1186760 806.9
1186770 806.7
1186780 806.7
1186790 806.3
1186800 806.0
1186810 806.0
1186820 805.6
1186830 804.3
1186840 804.3
1186850 804.1
1186860 804.2
1186870 804.2
1186880 804.5
1186890 804.6
1186900 804.6
1186910 804.6
1186920 804.6
1186930 804.9
1186940 804.9
1186950 805.3
1186960 805.5
1186970 805.5
1186980 805.6
1186990 805.7
1187000 805.7
1187010 805.7
1187020 806.0
1187030 806.0
1187040 806.2
1187050 805.9
1187060 805.9
1187070 805.9
1187080 805.9
1187090 805.9
1187100 805.9
1187110 805.8
1187120 805.8
1187130 805.5
1187140 805.2
1187150 805.2
1187160 805.6
1187170 805.4
1187180 805.4
1187190 805.6
1187200 805.8
1187210 805.8
1187220 805.7
1187230 805.6
1187240 805.6
1187250 805.4
1187260 805.2
1187270 805.2
1187280 805.2
1187290 805.3
1187300 805.2
1187310 805.2
1187320 805.2
1187330 805.0
1187340 805.0
1187350 805.0
1187360 805.1
1187370 805.1
1187380 805.0
1187390 804.9
1187400 804.9
1187410 804.9
1187420 804.6
1187430 804.6
1187440 804.5
1187450 804.5
1187460 804.5
1187470 804.6
1187480 804.5
1187490 804.5
1187500 804.5
1187510 804.5
1187520 804.5
1187530 804.5
1187540 804.5
1187550 804.5
1187560 804.4
1187570 804.4
1187580 804.4
1187590 804.4
1187600 805.1
1187610 805.1
1187620 805.4
1187630 805.6
1187640 805.6
1187650 806.4
1187660 807.3
1187670 807.3
1187680 807.7
1187690 806.8
1187700 805.0
1187710 805.0
1187720 804.9
1187730 804.8
1187740 804.8
1187750 804.7
1187760 804.8
1187770 804.8
1187780 805.8
1187790 805.5
1187800 805.5
1187810 805.3
1187820 805.1
1187830 805.1
1187840 805.3
1187850 805.4
1187860 805.4
1187870 805.5
1187880 805.4
1187890 805.4
1187900 805.3
1187910 805.0
1187920 805.0
1187930 804.3
1187940 804.3
1187950 804.3
1187960 804.6
1187970 804.5
1187980 804.5
1187990 803.9
1188000 803.8
1188010 803.8
1188020 803.9
1188030 803.5
1188040 803.5
1188050 803.4
1188060 803.4
1188070 803.7
1188080 803.7
1188090 804.4
1188100 805.9
1188110 805.9
1188120 807.9
1188130 809.4
1188140 809.4
1188150 810.0
1188160 810.0
1188170 810.0
1188180 810.0
1188190 809.7
1188200 809.7
1188210 809.2
1188220 809.1
1188230 809.1
1188240 809.0
1188250 809.1
1188260 809.1
1188270 809.5
1188280 810.2
1188290 810.2
1188300 811.1
1188310 812.0
1188320 812.0
1188330 812.2
1188340 814.2
1188350 814.2
1188360 815.3
1188370 817.3
1188380 817.3
1188390 818.2
1188400 818.8
1188410 818.8
1188420 819.5
1188430 823.5
1188440 825.1
1188450 825.1
1188460 826.4
1188470 827.4
1188480 827.4
1188490 828.3
1188500 828.4
1188510 828.4
1188520 827.8
1188530 827.0
1188540 827.0
1188550 827.4
1188560 827.5
1188570 827.5
1188580 827.5
1188590 826.8
1188600 826.8
1188610 826.7
1188620 826.2
1188630 826.2
1188640 826.1
1188650 827.0
1188660 827.0
1188670 827.9
1188680 827.5
1188690 827.5
1188700 826.8
1188710 825.6
1188720 825.6
1188730 824.5
1188740 824.9
1188750 824.9
1188760 831.0
1188770 837.1
1188780 837.1
1188790 838.0
1188800 841.9
1188810 848.1
1188820 848.1
1188830 855.8
1188840 867.2
1188850 867.2
1188860 906.6
1188870 912.4
1188880 912.4
1188890 916.5
1188900 916.5
1188910 916.5
1188920 919.9
1188930 919.1
1188940 919.1
1188950 918.0
1188960 914.7
1188970 914.7
1188980 915.6
1188990 919.2
1189000 919.2
1189010 920.6
1189020 926.8
1189030 926.8
1189040 940.3
1189050 952.0
1189060 952.0
1189070 957.7
1189080 962.4
1189090 962.4
1189100 968.7
1189110 974.9
1189120 974.9
1189130 982.0
1189140 988.3
1189150 988.3
1189160 993.5
1189170 998.8
1189180 998.8
1189190 1003.6
1189200 1013.5
1189210 1030.3
1189220 1030.3
1189230 1046.1
1189240 1062.4
1189250 1062.4
1189260 1071.8
1189270 1078.5
1189280 1078.5
1189290 1086.4
1189300 1091.1
1189310 1091.1
1189320 1097.3
1189330 1103.5
1189340 1103.5
1189350 1110.0
1189360 1112.7
1189370 1112.7
1189380 1113.8
1189390 1113.7
1189400 1113.7
1189410 1112.7
1189420 1111.9
1189430 1111.9
1189440 1114.7
1189450 1119.9
1189460 1119.9
1189470 1127.0
1189480 1133.7
1189490 1133.7
1189500 1139.2
1189510 1144.7
1189520 1144.7
1189530 1150.9
1189540 1159.1
1189550 1159.1
1189560 1166.8
1189570 1168.3
1189580 1167.4
1189590 1167.4
1189600 1169.0
1189610 1174.5
1189620 1174.5
1189630 1181.0
1189640 1182.7
1189650 1182.7
1189660 1179.7
1189670 1176.8
1189680 1176.8
1189690 1173.2
1189700 1170.7
1189710 1170.7
1189720 1168.9
1189730 1171.4
1189740 1171.4
1189750 1172.4
1189760 1170.8
1189770 1170.8
1189780 1169.5
1189790 1170.2
1189800 1170.2
1189810 1171.1
1189820 1169.1
1189830 1169.1
1189840 1164.4
1189850 1160.5
1189860 1160.5
1189870 1159.9
1189880 1162.2
1189890 1162.2
1189900 1164.6
1189910 1165.6
1189920 1165.6
1189930 1166.0
1189940 1168.3
1189950 1166.8
1189960 1166.8
1189970 1162.1
1189980 1159.7
1189990 1159.7
1190000 1159.3
1190010 1159.8
1190020 1159.8
1190030 1159.5
1190040 1157.9
1190050 1157.9
1190060 1157.1
1190070 1157.0
1190080 1157.0
1190090 1156.9
1190100 1160.1
1190110 1160.1
1190120 1163.4
1190130 1168.6
1190140 1168.6
1190150 1175.1
1190160 1186.5
1190170 1186.5
1190180 1185.8
1190190 1183.1
1190200 1183.1
1190210 1181.5
1190220 1179.7
1190230 1179.7
1190240 1178.3
1190250 1175.0
1190260 1175.0
1190270 1172.8
1190280 1171.4
1190290 1171.4
1190300 1168.3
1190310 1163.2
1190320 1157.2
1190330 1157.2
1190340 1153.8
1190350 1153.5
1190360 1153.5
1190370 1155.7
1190380 1158.0
1190390 1158.0
1190400 1162.1
1190410 1162.4
1190420 1162.4
1190430 1158.9
1190440 1158.2
1190450 1158.2
1190460 1157.3
1190470 1155.3
1190480 1155.3
1190490 1156.1
1190500 1158.0
1190510 1158.0
1190520 1155.3
1190530 1151.2
1190540 1151.2
1190550 1146.7
1190560 1141.0
1190570 1141.0
1190580 1136.3
1190590 1132.7
1190600 1126.6
1190610 1124.3
1190620 1121.8
1190630 1121.8
1190640 1118.9
1190650 1115.9
1190660 1115.9
1190670 1114.0
1190680 1113.3
1190690 1111.9
1190700 1111.9
1190710 1109.4
1190720 1107.1
1190730 1107.1
1190740 1103.6
1190750 1099.4
1190760 1099.4
1190770 1095.4
1190780 1092.8
1190790 1092.8
1190800 1089.7
1190810 1085.8
1190820 1085.8
1190830 1082.8
1190840 1080.6
1190850 1080.6
1190860 1078.6
1190870 1076.4
1190880 1076.4
1190890 1075.2
1190900 1074.2
1190910 1074.2
1190920 1072.6
1190930 1071.2
1190940 1071.2
1190950 1069.3
1190960 1067.3
1190970 1067.3
1190980 1065.3
1190990 1063.9
1191000 1063.9
1191010 1062.8
1191020 1061.4
1191030 1054.4
1191040 1052.8
1191050 1050.8
1191060 1050.8
1191070 1049.0
