1180000 829.2
1180010 829.2
1180020 829.2
1180030 829.2
1180040 829.2
1180050 829.2
1180060 829.2
1180070 829.2
1180080 829.2
1180090 829.2
1180100 829.1
1180110 829.1
1180120 829.2
1180130 829.2
1180140 829.2
1180150 829.2
1180160 829.2
1180170 829.4
1180180 829.5
1180190 829.5
1180200 829.2
1180210 828.6
1180220 828.6
1180230 827.8
1180240 827.0
1180250 827.0
1180260 826.8
1180270 826.8
1180280 826.8
1180290 826.9
1180300 826.9
1180310 826.9
1180320 826.8
1180330 826.6
1180340 826.6
1180350 826.4
1180360 826.3
1180370 826.3
1180380 826.4
1180390 826.5
1180400 826.5
1180410 826.1
1180420 826.1
1180430 826.1
1180440 826.2
1180450 826.2
1180460 826.2
1180470 826.1
1180480 826.1
1180490 826.0
1180500 826.0
1180510 826.0
1180520 826.0
1180530 826.0
1180540 825.9
1180550 825.9
1180560 825.9
1180570 825.8
1180580 825.6
1180590 825.6
1180600 825.4
1180610 825.3
1180620 825.3
1180630 825.3
1180640 825.3
1180650 825.3
1180660 825.2
1180670 825.3
1180680 825.3
1180690 825.3
1180700 825.4
1180710 825.4
1180720 825.9
1180730 826.4
1180740 826.4
1180750 826.6
1180760 826.7
1180770 826.7
1180780 826.4
1180790 825.6
1180800 825.6
1180810 826.4
1180820 826.3
1180830 826.0
1180840 826.0
1180850 825.7
1180860 825.7
1180870 825.8
1180880 825.7
1180890 825.6
1180900 825.6
1180910 825.5
1180920 825.4
1180930 825.4
1180940 825.6
1180950 825.4
1180960 825.4
1180970 825.1
1180980 825.0
1180990 825.0
1181000 825.5
1181010 826.3
1181020 826.3
1181030 826.4
1181040 825.7
1181050 825.7
1181060 826.0
1181070 826.5
1181080 826.5
1181090 826.7
1181100 826.2
1181110 826.2
1181120 825.9
1181130 825.8
1181140 825.8
1181150 826.0
1181160 827.5
1181170 827.5
1181180 830.5
1181190 832.8
1181200 832.8
1181210 834.2
1181220 835.4
1181230 835.4
1181240 836.7
1181250 838.2
1181260 838.2
1181270 838.2
1181280 840.2
1181290 841.3
1181300 841.3
1181310 841.8
1181320 842.8
1181330 842.8
1181340 844.7
1181350 846.2
1181360 846.2
1181370 847.4
1181380 847.7
1181390 847.7
1181400 848.0
1181410 849.2
1181420 849.2
1181430 850.1
1181440 851.3
1181450 851.3
1181460 853.2
1181470 854.4
1181480 854.4
1181490 855.5
1181500 857.7
1181510 857.7
1181520 860.6
1181530 862.8
1181540 862.8
1181550 865.1
1181560 868.3
1181570 868.3
1181580 871.9
1181590 875.3
1181600 875.3
1181610 879.1
1181620 884.7
1181630 891.6
1181640 891.6
1181650 899.7
1181660 905.7
1181670 905.7
1181680 916.1
1181690 920.0
1181700 920.0
1181710 926.8
1181720 934.9
1181730 934.9
1181740 941.9
1181750 948.9
1181760 948.9
1181770 956.6
1181780 965.1
1181790 965.1
1181800 976.7
1181810 993.5
1181820 993.5
1181830 1004.3
1181840 1010.9
1181850 1010.9
1181860 1017.5
1181870 1022.9
1181880 1022.9
1181890 1029.0
1181900 1035.5
1181910 1035.5
1181920 1040.7
1181930 1046.4
1181940 1046.4
1181950 1050.4
1181960 1054.4
1181970 1054.4
1181980 1054.6
1181990 1056.5
1182000 1056.5
1182010 1057.2
1182020 1056.4
1182030 1055.9
1182040 1055.9
1182050 1056.7
1182060 1057.6
1182070 1057.6
1182080 1059.0
1182090 1063.2
1182100 1056.2
1182110 1062.9
1182120 1068.0
1182130 1068.0
1182140 1071.1
1182150 1069.9
1182160 1069.9
1182170 1067.2
1182180 1065.5
1182190 1065.5
1182200 1062.4
1182210 1057.3
1182220 1057.3
1182230 1053.7
1182240 1046.5
1182250 1046.5
1182260 1040.9
1182270 1037.7
1182280 1037.7
1182290 1037.6
1182300 1038.8
1182310 1038.8
1182320 1038.8
1182330 1039.4
1182340 1039.4
1182350 1039.6
1182360 1039.1
1182370 1039.1
1182380 1037.7
1182390 1036.4
1182400 1036.0
1182410 1036.0
1182420 1036.5
1182430 1037.1
1182440 1037.1
1182450 1036.8
1182460 1036.1
1182470 1036.1
1182480 1035.2
1182490 1035.3
1182500 1035.3
1182510 1038.6
1182520 1029.0
1182530 1029.0
1182540 1029.5
1182550 1028.3
1182560 1028.3
1182570 1025.8
1182580 1023.9
1182590 1023.9
1182600 1025.4
1182610 1022.4
1182620 1022.4
1182630 1018.1
1182640 1016.9
1182650 1016.9
1182660 1017.2
1182670 1016.0
1182680 1016.0
1182690 1015.0
1182700 1010.2
1182710 1010.2
1182720 1005.5
1182730 1006.0
1182740 1006.0
1182750 1009.4
1182760 1011.8
1182770 1012.4
1182780 1012.4
1182790 1011.9
1182800 1010.6
1182810 1010.6
1182820 1007.9
1182830 1005.3
1182840 1005.3
1182850 1003.5
1182860 1001.9
1182870 1001.9
1182880 1000.7
1182890 1002.6
1182900 1002.6
1182910 1004.4
1182920 1003.5
1182930 1003.5
1182940 1002.2
1182950 994.4
1182960 994.4
1182970 993.6
1182980 992.4
1182990 992.4
1183000 990.4
1183010 985.3
1183020 985.3
1183030 983.0
1183040 982.0
1183050 982.0
1183060 982.9
1183070 984.5
1183080 984.5
1183090 985.7
1183100 987.1
1183110 987.1
1183120 988.5
1183130 990.5
1183140 990.5
1183150 993.2
1183160 994.7
1183170 995.4
1183180 995.4
1183190 996.1
1183200 995.5
1183210 995.5
1183220 993.3
1183230 990.3
1183240 990.3
1183250 987.1
1183260 983.7
1183270 983.7
1183280 981.1
1183290 979.0
1183300 979.0
1183310 976.6
1183320 974.4
1183330 974.4
1183340 972.4
1183350 973.3
1183360 973.3
1183370 967.2
1183380 967.1
1183390 967.1
1183400 966.7
1183410 966.1
1183420 966.1
1183430 965.9
1183440 966.2
1183450 966.2
1183460 966.6
1183470 967.0
1183480 967.0
1183490 966.5
1183500 965.4
1183510 965.4
1183520 964.7
1183530 964.5
1183540 965.5
1183550 965.5
1183560 967.6
1183570 968.6
1183580 968.6
1183590 967.9
1183600 965.6
1183610 965.6
1183620 965.3
1183630 965.1
1183640 965.1
1183650 965.2
1183660 965.2
1183670 965.2
1183680 966.3
1183690 967.2
1183700 967.2
1183710 965.7
1183720 961.0
1183730 961.0
1183740 953.5
1183750 949.1
1183760 949.1
1183770 950.8
1183780 952.1
1183790 952.1
1183800 948.2
1183810 945.0
1183820 945.0
1183830 940.9
1183840 936.2
1183850 936.2
1183860 933.5
1183870 933.0
1183880 933.0
1183890 931.6
1183900 930.9
1183910 930.9
1183920 931.0
1183930 933.0
1183940 929.2
1183950 929.2
1183960 924.2
1183970 924.5
1183980 924.5
1183990 928.4
1184000 928.6
1184010 928.6
1184020 927.7
1184030 926.8
1184040 926.8
1184050 926.8
1184060 927.2
1184070 927.2
1184080 925.4
1184090 922.5
1184100 922.5
1184110 918.0
1184120 911.9
1184130 911.9
1184140 905.8
1184150 899.6
1184160 899.6
1184170 893.9
1184180 889.2
1184190 889.2
1184200 885.2
1184210 882.5
1184220 881.7
1184230 879.6
1184240 878.3
1184250 878.3
1184260 880.0
1184270 884.2
1184280 884.2
1184290 889.4
1184300 894.6
1184310 897.3
1184320 897.3
1184330 897.6
1184340 896.1
1184350 896.1
1184360 895.1
1184370 897.6
1184380 897.6
1184390 901.2
1184400 904.0
1184410 904.0
1184420 906.0
1184430 908.9
1184440 908.9
1184450 912.2
1184460 914.1
1184470 914.1
1184480 914.8
1184490 915.7
1184500 915.7
1184510 916.3
1184520 916.2
1184530 916.2
1184540 915.5
1184550 914.5
1184560 914.5
1184570 913.4
1184580 912.1
1184590 912.1
1184600 914.0
1184610 918.5
1184620 918.5
1184630 922.2
1184640 925.2
1184650 923.0
1184660 925.6
1184670 927.3
1184680 927.6
1184690 927.6
1184700 928.0
1184710 927.9
1184720 927.9
1184730 926.7
1184740 927.3
1184750 927.3
1184760 930.0
1184770 936.2
1184780 936.2
1184790 945.7
1184800 952.5
1184810 952.5
1184820 952.7
1184830 952.5
1184840 952.5
1184850 951.8
1184860 952.8
1184870 952.8
1184880 956.5
1184890 958.4
1184900 958.4
1184910 958.6
1184920 959.4
1184930 959.4
1184940 960.1
1184950 961.4
1184960 961.4
1184970 962.6
1184980 963.8
1184990 963.8
1185000 965.6
1185010 966.5
1185020 966.5
1185030 964.6
1185040 960.1
1185050 960.1
1185060 962.6
1185070 966.8
1185080 974.3
1185090 974.3
1185100 974.2
1185110 976.6
1185120 976.6
1185130 976.8
1185140 977.8
1185150 977.8
1185160 977.6
1185170 975.6
1185180 975.6
1185190 972.9
1185200 969.6
1185210 969.6
1185220 964.8
1185230 961.2
1185240 961.2
1185250 961.1
1185260 967.4
1185270 967.4
1185280 978.3
1185290 984.8
1185300 984.8
1185310 988.2
1185320 986.6
1185330 986.6
1185340 979.1
1185350 971.5
1185360 971.5
1185370 965.4
1185380 965.7
1185390 965.7
1185400 967.2
1185410 970.0
1185420 970.0
1185430 975.4
1185440 977.5
1185450 978.7
1185460 978.7
1185470 979.2
1185480 978.6
1185490 978.6
1185500 979.6
1185510 978.7
1185520 978.7
1185530 977.2
1185540 975.6
1185550 975.6
1185560 975.5
1185570 976.1
1185580 976.1
1185590 978.4
1185600 978.9
1185610 978.9
1185620 976.1
1185630 973.9
1185640 973.9
1185650 973.3
1185660 973.8
1185670 973.8
1185680 972.4
1185690 969.7
1185700 969.7
1185710 965.6
1185720 962.3
1185730 962.3
1185740 959.0
1185750 956.9
1185760 956.9
1185770 955.4
1185780 954.2
1185790 954.2
1185800 954.5
1185810 956.7
1185820 960.7
1185830 960.7
1185840 966.0
1185850 970.6
1185860 970.6
1185870 974.9
1185880 978.4
1185890 978.4
1185900 982.2
1185910 984.9
1185920 984.9
1185930 989.8
1185940 994.3
1185950 994.3
1185960 997.2
1185970 997.5
1185980 997.5
1185990 997.4
1186000 999.9
1186010 999.9
1186020 1004.4
1186030 1007.9
1186040 1007.9
1186050 1008.8
1186060 1008.9
1186070 1008.9
1186080 1008.9
1186090 1009.5
1186100 1009.5
1186110 1012.6
1186120 1013.1
1186130 1013.1
1186140 1012.7
1186150 1013.0
1186160 1013.0
1186170 1014.1
1186180 1016.4
1186190 1016.4
1186200 1020.8
1186210 1025.1
1186220 1025.8
1186230 1025.8
1186240 1024.5
1186250 1024.7
1186260 1024.7
1186270 1025.6
1186280 1025.7
1186290 1025.7
1186300 1022.7
1186310 1019.9
1186320 1019.9
1186330 1017.7
1186340 1015.1
1186350 1015.1
1186360 1012.9
1186370 1011.5
1186380 1011.5
1186390 1008.4
1186400 1005.2
1186410 1005.2
1186420 1001.5
1186430 999.8
1186440 999.8
1186450 999.1
1186460 998.4
1186470 998.4
1186480 996.2
1186490 994.4
1186500 994.4
1186510 994.4
1186520 993.6
1186530 993.6
1186540 990.9
1186550 987.5
1186560 987.5
1186570 984.2
1186580 980.1
1186590 977.2
1186600 977.2
1186610 976.5
1186620 972.9
1186630 972.9
1186640 974.4
1186650 974.6
1186660 974.6
1186670 973.5
1186680 971.3
1186690 971.3
1186700 966.7
1186710 961.0
1186720 961.0
1186730 957.8
1186740 955.4
1186750 955.4
1186760 950.7
1186770 944.1
1186780 944.1
1186790 933.2
1186800 927.0
1186810 927.0
1186820 920.8
1186830 914.9
1186840 914.9
1186850 909.6
1186860 904.4
1186870 904.4
1186880 899.2
1186890 896.3
1186900 896.3
1186910 900.6
1186920 910.9
1186930 910.9
1186940 922.5
1186950 931.6
1186960 937.9
1186970 937.9
1186980 946.1
1186990 955.1
1187000 955.1
1187010 961.1
1187020 961.6
1187030 961.6
1187040 956.1
1187050 953.1
1187060 953.1
1187070 956.3
1187080 954.5
1187090 954.5
1187100 954.1
1187110 960.6
1187120 960.6
1187130 964.8
1187140 963.2
1187150 963.2
1187160 958.8
1187170 956.6
1187180 956.6
1187190 962.4
1187200 963.6
1187210 963.6
1187220 967.0
1187230 970.5
1187240 970.5
1187250 976.2
1187260 985.1
1187270 985.1
1187280 987.8
1187290 988.1
1187300 988.1
1187310 989.0
1187320 989.9
1187330 989.9
1187340 990.0
1187350 990.1
1187360 991.0
1187370 991.0
1187380 991.8
1187390 990.7
1187400 990.7
1187410 988.6
1187420 987.1
1187430 987.1
1187440 982.6
1187450 976.8
1187460 976.8
1187470 970.5
1187480 963.8
1187490 963.8
1187500 960.2
1187510 956.6
1187520 956.6
1187530 954.6
1187540 953.5
1187550 953.5
1187560 948.8
1187570 946.2
1187580 946.2
1187590 944.1
1187600 943.4
1187610 943.4
1187620 944.8
1187630 946.6
1187640 946.6
1187650 951.2
1187660 953.3
1187670 953.3
1187680 955.4
1187690 957.0
1187700 957.0
1187710 956.5
1187720 956.6
1187730 955.1
1187740 955.1
1187750 951.6
1187760 948.1
1187770 948.1
1187780 943.1
1187790 937.6
1187800 937.6
1187810 934.0
1187820 932.5
1187830 932.5
1187840 930.3
1187850 927.6
1187860 927.6
1187870 926.4
1187880 927.3
1187890 927.3
1187900 925.9
1187910 927.7
1187920 927.7
1187930 927.6
1187940 924.5
1187950 924.5
1187960 920.2
1187970 914.3
1187980 914.3
1187990 909.2
1188000 905.6
1188010 905.6
1188020 906.5
1188030 911.9
1188040 911.9
1188050 914.9
1188060 915.1
1188070 915.1
1188080 922.8
1188090 924.3
1188100 924.3
1188110 925.2
1188120 923.8
1188130 917.5
1188140 917.5
1188150 912.0
1188160 907.1
1188170 907.1
1188180 903.4
1188190 902.6
1188200 902.6
1188210 904.0
1188220 905.4
1188230 905.4
1188240 908.5
1188250 914.6
1188260 914.6
1188270 917.0
1188280 915.1
1188290 915.1
1188300 915.6
1188310 914.6
1188320 914.6
1188330 913.4
1188340 911.3
1188350 911.3
1188360 906.7
1188370 902.0
1188380 902.0
1188390 899.0
1188400 899.5
1188410 899.5
1188420 899.1
1188430 902.1
1188440 902.1
1188450 906.4
1188460 907.2
1188470 907.2
1188480 907.7
1188490 908.7
1188500 910.4
1188510 912.7
1188520 913.2
1188530 915.0
1188540 915.0
1188550 911.9
1188560 906.5
1188570 906.5
1188580 901.7
1188590 899.2
1188600 899.2
1188610 900.2
1188620 900.7
1188630 900.7
1188640 902.4
1188650 903.3
1188660 903.3
1188670 901.4
1188680 901.0
1188690 901.0
1188700 900.6
1188710 899.2
1188720 899.2
1188730 898.5
1188740 896.5
1188750 896.5
1188760 896.6
1188770 894.7
1188780 894.7
1188790 890.7
1188800 887.0
1188810 887.0
1188820 885.1
1188830 882.9
1188840 882.9
1188850 880.4
1188860 878.4
1188870 876.7
1188880 876.7
1188890 874.8
1188900 873.1
1188910 873.1
1188920 871.6
1188930 870.2
1188940 870.2
1188950 861.7
1188960 858.8
1188970 858.8
1188980 854.9
1188990 848.7
1189000 848.7
1189010 841.1
1189020 832.3
1189030 832.3
1189040 830.6
1189050 830.9
1189060 830.9
1189070 829.7
1189080 828.8
1189090 828.8
1189100 827.5
1189110 823.4
1189120 823.4
1189130 820.7
1189140 818.9
1189150 818.9
1189160 819.3
1189170 820.8
1189180 820.8
1189190 823.3
1189200 825.8
1189210 825.8
1189220 826.8
1189230 827.1
1189240 827.1
1189250 826.4
1189260 824.4
1189270 820.6
1189280 820.6
1189290 815.2
1189300 810.9
1189310 810.9
1189320 809.3
1189330 806.4
1189340 806.4
1189350 803.5
1189360 801.5
1189370 801.5
1189380 799.4
1189390 799.4
1189400 799.4
1189410 799.3
1189420 799.2
1189430 799.2
1189440 799.1
1189450 799.1
1189460 799.1
1189470 799.1
1189480 799.0
1189490 799.0
1189500 798.9
1189510 798.9
1189520 798.9
1189530 798.8
1189540 798.8
1189550 798.8
1189560 798.8
1189570 798.9
1189580 798.9
1189590 798.7
1189600 798.5
1189610 798.5
1189620 798.7
1189630 798.8
1189640 798.5
1189650 798.5
1189660 798.4
1189670 798.3
1189680 798.3
1189690 798.4
1189700 798.4
1189710 798.4
1189720 798.4
1189730 798.4
1189740 798.4
1189750 798.2
1189760 798.3
1189770 798.3
1189780 798.2
1189790 798.1
1189800 798.1
1189810 798.3
1189820 798.1
1189830 798.1
1189840 797.4
1189850 797.1
1189860 797.1
1189870 797.7
1189880 797.6
1189890 797.6
1189900 797.5
1189910 797.4
1189920 797.4
1189930 797.5
1189940 797.7
1189950 797.7
1189960 797.8
1189970 797.9
1189980 797.9
1189990 798.0
1190000 798.1
1190010 797.9
1190020 797.9
1190030 797.8
1190040 797.8
1190050 797.8
1190060 797.9
1190070 797.8
1190080 797.8
1190090 797.6
1190100 796.8
1190110 796.8
1190120 796.3
1190130 796.4
1190140 796.4
1190150 796.3
1190160 796.3
1190170 796.3
1190180 796.3
1190190 796.3
1190200 796.3
1190210 796.5
1190220 798.1
1190230 798.1
1190240 798.7
1190250 797.3
1190260 797.3
1190270 797.8
1190280 798.5
1190290 798.5
1190300 798.9
1190310 798.9
1190320 798.9
1190330 798.8
1190340 798.6
1190350 798.6
1190360 798.4
1190370 798.3
1190380 798.3
1190390 798.1
1190400 798.0
1190410 798.0
1190420 798.0
1190430 797.8
1190440 797.9
1190450 797.9
1190460 797.9
1190470 797.9
1190480 797.9
1190490 797.8
1190500 797.7
1190510 797.7
1190520 797.6
1190530 797.4
1190540 797.4
1190550 797.2
1190560 796.9
1190570 796.9
1190580 797.4
1190590 798.7
1190600 798.7
1190610 802.1
1190620 804.3
1190630 804.3
1190640 804.7
1190650 804.7
1190660 804.7
1190670 804.6
1190680 805.4
1190690 805.4
1190700 805.9
1190710 806.0
1190720 806.0
1190730 806.1
1190740 805.9
1190750 805.9
1190760 805.9
1190770 806.0
1190780 806.3
1190790 806.3
1190800 806.5
1190810 806.8
1190820 806.8
1190830 807.0
1190840 807.9
1190850 807.9
1190860 808.8
