1180000 851.3
1180010 848.0
1180020 848.0
1180030 844.3
1180040 840.6
1180050 840.6
1180060 837.9
1180070 835.3
1180080 835.3
1180090 832.7
1180100 832.0
1180110 832.0
1180120 831.7
1180130 831.7
1180140 831.7
1180150 831.8
1180160 831.7
1180170 831.7
1180180 831.9
1180190 832.1
1180200 832.1
1180210 831.7
1180220 831.1
1180230 831.1
1180240 830.7
1180250 830.5
1180260 830.4
1180270 830.4
1180280 830.4
1180290 830.4
1180300 830.4
1180310 830.2
1180320 830.2
1180330 830.2
1180340 830.3
1180350 830.3
1180360 830.3
1180370 830.2
1180380 830.2
1180390 830.2
1180400 830.2
1180410 830.1
1180420 830.1
1180430 830.1
1180440 830.1
1180450 830.1
1180460 830.2
1180470 830.2
1180480 830.2
1180490 829.9
1180500 829.8
1180510 829.8
1180520 829.9
1180530 829.9
1180540 829.9
1180550 829.7
1180560 829.5
1180570 829.5
1180580 829.3
1180590 829.2
1180600 829.2
1180610 829.0
1180620 828.9
1180630 828.9
1180640 828.7
1180650 828.5
1180660 828.4
1180670 828.4
1180680 828.4
1180690 828.2
1180700 828.2
1180710 828.1
1180720 828.1
1180730 828.1
1180740 828.1
1180750 827.9
1180760 827.9
1180770 827.7
1180780 827.8
1180790 827.8
1180800 827.6
1180810 827.5
1180820 827.5
1180830 827.5
1180840 827.5
1180850 827.5
1180860 827.5
1180870 827.4
1180880 827.4
1180890 827.4
1180900 827.3
1180910 827.3
1180920 827.3
1180930 827.3
1180940 827.4
1180950 827.4
1180960 827.4
1180970 827.4
1180980 827.3
1180990 827.2
1181000 827.2
1181010 827.1
1181020 827.1
1181030 827.2
1181040 827.2
1181050 827.3
1181060 827.2
1181070 827.2
1181080 827.1
1181090 827.0
1181100 827.0
1181110 826.8
1181120 826.2
1181130 826.2
1181140 825.1
1181150 825.0
1181160 825.0
1181170 824.8
1181180 824.7
1181190 824.7
1181200 824.8
1181210 824.7
1181220 824.7
1181230 824.3
1181240 824.3
1181250 824.3
1181260 824.3
1181270 824.2
1181280 824.2
1181290 824.2
1181300 824.1
1181310 824.1
1181320 823.9
1181330 823.7
1181340 823.7
1181350 823.6
1181360 823.7
1181370 823.7
1181380 823.7
1181390 823.8
1181400 823.8
1181410 823.8
1181420 823.8
1181430 823.8
1181440 823.8
1181450 823.8
1181460 823.8
1181470 823.8
1181480 823.9
1181490 824.2
1181500 824.2
1181510 824.4
1181520 824.5
1181530 824.5
1181540 824.5
1181550 824.5
1181560 824.5
1181570 824.5
1181580 824.3
1181590 824.3
1181600 824.2
1181610 824.0
1181620 824.0
1181630 823.9
1181640 823.9
1181650 823.9
1181660 823.9
1181670 824.0
1181680 824.0
1181690 824.0
1181700 824.2
1181710 824.2
1181720 824.2
1181730 824.3
1181740 824.3
1181750 824.3
1181760 824.2
1181770 824.2
1181780 822.8
1181790 822.6
1181800 822.3
1181810 822.3
1181820 822.2
1181830 822.5
1181840 822.5
1181850 822.5
1181860 822.5
1181870 822.5
1181880 822.4
1181890 822.3
1181900 822.3
1181910 822.3
1181920 822.3
1181930 822.3
1181940 822.3
1181950 822.3
1181960 822.3
1181970 822.2
1181980 822.2
1181990 822.2
1182000 822.1
1182010 822.1
1182020 822.1
1182030 822.4
1182040 822.8
1182050 822.8
1182060 822.7
1182070 822.8
1182080 822.8
1182090 823.4
1182100 822.4
1182110 822.4
1182120 822.6
1182130 824.3
1182140 824.3
1182150 823.4
1182160 822.5
1182170 822.0
1182180 822.0
1182190 821.4
1182200 820.8
1182210 822.3
1182220 821.6
1182230 820.3
1182240 820.3
1182250 818.9
1182260 818.8
1182270 818.8
1182280 818.8
1182290 819.0
1182300 819.0
1182310 819.4
1182320 820.4
1182330 820.4
1182340 821.2
1182350 821.3
1182360 821.3
1182370 821.1
1182380 820.9
1182390 820.9
1182400 820.8
1182410 820.7
1182420 820.7
1182430 820.6
1182440 820.6
1182450 820.6
1182460 820.5
1182470 820.4
1182480 820.4
1182490 820.3
1182500 820.4
1182510 820.4
1182520 820.4
1182530 820.3
1182540 820.3
1182550 820.3
1182560 820.2
1182570 820.4
1182580 820.4
1182590 820.3
1182600 820.2
1182610 820.2
1182620 820.1
1182630 819.3
1182640 819.3
1182650 819.2
1182660 819.2
1182670 819.2
1182680 819.2
1182690 819.2
1182700 819.2
1182710 819.1
1182720 819.2
1182730 819.2
1182740 819.2
1182750 819.2
1182760 819.2
1182770 819.2
1182780 819.3
1182790 819.3
1182800 819.3
1182810 819.2
1182820 819.2
1182830 819.1
1182840 819.0
1182850 819.0
1182860 819.0
1182870 819.0
1182880 819.0
1182890 819.0
1182900 819.0
1182910 818.7
1182920 818.7
1182930 818.6
1182940 818.4
1182950 818.4
1182960 818.2
1182970 818.0
1182980 818.0
1182990 817.9
1183000 818.0
1183010 818.0
1183020 817.9
1183030 817.9
1183040 817.9
1183050 817.9
1183060 817.8
1183070 817.8
1183080 817.8
1183090 817.8
1183100 817.8
1183110 818.0
1183120 818.1
1183130 818.1
1183140 818.2
1183150 818.1
1183160 818.1
1183170 818.0
1183180 817.9
1183190 817.9
1183200 817.7
1183210 817.8
1183220 817.8
1183230 817.9
1183240 817.8
1183250 817.8
1183260 817.8
1183270 817.9
1183280 817.9
1183290 817.8
1183300 817.5
1183310 817.4
1183320 817.4
1183330 817.4
1183340 817.3
1183350 817.3
1183360 817.1
1183370 817.8
1183380 817.8
1183390 818.3
1183400 818.1
1183410 818.1
1183420 817.9
1183430 817.7
1183440 817.7
1183450 817.6
1183460 817.5
1183470 817.5
1183480 817.4
1183490 817.5
1183500 817.5
1183510 817.5
1183520 817.1
1183530 817.1
1183540 817.2
1183550 817.4
1183560 817.4
1183570 817.2
1183580 817.1
1183590 817.1
1183600 816.5
1183610 816.3
1183620 816.3
1183630 815.8
1183640 815.6
1183650 815.6
1183660 816.5
1183670 817.6
1183680 817.6
1183690 817.6
1183700 817.5
1183710 817.3
1183720 817.3
1183730 817.2
1183740 817.4
1183750 817.4
1183760 817.3
1183770 817.3
1183780 817.3
1183790 817.3
1183800 817.6
1183810 817.6
1183820 819.0
1183830 819.3
1183840 819.3
1183850 819.3
1183860 819.4
1183870 819.4
1183880 819.5
1183890 819.4
1183900 819.7
1183910 819.5
1183920 819.4
1183930 819.4
1183940 819.1
1183950 818.9
1183960 818.9
1183970 818.9
1183980 819.3
1183990 819.3
1184000 819.4
1184010 818.7
1184020 818.7
1184030 818.5
1184040 818.3
1184050 818.3
1184060 818.3
1184070 818.2
1184080 818.2
1184090 818.2
1184100 818.2
1184110 818.3
1184120 818.3
1184130 818.3
1184140 818.2
1184150 818.2
1184160 818.4
1184170 818.6
1184180 818.6
1184190 818.2
1184200 818.1
1184210 818.1
1184220 818.0
1184230 818.1
1184240 818.1
1184250 818.0
1184260 817.9
1184270 817.9
1184280 817.9
1184290 817.9
1184300 817.9
1184310 817.9
1184320 817.8
1184330 817.7
1184340 817.7
1184350 817.6
1184360 817.6
1184370 817.5
1184380 817.3
1184390 817.3
1184400 817.2
1184410 817.0
1184420 817.0
1184430 816.9
1184440 817.0
1184450 817.1
1184460 817.1
1184470 817.2
1184480 817.2
1184490 817.2
1184500 817.1
1184510 816.9
1184520 816.9
1184530 816.6
1184540 816.5
1184550 816.5
1184560 816.4
1184570 816.6
1184580 816.6
1184590 816.8
1184600 816.8
1184610 816.8
1184620 816.8
1184630 816.7
1184640 816.7
1184650 816.9
1184660 816.9
1184670 816.9
1184680 816.8
1184690 816.6
1184700 816.6
1184710 816.7
1184720 816.7
1184730 816.7
1184740 816.6
1184750 816.7
1184760 816.8
1184770 816.7
1184780 816.6
1184790 816.6
1184800 816.6
1184810 816.5
1184820 816.6
1184830 816.6
1184840 816.6
1184850 816.5
1184860 816.5
1184870 816.5
1184880 816.5
1184890 816.5
1184900 816.5
1184910 816.5
1184920 816.5
1184930 816.5
1184940 816.2
1184950 816.2
1184960 816.0
1184970 815.9
1184980 815.9
1184990 816.0
1185000 816.1
1185010 816.1
1185020 816.1
1185030 815.9
1185040 815.9
1185050 815.7
1185060 815.4
1185070 815.4
1185080 815.5
1185090 815.6
1185100 815.6
1185110 815.6
1185120 815.7
1185130 815.7
1185140 815.8
1185150 815.8
1185160 815.8
1185170 815.8
1185180 815.1
1185190 814.7
1185200 814.7
1185210 816.0
1185220 816.7
1185230 816.7
1185240 816.6
1185250 816.0
1185260 816.0
1185270 816.6
1185280 817.3
1185290 817.3
1185300 817.7
1185310 817.8
1185320 817.8
1185330 817.4
1185340 816.9
1185350 816.9
1185360 816.0
1185370 814.3
1185380 814.3
1185390 812.8
1185400 810.6
1185410 810.6
1185420 808.5
1185430 807.2
1185440 807.2
1185450 806.9
1185460 808.8
1185470 808.8
1185480 810.8
1185490 811.4
1185500 811.4
1185510 811.4
1185520 812.0
1185530 812.0
1185540 812.4
1185550 812.6
1185560 812.6
1185570 813.3
1185580 813.5
1185590 813.4
1185600 813.4
1185610 813.1
1185620 813.8
1185630 813.8
1185640 814.0
1185650 814.7
1185660 814.7
1185670 815.2
1185680 815.3
1185690 815.3
1185700 815.4
1185710 815.8
1185720 815.8
1185730 816.7
1185740 817.8
1185750 817.8
1185760 818.5
1185770 819.1
1185780 819.1
1185790 820.0
1185800 821.5
1185810 821.5
1185820 821.6
1185830 820.0
1185840 820.0
1185850 818.2
1185860 816.7
1185870 816.7
1185880 815.1
1185890 814.4
1185900 814.4
1185910 814.1
1185920 814.1
1185930 814.1
1185940 814.3
1185950 814.1
1185960 813.7
1185970 813.7
1185980 813.2
1185990 812.8
1186000 812.8
1186010 812.5
1186020 812.0
1186030 812.0
1186040 812.4
1186050 811.2
1186060 811.2
1186070 809.7
1186080 811.1
1186090 811.1
1186100 809.3
1186110 807.5
1186120 807.5
1186130 806.4
1186140 806.2
1186150 806.2
1186160 806.4
1186170 806.8
1186180 806.8
1186190 807.0
1186200 806.4
1186210 806.4
1186220 806.9
1186230 810.7
1186240 810.7
1186250 811.2
1186260 807.4
1186270 807.4
1186280 805.7
1186290 806.1
1186300 806.1
1186310 806.0
1186320 805.6
1186330 805.4
1186340 805.4
1186350 805.3
1186360 805.2
1186370 805.2
1186380 805.1
1186390 805.0
1186400 805.0
1186410 805.0
1186420 805.0
1186430 805.0
1186440 804.9
1186450 804.9
1186460 804.9
1186470 804.9
1186480 804.9
1186490 804.9
1186500 804.9
1186510 804.8
1186520 804.8
1186530 804.7
1186540 805.0
1186550 805.0
1186560 806.9
1186570 808.7
1186580 808.7
1186590 809.6
1186600 808.5
1186610 808.5
1186620 805.2
1186630 804.5
1186640 804.5
1186650 804.3
1186660 804.4
1186670 804.4
1186680 804.5
1186690 804.5
1186700 804.5
1186710 804.5
1186720 804.4
1186730 804.3
1186740 804.3
1186750 804.4
1186760 804.5
1186770 804.5
1186780 804.6
1186790 804.5
1186800 804.5
1186810 804.1
1186820 804.5
1186830 804.5
1186840 804.6
1186850 804.6
1186860 804.6
1186870 804.6
1186880 804.6
1186890 804.6
1186900 804.6
1186910 804.6
1186920 804.6
1186930 804.7
1186940 804.9
1186950 804.9
1186960 805.1
1186970 805.5
1186980 805.5
1186990 805.8
1187000 806.0
1187010 806.0
1187020 806.1
1187030 806.0
1187040 806.0
1187050 805.8
1187060 805.6
1187070 805.6
1187080 805.3
1187090 805.2
1187100 805.0
1187110 805.0
1187120 805.0
1187130 804.9
1187140 804.9
1187150 804.6
1187160 804.5
1187170 804.5
1187180 804.5
1187190 804.6
1187200 804.6
1187210 804.7
1187220 804.7
1187230 804.7
1187240 804.9
1187250 804.7
1187260 804.7
1187270 804.8
1187280 804.7
1187290 804.7
1187300 803.9
1187310 803.5
1187320 803.5
1187330 804.6
1187340 804.7
1187350 804.7
1187360 804.5
1187370 804.5
1187380 804.5
1187390 804.6
1187400 804.4
1187410 804.4
1187420 803.8
1187430 803.2
1187440 803.2
1187450 802.9
1187460 802.8
1187470 802.8
1187480 802.8
1187490 802.8
1187500 802.7
1187510 802.7
1187520 802.7
1187530 802.6
1187540 802.6
1187550 802.6
1187560 802.6
1187570 802.6
1187580 802.6
1187590 802.4
1187600 802.4
1187610 802.2
1187620 802.2
1187630 802.2
1187640 802.3
1187650 802.2
1187660 802.2
1187670 802.2
1187680 801.8
1187690 801.8
1187700 801.2
1187710 801.3
1187720 801.3
1187730 801.2
1187740 801.2
1187750 801.2
1187760 801.5
1187770 801.6
1187780 801.6
1187790 801.8
1187800 802.0
1187810 802.0
1187820 802.0
1187830 801.9
1187840 801.1
1187850 801.1
1187860 801.1
1187870 801.4
1187880 801.4
1187890 801.5
1187900 801.2
1187910 801.2
1187920 800.3
1187930 800.2
1187940 800.2
1187950 800.2
1187960 800.2
1187970 800.2
1187980 800.2
1187990 800.2
1188000 800.2
1188010 800.2
1188020 800.3
1188030 800.3
1188040 801.0
1188050 800.6
1188060 800.6
1188070 800.3
1188080 800.2
1188090 800.2
1188100 800.2
1188110 800.2
1188120 800.2
1188130 800.2
1188140 800.2
1188150 800.2
1188160 800.2
1188170 800.2
1188180 800.2
1188190 800.2
1188200 800.2
1188210 800.2
1188220 800.2
1188230 800.2
1188240 800.2
1188250 800.2
1188260 800.2
1188270 800.2
1188280 800.2
1188290 800.2
1188300 800.2
1188310 800.2
1188320 800.2
1188330 800.2
1188340 800.2
1188350 800.2
1188360 800.1
1188370 800.1
1188380 800.0
1188390 800.0
1188400 800.0
1188410 800.0
1188420 800.0
1188430 800.0
1188440 800.0
1188450 800.0
1188460 800.0
1188470 800.1
1188480 800.1
1188490 800.1
1188500 800.1
1188510 800.3
1188520 800.3
1188530 800.5
1188540 800.5
1188550 800.5
1188560 800.5
1188570 800.5
1188580 800.5
1188590 800.7
1188600 800.4
1188610 800.1
1188620 800.2
1188630 801.3
1188640 802.5
1188650 802.5
1188660 801.8
1188670 799.5
1188680 799.5
1188690 799.0
1188700 799.2
1188710 799.2
1188720 799.4
1188730 799.3
1188740 799.3
1188750 799.1
1188760 799.0
1188770 799.0
1188780 799.0
1188790 799.0
1188800 799.0
1188810 799.3
1188820 799.5
1188830 799.5
1188840 800.1
1188850 800.3
1188860 800.3
1188870 800.2
1188880 800.2
1188890 800.2
1188900 800.2
1188910 800.1
1188920 800.1
1188930 799.9
1188940 799.7
1188950 799.7
1188960 799.6
1188970 799.4
1188980 799.2
1188990 799.2
1189000 799.4
1189010 799.4
1189020 799.4
1189030 799.5
1189040 799.5
1189050 800.2
1189060 801.5
1189070 802.8
1189080 802.8
1189090 803.3
1189100 802.9
1189110 802.9
1189120 801.6
1189130 799.8
1189140 799.8
1189150 798.7
1189160 798.3
1189170 798.3
1189180 798.3
1189190 798.3
1189200 798.3
1189210 798.4
1189220 799.3
1189230 799.3
1189240 801.0
1189250 802.5
1189260 802.5
1189270 803.1
1189280 803.3
1189290 803.3
1189300 803.4
1189310 803.5
1189320 803.5
1189330 803.6
1189340 803.9
1189350 804.2
1189360 804.2
1189370 804.5
1189380 804.7
1189390 804.7
1189400 804.8
1189410 804.9
1189420 804.9
1189430 804.9
1189440 805.0
1189450 805.0
1189460 805.0
1189470 805.2
1189480 805.2
1189490 807.0
1189500 806.9
1189510 806.9
1189520 806.7
1189530 807.3
1189540 807.3
1189550 808.9
1189560 811.0
1189570 811.0
1189580 813.9
1189590 817.6
1189600 817.6
1189610 821.7
1189620 823.0
1189630 823.0
1189640 825.9
1189650 829.1
1189660 829.1
1189670 832.1
1189680 834.2
1189690 834.2
1189700 834.7
1189710 839.5
1189720 839.5
1189730 848.4
1189740 857.6
1189750 867.3
1189760 867.3
1189770 878.2
1189780 886.3
1189790 886.3
1189800 893.9
1189810 900.1
1189820 900.1
1189830 903.4
1189840 906.8
1189850 906.8
1189860 907.5
1189870 906.4
1189880 906.4
1189890 904.8
1189900 902.2
1189910 902.2
1189920 892.2
1189930 887.7
1189940 887.7
1189950 884.5
1189960 882.0
1189970 882.0
1189980 879.6
1189990 875.7
1190000 875.7
1190010 871.7
1190020 867.2
1190030 867.2
1190040 864.0
1190050 861.3
1190060 861.3
1190070 859.2
1190080 857.8
1190090 857.8
1190100 856.0
1190110 854.8
1190120 853.4
1190130 853.4
1190140 851.2
1190150 849.0
1190160 849.0
1190170 847.5
1190180 846.2
1190190 846.2
1190200 844.7
1190210 843.2
1190220 843.2
1190230 842.4
1190240 841.9
1190250 841.9
1190260 841.9
1190270 841.8
1190280 841.8
1190290 841.4
1190300 841.3
1190310 841.3
1190320 841.6
1190330 841.3
1190340 841.3
1190350 845.2
1190360 845.1
1190370 845.1
1190380 845.2
1190390 844.2
1190400 844.2
1190410 844.8
1190420 844.7
1190430 844.7
1190440 845.2
1190450 848.0
1190460 848.0
1190470 849.7
1190480 852.0
1190490 854.5
1190500 854.5
1190510 855.8
1190520 857.4
1190530 857.4
1190540 861.0
1190550 864.8
1190560 864.8
1190570 866.5
1190580 870.2
1190590 870.2
1190600 876.7
1190610 885.9
1190620 885.9
1190630 890.7
1190640 907.2
1190650 907.2
1190660 928.6
1190670 934.0
1190680 934.0
1190690 938.2
1190700 942.5
1190710 942.5
1190720 945.7
1190730 947.4
1190740 947.4
1190750 947.8
1190760 952.6
1190770 952.6
1190780 955.5
1190790 964.5
1190800 964.5
1190810 967.5
1190820 970.8
1190830 970.8
1190840 973.5
1190850 971.3
1190860 971.3
1190870 970.8
1190880 978.5
1190890 983.5
1190900 983.5
1190910 990.2
1190920 999.5
1190930 999.5
1190940 1007.7
1190950 1010.5
1190960 1010.5
1190970 1008.4
