1180000 886.4
1180010 890.4
1180020 890.6
1180030 890.3
1180040 890.3
1180050 891.2
1180060 894.1
1180070 894.1
1180080 898.1
1180090 902.3
1180100 902.3
1180110 907.1
1180120 911.8
1180130 911.8
1180140 918.2
1180150 928.5
1180160 928.5
1180170 943.3
1180180 952.0
1180190 952.0
1180200 952.5
1180210 948.7
1180220 948.7
1180230 940.2
1180240 932.1
1180250 932.1
1180260 940.8
1180270 944.3
1180280 944.3
1180290 944.9
1180300 947.8
1180310 947.8
1180320 951.6
1180330 958.4
1180340 958.4
1180350 972.2
1180360 983.0
1180370 983.0
1180380 984.6
1180390 985.2
1180400 985.2
1180410 985.9
1180420 986.0
1180430 986.7
1180440 986.7
1180450 990.5
1180460 994.0
1180470 994.0
1180480 997.9
1180490 1001.7
1180500 1001.7
1180510 1006.9
1180520 1012.0
1180530 1012.0
1180540 1016.4
1180550 1020.6
1180560 1020.6
1180570 1023.9
1180580 1026.7
1180590 1026.7
1180600 1026.8
1180610 1030.2
1180620 1030.2
1180630 1032.6
1180640 1034.9
1180650 1034.9
1180660 1021.3
1180670 1024.5
1180680 1024.5
1180690 1029.3
1180700 1035.4
1180710 1035.4
1180720 1047.6
1180730 1053.1
1180740 1053.1
1180750 1062.0
1180760 1069.1
1180770 1069.1
1180780 1072.1
1180790 1074.9
1180800 1074.9
1180810 1074.9
1180820 1076.0
1180830 1074.6
1180840 1074.6
1180850 1075.3
1180860 1080.3
1180870 1080.3
1180880 1086.4
1180890 1093.5
1180900 1093.5
1180910 1103.4
1180920 1119.7
1180930 1119.7
1180940 1136.9
1180950 1143.8
1180960 1143.8
1180970 1144.4
1180980 1144.4
1180990 1144.4
1181000 1145.3
1181010 1144.5
1181020 1144.5
1181030 1145.9
1181040 1149.7
1181050 1149.7
1181060 1154.6
1181070 1159.1
1181080 1151.4
1181090 1148.7
1181100 1144.1
1181110 1144.1
1181120 1142.6
1181130 1140.5
1181140 1140.5
1181150 1141.8
1181160 1143.2
1181170 1143.2
1181180 1135.3
1181190 1128.3
1181200 1125.3
1181210 1125.3
1181220 1131.9
1181230 1140.1
1181240 1140.1
1181250 1154.0
1181260 1166.3
1181270 1166.3
1181280 1167.1
1181290 1162.2
1181300 1162.2
1181310 1160.7
1181320 1156.6
1181330 1156.6
1181340 1164.5
1181350 1176.6
1181360 1176.6
1181370 1184.5
1181380 1196.1
1181390 1196.1
1181400 1208.1
1181410 1207.7
1181420 1207.7
1181430 1208.7
1181440 1216.8
1181450 1216.8
1181460 1225.1
1181470 1229.3
1181480 1229.3
1181490 1228.2
1181500 1216.3
1181510 1216.3
1181520 1210.0
1181530 1204.6
1181540 1204.6
1181550 1210.6
1181560 1226.7
1181570 1239.0
1181580 1239.0
1181590 1239.7
1181600 1237.0
1181610 1237.0
1181620 1231.6
1181630 1224.8
1181640 1224.8
1181650 1217.0
1181660 1209.5
1181670 1209.5
1181680 1202.5
1181690 1196.2
1181700 1196.2
1181710 1188.7
1181720 1181.6
1181730 1181.6
1181740 1175.6
1181750 1170.0
1181760 1170.0
1181770 1165.1
1181780 1159.5
1181790 1159.5
1181800 1153.1
1181810 1147.1
1181820 1147.1
1181830 1140.6
1181840 1134.5
1181850 1134.5
1181860 1128.9
1181870 1124.1
1181880 1124.1
1181890 1121.2
1181900 1118.4
1181910 1118.4
1181920 1111.6
1181930 1110.1
1181940 1110.1
1181950 1108.7
1181960 1105.8
1181970 1102.1
1181980 1102.1
1181990 1099.4
1182000 1097.7
1182010 1097.7
1182020 1095.2
1182030 1091.6
1182040 1091.6
1182050 1088.2
1182060 1086.3
1182070 1086.3
1182080 1084.2
1182090 1082.3
1182100 1082.3
1182110 1081.2
1182120 1079.6
1182130 1079.6
1182140 1078.1
1182150 1077.2
1182160 1077.2
1182170 1076.7
1182180 1075.9
1182190 1075.9
1182200 1075.3
1182210 1074.7
1182220 1074.7
1182230 1074.3
1182240 1074.4
1182250 1074.4
1182260 1075.1
1182270 1076.5
1182280 1076.5
1182290 1078.1
1182300 1078.8
1182310 1078.8
1182320 1079.3
1182330 1080.5
1182340 1082.0
1182350 1080.5
1182360 1082.1
1182370 1083.7
1182380 1083.7
1182390 1085.5
1182400 1087.4
1182410 1087.4
1182420 1089.3
1182430 1091.4
1182440 1091.4
1182450 1093.5
1182460 1095.6
1182470 1095.6
1182480 1097.4
1182490 1098.8
1182500 1098.8
1182510 1100.0
1182520 1100.9
1182530 1100.9
1182540 1101.2
1182550 1102.1
1182560 1102.1
1182570 1103.9
1182580 1105.4
1182590 1105.4
1182600 1106.0
1182610 1107.9
1182620 1107.9
1182630 1111.2
1182640 1115.4
1182650 1115.4
1182660 1120.5
1182670 1126.6
1182680 1126.6
1182690 1132.6
1182700 1137.6
1182710 1137.6
1182720 1141.4
1182730 1145.8
1182740 1146.7
1182750 1146.7
1182760 1139.7
1182770 1140.4
1182780 1140.4
1182790 1135.2
1182800 1131.8
1182810 1131.8
1182820 1129.7
1182830 1128.6
1182840 1128.6
1182850 1126.3
1182860 1128.4
1182870 1128.4
1182880 1127.3
1182890 1120.6
1182900 1120.6
1182910 1112.8
1182920 1105.3
1182930 1105.3
1182940 1098.6
1182950 1093.0
1182960 1093.0
1182970 1085.9
1182980 1077.2
1182990 1077.2
1183000 1066.7
1183010 1057.2
1183020 1057.2
1183030 1049.2
1183040 1042.3
1183050 1042.3
1183060 1037.1
1183070 1032.4
1183080 1032.4
1183090 1024.5
1183100 1019.0
1183110 1017.3
1183120 1017.3
1183130 1017.1
1183140 1017.6
1183150 1017.6
1183160 1022.2
1183170 1024.0
1183180 1024.0
1183190 1028.1
1183200 1022.4
1183210 1022.4
1183220 1017.5
1183230 1014.3
1183240 1014.3
1183250 1011.1
1183260 1007.9
1183270 1007.9
1183280 1008.5
1183290 1014.8
1183300 1014.8
1183310 1018.5
1183320 1009.5
1183330 1009.5
1183340 1003.4
1183350 1000.6
1183360 1000.6
1183370 1000.2
1183380 1001.0
1183390 1001.0
1183400 1001.0
1183410 1003.2
1183420 1003.2
1183430 1004.8
1183440 1001.5
1183450 1001.5
1183460 997.4
1183470 991.9
1183480 991.9
1183490 981.6
1183500 974.5
1183510 971.2
1183520 971.2
