1180000 838.8
1180010 838.2
1180020 838.2
1180030 838.2
1180040 836.4
1180050 836.4
1180060 836.4
1180070 837.8
1180080 837.8
1180090 839.9
1180100 842.1
1180110 842.1
1180120 844.6
1180130 847.6
1180140 847.6
1180150 850.5
1180160 852.1
1180170 852.1
1180180 853.3
1180190 854.3
1180200 855.7
1180210 855.7
1180220 857.7
1180230 858.9
1180240 858.9
1180250 858.2
1180260 857.3
1180270 857.3
1180280 858.0
1180290 859.4
1180300 859.4
1180310 860.9
1180320 863.3
1180330 863.3
1180340 866.0
1180350 868.8
1180360 868.8
1180370 872.0
1180380 875.5
1180390 875.5
1180400 877.2
1180410 878.7
1180420 878.7
1180430 882.3
1180440 886.4
1180450 886.4
1180460 883.1
1180470 886.4
1180480 886.4
1180490 887.8
1180500 888.4
1180510 888.4
1180520 889.7
1180530 891.5
1180540 891.5
1180550 893.8
1180560 896.9
1180570 896.9
1180580 899.2
1180590 900.6
1180600 899.6
1180610 899.6
1180620 896.9
1180630 904.1
1180640 904.1
1180650 910.0
1180660 914.8
1180670 914.8
1180680 922.4
1180690 929.3
1180700 929.3
1180710 934.2
1180720 938.4
1180730 938.4
1180740 942.9
1180750 947.5
1180760 947.5
1180770 946.0
1180780 944.9
1180790 944.9
1180800 954.3
1180810 963.4
1180820 963.4
1180830 969.8
1180840 974.1
1180850 974.1
1180860 977.8
1180870 982.2
1180880 976.5
1180890 980.3
1180900 980.2
1180910 980.2
1180920 981.5
1180930 984.8
1180940 984.8
1180950 989.0
1180960 994.7
1180970 1001.2
1180980 1001.2
1180990 1006.5
1181000 1011.1
1181010 1011.1
1181020 1014.9
1181030 1017.7
1181040 1017.7
1181050 1021.9
1181060 1027.7
1181070 1027.7
1181080 1033.2
1181090 1036.7
1181100 1036.7
1181110 1038.2
1181120 1035.6
1181130 1035.6
1181140 1031.3
1181150 1027.3
1181160 1027.3
1181170 1027.2
1181180 1036.2
1181190 1036.2
1181200 1044.5
1181210 1052.4
1181220 1052.4
1181230 1060.0
1181240 1066.4
1181250 1066.4
1181260 1074.7
1181270 1084.1
1181280 1084.1
1181290 1092.3
1181300 1079.9
1181310 1079.9
1181320 1075.6
1181330 1079.9
1181340 1076.8
1181350 1076.8
1181360 1068.6
1181370 1071.0
1181380 1071.0
1181390 1087.2
1181400 1110.8
1181410 1110.8
1181420 1122.5
1181430 1123.2
1181440 1123.2
1181450 1127.0
1181460 1133.9
1181470 1133.9
1181480 1140.2
1181490 1143.2
1181500 1143.2
1181510 1138.5
1181520 1128.1
1181530 1128.1
1181540 1116.5
1181550 1122.3
1181560 1122.3
1181570 1134.8
1181580 1142.6
1181590 1142.6
1181600 1148.9
1181610 1156.9
1181620 1156.9
1181630 1158.4
1181640 1158.3
1181650 1158.3
1181660 1158.4
1181670 1159.1
1181680 1159.1
1181690 1159.1
1181700 1160.1
1181710 1160.1
1181720 1162.0
1181730 1157.8
1181740 1158.9
1181750 1158.9
1181760 1160.6
1181770 1161.9
1181780 1161.9
1181790 1159.8
1181800 1156.0
1181810 1156.0
1181820 1151.5
1181830 1144.8
1181840 1144.8
1181850 1137.3
1181860 1130.8
1181870 1130.8
1181880 1124.9
1181890 1119.3
1181900 1119.3
1181910 1114.3
1181920 1109.6
1181930 1109.6
1181940 1105.5
1181950 1101.5
1181960 1101.5
1181970 1097.1
1181980 1092.4
1181990 1092.4
1182000 1086.6
1182010 1081.7
1182020 1081.7
1182030 1077.7
1182040 1073.8
1182050 1073.8
1182060 1069.9
1182070 1067.9
1182080 1067.9
1182090 1067.1
1182100 1066.8
1182110 1067.3
1182120 1067.3
1182130 1068.3
1182140 1068.5
1182150 1068.5
1182160 1068.9
1182170 1069.1
1182180 1069.1
1182190 1069.1
1182200 1069.2
1182210 1069.2
1182220 1069.3
1182230 1069.3
1182240 1069.3
1182250 1069.1
1182260 1068.6
1182270 1068.6
1182280 1067.2
1182290 1066.7
1182300 1066.7
1182310 1066.8
1182320 1068.1
1182330 1068.1
1182340 1070.0
1182350 1071.5
1182360 1071.5
1182370 1073.3
1182380 1075.7
1182390 1075.7
1182400 1078.1
1182410 1080.4
1182420 1080.4
1182430 1084.1
1182440 1088.0
1182450 1088.0
1182460 1090.8
1182470 1093.6
1182480 1093.6
1182490 1095.9
1182500 1097.6
1182510 1101.5
1182520 1101.5
1182530 1106.6
1182540 1112.9
1182550 1112.9
1182560 1116.9
1182570 1123.5
1182580 1123.5
1182590 1127.4
1182600 1131.6
1182610 1131.6
1182620 1136.1
1182630 1140.3
1182640 1140.3
1182650 1144.6
1182660 1147.3
1182670 1147.3
1182680 1146.2
1182690 1144.2
1182700 1144.2
1182710 1145.1
1182720 1148.6
1182730 1148.6
1182740 1154.1
1182750 1158.4
1182760 1158.4
1182770 1160.5
1182780 1161.8
1182790 1161.8
1182800 1163.2
1182810 1164.8
1182820 1164.8
1182830 1164.7
1182840 1162.7
1182850 1162.7
1182860 1159.8
1182870 1156.7
1182880 1152.4
1182890 1152.4
1182900 1148.0
1182910 1143.4
1182920 1143.4
1182930 1138.1
1182940 1131.6
1182950 1131.6
1182960 1125.3
1182970 1120.0
1182980 1120.0
1182990 1116.9
1183000 1115.8
1183010 1115.8
1183020 1114.9
1183030 1114.4
1183040 1114.4
1183050 1113.3
1183060 1111.2
1183070 1111.2
1183080 1109.7
1183090 1108.3
1183100 1108.3
1183110 1107.1
1183120 1106.7
1183130 1106.7
1183140 1104.7
1183150 1102.3
1183160 1102.3
1183170 1102.6
1183180 1104.0
1183190 1104.0
1183200 1102.1
1183210 1098.2
1183220 1098.2
1183230 1093.9
1183240 1090.9
1183250 1090.9
1183260 1088.8
1183270 1084.8
1183280 1080.0
1183290 1080.0
1183300 1076.2
1183310 1072.9
1183320 1072.9
1183330 1069.8
1183340 1066.8
1183350 1066.8
1183360 1064.3
1183370 1063.2
1183380 1063.2
1183390 1062.2
1183400 1059.8
1183410 1059.8
1183420 1056.1
1183430 1051.5
1183440 1051.5
1183450 1046.9
1183460 1043.9
1183470 1043.9
1183480 1040.8
1183490 1036.3
1183500 1036.3
1183510 1033.1
1183520 1032.1
1183530 1032.1
1183540 1031.8
1183550 1031.1
1183560 1031.1
1183570 1030.5
1183580 1030.1
1183590 1030.1
1183600 1027.4
1183610 1022.6
1183620 1022.6
1183630 1018.8
1183640 1014.6
1183650 1009.5
1183660 1009.5
1183670 1007.1
1183680 1005.0
1183690 1005.0
1183700 1001.8
1183710 999.9
1183720 999.9
1183730 995.8
1183740 990.8
1183750 990.8
1183760 986.6
1183770 983.0
1183780 983.0
1183790 979.9
1183800 976.7
1183810 976.7
1183820 973.5
1183830 969.2
1183840 969.2
1183850 966.2
1183860 961.5
1183870 961.5
1183880 957.5
1183890 956.3
1183900 956.3
1183910 956.8
1183920 958.8
1183930 958.8
1183940 961.0
1183950 963.2
1183960 963.2
1183970 965.0
1183980 964.2
1183990 964.2
1184000 963.3
1184010 963.7
1184020 963.7
1184030 966.0
1184040 968.4
1184050 969.5
1184060 969.5
1184070 966.6
1184080 962.5
1184090 962.5
1184100 958.4
1184110 952.5
1184120 952.5
1184130 944.6
1184140 937.0
1184150 937.0
1184160 929.9
1184170 922.4
1184180 922.4
1184190 915.5
1184200 909.7
1184210 909.7
1184220 904.8
1184230 900.3
1184240 900.3
1184250 895.8
1184260 891.6
1184270 890.8
1184280 886.9
1184290 884.2
1184300 884.2
1184310 881.9
1184320 879.6
1184330 879.6
1184340 877.7
1184350 876.3
1184360 876.3
1184370 875.4
1184380 875.1
1184390 875.1
1184400 875.1
1184410 875.4
1184420 876.1
1184430 876.1
1184440 877.3
1184450 878.1
1184460 878.1
1184470 878.8
1184480 880.1
1184490 880.1
1184500 881.8
1184510 884.2
1184520 884.2
1184530 887.9
1184540 891.9
1184550 891.9
1184560 896.4
1184570 902.0
1184580 902.0
1184590 909.3
1184600 919.3
1184610 919.3
1184620 933.8
1184630 946.9
1184640 946.9
1184650 951.5
1184660 952.0
1184670 952.0
1184680 950.8
1184690 948.9
1184700 949.5
1184710 949.0
1184720 951.1
1184730 951.1
1184740 954.0
1184750 954.9
1184760 954.9
1184770 956.5
1184780 958.3
1184790 959.1
1184800 959.1
1184810 959.9
1184820 959.3
1184830 959.3
1184840 958.8
1184850 957.7
1184860 957.7
1184870 952.6
1184880 949.0
1184890 949.0
1184900 947.2
1184910 945.3
1184920 945.3
1184930 942.7
1184940 941.3
1184950 941.3
1184960 941.0
1184970 942.4
1184980 942.4
1184990 945.6
1185000 949.0
1185010 949.0
1185020 950.8
1185030 951.2
1185040 951.2
1185050 950.6
1185060 949.9
1185070 949.9
1185080 949.9
1185090 950.4
1185100 950.4
1185110 950.8
1185120 947.1
1185130 947.1
1185140 946.4
1185150 945.4
1185160 945.4
1185170 945.8
1185180 947.0
1185190 947.7
1185200 947.7
1185210 948.1
1185220 948.1
1185230 948.1
1185240 947.1
1185250 945.5
1185260 945.5
1185270 943.5
1185280 940.5
1185290 940.5
1185300 938.7
1185310 939.5
1185320 939.5
1185330 940.2
1185340 939.6
1185350 939.6
1185360 939.2
1185370 938.5
1185380 938.5
1185390 936.7
1185400 935.1
1185410 935.1
1185420 933.6
1185430 931.0
1185440 931.0
1185450 929.8
1185460 930.9
1185470 930.9
1185480 931.3
1185490 928.6
1185500 928.6
1185510 925.1
1185520 921.9
1185530 921.9
1185540 919.3
1185550 915.0
1185560 913.0
1185570 913.0
1185580 911.5
1185590 910.7
1185600 910.7
1185610 912.9
1185620 917.0
1185630 917.0
1185640 920.0
1185650 921.0
1185660 921.0
1185670 919.5
1185680 919.3
1185690 919.3
1185700 924.0
1185710 926.7
1185720 926.7
1185730 927.5
1185740 931.1
1185750 931.1
1185760 933.9
1185770 934.6
1185780 934.6
1185790 937.0
1185800 938.5
1185810 938.5
1185820 938.0
1185830 935.4
1185840 935.4
1185850 932.4
1185860 932.7
1185870 932.7
1185880 933.3
1185890 931.1
1185900 931.1
1185910 925.5
1185920 921.9
1185930 921.9
1185940 922.7
1185950 922.5
1185960 923.9
1185970 923.9
1185980 929.6
1185990 931.3
1186000 931.3
1186010 931.2
1186020 930.4
1186030 930.4
1186040 927.9
1186050 925.2
1186060 925.2
1186070 923.2
1186080 918.6
1186090 918.6
1186100 911.0
1186110 903.4
1186120 903.4
1186130 896.5
1186140 892.1
1186150 892.1
1186160 890.6
1186170 887.9
1186180 887.9
1186190 884.1
1186200 880.3
1186210 880.3
1186220 876.8
1186230 873.9
1186240 873.9
1186250 870.5
1186260 867.4
1186270 867.4
1186280 866.2
1186290 864.8
1186300 864.8
1186310 863.4
1186320 862.4
1186330 865.2
1186340 865.2
1186350 867.9
1186360 871.3
1186370 871.3
1186380 875.6
1186390 878.7
1186400 878.7
1186410 881.7
1186420 882.3
1186430 882.3
1186440 883.5
1186450 885.7
1186460 885.7
1186470 888.2
1186480 891.2
1186490 891.2
1186500 894.8
1186510 897.7
1186520 897.7
1186530 901.1
1186540 906.0
1186550 906.0
1186560 911.2
1186570 913.7
1186580 913.7
1186590 915.3
1186600 914.5
1186610 914.5
1186620 912.7
1186630 911.3
1186640 911.3
1186650 908.8
1186660 907.1
1186670 907.1
1186680 909.0
1186690 911.6
1186700 911.6
1186710 909.4
1186720 905.8
1186730 903.8
1186740 903.8
1186750 902.8
1186760 901.4
1186770 901.4
1186780 900.2
1186790 900.8
1186800 900.8
1186810 901.9
1186820 905.5
1186830 905.5
1186840 909.1
1186850 913.6
1186860 913.6
1186870 913.6
1186880 911.5
1186890 911.5
1186900 910.7
1186910 908.7
1186920 908.7
1186930 905.1
1186940 900.0
1186950 900.0
1186960 895.6
1186970 896.2
1186980 896.2
1186990 898.2
1187000 898.3
1187010 898.3
1187020 897.9
1187030 893.9
1187040 893.9
1187050 891.8
1187060 891.8
1187070 891.8
1187080 891.5
1187090 889.8
1187100 886.3
1187110 886.3
1187120 881.8
1187130 880.4
1187140 880.4
1187150 877.3
1187160 875.5
1187170 875.5
1187180 875.4
1187190 876.0
1187200 876.0
1187210 878.2
1187220 880.0
1187230 880.0
1187240 879.1
1187250 876.8
1187260 876.8
1187270 869.2
1187280 870.0
1187290 870.0
1187300 870.4
1187310 869.6
1187320 869.6
1187330 867.4
1187340 864.9
1187350 864.9
1187360 865.2
1187370 866.0
1187380 866.0
1187390 866.1
1187400 867.1
1187410 867.1
1187420 866.5
1187430 863.1
1187440 863.1
1187450 860.9
1187460 859.7
1187470 859.7
1187480 858.3
1187490 857.3
1187500 857.4
1187510 857.4
1187520 857.5
1187530 857.7
1187540 857.7
1187550 858.8
1187560 859.7
1187570 859.7
1187580 861.7
1187590 863.8
1187600 863.8
1187610 863.0
1187620 859.1
1187630 859.1
1187640 853.8
1187650 850.9
1187660 850.9
1187670 850.8
1187680 852.1
1187690 852.1
1187700 855.5
1187710 857.4
1187720 857.4
1187730 859.1
1187740 858.9
1187750 858.9
1187760 858.2
1187770 861.1
1187780 861.1
1187790 862.7
1187800 863.8
1187810 863.8
1187820 864.7
1187830 863.0
1187840 863.0
1187850 859.4
1187860 854.7
1187870 852.6
1187880 852.6
1187890 852.5
1187900 850.5
1187910 850.5
1187920 849.0
1187930 847.4
1187940 847.4
1187950 845.9
1187960 845.2
1187970 845.2
1187980 844.4
1187990 845.2
1188000 845.2
1188010 846.3
1188020 846.3
1188030 846.3
1188040 844.2
1188050 843.4
1188060 843.4
1188070 845.2
1188080 849.5
1188090 849.5
1188100 854.5
1188110 856.9
1188120 856.9
1188130 849.6
1188140 846.6
1188150 846.6
1188160 843.4
1188170 840.8
1188180 840.8
1188190 838.9
1188200 837.6
1188210 837.6
1188220 836.7
1188230 835.5
1188240 835.7
1188250 835.7
1188260 836.3
1188270 836.6
1188280 836.6
1188290 836.7
1188300 836.9
1188310 836.9
1188320 837.2
1188330 836.5
1188340 836.5
1188350 835.4
1188360 834.4
1188370 834.4
1188380 833.6
1188390 832.4
1188400 832.4
1188410 831.2
1188420 830.7
1188430 830.7
1188440 830.3
1188450 829.7
1188460 829.7
1188470 828.6
1188480 827.7
1188490 827.7
1188500 826.3
1188510 824.7
1188520 824.7
1188530 823.2
1188540 821.2
1188550 821.2
1188560 814.3
1188570 813.1
1188580 813.1
1188590 812.5
1188600 812.8
1188610 812.8
1188620 813.9
1188630 814.7
1188640 815.4
1188650 815.4
1188660 815.6
1188670 816.4
1188680 816.4
1188690 816.5
1188700 815.3
1188710 815.3
1188720 813.8
1188730 813.7
1188740 813.7
1188750 813.5
